,actionDetail,actionType,bonusActivated,graphEdgeCount,nodeList,p1Degree,p1Score,p1WinAdvantage,p1WinCount,p2Degree,p2Score,p2WinCount,player
0,"(2,1)",,True,2,"[2, 15, 10, 1, 12]",0,-0.001,-1,0,1,0.0,1,1
1,"(2,1)",,True,2,"[2, 15, 10, 1, 12]",0,-0.001,-1,0,1,0.0,1,1
2,"(1,11)",,True,4,"[1, 11, 9, 18, 8]",1,0.0,-2,0,2,0.005847953216374001,2,1
3,"(1,11)",,True,4,"[1, 11, 9, 18, 8]",1,0.0,-2,0,2,0.005847953216374001,2,1
4,13:2,assassinate,True,4,"[18, 12, 3, 13, 7]",1,0.0,-3,0,2,0.005847953216374001,3,1
5,13:2,assassinate,True,4,"[18, 12, 3, 13, 7]",1,0.0,-3,0,2,0.005847953216374001,3,1
6,14:2,assassinate,True,4,"[14, 13, 16, 7, 8]",2,0.005847953216374001,-2,1,2,0.005847953216374001,3,1
7,14:2,assassinate,True,4,"[14, 13, 16, 7, 8]",2,0.005847953216374001,-2,1,2,0.005847953216374001,3,1
8,"(14,13)",,True,6,"[14, 13, 8, 3, 16]",2,0.011695906432748001,0,3,2,0.005847953216374001,3,1
9,"(14,13)",,True,6,"[14, 13, 8, 3, 16]",2,0.011695906432748001,0,3,2,0.005847953216374001,3,1
10,13:4,assassinate,True,5,"[16, 5, 7, 2, 13]",2,0.011695906432748001,2,5,2,0.005847953216374001,3,1
11,13:4,assassinate,True,5,"[16, 5, 7, 2, 13]",2,0.011695906432748001,2,5,2,0.005847953216374001,3,1
12,19:2,assassinate,True,5,"[2, 19, 12, 5, 16]",2,0.005847953216374001,4,7,2,0.0,3,1
13,19:2,assassinate,True,5,"[2, 19, 12, 5, 16]",2,0.005847953216374001,4,7,2,0.0,3,1
14,"(9,8)",,True,7,"[9, 8, 17, 13, 18]",2,0.005847953216374001,6,9,2,0.0,3,1
15,"(9,8)",,True,7,"[9, 8, 17, 13, 18]",2,0.005847953216374001,6,9,2,0.0,3,1
16,15:2,assassinate,True,7,"[10, 18, 9, 14, 15]",2,0.017543859649122,8,11,2,0.0,3,1
17,15:2,assassinate,True,7,"[10, 18, 9, 14, 15]",2,0.017543859649122,8,11,2,0.0,3,1
18,8:6,assassinate,True,5,"[8, 11, 15, 14, 5]",2,0.017543859649122,10,13,2,0.0,3,1
19,8:6,assassinate,True,5,"[8, 11, 15, 14, 5]",2,0.017543859649122,10,13,2,0.0,3,1
20,"(16,15)",,True,7,"[16, 15, 5, 12, 17]",3,0.040935672514619006,12,15,2,0.0,3,1
21,"(16,15)",,True,7,"[16, 15, 5, 12, 17]",3,0.040935672514619006,12,15,2,0.0,3,1
22,4:2,assassinate,True,7,"[8, 6, 15, 13, 4]",2,0.023391812865497002,14,17,2,0.0,3,1
23,4:2,assassinate,True,7,"[8, 6, 15, 13, 4]",2,0.023391812865497002,14,17,2,0.0,3,1
24,"(4,1)",,True,9,"[7, 4, 17, 1, 18]",3,0.035087719298245,16,19,3,0.011695906432748001,3,1
25,"(4,1)",,True,9,"[7, 4, 17, 1, 18]",3,0.035087719298245,16,19,3,0.011695906432748001,3,1
26,"(1,18)",,True,11,"[0, 3, 1, 18, 10]",3,0.046783625730994004,16,20,4,0.08187134502923901,4,1
27,"(1,18)",,True,11,"[0, 3, 1, 18, 10]",3,0.046783625730994004,16,20,4,0.08187134502923901,4,1
28,"(9,8)",,True,13,"[14, 17, 9, 15, 8]",3,0.05847953216374201,14,20,4,0.15204678362573001,6,1
29,"(9,8)",,True,13,"[14, 17, 9, 15, 8]",3,0.05847953216374201,14,20,4,0.15204678362573001,6,1
30,"(10,1)",,True,13,"[10, 17, 1, 19, 7]",3,0.067251461988304,12,20,4,0.207602339181286,8,1
31,"(10,1)",,True,13,"[10, 17, 1, 19, 7]",3,0.067251461988304,12,20,4,0.207602339181286,8,1
32,"(5,15)",,True,13,"[5, 15, 9, 17, 3]",3,0.049707602339181006,10,20,4,0.08479532163742601,10,1
33,"(5,15)",,True,13,"[5, 15, 9, 17, 3]",3,0.049707602339181006,10,20,4,0.08479532163742601,10,1
34,"(5,1)",,True,15,"[0, 7, 5, 1, 12]",3,0.08479532163742601,8,20,5,0.36549707602339104,12,1
35,"(5,1)",,True,15,"[0, 7, 5, 1, 12]",3,0.08479532163742601,8,20,5,0.36549707602339104,12,1
36,16:4,assassinate,True,14,"[4, 16, 1, 18, 7]",3,0.078947368421052,6,20,5,0.318713450292397,14,1
37,16:4,assassinate,True,14,"[4, 16, 1, 18, 7]",3,0.078947368421052,6,20,5,0.318713450292397,14,1
38,"(13,1)",,True,16,"[5, 13, 15, 1, 11]",4,0.11988304093567201,4,20,6,0.21929824561403502,16,1
39,"(13,1)",,True,16,"[5, 13, 15, 1, 11]",4,0.11988304093567201,4,20,6,0.21929824561403502,16,1
40,19:4,assassinate,True,15,"[5, 19, 16, 14, 10]",3,0.049707602339181006,2,20,6,0.207602339181286,18,1
41,19:4,assassinate,True,15,"[5, 19, 16, 14, 10]",3,0.049707602339181006,2,20,6,0.207602339181286,18,1
42,"(2,9)",,True,14,"[2, 3, 9, 0, 18]",3,0.08187134502923901,0,20,4,0.14619883040935602,20,1
43,"(2,9)",,True,14,"[2, 3, 9, 0, 18]",3,0.08187134502923901,0,20,4,0.14619883040935602,20,1
44,"(17,10)",,True,16,"[17, 10, 14, 4, 7]",4,0.114035087719298,-1,20,4,0.17251461988304,21,1
45,"(17,10)",,True,16,"[17, 10, 14, 4, 7]",4,0.114035087719298,-1,20,4,0.17251461988304,21,1
46,"(0,18)",,True,16,"[15, 0, 18, 13, 16]",3,0.087719298245614,-1,21,4,0.20175438596491202,22,1
47,"(0,18)",,True,16,"[15, 0, 18, 13, 16]",3,0.087719298245614,-1,21,4,0.20175438596491202,22,1
48,"(6,1)",,True,18,"[6, 1, 16, 9, 17]",3,0.09844054580896601,-3,21,5,0.17933723196881002,24,1
49,"(6,1)",,True,18,"[6, 1, 16, 9, 17]",3,0.09844054580896601,-3,21,5,0.17933723196881002,24,1
50,"(5,0)",,True,18,"[7, 5, 0, 8, 16]",3,0.096491228070175,-5,21,5,0.20467836257309902,26,1
51,"(5,0)",,True,18,"[7, 5, 0, 8, 16]",3,0.096491228070175,-5,21,5,0.20467836257309902,26,1
52,"(19,1)",,True,20,"[19, 11, 15, 13, 1]",3,0.10233918128654901,-7,21,6,0.258284600389863,28,1
53,"(19,1)",,True,20,"[19, 11, 15, 13, 1]",3,0.10233918128654901,-7,21,6,0.258284600389863,28,1
54,"(6,14)",,True,20,"[9, 2, 6, 3, 14]",3,0.17446393762183202,-9,21,5,0.258284600389863,30,1
55,"(6,14)",,True,20,"[9, 2, 6, 3, 14]",3,0.17446393762183202,-9,21,5,0.258284600389863,30,1
56,"(0,18)",,True,20,"[5, 14, 15, 0, 18]",2,0.087719298245614,-11,21,5,0.17251461988304,32,1
57,"(0,18)",,True,20,"[5, 14, 15, 0, 18]",2,0.087719298245614,-11,21,5,0.17251461988304,32,1
58,10:10,assassinate,True,16,"[10, 11, 12, 9, 17]",2,0.08187134502923901,-13,21,4,0.269005847953216,34,1
59,10:10,assassinate,True,16,"[10, 11, 12, 9, 17]",2,0.08187134502923901,-13,21,4,0.269005847953216,34,1
60,"(0,11)",,True,16,"[1, 0, 11, 10, 12]",2,0.08187134502923901,-15,21,4,0.36257309941520405,36,1
61,"(0,11)",,True,16,"[1, 0, 11, 10, 12]",2,0.08187134502923901,-15,21,4,0.36257309941520405,36,1
62,4:4,assassinate,True,15,"[11, 10, 7, 4, 5]",1,0.0,-17,21,4,0.29824561403508704,38,1
63,4:4,assassinate,True,15,"[11, 10, 7, 4, 5]",1,0.0,-17,21,4,0.29824561403508704,38,1
64,2:4,assassinate,True,14,"[14, 5, 10, 13, 2]",2,0.020467836257309,-19,21,4,0.29532163742690004,40,1
65,2:4,assassinate,True,14,"[14, 5, 10, 13, 2]",2,0.020467836257309,-19,21,4,0.29532163742690004,40,1
66,"(14,0)",,True,14,"[15, 10, 14, 5, 0]",1,0.0,-21,21,4,0.210526315789473,42,1
67,"(14,0)",,True,14,"[15, 10, 14, 5, 0]",1,0.0,-21,21,4,0.210526315789473,42,1
68,"(7,1)",,True,16,"[15, 0, 7, 13, 1]",1,0.0,-23,21,5,0.269005847953216,44,1
69,"(7,1)",,True,16,"[15, 0, 7, 13, 1]",1,0.0,-23,21,5,0.269005847953216,44,1
70,"(19,16)",,True,18,"[19, 16, 3, 4, 8]",2,0.087719298245614,-25,21,5,0.35964912280701705,46,1
71,"(19,16)",,True,18,"[19, 16, 3, 4, 8]",2,0.087719298245614,-25,21,5,0.35964912280701705,46,1
72,"(19,0)",,True,20,"[19, 7, 0, 6, 18]",4,0.105263157894736,-27,21,5,0.32456140350877105,48,1
73,"(19,0)",,True,20,"[19, 7, 0, 6, 18]",4,0.105263157894736,-27,21,5,0.32456140350877105,48,1
74,"(6,7)",,True,20,"[19, 6, 0, 7, 16]",4,0.16959064327485301,-29,21,5,0.33040935672514604,50,1
75,"(6,7)",,True,20,"[19, 6, 0, 7, 16]",4,0.16959064327485301,-29,21,5,0.33040935672514604,50,1
76,12:2,assassinate,True,20,"[14, 10, 12, 17, 4]",3,0.08187134502923901,-31,21,5,0.21929824561403502,52,1
77,12:2,assassinate,True,20,"[14, 10, 12, 17, 4]",3,0.08187134502923901,-31,21,5,0.21929824561403502,52,1
78,"(2,1)",,True,22,"[2, 18, 5, 1, 15]",3,0.087719298245614,-33,21,6,0.269005847953216,54,1
79,"(2,1)",,True,22,"[2, 18, 5, 1, 15]",3,0.087719298245614,-33,21,6,0.269005847953216,54,1
80,"(10,2)",,True,24,"[10, 7, 18, 2, 6]",3,0.09356725146198801,-35,21,6,0.33040935672514604,56,1
81,"(10,2)",,True,24,"[10, 7, 18, 2, 6]",3,0.09356725146198801,-35,21,6,0.33040935672514604,56,1
82,9:10,assassinate,True,20,"[9, 18, 3, 19, 0]",3,0.087719298245614,-37,21,6,0.47953216374269003,58,1
83,9:10,assassinate,True,20,"[9, 18, 3, 19, 0]",3,0.087719298245614,-37,21,6,0.47953216374269003,58,1
84,"(12,10)",,True,20,"[17, 12, 14, 10, 16]",3,0.08187134502923901,-39,21,5,0.385964912280701,60,1
85,"(12,10)",,True,20,"[17, 12, 14, 10, 16]",3,0.08187134502923901,-39,21,5,0.385964912280701,60,1
86,"(1,9)",,True,22,"[7, 11, 18, 1, 9]",4,0.16179337231968802,-41,21,6,0.38693957115009703,62,1
87,"(1,9)",,True,22,"[7, 11, 18, 1, 9]",4,0.16179337231968802,-41,21,6,0.38693957115009703,62,1
88,"(6,11)",,True,22,"[6, 11, 19, 12, 3]",4,0.150097465886939,-43,21,6,0.45126705653021404,64,1
89,"(6,11)",,True,22,"[6, 11, 19, 12, 3]",4,0.150097465886939,-43,21,6,0.45126705653021404,64,1
90,"(15,9)",,True,24,"[15, 9, 19, 8, 6]",4,0.177387914230019,-45,21,6,0.513157894736842,66,1
91,"(15,9)",,True,24,"[15, 9, 19, 8, 6]",4,0.177387914230019,-45,21,6,0.513157894736842,66,1
92,3:2,assassinate,True,24,"[5, 6, 3, 18, 11]",3,0.10428849902534101,-47,21,6,0.37037037037037,68,1
93,3:2,assassinate,True,24,"[5, 6, 3, 18, 11]",3,0.10428849902534101,-47,21,6,0.37037037037037,68,1
94,12:6,assassinate,True,23,"[5, 11, 2, 12, 9]",4,0.09307992202729001,-49,21,6,0.37943469785575,70,1
95,12:6,assassinate,True,23,"[5, 11, 2, 12, 9]",4,0.09307992202729001,-49,21,6,0.37943469785575,70,1
96,13:4,assassinate,True,22,"[13, 14, 19, 3, 5]",4,0.060428849902534006,-51,21,6,0.32456140350877105,72,1
97,13:4,assassinate,True,22,"[13, 14, 19, 3, 5]",4,0.060428849902534006,-51,21,6,0.32456140350877105,72,1
98,"(3,18)",,True,22,"[3, 0, 12, 18, 7]",4,0.060428849902534006,-53,21,5,0.223196881091617,74,1
99,"(3,18)",,True,22,"[3, 0, 12, 18, 7]",4,0.060428849902534006,-53,21,5,0.223196881091617,74,1
100,14:6,assassinate,True,18,"[12, 5, 14, 19, 4]",3,0.010721247563352,-55,21,5,0.17933723196881002,76,1
101,14:6,assassinate,True,18,"[12, 5, 14, 19, 4]",3,0.010721247563352,-55,21,5,0.17933723196881002,76,1
102,"(2,7)",,True,20,"[5, 2, 13, 14, 7]",3,0.010721247563352,-57,21,5,0.290448343079922,78,1
103,"(2,7)",,True,20,"[5, 2, 13, 14, 7]",3,0.010721247563352,-57,21,5,0.290448343079922,78,1
104,"(4,1)",,True,22,"[4, 10, 19, 6, 1]",3,0.013645224171539001,-59,21,6,0.273879142300194,80,1
105,"(4,1)",,True,22,"[4, 10, 19, 6, 1]",3,0.013645224171539001,-59,21,6,0.273879142300194,80,1
106,"(14,1)",,True,22,"[14, 10, 17, 1, 3]",3,0.020467836257309,-61,21,6,0.290448343079922,82,1
107,"(14,1)",,True,22,"[14, 10, 17, 1, 3]",3,0.020467836257309,-61,21,6,0.290448343079922,82,1
108,"(10,8)",,True,22,"[10, 12, 6, 8, 14]",3,0.017543859649122,-63,21,6,0.35964912280701705,84,1
109,"(10,8)",,True,22,"[10, 12, 6, 8, 14]",3,0.017543859649122,-63,21,6,0.35964912280701705,84,1
110,"(0,9)",,True,23,"[0, 4, 9, 13, 10]",2,0.0,-65,21,6,0.223196881091617,86,1
111,"(0,9)",,True,23,"[0, 4, 9, 13, 10]",2,0.0,-65,21,6,0.223196881091617,86,1
112,"(15,18)",,True,25,"[6, 12, 15, 18, 13]",3,0.06968810916179301,-67,21,6,0.23050682261208502,88,1
113,"(15,18)",,True,25,"[6, 12, 15, 18, 13]",3,0.06968810916179301,-67,21,6,0.23050682261208502,88,1
114,"(11,14)",,True,26,"[11, 14, 15, 0, 17]",3,0.10721247563352801,-69,21,6,0.262183235867446,90,1
115,"(11,14)",,True,26,"[11, 14, 15, 0, 17]",3,0.10721247563352801,-69,21,6,0.262183235867446,90,1
116,6:8,assassinate,True,21,"[19, 14, 6, 11, 8]",3,0.08479532163742601,-69,22,4,0.10818713450292301,91,1
117,6:8,assassinate,True,21,"[19, 14, 6, 11, 8]",3,0.08479532163742601,-69,22,4,0.10818713450292301,91,1
118,3:4,assassinate,True,20,"[15, 3, 18, 4, 14]",3,0.078947368421052,-67,24,4,0.075048732943469,91,1
119,3:4,assassinate,True,20,"[15, 3, 18, 4, 14]",3,0.078947368421052,-67,24,4,0.075048732943469,91,1
120,"(10,19)",,True,22,"[15, 10, 19, 16, 12]",3,0.05214424951267001,-67,25,4,0.07553606237816701,92,1
121,"(10,19)",,True,22,"[15, 10, 19, 16, 12]",3,0.05214424951267001,-67,25,4,0.07553606237816701,92,1
122,8:10,assassinate,True,17,"[5, 8, 15, 16, 11]",2,0.0014619883040930001,-67,26,3,0.008771929824561,93,1
123,8:10,assassinate,True,17,"[5, 8, 15, 16, 11]",2,0.0014619883040930001,-67,26,3,0.008771929824561,93,1
124,"(13,7)",,True,19,"[13, 7, 19, 18, 6]",3,0.059941520467836004,-65,28,3,0.035087719298245,93,1
125,"(13,7)",,True,19,"[13, 7, 19, 18, 6]",3,0.059941520467836004,-65,28,3,0.035087719298245,93,1
126,"(9,1)",,True,21,"[9, 1, 11, 12, 10]",3,0.08099415204678301,-65,29,4,0.205263157894736,94,1
127,"(9,1)",,True,21,"[9, 1, 11, 12, 10]",3,0.08099415204678301,-65,29,4,0.205263157894736,94,1
128,"(16,14)",,True,23,"[0, 17, 16, 6, 14]",3,0.092690058479532,-67,29,4,0.14191033138401501,96,1
129,"(16,14)",,True,23,"[0, 17, 16, 6, 14]",3,0.092690058479532,-67,29,4,0.14191033138401501,96,1
130,13:6,assassinate,True,21,"[12, 13, 3, 10, 4]",3,0.16520467836257302,-67,30,4,0.33040935672514604,97,1
131,13:6,assassinate,True,21,"[12, 13, 3, 10, 4]",3,0.16520467836257302,-67,30,4,0.33040935672514604,97,1
132,16:8,assassinate,True,18,"[0, 1, 16, 13, 3]",3,0.130604288499025,-67,31,4,0.242690058479532,98,1
133,16:8,assassinate,True,18,"[0, 1, 16, 13, 3]",3,0.130604288499025,-67,31,4,0.242690058479532,98,1
134,"(10,0)",,True,20,"[10, 7, 15, 5, 0]",4,0.194931773879142,-69,31,4,0.271929824561403,100,1
135,"(10,0)",,True,20,"[10, 7, 15, 5, 0]",4,0.194931773879142,-69,31,4,0.271929824561403,100,1
136,"(1,3)",,True,22,"[16, 0, 13, 1, 3]",4,0.045808966861598,-69,32,5,0.18615984405458003,101,1
137,"(1,3)",,True,22,"[16, 0, 13, 1, 3]",4,0.045808966861598,-69,32,5,0.18615984405458003,101,1
138,4:8,assassinate,True,19,"[19, 4, 16, 3, 7]",5,0.122807017543859,-71,32,4,0.29532163742690004,103,1
139,4:8,assassinate,True,19,"[19, 4, 16, 3, 7]",5,0.122807017543859,-71,32,4,0.29532163742690004,103,1
140,6:4,assassinate,True,18,"[13, 18, 7, 14, 6]",4,0.046783625730994004,-71,33,4,0.26608187134502903,104,1
141,6:4,assassinate,True,18,"[13, 18, 7, 14, 6]",4,0.046783625730994004,-71,33,4,0.26608187134502903,104,1
142,"(11,1)",,True,20,"[17, 8, 11, 1, 6]",4,0.08187134502923901,-73,33,5,0.26705653021442405,106,1
143,"(11,1)",,True,20,"[17, 8, 11, 1, 6]",4,0.08187134502923901,-73,33,5,0.26705653021442405,106,1
144,"(17,7)",,True,22,"[12, 3, 6, 17, 7]",5,0.12670565302144202,-75,33,5,0.21637426900584703,108,1
145,"(17,7)",,True,22,"[12, 3, 6, 17, 7]",5,0.12670565302144202,-75,33,5,0.21637426900584703,108,1
146,"(11,13)",,True,22,"[19, 18, 11, 13, 4]",5,0.164717348927875,-73,35,4,0.162768031189083,108,1
147,"(11,13)",,True,22,"[19, 18, 11, 13, 4]",5,0.164717348927875,-73,35,4,0.162768031189083,108,1
148,10:8,assassinate,True,19,"[19, 15, 14, 8, 10]",4,0.11598440545808901,-73,36,4,0.22612085769980503,109,1
149,10:8,assassinate,True,19,"[19, 15, 14, 8, 10]",4,0.11598440545808901,-73,36,4,0.22612085769980503,109,1
150,17:4,assassinate,True,16,"[17, 6, 1, 9, 15]",4,0.251461988304093,-71,38,3,0.21637426900584703,109,1
151,17:4,assassinate,True,16,"[17, 6, 1, 9, 15]",4,0.251461988304093,-71,38,3,0.21637426900584703,109,1
152,19:6,assassinate,True,14,"[12, 7, 9, 19, 5]",3,0.21637426900584703,-69,40,2,0.18713450292397601,109,1
153,19:6,assassinate,True,14,"[12, 7, 9, 19, 5]",3,0.21637426900584703,-69,40,2,0.18713450292397601,109,1
154,14:4,assassinate,True,13,"[8, 14, 12, 18, 11]",2,0.20467836257309902,-67,42,2,0.18713450292397601,109,1
155,14:4,assassinate,True,13,"[8, 14, 12, 18, 11]",2,0.20467836257309902,-67,42,2,0.18713450292397601,109,1
156,"(15,11)",,True,15,"[18, 16, 15, 12, 11]",2,0.052631578947368,-67,43,2,0.09356725146198801,110,1
157,"(15,11)",,True,15,"[18, 16, 15, 12, 11]",2,0.052631578947368,-67,43,2,0.09356725146198801,110,1
158,"(1,13)",,True,15,"[1, 7, 13, 16, 0]",2,0.017543859649122,-67,44,3,0.157894736842105,111,1
159,"(1,13)",,True,15,"[1, 7, 13, 16, 0]",2,0.017543859649122,-67,44,3,0.157894736842105,111,1
160,"(11,8)",,True,17,"[19, 11, 5, 17, 8]",3,0.06432748538011601,-69,44,3,0.11695906432748501,113,1
161,"(11,8)",,True,17,"[19, 11, 5, 17, 8]",3,0.06432748538011601,-69,44,3,0.11695906432748501,113,1
162,"(11,15)",,True,15,"[11, 15, 17, 18, 3]",3,0.09941520467836201,-67,46,2,0.052631578947368,113,1
163,"(11,15)",,True,15,"[11, 15, 17, 18, 3]",3,0.09941520467836201,-67,46,2,0.052631578947368,113,1
164,"(5,1)",,True,17,"[4, 14, 5, 18, 1]",3,0.134502923976608,-67,47,3,0.178362573099415,114,1
165,"(5,1)",,True,17,"[4, 14, 5, 18, 1]",3,0.134502923976608,-67,47,3,0.178362573099415,114,1
166,"(8,16)",,True,19,"[14, 6, 5, 8, 16]",3,0.061793372319688004,-67,48,3,0.19590643274853803,115,1
167,"(8,16)",,True,19,"[14, 6, 5, 8, 16]",3,0.061793372319688004,-67,48,3,0.19590643274853803,115,1
168,3:4,assassinate,True,18,"[4, 3, 8, 11, 5]",2,0.034113060428849006,-69,48,3,0.175438596491228,117,1
169,3:4,assassinate,True,18,"[4, 3, 8, 11, 5]",2,0.034113060428849006,-69,48,3,0.175438596491228,117,1
170,"(2,13)",,True,18,"[10, 2, 13, 6, 3]",2,0.011695906432748001,-71,48,3,0.175438596491228,119,1
171,"(2,13)",,True,18,"[10, 2, 13, 6, 3]",2,0.011695906432748001,-71,48,3,0.175438596491228,119,1
172,"(1,14)",,True,20,"[11, 1, 16, 7, 14]",2,0.029239766081871003,-73,48,4,0.14912280701754302,121,1
173,"(1,14)",,True,20,"[11, 1, 16, 7, 14]",2,0.029239766081871003,-73,48,4,0.14912280701754302,121,1
174,"(12,5)",,True,22,"[7, 12, 5, 17, 19]",2,0.040935672514619006,-75,48,4,0.20175438596491202,123,1
175,"(12,5)",,True,22,"[7, 12, 5, 17, 19]",2,0.040935672514619006,-75,48,4,0.20175438596491202,123,1
176,4:8,assassinate,True,19,"[4, 6, 11, 13, 7]",2,0.005847953216374001,-77,48,4,0.286549707602339,125,1
177,4:8,assassinate,True,19,"[4, 6, 11, 13, 7]",2,0.005847953216374001,-77,48,4,0.286549707602339,125,1
178,"(15,3)",,True,21,"[15, 12, 2, 9, 3]",3,0.09356725146198801,-79,48,4,0.380116959064327,127,1
179,"(15,3)",,True,21,"[15, 12, 2, 9, 3]",3,0.09356725146198801,-79,48,4,0.380116959064327,127,1
180,"(5,13)",,True,21,"[1, 12, 5, 13, 16]",3,0.09356725146198801,-81,48,4,0.380116959064327,129,1
181,"(5,13)",,True,21,"[1, 12, 5, 13, 16]",3,0.09356725146198801,-81,48,4,0.380116959064327,129,1
182,"(19,13)",,True,23,"[19, 2, 14, 13, 18]",3,0.101364522417153,-83,48,4,0.197855750487329,131,1
183,"(19,13)",,True,23,"[19, 2, 14, 13, 18]",3,0.101364522417153,-83,48,4,0.197855750487329,131,1
184,"(8,7)",,True,25,"[8, 7, 14, 19, 0]",3,0.09064327485380101,-85,48,4,0.13157894736842102,133,1
185,"(8,7)",,True,25,"[8, 7, 14, 19, 0]",3,0.09064327485380101,-85,48,4,0.13157894736842102,133,1
186,6:2,assassinate,True,25,"[6, 18, 12, 5, 14]",3,0.09064327485380101,-85,49,4,0.13157894736842102,134,1
187,6:2,assassinate,True,25,"[6, 18, 12, 5, 14]",3,0.09064327485380101,-85,49,4,0.13157894736842102,134,1
188,8:10,assassinate,True,22,"[8, 3, 0, 2, 14]",3,0.08479532163742601,-87,49,4,0.11793372319688102,136,1
189,8:10,assassinate,True,22,"[8, 3, 0, 2, 14]",3,0.08479532163742601,-87,49,4,0.11793372319688102,136,1
190,"(4,0)",,True,22,"[4, 7, 10, 0, 11]",2,0.0029239766081870003,-87,50,4,0.053606237816764005,137,1
191,"(4,0)",,True,22,"[4, 7, 10, 0, 11]",2,0.0029239766081870003,-87,50,4,0.053606237816764005,137,1
192,"(6,8)",,True,22,"[6, 8, 5, 10, 4]",2,0.0029239766081870003,-87,50,3,0.0029239766081870003,137,1
193,"(6,8)",,True,22,"[6, 8, 5, 10, 4]",2,0.0029239766081870003,-87,50,3,0.0029239766081870003,137,1
194,"(1,10)",,True,24,"[19, 11, 3, 1, 10]",3,0.09064327485380101,-86,51,4,0.09064327485380101,137,1
195,"(1,10)",,True,24,"[19, 11, 3, 1, 10]",3,0.09064327485380101,-86,51,4,0.09064327485380101,137,1
196,"(1,8)",,True,26,"[1, 18, 5, 12, 8]",3,0.10233918128654901,-87,51,5,0.277777777777777,138,1
197,"(1,8)",,True,26,"[1, 18, 5, 12, 8]",3,0.10233918128654901,-87,51,5,0.277777777777777,138,1
198,"(17,0)",,True,26,"[5, 17, 0, 9, 6]",2,0.0029239766081870003,-89,51,5,0.16569200779727,140,1
199,"(17,0)",,True,26,"[5, 17, 0, 9, 6]",2,0.0029239766081870003,-89,51,5,0.16569200779727,140,1
200,13:16,assassinate,True,19,"[17, 16, 13, 4, 5]",2,0.0029239766081870003,-91,51,4,0.210526315789473,142,1
201,13:16,assassinate,True,19,"[17, 16, 13, 4, 5]",2,0.0029239766081870003,-91,51,4,0.210526315789473,142,1
202,"(17,14)",,True,19,"[17, 7, 14, 9, 4]",2,0.0029239766081870003,-93,51,4,0.26315789473684204,144,1
203,"(17,14)",,True,19,"[17, 7, 14, 9, 4]",2,0.0029239766081870003,-93,51,4,0.26315789473684204,144,1
204,"(10,11)",,True,21,"[3, 10, 9, 14, 11]",2,0.0029239766081870003,-95,51,4,0.36257309941520405,146,1
205,"(10,11)",,True,21,"[3, 10, 9, 14, 11]",2,0.0029239766081870003,-95,51,4,0.36257309941520405,146,1
206,"(1,16)",,True,24,"[12, 1, 3, 16, 4]",2,0.011695906432748001,-97,51,5,0.17592592592592501,148,1
207,"(1,16)",,True,24,"[12, 1, 3, 16, 4]",2,0.011695906432748001,-97,51,5,0.17592592592592501,148,1
208,2:6,assassinate,True,22,"[5, 2, 0, 9, 19]",1,0.0,-99,51,5,0.164717348927875,150,1
209,2:6,assassinate,True,22,"[5, 2, 0, 9, 19]",1,0.0,-99,51,5,0.164717348927875,150,1
210,"(2,8)",,True,24,"[2, 15, 0, 8, 3]",1,0.0,-101,51,5,0.190058479532163,152,1
211,"(2,8)",,True,24,"[2, 15, 0, 8, 3]",1,0.0,-101,51,5,0.190058479532163,152,1
212,"(17,3)",,True,26,"[17, 12, 16, 3, 4]",2,0.029239766081871003,-103,51,5,0.19590643274853803,154,1
213,"(17,3)",,True,26,"[17, 12, 16, 3, 4]",2,0.029239766081871003,-103,51,5,0.19590643274853803,154,1
214,18:12,assassinate,True,21,"[5, 7, 18, 9, 12]",2,0.043859649122807,-105,51,5,0.24463937621832302,156,1
215,18:12,assassinate,True,21,"[5, 7, 18, 9, 12]",2,0.043859649122807,-105,51,5,0.24463937621832302,156,1
216,"(9,13)",,True,23,"[9, 13, 12, 11, 3]",2,0.038011695906432004,-107,51,5,0.25341130604288503,158,1
217,"(9,13)",,True,23,"[9, 13, 12, 11, 3]",2,0.038011695906432004,-107,51,5,0.25341130604288503,158,1
218,15:8,assassinate,True,21,"[9, 5, 17, 15, 3]",4,0.130604288499025,-109,51,5,0.23489278752436601,160,1
219,15:8,assassinate,True,21,"[9, 5, 17, 15, 3]",4,0.130604288499025,-109,51,5,0.23489278752436601,160,1
220,4:2,assassinate,True,19,"[13, 16, 10, 4, 3]",3,0.048732943469785,-109,52,4,0.077972709551656,161,1
221,4:2,assassinate,True,19,"[13, 16, 10, 4, 3]",3,0.048732943469785,-109,52,4,0.077972709551656,161,1
222,"(1,17)",,True,19,"[14, 4, 1, 17, 19]",3,0.038011695906432004,-109,53,5,0.155945419103313,162,1
223,"(1,17)",,True,19,"[14, 4, 1, 17, 19]",3,0.038011695906432004,-109,53,5,0.155945419103313,162,1
224,"(14,15)",,True,22,"[19, 14, 0, 15, 3]",3,0.12865497076023302,-111,53,5,0.21442495126705602,164,1
225,"(14,15)",,True,22,"[19, 14, 0, 15, 3]",3,0.12865497076023302,-111,53,5,0.21442495126705602,164,1
226,14:8,assassinate,True,17,"[17, 5, 14, 7, 19]",3,0.245614035087719,-111,54,4,0.280701754385964,165,1
227,14:8,assassinate,True,17,"[17, 5, 14, 7, 19]",3,0.245614035087719,-111,54,4,0.280701754385964,165,1
228,"(9,19)",,True,20,"[11, 5, 12, 9, 19]",3,0.159844054580896,-111,55,4,0.16520467836257302,166,1
229,"(9,19)",,True,20,"[11, 5, 12, 9, 19]",3,0.159844054580896,-111,55,4,0.16520467836257302,166,1
230,"(12,8)",,True,22,"[16, 12, 17, 4, 8]",4,0.22348927875243602,-111,56,4,0.24113060428849903,167,1
231,"(12,8)",,True,22,"[16, 12, 17, 4, 8]",4,0.22348927875243602,-111,56,4,0.24113060428849903,167,1
232,"(15,1)",,True,24,"[8, 15, 18, 7, 1]",4,0.23664717348927802,-113,56,5,0.33372319688109103,169,1
233,"(15,1)",,True,24,"[8, 15, 18, 7, 1]",4,0.23664717348927802,-113,56,5,0.33372319688109103,169,1
234,2:6,assassinate,True,22,"[7, 13, 14, 2, 8]",3,0.059454191033138,-113,57,5,0.21296296296296202,170,1
235,2:6,assassinate,True,22,"[7, 13, 14, 2, 8]",3,0.059454191033138,-113,57,5,0.21296296296296202,170,1
236,"(1,9)",,True,24,"[1, 4, 9, 13, 15]",3,0.028654970760233003,-115,57,6,0.30253411306042804,172,1
237,"(1,9)",,True,24,"[1, 4, 9, 13, 15]",3,0.028654970760233003,-115,57,6,0.30253411306042804,172,1
238,16:4,assassinate,True,20,"[16, 7, 9, 14, 8]",2,0.004873294346978,-117,57,4,0.123781676413255,174,1
239,16:4,assassinate,True,20,"[16, 7, 9, 14, 8]",2,0.004873294346978,-117,57,4,0.123781676413255,174,1
240,6:6,assassinate,True,18,"[3, 19, 2, 6, 18]",2,0.004873294346978,-119,57,4,0.08187134502923901,176,1
241,6:6,assassinate,True,18,"[3, 19, 2, 6, 18]",2,0.004873294346978,-119,57,4,0.08187134502923901,176,1
242,"(4,8)",,True,20,"[13, 7, 4, 8, 15]",2,0.004873294346978,-121,57,4,0.18128654970760202,178,1
243,"(4,8)",,True,20,"[13, 7, 4, 8, 15]",2,0.004873294346978,-121,57,4,0.18128654970760202,178,1
244,"(6,1)",,True,22,"[6, 17, 0, 1, 18]",3,0.14083820662768,-123,57,5,0.25584795321637405,180,1
245,"(6,1)",,True,22,"[6, 17, 0, 1, 18]",3,0.14083820662768,-123,57,5,0.25584795321637405,180,1
246,"(2,1)",,True,23,"[2, 6, 1, 7, 4]",3,0.176900584795321,-125,57,6,0.35575048732943404,182,1
247,"(2,1)",,True,23,"[2, 6, 1, 7, 4]",3,0.176900584795321,-125,57,6,0.35575048732943404,182,1
248,"(14,15)",,True,23,"[9, 14, 7, 15, 3]",3,0.087816764132553,-127,57,5,0.289278752436647,184,1
249,"(14,15)",,True,23,"[9, 14, 7, 15, 3]",3,0.087816764132553,-127,57,5,0.289278752436647,184,1
250,10:10,assassinate,True,18,"[19, 10, 4, 14, 12]",3,0.18128654970760202,-129,57,3,0.345029239766081,186,1
251,10:10,assassinate,True,18,"[19, 10, 4, 14, 12]",3,0.18128654970760202,-129,57,3,0.345029239766081,186,1
252,"(9,0)",,True,18,"[9, 0, 6, 11, 2]",3,0.19298245614035,-128,58,3,0.19298245614035,186,1
253,"(9,0)",,True,18,"[9, 0, 6, 11, 2]",3,0.19298245614035,-128,58,3,0.19298245614035,186,1
254,2:2,assassinate,True,18,"[2, 16, 17, 8, 7]",2,0.105263157894736,-128,59,3,0.10818713450292301,187,1
255,2:2,assassinate,True,18,"[2, 16, 17, 8, 7]",2,0.105263157894736,-128,59,3,0.10818713450292301,187,1
256,"(5,1)",,True,20,"[5, 2, 6, 1, 11]",2,0.07602339181286501,-129,59,4,0.223196881091617,188,1
257,"(5,1)",,True,20,"[5, 2, 6, 1, 11]",2,0.07602339181286501,-129,59,4,0.223196881091617,188,1
258,"(0,4)",,True,20,"[2, 10, 0, 11, 4]",1,0.0,-131,59,4,0.242690058479532,190,1
259,"(0,4)",,True,20,"[2, 10, 0, 11, 4]",1,0.0,-131,59,4,0.242690058479532,190,1
260,16:4,assassinate,True,19,"[3, 12, 8, 16, 4]",1,0.0,-133,59,4,0.19395711500974602,192,1
261,16:4,assassinate,True,19,"[3, 12, 8, 16, 4]",1,0.0,-133,59,4,0.19395711500974602,192,1
262,"(1,2)",,True,21,"[1, 11, 4, 2, 15]",2,0.09356725146198801,-135,59,5,0.30506822612085704,194,1
263,"(1,2)",,True,21,"[1, 11, 4, 2, 15]",2,0.09356725146198801,-135,59,5,0.30506822612085704,194,1
264,"(13,1)",,True,23,"[4, 8, 13, 1, 2]",2,0.18713450292397601,-137,59,6,0.380116959064327,196,1
265,"(13,1)",,True,23,"[4, 8, 13, 1, 2]",2,0.18713450292397601,-137,59,6,0.380116959064327,196,1
266,9:8,assassinate,True,20,"[10, 9, 3, 15, 8]",2,0.175438596491228,-139,59,6,0.385964912280701,198,1
267,9:8,assassinate,True,20,"[10, 9, 3, 15, 8]",2,0.175438596491228,-139,59,6,0.385964912280701,198,1
268,"(17,18)",,True,22,"[14, 11, 17, 4, 18]",2,0.0,-141,59,6,0.35964912280701705,200,1
269,"(17,18)",,True,22,"[14, 11, 17, 4, 18]",2,0.0,-141,59,6,0.35964912280701705,200,1
270,"(16,10)",,True,24,"[16, 10, 14, 7, 18]",3,0.039961013645224,-143,59,6,0.354775828460038,202,1
271,"(16,10)",,True,24,"[16, 10, 14, 7, 18]",3,0.039961013645224,-143,59,6,0.354775828460038,202,1
272,"(13,10)",,True,26,"[11, 4, 13, 18, 10]",3,0.036062378167641004,-145,59,6,0.30896686159844,204,1
273,"(13,10)",,True,26,"[11, 4, 13, 18, 10]",3,0.036062378167641004,-145,59,6,0.30896686159844,204,1
274,"(10,14)",,True,26,"[10, 14, 15, 7, 6]",3,0.028265107212475,-147,59,6,0.284600389863547,206,1
275,"(10,14)",,True,26,"[10, 14, 15, 7, 6]",3,0.028265107212475,-147,59,6,0.284600389863547,206,1
276,"(2,9)",,True,28,"[2, 14, 9, 17, 18]",3,0.033625730994152,-149,59,6,0.312865497076023,208,1
277,"(2,9)",,True,28,"[2, 14, 9, 17, 18]",3,0.033625730994152,-149,59,6,0.312865497076023,208,1
278,"(18,1)",,True,30,"[2, 5, 14, 18, 1]",4,0.060818713450292,-151,59,7,0.321637426900584,210,1
279,"(18,1)",,True,30,"[2, 5, 14, 18, 1]",4,0.060818713450292,-151,59,7,0.321637426900584,210,1
280,"(0,5)",,True,28,"[0, 5, 11, 16, 12]",3,0.031189083820662003,-153,59,6,0.31052631578947304,212,1
281,"(0,5)",,True,28,"[0, 5, 11, 16, 12]",3,0.031189083820662003,-153,59,6,0.31052631578947304,212,1
282,12:8,assassinate,True,25,"[5, 18, 12, 9, 0]",3,0.040935672514619006,-155,59,6,0.421052631578947,214,1
283,12:8,assassinate,True,25,"[5, 18, 12, 9, 0]",3,0.040935672514619006,-155,59,6,0.421052631578947,214,1
284,"(10,1)",,True,27,"[10, 2, 0, 1, 12]",3,0.040935672514619006,-157,59,7,0.42495126705653,216,1
285,"(10,1)",,True,27,"[10, 2, 0, 1, 12]",3,0.040935672514619006,-157,59,7,0.42495126705653,216,1
286,"(2,11)",,True,27,"[16, 5, 9, 2, 11]",3,0.05847953216374201,-159,59,6,0.37616262879420703,218,1
287,"(2,11)",,True,27,"[16, 5, 9, 2, 11]",3,0.05847953216374201,-159,59,6,0.37616262879420703,218,1
288,"(2,12)",,True,29,"[2, 12, 15, 7, 4]",4,0.10121832358674401,-161,59,6,0.390886939571149,220,1
289,"(2,12)",,True,29,"[2, 12, 15, 7, 4]",4,0.10121832358674401,-161,59,6,0.390886939571149,220,1
290,"(1,16)",,True,29,"[6, 3, 2, 1, 16]",4,0.097855750487329,-163,59,7,0.42660818713450205,222,1
291,"(1,16)",,True,29,"[6, 3, 2, 1, 16]",4,0.097855750487329,-163,59,7,0.42660818713450205,222,1
292,"(8,18)",,True,29,"[8, 18, 13, 9, 10]",4,0.08966861598440501,-165,59,6,0.379044834307992,224,1
293,"(8,18)",,True,29,"[8, 18, 13, 9, 10]",4,0.08966861598440501,-165,59,6,0.379044834307992,224,1
294,"(14,2)",,True,29,"[14, 5, 9, 7, 2]",4,0.096546922862712,-167,59,6,0.38983570036201604,226,1
295,"(14,2)",,True,29,"[14, 5, 9, 7, 2]",4,0.096546922862712,-167,59,6,0.38983570036201604,226,1
296,"(12,1)",,True,31,"[0, 12, 6, 1, 16]",4,0.09207741576162601,-169,59,7,0.341130604288499,228,1
297,"(12,1)",,True,31,"[0, 12, 6, 1, 16]",4,0.09207741576162601,-169,59,7,0.341130604288499,228,1
298,"(18,3)",,True,34,"[19, 18, 14, 3, 0]",4,0.07354497354497301,-171,59,7,0.277749930381509,230,1
299,"(18,3)",,True,34,"[19, 18, 14, 3, 0]",4,0.07354497354497301,-171,59,7,0.277749930381509,230,1
300,17:12,assassinate,True,29,"[10, 6, 17, 14, 2]",4,0.13157894736842102,-173,59,7,0.31481481481481405,232,1
301,17:12,assassinate,True,29,"[10, 6, 17, 14, 2]",4,0.13157894736842102,-173,59,7,0.31481481481481405,232,1
302,"(11,3)",,True,31,"[0, 11, 6, 5, 3]",4,0.098830409356725,-175,59,7,0.261793372319688,234,1
303,"(11,3)",,True,31,"[0, 11, 6, 5, 3]",4,0.098830409356725,-175,59,7,0.261793372319688,234,1
304,"(5,17)",,True,33,"[16, 5, 9, 2, 17]",4,0.10467836257309901,-177,59,7,0.30662768031189,236,1
305,"(5,17)",,True,33,"[16, 5, 9, 2, 17]",4,0.10467836257309901,-177,59,7,0.30662768031189,236,1
306,"(1,11)",,True,36,"[16, 1, 7, 6, 11]",4,0.07458925090504001,-179,59,8,0.27468671679197904,238,1
307,"(1,11)",,True,36,"[16, 1, 7, 6, 11]",4,0.07458925090504001,-179,59,8,0.27468671679197904,238,1
308,"(19,1)",,True,38,"[17, 15, 19, 1, 10]",4,0.069980506822612,-181,59,9,0.301949317738791,240,1
309,"(19,1)",,True,38,"[17, 15, 19, 1, 10]",4,0.069980506822612,-181,59,9,0.301949317738791,240,1
310,"(9,8)",,True,40,"[17, 10, 9, 8, 11]",4,0.051656920077972006,-183,59,9,0.281091617933723,242,1
311,"(9,8)",,True,40,"[17, 10, 9, 8, 11]",4,0.051656920077972006,-183,59,9,0.281091617933723,242,1
312,14:8,assassinate,True,35,"[11, 12, 18, 0, 14]",4,0.044834307992202005,-185,59,9,0.258674463937621,244,1
313,14:8,assassinate,True,35,"[11, 12, 18, 0, 14]",4,0.044834307992202005,-185,59,9,0.258674463937621,244,1
314,"(12,14)",,True,37,"[12, 7, 14, 17, 2]",4,0.046003898635477006,-187,59,9,0.24551656920077902,246,1
315,"(12,14)",,True,37,"[12, 7, 14, 17, 2]",4,0.046003898635477006,-187,59,9,0.24551656920077902,246,1
316,"(5,7)",,True,37,"[5, 14, 19, 0, 7]",4,0.042397660818713004,-189,59,9,0.22943469785575002,248,1
317,"(5,7)",,True,37,"[5, 14, 19, 0, 7]",4,0.042397660818713004,-189,59,9,0.22943469785575002,248,1
318,17:2,assassinate,True,37,"[2, 4, 18, 11, 17]",4,0.042397660818713004,-191,59,9,0.22943469785575002,250,1
319,17:2,assassinate,True,37,"[2, 4, 18, 11, 17]",4,0.042397660818713004,-191,59,9,0.22943469785575002,250,1
320,"(4,1)",,True,37,"[4, 5, 1, 7, 0]",4,0.03256752993595,-193,59,9,0.25452520189362204,252,1
321,"(4,1)",,True,37,"[4, 5, 1, 7, 0]",4,0.03256752993595,-193,59,9,0.25452520189362204,252,1
322,"(7,1)",,True,39,"[3, 10, 12, 7, 1]",4,0.031105541631857,-195,59,10,0.274143692564745,254,1
323,"(7,1)",,True,39,"[3, 10, 12, 7, 1]",4,0.031105541631857,-195,59,10,0.274143692564745,254,1
324,"(15,7)",,True,39,"[11, 6, 15, 0, 7]",4,0.032414369256474,-197,59,10,0.283890281258702,256,1
325,"(15,7)",,True,39,"[11, 6, 15, 0, 7]",4,0.032414369256474,-197,59,10,0.283890281258702,256,1
326,"(1,17)",,True,41,"[14, 19, 1, 11, 17]",5,0.06857421331105501,-199,59,11,0.37492341966026105,258,1
327,"(1,17)",,True,41,"[14, 19, 1, 11, 17]",5,0.06857421331105501,-199,59,11,0.37492341966026105,258,1
328,18:16,assassinate,True,34,"[14, 18, 16, 6, 11]",4,0.056042884990253006,-201,59,10,0.419590643274853,260,1
329,18:16,assassinate,True,34,"[14, 18, 16, 6, 11]",4,0.056042884990253006,-201,59,10,0.419590643274853,260,1
330,"(15,1)",,True,36,"[15, 16, 2, 6, 1]",4,0.053912559175717,-203,59,11,0.39777220829852405,262,1
331,"(15,1)",,True,36,"[15, 16, 2, 6, 1]",4,0.053912559175717,-203,59,11,0.39777220829852405,262,1
332,13:10,assassinate,True,32,"[15, 16, 3, 1, 13]",3,0.015469228627123001,-205,59,11,0.393219159008632,264,1
333,13:10,assassinate,True,32,"[15, 16, 3, 1, 13]",3,0.015469228627123001,-205,59,11,0.393219159008632,264,1
334,"(8,0)",,True,32,"[4, 17, 3, 8, 0]",3,0.102826510721247,-207,59,11,0.43313840155945404,266,1
335,"(8,0)",,True,32,"[4, 17, 3, 8, 0]",3,0.102826510721247,-207,59,11,0.43313840155945404,266,1
336,"(19,11)",,True,32,"[0, 17, 19, 11, 1]",3,0.103996101364522,-209,59,11,0.457894736842105,268,1
337,"(19,11)",,True,32,"[0, 17, 19, 11, 1]",3,0.103996101364522,-209,59,11,0.457894736842105,268,1
338,"(18,19)",,True,34,"[6, 18, 5, 19, 9]",3,0.10964912280701701,-211,59,11,0.4770955165692,270,1
339,"(18,19)",,True,34,"[6, 18, 5, 19, 9]",3,0.10964912280701701,-211,59,11,0.4770955165692,270,1
340,"(13,10)",,True,36,"[13, 11, 10, 0, 4]",3,0.036549707602339006,-213,59,11,0.43421052631578905,272,1
341,"(13,10)",,True,36,"[13, 11, 10, 0, 4]",3,0.036549707602339006,-213,59,11,0.43421052631578905,272,1
342,"(18,1)",,True,38,"[18, 1, 4, 15, 2]",3,0.034600389863547,-215,59,12,0.45701754385964904,274,1
343,"(18,1)",,True,38,"[18, 1, 4, 15, 2]",3,0.034600389863547,-215,59,12,0.45701754385964904,274,1
344,"(0,14)",,True,38,"[0, 14, 9, 6, 17]",2,0.024756335282651,-217,59,12,0.43421052631578905,276,1
345,"(0,14)",,True,38,"[0, 14, 9, 6, 17]",2,0.024756335282651,-217,59,12,0.43421052631578905,276,1
346,2:14,assassinate,True,30,"[2, 10, 9, 6, 7]",1,0.0,-219,59,11,0.39580896686159805,278,1
347,2:14,assassinate,True,30,"[2, 10, 9, 6, 7]",1,0.0,-219,59,11,0.39580896686159805,278,1
348,"(1,13)",,True,32,"[1, 10, 11, 13, 18]",1,0.0,-221,59,12,0.55662768031189,280,1
349,"(1,13)",,True,32,"[1, 10, 11, 13, 18]",1,0.0,-221,59,12,0.55662768031189,280,1
350,"(5,16)",,True,32,"[9, 5, 16, 19, 13]",1,0.0,-223,59,12,0.539083820662768,282,1
351,"(5,16)",,True,32,"[9, 5, 16, 19, 13]",1,0.0,-223,59,12,0.539083820662768,282,1
352,"(6,11)",,True,32,"[6, 10, 19, 11, 8]",1,0.0,-225,59,12,0.542007797270955,284,1
353,"(6,11)",,True,32,"[6, 10, 19, 11, 8]",1,0.0,-225,59,12,0.542007797270955,284,1
354,"(3,19)",,True,32,"[17, 13, 3, 6, 19]",1,0.0,-227,59,12,0.543567251461988,286,1
355,"(3,19)",,True,32,"[17, 13, 3, 6, 19]",1,0.0,-227,59,12,0.543567251461988,286,1
356,"(5,19)",,True,34,"[4, 0, 5, 19, 13]",1,0.0,-229,59,12,0.521637426900584,288,1
357,"(5,19)",,True,34,"[4, 0, 5, 19, 13]",1,0.0,-229,59,12,0.521637426900584,288,1
358,"(1,14)",,True,36,"[12, 1, 14, 10, 19]",1,0.0,-231,59,13,0.519200779727095,290,1
359,"(1,14)",,True,36,"[12, 1, 14, 10, 19]",1,0.0,-231,59,13,0.519200779727095,290,1
360,"(9,1)",,True,37,"[9, 18, 1, 19, 7]",1,0.0,-233,59,13,0.49298245614035,292,1
361,"(9,1)",,True,37,"[9, 18, 1, 19, 7]",1,0.0,-233,59,13,0.49298245614035,292,1
362,"(1,0)",,True,39,"[13, 1, 15, 0, 6]",3,0.015009746588693001,-235,59,14,0.48713450292397603,294,1
363,"(1,0)",,True,39,"[13, 1, 15, 0, 6]",3,0.015009746588693001,-235,59,14,0.48713450292397603,294,1
364,"(18,9)",,True,39,"[0, 11, 17, 18, 9]",3,0.016179337231968002,-237,59,14,0.48382066276803104,296,1
365,"(18,9)",,True,39,"[0, 11, 17, 18, 9]",3,0.016179337231968002,-237,59,14,0.48382066276803104,296,1
366,"(11,2)",,True,42,"[11, 13, 0, 3, 2]",5,0.046393762183235,-239,59,14,0.49463937621832305,298,1
367,"(11,2)",,True,42,"[11, 13, 0, 3, 2]",5,0.046393762183235,-239,59,14,0.49463937621832305,298,1
368,"(17,9)",,True,44,"[1, 6, 17, 0, 9]",5,0.04717348927875201,-241,59,14,0.46169590643274805,300,1
369,"(17,9)",,True,44,"[1, 6, 17, 0, 9]",5,0.04717348927875201,-241,59,14,0.46169590643274805,300,1
370,"(15,3)",,True,44,"[4, 7, 15, 10, 3]",5,0.044249512670565004,-243,59,14,0.41432748538011605,302,1
371,"(15,3)",,True,44,"[4, 7, 15, 10, 3]",5,0.044249512670565004,-243,59,14,0.41432748538011605,302,1
372,"(2,17)",,True,44,"[2, 16, 13, 17, 19]",5,0.05363408521303201,-245,59,13,0.42510442773600604,304,1
373,"(2,17)",,True,44,"[2, 16, 13, 17, 19]",5,0.05363408521303201,-245,59,13,0.42510442773600604,304,1
374,19:8,assassinate,True,39,"[19, 5, 9, 11, 4]",4,0.026900584795321,-247,59,12,0.380116959064327,306,1
375,19:8,assassinate,True,39,"[19, 5, 9, 11, 4]",4,0.026900584795321,-247,59,12,0.380116959064327,306,1
376,8:12,assassinate,True,32,"[18, 11, 3, 8, 2]",3,0.018031189083820003,-249,59,11,0.40555555555555506,308,1
377,8:12,assassinate,True,32,"[18, 11, 3, 8, 2]",3,0.018031189083820003,-249,59,11,0.40555555555555506,308,1
378,"(10,19)",,True,34,"[2, 9, 10, 19, 11]",3,0.023391812865497002,-251,59,11,0.4453216374269,310,1
379,"(10,19)",,True,34,"[2, 9, 10, 19, 11]",3,0.023391812865497002,-251,59,11,0.4453216374269,310,1
380,"(8,7)",,True,36,"[8, 14, 7, 3, 5]",3,0.024269005847953003,-253,59,11,0.49171539961013605,312,1
381,"(8,7)",,True,36,"[8, 14, 7, 3, 5]",3,0.024269005847953003,-253,59,11,0.49171539961013605,312,1
382,13:6,assassinate,True,34,"[17, 13, 2, 11, 3]",3,0.013366750208855001,-255,59,11,0.46048454469507005,314,1
383,13:6,assassinate,True,34,"[17, 13, 2, 11, 3]",3,0.013366750208855001,-255,59,11,0.46048454469507005,314,1
384,"(9,17)",,True,34,"[3, 16, 9, 17, 15]",4,0.04845446950710101,-257,59,11,0.436897800055694,316,1
385,"(9,17)",,True,34,"[3, 16, 9, 17, 15]",4,0.04845446950710101,-257,59,11,0.436897800055694,316,1
386,"(4,1)",,True,36,"[4, 5, 9, 1, 10]",4,0.035087719298245,-259,59,12,0.430409356725146,318,1
387,"(4,1)",,True,36,"[4, 5, 9, 1, 10]",4,0.035087719298245,-259,59,12,0.430409356725146,318,1
388,"(6,10)",,True,36,"[15, 6, 10, 14, 3]",4,0.033138401559454,-261,59,12,0.445614035087719,320,1
389,"(6,10)",,True,36,"[15, 6, 10, 14, 3]",4,0.033138401559454,-261,59,12,0.445614035087719,320,1
390,7:6,assassinate,True,32,"[3, 18, 7, 9, 10]",3,0.011695906432748001,-263,59,11,0.379727095516569,322,1
391,7:6,assassinate,True,32,"[3, 18, 7, 9, 10]",3,0.011695906432748001,-263,59,11,0.379727095516569,322,1
392,"(13,18)",,True,34,"[13, 18, 19, 6, 8]",4,0.035087719298245,-265,59,11,0.40555555555555506,324,1
393,"(13,18)",,True,34,"[13, 18, 19, 6, 8]",4,0.035087719298245,-265,59,11,0.40555555555555506,324,1
394,5:10,assassinate,True,28,"[4, 19, 9, 5, 0]",4,0.049707602339181006,-267,59,9,0.41325536062378104,326,1
395,5:10,assassinate,True,28,"[4, 19, 9, 5, 0]",4,0.049707602339181006,-267,59,9,0.41325536062378104,326,1
396,"(1,7)",,True,28,"[1, 2, 14, 7, 8]",4,0.20467836257309902,-269,59,9,0.43957115009746506,328,1
397,"(1,7)",,True,28,"[1, 2, 14, 7, 8]",4,0.20467836257309902,-269,59,9,0.43957115009746506,328,1
398,"(0,6)",,True,28,"[19, 13, 2, 0, 6]",3,0.017543859649122,-271,59,9,0.308479532163742,330,1
399,"(0,6)",,True,28,"[19, 13, 2, 0, 6]",3,0.017543859649122,-271,59,9,0.308479532163742,330,1
400,3:8,assassinate,True,25,"[0, 9, 6, 3, 8]",3,0.013645224171539001,-273,59,9,0.31091617933723203,332,1
401,3:8,assassinate,True,25,"[0, 9, 6, 3, 8]",3,0.013645224171539001,-273,59,9,0.31091617933723203,332,1
402,"(3,18)",,True,25,"[0, 3, 2, 18, 8]",3,0.013645224171539001,-275,59,9,0.31091617933723203,334,1
403,"(3,18)",,True,25,"[0, 3, 2, 18, 8]",3,0.013645224171539001,-275,59,9,0.31091617933723203,334,1
404,"(6,1)",,True,27,"[10, 6, 19, 11, 1]",3,0.013645224171539001,-277,59,10,0.41910331384015503,336,1
405,"(6,1)",,True,27,"[10, 6, 19, 11, 1]",3,0.013645224171539001,-277,59,10,0.41910331384015503,336,1
406,"(0,10)",,True,25,"[0, 11, 16, 10, 3]",2,0.0,-279,59,9,0.287134502923976,338,1
407,"(0,10)",,True,25,"[0, 11, 16, 10, 3]",2,0.0,-279,59,9,0.287134502923976,338,1
408,"(18,6)",,True,27,"[4, 13, 18, 14, 6]",2,0.0,-281,59,9,0.37699805068226105,340,1
409,"(18,6)",,True,27,"[4, 13, 18, 14, 6]",2,0.0,-281,59,9,0.37699805068226105,340,1
410,"(13,0)",,True,28,"[18, 7, 13, 2, 0]",3,0.026315789473684,-283,59,9,0.334307992202729,342,1
411,"(13,0)",,True,28,"[18, 7, 13, 2, 0]",3,0.026315789473684,-283,59,9,0.334307992202729,342,1
412,"(1,9)",,True,28,"[1, 9, 18, 11, 17]",3,0.025341130604288,-285,59,9,0.269005847953216,344,1
413,"(1,9)",,True,28,"[1, 9, 18, 11, 17]",3,0.025341130604288,-285,59,9,0.269005847953216,344,1
414,3:6,assassinate,True,26,"[3, 12, 4, 16, 17]",2,0.0,-287,59,9,0.25623781676413204,346,1
415,3:6,assassinate,True,26,"[3, 12, 4, 16, 17]",2,0.0,-287,59,9,0.25623781676413204,346,1
416,"(1,5)",,True,28,"[18, 1, 5, 2, 16]",2,0.0,-289,59,10,0.31081871345029205,348,1
417,"(1,5)",,True,28,"[18, 1, 5, 2, 16]",2,0.0,-289,59,10,0.31081871345029205,348,1
418,"(10,18)",,True,28,"[10, 18, 19, 12, 1]",2,0.0,-291,59,10,0.32855750487329405,350,1
419,"(10,18)",,True,28,"[10, 18, 19, 12, 1]",2,0.0,-291,59,10,0.32855750487329405,350,1
420,"(3,18)",,True,30,"[3, 18, 16, 9, 14]",2,0.0,-293,59,10,0.39191033138401504,352,1
421,"(3,18)",,True,30,"[3, 18, 16, 9, 14]",2,0.0,-293,59,10,0.39191033138401504,352,1
422,"(1,7)",,True,32,"[5, 3, 1, 7, 15]",2,0.0,-295,59,11,0.444541910331383,354,1
423,"(1,7)",,True,32,"[5, 3, 1, 7, 15]",2,0.0,-295,59,11,0.444541910331383,354,1
424,"(1,8)",,True,35,"[9, 7, 1, 8, 4]",2,0.0,-297,59,12,0.481481481481481,356,1
425,"(1,8)",,True,35,"[9, 7, 1, 8, 4]",2,0.0,-297,59,12,0.481481481481481,356,1
426,"(13,3)",,True,35,"[2, 11, 13, 3, 17]",2,0.015302144249512002,-299,59,11,0.5327485380116951,358,1
427,"(13,3)",,True,35,"[2, 11, 13, 3, 17]",2,0.015302144249512002,-299,59,11,0.5327485380116951,358,1
428,"(18,6)",,True,35,"[19, 13, 18, 9, 6]",3,0.022027290448343003,-301,59,11,0.568421052631578,360,1
429,"(18,6)",,True,35,"[19, 13, 18, 9, 6]",3,0.022027290448343003,-301,59,11,0.568421052631578,360,1
430,14:16,assassinate,True,28,"[14, 0, 7, 2, 13]",3,0.038499025341130005,-303,59,10,0.549707602339181,362,1
431,14:16,assassinate,True,28,"[14, 0, 7, 2, 13]",3,0.038499025341130005,-303,59,10,0.549707602339181,362,1
432,"(7,5)",,True,28,"[3, 6, 15, 7, 5]",3,0.038499025341130005,-305,59,9,0.543859649122806,364,1
433,"(7,5)",,True,28,"[3, 6, 15, 7, 5]",3,0.038499025341130005,-305,59,9,0.543859649122806,364,1
434,"(16,8)",,True,26,"[16, 8, 12, 9, 10]",3,0.076413255360623,-307,59,9,0.552631578947368,366,1
435,"(16,8)",,True,26,"[16, 8, 12, 9, 10]",3,0.076413255360623,-307,59,9,0.552631578947368,366,1
436,"(14,8)",,True,28,"[14, 8, 2, 15, 6]",4,0.210526315789473,-309,59,9,0.544346978557504,368,1
437,"(14,8)",,True,28,"[14, 8, 2, 15, 6]",4,0.210526315789473,-309,59,9,0.544346978557504,368,1
438,"(2,1)",,True,30,"[2, 10, 14, 1, 8]",5,0.19915065441381202,-311,59,10,0.559816207184628,370,1
439,"(2,1)",,True,30,"[2, 10, 14, 1, 8]",5,0.19915065441381202,-311,59,10,0.559816207184628,370,1
440,17:10,assassinate,True,26,"[17, 13, 15, 14, 4]",5,0.16413255360623702,-313,59,10,0.571345029239766,372,1
441,17:10,assassinate,True,26,"[17, 13, 15, 14, 4]",5,0.16413255360623702,-313,59,10,0.571345029239766,372,1
442,"(19,17)",,True,28,"[19, 3, 17, 14, 11]",5,0.169980506822612,-315,59,10,0.594736842105263,374,1
443,"(19,17)",,True,28,"[19, 3, 17, 14, 11]",5,0.169980506822612,-315,59,10,0.594736842105263,374,1
444,3:6,assassinate,True,26,"[18, 3, 5, 10, 11]",4,0.050682261208576,-317,59,10,0.44834307992202704,376,1
445,3:6,assassinate,True,26,"[18, 3, 5, 10, 11]",4,0.050682261208576,-317,59,10,0.44834307992202704,376,1
446,"(3,14)",,True,28,"[7, 3, 15, 16, 14]",4,0.07066276803118901,-319,59,10,0.48099415204678303,378,1
447,"(3,14)",,True,28,"[7, 3, 15, 16, 14]",4,0.07066276803118901,-319,59,10,0.48099415204678303,378,1
448,"(7,5)",,True,26,"[7, 5, 17, 12, 15]",4,0.055555555555555004,-321,59,9,0.460038986354775,380,1
449,"(7,5)",,True,26,"[7, 5, 17, 12, 15]",4,0.055555555555555004,-321,59,9,0.460038986354775,380,1
450,"(1,6)",,True,28,"[1, 4, 11, 6, 8]",4,0.036062378167641004,-323,59,10,0.392787524366471,382,1
451,"(1,6)",,True,28,"[1, 4, 11, 6, 8]",4,0.036062378167641004,-323,59,10,0.392787524366471,382,1
452,"(18,3)",,True,30,"[18, 3, 10, 6, 11]",4,0.028265107212475,-325,59,10,0.38206627680311805,384,1
453,"(18,3)",,True,30,"[18, 3, 10, 6, 11]",4,0.028265107212475,-325,59,10,0.38206627680311805,384,1
454,"(13,6)",,True,32,"[13, 6, 19, 9, 15]",5,0.08187134502923901,-327,59,10,0.42300194931773805,386,1
455,"(13,6)",,True,32,"[13, 6, 19, 9, 15]",5,0.08187134502923901,-327,59,10,0.42300194931773805,386,1
456,"(17,6)",,True,32,"[17, 6, 5, 11, 18]",5,0.08674463937621801,-329,59,10,0.45808966861598405,388,1
457,"(17,6)",,True,32,"[17, 6, 5, 11, 18]",5,0.08674463937621801,-329,59,10,0.45808966861598405,388,1
458,14:6,assassinate,True,28,"[12, 14, 10, 6, 1]",5,0.09551656920077901,-331,59,9,0.436647173489278,390,1
459,14:6,assassinate,True,28,"[12, 14, 10, 6, 1]",5,0.09551656920077901,-331,59,9,0.436647173489278,390,1
460,"(0,19)",,True,28,"[14, 0, 11, 18, 19]",4,0.020467836257309,-333,59,9,0.401559454191033,392,1
461,"(0,19)",,True,28,"[14, 0, 11, 18, 19]",4,0.020467836257309,-333,59,9,0.401559454191033,392,1
462,9:10,assassinate,True,24,"[7, 9, 10, 4, 8]",3,0.0029239766081870003,-335,59,8,0.402534113060428,394,1
463,9:10,assassinate,True,24,"[7, 9, 10, 4, 8]",3,0.0029239766081870003,-335,59,8,0.402534113060428,394,1
464,"(7,8)",,True,26,"[7, 13, 8, 10, 17]",4,0.11062378167641301,-337,59,8,0.314327485380116,396,1
465,"(7,8)",,True,26,"[7, 13, 8, 10, 17]",4,0.11062378167641301,-337,59,8,0.314327485380116,396,1
466,"(3,10)",,True,26,"[17, 3, 6, 7, 10]",4,0.11452241715399601,-339,59,8,0.371832358674463,398,1
467,"(3,10)",,True,26,"[17, 3, 6, 7, 10]",4,0.11452241715399601,-339,59,8,0.371832358674463,398,1
468,11:6,assassinate,True,24,"[13, 14, 11, 16, 2]",4,0.10233918128654901,-341,59,8,0.43177387914230003,400,1
469,11:6,assassinate,True,24,"[13, 14, 11, 16, 2]",4,0.10233918128654901,-341,59,8,0.43177387914230003,400,1
470,"(8,16)",,True,26,"[15, 8, 16, 13, 4]",4,0.031189083820662003,-343,59,8,0.385964912280701,402,1
471,"(8,16)",,True,26,"[15, 8, 16, 13, 4]",4,0.031189083820662003,-343,59,8,0.385964912280701,402,1
472,"(19,12)",,True,28,"[19, 12, 10, 7, 8]",5,0.080506822612085,-345,59,8,0.269395711500974,404,1
473,"(19,12)",,True,28,"[19, 12, 10, 7, 8]",5,0.080506822612085,-345,59,8,0.269395711500974,404,1
474,"(19,1)",,True,30,"[19, 18, 13, 4, 1]",5,0.117641325536062,-347,59,9,0.336062378167641,406,1
475,"(19,1)",,True,30,"[19, 18, 13, 4, 1]",5,0.117641325536062,-347,59,9,0.336062378167641,406,1
476,"(19,9)",,True,32,"[7, 19, 13, 9, 14]",6,0.18148148148148102,-349,59,9,0.333138401559454,408,1
477,"(19,9)",,True,32,"[7, 19, 13, 9, 14]",6,0.18148148148148102,-349,59,9,0.333138401559454,408,1
478,7:12,assassinate,True,27,"[16, 13, 18, 7, 17]",5,0.16179337231968802,-351,59,8,0.34697855750487305,410,1
479,7:12,assassinate,True,27,"[16, 13, 18, 7, 17]",5,0.16179337231968802,-351,59,8,0.34697855750487305,410,1
480,15:8,assassinate,True,24,"[18, 11, 15, 12, 17]",4,0.069200779727095,-353,59,8,0.316764132553606,412,1
481,15:8,assassinate,True,24,"[18, 11, 15, 12, 17]",4,0.069200779727095,-353,59,8,0.316764132553606,412,1
482,"(7,16)",,True,26,"[7, 11, 3, 16, 6]",4,0.09551656920077901,-355,59,8,0.347953216374269,414,1
483,"(7,16)",,True,26,"[7, 11, 3, 16, 6]",4,0.09551656920077901,-355,59,8,0.347953216374269,414,1
484,"(14,18)",,True,28,"[14, 4, 15, 18, 7]",4,0.091130604288499,-357,59,8,0.375730994152046,416,1
485,"(14,18)",,True,28,"[14, 4, 15, 18, 7]",4,0.091130604288499,-357,59,8,0.375730994152046,416,1
486,2:8,assassinate,True,25,"[10, 8, 12, 2, 15]",3,0.046783625730994004,-359,59,8,0.39766081871345005,418,1
487,2:8,assassinate,True,25,"[10, 8, 12, 2, 15]",3,0.046783625730994004,-359,59,8,0.39766081871345005,418,1
488,"(11,12)",,True,27,"[11, 9, 12, 6, 3]",4,0.123781676413255,-361,59,8,0.42982456140350805,420,1
489,"(11,12)",,True,27,"[11, 9, 12, 6, 3]",4,0.123781676413255,-361,59,8,0.42982456140350805,420,1
490,"(1,16)",,True,29,"[4, 13, 1, 0, 16]",5,0.16666666666666602,-363,59,9,0.5116959064327481,422,1
491,"(1,16)",,True,29,"[4, 13, 1, 0, 16]",5,0.16666666666666602,-363,59,9,0.5116959064327481,422,1
492,"(1,3)",,True,31,"[16, 19, 0, 1, 3]",5,0.16325536062378102,-365,59,10,0.47953216374269003,424,1
493,"(1,3)",,True,31,"[16, 19, 0, 1, 3]",5,0.16325536062378102,-365,59,10,0.47953216374269003,424,1
494,"(18,8)",,True,31,"[17, 18, 1, 14, 8]",5,0.16325536062378102,-367,59,10,0.47953216374269003,426,1
495,"(18,8)",,True,31,"[17, 18, 1, 14, 8]",5,0.16325536062378102,-367,59,10,0.47953216374269003,426,1
496,"(0,6)",,True,32,"[12, 0, 9, 6, 7]",4,0.13937621832358602,-369,59,10,0.49473684210526303,428,1
497,"(0,6)",,True,32,"[12, 0, 9, 6, 7]",4,0.13937621832358602,-369,59,10,0.49473684210526303,428,1
498,"(12,19)",,True,30,"[13, 18, 6, 12, 19]",4,0.130604288499025,-371,59,10,0.45692007797270906,430,1
499,"(12,19)",,True,30,"[13, 18, 6, 12, 19]",4,0.130604288499025,-371,59,10,0.45692007797270906,430,1
500,"(2,8)",,True,32,"[6, 18, 2, 5, 8]",5,0.097465886939571,-373,59,10,0.404678362573099,432,1
501,"(2,8)",,True,32,"[6, 18, 2, 5, 8]",5,0.097465886939571,-373,59,10,0.404678362573099,432,1
502,4:14,assassinate,True,26,"[7, 13, 12, 14, 4]",5,0.09064327485380101,-375,59,9,0.47076023391812805,434,1
503,4:14,assassinate,True,26,"[7, 13, 12, 14, 4]",5,0.09064327485380101,-375,59,9,0.47076023391812805,434,1
504,"(10,7)",,True,26,"[9, 10, 7, 17, 3]",5,0.096491228070175,-377,59,9,0.49220272904483403,436,1
505,"(10,7)",,True,26,"[9, 10, 7, 17, 3]",5,0.096491228070175,-377,59,9,0.49220272904483403,436,1
506,"(15,10)",,True,28,"[15, 6, 10, 14, 13]",5,0.10428849902534101,-379,59,9,0.5350877192982451,438,1
507,"(15,10)",,True,28,"[15, 6, 10, 14, 13]",5,0.10428849902534101,-379,59,9,0.5350877192982451,438,1
508,"(5,0)",,True,28,"[8, 5, 0, 15, 1]",4,0.048705096073517,-381,59,9,0.5072542467279301,440,1
509,"(5,0)",,True,28,"[8, 5, 0, 15, 1]",4,0.048705096073517,-381,59,9,0.5072542467279301,440,1
510,"(14,1)",,True,30,"[7, 6, 14, 1, 17]",4,0.05172189733593201,-383,59,10,0.545743989603638,442,1
511,"(14,1)",,True,30,"[7, 6, 14, 1, 17]",4,0.05172189733593201,-383,59,10,0.545743989603638,442,1
512,"(1,2)",,True,32,"[1, 18, 11, 6, 2]",4,0.011695906432748001,-385,59,11,0.528849902534113,444,1
513,"(1,2)",,True,32,"[1, 18, 11, 6, 2]",4,0.011695906432748001,-385,59,11,0.528849902534113,444,1
514,19:10,assassinate,True,28,"[15, 12, 19, 8, 13]",4,0.011695906432748001,-387,59,10,0.49415204678362507,446,1
515,19:10,assassinate,True,28,"[15, 12, 19, 8, 13]",4,0.011695906432748001,-387,59,10,0.49415204678362507,446,1
516,"(17,10)",,True,28,"[0, 8, 17, 10, 7]",4,0.011695906432748001,-389,59,10,0.49902534113060404,448,1
517,"(17,10)",,True,28,"[0, 8, 17, 10, 7]",4,0.011695906432748001,-389,59,10,0.49902534113060404,448,1
518,"(10,7)",,True,28,"[12, 10, 7, 17, 8]",4,0.017543859649122,-391,59,10,0.481481481481481,450,1
519,"(10,7)",,True,28,"[12, 10, 7, 17, 8]",4,0.017543859649122,-391,59,10,0.481481481481481,450,1
520,"(1,17)",,True,30,"[14, 16, 1, 17, 12]",4,0.017543859649122,-393,59,11,0.475633528265107,452,1
521,"(1,17)",,True,30,"[14, 16, 1, 17, 12]",4,0.017543859649122,-393,59,11,0.475633528265107,452,1
522,13:4,assassinate,True,29,"[5, 3, 9, 10, 13]",4,0.017543859649122,-395,59,11,0.44931773879142306,454,1
523,13:4,assassinate,True,29,"[5, 3, 9, 10, 13]",4,0.017543859649122,-395,59,11,0.44931773879142306,454,1
524,"(14,6)",,True,29,"[11, 14, 6, 8, 7]",4,0.014619883040935,-397,59,11,0.43274853801169505,456,1
525,"(14,6)",,True,29,"[11, 14, 6, 8, 7]",4,0.014619883040935,-397,59,11,0.43274853801169505,456,1
526,"(17,4)",,True,31,"[17, 13, 4, 12, 19]",5,0.114035087719298,-399,59,11,0.5458089668615981,458,1
527,"(17,4)",,True,31,"[17, 13, 4, 12, 19]",5,0.114035087719298,-399,59,11,0.5458089668615981,458,1
528,"(5,18)",,True,33,"[5, 9, 18, 0, 14]",5,0.114035087719298,-401,59,11,0.46364522417154,460,1
529,"(5,18)",,True,33,"[5, 9, 18, 0, 14]",5,0.114035087719298,-401,59,11,0.46364522417154,460,1
530,13:2,assassinate,True,31,"[13, 3, 9, 14, 12]",4,0.014619883040935,-403,59,10,0.320760233918128,462,1
531,13:2,assassinate,True,31,"[13, 3, 9, 14, 12]",4,0.014619883040935,-403,59,10,0.320760233918128,462,1
532,"(10,14)",,True,31,"[10, 14, 18, 3, 6]",4,0.004873294346978,-405,59,10,0.31637426900584703,464,1
533,"(10,14)",,True,31,"[10, 14, 18, 3, 6]",4,0.004873294346978,-405,59,10,0.31637426900584703,464,1
534,"(7,2)",,True,33,"[7, 15, 0, 4, 2]",4,0.018031189083820003,-407,59,10,0.38508771929824503,466,1
535,"(7,2)",,True,33,"[7, 15, 0, 4, 2]",4,0.018031189083820003,-407,59,10,0.38508771929824503,466,1
536,"(8,3)",,True,33,"[15, 8, 11, 3, 6]",4,0.013645224171539001,-409,59,10,0.34444444444444405,468,1
537,"(8,3)",,True,33,"[15, 8, 11, 3, 6]",4,0.013645224171539001,-409,59,10,0.34444444444444405,468,1
538,"(19,1)",,True,35,"[14, 19, 8, 1, 18]",4,0.00896686159844,-411,59,11,0.36042884990253404,470,1
539,"(19,1)",,True,35,"[14, 19, 8, 1, 18]",4,0.00896686159844,-411,59,11,0.36042884990253404,470,1
540,"(4,1)",,True,35,"[6, 12, 4, 19, 1]",4,0.024171539961013,-413,59,11,0.353703703703703,472,1
541,"(4,1)",,True,35,"[6, 12, 4, 19, 1]",4,0.024171539961013,-413,59,11,0.353703703703703,472,1
542,"(1,11)",,True,35,"[13, 1, 0, 11, 18]",4,0.030214424951267003,-415,59,11,0.42124756335282604,474,1
543,"(1,11)",,True,35,"[13, 1, 0, 11, 18]",4,0.030214424951267003,-415,59,11,0.42124756335282604,474,1
544,"(13,11)",,True,37,"[13, 8, 11, 16, 6]",5,0.046783625730994004,-417,59,11,0.48167641325536004,476,1
545,"(13,11)",,True,37,"[13, 8, 11, 16, 6]",5,0.046783625730994004,-417,59,11,0.48167641325536004,476,1
546,2:10,assassinate,True,33,"[7, 2, 9, 1, 19]",4,0.046198830409356004,-419,59,11,0.523294346978557,478,1
547,2:10,assassinate,True,33,"[7, 2, 9, 1, 19]",4,0.046198830409356004,-419,59,11,0.523294346978557,478,1
548,"(16,12)",,True,33,"[16, 13, 9, 10, 12]",5,0.10233918128654901,-421,59,11,0.5233918128654971,480,1
549,"(16,12)",,True,33,"[16, 13, 9, 10, 12]",5,0.10233918128654901,-421,59,11,0.5233918128654971,480,1
550,"(5,1)",,True,35,"[12, 5, 3, 1, 18]",5,0.10350877192982401,-423,59,12,0.493762183235867,482,1
551,"(5,1)",,True,35,"[12, 5, 3, 1, 18]",5,0.10350877192982401,-423,59,12,0.493762183235867,482,1
552,"(19,14)",,True,38,"[18, 7, 19, 11, 14]",5,0.08137009189640701,-425,59,12,0.423377889167362,484,1
553,"(19,14)",,True,38,"[18, 7, 19, 11, 14]",5,0.08137009189640701,-425,59,12,0.423377889167362,484,1
554,"(11,5)",,True,38,"[4, 13, 0, 11, 5]",6,0.117641325536062,-427,59,12,0.417056530214424,486,1
555,"(11,5)",,True,38,"[4, 13, 0, 11, 5]",6,0.117641325536062,-427,59,12,0.417056530214424,486,1
556,17:12,assassinate,True,31,"[15, 17, 8, 9, 18]",6,0.105458089668615,-429,59,10,0.40204678362573104,488,1
557,17:12,assassinate,True,31,"[15, 17, 8, 9, 18]",6,0.105458089668615,-429,59,10,0.40204678362573104,488,1
558,"(15,10)",,True,31,"[9, 15, 19, 10, 3]",7,0.162183235867446,-431,59,10,0.38430799220272904,490,1
559,"(15,10)",,True,31,"[9, 15, 19, 10, 3]",7,0.162183235867446,-431,59,10,0.38430799220272904,490,1
560,"(13,18)",,True,31,"[3, 13, 15, 18, 19]",7,0.15692007797270902,-433,59,10,0.36569200779727,492,1
561,"(13,18)",,True,31,"[3, 13, 15, 18, 19]",7,0.15692007797270902,-433,59,10,0.36569200779727,492,1
562,8:4,assassinate,True,30,"[11, 12, 3, 4, 8]",6,0.080311890838206,-435,59,10,0.31734892787524305,494,1
563,8:4,assassinate,True,30,"[11, 12, 3, 4, 8]",6,0.080311890838206,-435,59,10,0.31734892787524305,494,1
564,"(8,1)",,True,32,"[14, 12, 8, 11, 1]",6,0.09688109161793301,-437,59,11,0.389961013645224,496,1
565,"(8,1)",,True,32,"[14, 12, 8, 11, 1]",6,0.09688109161793301,-437,59,11,0.389961013645224,496,1
566,7:8,assassinate,True,29,"[9, 10, 7, 11, 4]",5,0.062378167641325005,-439,59,11,0.383040935672514,498,1
567,7:8,assassinate,True,29,"[9, 10, 7, 11, 4]",5,0.062378167641325005,-439,59,11,0.383040935672514,498,1
568,6:10,assassinate,True,25,"[6, 12, 19, 15, 13]",4,0.025828460038986003,-441,59,11,0.409844054580896,500,1
569,6:10,assassinate,True,25,"[6, 12, 19, 15, 13]",4,0.025828460038986003,-441,59,11,0.409844054580896,500,1
570,"(13,8)",,True,25,"[0, 13, 8, 5, 16]",4,0.026315789473684,-443,59,11,0.42690058479532106,502,1
571,"(13,8)",,True,25,"[0, 13, 8, 5, 16]",4,0.026315789473684,-443,59,11,0.42690058479532106,502,1
572,"(1,6)",,True,27,"[9, 17, 1, 12, 6]",5,0.077972709551656,-445,59,12,0.480019493177387,504,1
573,"(1,6)",,True,27,"[9, 17, 1, 12, 6]",5,0.077972709551656,-445,59,12,0.480019493177387,504,1
574,"(15,12)",,True,27,"[3, 8, 15, 16, 12]",6,0.16569200779727,-447,59,12,0.542397660818713,506,1
575,"(15,12)",,True,27,"[3, 8, 15, 16, 12]",6,0.16569200779727,-447,59,12,0.542397660818713,506,1
576,"(0,17)",,True,27,"[18, 0, 19, 8, 17]",6,0.16569200779727,-449,59,12,0.542397660818713,508,1
577,"(0,17)",,True,27,"[18, 0, 19, 8, 17]",6,0.16569200779727,-449,59,12,0.542397660818713,508,1
578,"(7,6)",,True,29,"[10, 0, 7, 15, 6]",7,0.22183235867446302,-451,59,12,0.61588693957115,510,1
579,"(7,6)",,True,29,"[10, 0, 7, 15, 6]",7,0.22183235867446302,-451,59,12,0.61588693957115,510,1
580,"(8,19)",,True,29,"[4, 8, 10, 19, 1]",7,0.18781676413255302,-453,59,11,0.412378167641325,512,1
581,"(8,19)",,True,29,"[4, 8, 10, 19, 1]",7,0.18781676413255302,-453,59,11,0.412378167641325,512,1
582,"(7,0)",,True,29,"[2, 5, 7, 18, 0]",7,0.18781676413255302,-455,59,11,0.412378167641325,514,1
583,"(7,0)",,True,29,"[2, 5, 7, 18, 0]",7,0.18781676413255302,-455,59,11,0.412378167641325,514,1
584,"(9,17)",,True,29,"[9, 10, 8, 17, 19]",7,0.21998050682261203,-457,59,10,0.453606237816764,516,1
585,"(9,17)",,True,29,"[9, 10, 8, 17, 19]",7,0.21998050682261203,-457,59,10,0.453606237816764,516,1
586,"(16,6)",,True,31,"[16, 19, 12, 10, 6]",7,0.25906432748538,-459,59,10,0.559844054580896,518,1
587,"(16,6)",,True,31,"[16, 19, 12, 10, 6]",7,0.25906432748538,-459,59,10,0.559844054580896,518,1
588,"(17,4)",,True,33,"[17, 0, 16, 4, 3]",7,0.24044834307992202,-461,59,10,0.532261208576998,520,1
589,"(17,4)",,True,33,"[17, 0, 16, 4, 3]",7,0.24044834307992202,-461,59,10,0.532261208576998,520,1
590,"(7,16)",,True,35,"[7, 8, 0, 6, 16]",7,0.256920077972709,-463,59,10,0.493372319688109,522,1
591,"(7,16)",,True,35,"[7, 8, 0, 6, 16]",7,0.256920077972709,-463,59,10,0.493372319688109,522,1
592,14:8,assassinate,True,32,"[17, 19, 14, 18, 7]",6,0.19346978557504801,-465,59,10,0.47797270955165605,524,1
593,14:8,assassinate,True,32,"[17, 19, 14, 18, 7]",6,0.19346978557504801,-465,59,10,0.47797270955165605,524,1
594,15:6,assassinate,True,30,"[12, 19, 8, 11, 15]",6,0.166179337231968,-467,59,10,0.43235867446393705,526,1
595,15:6,assassinate,True,30,"[12, 19, 8, 11, 15]",6,0.166179337231968,-467,59,10,0.43235867446393705,526,1
596,"(1,15)",,True,32,"[19, 0, 1, 16, 15]",6,0.18021442495126702,-469,59,11,0.47144249512670505,528,1
597,"(1,15)",,True,32,"[19, 0, 1, 16, 15]",6,0.18021442495126702,-469,59,11,0.47144249512670505,528,1
598,13:6,assassinate,True,30,"[11, 13, 10, 16, 2]",6,0.13937621832358602,-471,59,11,0.46890838206627605,530,1
599,13:6,assassinate,True,30,"[11, 13, 10, 16, 2]",6,0.13937621832358602,-471,59,11,0.46890838206627605,530,1
600,9:10,assassinate,True,26,"[3, 14, 9, 1, 11]",5,0.09941520467836201,-473,59,11,0.51130604288499,532,1
601,9:10,assassinate,True,26,"[3, 14, 9, 1, 11]",5,0.09941520467836201,-473,59,11,0.51130604288499,532,1
602,"(13,18)",,True,28,"[12, 13, 18, 2, 9]",5,0.103801169590643,-475,59,11,0.526413255360623,534,1
603,"(13,18)",,True,28,"[12, 13, 18, 2, 9]",5,0.103801169590643,-475,59,11,0.526413255360623,534,1
604,2:2,assassinate,True,26,"[15, 2, 7, 4, 10]",4,0.041423001949317,-477,59,10,0.46208576998050604,536,1
605,2:2,assassinate,True,26,"[15, 2, 7, 4, 10]",4,0.041423001949317,-477,59,10,0.46208576998050604,536,1
606,"(14,17)",,True,28,"[14, 8, 18, 15, 17]",4,0.044834307992202005,-479,59,10,0.514230019493177,538,1
607,"(14,17)",,True,28,"[14, 8, 18, 15, 17]",4,0.044834307992202005,-479,59,10,0.514230019493177,538,1
608,"(4,11)",,True,28,"[4, 14, 12, 11, 18]",4,0.044834307992202005,-481,59,9,0.44580896686159804,540,1
609,"(4,11)",,True,28,"[4, 14, 12, 11, 18]",4,0.044834307992202005,-481,59,9,0.44580896686159804,540,1
610,"(9,3)",,True,30,"[11, 19, 9, 2, 3]",5,0.100389863547758,-483,59,9,0.49454191033138406,542,1
611,"(9,3)",,True,30,"[11, 19, 9, 2, 3]",5,0.100389863547758,-483,59,9,0.49454191033138406,542,1
612,6:8,assassinate,True,27,"[1, 6, 2, 17, 9]",4,0.047758284600389,-485,59,9,0.45165692007797203,544,1
613,6:8,assassinate,True,27,"[1, 6, 2, 17, 9]",4,0.047758284600389,-485,59,9,0.45165692007797203,544,1
614,"(12,0)",,True,27,"[12, 3, 0, 16, 1]",4,0.026315789473684,-487,59,9,0.43177387914230003,546,1
615,"(12,0)",,True,27,"[12, 3, 0, 16, 1]",4,0.026315789473684,-487,59,9,0.43177387914230003,546,1
616,"(2,1)",,True,29,"[2, 3, 0, 1, 19]",4,0.018518518518518,-489,59,10,0.46686159844054503,548,1
617,"(2,1)",,True,29,"[2, 3, 0, 1, 19]",4,0.018518518518518,-489,59,10,0.46686159844054503,548,1
618,"(17,19)",,True,29,"[5, 18, 0, 17, 19]",4,0.035087719298245,-491,59,9,0.435185185185185,550,1
619,"(17,19)",,True,29,"[5, 18, 0, 17, 19]",4,0.035087719298245,-491,59,9,0.435185185185185,550,1
620,"(11,17)",,True,31,"[11, 17, 10, 7, 16]",4,0.025682261208576,-493,59,9,0.398391812865497,552,1
621,"(11,17)",,True,31,"[11, 17, 10, 7, 16]",4,0.025682261208576,-493,59,9,0.398391812865497,552,1
622,"(19,0)",,True,31,"[14, 9, 19, 0, 13]",3,0.017690058479532002,-495,59,9,0.375974658869395,554,1
623,"(19,0)",,True,31,"[14, 9, 19, 0, 13]",3,0.017690058479532002,-495,59,9,0.375974658869395,554,1
624,18:16,assassinate,True,24,"[7, 9, 18, 17, 19]",3,0.040545808966861004,-497,59,8,0.421442495126705,556,1
625,18:16,assassinate,True,24,"[7, 9, 18, 17, 19]",3,0.040545808966861004,-497,59,8,0.421442495126705,556,1
626,"(4,19)",,True,26,"[4, 7, 17, 19, 8]",4,0.06968810916179301,-499,59,8,0.35867446393762104,558,1
627,"(4,19)",,True,26,"[4, 7, 17, 19, 8]",4,0.06968810916179301,-499,59,8,0.35867446393762104,558,1
628,"(8,18)",,True,28,"[8, 5, 19, 18, 6]",4,0.067738791423001,-501,59,8,0.32651072124756303,560,1
629,"(8,18)",,True,28,"[8, 5, 19, 18, 6]",4,0.067738791423001,-501,59,8,0.32651072124756303,560,1
630,"(13,10)",,True,30,"[13, 6, 3, 18, 10]",5,0.102826510721247,-503,59,8,0.376218323586744,562,1
631,"(13,10)",,True,30,"[13, 6, 3, 18, 10]",5,0.102826510721247,-503,59,8,0.376218323586744,562,1
632,"(3,19)",,True,30,"[3, 19, 7, 4, 9]",6,0.18859649122807,-505,59,8,0.391325536062378,564,1
633,"(3,19)",,True,30,"[3, 19, 7, 4, 9]",6,0.18859649122807,-505,59,8,0.391325536062378,564,1
634,"(12,19)",,True,30,"[12, 10, 0, 5, 19]",6,0.21169590643274802,-507,59,7,0.33918128654970703,566,1
635,"(12,19)",,True,30,"[12, 10, 0, 5, 19]",6,0.21169590643274802,-507,59,7,0.33918128654970703,566,1
636,"(14,2)",,True,32,"[14, 10, 2, 13, 7]",7,0.238011695906432,-509,59,7,0.32066276803118904,568,1
637,"(14,2)",,True,32,"[14, 10, 2, 13, 7]",7,0.238011695906432,-509,59,7,0.32066276803118904,568,1
638,18:4,assassinate,True,31,"[19, 4, 6, 18, 2]",6,0.17914230019493102,-509,60,7,0.22456140350877102,569,1
639,18:4,assassinate,True,31,"[19, 4, 6, 18, 2]",6,0.17914230019493102,-509,60,7,0.22456140350877102,569,1
640,17:10,assassinate,True,27,"[2, 6, 16, 17, 5]",5,0.11588693957115001,-511,60,7,0.23157894736842102,571,1
641,17:10,assassinate,True,27,"[2, 6, 16, 17, 5]",5,0.11588693957115001,-511,60,7,0.23157894736842102,571,1
642,"(0,15)",,True,27,"[13, 0, 17, 15, 4]",4,0.07699805068226101,-513,60,7,0.22436647173489202,573,1
643,"(0,15)",,True,27,"[13, 0, 17, 15, 4]",4,0.07699805068226101,-513,60,7,0.22436647173489202,573,1
644,"(9,18)",,True,27,"[9, 18, 6, 5, 12]",4,0.09990253411306001,-515,60,6,0.180506822612085,575,1
645,"(9,18)",,True,27,"[9, 18, 6, 5, 12]",4,0.09990253411306001,-515,60,6,0.180506822612085,575,1
646,13:4,assassinate,True,26,"[14, 10, 13, 0, 19]",5,0.15545808966861502,-513,62,6,0.119103313840155,575,1
647,13:4,assassinate,True,26,"[14, 10, 13, 0, 19]",5,0.15545808966861502,-513,62,6,0.119103313840155,575,1
648,"(2,18)",,True,28,"[2, 10, 13, 6, 18]",6,0.120648844333054,-511,64,6,0.09007240323029701,575,1
649,"(2,18)",,True,28,"[2, 10, 13, 6, 18]",6,0.120648844333054,-511,64,6,0.09007240323029701,575,1
650,16:12,assassinate,True,24,"[3, 6, 16, 8, 19]",7,0.11842105263157801,-509,66,5,0.026803118908382002,575,1
651,16:12,assassinate,True,24,"[3, 6, 16, 8, 19]",7,0.11842105263157801,-509,66,5,0.026803118908382002,575,1
652,9:6,assassinate,True,22,"[18, 9, 3, 8, 0]",6,0.080409356725146,-507,68,5,0.043859649122807,575,1
653,9:6,assassinate,True,22,"[18, 9, 3, 8, 0]",6,0.080409356725146,-507,68,5,0.043859649122807,575,1
654,16:2,assassinate,True,22,"[3, 7, 18, 2, 16]",6,0.080409356725146,-505,70,5,0.043859649122807,575,1
655,16:2,assassinate,True,22,"[3, 7, 18, 2, 16]",6,0.080409356725146,-505,70,5,0.043859649122807,575,1
656,14:4,assassinate,True,21,"[6, 17, 7, 3, 14]",5,0.053606237816764005,-503,72,5,0.044834307992202005,575,1
657,14:4,assassinate,True,21,"[6, 17, 7, 3, 14]",5,0.053606237816764005,-503,72,5,0.044834307992202005,575,1
658,"(14,7)",,True,23,"[14, 12, 7, 6, 13]",5,0.053606237816764005,-501,74,5,0.042397660818713004,575,1
659,"(14,7)",,True,23,"[14, 12, 7, 6, 13]",5,0.053606237816764005,-501,74,5,0.042397660818713004,575,1
660,"(19,1)",,True,25,"[16, 19, 1, 9, 7]",5,0.034113060428849006,-501,75,6,0.130994152046783,576,1
661,"(19,1)",,True,25,"[16, 19, 1, 9, 7]",5,0.034113060428849006,-501,75,6,0.130994152046783,576,1
662,"(10,0)",,True,26,"[10, 15, 14, 0, 19]",4,0.017543859649122,-503,75,6,0.08187134502923901,578,1
663,"(10,0)",,True,26,"[10, 15, 14, 0, 19]",4,0.017543859649122,-503,75,6,0.08187134502923901,578,1
664,8:14,assassinate,True,20,"[8, 13, 7, 0, 19]",3,0.029239766081871003,-505,75,5,0.16959064327485301,580,1
665,8:14,assassinate,True,20,"[8, 13, 7, 0, 19]",3,0.029239766081871003,-505,75,5,0.16959064327485301,580,1
666,"(12,17)",,True,22,"[16, 12, 17, 18, 4]",3,0.029239766081871003,-507,75,5,0.18128654970760202,582,1
667,"(12,17)",,True,22,"[16, 12, 17, 18, 4]",3,0.029239766081871003,-507,75,5,0.18128654970760202,582,1
668,"(1,6)",,True,24,"[1, 15, 17, 6, 10]",3,0.040935672514619006,-509,75,6,0.19590643274853803,584,1
669,"(1,6)",,True,24,"[1, 15, 17, 6, 10]",3,0.040935672514619006,-509,75,6,0.19590643274853803,584,1
670,3:8,assassinate,True,21,"[13, 9, 3, 15, 18]",3,0.038011695906432004,-511,75,5,0.23196881091617902,586,1
671,3:8,assassinate,True,21,"[13, 9, 3, 15, 18]",3,0.038011695906432004,-511,75,5,0.23196881091617902,586,1
672,11:8,assassinate,True,18,"[16, 1, 19, 12, 11]",2,0.0,-513,75,5,0.30116959064327403,588,1
673,11:8,assassinate,True,18,"[16, 1, 19, 12, 11]",2,0.0,-513,75,5,0.30116959064327403,588,1
674,"(2,11)",,True,20,"[2, 4, 11, 0, 19]",2,0.0,-515,75,5,0.25438596491228,590,1
675,"(2,11)",,True,20,"[2, 4, 11, 0, 19]",2,0.0,-515,75,5,0.25438596491228,590,1
676,15:6,assassinate,True,18,"[0, 17, 5, 7, 15]",2,0.0,-517,75,5,0.26315789473684204,592,1
677,15:6,assassinate,True,18,"[0, 17, 5, 7, 15]",2,0.0,-517,75,5,0.26315789473684204,592,1
678,"(15,10)",,True,18,"[15, 2, 18, 6, 10]",2,0.0,-519,75,5,0.286549707602339,594,1
679,"(15,10)",,True,18,"[15, 2, 18, 6, 10]",2,0.0,-519,75,5,0.286549707602339,594,1
680,18:8,assassinate,True,14,"[12, 9, 18, 8, 14]",2,0.0,-521,75,5,0.251461988304093,596,1
681,18:8,assassinate,True,14,"[12, 9, 18, 8, 14]",2,0.0,-521,75,5,0.251461988304093,596,1
682,"(8,17)",,True,14,"[8, 0, 17, 18, 9]",2,0.0,-523,75,4,0.210526315789473,598,1
683,"(8,17)",,True,14,"[8, 0, 17, 18, 9]",2,0.0,-523,75,4,0.210526315789473,598,1
684,"(12,4)",,True,16,"[12, 17, 0, 4, 8]",2,0.0,-525,75,4,0.140350877192982,600,1
685,"(12,4)",,True,16,"[12, 17, 0, 4, 8]",2,0.0,-525,75,4,0.140350877192982,600,1
686,"(10,12)",,True,18,"[10, 12, 5, 14, 15]",2,0.0,-527,75,4,0.140350877192982,602,1
687,"(10,12)",,True,18,"[10, 12, 5, 14, 15]",2,0.0,-527,75,4,0.140350877192982,602,1
688,"(6,7)",,True,21,"[6, 0, 3, 7, 5]",4,0.10077972709551601,-527,76,4,0.16686159844054502,603,1
689,"(6,7)",,True,21,"[6, 0, 3, 7, 5]",4,0.10077972709551601,-527,76,4,0.16686159844054502,603,1
690,4:8,assassinate,True,18,"[9, 15, 8, 4, 5]",4,0.08674463937621801,-529,76,4,0.16569200779727,605,1
691,4:8,assassinate,True,18,"[9, 15, 8, 4, 5]",4,0.08674463937621801,-529,76,4,0.16569200779727,605,1
692,"(1,16)",,True,20,"[1, 16, 14, 4, 8]",4,0.103801169590643,-529,77,5,0.14278752436647102,606,1
693,"(1,16)",,True,20,"[1, 16, 14, 4, 8]",4,0.103801169590643,-529,77,5,0.14278752436647102,606,1
694,14:6,assassinate,True,18,"[11, 7, 5, 10, 14]",3,0.070175438596491,-529,78,5,0.11111111111111101,607,1
695,14:6,assassinate,True,18,"[11, 7, 5, 10, 14]",3,0.070175438596491,-529,78,5,0.11111111111111101,607,1
696,6:10,assassinate,True,14,"[6, 17, 18, 2, 16]",2,0.06432748538011601,-531,78,4,0.16959064327485301,609,1
697,6:10,assassinate,True,14,"[6, 17, 18, 2, 16]",2,0.06432748538011601,-531,78,4,0.16959064327485301,609,1
698,"(10,19)",,True,14,"[10, 2, 19, 15, 3]",2,0.070175438596491,-533,78,4,0.16959064327485301,611,1
699,"(10,19)",,True,14,"[10, 2, 19, 15, 3]",2,0.070175438596491,-533,78,4,0.16959064327485301,611,1
700,"(12,9)",,True,16,"[0, 12, 9, 2, 17]",2,0.070175438596491,-535,78,4,0.16959064327485301,613,1
701,"(12,9)",,True,16,"[0, 12, 9, 2, 17]",2,0.070175438596491,-535,78,4,0.16959064327485301,613,1
702,"(16,13)",,True,18,"[16, 9, 13, 2, 8]",2,0.08187134502923901,-537,78,4,0.23976608187134502,615,1
703,"(16,13)",,True,18,"[16, 9, 13, 2, 8]",2,0.08187134502923901,-537,78,4,0.23976608187134502,615,1
704,"(1,15)",,True,20,"[12, 10, 1, 15, 9]",2,0.07212475633528201,-539,78,5,0.24366471734892703,617,1
705,"(1,15)",,True,20,"[12, 10, 1, 15, 9]",2,0.07212475633528201,-539,78,5,0.24366471734892703,617,1
706,"(17,2)",,True,20,"[17, 2, 0, 14, 7]",2,0.060428849902534006,-541,78,4,0.11500974658869301,619,1
707,"(17,2)",,True,20,"[17, 2, 0, 14, 7]",2,0.060428849902534006,-541,78,4,0.11500974658869301,619,1
708,19:10,assassinate,True,16,"[19, 14, 10, 1, 15]",2,0.052631578947368,-541,79,3,0.09356725146198801,620,1
709,19:10,assassinate,True,16,"[19, 14, 10, 1, 15]",2,0.052631578947368,-541,79,3,0.09356725146198801,620,1
710,18:6,assassinate,True,14,"[19, 7, 18, 8, 9]",1,0.0,-543,79,3,0.05847953216374201,622,1
711,18:6,assassinate,True,14,"[19, 7, 18, 8, 9]",1,0.0,-543,79,3,0.05847953216374201,622,1
712,"(6,10)",,True,16,"[6, 0, 10, 3, 18]",1,0.0,-545,79,3,0.06432748538011601,624,1
713,"(6,10)",,True,16,"[6, 0, 10, 3, 18]",1,0.0,-545,79,3,0.06432748538011601,624,1
714,"(15,3)",,True,16,"[4, 15, 8, 9, 3]",1,0.0,-547,79,3,0.06432748538011601,626,1
715,"(15,3)",,True,16,"[4, 15, 8, 9, 3]",1,0.0,-547,79,3,0.06432748538011601,626,1
716,"(2,7)",,True,16,"[4, 2, 7, 8, 11]",1,0.0,-549,79,3,0.06432748538011601,628,1
717,"(2,7)",,True,16,"[4, 2, 7, 8, 11]",1,0.0,-549,79,3,0.06432748538011601,628,1
718,"(13,6)",,True,18,"[13, 16, 11, 19, 6]",2,0.024366471734892002,-549,80,3,0.033138401559454,629,1
719,"(13,6)",,True,18,"[13, 16, 11, 19, 6]",2,0.024366471734892002,-549,80,3,0.033138401559454,629,1
720,"(15,2)",,True,20,"[11, 4, 15, 2, 14]",2,0.011695906432748001,-550,80,3,0.020467836257309,630,1
721,"(15,2)",,True,20,"[11, 4, 15, 2, 14]",2,0.011695906432748001,-550,80,3,0.020467836257309,630,1
722,"(7,3)",,True,20,"[7, 3, 14, 18, 9]",2,0.011695906432748001,-552,80,3,0.020467836257309,632,1
723,"(7,3)",,True,20,"[7, 3, 14, 18, 9]",2,0.011695906432748001,-552,80,3,0.020467836257309,632,1
724,"(1,4)",,True,20,"[1, 8, 4, 19, 15]",2,0.038986354775828,-554,80,4,0.106237816764132,634,1
725,"(1,4)",,True,20,"[1, 8, 4, 19, 15]",2,0.038986354775828,-554,80,4,0.106237816764132,634,1
726,17:10,assassinate,True,16,"[13, 17, 19, 5, 2]",1,0.0,-556,80,4,0.134502923976608,636,1
727,17:10,assassinate,True,16,"[13, 17, 19, 5, 2]",1,0.0,-556,80,4,0.134502923976608,636,1
728,"(4,14)",,True,16,"[13, 4, 7, 14, 0]",1,0.0,-558,80,4,0.18713450292397601,638,1
729,"(4,14)",,True,16,"[13, 4, 7, 14, 0]",1,0.0,-558,80,4,0.18713450292397601,638,1
730,5:8,assassinate,True,12,"[6, 5, 10, 19, 11]",1,0.0,-560,80,4,0.11695906432748501,640,1
731,5:8,assassinate,True,12,"[6, 5, 10, 19, 11]",1,0.0,-560,80,4,0.11695906432748501,640,1
732,"(8,1)",,True,12,"[4, 8, 5, 9, 1]",1,0.0,-562,80,5,0.14619883040935602,642,1
733,"(8,1)",,True,12,"[4, 8, 5, 9, 1]",1,0.0,-562,80,5,0.14619883040935602,642,1
734,"(19,2)",,True,12,"[19, 2, 14, 17, 0]",1,0.0,-564,80,5,0.105263157894736,644,1
735,"(19,2)",,True,12,"[19, 2, 14, 17, 0]",1,0.0,-564,80,5,0.105263157894736,644,1
736,"(7,8)",,True,14,"[7, 2, 11, 9, 8]",1,0.0,-566,80,5,0.269005847953216,646,1
737,"(7,8)",,True,14,"[7, 2, 11, 9, 8]",1,0.0,-566,80,5,0.269005847953216,646,1
738,"(2,10)",,True,14,"[11, 1, 2, 12, 10]",1,0.0,-568,80,5,0.269005847953216,648,1
739,"(2,10)",,True,14,"[11, 1, 2, 12, 10]",1,0.0,-568,80,5,0.269005847953216,648,1
740,"(1,16)",,True,16,"[8, 18, 1, 16, 13]",1,0.0,-570,80,6,0.228070175438596,650,1
741,"(1,16)",,True,16,"[8, 18, 1, 16, 13]",1,0.0,-570,80,6,0.228070175438596,650,1
742,"(19,11)",,True,16,"[19, 11, 3, 14, 18]",1,0.0,-572,80,6,0.19298245614035,652,1
743,"(19,11)",,True,16,"[19, 11, 3, 14, 18]",1,0.0,-572,80,6,0.19298245614035,652,1
744,"(9,15)",,True,18,"[9, 15, 0, 12, 3]",2,0.023391812865497002,-574,80,6,0.20467836257309902,654,1
745,"(9,15)",,True,18,"[9, 15, 0, 12, 3]",2,0.023391812865497002,-574,80,6,0.20467836257309902,654,1
746,"(19,15)",,True,18,"[10, 19, 15, 0, 11]",2,0.046783625730994004,-576,80,5,0.28265107212475604,656,1
747,"(19,15)",,True,18,"[10, 19, 15, 0, 11]",2,0.046783625730994004,-576,80,5,0.28265107212475604,656,1
748,2:6,assassinate,True,17,"[9, 1, 12, 18, 2]",1,0.0,-578,80,5,0.25438596491228,658,1
749,2:6,assassinate,True,17,"[9, 1, 12, 18, 2]",1,0.0,-578,80,5,0.25438596491228,658,1
750,"(16,14)",,True,19,"[7, 8, 16, 13, 14]",1,0.0,-580,80,5,0.297270955165691,660,1
751,"(16,14)",,True,19,"[7, 8, 16, 13, 14]",1,0.0,-580,80,5,0.297270955165691,660,1
752,"(3,14)",,True,21,"[3, 17, 14, 11, 7]",1,0.0,-582,80,5,0.32358674463937603,662,1
753,"(3,14)",,True,21,"[3, 17, 14, 11, 7]",1,0.0,-582,80,5,0.32358674463937603,662,1
754,"(15,11)",,True,23,"[3, 19, 15, 8, 11]",1,0.0,-584,80,5,0.17348927875243603,664,1
755,"(15,11)",,True,23,"[3, 19, 15, 8, 11]",1,0.0,-584,80,5,0.17348927875243603,664,1
756,"(8,16)",,True,23,"[15, 8, 3, 16, 12]",1,0.0,-586,80,4,0.126218323586744,666,1
757,"(8,16)",,True,23,"[15, 8, 3, 16, 12]",1,0.0,-586,80,4,0.126218323586744,666,1
758,"(17,11)",,True,23,"[17, 5, 11, 19, 13]",1,0.0,-588,80,3,0.101364522417153,668,1
759,"(17,11)",,True,23,"[17, 5, 11, 19, 13]",1,0.0,-588,80,3,0.101364522417153,668,1
760,"(13,1)",,True,23,"[13, 6, 1, 16, 4]",1,0.0,-590,80,3,0.132553606237816,670,1
761,"(13,1)",,True,23,"[13, 6, 1, 16, 4]",1,0.0,-590,80,3,0.132553606237816,670,1
762,19:6,assassinate,True,21,"[9, 19, 0, 18, 5]",2,0.024853801169590004,-592,80,3,0.08479532163742601,672,1
763,19:6,assassinate,True,21,"[9, 19, 0, 18, 5]",2,0.024853801169590004,-592,80,3,0.08479532163742601,672,1
764,"(1,9)",,True,23,"[1, 12, 13, 16, 9]",2,0.014327485380116,-594,80,4,0.096491228070175,674,1
765,"(1,9)",,True,23,"[1, 12, 13, 16, 9]",2,0.014327485380116,-594,80,4,0.096491228070175,674,1
766,"(17,13)",,True,25,"[18, 14, 17, 8, 13]",2,0.005360623781676,-596,80,4,0.094374825953773,676,1
767,"(17,13)",,True,25,"[18, 14, 17, 8, 13]",2,0.005360623781676,-596,80,4,0.094374825953773,676,1
768,"(1,19)",,True,25,"[9, 1, 10, 8, 19]",2,0.020175438596491003,-598,80,4,0.23333333333333303,678,1
769,"(1,19)",,True,25,"[9, 1, 10, 8, 19]",2,0.020175438596491003,-598,80,4,0.23333333333333303,678,1
770,"(5,2)",,True,27,"[5, 2, 12, 19, 6]",2,0.007504873294346,-600,80,4,0.13391812865497002,680,1
771,"(5,2)",,True,27,"[5, 2, 12, 19, 6]",2,0.007504873294346,-600,80,4,0.13391812865497002,680,1
772,"(4,9)",,True,29,"[4, 6, 0, 13, 9]",2,0.007212475633528,-602,80,4,0.09688109161793301,682,1
773,"(4,9)",,True,29,"[4, 6, 0, 13, 9]",2,0.007212475633528,-602,80,4,0.09688109161793301,682,1
774,"(1,14)",,True,31,"[15, 4, 1, 0, 14]",2,0.005068226120857,-604,80,5,0.22017543859649102,684,1
775,"(1,14)",,True,31,"[15, 4, 1, 0, 14]",2,0.005068226120857,-604,80,5,0.22017543859649102,684,1
776,15:10,assassinate,True,27,"[12, 14, 13, 15, 17]",1,0.0,-606,80,5,0.21871345029239703,686,1
777,15:10,assassinate,True,27,"[12, 14, 13, 15, 17]",1,0.0,-606,80,5,0.21871345029239703,686,1
778,"(17,1)",,True,27,"[17, 1, 12, 8, 14]",1,0.0,-608,80,5,0.21491228070175403,688,1
779,"(17,1)",,True,27,"[17, 1, 12, 8, 14]",1,0.0,-608,80,5,0.21491228070175403,688,1
780,10:6,assassinate,True,26,"[2, 10, 8, 19, 15]",1,0.0,-610,80,5,0.191520467836257,690,1
781,10:6,assassinate,True,26,"[2, 10, 8, 19, 15]",1,0.0,-610,80,5,0.191520467836257,690,1
782,"(10,9)",,True,28,"[10, 7, 16, 11, 9]",1,0.0,-612,80,5,0.213171818434976,692,1
783,"(10,9)",,True,28,"[10, 7, 16, 11, 9]",1,0.0,-612,80,5,0.213171818434976,692,1
784,"(12,8)",,True,28,"[3, 0, 7, 12, 8]",1,0.0,-614,80,5,0.213171818434976,694,1
785,"(12,8)",,True,28,"[3, 0, 7, 12, 8]",1,0.0,-614,80,5,0.213171818434976,694,1
786,"(10,15)",,True,30,"[10, 15, 3, 4, 7]",2,0.0,-616,80,5,0.19270398217766602,696,1
787,"(10,15)",,True,30,"[10, 15, 3, 4, 7]",2,0.0,-616,80,5,0.19270398217766602,696,1
788,"(15,14)",,True,32,"[3, 8, 5, 15, 14]",3,0.024366471734892002,-618,80,5,0.15323029796714002,698,1
789,"(15,14)",,True,32,"[3, 8, 5, 15, 14]",3,0.024366471734892002,-618,80,5,0.15323029796714002,698,1
790,19:8,assassinate,True,29,"[3, 18, 7, 11, 19]",3,0.033138401559454,-620,80,5,0.177387914230019,700,1
791,19:8,assassinate,True,29,"[3, 18, 7, 11, 19]",3,0.033138401559454,-620,80,5,0.177387914230019,700,1
792,"(19,12)",,True,31,"[3, 19, 10, 7, 12]",3,0.026315789473684,-622,80,5,0.183723196881091,702,1
793,"(19,12)",,True,31,"[3, 19, 10, 7, 12]",3,0.026315789473684,-622,80,5,0.183723196881091,702,1
794,17:12,assassinate,True,26,"[18, 8, 7, 17, 5]",3,0.047758284600389,-624,80,4,0.250974658869395,704,1
795,17:12,assassinate,True,26,"[18, 8, 7, 17, 5]",3,0.047758284600389,-624,80,4,0.250974658869395,704,1
796,10:8,assassinate,True,21,"[12, 10, 15, 17, 18]",2,0.0,-626,80,4,0.31773879142300104,706,1
797,10:8,assassinate,True,21,"[12, 10, 15, 17, 18]",2,0.0,-626,80,4,0.31773879142300104,706,1
798,12:6,assassinate,True,19,"[12, 13, 17, 2, 16]",2,0.0,-628,80,4,0.177387914230019,708,1
799,12:6,assassinate,True,19,"[12, 13, 17, 2, 16]",2,0.0,-628,80,4,0.177387914230019,708,1
