,actionDetail,actionType,bonusActivated,graphEdgeCount,nodeList,p1Degree,p1Score,p1WinAdvantage,p1WinCount,p2Degree,p2Score,p2WinCount,player
0,"(2,1)",,False,2,"[2, 7, 0, 16, 1]",0,-0.001,-1,0,1,0.0,1,1
1,"(2,1)",,False,2,"[2, 7, 0, 16, 1]",0,-0.001,-1,0,1,0.0,1,1
2,"(1,19)",,True,4,"[1, 3, 19, 17, 2]",0,-0.001,-3,0,2,0.017543859649122,3,1
3,"(1,19)",,True,4,"[1, 3, 19, 17, 2]",0,-0.001,-3,0,2,0.017543859649122,3,1
4,"(7,2)",,False,6,"[7, 17, 19, 13, 2]",0,-0.001,-5,0,2,0.035087719298245,5,1
5,"(7,2)",,False,6,"[7, 17, 19, 13, 2]",0,-0.001,-5,0,2,0.035087719298245,5,1
6,"(14,11)",,False,8,"[14, 11, 19, 13, 10]",0,-0.001,-7,0,3,0.046783625730994004,7,1
7,"(14,11)",,False,8,"[14, 11, 19, 13, 10]",0,-0.001,-7,0,3,0.046783625730994004,7,1
8,"(1,6)",,False,10,"[1, 11, 6, 17, 8]",0,-0.001,-9,0,4,0.08187134502923901,9,1
9,"(1,6)",,False,10,"[1, 11, 6, 17, 8]",0,-0.001,-9,0,4,0.08187134502923901,9,1
10,"(9,2)",,False,12,"[11, 13, 9, 2, 15]",0,-0.001,-11,0,4,0.096491228070175,11,1
11,"(9,2)",,False,12,"[11, 13, 9, 2, 15]",0,-0.001,-11,0,4,0.096491228070175,11,1
12,"(1,13)",,False,13,"[1, 7, 0, 13, 5]",0,-0.001,-13,0,5,0.10233918128654901,13,1
13,"(1,13)",,False,13,"[1, 7, 0, 13, 5]",0,-0.001,-13,0,5,0.10233918128654901,13,1
14,"(1,17)",,False,15,"[1, 6, 18, 17, 19]",0,-0.001,-15,0,6,0.154970760233918,15,1
15,"(1,17)",,False,15,"[1, 6, 18, 17, 19]",0,-0.001,-15,0,6,0.154970760233918,15,1
16,"(4,1)",,False,15,"[19, 4, 1, 0, 6]",0,-0.001,-17,0,7,0.237816764132553,17,1
17,"(4,1)",,False,15,"[19, 4, 1, 0, 6]",0,-0.001,-17,0,7,0.237816764132553,17,1
18,"(2,16)",,False,17,"[8, 2, 7, 0, 16]",0,-0.001,-19,0,7,0.255360623781676,19,1
19,"(2,16)",,False,17,"[8, 2, 7, 0, 16]",0,-0.001,-19,0,7,0.255360623781676,19,1
20,"(3,13)",,True,19,"[5, 9, 3, 6, 13]",0,-0.001,-21,0,7,0.290448343079922,21,1
21,"(3,13)",,True,19,"[5, 9, 3, 6, 13]",0,-0.001,-21,0,7,0.290448343079922,21,1
22,"(0,1)",,False,19,"[2, 8, 0, 9, 1]",1,0.0,-23,0,7,0.342105263157894,23,1
23,"(0,1)",,False,19,"[2, 8, 0, 9, 1]",1,0.0,-23,0,7,0.342105263157894,23,1
24,"(11,5)",,False,19,"[11, 15, 5, 0, 18]",1,0.0,-25,0,7,0.342105263157894,25,1
25,"(11,5)",,False,19,"[11, 15, 5, 0, 18]",1,0.0,-25,0,7,0.342105263157894,25,1
26,"(12,5)",,False,21,"[12, 5, 8, 9, 13]",1,0.0,-27,0,7,0.39376218323586704,27,1
27,"(12,5)",,False,21,"[12, 5, 8, 9, 13]",1,0.0,-27,0,7,0.39376218323586704,27,1
28,"(6,18)",,False,23,"[6, 9, 18, 11, 14]",1,0.0,-29,0,7,0.33723196881091605,29,1
29,"(6,18)",,False,23,"[6, 9, 18, 11, 14]",1,0.0,-29,0,7,0.33723196881091605,29,1
30,"(17,2)",,False,21,"[17, 9, 7, 2, 11]",1,0.0,-31,0,7,0.26851851851851805,31,1
31,"(17,2)",,False,21,"[17, 9, 7, 2, 11]",1,0.0,-31,0,7,0.26851851851851805,31,1
32,"(4,5)",,True,21,"[4, 18, 6, 5, 9]",0,-0.001,-33,0,6,0.256822612085769,33,1
33,"(4,5)",,True,21,"[4, 18, 6, 5, 9]",0,-0.001,-33,0,6,0.256822612085769,33,1
34,"(8,2)",,False,23,"[3, 13, 8, 2, 7]",0,-0.001,-35,0,6,0.21637426900584703,35,1
35,"(8,2)",,False,23,"[3, 13, 8, 2, 7]",0,-0.001,-35,0,6,0.21637426900584703,35,1
36,"(4,8)",,True,21,"[4, 10, 12, 8, 5]",0,-0.001,-37,0,6,0.31578947368421,37,1
37,"(4,8)",,True,21,"[4, 10, 12, 8, 5]",0,-0.001,-37,0,6,0.31578947368421,37,1
38,"(11,7)",,True,23,"[12, 11, 3, 17, 7]",0,-0.001,-39,0,6,0.25341130604288503,39,1
39,"(11,7)",,True,23,"[12, 11, 3, 17, 7]",0,-0.001,-39,0,6,0.25341130604288503,39,1
40,"(8,3)",,False,23,"[17, 15, 13, 8, 3]",0,-0.001,-41,0,6,0.309941520467836,41,1
41,"(8,3)",,False,23,"[17, 15, 13, 8, 3]",0,-0.001,-41,0,6,0.309941520467836,41,1
42,"(4,0)",,False,25,"[2, 4, 17, 12, 0]",1,0.0,-43,0,6,0.26608187134502903,43,1
43,"(4,0)",,False,25,"[2, 4, 17, 12, 0]",1,0.0,-43,0,6,0.26608187134502903,43,1
44,"(4,14)",,True,27,"[4, 2, 14, 17, 19]",1,0.0,-45,0,6,0.22953216374269,45,1
45,"(4,14)",,True,27,"[4, 2, 14, 17, 19]",1,0.0,-45,0,6,0.22953216374269,45,1
46,"(15,3)",,False,29,"[18, 15, 3, 12, 9]",2,0.019493177387914,-47,0,6,0.20955165692007702,47,1
47,"(15,3)",,False,29,"[18, 15, 3, 12, 9]",2,0.019493177387914,-47,0,6,0.20955165692007702,47,1
48,11:12,assassinate,True,24,"[11, 10, 6, 5, 19]",1,0.0,-49,0,6,0.20467836257309902,49,1
49,11:12,assassinate,True,24,"[11, 10, 6, 5, 19]",1,0.0,-49,0,6,0.20467836257309902,49,1
50,"(10,3)",,False,26,"[10, 3, 18, 2, 9]",2,0.023391812865497002,-51,0,6,0.19103313840155903,51,1
51,"(10,3)",,False,26,"[10, 3, 18, 2, 9]",2,0.023391812865497002,-51,0,6,0.19103313840155903,51,1
52,"(1,9)",,False,28,"[1, 17, 13, 8, 9]",2,0.023391812865497002,-53,0,7,0.256335282651072,53,1
53,"(1,9)",,False,28,"[1, 17, 13, 8, 9]",2,0.023391812865497002,-53,0,7,0.256335282651072,53,1
54,"(3,16)",,False,30,"[7, 3, 16, 12, 10]",2,0.017543859649122,-55,0,7,0.216972988025619,55,1
55,"(3,16)",,False,30,"[7, 3, 16, 12, 10]",2,0.017543859649122,-55,0,7,0.216972988025619,55,1
56,18:4,assassinate,True,27,"[4, 7, 8, 18, 14]",1,0.0,-57,0,6,0.18908382066276802,57,1
57,18:4,assassinate,True,27,"[4, 7, 8, 18, 14]",1,0.0,-57,0,6,0.18908382066276802,57,1
58,"(7,2)",,False,27,"[0, 7, 2, 4, 3]",1,0.0,-59,0,6,0.143274853801169,59,1
59,"(7,2)",,False,27,"[0, 7, 2, 4, 3]",1,0.0,-59,0,6,0.143274853801169,59,1
60,8:16,assassinate,True,20,"[15, 6, 8, 9, 19]",1,0.0,-61,0,5,0.18713450292397601,61,1
61,8:16,assassinate,True,20,"[15, 6, 8, 9, 19]",1,0.0,-61,0,5,0.18713450292397601,61,1
62,6:10,assassinate,True,16,"[4, 12, 16, 7, 6]",1,0.0,-63,0,4,0.18421052631578902,63,1
63,6:10,assassinate,True,16,"[4, 12, 16, 7, 6]",1,0.0,-63,0,4,0.18421052631578902,63,1
64,"(1,16)",,False,18,"[10, 1, 12, 16, 6]",2,0.070175438596491,-63,1,5,0.252436647173489,64,1
65,"(1,16)",,False,18,"[10, 1, 12, 16, 6]",2,0.070175438596491,-63,1,5,0.252436647173489,64,1
66,"(11,9)",,False,20,"[15, 11, 13, 7, 9]",2,0.09356725146198801,-65,1,5,0.357699805068226,66,1
67,"(11,9)",,False,20,"[15, 11, 13, 7, 9]",2,0.09356725146198801,-65,1,5,0.357699805068226,66,1
68,"(8,1)",,False,22,"[18, 0, 8, 1, 13]",2,0.09356725146198801,-67,1,6,0.39376218323586704,68,1
69,"(8,1)",,False,22,"[18, 0, 8, 1, 13]",2,0.09356725146198801,-67,1,6,0.39376218323586704,68,1
70,"(13,5)",,False,22,"[6, 13, 7, 5, 17]",2,0.023391812865497002,-69,1,5,0.262962962962962,70,1
71,"(13,5)",,False,22,"[6, 13, 7, 5, 17]",2,0.023391812865497002,-69,1,5,0.262962962962962,70,1
72,"(2,18)",,False,24,"[7, 17, 2, 6, 18]",2,0.023391812865497002,-71,1,5,0.25048732943469704,72,1
73,"(2,18)",,False,24,"[7, 17, 2, 6, 18]",2,0.023391812865497002,-71,1,5,0.25048732943469704,72,1
74,"(3,4)",,False,27,"[18, 3, 4, 2, 16]",2,0.0,-73,1,5,0.15204678362573001,74,1
75,"(3,4)",,False,27,"[18, 3, 4, 2, 16]",2,0.0,-73,1,5,0.15204678362573001,74,1
76,"(7,4)",,False,29,"[16, 14, 7, 9, 4]",2,0.0,-75,1,5,0.157894736842105,76,1
77,"(7,4)",,False,29,"[16, 14, 7, 9, 4]",2,0.0,-75,1,5,0.157894736842105,76,1
78,"(8,19)",,False,31,"[8, 14, 9, 16, 19]",2,0.0,-77,1,5,0.24093567251461903,78,1
79,"(8,19)",,False,31,"[8, 14, 9, 16, 19]",2,0.0,-77,1,5,0.24093567251461903,78,1
80,13:10,assassinate,True,27,"[17, 13, 4, 7, 10]",2,0.0,-79,1,5,0.234405458089668,80,1
81,13:10,assassinate,True,27,"[17, 13, 4, 7, 10]",2,0.0,-79,1,5,0.234405458089668,80,1
82,"(10,1)",,False,29,"[5, 4, 7, 10, 1]",3,0.070077972709551,-81,1,6,0.187329434697855,82,1
83,"(10,1)",,False,29,"[5, 4, 7, 10, 1]",3,0.070077972709551,-81,1,6,0.187329434697855,82,1
84,"(1,8)",,True,29,"[11, 1, 8, 2, 7]",3,0.066276803118908,-81,2,6,0.19200779727095502,83,1
85,"(1,8)",,True,29,"[11, 1, 8, 2, 7]",3,0.066276803118908,-81,2,6,0.19200779727095502,83,1
86,"(13,9)",,False,31,"[12, 4, 2, 13, 9]",3,0.066276803118908,-83,2,6,0.196783625730994,85,1
87,"(13,9)",,False,31,"[12, 4, 2, 13, 9]",3,0.066276803118908,-83,2,6,0.196783625730994,85,1
88,"(2,1)",,True,33,"[4, 17, 2, 14, 1]",4,0.11513505987190101,-85,2,7,0.23713450292397603,87,1
89,"(2,1)",,True,33,"[4, 17, 2, 14, 1]",4,0.11513505987190101,-85,2,7,0.23713450292397603,87,1
90,"(8,0)",,True,31,"[8, 16, 10, 3, 0]",3,0.045516569200779004,-87,2,7,0.285769980506822,89,1
91,"(8,0)",,True,31,"[8, 16, 10, 3, 0]",3,0.045516569200779004,-87,2,7,0.285769980506822,89,1
92,"(18,13)",,False,33,"[3, 18, 4, 13, 11]",4,0.127318295739348,-89,2,7,0.22651072124756302,91,1
93,"(18,13)",,False,33,"[3, 18, 4, 13, 11]",4,0.127318295739348,-89,2,7,0.22651072124756302,91,1
94,"(6,17)",,False,35,"[6, 18, 0, 9, 17]",4,0.071665274296853,-91,2,7,0.17958785853522602,93,1
95,"(6,17)",,False,35,"[6, 18, 0, 9, 17]",4,0.071665274296853,-91,2,7,0.17958785853522602,93,1
96,"(7,1)",,False,35,"[10, 7, 9, 1, 4]",4,0.10356446672236101,-93,2,7,0.160623781676413,95,1
97,"(7,1)",,False,35,"[10, 7, 9, 1, 4]",4,0.10356446672236101,-93,2,7,0.160623781676413,95,1
98,"(17,5)",,False,35,"[7, 11, 17, 5, 18]",5,0.177527151211361,-91,4,7,0.17564745196324102,95,1
99,"(17,5)",,False,35,"[7, 11, 17, 5, 18]",5,0.177527151211361,-91,4,7,0.17564745196324102,95,1
100,"(16,17)",,False,35,"[16, 19, 17, 14, 6]",6,0.219395711500974,-89,6,7,0.18992852501624402,95,1
101,"(16,17)",,False,35,"[16, 19, 17, 14, 6]",6,0.219395711500974,-89,6,7,0.18992852501624402,95,1
102,"(5,15)",,False,38,"[18, 5, 15, 7, 10]",6,0.170117845117845,-87,8,7,0.11385407964355301,95,1
103,"(5,15)",,False,38,"[18, 5, 15, 7, 10]",6,0.170117845117845,-87,8,7,0.11385407964355301,95,1
104,"(16,5)",,False,40,"[14, 16, 5, 0, 11]",6,0.15292397660818702,-85,10,7,0.090629351155666,95,1
105,"(16,5)",,False,40,"[14, 16, 5, 0, 11]",6,0.15292397660818702,-85,10,7,0.090629351155666,95,1
106,"(4,8)",,False,40,"[4, 8, 11, 19, 14]",6,0.094931773879142,-83,12,7,0.094235588972431,95,1
107,"(4,8)",,False,40,"[4, 8, 11, 19, 14]",6,0.094931773879142,-83,12,7,0.094235588972431,95,1
108,"(8,1)",,False,41,"[16, 8, 18, 6, 1]",6,0.131466486729644,-81,14,8,0.11717488164856502,95,1
109,"(8,1)",,False,41,"[16, 8, 18, 6, 1]",6,0.131466486729644,-81,14,8,0.11717488164856502,95,1
110,"(4,12)",,False,41,"[18, 4, 17, 13, 12]",6,0.083089668615984,-81,15,8,0.130750487329434,96,1
111,"(4,12)",,False,41,"[18, 4, 17, 13, 12]",6,0.083089668615984,-81,15,8,0.130750487329434,96,1
112,"(13,2)",,False,44,"[13, 19, 2, 5, 4]",8,0.11361041492620401,-81,16,8,0.12408799777220801,97,1
113,"(13,2)",,False,44,"[13, 19, 2, 5, 4]",8,0.11361041492620401,-81,16,8,0.12408799777220801,97,1
114,"(13,1)",,True,46,"[14, 13, 9, 0, 1]",8,0.100355054302422,-83,16,9,0.155666945140629,99,1
115,"(13,1)",,True,46,"[14, 13, 9, 0, 1]",8,0.100355054302422,-83,16,9,0.155666945140629,99,1
116,"(13,2)",,False,46,"[3, 19, 13, 2, 14]",9,0.131230854915065,-85,16,9,0.161853708344936,101,1
117,"(13,2)",,False,46,"[3, 19, 13, 2, 14]",9,0.131230854915065,-85,16,9,0.161853708344936,101,1
118,"(18,1)",,False,46,"[10, 18, 16, 3, 1]",9,0.128627123363965,-87,16,9,0.16609579504316302,103,1
119,"(18,1)",,False,46,"[10, 18, 16, 3, 1]",9,0.128627123363965,-87,16,9,0.16609579504316302,103,1
120,"(8,0)",,True,46,"[4, 8, 7, 0, 3]",9,0.135157337788916,-87,17,9,0.15069618490671102,104,1
121,"(8,0)",,True,46,"[4, 8, 7, 0, 3]",9,0.135157337788916,-87,17,9,0.15069618490671102,104,1
122,"(4,8)",,False,44,"[13, 9, 4, 8, 3]",9,0.14566276803118902,-87,18,8,0.189032767102942,105,1
123,"(4,8)",,False,44,"[13, 9, 4, 8, 3]",9,0.14566276803118902,-87,18,8,0.189032767102942,105,1
124,"(7,4)",,False,42,"[7, 2, 4, 18, 11]",9,0.172758284600389,-87,19,7,0.18961756242457903,106,1
125,"(7,4)",,False,42,"[7, 2, 4, 18, 11]",9,0.172758284600389,-87,19,7,0.18961756242457903,106,1
126,"(13,15)",,False,44,"[6, 13, 5, 15, 12]",9,0.145029239766081,-87,20,7,0.16378910238559302,107,1
127,"(13,15)",,False,44,"[6, 13, 5, 15, 12]",9,0.145029239766081,-87,20,7,0.16378910238559302,107,1
128,"(13,10)",,False,47,"[13, 10, 2, 14, 6]",11,0.20650236702868202,-85,22,7,0.16542281630000902,107,1
129,"(13,10)",,False,47,"[13, 10, 2, 14, 6]",11,0.20650236702868202,-85,22,7,0.16542281630000902,107,1
130,"(7,5)",,False,47,"[7, 14, 5, 12, 15]",12,0.279775828460038,-83,24,7,0.11598208484173302,107,1
131,"(7,5)",,False,47,"[7, 14, 5, 12, 15]",12,0.279775828460038,-83,24,7,0.11598208484173302,107,1
132,"(4,11)",,False,47,"[4, 11, 2, 8, 9]",12,0.293240044555834,-81,26,7,0.11877610693400101,107,1
133,"(4,11)",,False,47,"[4, 11, 2, 8, 9]",12,0.293240044555834,-81,26,7,0.11877610693400101,107,1
134,"(4,13)",,False,49,"[5, 4, 2, 9, 13]",13,0.30091896407685803,-79,28,7,0.111524180822426,107,1
135,"(4,13)",,False,49,"[5, 4, 2, 9, 13]",13,0.30091896407685803,-79,28,7,0.111524180822426,107,1
136,"(2,15)",,False,51,"[16, 18, 2, 15, 3]",13,0.27776385407964305,-77,30,7,0.08243757542003101,107,1
137,"(2,15)",,False,51,"[16, 18, 2, 15, 3]",13,0.27776385407964305,-77,30,7,0.08243757542003101,107,1
138,"(11,3)",,False,51,"[11, 6, 15, 14, 3]",13,0.297667780562517,-75,32,7,0.079513598811844,107,1
139,"(11,3)",,False,51,"[11, 6, 15, 14, 3]",13,0.297667780562517,-75,32,7,0.079513598811844,107,1
140,12:6,assassinate,True,47,"[6, 12, 0, 14, 17]",12,0.242279309384572,-73,34,7,0.08281815650236701,107,1
141,12:6,assassinate,True,47,"[6, 12, 0, 14, 17]",12,0.242279309384572,-73,34,7,0.08281815650236701,107,1
142,"(7,11)",,False,47,"[15, 17, 18, 7, 11]",12,0.24403369534948402,-71,36,7,0.09416597048175901,107,1
143,"(7,11)",,False,47,"[15, 17, 18, 7, 11]",12,0.24403369534948402,-71,36,7,0.09416597048175901,107,1
144,"(8,0)",,False,47,"[8, 11, 16, 0, 14]",12,0.213835514712707,-69,38,8,0.176329713171818,107,1
145,"(8,0)",,False,47,"[8, 11, 16, 0, 14]",12,0.213835514712707,-69,38,8,0.176329713171818,107,1
146,"(19,1)",,False,49,"[10, 17, 19, 1, 14]",12,0.16581964169683402,-69,39,9,0.17724867724867702,108,1
147,"(19,1)",,False,49,"[10, 17, 19, 1, 14]",12,0.16581964169683402,-69,39,9,0.17724867724867702,108,1
148,"(7,12)",,True,49,"[7, 12, 11, 2, 4]",12,0.18525016244314402,-69,40,9,0.20735867446393702,109,1
149,"(7,12)",,True,49,"[7, 12, 11, 2, 4]",12,0.18525016244314402,-69,40,9,0.20735867446393702,109,1
150,"(9,3)",,False,51,"[7, 9, 3, 12, 6]",13,0.222107035264929,-67,42,9,0.177667021088073,109,1
151,"(9,3)",,False,51,"[7, 9, 3, 12, 6]",13,0.222107035264929,-67,42,9,0.177667021088073,109,1
152,"(12,1)",,True,53,"[15, 10, 7, 12, 1]",14,0.255746689957216,-65,44,10,0.227694868484342,109,1
153,"(12,1)",,True,53,"[15, 10, 7, 12, 1]",14,0.255746689957216,-65,44,10,0.227694868484342,109,1
154,3:20,assassinate,True,44,"[3, 14, 18, 9, 0]",13,0.27628330084470404,-63,46,10,0.237621832358674,109,1
155,3:20,assassinate,True,44,"[3, 14, 18, 9, 0]",13,0.27628330084470404,-63,46,10,0.237621832358674,109,1
156,"(7,0)",,False,44,"[7, 3, 0, 5, 15]",12,0.229805996472663,-63,47,10,0.23077137287663602,110,1
157,"(7,0)",,False,44,"[7, 3, 0, 5, 15]",12,0.229805996472663,-63,47,10,0.23077137287663602,110,1
158,"(12,3)",,False,46,"[10, 12, 13, 7, 3]",12,0.236287477954144,-63,48,10,0.269416597048176,111,1
159,"(12,3)",,False,46,"[10, 12, 13, 7, 3]",12,0.236287477954144,-63,48,10,0.269416597048176,111,1
160,11:6,assassinate,True,44,"[16, 4, 18, 11, 10]",11,0.20684581824932702,-61,50,10,0.19973544973544902,111,1
161,11:6,assassinate,True,44,"[16, 4, 18, 11, 10]",11,0.20684581824932702,-61,50,10,0.19973544973544902,111,1
162,"(15,1)",,False,46,"[15, 18, 2, 6, 1]",12,0.23096166341780303,-59,52,11,0.20438596491228,111,1
163,"(15,1)",,False,46,"[15, 18, 2, 6, 1]",12,0.23096166341780303,-59,52,11,0.20438596491228,111,1
164,"(0,10)",,False,46,"[13, 0, 8, 1, 10]",11,0.271702404158544,-57,54,11,0.231871345029239,111,1
165,"(0,10)",,False,46,"[13, 0, 8, 1, 10]",11,0.271702404158544,-57,54,11,0.231871345029239,111,1
166,3:6,assassinate,True,44,"[14, 13, 3, 8, 16]",10,0.20090968161143602,-57,55,11,0.22709551656920002,112,1
167,3:6,assassinate,True,44,"[14, 13, 3, 8, 16]",10,0.20090968161143602,-57,55,11,0.22709551656920002,112,1
168,"(4,11)",,False,46,"[12, 14, 4, 11, 13]",10,0.139677898449828,-59,55,11,0.19821776663881902,114,1
169,"(4,11)",,False,46,"[12, 14, 4, 11, 13]",10,0.139677898449828,-59,55,11,0.19821776663881902,114,1
170,"(0,19)",,False,44,"[1, 12, 16, 0, 19]",9,0.108590921748816,-61,55,10,0.19693678641047002,116,1
171,"(0,19)",,False,44,"[1, 12, 16, 0, 19]",9,0.108590921748816,-61,55,10,0.19693678641047002,116,1
172,"(1,5)",,False,46,"[19, 1, 11, 14, 5]",9,0.084516847674742,-63,55,11,0.191590086326928,118,1
173,"(1,5)",,False,46,"[19, 1, 11, 14, 5]",9,0.084516847674742,-63,55,11,0.191590086326928,118,1
174,"(0,5)",,False,44,"[0, 6, 13, 5, 12]",8,0.082497911445279,-65,55,11,0.215093288777499,120,1
175,"(0,5)",,False,44,"[0, 6, 13, 5, 12]",8,0.082497911445279,-65,55,11,0.215093288777499,120,1
176,"(4,3)",,False,46,"[12, 17, 13, 4, 3]",9,0.128696741854636,-67,55,11,0.224255082149818,122,1
177,"(4,3)",,False,46,"[12, 17, 13, 4, 3]",9,0.128696741854636,-67,55,11,0.224255082149818,122,1
178,"(8,4)",,False,44,"[16, 8, 1, 4, 7]",9,0.137371205792258,-69,55,10,0.23741297688666102,124,1
179,"(8,4)",,False,44,"[16, 8, 1, 4, 7]",9,0.137371205792258,-69,55,10,0.23741297688666102,124,1
180,"(14,17)",,False,46,"[9, 14, 19, 16, 17]",10,0.16142439431913103,-71,55,10,0.236709830130882,126,1
181,"(14,17)",,False,46,"[9, 14, 19, 16, 17]",10,0.16142439431913103,-71,55,10,0.236709830130882,126,1
182,"(1,5)",,False,47,"[15, 14, 1, 3, 5]",10,0.18134224450013903,-73,55,11,0.250584795321637,128,1
183,"(1,5)",,False,47,"[15, 14, 1, 3, 5]",10,0.18134224450013903,-73,55,11,0.250584795321637,128,1
184,"(18,11)",,False,49,"[14, 18, 11, 8, 0]",11,0.20357839042049503,-75,55,11,0.23473962684489003,130,1
185,"(18,11)",,False,49,"[14, 18, 11, 8, 0]",11,0.20357839042049503,-75,55,11,0.23473962684489003,130,1
186,"(9,1)",,True,51,"[9, 16, 1, 8, 5]",11,0.18134224450013903,-75,56,12,0.235338345864661,131,1
187,"(9,1)",,True,51,"[9, 16, 1, 8, 5]",11,0.18134224450013903,-75,56,12,0.235338345864661,131,1
188,6:4,assassinate,True,48,"[6, 16, 8, 15, 12]",10,0.12878028404344102,-75,57,11,0.17889167362851502,132,1
189,6:4,assassinate,True,48,"[6, 16, 8, 15, 12]",10,0.12878028404344102,-75,57,11,0.17889167362851502,132,1
190,"(8,12)",,False,46,"[13, 8, 10, 12, 2]",10,0.178975215817321,-77,57,11,0.208618769145084,134,1
191,"(8,12)",,False,46,"[13, 8, 10, 12, 2]",10,0.178975215817321,-77,57,11,0.208618769145084,134,1
192,"(0,17)",,False,44,"[18, 8, 14, 0, 17]",9,0.15849345586187602,-75,59,10,0.11708437761069301,134,1
193,"(0,17)",,False,44,"[18, 8, 14, 0, 17]",9,0.15849345586187602,-75,59,10,0.11708437761069301,134,1
194,16:8,assassinate,True,39,"[11, 16, 2, 5, 18]",8,0.152840434419381,-73,61,9,0.085401002506265,134,1
195,16:8,assassinate,True,39,"[11, 16, 2, 5, 18]",8,0.152840434419381,-73,61,9,0.085401002506265,134,1
196,"(5,10)",,False,41,"[5, 6, 0, 10, 8]",8,0.16390977443609,-71,63,9,0.08432887774993,134,1
197,"(5,10)",,False,41,"[5, 6, 0, 10, 8]",8,0.16390977443609,-71,63,9,0.08432887774993,134,1
198,"(3,7)",,False,43,"[10, 5, 3, 14, 7]",8,0.11688944583681402,-69,65,9,0.06484730344379401,134,1
199,"(3,7)",,False,43,"[10, 5, 3, 14, 7]",8,0.11688944583681402,-69,65,9,0.06484730344379401,134,1
200,"(17,8)",,False,45,"[0, 17, 8, 6, 11]",8,0.11104149262043901,-67,67,9,0.074009096816114,134,1
201,"(17,8)",,False,45,"[0, 17, 8, 6, 11]",8,0.11104149262043901,-67,67,9,0.074009096816114,134,1
202,"(1,16)",,False,47,"[11, 1, 16, 18, 3]",9,0.197841826789195,-65,69,10,0.179662118258609,134,1
203,"(1,16)",,False,47,"[11, 1, 16, 18, 3]",9,0.197841826789195,-65,69,10,0.179662118258609,134,1
204,"(6,18)",,False,49,"[6, 3, 18, 11, 9]",9,0.158382066276803,-63,71,10,0.118634549336303,134,1
205,"(6,18)",,False,49,"[6, 3, 18, 11, 9]",9,0.158382066276803,-63,71,10,0.118634549336303,134,1
206,"(3,0)",,False,47,"[3, 17, 13, 0, 6]",8,0.10860484544695001,-63,72,9,0.11104613385315101,135,1
207,"(3,0)",,False,47,"[3, 17, 13, 0, 6]",8,0.10860484544695001,-63,72,9,0.11104613385315101,135,1
208,"(15,17)",,False,49,"[15, 16, 17, 19, 11]",8,0.09900909681611401,-63,73,9,0.100765803397382,136,1
209,"(15,17)",,False,49,"[15, 16, 17, 19, 11]",8,0.09900909681611401,-63,73,9,0.100765803397382,136,1
210,"(6,0)",,False,47,"[6, 0, 14, 19, 15]",7,0.05598486958136,-63,74,8,0.066095795043163,137,1
211,"(6,0)",,False,47,"[6, 0, 14, 19, 15]",7,0.05598486958136,-63,74,8,0.066095795043163,137,1
212,"(5,12)",,False,49,"[5, 14, 12, 8, 19]",8,0.083016885648464,-61,76,8,0.06455996894593301,137,1
213,"(5,12)",,False,49,"[5, 14, 12, 8, 19]",8,0.083016885648464,-61,76,8,0.06455996894593301,137,1
214,"(4,3)",,False,51,"[10, 13, 4, 17, 3]",9,0.0897293739399,-59,78,8,0.052093195952845006,137,1
215,"(4,3)",,False,51,"[10, 13, 4, 17, 3]",9,0.0897293739399,-59,78,8,0.052093195952845006,137,1
216,"(4,5)",,False,53,"[17, 4, 5, 6, 8]",9,0.08767752715121101,-57,80,8,0.047470950102529004,137,1
217,"(4,5)",,False,53,"[17, 4, 5, 6, 8]",9,0.08767752715121101,-57,80,8,0.047470950102529004,137,1
218,"(4,12)",,False,53,"[16, 4, 19, 5, 12]",9,0.083973823447507,-55,82,8,0.048835472519683,137,1
219,"(4,12)",,False,53,"[16, 4, 19, 5, 12]",9,0.083973823447507,-55,82,8,0.048835472519683,137,1
220,"(4,14)",,False,51,"[8, 19, 18, 4, 14]",9,0.093859649122807,-53,84,8,0.060387500738377,137,1
221,"(4,14)",,False,51,"[8, 19, 18, 4, 14]",9,0.093859649122807,-53,84,8,0.060387500738377,137,1
222,"(13,8)",,False,49,"[14, 7, 4, 13, 8]",9,0.09590643274853801,-51,86,8,0.06048496662531701,137,1
223,"(13,8)",,False,49,"[14, 7, 4, 13, 8]",9,0.09590643274853801,-51,86,8,0.06048496662531701,137,1
224,3:6,assassinate,True,45,"[4, 3, 17, 10, 11]",8,0.07723796671165001,-49,88,8,0.061347164855936005,137,1
225,3:6,assassinate,True,45,"[4, 3, 17, 10, 11]",8,0.07723796671165001,-49,88,8,0.061347164855936005,137,1
226,"(19,5)",,False,47,"[19, 16, 6, 18, 5]",9,0.178473962684488,-47,90,8,0.066838814207235,137,1
227,"(19,5)",,False,47,"[19, 16, 6, 18, 5]",9,0.178473962684488,-47,90,8,0.066838814207235,137,1
228,"(19,0)",,False,47,"[19, 16, 0, 13, 7]",9,0.21610231873389701,-45,92,8,0.076575471312313,137,1
229,"(19,0)",,False,47,"[19, 16, 0, 13, 7]",9,0.21610231873389701,-45,92,8,0.076575471312313,137,1
230,"(1,3)",,False,49,"[14, 10, 7, 1, 3]",10,0.18799670115459502,-43,94,9,0.11176951703267402,137,1
231,"(1,3)",,False,49,"[14, 10, 7, 1, 3]",10,0.18799670115459502,-43,94,9,0.11176951703267402,137,1
232,"(6,17)",,False,51,"[6, 4, 16, 9, 17]",10,0.17534648587280102,-41,96,9,0.104988676041307,137,1
233,"(6,17)",,False,51,"[6, 4, 16, 9, 17]",10,0.17534648587280102,-41,96,9,0.104988676041307,137,1
234,"(8,1)",,False,51,"[13, 9, 18, 8, 1]",10,0.1620220422852,-41,97,10,0.17800644774328903,138,1
235,"(8,1)",,False,51,"[13, 9, 18, 8, 1]",10,0.1620220422852,-41,97,10,0.17800644774328903,138,1
236,"(7,8)",,True,51,"[7, 8, 0, 1, 17]",10,0.1620220422852,-41,98,10,0.17800644774328903,139,1
237,"(7,8)",,True,51,"[7, 8, 0, 1, 17]",10,0.1620220422852,-41,98,10,0.17800644774328903,139,1
238,"(2,0)",,False,49,"[5, 12, 2, 4, 0]",9,0.14156034024455,-41,99,9,0.170800106326422,140,1
239,"(2,0)",,False,49,"[5, 12, 2, 4, 0]",9,0.14156034024455,-41,99,9,0.170800106326422,140,1
240,"(9,14)",,False,51,"[9, 13, 14, 19, 16]",9,0.13007143928196502,-43,99,9,0.167662211083263,142,1
241,"(9,14)",,False,51,"[9, 13, 14, 19, 16]",9,0.13007143928196502,-43,99,9,0.167662211083263,142,1
242,"(7,4)",,False,51,"[7, 11, 14, 15, 4]",10,0.169099516467937,-41,101,9,0.161280938035323,142,1
243,"(7,4)",,False,51,"[7, 11, 14, 15, 4]",10,0.169099516467937,-41,101,9,0.161280938035323,142,1
244,"(2,0)",,False,49,"[2, 0, 16, 19, 4]",9,0.137447786131996,-41,102,8,0.154594820384294,143,1
245,"(2,0)",,False,49,"[2, 0, 16, 19, 4]",9,0.137447786131996,-41,102,8,0.154594820384294,143,1
246,"(11,7)",,False,51,"[19, 11, 7, 15, 6]",10,0.16191493691493603,-39,104,8,0.144279680683189,143,1
247,"(11,7)",,False,51,"[19, 11, 7, 15, 6]",10,0.16191493691493603,-39,104,8,0.144279680683189,143,1
248,"(1,8)",,False,51,"[1, 4, 8, 7, 18]",10,0.16191493691493603,-37,106,8,0.144279680683189,143,1
249,"(1,8)",,False,51,"[1, 4, 8, 7, 18]",10,0.16191493691493603,-37,106,8,0.144279680683189,143,1
250,"(1,6)",,False,53,"[1, 2, 17, 6, 7]",10,0.138480460410284,-37,107,9,0.147807017543859,144,1
251,"(1,6)",,False,53,"[1, 2, 17, 6, 7]",10,0.138480460410284,-37,107,9,0.147807017543859,144,1
252,15:10,assassinate,True,47,"[3, 17, 15, 2, 16]",9,0.119542543226753,-37,108,8,0.12083238399027801,145,1
253,15:10,assassinate,True,47,"[3, 17, 15, 2, 16]",9,0.119542543226753,-37,108,8,0.12083238399027801,145,1
254,"(15,8)",,False,49,"[16, 15, 9, 8, 19]",9,0.12330194172299401,-37,109,8,0.164051542998911,146,1
255,"(15,8)",,False,49,"[16, 15, 9, 8, 19]",9,0.12330194172299401,-37,109,8,0.164051542998911,146,1
256,13:8,assassinate,True,46,"[9, 14, 13, 8, 16]",9,0.13118908382066202,-39,109,8,0.16576162628794203,148,1
257,13:8,assassinate,True,46,"[9, 14, 13, 8, 16]",9,0.13118908382066202,-39,109,8,0.16576162628794203,148,1
258,"(9,11)",,False,49,"[9, 19, 12, 11, 8]",11,0.23380758293038903,-37,111,8,0.10073837793136001,148,1
259,"(9,11)",,False,49,"[9, 19, 12, 11, 8]",11,0.23380758293038903,-37,111,8,0.10073837793136001,148,1
260,"(16,1)",,False,49,"[2, 16, 3, 8, 1]",11,0.23423542020033203,-35,113,9,0.127861741896829,148,1
261,"(16,1)",,False,49,"[2, 16, 3, 8, 1]",11,0.23423542020033203,-35,113,9,0.127861741896829,148,1
262,"(8,6)",,False,49,"[1, 4, 8, 6, 17]",11,0.23540501084360702,-33,115,9,0.147159987510864,148,1
263,"(8,6)",,False,49,"[1, 4, 8, 6, 17]",11,0.23540501084360702,-33,115,9,0.147159987510864,148,1
264,"(0,15)",,False,47,"[16, 0, 15, 8, 17]",10,0.198499405078352,-33,116,8,0.223663324979114,149,1
265,"(0,15)",,False,47,"[16, 0, 15, 8, 17]",10,0.198499405078352,-33,116,8,0.223663324979114,149,1
266,"(5,1)",,False,47,"[19, 5, 1, 6, 8]",10,0.17975114554061902,-35,116,9,0.250965798334219,151,1
267,"(5,1)",,False,47,"[19, 5, 1, 6, 8]",10,0.17975114554061902,-35,116,9,0.250965798334219,151,1
268,12:10,assassinate,True,43,"[4, 11, 12, 17, 16]",9,0.13904985527792502,-37,116,9,0.22879230905546702,153,1
269,12:10,assassinate,True,43,"[4, 11, 12, 17, 16]",9,0.13904985527792502,-37,116,9,0.22879230905546702,153,1
270,"(7,4)",,False,45,"[8, 7, 2, 5, 4]",9,0.119727981570086,-39,116,9,0.216812865497075,155,1
271,"(7,4)",,False,45,"[8, 7, 2, 5, 4]",9,0.119727981570086,-39,116,9,0.216812865497075,155,1
272,"(15,12)",,False,47,"[4, 15, 12, 8, 10]",9,0.13278466173203002,-41,116,9,0.300412355675513,157,1
273,"(15,12)",,False,47,"[4, 15, 12, 8, 10]",9,0.13278466173203002,-41,116,9,0.300412355675513,157,1
274,"(5,14)",,False,47,"[18, 4, 5, 17, 14]",9,0.12324249824249801,-43,116,9,0.304745157376736,159,1
275,"(5,14)",,False,47,"[18, 4, 5, 17, 14]",9,0.12324249824249801,-43,116,9,0.304745157376736,159,1
276,"(6,10)",,True,47,"[2, 6, 5, 10, 11]",9,0.12356340196897402,-45,116,8,0.293819516110537,161,1
277,"(6,10)",,True,47,"[2, 6, 5, 10, 11]",9,0.12356340196897402,-45,116,8,0.293819516110537,161,1
278,"(12,5)",,False,49,"[12, 3, 13, 5, 0]",10,0.177949366881255,-43,118,8,0.115067079463364,161,1
279,"(12,5)",,False,49,"[12, 3, 13, 5, 0]",10,0.177949366881255,-43,118,8,0.115067079463364,161,1
280,7:12,assassinate,True,44,"[7, 14, 6, 17, 12]",9,0.148890745381973,-41,120,8,0.08350970017636601,161,1
281,7:12,assassinate,True,44,"[7, 14, 6, 17, 12]",9,0.148890745381973,-41,120,8,0.08350970017636601,161,1
282,9:10,assassinate,True,40,"[12, 9, 16, 7, 4]",8,0.10401002506265601,-39,122,8,0.06766917293233,161,1
283,9:10,assassinate,True,40,"[12, 9, 16, 7, 4]",8,0.10401002506265601,-39,122,8,0.06766917293233,161,1
284,"(6,12)",,False,42,"[17, 8, 6, 12, 11]",8,0.143205235310498,-37,124,8,0.069827346143135,161,1
285,"(6,12)",,False,42,"[17, 8, 6, 12, 11]",8,0.143205235310498,-37,124,8,0.069827346143135,161,1
286,"(12,17)",,False,42,"[9, 12, 19, 17, 2]",8,0.14519632414369202,-35,126,8,0.067014759120022,161,1
287,"(12,17)",,False,42,"[9, 12, 19, 17, 2]",8,0.14519632414369202,-35,126,8,0.067014759120022,161,1
288,"(18,10)",,False,44,"[17, 18, 9, 5, 10]",9,0.148725981620718,-33,128,8,0.05887867817692301,161,1
289,"(18,10)",,False,44,"[17, 18, 9, 5, 10]",9,0.148725981620718,-33,128,8,0.05887867817692301,161,1
290,"(11,12)",,False,45,"[13, 11, 6, 17, 12]",9,0.18269284321915902,-31,130,8,0.052153531978093005,161,1
291,"(11,12)",,False,45,"[13, 11, 6, 17, 12]",9,0.18269284321915902,-31,130,8,0.052153531978093005,161,1
292,"(1,7)",,False,47,"[1, 5, 15, 7, 9]",9,0.18300169615959003,-29,132,9,0.12256693923360501,161,1
293,"(1,7)",,False,47,"[1, 5, 15, 7, 9]",9,0.18300169615959003,-29,132,9,0.12256693923360501,161,1
294,"(14,5)",,False,47,"[15, 8, 16, 14, 5]",9,0.167873387171632,-27,134,9,0.125833101271697,161,1
295,"(14,5)",,False,47,"[15, 8, 16, 14, 5]",9,0.167873387171632,-27,134,9,0.125833101271697,161,1
296,"(14,1)",,False,50,"[14, 15, 2, 3, 1]",11,0.218149540517961,-25,136,10,0.147141000649772,161,1
297,"(14,1)",,False,50,"[14, 15, 2, 3, 1]",11,0.218149540517961,-25,136,10,0.147141000649772,161,1
298,"(2,10)",,False,52,"[15, 2, 10, 14, 6]",12,0.21532302979671303,-23,138,10,0.12796110646987802,161,1
299,"(2,10)",,False,52,"[15, 2, 10, 14, 6]",12,0.21532302979671303,-23,138,10,0.12796110646987802,161,1
300,"(1,13)",,False,52,"[19, 15, 1, 13, 14]",12,0.26697994987468604,-21,140,10,0.164023484637519,161,1
301,"(1,13)",,False,52,"[19, 15, 1, 13, 14]",12,0.26697994987468604,-21,140,10,0.164023484637519,161,1
302,15:10,assassinate,True,46,"[15, 0, 2, 9, 10]",11,0.16898496240601502,-21,141,10,0.17075327206906102,162,1
303,15:10,assassinate,True,46,"[15, 0, 2, 9, 10]",11,0.16898496240601502,-21,141,10,0.17075327206906102,162,1
304,"(7,13)",,False,48,"[8, 19, 7, 11, 13]",11,0.176935394040657,-21,142,10,0.24783486494012802,163,1
305,"(7,13)",,False,48,"[8, 19, 7, 11, 13]",11,0.176935394040657,-21,142,10,0.24783486494012802,163,1
306,"(1,7)",,True,51,"[13, 1, 2, 18, 7]",11,0.208368142578668,-21,143,11,0.22064188248398703,164,1
307,"(1,7)",,True,51,"[13, 1, 2, 18, 7]",11,0.208368142578668,-21,143,11,0.22064188248398703,164,1
308,19:6,assassinate,True,49,"[19, 16, 12, 8, 18]",10,0.16781537176274,-21,144,11,0.17212475633528201,165,1
309,19:6,assassinate,True,49,"[19, 16, 12, 8, 18]",10,0.16781537176274,-21,144,11,0.17212475633528201,165,1
310,"(14,9)",,False,51,"[12, 14, 9, 6, 15]",10,0.16396833587236,-21,145,11,0.221127164316018,166,1
311,"(14,9)",,False,51,"[12, 14, 9, 6, 15]",10,0.16396833587236,-21,145,11,0.221127164316018,166,1
312,"(15,8)",,True,51,"[19, 6, 12, 15, 8]",10,0.134952829534872,-23,145,10,0.202878834844779,168,1
313,"(15,8)",,True,51,"[19, 6, 12, 15, 8]",10,0.134952829534872,-23,145,10,0.202878834844779,168,1
314,"(18,10)",,False,53,"[13, 18, 17, 10, 5]",10,0.139014202172096,-25,145,10,0.19711199294532603,170,1
315,"(18,10)",,False,53,"[13, 18, 17, 10, 5]",10,0.139014202172096,-25,145,10,0.19711199294532603,170,1
316,"(17,1)",,False,55,"[12, 17, 13, 2, 1]",11,0.161512577740647,-27,145,11,0.22780446486586803,172,1
317,"(17,1)",,False,55,"[12, 17, 13, 2, 1]",11,0.161512577740647,-27,145,11,0.22780446486586803,172,1
318,"(14,0)",,False,53,"[9, 14, 6, 0, 16]",10,0.12958574888399402,-29,145,11,0.275541547471372,174,1
319,"(14,0)",,False,53,"[9, 14, 6, 0, 16]",10,0.12958574888399402,-29,145,11,0.275541547471372,174,1
320,"(3,0)",,False,53,"[3, 11, 2, 0, 7]",9,0.080214424951267,-31,145,11,0.24888610414926202,176,1
321,"(3,0)",,False,53,"[3, 11, 2, 0, 7]",9,0.080214424951267,-31,145,11,0.24888610414926202,176,1
322,"(10,9)",,False,53,"[10, 9, 6, 5, 8]",9,0.079884540410856,-33,145,11,0.255809395283079,178,1
323,"(10,9)",,False,53,"[10, 9, 6, 5, 8]",9,0.079884540410856,-33,145,11,0.255809395283079,178,1
324,"(6,5)",,False,53,"[9, 6, 11, 5, 19]",9,0.07809534520060801,-35,145,11,0.238042756463809,180,1
325,"(6,5)",,False,53,"[9, 6, 11, 5, 19]",9,0.07809534520060801,-35,145,11,0.238042756463809,180,1
326,"(14,11)",,False,55,"[14, 10, 12, 3, 11]",10,0.106237816764132,-37,145,11,0.205481295832173,182,1
327,"(14,11)",,False,55,"[14, 10, 12, 3, 11]",10,0.106237816764132,-37,145,11,0.205481295832173,182,1
328,"(0,16)",,True,55,"[3, 12, 0, 1, 16]",9,0.07085769980506801,-39,145,11,0.215260373155109,184,1
329,"(0,16)",,True,55,"[3, 12, 0, 1, 16]",9,0.07085769980506801,-39,145,11,0.215260373155109,184,1
330,"(0,6)",,True,53,"[11, 0, 7, 6, 9]",8,0.061577765963730005,-41,145,11,0.230301131616921,186,1
331,"(0,6)",,True,53,"[11, 0, 7, 6, 9]",8,0.061577765963730005,-41,145,11,0.230301131616921,186,1
332,"(3,1)",,False,55,"[3, 0, 17, 14, 1]",8,0.057115009746588,-43,145,12,0.24748909310312803,188,1
333,"(3,1)",,False,55,"[3, 0, 17, 14, 1]",8,0.057115009746588,-43,145,12,0.24748909310312803,188,1
334,"(19,3)",,False,55,"[14, 19, 4, 3, 12]",8,0.057927225471085,-45,145,12,0.254511278195488,190,1
335,"(19,3)",,False,55,"[14, 19, 4, 3, 12]",8,0.057927225471085,-45,145,12,0.254511278195488,190,1
336,"(19,1)",,False,55,"[19, 16, 2, 1, 0]",8,0.057955072867353005,-47,145,12,0.246138494384108,192,1
337,"(19,1)",,False,55,"[19, 16, 2, 1, 0]",8,0.057955072867353005,-47,145,12,0.246138494384108,192,1
338,"(18,3)",,False,55,"[15, 18, 8, 3, 19]",9,0.08000641333974601,-49,145,12,0.29584672961865904,194,1
339,"(18,3)",,False,55,"[15, 18, 8, 3, 19]",9,0.08000641333974601,-49,145,12,0.29584672961865904,194,1
340,"(1,9)",,False,57,"[6, 1, 9, 15, 12]",9,0.06565108056336101,-51,145,13,0.278790199404234,196,1
341,"(1,9)",,False,57,"[6, 1, 9, 15, 12]",9,0.06565108056336101,-51,145,13,0.278790199404234,196,1
342,"(13,7)",,False,57,"[13, 12, 7, 9, 18]",9,0.06238829396724101,-53,145,13,0.28434111372707804,198,1
343,"(13,7)",,False,57,"[13, 12, 7, 9, 18]",9,0.06238829396724101,-53,145,13,0.28434111372707804,198,1
344,12:12,assassinate,True,52,"[10, 9, 7, 1, 12]",9,0.059063256431677,-55,145,13,0.299097117956767,200,1
345,12:12,assassinate,True,52,"[10, 9, 7, 1, 12]",9,0.059063256431677,-55,145,13,0.299097117956767,200,1
346,"(14,9)",,False,52,"[18, 14, 11, 2, 9]",9,0.059244264507422005,-57,145,13,0.285213925126205,202,1
347,"(14,9)",,False,52,"[18, 14, 11, 2, 9]",9,0.059244264507422005,-57,145,13,0.285213925126205,202,1
348,10:8,assassinate,True,49,"[16, 10, 2, 7, 13]",8,0.039486536854957004,-59,145,13,0.258635906004327,204,1
349,10:8,assassinate,True,49,"[16, 10, 2, 7, 13]",8,0.039486536854957004,-59,145,13,0.258635906004327,204,1
350,"(4,17)",,False,49,"[7, 1, 6, 4, 17]",8,0.037768664084453,-61,145,13,0.261176932229563,206,1
351,"(4,17)",,False,49,"[7, 1, 6, 4, 17]",8,0.037768664084453,-61,145,13,0.261176932229563,206,1
352,"(12,17)",,False,51,"[12, 16, 8, 4, 17]",8,0.037768664084453,-63,145,13,0.299188628135996,208,1
353,"(12,17)",,False,51,"[12, 16, 8, 4, 17]",8,0.037768664084453,-63,145,13,0.299188628135996,208,1
354,"(0,13)",,True,51,"[7, 17, 0, 11, 13]",7,0.027490443279916003,-65,145,13,0.26561859193438103,210,1
355,"(0,13)",,True,51,"[7, 17, 0, 11, 13]",7,0.027490443279916003,-65,145,13,0.26561859193438103,210,1
356,"(18,16)",,False,53,"[18, 15, 14, 7, 16]",7,0.022635713863784,-67,145,13,0.24749457819633203,212,1
357,"(18,16)",,False,53,"[18, 15, 14, 7, 16]",7,0.022635713863784,-67,145,13,0.24749457819633203,212,1
358,"(19,10)",,False,55,"[2, 3, 8, 19, 10]",7,0.022765668379703,-69,145,13,0.277156696454942,214,1
359,"(19,10)",,False,55,"[2, 3, 8, 19, 10]",7,0.022765668379703,-69,145,13,0.277156696454942,214,1
360,"(8,14)",,False,53,"[13, 15, 8, 16, 14]",7,0.022319688109161,-71,145,12,0.210753736192332,216,1
361,"(8,14)",,False,53,"[13, 15, 8, 16, 14]",7,0.022319688109161,-71,145,12,0.210753736192332,216,1
362,"(1,12)",,False,55,"[1, 2, 0, 12, 4]",7,0.019720597790773002,-73,145,13,0.20912930474333902,218,1
363,"(1,12)",,False,55,"[1, 2, 0, 12, 4]",7,0.019720597790773002,-73,145,13,0.20912930474333902,218,1
364,"(2,5)",,True,55,"[4, 2, 6, 5, 11]",7,0.025860948667966004,-75,145,13,0.214712707695163,220,1
365,"(2,5)",,True,55,"[4, 2, 6, 5, 11]",7,0.025860948667966004,-75,145,13,0.214712707695163,220,1
366,"(9,10)",,False,57,"[9, 10, 8, 12, 19]",7,0.025860948667966004,-77,145,13,0.19904854729416102,222,1
367,"(9,10)",,False,57,"[9, 10, 8, 12, 19]",7,0.025860948667966004,-77,145,13,0.19904854729416102,222,1
368,"(12,7)",,False,59,"[12, 4, 8, 11, 7]",8,0.040594541910331,-79,145,13,0.191952102478418,224,1
369,"(12,7)",,False,59,"[12, 4, 8, 11, 7]",8,0.040594541910331,-79,145,13,0.191952102478418,224,1
370,"(14,0)",,False,59,"[14, 2, 1, 19, 0]",8,0.047758284600389,-81,145,13,0.20119743803954301,226,1
371,"(14,0)",,False,59,"[14, 2, 1, 19, 0]",8,0.047758284600389,-81,145,13,0.20119743803954301,226,1
372,"(2,6)",,False,57,"[2, 4, 6, 12, 3]",8,0.05649308456325901,-83,145,12,0.183597883597883,228,1
373,"(2,6)",,False,57,"[2, 4, 6, 12, 3]",8,0.05649308456325901,-83,145,12,0.183597883597883,228,1
374,"(10,1)",,False,59,"[12, 6, 10, 1, 2]",8,0.047219901605866005,-85,145,13,0.193984962406015,230,1
375,"(10,1)",,False,59,"[12, 6, 10, 1, 2]",8,0.047219901605866005,-85,145,13,0.193984962406015,230,1
376,"(17,13)",,False,59,"[17, 14, 13, 11, 15]",8,0.047089947089947,-87,145,13,0.19441659704817602,232,1
377,"(17,13)",,False,59,"[17, 14, 13, 11, 15]",8,0.047089947089947,-87,145,13,0.19441659704817602,232,1
378,"(7,1)",,False,61,"[2, 7, 1, 19, 0]",9,0.066095795043163,-89,145,14,0.226093010303536,234,1
379,"(7,1)",,False,61,"[2, 7, 1, 19, 0]",9,0.066095795043163,-89,145,14,0.226093010303536,234,1
380,"(1,3)",,False,63,"[1, 6, 13, 3, 11]",9,0.061435997400909007,-91,145,15,0.248261858349577,236,1
381,"(1,3)",,False,63,"[1, 6, 13, 3, 11]",9,0.061435997400909007,-91,145,15,0.248261858349577,236,1
382,"(5,3)",,False,63,"[5, 3, 16, 9, 11]",9,0.06572449642625,-93,145,15,0.26132228719948003,238,1
383,"(5,3)",,False,63,"[5, 3, 16, 9, 11]",9,0.06572449642625,-93,145,15,0.26132228719948003,238,1
384,"(17,12)",,False,61,"[17, 10, 13, 2, 12]",9,0.077239394783254,-95,145,14,0.24443284136266502,240,1
385,"(17,12)",,False,61,"[17, 10, 13, 2, 12]",9,0.077239394783254,-95,145,14,0.24443284136266502,240,1
386,"(6,13)",,False,59,"[6, 13, 14, 0, 3]",9,0.083542188805346,-97,145,13,0.230729601782233,242,1
387,"(6,13)",,False,59,"[6, 13, 14, 0, 3]",9,0.083542188805346,-97,145,13,0.230729601782233,242,1
388,"(11,15)",,False,61,"[7, 5, 11, 18, 15]",9,0.07729044834307901,-99,145,13,0.20175438596491202,244,1
389,"(11,15)",,False,61,"[7, 5, 11, 18, 15]",9,0.07729044834307901,-99,145,13,0.20175438596491202,244,1
390,16:8,assassinate,True,58,"[15, 8, 13, 12, 16]",8,0.048886104149262005,-101,145,13,0.18047897521581702,246,1
391,16:8,assassinate,True,58,"[15, 8, 13, 12, 16]",8,0.048886104149262005,-101,145,13,0.18047897521581702,246,1
392,8:12,assassinate,True,53,"[3, 8, 2, 12, 19]",7,0.031927039821776006,-103,145,12,0.15818713450292302,248,1
393,8:12,assassinate,True,53,"[3, 8, 2, 12, 19]",7,0.031927039821776006,-103,145,12,0.15818713450292302,248,1
394,"(1,7)",,False,52,"[12, 1, 9, 7, 6]",7,0.048008911166805,-105,145,12,0.165984405458089,250,1
395,"(1,7)",,False,52,"[12, 1, 9, 7, 6]",7,0.048008911166805,-105,145,12,0.165984405458089,250,1
396,"(6,17)",,False,52,"[9, 6, 14, 17, 11]",7,0.050584795321637004,-107,145,12,0.18206627680311802,252,1
397,"(6,17)",,False,52,"[9, 6, 14, 17, 11]",7,0.050584795321637004,-107,145,12,0.18206627680311802,252,1
398,"(3,1)",,False,52,"[3, 9, 0, 6, 1]",7,0.048175995544416005,-109,145,12,0.19236981342244402,254,1
399,"(3,1)",,False,52,"[3, 9, 0, 6, 1]",7,0.048175995544416005,-109,145,12,0.19236981342244402,254,1
400,10:8,assassinate,True,49,"[2, 10, 19, 12, 4]",6,0.030311890838206002,-111,145,12,0.16527429685324402,256,1
401,10:8,assassinate,True,49,"[2, 10, 19, 12, 4]",6,0.030311890838206002,-111,145,12,0.16527429685324402,256,1
402,"(3,7)",,False,49,"[19, 5, 17, 3, 7]",6,0.027930938457254,-113,145,12,0.16065162907268102,258,1
403,"(3,7)",,False,49,"[19, 5, 17, 3, 7]",6,0.027930938457254,-113,145,12,0.16065162907268102,258,1
404,"(19,14)",,False,49,"[19, 8, 15, 18, 14]",7,0.12182307620904101,-115,145,12,0.20338894373982003,260,1
405,"(19,14)",,False,49,"[19, 8, 15, 18, 14]",7,0.12182307620904101,-115,145,12,0.20338894373982003,260,1
406,"(14,8)",,False,51,"[16, 3, 14, 7, 8]",7,0.118411770166156,-117,145,12,0.22385677999713002,262,1
407,"(14,8)",,False,51,"[16, 3, 14, 7, 8]",7,0.118411770166156,-117,145,12,0.22385677999713002,262,1
408,"(5,4)",,False,50,"[19, 18, 5, 4, 2]",7,0.12869442123828,-119,145,12,0.223046041028497,264,1
409,"(5,4)",,False,50,"[19, 18, 5, 4, 2]",7,0.12869442123828,-119,145,12,0.223046041028497,264,1
410,"(10,1)",,False,52,"[8, 12, 10, 15, 1]",7,0.052736006683375004,-121,145,13,0.250828460038986,266,1
411,"(10,1)",,False,52,"[8, 12, 10, 15, 1]",7,0.052736006683375004,-121,145,13,0.250828460038986,266,1
412,"(8,19)",,False,52,"[13, 8, 18, 10, 19]",7,0.049510771879192006,-123,145,13,0.2534214323688,268,1
413,"(8,19)",,False,52,"[13, 8, 18, 10, 19]",7,0.049510771879192006,-123,145,13,0.2534214323688,268,1
414,"(7,17)",,False,50,"[7, 15, 17, 13, 18]",7,0.061865311426714004,-125,145,12,0.22470760233918102,270,1
415,"(7,17)",,False,50,"[7, 15, 17, 13, 18]",7,0.061865311426714004,-125,145,12,0.22470760233918102,270,1
416,"(0,10)",,True,50,"[6, 15, 0, 10, 11]",7,0.057483987747145006,-127,145,12,0.237099693678641,272,1
417,"(0,10)",,True,50,"[6, 15, 0, 10, 11]",7,0.057483987747145006,-127,145,12,0.237099693678641,272,1
418,"(16,9)",,False,52,"[12, 0, 16, 9, 8]",8,0.069521657679552,-129,145,12,0.24103377129692902,274,1
419,"(16,9)",,False,52,"[12, 0, 16, 9, 8]",8,0.069521657679552,-129,145,12,0.24103377129692902,274,1
420,"(16,1)",,False,54,"[6, 13, 16, 1, 7]",8,0.069925444925444,-131,145,13,0.24548935469988,276,1
421,"(16,1)",,False,54,"[6, 13, 16, 1, 7]",8,0.069925444925444,-131,145,13,0.24548935469988,276,1
422,"(9,4)",,False,55,"[11, 15, 9, 6, 4]",8,0.069554146308532,-133,145,13,0.22115073036125601,278,1
423,"(9,4)",,False,55,"[11, 15, 9, 6, 4]",8,0.069554146308532,-133,145,13,0.22115073036125601,278,1
424,"(0,11)",,True,52,"[0, 12, 11, 8, 18]",7,0.063496704724774,-135,145,11,0.170064049011417,280,1
425,"(0,11)",,True,52,"[0, 12, 11, 8, 18]",7,0.063496704724774,-135,145,11,0.170064049011417,280,1
426,"(10,8)",,False,52,"[2, 18, 10, 13, 8]",7,0.05823354683003801,-137,145,11,0.20105820105820102,282,1
427,"(10,8)",,False,52,"[2, 18, 10, 13, 8]",7,0.05823354683003801,-137,145,11,0.20105820105820102,282,1
428,"(13,3)",,False,52,"[13, 3, 1, 19, 7]",7,0.056472199016058,-139,145,11,0.200125313283208,284,1
429,"(13,3)",,False,52,"[13, 3, 1, 19, 7]",7,0.056472199016058,-139,145,11,0.200125313283208,284,1
430,"(1,14)",,False,52,"[1, 14, 4, 10, 3]",7,0.049665831244778004,-141,145,11,0.19699248120300702,286,1
431,"(1,14)",,False,52,"[1, 14, 4, 10, 3]",7,0.049665831244778004,-141,145,11,0.19699248120300702,286,1
432,"(2,14)",,False,50,"[8, 5, 2, 14, 7]",7,0.063162535969553,-143,145,10,0.178884711779448,288,1
433,"(2,14)",,False,50,"[8, 5, 2, 14, 7]",7,0.063162535969553,-143,145,10,0.178884711779448,288,1
434,"(11,7)",,False,53,"[11, 7, 2, 13, 17]",7,0.056481481481481,-145,145,10,0.14568365357839,290,1
435,"(11,7)",,False,53,"[11, 7, 2, 13, 17]",7,0.056481481481481,-145,145,10,0.14568365357839,290,1
436,"(0,7)",,True,53,"[0, 7, 11, 2, 9]",6,0.034465437097016,-147,145,10,0.162645574049082,292,1
437,"(0,7)",,True,53,"[0, 7, 11, 2, 9]",6,0.034465437097016,-147,145,10,0.162645574049082,292,1
438,"(0,6)",,False,53,"[15, 0, 8, 5, 6]",5,0.010878692457639,-149,145,10,0.147292376239744,294,1
439,"(0,6)",,False,53,"[15, 0, 8, 5, 6]",5,0.010878692457639,-149,145,10,0.147292376239744,294,1
440,"(18,8)",,False,53,"[18, 9, 6, 8, 16]",5,0.010878692457639,-151,145,10,0.147292376239744,296,1
441,"(18,8)",,False,53,"[18, 9, 6, 8, 16]",5,0.010878692457639,-151,145,10,0.147292376239744,296,1
442,"(17,3)",,False,53,"[19, 17, 3, 18, 11]",5,0.011695906432748001,-153,145,10,0.139195210247841,298,1
443,"(17,3)",,False,53,"[19, 17, 3, 18, 11]",5,0.011695906432748001,-153,145,10,0.139195210247841,298,1
444,"(18,1)",,False,53,"[13, 11, 15, 18, 1]",5,0.00844204528415,-155,145,11,0.15820855557697602,300,1
445,"(18,1)",,False,53,"[13, 11, 15, 18, 1]",5,0.00844204528415,-155,145,11,0.15820855557697602,300,1
446,"(5,1)",,False,55,"[4, 7, 5, 1, 15]",5,0.007170704539125001,-157,145,12,0.17478418267891901,302,1
447,"(5,1)",,False,55,"[4, 7, 5, 1, 15]",5,0.007170704539125001,-157,145,12,0.17478418267891901,302,1
448,"(8,19)",,False,55,"[2, 12, 8, 5, 19]",5,0.007170704539125001,-159,145,12,0.18416179337231903,304,1
449,"(8,19)",,False,55,"[2, 12, 8, 5, 19]",5,0.007170704539125001,-159,145,12,0.18416179337231903,304,1
450,"(16,18)",,False,57,"[15, 2, 12, 16, 18]",6,0.044277360066833006,-161,145,12,0.21019910888331902,306,1
451,"(16,18)",,False,57,"[15, 2, 12, 16, 18]",6,0.044277360066833006,-161,145,12,0.21019910888331902,306,1
452,"(16,18)",,False,57,"[16, 12, 18, 4, 2]",6,0.044277360066833006,-163,145,12,0.21019910888331902,308,1
453,"(16,18)",,False,57,"[16, 12, 18, 4, 2]",6,0.044277360066833006,-163,145,12,0.21019910888331902,308,1
454,"(13,4)",,False,55,"[13, 6, 4, 2, 7]",6,0.045307713728766005,-165,145,11,0.163204307063956,310,1
455,"(13,4)",,False,55,"[13, 6, 4, 2, 7]",6,0.045307713728766005,-165,145,11,0.163204307063956,310,1
456,"(10,17)",,False,55,"[16, 10, 17, 14, 13]",6,0.033382066276803006,-167,145,11,0.14965886939571102,312,1
457,"(10,17)",,False,55,"[16, 10, 17, 14, 13]",6,0.033382066276803006,-167,145,11,0.14965886939571102,312,1
458,"(10,1)",,False,57,"[12, 6, 9, 10, 1]",6,0.037670565302144,-169,145,12,0.21912419938735703,314,1
459,"(10,1)",,False,57,"[12, 6, 9, 10, 1]",6,0.037670565302144,-169,145,12,0.21912419938735703,314,1
460,"(0,2)",,False,55,"[0, 2, 10, 12, 6]",5,0.029058758006126003,-171,145,11,0.19807852965747702,316,1
461,"(0,2)",,False,55,"[0, 2, 10, 12, 6]",5,0.029058758006126003,-171,145,11,0.19807852965747702,316,1
462,"(12,1)",,True,57,"[5, 12, 2, 1, 17]",5,0.031008075744917003,-173,145,12,0.22140072403230202,318,1
463,"(12,1)",,True,57,"[5, 12, 2, 1, 17]",5,0.031008075744917003,-173,145,12,0.22140072403230202,318,1
464,"(7,11)",,False,57,"[7, 8, 15, 4, 11]",5,0.031982734614313,-175,145,12,0.213540796435533,320,1
465,"(7,11)",,False,57,"[7, 8, 15, 4, 11]",5,0.031982734614313,-175,145,12,0.213540796435533,320,1
466,"(12,9)",,False,57,"[14, 2, 12, 9, 6]",5,0.017543859649122,-177,145,12,0.20490114174324703,322,1
467,"(12,9)",,False,57,"[14, 2, 12, 9, 6]",5,0.017543859649122,-177,145,12,0.20490114174324703,322,1
468,"(9,11)",,False,57,"[9, 15, 16, 6, 11]",5,0.017673814165042,-179,145,12,0.184579504316346,324,1
469,"(9,11)",,False,57,"[9, 15, 16, 6, 11]",5,0.017673814165042,-179,145,12,0.184579504316346,324,1
470,"(16,0)",,False,57,"[16, 0, 14, 7, 5]",4,0.004093567251461001,-181,145,12,0.17124060150375903,326,1
471,"(16,0)",,False,57,"[16, 0, 14, 7, 5]",4,0.004093567251461001,-181,145,12,0.17124060150375903,326,1
472,"(16,1)",,False,59,"[16, 1, 6, 5, 4]",5,0.014327485380116,-183,145,13,0.198948760790866,328,1
473,"(16,1)",,False,59,"[16, 1, 6, 5, 4]",5,0.014327485380116,-183,145,13,0.198948760790866,328,1
474,"(1,8)",,False,61,"[1, 5, 14, 8, 11]",5,0.010735171261487,-185,145,14,0.23743386243386203,330,1
475,"(1,8)",,False,61,"[1, 5, 14, 8, 11]",5,0.010735171261487,-185,145,14,0.23743386243386203,330,1
476,"(14,19)",,False,61,"[0, 5, 14, 19, 15]",5,0.009161793372319,-187,145,14,0.210526315789473,332,1
477,"(14,19)",,False,61,"[0, 5, 14, 19, 15]",5,0.009161793372319,-187,145,14,0.210526315789473,332,1
478,"(11,15)",,False,59,"[11, 10, 15, 3, 16]",5,0.009161793372319,-189,145,13,0.19081099212678101,334,1
479,"(11,15)",,False,59,"[11, 10, 15, 3, 16]",5,0.009161793372319,-189,145,13,0.19081099212678101,334,1
480,"(9,5)",,False,57,"[17, 9, 13, 5, 0]",5,0.011654135338345,-191,145,12,0.18541724682075503,336,1
481,"(9,5)",,False,57,"[17, 9, 13, 5, 0]",5,0.011654135338345,-191,145,12,0.18541724682075503,336,1
482,"(10,6)",,False,57,"[10, 4, 12, 6, 2]",5,0.012596305578761001,-193,145,12,0.17634363686995203,338,1
483,"(10,6)",,False,57,"[10, 4, 12, 6, 2]",5,0.012596305578761001,-193,145,12,0.17634363686995203,338,1
484,"(9,12)",,False,57,"[9, 19, 12, 0, 1]",5,0.012596305578761001,-195,145,12,0.17634363686995203,340,1
485,"(9,12)",,False,57,"[9, 19, 12, 0, 1]",5,0.012596305578761001,-195,145,12,0.17634363686995203,340,1
486,"(15,4)",,False,57,"[16, 15, 17, 4, 13]",5,0.011842105263157002,-197,145,12,0.15793650793650701,342,1
487,"(15,4)",,False,57,"[16, 15, 17, 4, 13]",5,0.011842105263157002,-197,145,12,0.15793650793650701,342,1
488,"(7,16)",,False,57,"[6, 8, 15, 7, 16]",5,0.011842105263157002,-199,145,12,0.159106098579782,344,1
489,"(7,16)",,False,57,"[6, 8, 15, 7, 16]",5,0.011842105263157002,-199,145,12,0.159106098579782,344,1
490,"(1,15)",,False,57,"[10, 1, 4, 15, 0]",5,0.013830873479996002,-201,145,12,0.15564880214003002,346,1
491,"(1,15)",,False,57,"[10, 1, 4, 15, 0]",5,0.013830873479996002,-201,145,12,0.15564880214003002,346,1
492,"(10,0)",,False,56,"[17, 2, 10, 5, 0]",4,0.010011138958507,-203,145,12,0.163914837599048,348,1
493,"(10,0)",,False,56,"[17, 2, 10, 5, 0]",4,0.010011138958507,-203,145,12,0.163914837599048,348,1
494,13:10,assassinate,True,52,"[12, 9, 13, 7, 11]",4,0.010011138958507,-205,145,12,0.16548083170890102,350,1
495,13:10,assassinate,True,52,"[12, 9, 13, 7, 11]",4,0.010011138958507,-205,145,12,0.16548083170890102,350,1
496,"(17,5)",,False,52,"[4, 17, 18, 5, 15]",4,0.008632692843219,-207,145,12,0.161408150004641,352,1
497,"(17,5)",,False,52,"[4, 17, 18, 5, 15]",4,0.008632692843219,-207,145,12,0.161408150004641,352,1
498,"(5,1)",,False,54,"[0, 5, 6, 12, 1]",4,0.007901698691172,-209,145,13,0.19543998886104103,354,1
499,"(5,1)",,False,54,"[0, 5, 6, 12, 1]",4,0.007901698691172,-209,145,13,0.19543998886104103,354,1
500,"(0,18)",,False,54,"[0, 19, 18, 9, 14]",3,0.007066276803118001,-211,145,13,0.19484886458570602,356,1
501,"(0,18)",,False,54,"[0, 19, 18, 9, 14]",3,0.007066276803118001,-211,145,13,0.19484886458570602,356,1
502,"(4,11)",,False,54,"[4, 8, 11, 17, 12]",3,0.009363686995265,-213,145,13,0.18838826865142602,358,1
503,"(4,11)",,False,54,"[4, 8, 11, 17, 12]",3,0.009363686995265,-213,145,13,0.18838826865142602,358,1
504,"(5,12)",,False,54,"[4, 5, 8, 17, 12]",3,0.009363686995265,-215,145,13,0.18751107566897002,360,1
505,"(5,12)",,False,54,"[4, 5, 8, 17, 12]",3,0.009363686995265,-215,145,13,0.18751107566897002,360,1
506,"(19,16)",,False,54,"[19, 16, 3, 14, 5]",4,0.018031189083820003,-217,145,13,0.17298865851497403,362,1
507,"(19,16)",,False,54,"[19, 16, 3, 14, 5]",4,0.018031189083820003,-217,145,13,0.17298865851497403,362,1
508,"(3,16)",,False,54,"[3, 4, 9, 16, 11]",4,0.032094124199387,-219,145,13,0.18799144325460102,364,1
509,"(3,16)",,False,54,"[3, 4, 9, 16, 11]",4,0.032094124199387,-219,145,13,0.18799144325460102,364,1
510,"(1,4)",,False,56,"[16, 1, 6, 4, 10]",4,0.018421052631578002,-221,145,14,0.23494848231690302,366,1
511,"(1,4)",,False,56,"[16, 1, 6, 4, 10]",4,0.018421052631578002,-221,145,14,0.23494848231690302,366,1
512,14:8,assassinate,True,53,"[12, 14, 9, 19, 10]",4,0.016081871345029003,-223,145,14,0.225181640971114,368,1
513,14:8,assassinate,True,53,"[12, 14, 9, 19, 10]",4,0.016081871345029003,-223,145,14,0.225181640971114,368,1
514,"(16,18)",,False,53,"[6, 16, 12, 10, 18]",4,0.017251461988304,-225,145,14,0.25619604566972903,370,1
515,"(16,18)",,False,53,"[6, 16, 12, 10, 18]",4,0.017251461988304,-225,145,14,0.25619604566972903,370,1
516,"(1,17)",,False,55,"[10, 1, 17, 0, 2]",4,0.011695906432748001,-227,145,15,0.260289612921191,372,1
517,"(1,17)",,False,55,"[10, 1, 17, 0, 2]",4,0.011695906432748001,-227,145,15,0.260289612921191,372,1
518,"(15,14)",,False,57,"[15, 9, 4, 14, 2]",4,0.011695906432748001,-229,145,15,0.278411306042884,374,1
519,"(15,14)",,False,57,"[15, 9, 4, 14, 2]",4,0.011695906432748001,-229,145,15,0.278411306042884,374,1
520,18:22,assassinate,True,47,"[18, 1, 5, 15, 7]",5,0.039376218323586,-231,145,14,0.30881370091896404,376,1
521,18:22,assassinate,True,47,"[18, 1, 5, 15, 7]",5,0.039376218323586,-231,145,14,0.30881370091896404,376,1
522,"(12,18)",,False,47,"[12, 18, 10, 3, 2]",5,0.042007797270955,-233,145,13,0.304260651629072,378,1
523,"(12,18)",,False,47,"[12, 18, 10, 3, 2]",5,0.042007797270955,-233,145,13,0.304260651629072,378,1
524,"(8,4)",,False,47,"[8, 19, 4, 13, 14]",5,0.034210526315789004,-235,145,13,0.296198830409356,380,1
525,"(8,4)",,False,47,"[8, 19, 4, 13, 14]",5,0.034210526315789004,-235,145,13,0.296198830409356,380,1
526,"(1,14)",,False,49,"[1, 9, 2, 13, 14]",5,0.024561403508771004,-237,145,14,0.339097744360902,382,1
527,"(1,14)",,False,49,"[1, 9, 2, 13, 14]",5,0.024561403508771004,-237,145,14,0.339097744360902,382,1
528,"(18,1)",,False,49,"[8, 9, 18, 7, 1]",5,0.024561403508771004,-239,145,14,0.339097744360902,384,1
529,"(18,1)",,False,49,"[8, 9, 18, 7, 1]",5,0.024561403508771004,-239,145,14,0.339097744360902,384,1
530,"(15,14)",,False,49,"[12, 15, 17, 11, 14]",5,0.024561403508771004,-241,145,14,0.347382344750765,386,1
531,"(15,14)",,False,49,"[12, 15, 17, 11, 14]",5,0.024561403508771004,-241,145,14,0.347382344750765,386,1
532,"(11,17)",,False,49,"[18, 11, 17, 14, 13]",5,0.031221572449642004,-243,145,13,0.32146570129026203,388,1
533,"(11,17)",,False,49,"[18, 11, 17, 14, 13]",5,0.031221572449642004,-243,145,13,0.32146570129026203,388,1
534,"(9,12)",,False,49,"[7, 5, 9, 12, 18]",5,0.031221572449642004,-245,145,13,0.347795414462081,390,1
535,"(9,12)",,False,49,"[7, 5, 9, 12, 18]",5,0.031221572449642004,-245,145,13,0.347795414462081,390,1
536,"(13,1)",,False,51,"[11, 13, 1, 14, 9]",5,0.027322936972059002,-247,145,14,0.3866355704075,392,1
537,"(13,1)",,False,51,"[11, 13, 1, 14, 9]",5,0.027322936972059002,-247,145,14,0.3866355704075,392,1
538,"(15,17)",,False,53,"[7, 8, 18, 15, 17]",5,0.023391812865497002,-249,145,14,0.340956558061821,394,1
539,"(15,17)",,False,53,"[7, 8, 18, 15, 17]",5,0.023391812865497002,-249,145,14,0.340956558061821,394,1
540,"(17,9)",,False,51,"[17, 2, 12, 14, 9]",5,0.027777777777777003,-251,145,13,0.307873851294903,396,1
541,"(17,9)",,False,51,"[17, 2, 12, 14, 9]",5,0.027777777777777003,-251,145,13,0.307873851294903,396,1
542,"(1,13)",,False,53,"[1, 6, 12, 13, 3]",5,0.021832358674463002,-253,145,14,0.338171818434976,398,1
543,"(1,13)",,False,53,"[1, 6, 12, 13, 3]",5,0.021832358674463002,-253,145,14,0.338171818434976,398,1
544,"(11,4)",,True,55,"[14, 10, 11, 4, 17]",5,0.015316067947646,-255,145,14,0.328355611250348,400,1
545,"(11,4)",,True,55,"[14, 10, 11, 4, 17]",5,0.015316067947646,-255,145,14,0.328355611250348,400,1
546,9:20,assassinate,True,46,"[6, 9, 15, 8, 4]",5,0.015107212475633002,-257,145,13,0.346908939014202,402,1
547,9:20,assassinate,True,46,"[6, 9, 15, 8, 4]",5,0.015107212475633002,-257,145,13,0.346908939014202,402,1
548,"(12,9)",,False,48,"[4, 12, 19, 9, 0]",6,0.040935672514619006,-259,145,13,0.405230669265757,404,1
549,"(12,9)",,False,48,"[4, 12, 19, 9, 0]",6,0.040935672514619006,-259,145,13,0.405230669265757,404,1
550,"(0,4)",,False,48,"[1, 16, 19, 0, 4]",5,0.034730344379467,-261,145,13,0.382720690615427,406,1
551,"(0,4)",,False,48,"[1, 16, 19, 0, 4]",5,0.034730344379467,-261,145,13,0.382720690615427,406,1
552,"(12,7)",,False,48,"[4, 2, 12, 13, 7]",5,0.036985983477211,-263,145,13,0.39741019214703405,408,1
553,"(12,7)",,False,48,"[4, 2, 12, 13, 7]",5,0.036985983477211,-263,145,13,0.39741019214703405,408,1
554,"(4,11)",,True,48,"[4, 6, 17, 12, 11]",5,0.03714842662211,-265,145,13,0.38748955722639905,410,1
555,"(4,11)",,True,48,"[4, 6, 17, 12, 11]",5,0.03714842662211,-265,145,13,0.38748955722639905,410,1
556,"(10,4)",,False,48,"[10, 0, 1, 12, 4]",5,0.03256752993595,-267,145,13,0.38605541631857404,412,1
557,"(10,4)",,False,48,"[10, 0, 1, 12, 4]",5,0.03256752993595,-267,145,13,0.38605541631857404,412,1
558,"(11,1)",,False,50,"[10, 11, 8, 1, 2]",5,0.027712800519818004,-269,145,14,0.384637519725238,414,1
559,"(11,1)",,False,50,"[10, 11, 8, 1, 2]",5,0.027712800519818004,-269,145,14,0.384637519725238,414,1
560,"(0,17)",,False,51,"[16, 0, 12, 6, 17]",4,0.019159008632692,-271,145,14,0.362587023113338,416,1
561,"(0,17)",,False,51,"[16, 0, 12, 6, 17]",4,0.019159008632692,-271,145,14,0.362587023113338,416,1
562,"(16,19)",,True,51,"[14, 18, 4, 16, 19]",4,0.018685602896129,-273,145,14,0.335491506544138,418,1
563,"(16,19)",,True,51,"[14, 18, 4, 16, 19]",4,0.018685602896129,-273,145,14,0.335491506544138,418,1
564,"(9,7)",,False,51,"[6, 16, 18, 9, 7]",5,0.057370277545716004,-275,145,14,0.345221850923605,420,1
565,"(9,7)",,False,51,"[6, 16, 18, 9, 7]",5,0.057370277545716004,-275,145,14,0.345221850923605,420,1
566,"(16,1)",,False,53,"[13, 7, 16, 1, 11]",5,0.033145363408521006,-277,145,15,0.34478557504873203,422,1
567,"(16,1)",,False,53,"[13, 7, 16, 1, 11]",5,0.033145363408521006,-277,145,15,0.34478557504873203,422,1
568,"(16,0)",,False,51,"[17, 11, 15, 16, 0]",4,0.018509236053095002,-279,145,14,0.32686809616634105,424,1
569,"(16,0)",,False,51,"[17, 11, 15, 16, 0]",4,0.018509236053095002,-279,145,14,0.32686809616634105,424,1
570,"(0,15)",,True,51,"[4, 3, 0, 14, 15]",3,0.010331384015594,-281,145,14,0.32184628237259805,426,1
571,"(0,15)",,True,51,"[4, 3, 0, 14, 15]",3,0.010331384015594,-281,145,14,0.32184628237259805,426,1
572,"(6,1)",,False,53,"[6, 19, 1, 3, 17]",3,0.008038615056158,-283,145,15,0.35029703889353003,428,1
573,"(6,1)",,False,53,"[6, 19, 1, 3, 17]",3,0.008038615056158,-283,145,15,0.35029703889353003,428,1
574,"(5,9)",,False,51,"[12, 5, 9, 16, 14]",3,0.009161793372319,-285,145,14,0.330506822612085,430,1
575,"(5,9)",,False,51,"[12, 5, 9, 16, 14]",3,0.009161793372319,-285,145,14,0.330506822612085,430,1
576,"(4,1)",,False,53,"[3, 4, 6, 2, 1]",4,0.013791423001949,-287,145,15,0.35765107212475605,432,1
577,"(4,1)",,False,53,"[3, 4, 6, 2, 1]",4,0.013791423001949,-287,145,15,0.35765107212475605,432,1
578,"(0,17)",,False,51,"[0, 2, 18, 17, 15]",3,0.009892787524366,-289,145,14,0.35320941241993803,434,1
579,"(0,17)",,False,51,"[0, 2, 18, 17, 15]",3,0.009892787524366,-289,145,14,0.35320941241993803,434,1
580,"(17,6)",,False,51,"[17, 0, 10, 6, 13]",3,0.009802283486494002,-291,145,13,0.31083031653207005,436,1
581,"(17,6)",,False,51,"[17, 0, 10, 6, 13]",3,0.009802283486494002,-291,145,13,0.31083031653207005,436,1
582,"(11,6)",,False,53,"[11, 9, 6, 13, 14]",3,0.008493455861876,-293,145,13,0.27622528543581104,438,1
583,"(11,6)",,False,53,"[11, 9, 6, 13, 14]",3,0.008493455861876,-293,145,13,0.27622528543581104,438,1
584,"(15,11)",,True,55,"[8, 15, 0, 18, 11]",4,0.049818991924255006,-295,145,13,0.277784739626844,440,1
585,"(15,11)",,True,55,"[8, 15, 0, 18, 11]",4,0.049818991924255006,-295,145,13,0.277784739626844,440,1
586,"(4,13)",,False,55,"[1, 4, 10, 8, 13]",4,0.050988582567529,-297,145,13,0.28324282929546,442,1
587,"(4,13)",,False,55,"[1, 4, 10, 8, 13]",4,0.050988582567529,-297,145,13,0.28324282929546,442,1
588,7:14,assassinate,True,49,"[11, 16, 7, 1, 5]",3,0.043532442216652006,-299,145,13,0.312656641604009,444,1
589,7:14,assassinate,True,49,"[11, 16, 7, 1, 5]",3,0.043532442216652006,-299,145,13,0.312656641604009,444,1
590,"(1,6)",,False,49,"[15, 16, 13, 1, 6]",3,0.10371762740183701,-301,145,14,0.38098719019771604,446,1
591,"(1,6)",,False,49,"[15, 16, 13, 1, 6]",3,0.10371762740183701,-301,145,14,0.38098719019771604,446,1
592,"(8,11)",,False,51,"[0, 16, 8, 11, 18]",4,0.10629351155666901,-303,145,14,0.329490392648287,448,1
593,"(8,11)",,False,51,"[0, 16, 8, 11, 18]",4,0.10629351155666901,-303,145,14,0.329490392648287,448,1
594,"(3,2)",,False,51,"[0, 19, 10, 3, 2]",5,0.21296296296296202,-305,145,14,0.394896964633806,450,1
595,"(3,2)",,False,51,"[0, 19, 10, 3, 2]",5,0.21296296296296202,-305,145,14,0.394896964633806,450,1
596,"(0,9)",,False,49,"[13, 2, 0, 4, 9]",4,0.10721247563352801,-307,145,13,0.272890559732664,452,1
597,"(0,9)",,False,49,"[13, 2, 0, 4, 9]",4,0.10721247563352801,-307,145,13,0.272890559732664,452,1
598,"(0,7)",,False,49,"[0, 12, 7, 18, 4]",3,0.0075536062378160004,-309,145,13,0.213505987190197,454,1
599,"(0,7)",,False,49,"[0, 12, 7, 18, 4]",3,0.0075536062378160004,-309,145,13,0.213505987190197,454,1
600,"(1,4)",,False,49,"[16, 18, 2, 1, 4]",3,0.008040935672514,-311,145,13,0.260050589436554,456,1
601,"(1,4)",,False,49,"[16, 18, 2, 1, 4]",3,0.008040935672514,-311,145,13,0.260050589436554,456,1
602,"(4,7)",,False,51,"[0, 14, 4, 7, 12]",4,0.010672514619883,-313,145,13,0.319634734985612,458,1
603,"(4,7)",,False,51,"[0, 14, 4, 7, 12]",4,0.010672514619883,-313,145,13,0.319634734985612,458,1
604,"(2,0)",,False,51,"[13, 5, 2, 6, 0]",3,0.006439710387078,-315,145,13,0.27234521488907404,460,1
605,"(2,0)",,False,51,"[13, 5, 2, 6, 0]",3,0.006439710387078,-315,145,13,0.27234521488907404,460,1
606,"(8,10)",,False,51,"[19, 8, 10, 7, 6]",4,0.014392462638076002,-317,145,13,0.27703982177666303,462,1
607,"(8,10)",,False,51,"[19, 8, 10, 7, 6]",4,0.014392462638076002,-317,145,13,0.27703982177666303,462,1
608,"(2,4)",,False,51,"[2, 4, 10, 8, 11]",5,0.12448018193632202,-319,145,13,0.37437575420031505,464,1
609,"(2,4)",,False,51,"[2, 4, 10, 8, 11]",5,0.12448018193632202,-319,145,13,0.37437575420031505,464,1
610,9:2,assassinate,True,51,"[7, 5, 9, 3, 4]",4,0.016487979207277,-321,145,13,0.29100993223800203,466,1
611,9:2,assassinate,True,51,"[7, 5, 9, 3, 4]",4,0.016487979207277,-321,145,13,0.29100993223800203,466,1
612,"(5,2)",,False,49,"[11, 6, 5, 10, 2]",4,0.023605520535345002,-323,145,12,0.23789461026303102,468,1
613,"(5,2)",,False,49,"[11, 6, 5, 10, 2]",4,0.023605520535345002,-323,145,12,0.23789461026303102,468,1
614,4:6,assassinate,True,47,"[3, 10, 18, 8, 4]",4,0.018525480367585,-325,145,12,0.236654135338345,470,1
615,4:6,assassinate,True,47,"[3, 10, 18, 8, 4]",4,0.018525480367585,-325,145,12,0.236654135338345,470,1
616,"(17,18)",,False,48,"[2, 7, 17, 18, 14]",4,0.018525480367585,-327,145,12,0.24062935115566603,472,1
617,"(17,18)",,False,48,"[2, 7, 17, 18, 14]",4,0.018525480367585,-327,145,12,0.24062935115566603,472,1
618,"(12,4)",,True,50,"[5, 8, 12, 7, 4]",5,0.025403787245892002,-329,145,12,0.281551099972152,474,1
619,"(12,4)",,True,50,"[5, 8, 12, 7, 4]",5,0.025403787245892002,-329,145,12,0.281551099972152,474,1
620,"(1,4)",,False,50,"[10, 14, 1, 11, 4]",5,0.026517683096630003,-331,145,13,0.28302701197438,476,1
621,"(1,4)",,False,50,"[10, 14, 1, 11, 4]",5,0.026517683096630003,-331,145,13,0.28302701197438,476,1
622,"(1,15)",,True,52,"[6, 4, 1, 13, 15]",5,0.025647451963241003,-333,145,14,0.279782790309106,478,1
623,"(1,15)",,True,52,"[6, 4, 1, 13, 15]",5,0.025647451963241003,-333,145,14,0.279782790309106,478,1
624,"(5,3)",,False,54,"[15, 5, 11, 12, 3]",5,0.014814814814814002,-335,145,14,0.24844054580896602,480,1
625,"(5,3)",,False,54,"[15, 5, 11, 12, 3]",5,0.014814814814814002,-335,145,14,0.24844054580896602,480,1
626,"(18,16)",,False,52,"[18, 2, 19, 16, 1]",5,0.016423001949317,-337,145,13,0.255932128300549,482,1
627,"(18,16)",,False,52,"[18, 2, 19, 16, 1]",5,0.016423001949317,-337,145,13,0.255932128300549,482,1
628,"(2,12)",,False,50,"[6, 2, 12, 3, 4]",5,0.017397660818713002,-339,145,12,0.272208931419457,484,1
629,"(2,12)",,False,50,"[6, 2, 12, 3, 4]",5,0.017397660818713002,-339,145,12,0.272208931419457,484,1
630,"(12,7)",,False,52,"[13, 12, 7, 3, 5]",5,0.016325536062378,-341,145,12,0.28065302144249504,486,1
631,"(12,7)",,False,52,"[13, 12, 7, 3, 5]",5,0.016325536062378,-341,145,12,0.28065302144249504,486,1
632,"(9,1)",,False,54,"[9, 6, 16, 7, 1]",5,0.018567251461988,-343,145,13,0.34537037037037005,488,1
633,"(9,1)",,False,54,"[9, 6, 16, 7, 1]",5,0.018567251461988,-343,145,13,0.34537037037037005,488,1
634,"(12,6)",,True,54,"[3, 17, 19, 12, 6]",5,0.018567251461988,-345,145,13,0.34686780081516905,490,1
635,"(12,6)",,True,54,"[3, 17, 19, 12, 6]",5,0.018567251461988,-345,145,13,0.34686780081516905,490,1
636,"(4,16)",,False,54,"[4, 5, 16, 12, 19]",5,0.018031189083820003,-347,145,13,0.379470139996455,492,1
637,"(4,16)",,False,54,"[4, 5, 16, 12, 19]",5,0.018031189083820003,-347,145,13,0.379470139996455,492,1
638,"(3,14)",,False,54,"[3, 11, 14, 18, 5]",6,0.031494691143813,-349,145,13,0.383990960306749,494,1
639,"(3,14)",,False,54,"[3, 11, 14, 18, 5]",6,0.031494691143813,-349,145,13,0.383990960306749,494,1
640,"(4,0)",,True,54,"[8, 4, 0, 10, 9]",6,0.031494691143813,-351,145,13,0.383990960306749,496,1
641,"(4,0)",,True,54,"[8, 4, 0, 10, 9]",6,0.031494691143813,-351,145,13,0.383990960306749,496,1
642,"(16,10)",,False,54,"[16, 6, 10, 3, 5]",6,0.028334011667345,-353,145,13,0.350511428143007,498,1
643,"(16,10)",,False,54,"[16, 6, 10, 3, 5]",6,0.028334011667345,-353,145,13,0.350511428143007,498,1
644,"(2,7)",,False,54,"[2, 7, 14, 8, 13]",7,0.08052003227441801,-355,145,13,0.346974808816914,500,1
645,"(2,7)",,False,54,"[2, 7, 14, 8, 13]",7,0.08052003227441801,-355,145,13,0.346974808816914,500,1
646,"(7,11)",,False,56,"[9, 13, 18, 7, 11]",8,0.09014130768516701,-357,145,13,0.309464366043313,502,1
647,"(7,11)",,False,56,"[9, 13, 18, 7, 11]",8,0.09014130768516701,-357,145,13,0.309464366043313,502,1
648,"(0,5)",,False,56,"[17, 0, 5, 19, 6]",7,0.064243943191311,-359,145,13,0.285192147034252,504,1
649,"(0,5)",,False,56,"[17, 0, 5, 19, 6]",7,0.064243943191311,-359,145,13,0.285192147034252,504,1
650,"(3,1)",,False,58,"[17, 3, 1, 15, 8]",8,0.08958275317924401,-361,145,14,0.292033324050867,506,1
651,"(3,1)",,False,58,"[17, 3, 1, 15, 8]",8,0.08958275317924401,-361,145,14,0.292033324050867,506,1
652,"(15,2)",,False,56,"[15, 17, 1, 9, 2]",8,0.09141532606444801,-363,145,13,0.269776828110161,508,1
653,"(15,2)",,False,56,"[15, 17, 1, 9, 2]",8,0.09141532606444801,-363,145,13,0.269776828110161,508,1
654,"(19,4)",,False,56,"[12, 13, 19, 15, 4]",8,0.09569918385707801,-365,145,13,0.28915397468029,510,1
655,"(19,4)",,False,56,"[12, 13, 19, 15, 4]",8,0.09569918385707801,-365,145,13,0.28915397468029,510,1
656,"(19,9)",,False,54,"[19, 9, 1, 0, 4]",8,0.10099715099715001,-367,145,12,0.28561039350513,512,1
657,"(19,9)",,False,54,"[19, 9, 1, 0, 4]",8,0.10099715099715001,-367,145,12,0.28561039350513,512,1
658,"(12,18)",,False,52,"[9, 12, 7, 18, 15]",8,0.11737142000299801,-369,145,11,0.274401816507079,514,1
659,"(12,18)",,False,52,"[9, 12, 7, 18, 15]",8,0.11737142000299801,-369,145,11,0.274401816507079,514,1
660,"(0,10)",,False,50,"[15, 1, 0, 8, 10]",7,0.08948799738273401,-371,145,10,0.28133630502051504,516,1
661,"(0,10)",,False,50,"[15, 1, 0, 8, 10]",7,0.08948799738273401,-371,145,10,0.28133630502051504,516,1
662,"(12,6)",,False,50,"[12, 0, 6, 10, 11]",7,0.142220450115186,-371,146,9,0.193195108984582,517,1
663,"(12,6)",,False,50,"[12, 0, 6, 10, 11]",7,0.142220450115186,-371,146,9,0.193195108984582,517,1
664,"(12,0)",,False,50,"[8, 7, 12, 14, 0]",6,0.07072547335705201,-373,146,9,0.133171117381643,519,1
665,"(12,0)",,False,50,"[8, 7, 12, 14, 0]",6,0.07072547335705201,-373,146,9,0.133171117381643,519,1
666,"(1,12)",,True,52,"[6, 1, 0, 12, 4]",6,0.043167748430906004,-375,146,10,0.22053102842576502,521,1
667,"(1,12)",,True,52,"[6, 1, 0, 12, 4]",6,0.043167748430906004,-375,146,10,0.22053102842576502,521,1
668,"(17,19)",,False,52,"[18, 17, 15, 19, 16]",6,0.042648287385129005,-377,146,10,0.22674046226677802,523,1
669,"(17,19)",,False,52,"[18, 17, 15, 19, 16]",6,0.042648287385129005,-377,146,10,0.22674046226677802,523,1
670,"(16,11)",,True,52,"[10, 15, 16, 11, 12]",6,0.035867446393762,-379,146,9,0.184259259259259,525,1
671,"(16,11)",,True,52,"[10, 15, 16, 11, 12]",6,0.035867446393762,-379,146,9,0.184259259259259,525,1
672,7:6,assassinate,True,50,"[10, 17, 12, 2, 7]",6,0.019005847953216002,-381,146,9,0.154288499025341,527,1
673,7:6,assassinate,True,50,"[10, 17, 12, 2, 7]",6,0.019005847953216002,-381,146,9,0.154288499025341,527,1
674,"(9,1)",,False,52,"[15, 17, 9, 1, 13]",6,0.019367864104706003,-383,146,10,0.130499860763018,529,1
675,"(9,1)",,False,52,"[15, 17, 9, 1, 13]",6,0.019367864104706003,-383,146,10,0.130499860763018,529,1
676,"(1,11)",,False,54,"[14, 15, 1, 3, 11]",7,0.050102107119650005,-385,146,11,0.146825396825396,531,1
677,"(1,11)",,False,54,"[14, 15, 1, 3, 11]",7,0.050102107119650005,-385,146,11,0.146825396825396,531,1
678,"(19,7)",,False,56,"[15, 19, 7, 5, 17]",7,0.049997679383644,-387,146,11,0.14905318852687202,533,1
679,"(19,7)",,False,56,"[15, 19, 7, 5, 17]",7,0.049997679383644,-387,146,11,0.14905318852687202,533,1
680,"(1,5)",,False,58,"[1, 15, 11, 13, 5]",7,0.047635713863784006,-389,146,12,0.161734302085179,535,1
681,"(1,5)",,False,58,"[1, 15, 11, 13, 5]",7,0.047635713863784006,-389,146,12,0.161734302085179,535,1
682,"(15,11)",,False,58,"[15, 11, 4, 18, 7]",7,0.048383690708252006,-391,146,12,0.163661468486029,537,1
683,"(15,11)",,False,58,"[15, 11, 4, 18, 7]",7,0.048383690708252006,-391,146,12,0.163661468486029,537,1
684,"(12,11)",,False,56,"[12, 17, 0, 11, 18]",7,0.050153160679476005,-393,146,11,0.154379003063213,539,1
685,"(12,11)",,False,56,"[12, 17, 0, 11, 18]",7,0.050153160679476005,-393,146,11,0.154379003063213,539,1
686,"(13,5)",,False,54,"[4, 6, 13, 5, 18]",7,0.056787802840434005,-395,146,10,0.111340852130325,541,1
687,"(13,5)",,False,54,"[4, 6, 13, 5, 18]",7,0.056787802840434005,-395,146,10,0.111340852130325,541,1
688,"(12,19)",,False,54,"[18, 12, 11, 19, 16]",7,0.057365636313004,-397,146,10,0.11606794764689501,543,1
689,"(12,19)",,False,54,"[18, 12, 11, 19, 16]",7,0.057365636313004,-397,146,10,0.11606794764689501,543,1
690,"(2,7)",,False,56,"[14, 5, 15, 2, 7]",8,0.08437761069340001,-397,147,10,0.103905597326649,544,1
691,"(2,7)",,False,56,"[14, 5, 15, 2, 7]",8,0.08437761069340001,-397,147,10,0.103905597326649,544,1
692,"(1,10)",,False,58,"[14, 13, 1, 15, 10]",8,0.064359974009096,-399,147,11,0.107472384665367,546,1
693,"(1,10)",,False,58,"[14, 13, 1, 15, 10]",8,0.064359974009096,-399,147,11,0.107472384665367,546,1
694,"(2,3)",,False,60,"[2, 17, 16, 18, 3]",8,0.055936136637891,-401,147,11,0.09792768959435601,548,1
695,"(2,3)",,False,60,"[2, 17, 16, 18, 3]",8,0.055936136637891,-401,147,11,0.09792768959435601,548,1
696,"(7,0)",,False,60,"[5, 7, 0, 15, 8]",7,0.026536458992599002,-403,147,11,0.08824164789077,550,1
697,"(7,0)",,False,60,"[5, 7, 0, 15, 8]",7,0.026536458992599002,-403,147,11,0.08824164789077,550,1
698,6:14,assassinate,True,54,"[5, 19, 9, 8, 6]",7,0.031468190678717,-405,147,11,0.09530834662413601,552,1
699,6:14,assassinate,True,54,"[5, 19, 9, 8, 6]",7,0.031468190678717,-405,147,11,0.09530834662413601,552,1
700,"(2,14)",,False,54,"[3, 16, 2, 4, 14]",7,0.029067326435747002,-407,147,11,0.087861748388064,554,1
701,"(2,14)",,False,54,"[3, 16, 2, 4, 14]",7,0.029067326435747002,-407,147,11,0.087861748388064,554,1
702,"(6,1)",,True,56,"[6, 1, 5, 14, 17]",8,0.060026669237195004,-409,147,12,0.19177430756378103,556,1
703,"(6,1)",,True,56,"[6, 1, 5, 14, 17]",8,0.060026669237195004,-409,147,12,0.19177430756378103,556,1
704,"(16,7)",,False,58,"[19, 16, 17, 7, 14]",8,0.049450013923698,-411,147,12,0.180116959064327,558,1
705,"(16,7)",,False,58,"[19, 16, 17, 7, 14]",8,0.049450013923698,-411,147,12,0.180116959064327,558,1
706,"(15,11)",,False,56,"[14, 15, 17, 11, 3]",8,0.04440267335004101,-413,147,11,0.08013088276246101,560,1
707,"(15,11)",,False,56,"[14, 15, 17, 11, 3]",8,0.04440267335004101,-413,147,11,0.08013088276246101,560,1
708,"(14,1)",,False,56,"[0, 14, 2, 19, 1]",8,0.050747238466536004,-415,147,11,0.117961570593149,562,1
709,"(14,1)",,False,56,"[0, 14, 2, 19, 1]",8,0.050747238466536004,-415,147,11,0.117961570593149,562,1
710,"(10,0)",,False,54,"[3, 8, 9, 10, 0]",7,0.10953309198923201,-417,147,11,0.130409356725146,564,1
711,"(10,0)",,False,54,"[3, 8, 9, 10, 0]",7,0.10953309198923201,-417,147,11,0.130409356725146,564,1
712,"(15,12)",,False,54,"[15, 7, 2, 16, 12]",7,0.110387078808131,-417,148,10,0.113046505151768,565,1
713,"(15,12)",,False,54,"[15, 7, 2, 16, 12]",7,0.110387078808131,-417,148,10,0.113046505151768,565,1
714,"(0,2)",,False,54,"[15, 7, 0, 9, 2]",7,0.21408382066276802,-415,150,10,0.14750069618490602,565,1
715,"(0,2)",,False,54,"[15, 7, 0, 9, 2]",7,0.21408382066276802,-415,150,10,0.14750069618490602,565,1
716,"(17,6)",,False,56,"[17, 15, 6, 9, 4]",8,0.176460722513354,-413,152,10,0.129711273132325,565,1
717,"(17,6)",,False,56,"[17, 15, 6, 9, 4]",8,0.176460722513354,-413,152,10,0.129711273132325,565,1
718,"(4,1)",,False,58,"[4, 1, 5, 10, 2]",9,0.17664173058909802,-411,154,11,0.14220083035872502,565,1
719,"(4,1)",,False,58,"[4, 1, 5, 10, 2]",9,0.17664173058909802,-411,154,11,0.14220083035872502,565,1
720,"(18,0)",,False,58,"[6, 11, 18, 0, 9]",8,0.070988709146603,-411,155,11,0.12144059644059602,566,1
721,"(18,0)",,False,58,"[6, 11, 18, 0, 9]",8,0.070988709146603,-411,155,11,0.12144059644059602,566,1
722,"(0,14)",,False,59,"[0, 14, 8, 6, 13]",9,0.08155342058850801,-411,156,11,0.11475679940592201,567,1
723,"(0,14)",,False,59,"[0, 14, 8, 6, 13]",9,0.08155342058850801,-411,156,11,0.11475679940592201,567,1
724,"(18,1)",,False,61,"[18, 6, 5, 1, 16]",9,0.08446133139115501,-411,157,12,0.204883826375054,568,1
725,"(18,1)",,False,61,"[18, 6, 5, 1, 16]",9,0.08446133139115501,-411,157,12,0.204883826375054,568,1
726,"(11,13)",,False,59,"[5, 8, 11, 13, 15]",9,0.088937800341309,-413,157,12,0.21331462559532702,570,1
727,"(11,13)",,False,59,"[5, 8, 11, 13, 15]",9,0.088937800341309,-413,157,12,0.21331462559532702,570,1
728,"(1,6)",,True,59,"[3, 1, 7, 6, 18]",9,0.077508586280516,-415,157,13,0.24747981063770502,572,1
729,"(1,6)",,True,59,"[3, 1, 7, 6, 18]",9,0.077508586280516,-415,157,13,0.24747981063770502,572,1
730,"(0,5)",,False,59,"[0, 17, 5, 7, 10]",9,0.086377981992017,-417,157,13,0.230065905504501,574,1
731,"(0,5)",,False,59,"[0, 17, 5, 7, 10]",9,0.086377981992017,-417,157,13,0.230065905504501,574,1
732,"(0,18)",,False,59,"[8, 0, 18, 5, 9]",9,0.080116959064327,-419,157,13,0.25034809245335504,576,1
733,"(0,18)",,False,59,"[8, 0, 18, 5, 9]",9,0.080116959064327,-419,157,13,0.25034809245335504,576,1
734,"(13,17)",,False,59,"[15, 2, 13, 17, 12]",9,0.081091617933723,-421,157,13,0.24537733221943703,578,1
735,"(13,17)",,False,59,"[15, 2, 13, 17, 12]",9,0.081091617933723,-421,157,13,0.24537733221943703,578,1
736,"(5,14)",,False,59,"[4, 5, 3, 15, 14]",10,0.09922027290448301,-423,157,13,0.252420402858999,580,1
737,"(5,14)",,False,59,"[4, 5, 3, 15, 14]",10,0.09922027290448301,-423,157,13,0.252420402858999,580,1
738,"(19,9)",,False,61,"[12, 13, 19, 9, 15]",10,0.09285714285714201,-425,157,13,0.23977304372041203,582,1
739,"(19,9)",,False,61,"[12, 13, 19, 9, 15]",10,0.09285714285714201,-425,157,13,0.23977304372041203,582,1
740,"(6,19)",,False,63,"[6, 11, 12, 19, 9]",10,0.06921470342522901,-427,157,13,0.188756613756613,584,1
741,"(6,19)",,False,63,"[6, 11, 12, 19, 9]",10,0.06921470342522901,-427,157,13,0.188756613756613,584,1
742,"(3,9)",,False,65,"[11, 13, 3, 7, 9]",10,0.06308827624617,-429,157,13,0.165689687180915,586,1
743,"(3,9)",,False,65,"[11, 13, 3, 7, 9]",10,0.06308827624617,-429,157,13,0.165689687180915,586,1
744,"(0,6)",,False,65,"[7, 0, 6, 5, 16]",10,0.06487515084006301,-431,157,13,0.169411955815464,588,1
745,"(0,6)",,False,65,"[7, 0, 6, 5, 16]",10,0.06487515084006301,-431,157,13,0.169411955815464,588,1
746,"(3,4)",,False,67,"[10, 3, 2, 8, 4]",10,0.060085398681889,-433,157,13,0.15954237445465502,590,1
747,"(3,4)",,False,67,"[10, 3, 2, 8, 4]",10,0.060085398681889,-433,157,13,0.15954237445465502,590,1
748,"(0,4)",,False,65,"[14, 2, 0, 4, 12]",9,0.055757449178501006,-435,157,13,0.168418732015223,592,1
749,"(0,4)",,False,65,"[14, 2, 0, 4, 12]",9,0.055757449178501006,-435,157,13,0.168418732015223,592,1
750,"(7,0)",,False,65,"[4, 7, 14, 2, 0]",8,0.030952380952380003,-437,157,13,0.15875378682396202,594,1
751,"(7,0)",,False,65,"[4, 7, 14, 2, 0]",8,0.030952380952380003,-437,157,13,0.15875378682396202,594,1
752,"(17,11)",,False,65,"[1, 17, 16, 2, 11]",8,0.031462916550635,-439,157,13,0.15330223707416601,596,1
753,"(17,11)",,False,65,"[1, 17, 16, 2, 11]",8,0.031462916550635,-439,157,13,0.15330223707416601,596,1
754,"(4,2)",,False,65,"[4, 2, 6, 10, 14]",8,0.032008261394226,-441,157,13,0.154775828460038,598,1
755,"(4,2)",,False,65,"[4, 2, 6, 10, 14]",8,0.032008261394226,-441,157,13,0.154775828460038,598,1
756,"(2,18)",,False,65,"[2, 11, 16, 18, 17]",9,0.048035070842088,-443,157,13,0.16495468469152602,600,1
757,"(2,18)",,False,65,"[2, 11, 16, 18, 17]",9,0.048035070842088,-443,157,13,0.16495468469152602,600,1
758,"(11,0)",,False,65,"[11, 0, 18, 10, 16]",8,0.028753069542543003,-445,157,13,0.152527784106731,602,1
759,"(11,0)",,False,65,"[11, 0, 18, 10, 16]",8,0.028753069542543003,-445,157,13,0.152527784106731,602,1
760,"(14,13)",,False,65,"[8, 9, 14, 13, 11]",8,0.028613832561200002,-447,157,13,0.14398791591774002,604,1
761,"(14,13)",,False,65,"[8, 9, 14, 13, 11]",8,0.028613832561200002,-447,157,13,0.14398791591774002,604,1
762,"(13,18)",,False,65,"[13, 7, 18, 3, 14]",8,0.031064403432824003,-449,157,13,0.15412436815945502,606,1
763,"(13,18)",,False,65,"[13, 7, 18, 3, 14]",8,0.031064403432824003,-449,157,13,0.15412436815945502,606,1
764,"(5,18)",,True,65,"[5, 12, 4, 11, 18]",8,0.031377686640844005,-451,157,13,0.16376884973376202,608,1
765,"(5,18)",,True,65,"[5, 12, 4, 11, 18]",8,0.031377686640844005,-451,157,13,0.16376884973376202,608,1
766,19:26,assassinate,True,53,"[11, 6, 4, 19, 5]",7,0.033915808038615006,-453,157,13,0.21445743989603602,610,1
767,19:26,assassinate,True,53,"[11, 6, 4, 19, 5]",7,0.033915808038615006,-453,157,13,0.21445743989603602,610,1
768,"(15,2)",,False,51,"[18, 15, 2, 4, 12]",7,0.053952009653764,-455,157,12,0.191107398124941,612,1
769,"(15,2)",,False,51,"[18, 15, 2, 4, 12]",7,0.053952009653764,-455,157,12,0.191107398124941,612,1
770,16:22,assassinate,True,41,"[11, 4, 16, 19, 0]",6,0.098932516476376,-457,157,11,0.252056066091153,614,1
771,16:22,assassinate,True,41,"[11, 4, 16, 19, 0]",6,0.098932516476376,-457,157,11,0.252056066091153,614,1
772,"(0,9)",,False,41,"[14, 0, 3, 1, 9]",6,0.189478325443237,-459,157,11,0.30283579318667003,616,1
773,"(0,9)",,False,41,"[14, 0, 3, 1, 9]",6,0.189478325443237,-459,157,11,0.30283579318667003,616,1
774,"(10,0)",,False,39,"[10, 8, 6, 18, 0]",5,0.14694142764318202,-461,157,11,0.259672328970574,618,1
775,"(10,0)",,False,39,"[10, 8, 6, 18, 0]",5,0.14694142764318202,-461,157,11,0.259672328970574,618,1
776,"(17,6)",,False,39,"[19, 17, 4, 6, 2]",5,0.17214332126612802,-463,157,11,0.300747238466536,620,1
777,"(17,6)",,False,39,"[19, 17, 4, 6, 2]",5,0.17214332126612802,-463,157,11,0.300747238466536,620,1
778,"(3,1)",,False,41,"[3, 11, 14, 1, 17]",5,0.16235032024505702,-465,157,12,0.29967975494291205,622,1
779,"(3,1)",,False,41,"[3, 11, 14, 1, 17]",5,0.16235032024505702,-465,157,12,0.29967975494291205,622,1
780,"(1,16)",,True,43,"[9, 1, 4, 11, 16]",5,0.081356168198273,-467,157,13,0.308549150654413,624,1
781,"(1,16)",,True,43,"[9, 1, 4, 11, 16]",5,0.081356168198273,-467,157,13,0.308549150654413,624,1
782,"(1,14)",,True,43,"[1, 11, 14, 15, 19]",5,0.081356168198273,-469,157,13,0.308549150654413,626,1
783,"(1,14)",,True,43,"[1, 11, 14, 15, 19]",5,0.081356168198273,-469,157,13,0.308549150654413,626,1
784,"(2,7)",,False,43,"[19, 4, 0, 2, 7]",5,0.054583428267638005,-471,157,12,0.303948001316422,628,1
785,"(2,7)",,False,43,"[19, 4, 0, 2, 7]",5,0.054583428267638005,-471,157,12,0.303948001316422,628,1
786,"(0,16)",,True,43,"[15, 0, 3, 1, 16]",4,0.038473709526341,-473,157,12,0.310394673552568,630,1
787,"(0,16)",,True,43,"[15, 0, 3, 1, 16]",4,0.038473709526341,-473,157,12,0.310394673552568,630,1
788,"(13,10)",,False,41,"[5, 12, 13, 15, 10]",4,0.026343636869952003,-475,157,11,0.316109718741297,632,1
789,"(13,10)",,False,41,"[5, 12, 13, 15, 10]",4,0.026343636869952003,-475,157,11,0.316109718741297,632,1
790,"(0,17)",,True,41,"[1, 15, 0, 17, 18]",3,0.019159008632692,-477,157,11,0.31911723753829,634,1
791,"(0,17)",,True,41,"[1, 15, 0, 17, 18]",3,0.019159008632692,-477,157,11,0.31911723753829,634,1
792,"(5,11)",,False,41,"[3, 5, 6, 8, 11]",4,0.091701475912002,-479,157,11,0.344555834029518,636,1
793,"(5,11)",,False,41,"[3, 5, 6, 8, 11]",4,0.091701475912002,-479,157,11,0.344555834029518,636,1
794,"(19,1)",,False,43,"[5, 17, 19, 1, 10]",4,0.094625452520189,-481,157,12,0.40303536619326,638,1
795,"(19,1)",,False,43,"[5, 17, 19, 1, 10]",4,0.094625452520189,-481,157,12,0.40303536619326,638,1
796,"(2,10)",,False,45,"[7, 12, 2, 16, 10]",5,0.059718741297688005,-483,157,12,0.361222500696184,640,1
797,"(2,10)",,False,45,"[7, 12, 2, 16, 10]",5,0.059718741297688005,-483,157,12,0.361222500696184,640,1
798,"(5,8)",,False,45,"[2, 18, 6, 5, 8]",5,0.062642717905875,-485,157,12,0.337099693678641,642,1
799,"(5,8)",,False,45,"[2, 18, 6, 5, 8]",5,0.062642717905875,-485,157,12,0.337099693678641,642,1
