,actionDetail,actionType,bonusActivated,graphEdgeCount,nodeList,p1Degree,p1Score,p1WinAdvantage,p1WinCount,p2Degree,p2Score,p2WinCount,player
0,"(12,1)",,False,2,"[12, 6, 0, 1, 10]",0,-0.001,-1,0,1,0.0,1,1
1,"(12,1)",,False,2,"[12, 6, 0, 1, 10]",0,-0.001,-1,0,1,0.0,1,1
2,7:2,assassinate,True,2,"[9, 3, 7, 14, 17]",0,-0.001,-2,0,1,0.0,2,1
3,7:2,assassinate,True,2,"[9, 3, 7, 14, 17]",0,-0.001,-2,0,1,0.0,2,1
4,"(14,13)",,False,4,"[14, 13, 10, 18, 6]",1,0.0,-2,0,1,0.0,2,1
5,"(14,13)",,False,4,"[14, 13, 10, 18, 6]",1,0.0,-2,0,1,0.0,2,1
6,"(10,3)",,True,6,"[10, 3, 4, 16, 6]",1,0.0,-2,0,1,0.0,2,1
7,"(10,3)",,True,6,"[10, 3, 4, 16, 6]",1,0.0,-2,0,1,0.0,2,1
8,13:4,assassinate,True,5,"[16, 11, 19, 13, 8]",1,0.0,-1,1,1,0.0,2,1
9,13:4,assassinate,True,5,"[16, 11, 19, 13, 8]",1,0.0,-1,1,1,0.0,2,1
10,7:4,assassinate,True,4,"[7, 11, 10, 5, 3]",0,-0.001,-2,1,1,0.0,3,1
11,7:4,assassinate,True,4,"[7, 11, 10, 5, 3]",0,-0.001,-2,1,1,0.0,3,1
12,"(14,4)",,False,6,"[0, 14, 4, 15, 5]",0,-0.001,-4,1,1,0.0,5,1
13,"(14,4)",,False,6,"[0, 14, 4, 15, 5]",0,-0.001,-4,1,1,0.0,5,1
14,"(6,14)",,False,8,"[6, 14, 0, 10, 2]",1,0.0,-4,1,1,0.0,5,1
15,"(6,14)",,False,8,"[6, 14, 0, 10, 2]",1,0.0,-4,1,1,0.0,5,1
16,"(1,19)",,False,10,"[1, 4, 19, 9, 11]",1,0.0,-5,1,2,0.035087719298245,6,1
17,"(1,19)",,False,10,"[1, 4, 19, 9, 11]",1,0.0,-5,1,2,0.035087719298245,6,1
18,"(8,6)",,True,12,"[8, 6, 15, 3, 2]",2,0.046783625730994004,-5,1,2,0.046783625730994004,6,1
19,"(8,6)",,True,12,"[8, 6, 15, 3, 2]",2,0.046783625730994004,-5,1,2,0.046783625730994004,6,1
20,"(9,1)",,True,14,"[9, 16, 1, 5, 12]",2,0.26315789473684204,-3,3,3,0.14619883040935602,6,1
21,"(9,1)",,True,14,"[9, 16, 1, 5, 12]",2,0.26315789473684204,-3,3,3,0.14619883040935602,6,1
22,"(2,6)",,True,16,"[2, 6, 3, 4, 0]",2,0.09941520467836201,-3,4,3,0.157894736842105,7,1
23,"(2,6)",,True,16,"[2, 6, 3, 4, 0]",2,0.09941520467836201,-3,4,3,0.157894736842105,7,1
24,"(14,19)",,True,17,"[0, 14, 19, 13, 8]",2,0.05847953216374201,-3,5,3,0.16959064327485301,8,1
25,"(14,19)",,True,17,"[0, 14, 19, 13, 8]",2,0.05847953216374201,-3,5,3,0.16959064327485301,8,1
26,"(5,9)",,False,17,"[5, 9, 10, 13, 19]",2,0.304093567251461,-1,7,3,0.25730994152046704,8,1
27,"(5,9)",,False,17,"[5, 9, 10, 13, 19]",2,0.304093567251461,-1,7,3,0.25730994152046704,8,1
28,"(1,13)",,True,19,"[1, 13, 7, 17, 10]",2,0.15204678362573001,-1,8,4,0.421052631578947,9,1
29,"(1,13)",,True,19,"[1, 13, 7, 17, 10]",2,0.15204678362573001,-1,8,4,0.421052631578947,9,1
30,"(1,3)",,True,21,"[1, 4, 16, 3, 9]",2,0.083820662768031,-3,8,5,0.35867446393762104,11,1
31,"(1,3)",,True,21,"[1, 4, 16, 3, 9]",2,0.083820662768031,-3,8,5,0.35867446393762104,11,1
32,"(18,9)",,False,23,"[18, 9, 10, 19, 15]",2,0.06822612085769901,-5,8,5,0.34015594541910305,13,1
33,"(18,9)",,False,23,"[18, 9, 10, 19, 15]",2,0.06822612085769901,-5,8,5,0.34015594541910305,13,1
34,"(11,7)",,False,20,"[12, 11, 7, 10, 14]",2,0.061403508771929,-7,8,3,0.21637426900584703,15,1
35,"(11,7)",,False,20,"[12, 11, 7, 10, 14]",2,0.061403508771929,-7,8,3,0.21637426900584703,15,1
36,17:4,assassinate,True,19,"[17, 10, 1, 18, 2]",1,0.0,-9,8,3,0.23976608187134502,17,1
37,17:4,assassinate,True,19,"[17, 10, 1, 18, 2]",1,0.0,-9,8,3,0.23976608187134502,17,1
38,"(3,15)",,True,21,"[4, 3, 15, 2, 11]",1,0.0,-11,8,3,0.21345029239766003,19,1
39,"(3,15)",,True,21,"[4, 3, 15, 2, 11]",1,0.0,-11,8,3,0.21345029239766003,19,1
40,8:8,assassinate,True,18,"[3, 9, 8, 2, 13]",2,0.011695906432748001,-13,8,3,0.286549707602339,21,1
41,8:8,assassinate,True,18,"[3, 9, 8, 2, 13]",2,0.011695906432748001,-13,8,3,0.286549707602339,21,1
42,"(5,9)",,False,18,"[3, 2, 5, 9, 12]",2,0.011695906432748001,-15,8,3,0.251461988304093,23,1
43,"(5,9)",,False,18,"[3, 2, 5, 9, 12]",2,0.011695906432748001,-15,8,3,0.251461988304093,23,1
44,"(2,1)",,False,18,"[2, 12, 3, 18, 1]",2,0.011695906432748001,-17,8,3,0.251461988304093,25,1
45,"(2,1)",,False,18,"[2, 12, 3, 18, 1]",2,0.011695906432748001,-17,8,3,0.251461988304093,25,1
46,"(1,11)",,True,20,"[12, 1, 0, 11, 5]",2,0.055555555555555004,-19,8,4,0.44152046783625704,27,1
47,"(1,11)",,True,20,"[12, 1, 0, 11, 5]",2,0.055555555555555004,-19,8,4,0.44152046783625704,27,1
48,"(4,2)",,False,22,"[4, 12, 17, 2, 3]",3,0.134502923976608,-21,8,4,0.338206627680311,29,1
49,"(4,2)",,False,22,"[4, 12, 17, 2, 3]",3,0.134502923976608,-21,8,4,0.338206627680311,29,1
50,"(15,1)",,False,21,"[9, 10, 15, 4, 1]",3,0.277777777777777,-19,10,3,0.25730994152046704,29,1
51,"(15,1)",,False,21,"[9, 10, 15, 4, 1]",3,0.277777777777777,-19,10,3,0.25730994152046704,29,1
52,"(0,11)",,False,21,"[5, 0, 4, 13, 11]",2,0.09064327485380101,-19,11,3,0.21637426900584703,30,1
53,"(0,11)",,False,21,"[5, 0, 4, 13, 11]",2,0.09064327485380101,-19,11,3,0.21637426900584703,30,1
54,"(1,16)",,False,23,"[14, 1, 4, 16, 17]",3,0.154970760233918,-21,11,4,0.453216374269005,32,1
55,"(1,16)",,False,23,"[14, 1, 4, 16, 17]",3,0.154970760233918,-21,11,4,0.453216374269005,32,1
56,"(1,6)",,True,25,"[1, 11, 19, 6, 13]",3,0.11695906432748501,-23,11,5,0.49415204678362507,34,1
57,"(1,6)",,True,25,"[1, 11, 19, 6, 13]",3,0.11695906432748501,-23,11,5,0.49415204678362507,34,1
58,"(1,18)",,False,27,"[13, 1, 4, 18, 2]",4,0.14619883040935602,-25,11,7,0.5594541910331381,36,1
59,"(1,18)",,False,27,"[13, 1, 4, 18, 2]",4,0.14619883040935602,-25,11,7,0.5594541910331381,36,1
60,"(9,16)",,True,27,"[9, 3, 2, 16, 6]",4,0.15204678362573001,-27,11,6,0.47758284600389805,38,1
61,"(9,16)",,True,27,"[9, 3, 2, 16, 6]",4,0.15204678362573001,-27,11,6,0.47758284600389805,38,1
62,"(6,9)",,False,27,"[6, 4, 16, 9, 15]",4,0.15204678362573001,-29,11,6,0.47758284600389805,40,1
63,"(6,9)",,False,27,"[6, 4, 16, 9, 15]",4,0.15204678362573001,-29,11,6,0.47758284600389805,40,1
64,10:8,assassinate,True,24,"[18, 19, 10, 4, 15]",3,0.038986354775828,-31,11,6,0.36159844054580803,42,1
65,10:8,assassinate,True,24,"[18, 19, 10, 4, 15]",3,0.038986354775828,-31,11,6,0.36159844054580803,42,1
66,"(4,2)",,False,24,"[4, 3, 13, 2, 19]",4,0.088693957115009,-33,11,6,0.34307992202729004,44,1
67,"(4,2)",,False,24,"[4, 3, 13, 2, 19]",4,0.088693957115009,-33,11,6,0.34307992202729004,44,1
68,"(16,1)",,True,26,"[13, 16, 1, 11, 0]",5,0.14424951267056502,-35,11,7,0.3635477582846,46,1
69,"(16,1)",,True,26,"[13, 16, 1, 11, 0]",5,0.14424951267056502,-35,11,7,0.3635477582846,46,1
70,"(5,10)",,False,28,"[5, 10, 14, 16, 3]",5,0.167153996101364,-37,11,7,0.38109161793372304,48,1
71,"(5,10)",,False,28,"[5, 10, 14, 16, 3]",5,0.167153996101364,-37,11,7,0.38109161793372304,48,1
72,"(1,7)",,False,30,"[9, 1, 7, 13, 16]",5,0.15253411306042802,-39,11,8,0.39230019493177304,50,1
73,"(1,7)",,False,30,"[9, 1, 7, 13, 16]",5,0.15253411306042802,-39,11,8,0.39230019493177304,50,1
74,"(1,5)",,True,30,"[0, 1, 5, 16, 11]",5,0.180311890838206,-41,11,8,0.367933723196881,52,1
75,"(1,5)",,True,30,"[0, 1, 5, 16, 11]",5,0.180311890838206,-41,11,8,0.367933723196881,52,1
76,"(1,17)",,True,32,"[1, 15, 17, 8, 0]",5,0.112475633528265,-43,11,9,0.346783625730994,54,1
77,"(1,17)",,True,32,"[1, 15, 17, 8, 0]",5,0.112475633528265,-43,11,9,0.346783625730994,54,1
78,"(18,9)",,False,33,"[12, 15, 14, 18, 9]",7,0.206140350877192,-45,11,9,0.35672514619883,56,1
79,"(18,9)",,False,33,"[12, 15, 14, 18, 9]",7,0.206140350877192,-45,11,9,0.35672514619883,56,1
80,"(13,1)",,True,33,"[13, 1, 0, 17, 9]",7,0.21549707602339102,-47,11,9,0.360916179337231,58,1
81,"(13,1)",,True,33,"[13, 1, 0, 17, 9]",7,0.21549707602339102,-47,11,9,0.360916179337231,58,1
82,4:4,assassinate,True,30,"[4, 8, 17, 9, 2]",6,0.19883040935672502,-49,11,8,0.296296296296296,60,1
83,4:4,assassinate,True,30,"[4, 8, 17, 9, 2]",6,0.19883040935672502,-49,11,8,0.296296296296296,60,1
84,"(1,10)",,True,32,"[18, 1, 10, 12, 16]",6,0.14853801169590602,-51,11,9,0.298440545808966,62,1
85,"(1,10)",,True,32,"[18, 1, 10, 12, 16]",6,0.14853801169590602,-51,11,9,0.298440545808966,62,1
86,18:4,assassinate,True,29,"[18, 2, 13, 12, 10]",5,0.089083820662768,-53,11,8,0.24697855750487302,64,1
87,18:4,assassinate,True,29,"[18, 2, 13, 12, 10]",5,0.089083820662768,-53,11,8,0.24697855750487302,64,1
88,15:12,assassinate,True,23,"[15, 18, 4, 12, 10]",4,0.05847953216374201,-55,11,8,0.284600389863547,66,1
89,15:12,assassinate,True,23,"[15, 18, 4, 12, 10]",4,0.05847953216374201,-55,11,8,0.284600389863547,66,1
90,"(6,1)",,False,25,"[11, 6, 17, 1, 9]",4,0.026023391812865,-57,11,9,0.34025341130604203,68,1
91,"(6,1)",,False,25,"[11, 6, 17, 1, 9]",4,0.026023391812865,-57,11,9,0.34025341130604203,68,1
92,"(17,0)",,True,26,"[17, 0, 8, 4, 19]",5,0.07699805068226101,-59,11,9,0.27144249512670504,70,1
93,"(17,0)",,True,26,"[17, 0, 8, 4, 19]",5,0.07699805068226101,-59,11,9,0.27144249512670504,70,1
94,"(17,10)",,False,26,"[17, 13, 10, 9, 19]",5,0.118908382066276,-61,11,9,0.321150097465886,72,1
95,"(17,10)",,False,26,"[17, 13, 10, 9, 19]",5,0.118908382066276,-61,11,9,0.321150097465886,72,1
96,"(1,18)",,True,26,"[1, 5, 18, 12, 13]",5,0.06432748538011601,-63,11,10,0.314327485380116,74,1
97,"(1,18)",,True,26,"[1, 5, 18, 12, 13]",5,0.06432748538011601,-63,11,10,0.314327485380116,74,1
98,"(9,3)",,True,28,"[2, 9, 3, 15, 16]",6,0.084210526315789,-65,11,10,0.34561403508771904,76,1
99,"(9,3)",,True,28,"[2, 9, 3, 15, 16]",6,0.084210526315789,-65,11,10,0.34561403508771904,76,1
100,"(3,17)",,True,30,"[3, 16, 13, 17, 8]",6,0.137816764132553,-67,11,10,0.426023391812865,78,1
101,"(3,17)",,True,30,"[3, 16, 13, 17, 8]",6,0.137816764132553,-67,11,10,0.426023391812865,78,1
102,"(0,17)",,True,30,"[0, 11, 17, 16, 13]",6,0.137816764132553,-69,11,10,0.426023391812865,80,1
103,"(0,17)",,True,30,"[0, 11, 17, 16, 13]",6,0.137816764132553,-69,11,10,0.426023391812865,80,1
104,19:8,assassinate,True,27,"[19, 8, 0, 14, 1]",7,0.235087719298245,-71,11,10,0.397855750487329,82,1
105,19:8,assassinate,True,27,"[19, 8, 0, 14, 1]",7,0.235087719298245,-71,11,10,0.397855750487329,82,1
106,"(1,14)",,False,29,"[7, 1, 13, 14, 10]",7,0.228265107212475,-73,11,11,0.38908382066276803,84,1
107,"(1,14)",,False,29,"[7, 1, 13, 14, 10]",7,0.228265107212475,-73,11,11,0.38908382066276803,84,1
108,"(3,0)",,False,29,"[14, 3, 0, 12, 10]",6,0.125730994152046,-75,11,11,0.42982456140350805,86,1
109,"(3,0)",,False,29,"[14, 3, 0, 12, 10]",6,0.125730994152046,-75,11,11,0.42982456140350805,86,1
110,2:8,assassinate,True,26,"[10, 5, 2, 12, 3]",6,0.109161793372319,-77,11,11,0.345029239766081,88,1
111,2:8,assassinate,True,26,"[10, 5, 2, 12, 3]",6,0.109161793372319,-77,11,11,0.345029239766081,88,1
112,"(16,17)",,False,27,"[16, 5, 9, 17, 18]",6,0.0953216374269,-79,11,11,0.313645224171539,90,1
113,"(16,17)",,False,27,"[16, 5, 9, 17, 18]",6,0.0953216374269,-79,11,11,0.313645224171539,90,1
114,"(6,15)",,True,29,"[12, 6, 15, 14, 11]",6,0.09844054580896601,-81,11,11,0.37348927875243604,92,1
115,"(6,15)",,True,29,"[12, 6, 15, 14, 11]",6,0.09844054580896601,-81,11,11,0.37348927875243604,92,1
116,17:6,assassinate,True,25,"[7, 14, 17, 9, 11]",5,0.027485380116959002,-83,11,11,0.261598440545808,94,1
117,17:6,assassinate,True,25,"[7, 14, 17, 9, 11]",5,0.027485380116959002,-83,11,11,0.261598440545808,94,1
118,"(17,5)",,False,27,"[17, 0, 2, 8, 5]",5,0.027485380116959002,-85,11,11,0.28304093567251404,96,1
119,"(17,5)",,False,27,"[17, 0, 2, 8, 5]",5,0.027485380116959002,-85,11,11,0.28304093567251404,96,1
120,"(12,5)",,True,27,"[9, 12, 1, 5, 7]",5,0.027777777777777003,-87,11,11,0.30799220272904404,98,1
121,"(12,5)",,True,27,"[9, 12, 1, 5, 7]",5,0.027777777777777003,-87,11,11,0.30799220272904404,98,1
122,"(19,7)",,True,29,"[3, 0, 19, 7, 9]",5,0.025828460038986003,-89,11,11,0.40058479532163704,100,1
123,"(19,7)",,True,29,"[3, 0, 19, 7, 9]",5,0.025828460038986003,-89,11,11,0.40058479532163704,100,1
124,"(16,9)",,True,30,"[16, 9, 11, 7, 2]",5,0.023391812865497002,-91,11,11,0.377680311890838,102,1
125,"(16,9)",,True,30,"[16, 9, 11, 7, 2]",5,0.023391812865497002,-91,11,11,0.377680311890838,102,1
126,"(4,1)",,True,33,"[4, 7, 1, 13, 8]",5,0.020955165692007,-93,11,12,0.384113060428849,104,1
127,"(4,1)",,True,33,"[4, 7, 1, 13, 8]",5,0.020955165692007,-93,11,12,0.384113060428849,104,1
128,"(9,15)",,True,35,"[9, 14, 15, 18, 16]",5,0.020955165692007,-95,11,12,0.419200779727095,106,1
129,"(9,15)",,True,35,"[9, 14, 15, 18, 16]",5,0.020955165692007,-95,11,12,0.419200779727095,106,1
130,"(16,0)",,False,35,"[12, 6, 16, 10, 0]",4,0.007797270955165,-97,11,12,0.43274853801169505,108,1
131,"(16,0)",,False,35,"[12, 6, 16, 10, 0]",4,0.007797270955165,-97,11,12,0.43274853801169505,108,1
132,"(17,10)",,True,36,"[17, 19, 12, 11, 10]",4,0.008284600389863,-99,11,12,0.341130604288499,110,1
133,"(17,10)",,True,36,"[17, 19, 12, 11, 10]",4,0.008284600389863,-99,11,12,0.341130604288499,110,1
134,"(15,1)",,True,39,"[7, 15, 1, 14, 4]",6,0.07592592592592501,-101,11,13,0.40341130604288405,112,1
135,"(15,1)",,True,39,"[7, 15, 1, 14, 4]",6,0.07592592592592501,-101,11,13,0.40341130604288405,112,1
136,"(1,3)",,True,41,"[1, 3, 4, 2, 9]",6,0.08014944769330701,-103,11,14,0.485087719298245,114,1
137,"(1,3)",,True,41,"[1, 3, 4, 2, 9]",6,0.08014944769330701,-103,11,14,0.485087719298245,114,1
138,"(2,5)",,False,43,"[8, 15, 10, 2, 5]",6,0.06578947368421001,-105,11,14,0.466959064327485,116,1
139,"(2,5)",,False,43,"[8, 15, 10, 2, 5]",6,0.06578947368421001,-105,11,14,0.466959064327485,116,1
140,"(1,19)",,False,43,"[3, 9, 13, 1, 19]",6,0.038081314397103,-107,11,14,0.47394876079086606,118,1
141,"(1,19)",,False,43,"[3, 9, 13, 1, 19]",6,0.038081314397103,-107,11,14,0.47394876079086606,118,1
142,"(4,18)",,False,43,"[11, 6, 4, 18, 17]",6,0.038081314397103,-109,11,14,0.469952659426343,120,1
143,"(4,18)",,False,43,"[11, 6, 4, 18, 17]",6,0.038081314397103,-109,11,14,0.469952659426343,120,1
144,"(17,1)",,False,43,"[17, 19, 7, 16, 1]",6,0.033208020050125,-111,11,14,0.39734057365636305,122,1
145,"(17,1)",,False,43,"[17, 19, 7, 16, 1]",6,0.033208020050125,-111,11,14,0.39734057365636305,122,1
146,"(4,15)",,False,43,"[4, 2, 19, 15, 8]",6,0.053118908382066,-113,11,13,0.467641325536062,124,1
147,"(4,15)",,False,43,"[4, 2, 19, 15, 8]",6,0.053118908382066,-113,11,13,0.467641325536062,124,1
148,8:12,assassinate,True,39,"[4, 9, 7, 16, 8]",8,0.11929824561403501,-115,11,13,0.45730994152046706,126,1
149,8:12,assassinate,True,39,"[4, 9, 7, 16, 8]",8,0.11929824561403501,-115,11,13,0.45730994152046706,126,1
150,"(1,2)",,True,41,"[14, 1, 17, 2, 16]",8,0.11072124756335201,-117,11,14,0.466276803118908,128,1
151,"(1,2)",,True,41,"[14, 1, 17, 2, 16]",8,0.11072124756335201,-117,11,14,0.466276803118908,128,1
152,"(1,16)",,True,41,"[6, 5, 1, 16, 14]",8,0.11072124756335201,-119,11,14,0.466276803118908,130,1
153,"(1,16)",,True,41,"[6, 5, 1, 16, 14]",8,0.11072124756335201,-119,11,14,0.466276803118908,130,1
154,"(8,2)",,True,42,"[13, 9, 5, 8, 2]",9,0.189571150097465,-121,11,13,0.455068226120857,132,1
155,"(8,2)",,True,42,"[13, 9, 5, 8, 2]",9,0.189571150097465,-121,11,13,0.455068226120857,132,1
156,10:10,assassinate,True,38,"[12, 10, 6, 3, 1]",9,0.23245614035087703,-123,11,12,0.351851851851851,134,1
157,10:10,assassinate,True,38,"[12, 10, 6, 3, 1]",9,0.23245614035087703,-123,11,12,0.351851851851851,134,1
158,"(0,19)",,False,38,"[1, 17, 0, 19, 12]",8,0.21608187134502901,-125,11,12,0.35243664717348905,136,1
159,"(0,19)",,False,38,"[1, 17, 0, 19, 12]",8,0.21608187134502901,-125,11,12,0.35243664717348905,136,1
160,4:6,assassinate,True,34,"[18, 4, 15, 9, 5]",7,0.165107212475633,-127,11,12,0.4,138,1
161,4:6,assassinate,True,34,"[18, 4, 15, 9, 5]",7,0.165107212475633,-127,11,12,0.4,138,1
162,"(1,11)",,False,34,"[1, 11, 12, 15, 8]",7,0.115399610136452,-129,11,13,0.443859649122807,140,1
163,"(1,11)",,False,34,"[1, 11, 12, 15, 8]",7,0.115399610136452,-129,11,13,0.443859649122807,140,1
164,"(17,4)",,False,37,"[9, 18, 17, 4, 6]",9,0.24424951267056502,-131,11,13,0.49161793372319607,142,1
165,"(17,4)",,False,37,"[9, 18, 17, 4, 6]",9,0.24424951267056502,-131,11,13,0.49161793372319607,142,1
166,"(0,19)",,False,37,"[14, 6, 0, 19, 9]",9,0.24113060428849803,-133,11,13,0.5111111111111111,144,1
167,"(0,19)",,False,37,"[14, 6, 0, 19, 9]",9,0.24113060428849803,-133,11,13,0.5111111111111111,144,1
168,16:4,assassinate,True,36,"[19, 11, 17, 16, 7]",9,0.18440545808966802,-135,11,13,0.43060428849902505,146,1
169,16:4,assassinate,True,36,"[19, 11, 17, 16, 7]",9,0.18440545808966802,-135,11,13,0.43060428849902505,146,1
170,"(18,0)",,False,36,"[18, 2, 3, 4, 0]",8,0.18167641325536002,-137,11,13,0.428265107212475,148,1
171,"(18,0)",,False,36,"[18, 2, 3, 4, 0]",8,0.18167641325536002,-137,11,13,0.428265107212475,148,1
172,"(15,16)",,False,36,"[13, 15, 16, 19, 18]",8,0.21617933723196803,-139,11,12,0.47972709551656906,150,1
173,"(15,16)",,False,36,"[13, 15, 16, 19, 18]",8,0.21617933723196803,-139,11,12,0.47972709551656906,150,1
174,"(10,0)",,False,36,"[9, 10, 15, 5, 0]",7,0.100097465886939,-141,11,12,0.43216374269005803,152,1
175,"(10,0)",,False,36,"[9, 10, 15, 5, 0]",7,0.100097465886939,-141,11,12,0.43216374269005803,152,1
176,"(10,15)",,False,38,"[19, 10, 15, 2, 17]",7,0.11423001949317702,-143,11,12,0.510136452241715,154,1
177,"(10,15)",,False,38,"[19, 10, 15, 2, 17]",7,0.11423001949317702,-143,11,12,0.510136452241715,154,1
178,"(1,4)",,True,40,"[6, 12, 1, 0, 4]",8,0.11317181843497601,-145,11,13,0.5285435811751601,156,1
179,"(1,4)",,True,40,"[6, 12, 1, 0, 4]",8,0.11317181843497601,-145,11,13,0.5285435811751601,156,1
180,"(17,8)",,False,40,"[16, 10, 7, 17, 8]",8,0.170815928710665,-147,11,12,0.50079365079365,158,1
181,"(17,8)",,False,40,"[16, 10, 7, 17, 8]",8,0.170815928710665,-147,11,12,0.50079365079365,158,1
182,"(0,9)",,True,37,"[19, 0, 14, 9, 12]",7,0.07763854079643501,-149,11,10,0.40254803675856304,160,1
183,"(0,9)",,True,37,"[19, 0, 14, 9, 12]",7,0.07763854079643501,-149,11,10,0.40254803675856304,160,1
184,"(19,0)",,True,37,"[19, 0, 4, 2, 18]",6,0.051851851851851004,-151,11,10,0.34376218323586705,162,1
185,"(19,0)",,True,37,"[19, 0, 4, 2, 18]",6,0.051851851851851004,-151,11,10,0.34376218323586705,162,1
186,"(11,0)",,False,37,"[11, 19, 0, 16, 2]",5,0.029629629629629003,-153,11,10,0.35292397660818703,164,1
187,"(11,0)",,False,37,"[11, 19, 0, 16, 2]",5,0.029629629629629003,-153,11,10,0.35292397660818703,164,1
188,"(10,15)",,False,37,"[10, 17, 7, 15, 5]",5,0.031286549707602,-155,11,10,0.35068226120857704,166,1
189,"(10,15)",,False,37,"[10, 17, 7, 15, 5]",5,0.031286549707602,-155,11,10,0.35068226120857704,166,1
190,"(1,10)",,False,39,"[15, 1, 12, 17, 10]",6,0.06340852130325801,-157,11,11,0.37623224728487803,168,1
191,"(1,10)",,False,39,"[15, 1, 12, 17, 10]",6,0.06340852130325801,-157,11,11,0.37623224728487803,168,1
192,"(14,0)",,False,39,"[7, 5, 14, 0, 18]",6,0.06347813979392901,-159,11,11,0.38844333054859304,170,1
193,"(14,0)",,False,39,"[7, 5, 14, 0, 18]",6,0.06347813979392901,-159,11,11,0.38844333054859304,170,1
194,"(1,2)",,True,41,"[3, 1, 17, 2, 10]",6,0.037231968810916005,-161,11,12,0.36803118908382004,172,1
195,"(1,2)",,True,41,"[3, 1, 17, 2, 10]",6,0.037231968810916005,-161,11,12,0.36803118908382004,172,1
196,"(11,9)",,False,43,"[19, 7, 5, 11, 9]",6,0.042314118629908005,-163,11,12,0.38544973544973504,174,1
197,"(11,9)",,False,43,"[19, 7, 5, 11, 9]",6,0.042314118629908005,-163,11,12,0.38544973544973504,174,1
198,"(0,13)",,False,43,"[8, 15, 0, 13, 3]",6,0.05363408521303201,-165,11,12,0.37713728766360305,176,1
199,"(0,13)",,False,43,"[8, 15, 0, 13, 3]",6,0.05363408521303201,-165,11,12,0.37713728766360305,176,1
200,"(0,4)",,True,43,"[0, 1, 8, 19, 4]",6,0.099429128376496,-167,11,12,0.36663881927039804,178,1
201,"(0,4)",,True,43,"[0, 1, 8, 19, 4]",6,0.099429128376496,-167,11,12,0.36663881927039804,178,1
202,"(3,12)",,True,45,"[3, 0, 17, 15, 12]",6,0.091144527986633,-169,11,12,0.323851294903926,180,1
203,"(3,12)",,True,45,"[3, 0, 17, 15, 12]",6,0.091144527986633,-169,11,12,0.323851294903926,180,1
204,"(8,1)",,False,47,"[10, 2, 16, 8, 1]",6,0.07933723196881001,-171,11,13,0.336716791979949,182,1
205,"(8,1)",,False,47,"[10, 2, 16, 8, 1]",6,0.07933723196881001,-171,11,13,0.336716791979949,182,1
206,"(16,13)",,False,48,"[10, 16, 8, 13, 3]",6,0.07719298245614001,-173,11,13,0.340420495683653,184,1
207,"(16,13)",,False,48,"[10, 16, 8, 13, 3]",6,0.07719298245614001,-173,11,13,0.340420495683653,184,1
208,18:8,assassinate,True,45,"[8, 18, 6, 4, 2]",6,0.077972709551656,-175,11,13,0.305896686159844,186,1
209,18:8,assassinate,True,45,"[8, 18, 6, 4, 2]",6,0.077972709551656,-175,11,13,0.305896686159844,186,1
210,"(4,16)",,True,45,"[14, 7, 0, 4, 16]",6,0.069200779727095,-177,11,13,0.313693957115009,188,1
211,"(4,16)",,True,45,"[14, 7, 0, 4, 16]",6,0.069200779727095,-177,11,13,0.313693957115009,188,1
212,"(17,13)",,False,45,"[17, 10, 13, 12, 19]",6,0.09307992202729001,-179,11,12,0.280555555555555,190,1
213,"(17,13)",,False,45,"[17, 10, 13, 12, 19]",6,0.09307992202729001,-179,11,12,0.280555555555555,190,1
214,6:4,assassinate,True,45,"[3, 6, 13, 17, 14]",7,0.118685602896129,-181,11,12,0.23132832080200502,192,1
215,6:4,assassinate,True,45,"[3, 6, 13, 17, 14]",7,0.118685602896129,-181,11,12,0.23132832080200502,192,1
216,14:16,assassinate,True,36,"[8, 19, 14, 5, 12]",6,0.11345029239766001,-183,11,10,0.22602339181286502,194,1
217,14:16,assassinate,True,36,"[8, 19, 14, 5, 12]",6,0.11345029239766001,-183,11,10,0.22602339181286502,194,1
218,9:4,assassinate,True,35,"[18, 9, 5, 17, 6]",5,0.045711500974658,-185,11,10,0.181968810916179,196,1
219,9:4,assassinate,True,35,"[18, 9, 5, 17, 6]",5,0.045711500974658,-185,11,10,0.181968810916179,196,1
220,"(6,11)",,True,37,"[2, 5, 19, 6, 11]",5,0.045419103313840005,-187,11,10,0.233820662768031,198,1
221,"(6,11)",,True,37,"[2, 5, 19, 6, 11]",5,0.045419103313840005,-187,11,10,0.233820662768031,198,1
222,"(17,8)",,False,37,"[17, 11, 8, 19, 7]",6,0.139278752436647,-189,11,10,0.271929824561403,200,1
223,"(17,8)",,False,37,"[17, 11, 8, 19, 7]",6,0.139278752436647,-189,11,10,0.271929824561403,200,1
224,"(17,7)",,True,39,"[11, 10, 12, 17, 7]",6,0.139278752436647,-191,11,10,0.25896686159844,202,1
225,"(17,7)",,True,39,"[11, 10, 12, 17, 7]",6,0.139278752436647,-191,11,10,0.25896686159844,202,1
226,"(19,2)",,False,38,"[19, 2, 8, 9, 15]",6,0.128947368421052,-193,11,10,0.192021720969089,204,1
227,"(19,2)",,False,38,"[19, 2, 8, 9, 15]",6,0.128947368421052,-193,11,10,0.192021720969089,204,1
228,14:2,assassinate,True,38,"[14, 3, 8, 15, 18]",5,0.036939571150097,-195,11,10,0.144848231690336,206,1
229,14:2,assassinate,True,38,"[14, 3, 8, 15, 18]",5,0.036939571150097,-195,11,10,0.144848231690336,206,1
230,"(11,14)",,True,37,"[4, 11, 14, 6, 13]",5,0.039278752436647,-197,11,8,0.12904483430799202,208,1
231,"(11,14)",,True,37,"[4, 11, 14, 6, 13]",5,0.039278752436647,-197,11,8,0.12904483430799202,208,1
232,"(0,15)",,False,37,"[0, 7, 15, 8, 6]",4,0.026803118908382002,-199,11,8,0.135445094217024,210,1
233,"(0,15)",,False,37,"[0, 7, 15, 8, 6]",4,0.026803118908382002,-199,11,8,0.135445094217024,210,1
234,5:12,assassinate,True,30,"[3, 10, 11, 5, 1]",4,0.025828460038986003,-201,11,7,0.136229462545252,212,1
235,5:12,assassinate,True,30,"[3, 10, 11, 5, 1]",4,0.025828460038986003,-201,11,7,0.136229462545252,212,1
236,"(10,9)",,False,30,"[7, 10, 9, 2, 14]",4,0.034307992202729,-203,11,6,0.157769423558897,214,1
237,"(10,9)",,False,30,"[7, 10, 9, 2, 14]",4,0.034307992202729,-203,11,6,0.157769423558897,214,1
238,"(1,3)",,True,32,"[8, 1, 19, 9, 3]",5,0.069883040935672,-205,11,7,0.200584795321637,216,1
239,"(1,3)",,True,32,"[8, 1, 19, 9, 3]",5,0.069883040935672,-205,11,7,0.200584795321637,216,1
240,"(10,8)",,False,30,"[17, 10, 8, 3, 7]",5,0.071150097465886,-207,11,7,0.171247563352826,218,1
241,"(10,8)",,False,30,"[17, 10, 8, 3, 7]",5,0.071150097465886,-207,11,7,0.171247563352826,218,1
242,6:2,assassinate,True,31,"[18, 12, 3, 4, 6]",6,0.15886939571150002,-207,12,7,0.20243664717348903,219,1
243,6:2,assassinate,True,31,"[18, 12, 3, 4, 6]",6,0.15886939571150002,-207,12,7,0.20243664717348903,219,1
244,"(8,12)",,False,33,"[16, 8, 19, 17, 12]",7,0.180994152046783,-205,14,7,0.154789752158173,219,1
245,"(8,12)",,False,33,"[16, 8, 19, 17, 12]",7,0.180994152046783,-205,14,7,0.154789752158173,219,1
246,"(15,11)",,False,30,"[6, 15, 19, 5, 11]",6,0.20389863547758202,-203,16,6,0.13538011695906402,219,1
247,"(15,11)",,False,30,"[6, 15, 19, 5, 11]",6,0.20389863547758202,-203,16,6,0.13538011695906402,219,1
248,"(1,9)",,True,32,"[19, 3, 1, 11, 9]",6,0.21345029239766003,-201,18,7,0.202339181286549,219,1
249,"(1,9)",,True,32,"[19, 3, 1, 11, 9]",6,0.21345029239766003,-201,18,7,0.202339181286549,219,1
250,"(3,11)",,False,30,"[2, 1, 3, 11, 4]",6,0.23645224171539903,-199,20,7,0.22738791423001903,219,1
251,"(3,11)",,False,30,"[2, 1, 3, 11, 4]",6,0.23645224171539903,-199,20,7,0.22738791423001903,219,1
252,"(5,11)",,False,32,"[5, 11, 3, 14, 4]",6,0.34756335282651,-197,22,7,0.279532163742689,219,1
253,"(5,11)",,False,32,"[5, 11, 3, 14, 4]",6,0.34756335282651,-197,22,7,0.279532163742689,219,1
254,"(1,16)",,False,34,"[12, 7, 1, 16, 15]",6,0.23898635477582802,-197,23,8,0.34298245614035,220,1
255,"(1,16)",,False,34,"[12, 7, 1, 16, 15]",6,0.23898635477582802,-197,23,8,0.34298245614035,220,1
256,"(0,12)",,True,34,"[6, 0, 11, 4, 12]",5,0.20555555555555502,-199,23,8,0.34317738791423,222,1
257,"(0,12)",,True,34,"[6, 0, 11, 4, 12]",5,0.20555555555555502,-199,23,8,0.34317738791423,222,1
258,"(18,19)",,False,37,"[8, 14, 18, 19, 10]",7,0.213937621832358,-201,23,8,0.254065719855193,224,1
259,"(18,19)",,False,37,"[8, 14, 18, 19, 10]",7,0.213937621832358,-201,23,8,0.254065719855193,224,1
260,"(5,1)",,True,39,"[9, 5, 1, 11, 10]",7,0.18888888888888802,-203,23,9,0.254942912837649,226,1
261,"(5,1)",,True,39,"[9, 5, 1, 11, 10]",7,0.18888888888888802,-203,23,9,0.254942912837649,226,1
262,"(8,9)",,False,39,"[3, 8, 4, 19, 9]",7,0.226998050682261,-205,23,9,0.26583124477861303,228,1
263,"(8,9)",,False,39,"[3, 8, 4, 19, 9]",7,0.226998050682261,-205,23,9,0.26583124477861303,228,1
264,"(1,6)",,True,39,"[1, 14, 11, 6, 12]",7,0.203606237816764,-207,23,9,0.275341130604288,230,1
265,"(1,6)",,True,39,"[1, 14, 11, 6, 12]",7,0.203606237816764,-207,23,9,0.275341130604288,230,1
266,"(18,0)",,False,39,"[4, 16, 18, 15, 0]",6,0.10467836257309901,-209,23,9,0.255179615705931,232,1
267,"(18,0)",,False,39,"[4, 16, 18, 15, 0]",6,0.10467836257309901,-209,23,9,0.255179615705931,232,1
268,"(18,5)",,True,41,"[18, 11, 5, 15, 3]",7,0.13635477582846,-211,23,9,0.274217952288127,234,1
269,"(18,5)",,True,41,"[18, 11, 5, 15, 3]",7,0.13635477582846,-211,23,9,0.274217952288127,234,1
270,"(0,2)",,True,39,"[12, 10, 0, 2, 11]",6,0.11744639376218301,-213,23,8,0.28276246170983005,236,1
271,"(0,2)",,True,39,"[12, 10, 0, 2, 11]",6,0.11744639376218301,-213,23,8,0.28276246170983005,236,1
272,17:14,assassinate,True,33,"[8, 17, 15, 0, 9]",5,0.061890838206627004,-215,23,8,0.32261208576998,238,1
273,17:14,assassinate,True,33,"[8, 17, 15, 0, 9]",5,0.061890838206627004,-215,23,8,0.32261208576998,238,1
274,8:8,assassinate,True,31,"[8, 4, 5, 3, 10]",4,0.028460038986354002,-217,23,8,0.28333333333333305,240,1
275,8:8,assassinate,True,31,"[8, 4, 5, 3, 10]",4,0.028460038986354002,-217,23,8,0.28333333333333305,240,1
276,"(5,11)",,True,32,"[13, 5, 11, 2, 6]",4,0.032846003898635005,-219,23,8,0.323294346978557,242,1
277,"(5,11)",,True,32,"[13, 5, 11, 2, 6]",4,0.032846003898635005,-219,23,8,0.323294346978557,242,1
278,"(8,5)",,True,34,"[16, 8, 13, 5, 14]",4,0.032846003898635005,-221,23,8,0.32280701754385904,244,1
279,"(8,5)",,True,34,"[16, 8, 13, 5, 14]",4,0.032846003898635005,-221,23,8,0.32280701754385904,244,1
280,"(7,1)",,False,36,"[15, 10, 7, 19, 1]",4,0.027777777777777003,-223,23,9,0.29356725146198803,246,1
281,"(7,1)",,False,36,"[15, 10, 7, 19, 1]",4,0.027777777777777003,-223,23,9,0.29356725146198803,246,1
282,"(6,1)",,True,36,"[10, 12, 6, 1, 8]",4,0.017738791423001003,-225,23,10,0.288304093567251,248,1
283,"(6,1)",,True,36,"[10, 12, 6, 1, 8]",4,0.017738791423001003,-225,23,10,0.288304093567251,248,1
284,"(3,15)",,False,34,"[13, 3, 6, 15, 2]",4,0.031578947368421005,-227,23,9,0.25194931773879103,250,1
285,"(3,15)",,False,34,"[13, 3, 6, 15, 2]",4,0.031578947368421005,-227,23,9,0.25194931773879103,250,1
286,14:8,assassinate,True,31,"[18, 14, 17, 0, 11]",4,0.030604288499025002,-229,23,9,0.24931773879142302,252,1
287,14:8,assassinate,True,31,"[18, 14, 17, 0, 11]",4,0.030604288499025002,-229,23,9,0.24931773879142302,252,1
288,"(12,1)",,False,33,"[12, 9, 1, 16, 6]",4,0.030604288499025002,-231,23,10,0.260038986354775,254,1
289,"(12,1)",,False,33,"[12, 9, 1, 16, 6]",4,0.030604288499025002,-231,23,10,0.260038986354775,254,1
290,"(1,19)",,False,35,"[16, 1, 19, 9, 4]",4,0.023976608187134003,-233,23,11,0.27490949596212705,256,1
291,"(1,19)",,False,35,"[16, 1, 19, 9, 4]",4,0.023976608187134003,-233,23,11,0.27490949596212705,256,1
292,16:14,assassinate,True,29,"[16, 11, 10, 19, 0]",3,0.012085769980506,-235,23,10,0.286842105263157,258,1
293,16:14,assassinate,True,29,"[16, 11, 10, 19, 0]",3,0.012085769980506,-235,23,10,0.286842105263157,258,1
294,10:12,assassinate,True,24,"[10, 19, 17, 3, 14]",2,0.004093567251461001,-237,23,9,0.27465886939571105,260,1
295,10:12,assassinate,True,24,"[10, 19, 17, 3, 14]",2,0.004093567251461001,-237,23,9,0.27465886939571105,260,1
296,"(16,6)",,True,26,"[16, 12, 6, 4, 9]",2,0.008187134502923,-239,23,9,0.319298245614035,262,1
297,"(16,6)",,True,26,"[16, 12, 6, 4, 9]",2,0.008187134502923,-239,23,9,0.319298245614035,262,1
298,"(10,2)",,True,28,"[0, 16, 10, 2, 19]",2,0.007852965747702001,-241,23,9,0.34076858813700905,264,1
299,"(10,2)",,True,28,"[0, 16, 10, 2, 19]",2,0.007852965747702001,-241,23,9,0.34076858813700905,264,1
300,"(15,10)",,True,28,"[9, 15, 10, 12, 2]",2,0.007852965747702001,-243,23,9,0.34076858813700905,266,1
301,"(15,10)",,True,28,"[9, 15, 10, 12, 2]",2,0.007852965747702001,-243,23,9,0.34076858813700905,266,1
302,"(6,0)",,True,28,"[13, 6, 0, 19, 1]",1,0.0,-245,23,9,0.33764967975494203,268,1
303,"(6,0)",,True,28,"[13, 6, 0, 19, 1]",1,0.0,-245,23,9,0.33764967975494203,268,1
304,"(1,16)",,True,30,"[1, 16, 10, 11, 12]",2,0.016081871345029003,-247,23,10,0.319688109161793,270,1
305,"(1,16)",,True,30,"[1, 16, 10, 11, 12]",2,0.016081871345029003,-247,23,10,0.319688109161793,270,1
306,"(18,2)",,False,33,"[18, 11, 0, 2, 9]",4,0.039473684210526,-249,23,10,0.395955165692007,272,1
307,"(18,2)",,False,33,"[18, 11, 0, 2, 9]",4,0.039473684210526,-249,23,10,0.395955165692007,272,1
308,"(8,16)",,True,35,"[8, 18, 0, 16, 10]",4,0.033430799220272,-251,23,10,0.33026315789473604,274,1
309,"(8,16)",,True,35,"[8, 18, 0, 16, 10]",4,0.033430799220272,-251,23,10,0.33026315789473604,274,1
310,"(6,14)",,True,37,"[3, 6, 14, 11, 0]",4,0.033430799220272,-253,23,10,0.34985380116959003,276,1
311,"(6,14)",,True,37,"[3, 6, 14, 11, 0]",4,0.033430799220272,-253,23,10,0.34985380116959003,276,1
312,5:12,assassinate,True,30,"[14, 7, 1, 6, 5]",3,0.005847953216374001,-255,23,9,0.386104149262043,278,1
313,5:12,assassinate,True,30,"[14, 7, 1, 6, 5]",3,0.005847953216374001,-255,23,9,0.386104149262043,278,1
314,"(1,5)",,True,31,"[19, 18, 1, 11, 5]",3,0.005847953216374001,-257,23,10,0.36956279587858504,280,1
315,"(1,5)",,True,31,"[19, 18, 1, 11, 5]",3,0.005847953216374001,-257,23,10,0.36956279587858504,280,1
316,"(19,7)",,False,30,"[2, 19, 11, 4, 7]",3,0.011695906432748001,-259,23,9,0.351061998430419,282,1
317,"(19,7)",,False,30,"[2, 19, 11, 4, 7]",3,0.011695906432748001,-259,23,9,0.351061998430419,282,1
318,"(17,9)",,False,33,"[17, 8, 2, 15, 9]",3,0.016764132553606002,-261,23,9,0.261180729601782,284,1
319,"(17,9)",,False,33,"[17, 8, 2, 15, 9]",3,0.016764132553606002,-261,23,9,0.261180729601782,284,1
320,13:12,assassinate,True,26,"[19, 13, 6, 17, 2]",3,0.016569200779727,-263,23,9,0.300194931773879,286,1
321,13:12,assassinate,True,26,"[19, 13, 6, 17, 2]",3,0.016569200779727,-263,23,9,0.300194931773879,286,1
322,"(1,17)",,True,28,"[18, 1, 17, 9, 12]",3,0.015594541910331002,-265,23,10,0.35107212475633504,288,1
323,"(1,17)",,True,28,"[18, 1, 17, 9, 12]",3,0.015594541910331002,-265,23,10,0.35107212475633504,288,1
324,"(1,2)",,True,31,"[1, 7, 2, 8, 5]",3,0.014035087719298001,-267,23,11,0.38187134502923903,290,1
325,"(1,2)",,True,31,"[1, 7, 2, 8, 5]",3,0.014035087719298001,-267,23,11,0.38187134502923903,290,1
326,"(6,14)",,False,31,"[11, 7, 2, 6, 14]",4,0.037426900584795,-269,23,11,0.36345029239766,292,1
327,"(6,14)",,False,31,"[11, 7, 2, 6, 14]",4,0.037426900584795,-269,23,11,0.36345029239766,292,1
328,"(15,4)",,True,33,"[15, 4, 12, 18, 16]",4,0.036939571150097,-271,23,11,0.380116959064327,294,1
329,"(15,4)",,True,33,"[15, 4, 12, 18, 16]",4,0.036939571150097,-271,23,11,0.380116959064327,294,1
330,"(5,13)",,True,33,"[5, 13, 3, 16, 2]",4,0.047758284600389,-273,23,10,0.408771929824561,296,1
331,"(5,13)",,True,33,"[5, 13, 3, 16, 2]",4,0.047758284600389,-273,23,10,0.408771929824561,296,1
332,"(3,12)",,True,33,"[3, 13, 11, 12, 15]",4,0.051072124756335005,-275,23,10,0.41968810916179305,298,1
333,"(3,12)",,True,33,"[3, 13, 11, 12, 15]",4,0.051072124756335005,-275,23,10,0.41968810916179305,298,1
334,"(6,3)",,False,31,"[7, 6, 10, 14, 3]",4,0.12612085769980502,-277,23,10,0.45263157894736805,300,1
335,"(6,3)",,False,31,"[7, 6, 10, 14, 3]",4,0.12612085769980502,-277,23,10,0.45263157894736805,300,1
336,"(12,5)",,False,31,"[12, 5, 2, 7, 17]",5,0.16900584795321602,-279,23,10,0.44678362573099406,302,1
337,"(12,5)",,False,31,"[12, 5, 2, 7, 17]",5,0.16900584795321602,-279,23,10,0.44678362573099406,302,1
338,"(11,7)",,True,33,"[13, 2, 11, 7, 4]",5,0.07982456140350801,-281,23,10,0.41754385964912205,304,1
339,"(11,7)",,True,33,"[13, 2, 11, 7, 4]",5,0.07982456140350801,-281,23,10,0.41754385964912205,304,1
340,"(10,0)",,True,32,"[10, 14, 0, 3, 1]",4,0.12027290448343,-283,23,10,0.42325257588415405,306,1
341,"(10,0)",,True,32,"[10, 14, 0, 3, 1]",4,0.12027290448343,-283,23,10,0.42325257588415405,306,1
342,"(2,19)",,False,30,"[2, 19, 17, 14, 11]",4,0.12085769980506801,-285,23,9,0.437621832358674,308,1
343,"(2,19)",,False,30,"[2, 19, 17, 14, 11]",4,0.12085769980506801,-285,23,9,0.437621832358674,308,1
344,2:14,assassinate,True,24,"[2, 3, 4, 0, 13]",4,0.110136452241715,-287,23,8,0.42884990253411304,310,1
345,2:14,assassinate,True,24,"[2, 3, 4, 0, 13]",4,0.110136452241715,-287,23,8,0.42884990253411304,310,1
346,"(6,3)",,False,24,"[6, 18, 7, 3, 8]",4,0.110136452241715,-289,23,8,0.42884990253411304,312,1
347,"(6,3)",,False,24,"[6, 18, 7, 3, 8]",4,0.110136452241715,-289,23,8,0.42884990253411304,312,1
348,"(10,1)",,True,26,"[3, 10, 1, 9, 15]",4,0.11500974658869301,-291,23,9,0.5,314,1
349,"(10,1)",,True,26,"[3, 10, 1, 9, 15]",4,0.11500974658869301,-291,23,9,0.5,314,1
350,13:2,assassinate,True,26,"[13, 14, 12, 17, 11]",4,0.05214424951267001,-293,23,9,0.43713450292397604,316,1
351,13:2,assassinate,True,26,"[13, 14, 12, 17, 11]",4,0.05214424951267001,-293,23,9,0.43713450292397604,316,1
352,"(5,13)",,True,28,"[0, 9, 5, 14, 13]",4,0.055068226120857,-295,23,9,0.47027290448343,318,1
353,"(5,13)",,True,28,"[0, 9, 5, 14, 13]",4,0.055068226120857,-295,23,9,0.47027290448343,318,1
354,"(0,15)",,True,26,"[18, 4, 0, 15, 8]",3,0.015594541910331002,-297,23,9,0.446393762183235,320,1
355,"(0,15)",,True,26,"[18, 4, 0, 15, 8]",3,0.015594541910331002,-297,23,9,0.446393762183235,320,1
356,"(11,5)",,False,27,"[4, 19, 11, 5, 0]",3,0.010721247563352,-299,23,9,0.389863547758284,322,1
357,"(11,5)",,False,27,"[4, 19, 11, 5, 0]",3,0.010721247563352,-299,23,9,0.389863547758284,322,1
358,"(1,15)",,False,29,"[1, 11, 8, 5, 15]",3,0.010721247563352,-301,23,10,0.40740740740740705,324,1
359,"(1,15)",,False,29,"[1, 11, 8, 5, 15]",3,0.010721247563352,-301,23,10,0.40740740740740705,324,1
360,"(16,5)",,False,31,"[6, 17, 16, 11, 5]",3,0.010136452241715001,-303,23,10,0.38752436647173405,326,1
361,"(16,5)",,False,31,"[6, 17, 16, 11, 5]",3,0.010136452241715001,-303,23,10,0.38752436647173405,326,1
362,"(9,11)",,True,33,"[9, 11, 17, 4, 3]",3,0.0034113060428840004,-305,23,10,0.348050682261208,328,1
363,"(9,11)",,True,33,"[9, 11, 17, 4, 3]",3,0.0034113060428840004,-305,23,10,0.348050682261208,328,1
364,12:18,assassinate,True,26,"[12, 6, 3, 14, 0]",5,0.126218323586744,-307,23,9,0.46198830409356706,330,1
365,12:18,assassinate,True,26,"[12, 6, 3, 14, 0]",5,0.126218323586744,-307,23,9,0.46198830409356706,330,1
366,"(12,4)",,False,28,"[13, 0, 2, 12, 4]",5,0.14083820662768,-309,23,9,0.49610136452241704,332,1
367,"(12,4)",,False,28,"[13, 0, 2, 12, 4]",5,0.14083820662768,-309,23,9,0.49610136452241704,332,1
368,"(2,10)",,False,30,"[2, 5, 7, 6, 10]",6,0.19902534113060402,-311,23,9,0.528557504873294,334,1
369,"(2,10)",,False,30,"[2, 5, 7, 6, 10]",6,0.19902534113060402,-311,23,9,0.528557504873294,334,1
370,"(5,8)",,False,32,"[5, 0, 8, 18, 2]",6,0.18927875243664702,-313,23,9,0.461890838206627,336,1
371,"(5,8)",,False,32,"[5, 0, 8, 18, 2]",6,0.18927875243664702,-313,23,9,0.461890838206627,336,1
372,"(17,15)",,False,32,"[19, 17, 15, 3, 7]",6,0.204191033138401,-315,23,8,0.40740740740740705,338,1
373,"(17,15)",,False,32,"[19, 17, 15, 3, 7]",6,0.204191033138401,-315,23,8,0.40740740740740705,338,1
374,11:10,assassinate,True,28,"[9, 3, 7, 11, 4]",5,0.187524366471734,-317,23,8,0.41900584795321605,340,1
375,11:10,assassinate,True,28,"[9, 3, 7, 11, 4]",5,0.187524366471734,-317,23,8,0.41900584795321605,340,1
376,"(18,12)",,False,28,"[18, 15, 3, 11, 12]",6,0.25730994152046704,-319,23,8,0.5453216374269001,342,1
377,"(18,12)",,False,28,"[18, 15, 3, 11, 12]",6,0.25730994152046704,-319,23,8,0.5453216374269001,342,1
378,"(11,5)",,False,30,"[11, 18, 5, 12, 2]",6,0.18674463937621802,-321,23,8,0.517738791423001,344,1
379,"(11,5)",,False,30,"[11, 18, 5, 12, 2]",6,0.18674463937621802,-321,23,8,0.517738791423001,344,1
380,"(0,9)",,False,30,"[0, 9, 17, 1, 5]",6,0.271539961013645,-323,23,8,0.40955165692007706,346,1
381,"(0,9)",,False,30,"[0, 9, 17, 1, 5]",6,0.271539961013645,-323,23,8,0.40955165692007706,346,1
382,"(13,5)",,True,30,"[13, 4, 17, 5, 1]",7,0.320175438596491,-325,23,8,0.40789473684210503,348,1
383,"(13,5)",,True,30,"[13, 4, 17, 5, 1]",7,0.320175438596491,-325,23,8,0.40789473684210503,348,1
384,"(16,0)",,False,28,"[10, 11, 16, 13, 0]",6,0.35721247563352804,-327,23,8,0.435185185185185,350,1
385,"(16,0)",,False,28,"[10, 11, 16, 13, 0]",6,0.35721247563352804,-327,23,8,0.435185185185185,350,1
386,7:10,assassinate,True,25,"[7, 6, 16, 10, 5]",5,0.306042884990253,-327,24,7,0.33723196881091605,351,1
387,7:10,assassinate,True,25,"[7, 6, 16, 10, 5]",5,0.306042884990253,-327,24,7,0.33723196881091605,351,1
388,14:2,assassinate,True,25,"[6, 19, 7, 14, 2]",5,0.25672514619883,-327,25,7,0.27865497076023305,352,1
389,14:2,assassinate,True,25,"[6, 19, 7, 14, 2]",5,0.25672514619883,-327,25,7,0.27865497076023305,352,1
390,12:6,assassinate,True,23,"[15, 5, 13, 12, 4]",5,0.283625730994152,-327,26,7,0.36842105263157804,353,1
391,12:6,assassinate,True,23,"[15, 5, 13, 12, 4]",5,0.283625730994152,-327,26,7,0.36842105263157804,353,1
392,"(1,14)",,True,25,"[1, 14, 7, 5, 4]",5,0.225146198830409,-329,26,8,0.383040935672514,355,1
393,"(1,14)",,True,25,"[1, 14, 7, 5, 4]",5,0.225146198830409,-329,26,8,0.383040935672514,355,1
394,"(5,18)",,True,27,"[12, 5, 10, 17, 18]",6,0.16920077972709502,-331,26,8,0.296881091617933,357,1
395,"(5,18)",,True,27,"[12, 5, 10, 17, 18]",6,0.16920077972709502,-331,26,8,0.296881091617933,357,1
396,13:4,assassinate,True,26,"[13, 15, 8, 4, 10]",5,0.11208576998050601,-333,26,8,0.26998050682261204,359,1
397,13:4,assassinate,True,26,"[13, 15, 8, 4, 10]",5,0.11208576998050601,-333,26,8,0.26998050682261204,359,1
398,"(1,3)",,True,25,"[1, 10, 3, 19, 15]",5,0.13645224171539902,-333,27,7,0.183235867446393,360,1
399,"(1,3)",,True,25,"[1, 10, 3, 19, 15]",5,0.13645224171539902,-333,27,7,0.183235867446393,360,1
400,"(12,19)",,True,27,"[12, 19, 11, 15, 9]",6,0.23586744639376203,-333,28,7,0.28265107212475604,361,1
401,"(12,19)",,True,27,"[12, 19, 11, 15, 9]",6,0.23586744639376203,-333,28,7,0.28265107212475604,361,1
402,4:2,assassinate,True,25,"[12, 2, 19, 5, 4]",5,0.16900584795321602,-333,29,6,0.24210526315789402,362,1
403,4:2,assassinate,True,25,"[12, 2, 19, 5, 4]",5,0.16900584795321602,-333,29,6,0.24210526315789402,362,1
404,"(3,8)",,True,27,"[5, 3, 15, 17, 8]",5,0.242495126705653,-335,29,6,0.26452241715399605,364,1
405,"(3,8)",,True,27,"[5, 3, 15, 17, 8]",5,0.242495126705653,-335,29,6,0.26452241715399605,364,1
406,14:4,assassinate,True,26,"[15, 16, 14, 11, 18]",4,0.064717348927875,-335,30,6,0.20643274853801102,365,1
407,14:4,assassinate,True,26,"[15, 16, 14, 11, 18]",4,0.064717348927875,-335,30,6,0.20643274853801102,365,1
408,16:8,assassinate,True,21,"[10, 2, 11, 16, 18]",3,0.021929824561403,-337,30,5,0.16130604288499,367,1
409,16:8,assassinate,True,21,"[10, 2, 11, 16, 18]",3,0.021929824561403,-337,30,5,0.16130604288499,367,1
410,"(4,19)",,True,23,"[4, 7, 19, 11, 10]",3,0.019005847953216002,-339,30,5,0.206140350877192,369,1
411,"(4,19)",,True,23,"[4, 7, 19, 11, 10]",3,0.019005847953216002,-339,30,5,0.206140350877192,369,1
412,"(9,15)",,True,23,"[9, 6, 15, 13, 16]",4,0.105263157894736,-341,30,5,0.24853801169590603,371,1
413,"(9,15)",,True,23,"[9, 6, 15, 13, 16]",4,0.105263157894736,-341,30,5,0.24853801169590603,371,1
414,"(6,19)",,False,25,"[6, 2, 3, 9, 19]",4,0.11111111111111101,-343,30,5,0.23391812865497003,373,1
415,"(6,19)",,False,25,"[6, 2, 3, 9, 19]",4,0.11111111111111101,-343,30,5,0.23391812865497003,373,1
416,"(7,1)",,True,27,"[19, 11, 7, 1, 6]",4,0.052631578947368,-345,30,6,0.21150097465886902,375,1
417,"(7,1)",,True,27,"[19, 11, 7, 1, 6]",4,0.052631578947368,-345,30,6,0.21150097465886902,375,1
418,"(7,19)",,False,27,"[7, 5, 19, 4, 11]",4,0.06959064327485301,-345,31,5,0.115399610136452,376,1
419,"(7,19)",,False,27,"[7, 5, 19, 4, 11]",4,0.06959064327485301,-345,31,5,0.115399610136452,376,1
420,"(1,12)",,False,29,"[15, 9, 1, 12, 10]",4,0.060818713450292,-347,31,6,0.138011695906432,378,1
421,"(1,12)",,False,29,"[15, 9, 1, 12, 10]",4,0.060818713450292,-347,31,6,0.138011695906432,378,1
422,"(1,16)",,True,32,"[3, 0, 11, 1, 16]",4,0.05087719298245601,-349,31,7,0.19902534113060402,380,1
423,"(1,16)",,True,32,"[3, 0, 11, 1, 16]",4,0.05087719298245601,-349,31,7,0.19902534113060402,380,1
424,"(12,11)",,False,30,"[12, 5, 15, 16, 11]",4,0.047953216374269005,-351,31,7,0.19961013645224102,382,1
425,"(12,11)",,False,30,"[12, 5, 15, 16, 11]",4,0.047953216374269005,-351,31,7,0.19961013645224102,382,1
426,"(1,11)",,False,32,"[12, 8, 1, 11, 15]",4,0.047730437204121005,-353,31,8,0.24037872458925003,384,1
427,"(1,11)",,False,32,"[12, 8, 1, 11, 15]",4,0.047730437204121005,-353,31,8,0.24037872458925003,384,1
428,"(7,0)",,True,32,"[16, 1, 7, 18, 0]",3,0.025828460038986003,-355,31,8,0.24307992202729,386,1
429,"(7,0)",,True,32,"[16, 1, 7, 18, 0]",3,0.025828460038986003,-355,31,8,0.24307992202729,386,1
430,"(15,13)",,True,34,"[8, 11, 15, 4, 13]",4,0.131091617933723,-357,31,8,0.285477582846003,388,1
431,"(15,13)",,True,34,"[8, 11, 15, 4, 13]",4,0.131091617933723,-357,31,8,0.285477582846003,388,1
432,19:10,assassinate,True,28,"[17, 19, 15, 11, 12]",4,0.19883040935672502,-359,31,7,0.25438596491228,390,1
433,19:10,assassinate,True,28,"[17, 19, 15, 11, 12]",4,0.19883040935672502,-359,31,7,0.25438596491228,390,1
434,"(15,17)",,False,28,"[13, 12, 15, 17, 11]",4,0.19883040935672502,-361,31,7,0.24171539961013602,392,1
435,"(15,17)",,False,28,"[13, 12, 15, 17, 11]",4,0.19883040935672502,-361,31,7,0.24171539961013602,392,1
436,3:10,assassinate,True,22,"[3, 6, 5, 13, 15]",3,0.18128654970760202,-363,31,6,0.303118908382066,394,1
437,3:10,assassinate,True,22,"[3, 6, 5, 13, 15]",3,0.18128654970760202,-363,31,6,0.303118908382066,394,1
438,"(12,19)",,False,24,"[13, 12, 19, 4, 7]",3,0.19298245614035,-365,31,6,0.30896686159844,396,1
439,"(12,19)",,False,24,"[13, 12, 19, 4, 7]",3,0.19298245614035,-365,31,6,0.30896686159844,396,1
440,"(9,1)",,False,27,"[7, 14, 9, 1, 8]",3,0.11208576998050601,-367,31,7,0.335282651072124,398,1
441,"(9,1)",,False,27,"[7, 14, 9, 1, 8]",3,0.11208576998050601,-367,31,7,0.335282651072124,398,1
442,"(12,7)",,True,27,"[18, 12, 10, 0, 7]",3,0.11208576998050601,-369,31,6,0.25730994152046704,400,1
443,"(12,7)",,True,27,"[18, 12, 10, 0, 7]",3,0.11208576998050601,-369,31,6,0.25730994152046704,400,1
444,11:14,assassinate,True,22,"[17, 9, 1, 11, 0]",2,0.09356725146198801,-371,31,5,0.31578947368421,402,1
445,11:14,assassinate,True,22,"[17, 9, 1, 11, 0]",2,0.09356725146198801,-371,31,5,0.31578947368421,402,1
446,"(5,1)",,False,24,"[7, 16, 5, 1, 10]",2,0.09356725146198801,-373,31,6,0.23489278752436601,404,1
447,"(5,1)",,False,24,"[7, 16, 5, 1, 10]",2,0.09356725146198801,-373,31,6,0.23489278752436601,404,1
448,"(15,6)",,False,26,"[15, 11, 14, 6, 3]",2,0.005847953216374001,-375,31,6,0.15399610136452202,406,1
449,"(15,6)",,False,26,"[15, 11, 14, 6, 3]",2,0.005847953216374001,-375,31,6,0.15399610136452202,406,1
450,10:8,assassinate,True,22,"[18, 10, 16, 19, 14]",3,0.096491228070175,-377,31,6,0.28167641325536,408,1
451,10:8,assassinate,True,22,"[18, 10, 16, 19, 14]",3,0.096491228070175,-377,31,6,0.28167641325536,408,1
452,"(11,14)",,False,24,"[12, 11, 8, 19, 14]",3,0.09844054580896601,-379,31,6,0.294346978557504,410,1
453,"(11,14)",,False,24,"[12, 11, 8, 19, 14]",3,0.09844054580896601,-379,31,6,0.294346978557504,410,1
454,18:2,assassinate,True,25,"[17, 4, 7, 19, 18]",2,0.010721247563352,-381,31,6,0.160818713450292,412,1
455,18:2,assassinate,True,25,"[17, 4, 7, 19, 18]",2,0.010721247563352,-381,31,6,0.160818713450292,412,1
456,9:12,assassinate,True,20,"[6, 9, 15, 4, 8]",2,0.05847953216374201,-383,31,5,0.19298245614035,414,1
457,9:12,assassinate,True,20,"[6, 9, 15, 4, 8]",2,0.05847953216374201,-383,31,5,0.19298245614035,414,1
458,14:6,assassinate,True,18,"[14, 3, 15, 11, 5]",2,0.014619883040935,-385,31,5,0.148148148148148,416,1
459,14:6,assassinate,True,18,"[14, 3, 15, 11, 5]",2,0.014619883040935,-385,31,5,0.148148148148148,416,1
460,"(2,9)",,False,20,"[8, 2, 9, 7, 12]",2,0.014619883040935,-387,31,5,0.129629629629629,418,1
461,"(2,9)",,False,20,"[8, 2, 9, 7, 12]",2,0.014619883040935,-387,31,5,0.129629629629629,418,1
462,"(8,5)",,False,20,"[12, 8, 9, 5, 2]",3,0.09356725146198801,-389,31,5,0.18128654970760202,420,1
463,"(8,5)",,False,20,"[12, 8, 9, 5, 2]",3,0.09356725146198801,-389,31,5,0.18128654970760202,420,1
464,"(11,5)",,True,22,"[16, 11, 7, 5, 0]",4,0.138888888888888,-391,31,5,0.25194931773879103,422,1
465,"(11,5)",,True,22,"[16, 11, 7, 5, 0]",4,0.138888888888888,-391,31,5,0.25194931773879103,422,1
466,"(3,1)",,False,24,"[3, 17, 1, 5, 7]",5,0.23538011695906402,-389,33,6,0.23343079922027202,422,1
467,"(3,1)",,False,24,"[3, 17, 1, 5, 7]",5,0.23538011695906402,-389,33,6,0.23343079922027202,422,1
468,"(17,5)",,False,22,"[12, 15, 17, 5, 8]",5,0.280701754385964,-387,35,5,0.242690058479532,422,1
469,"(17,5)",,False,22,"[12, 15, 17, 5, 8]",5,0.280701754385964,-387,35,5,0.242690058479532,422,1
470,"(2,5)",,False,22,"[2, 8, 18, 11, 5]",5,0.190058479532163,-385,37,4,0.147173489278752,422,1
471,"(2,5)",,False,22,"[2, 8, 18, 11, 5]",5,0.190058479532163,-385,37,4,0.147173489278752,422,1
472,"(2,14)",,False,25,"[3, 9, 2, 16, 14]",5,0.19142300194931702,-383,39,4,0.112475633528265,422,1
473,"(2,14)",,False,25,"[3, 9, 2, 16, 14]",5,0.19142300194931702,-383,39,4,0.112475633528265,422,1
474,5:12,assassinate,True,20,"[5, 2, 11, 3, 14]",4,0.13157894736842102,-381,41,3,0.08187134502923901,422,1
475,5:12,assassinate,True,20,"[5, 2, 11, 3, 14]",4,0.13157894736842102,-381,41,3,0.08187134502923901,422,1
476,"(0,6)",,False,18,"[0, 10, 5, 6, 14]",3,0.065302144249512,-381,42,2,0.08187134502923901,423,1
477,"(0,6)",,False,18,"[0, 10, 5, 6, 14]",3,0.065302144249512,-381,42,2,0.08187134502923901,423,1
478,"(10,9)",,False,18,"[7, 10, 9, 18, 14]",3,0.034113060428849006,-379,44,1,0.0,423,1
479,"(10,9)",,False,18,"[7, 10, 9, 18, 14]",3,0.034113060428849006,-379,44,1,0.0,423,1
480,14:4,assassinate,True,17,"[10, 18, 9, 14, 3]",3,0.070175438596491,-377,46,1,0.0,423,1
481,14:4,assassinate,True,17,"[10, 18, 9, 14, 3]",3,0.070175438596491,-377,46,1,0.0,423,1
482,"(10,15)",,False,19,"[10, 5, 16, 18, 15]",4,0.12085769980506801,-375,48,1,0.0,423,1
483,"(10,15)",,False,19,"[10, 5, 16, 18, 15]",4,0.12085769980506801,-375,48,1,0.0,423,1
484,"(1,14)",,False,21,"[6, 1, 12, 14, 13]",4,0.128167641325536,-373,50,3,0.08187134502923901,423,1
485,"(1,14)",,False,21,"[6, 1, 12, 14, 13]",4,0.128167641325536,-373,50,3,0.08187134502923901,423,1
486,12:8,assassinate,True,17,"[10, 19, 9, 12, 6]",3,0.11598440545808901,-371,52,3,0.07602339181286501,423,1
487,12:8,assassinate,True,17,"[10, 19, 9, 12, 6]",3,0.11598440545808901,-371,52,3,0.07602339181286501,423,1
488,"(16,8)",,False,19,"[6, 16, 8, 5, 12]",3,0.11744639376218301,-369,54,3,0.026315789473684,423,1
489,"(16,8)",,False,19,"[6, 16, 8, 5, 12]",3,0.11744639376218301,-369,54,3,0.026315789473684,423,1
490,"(16,7)",,False,21,"[16, 0, 7, 18, 10]",3,0.09356725146198801,-367,56,3,0.027290448343079,423,1
491,"(16,7)",,False,21,"[16, 0, 7, 18, 10]",3,0.09356725146198801,-367,56,3,0.027290448343079,423,1
492,17:2,assassinate,True,21,"[17, 14, 13, 8, 7]",3,0.09356725146198801,-365,58,3,0.027290448343079,423,1
493,17:2,assassinate,True,21,"[17, 14, 13, 8, 7]",3,0.09356725146198801,-365,58,3,0.027290448343079,423,1
494,"(15,10)",,True,21,"[3, 15, 4, 0, 10]",3,0.09356725146198801,-363,60,3,0.018031189083820003,423,1
495,"(15,10)",,True,21,"[3, 15, 4, 0, 10]",3,0.09356725146198801,-363,60,3,0.018031189083820003,423,1
496,18:4,assassinate,True,20,"[14, 12, 15, 0, 18]",4,0.157894736842105,-361,62,3,0.018031189083820003,423,1
497,18:4,assassinate,True,20,"[14, 12, 15, 0, 18]",4,0.157894736842105,-361,62,3,0.018031189083820003,423,1
498,2:6,assassinate,True,18,"[4, 17, 13, 12, 2]",3,0.20467836257309902,-359,64,3,0.023391812865497002,423,1
499,2:6,assassinate,True,18,"[4, 17, 13, 12, 2]",3,0.20467836257309902,-359,64,3,0.023391812865497002,423,1
500,"(17,12)",,False,20,"[17, 12, 9, 13, 0]",3,0.20467836257309902,-357,66,3,0.005360623781676,423,1
501,"(17,12)",,False,20,"[17, 12, 9, 13, 0]",3,0.20467836257309902,-357,66,3,0.005360623781676,423,1
502,"(5,1)",,True,22,"[9, 5, 1, 4, 13]",3,0.11111111111111101,-357,67,4,0.143762183235867,424,1
503,"(5,1)",,True,22,"[9, 5, 1, 4, 13]",3,0.11111111111111101,-357,67,4,0.143762183235867,424,1
504,"(4,9)",,False,22,"[4, 9, 19, 13, 15]",3,0.23976608187134502,-355,69,3,0.005360623781676,424,1
505,"(4,9)",,False,22,"[4, 9, 19, 13, 15]",3,0.23976608187134502,-355,69,3,0.005360623781676,424,1
506,"(14,3)",,False,24,"[14, 4, 19, 3, 9]",3,0.15886939571150002,-353,71,3,0.018518518518518,424,1
507,"(14,3)",,False,24,"[14, 4, 19, 3, 9]",3,0.15886939571150002,-353,71,3,0.018518518518518,424,1
508,"(15,5)",,False,25,"[9, 15, 5, 7, 6]",3,0.19590643274853803,-351,73,3,0.005360623781676,424,1
509,"(15,5)",,False,25,"[9, 15, 5, 7, 6]",3,0.19590643274853803,-351,73,3,0.005360623781676,424,1
510,"(12,10)",,False,27,"[12, 5, 2, 10, 4]",3,0.140350877192982,-349,75,3,0.005360623781676,424,1
511,"(12,10)",,False,27,"[12, 5, 2, 10, 4]",3,0.140350877192982,-349,75,3,0.005360623781676,424,1
512,"(7,12)",,False,29,"[7, 6, 3, 0, 12]",3,0.14931773879142302,-347,77,3,0.005360623781676,424,1
513,"(7,12)",,False,29,"[7, 6, 3, 0, 12]",3,0.14931773879142302,-347,77,3,0.005360623781676,424,1
514,"(1,11)",,True,31,"[1, 0, 4, 11, 2]",4,0.137426900584795,-345,79,4,0.109161793372319,424,1
515,"(1,11)",,True,31,"[1, 0, 4, 11, 2]",4,0.137426900584795,-345,79,4,0.109161793372319,424,1
516,"(16,4)",,False,31,"[16, 13, 6, 10, 4]",4,0.13645224171539902,-343,81,4,0.11793372319688102,424,1
517,"(16,4)",,False,31,"[16, 13, 6, 10, 4]",4,0.13645224171539902,-343,81,4,0.11793372319688102,424,1
518,"(8,7)",,False,31,"[13, 6, 8, 10, 7]",4,0.197855750487329,-341,83,3,0.005360623781676,424,1
519,"(8,7)",,False,31,"[13, 6, 8, 10, 7]",4,0.197855750487329,-341,83,3,0.005360623781676,424,1
520,"(8,13)",,False,34,"[6, 8, 16, 13, 7]",6,0.272208298524088,-339,85,3,0.005068226120857,424,1
521,"(8,13)",,False,34,"[6, 8, 16, 13, 7]",6,0.272208298524088,-339,85,3,0.005068226120857,424,1
522,"(11,18)",,False,34,"[3, 12, 6, 11, 18]",7,0.25459482038429404,-337,87,3,0.003898635477582,424,1
523,"(11,18)",,False,34,"[3, 12, 6, 11, 18]",7,0.25459482038429404,-337,87,3,0.003898635477582,424,1
524,11:6,assassinate,True,32,"[6, 0, 8, 16, 11]",7,0.201963241436925,-335,89,3,0.003898635477582,424,1
525,11:6,assassinate,True,32,"[6, 0, 8, 16, 11]",7,0.201963241436925,-335,89,3,0.003898635477582,424,1
526,"(18,1)",,False,34,"[18, 1, 9, 7, 2]",7,0.170676691729323,-333,91,4,0.032651072124756,424,1
527,"(18,1)",,False,34,"[18, 1, 9, 7, 2]",7,0.170676691729323,-333,91,4,0.032651072124756,424,1
528,"(7,3)",,False,37,"[6, 17, 7, 3, 10]",9,0.230945419103313,-331,93,4,0.025730994152046,424,1
529,"(7,3)",,False,37,"[6, 17, 7, 3, 10]",9,0.230945419103313,-331,93,4,0.025730994152046,424,1
530,17:4,assassinate,True,36,"[19, 17, 4, 8, 6]",8,0.21398635477582803,-329,95,4,0.025730994152046,424,1
531,17:4,assassinate,True,36,"[19, 17, 4, 8, 6]",8,0.21398635477582803,-329,95,4,0.025730994152046,424,1
532,2:2,assassinate,True,36,"[2, 6, 4, 13, 17]",8,0.21398635477582803,-327,97,4,0.025730994152046,424,1
533,2:2,assassinate,True,36,"[2, 6, 4, 13, 17]",8,0.21398635477582803,-327,97,4,0.025730994152046,424,1
534,12:8,assassinate,True,30,"[2, 0, 12, 8, 19]",7,0.20495576548208103,-325,99,4,0.031646423751686005,424,1
535,12:8,assassinate,True,30,"[2, 0, 12, 8, 19]",7,0.20495576548208103,-325,99,4,0.031646423751686005,424,1
536,"(1,17)",,True,32,"[3, 1, 15, 17, 4]",7,0.20536062378167602,-323,101,5,0.08840155945419101,424,1
537,"(1,17)",,True,32,"[3, 1, 15, 17, 4]",7,0.20536062378167602,-323,101,5,0.08840155945419101,424,1
538,"(19,1)",,False,32,"[19, 15, 9, 13, 1]",7,0.22543859649122802,-321,103,6,0.176120857699805,424,1
539,"(19,1)",,False,32,"[19, 15, 9, 13, 1]",7,0.22543859649122802,-321,103,6,0.176120857699805,424,1
540,"(1,12)",,True,32,"[1, 12, 17, 0, 10]",7,0.24259259259259203,-321,104,7,0.275536062378167,425,1
541,"(1,12)",,True,32,"[1, 12, 17, 0, 10]",7,0.24259259259259203,-321,104,7,0.275536062378167,425,1
542,9:6,assassinate,True,30,"[10, 3, 11, 14, 9]",6,0.16130604288499,-323,104,7,0.23285992759676902,427,1
543,9:6,assassinate,True,30,"[10, 3, 11, 14, 9]",6,0.16130604288499,-323,104,7,0.23285992759676902,427,1
544,"(2,19)",,True,32,"[12, 2, 3, 19, 17]",6,0.17641325536062302,-325,104,7,0.268434976329713,429,1
545,"(2,19)",,True,32,"[12, 2, 3, 19, 17]",6,0.17641325536062302,-325,104,7,0.268434976329713,429,1
546,"(1,9)",,False,34,"[3, 13, 1, 12, 9]",6,0.17348927875243603,-325,105,8,0.259468114731272,430,1
547,"(1,9)",,False,34,"[3, 13, 1, 12, 9]",6,0.17348927875243603,-325,105,8,0.259468114731272,430,1
548,"(1,4)",,False,36,"[5, 17, 1, 4, 2]",7,0.220077972709551,-325,106,9,0.291339459760512,431,1
549,"(1,4)",,False,36,"[5, 17, 1, 4, 2]",7,0.220077972709551,-325,106,9,0.291339459760512,431,1
550,"(14,10)",,False,36,"[19, 14, 9, 13, 10]",7,0.19522417153996102,-327,106,9,0.29271790587580004,433,1
551,"(14,10)",,False,36,"[19, 14, 9, 13, 10]",7,0.19522417153996102,-327,106,9,0.29271790587580004,433,1
552,"(18,5)",,False,38,"[18, 16, 8, 6, 5]",8,0.24307992202729,-329,106,9,0.27582846003898603,435,1
553,"(18,5)",,False,38,"[18, 16, 8, 6, 5]",8,0.24307992202729,-329,106,9,0.27582846003898603,435,1
554,15:14,assassinate,True,32,"[16, 1, 15, 5, 4]",7,0.179629629629629,-329,107,8,0.228070175438596,436,1
555,15:14,assassinate,True,32,"[16, 1, 15, 5, 4]",7,0.179629629629629,-329,107,8,0.228070175438596,436,1
556,"(14,0)",,False,30,"[14, 0, 13, 18, 5]",6,0.15570871623503202,-331,107,8,0.25509607351712604,438,1
557,"(14,0)",,False,30,"[14, 0, 13, 18, 5]",6,0.15570871623503202,-331,107,8,0.25509607351712604,438,1
558,13:4,assassinate,True,28,"[16, 12, 6, 4, 13]",5,0.127680311890838,-333,107,8,0.220467836257309,440,1
559,13:4,assassinate,True,28,"[16, 12, 6, 4, 13]",5,0.127680311890838,-333,107,8,0.220467836257309,440,1
560,"(9,10)",,True,30,"[9, 10, 7, 17, 12]",5,0.13352826510721202,-335,107,8,0.29064327485380104,442,1
561,"(9,10)",,True,30,"[9, 10, 7, 17, 12]",5,0.13352826510721202,-335,107,8,0.29064327485380104,442,1
562,"(6,17)",,True,31,"[12, 6, 0, 17, 9]",5,0.137426900584795,-337,107,8,0.284307992202729,444,1
563,"(6,17)",,True,31,"[12, 6, 0, 17, 9]",5,0.137426900584795,-337,107,8,0.284307992202729,444,1
564,"(19,16)",,True,31,"[3, 15, 17, 19, 16]",5,0.23099415204678303,-339,107,8,0.34990253411306005,446,1
565,"(19,16)",,True,31,"[3, 15, 17, 19, 16]",5,0.23099415204678303,-339,107,8,0.34990253411306005,446,1
566,"(1,15)",,False,31,"[19, 1, 15, 8, 7]",5,0.262183235867446,-341,107,9,0.44980506822612004,448,1
567,"(1,15)",,False,31,"[19, 1, 15, 8, 7]",5,0.262183235867446,-341,107,9,0.44980506822612004,448,1
568,"(8,0)",,True,31,"[8, 18, 16, 4, 0]",4,0.21345029239766003,-343,107,9,0.389863547758284,450,1
569,"(8,0)",,True,31,"[8, 18, 16, 4, 0]",4,0.21345029239766003,-343,107,9,0.389863547758284,450,1
570,"(13,14)",,True,31,"[5, 3, 6, 13, 14]",4,0.07602339181286501,-345,107,8,0.349415204678362,452,1
571,"(13,14)",,True,31,"[5, 3, 6, 13, 14]",4,0.07602339181286501,-345,107,8,0.349415204678362,452,1
572,7:6,assassinate,True,28,"[7, 6, 11, 13, 17]",3,0.140350877192982,-347,107,8,0.27485380116959,454,1
573,7:6,assassinate,True,28,"[7, 6, 11, 13, 17]",3,0.140350877192982,-347,107,8,0.27485380116959,454,1
574,"(9,18)",,False,30,"[10, 19, 9, 12, 18]",3,0.082846003898635,-349,107,8,0.29824561403508704,456,1
575,"(9,18)",,False,30,"[10, 19, 9, 12, 18]",3,0.082846003898635,-349,107,8,0.29824561403508704,456,1
576,"(1,6)",,True,30,"[1, 18, 6, 17, 4]",3,0.129824561403508,-351,107,9,0.35906432748538003,458,1
577,"(1,6)",,True,30,"[1, 18, 6, 17, 4]",3,0.129824561403508,-351,107,9,0.35906432748538003,458,1
578,5:14,assassinate,True,24,"[2, 3, 16, 5, 17]",2,0.087719298245614,-353,107,9,0.388888888888888,460,1
579,5:14,assassinate,True,24,"[2, 3, 16, 5, 17]",2,0.087719298245614,-353,107,9,0.388888888888888,460,1
580,"(1,7)",,False,24,"[1, 7, 3, 5, 6]",2,0.09356725146198801,-355,107,9,0.380116959064327,462,1
581,"(1,7)",,False,24,"[1, 7, 3, 5, 6]",2,0.09356725146198801,-355,107,9,0.380116959064327,462,1
582,"(19,0)",,False,26,"[19, 4, 16, 7, 0]",3,0.118908382066276,-357,107,9,0.405068226120857,464,1
583,"(19,0)",,False,26,"[19, 4, 16, 7, 0]",3,0.118908382066276,-357,107,9,0.405068226120857,464,1
584,18:6,assassinate,True,25,"[12, 18, 4, 8, 6]",2,0.087719298245614,-359,107,9,0.385964912280701,466,1
585,18:6,assassinate,True,25,"[12, 18, 4, 8, 6]",2,0.087719298245614,-359,107,9,0.385964912280701,466,1
586,"(18,19)",,False,27,"[17, 18, 3, 6, 19]",3,0.10175438596491201,-361,107,9,0.325146198830409,468,1
587,"(18,19)",,False,27,"[17, 18, 3, 6, 19]",3,0.10175438596491201,-361,107,9,0.325146198830409,468,1
588,"(8,6)",,False,25,"[15, 0, 8, 6, 13]",3,0.114035087719298,-363,107,8,0.30214424951267005,470,1
589,"(8,6)",,False,25,"[15, 0, 8, 6, 13]",3,0.114035087719298,-363,107,8,0.30214424951267005,470,1
590,"(1,18)",,True,25,"[1, 0, 18, 2, 9]",3,0.137426900584795,-363,108,8,0.27485380116959,471,1
591,"(1,18)",,True,25,"[1, 0, 18, 2, 9]",3,0.137426900584795,-363,108,8,0.27485380116959,471,1
592,"(5,6)",,False,27,"[5, 19, 9, 6, 7]",3,0.143274853801169,-365,108,8,0.345029239766081,473,1
593,"(5,6)",,False,27,"[5, 19, 9, 6, 7]",3,0.143274853801169,-365,108,8,0.345029239766081,473,1
594,"(2,1)",,True,27,"[12, 2, 1, 7, 11]",3,0.076510721247563,-367,108,8,0.37378167641325505,475,1
595,"(2,1)",,True,27,"[12, 2, 1, 7, 11]",3,0.076510721247563,-367,108,8,0.37378167641325505,475,1
596,"(15,6)",,False,27,"[15, 12, 6, 13, 0]",3,0.082358674463937,-369,108,7,0.24512670565302103,477,1
597,"(15,6)",,False,27,"[15, 12, 6, 13, 0]",3,0.082358674463937,-369,108,7,0.24512670565302103,477,1
598,"(1,10)",,True,29,"[19, 1, 8, 10, 5]",4,0.10477582846003801,-371,108,8,0.318713450292397,479,1
599,"(1,10)",,True,29,"[19, 1, 8, 10, 5]",4,0.10477582846003801,-371,108,8,0.318713450292397,479,1
600,12:12,assassinate,True,25,"[17, 14, 12, 8, 9]",4,0.10575048732943401,-373,108,8,0.38255360623781604,481,1
601,12:12,assassinate,True,25,"[17, 14, 12, 8, 9]",4,0.10575048732943401,-373,108,8,0.38255360623781604,481,1
602,"(1,19)",,False,27,"[1, 18, 0, 15, 19]",4,0.07893344472291801,-375,108,9,0.366564559547015,483,1
603,"(1,19)",,False,27,"[1, 18, 0, 15, 19]",4,0.07893344472291801,-375,108,9,0.366564559547015,483,1
604,"(13,15)",,False,29,"[13, 17, 15, 11, 14]",4,0.043957115009746,-377,108,9,0.34278752436647103,485,1
605,"(13,15)",,False,29,"[13, 17, 15, 11, 14]",4,0.043957115009746,-377,108,9,0.34278752436647103,485,1
606,"(12,1)",,True,31,"[12, 14, 18, 1, 17]",4,0.039376218323586,-379,108,10,0.42339181286549704,487,1
607,"(12,1)",,True,31,"[12, 14, 18, 1, 17]",4,0.039376218323586,-379,108,10,0.42339181286549704,487,1
608,"(18,19)",,True,31,"[3, 6, 18, 14, 19]",4,0.04307992202729,-381,108,10,0.428654970760233,489,1
609,"(18,19)",,True,31,"[3, 6, 18, 14, 19]",4,0.04307992202729,-381,108,10,0.428654970760233,489,1
610,16:14,assassinate,True,25,"[7, 16, 1, 9, 8]",3,0.038011695906432004,-383,108,9,0.38576998050682204,491,1
611,16:14,assassinate,True,25,"[7, 16, 1, 9, 8]",3,0.038011695906432004,-383,108,9,0.38576998050682204,491,1
612,"(15,7)",,False,25,"[15, 7, 8, 4, 10]",3,0.038011695906432004,-385,108,9,0.38499025341130605,493,1
613,"(15,7)",,False,25,"[15, 7, 8, 4, 10]",3,0.038011695906432004,-385,108,9,0.38499025341130605,493,1
614,"(5,6)",,True,25,"[10, 5, 17, 6, 12]",3,0.038011695906432004,-387,108,9,0.409161793372319,495,1
615,"(5,6)",,True,25,"[10, 5, 17, 6, 12]",3,0.038011695906432004,-387,108,9,0.409161793372319,495,1
616,"(17,11)",,False,25,"[3, 17, 11, 16, 2]",3,0.11695906432748501,-389,108,8,0.46393762183235804,497,1
617,"(17,11)",,False,25,"[3, 17, 11, 16, 2]",3,0.11695906432748501,-389,108,8,0.46393762183235804,497,1
618,18:12,assassinate,True,20,"[14, 18, 11, 17, 2]",3,0.11111111111111101,-391,108,7,0.475633528265107,499,1
619,18:12,assassinate,True,20,"[14, 18, 11, 17, 2]",3,0.11111111111111101,-391,108,7,0.475633528265107,499,1
620,"(4,2)",,True,22,"[17, 10, 4, 2, 6]",3,0.038011695906432004,-393,108,7,0.42592592592592504,501,1
621,"(4,2)",,True,22,"[17, 10, 4, 2, 6]",3,0.038011695906432004,-393,108,7,0.42592592592592504,501,1
622,"(1,9)",,True,24,"[1, 11, 9, 19, 5]",3,0.030214424951267003,-395,108,8,0.411695906432748,503,1
623,"(1,9)",,True,24,"[1, 11, 9, 19, 5]",3,0.030214424951267003,-395,108,8,0.411695906432748,503,1
624,"(18,12)",,False,26,"[2, 18, 8, 9, 12]",3,0.030214424951267003,-397,108,8,0.47407407407407404,505,1
625,"(18,12)",,False,26,"[2, 18, 8, 9, 12]",3,0.030214424951267003,-397,108,8,0.47407407407407404,505,1
626,"(1,16)",,False,26,"[17, 11, 1, 16, 12]",3,0.11793372319688102,-399,108,8,0.516569200779727,507,1
627,"(1,16)",,False,26,"[17, 11, 1, 16, 12]",3,0.11793372319688102,-399,108,8,0.516569200779727,507,1
628,"(11,1)",,False,27,"[16, 11, 8, 10, 1]",3,0.118908382066276,-401,108,8,0.490448343079922,509,1
629,"(11,1)",,False,27,"[16, 11, 8, 10, 1]",3,0.118908382066276,-401,108,8,0.490448343079922,509,1
630,9:10,assassinate,True,22,"[9, 8, 12, 5, 13]",3,0.19298245614035,-403,108,8,0.5321637426900581,511,1
631,9:10,assassinate,True,22,"[9, 8, 12, 5, 13]",3,0.19298245614035,-403,108,8,0.5321637426900581,511,1
632,"(15,0)",,False,24,"[10, 15, 17, 0, 3]",4,0.29239766081871305,-405,108,8,0.5906432748538011,513,1
633,"(15,0)",,False,24,"[10, 15, 17, 0, 3]",4,0.29239766081871305,-405,108,8,0.5906432748538011,513,1
634,2:4,assassinate,True,24,"[6, 5, 16, 2, 10]",3,0.09356725146198801,-407,108,8,0.41423001949317706,515,1
635,2:4,assassinate,True,24,"[6, 5, 16, 2, 10]",3,0.09356725146198801,-407,108,8,0.41423001949317706,515,1
636,"(19,1)",,True,27,"[19, 13, 1, 18, 17]",3,0.021929824561403,-409,108,9,0.419980506822612,517,1
637,"(19,1)",,True,27,"[19, 13, 1, 18, 17]",3,0.021929824561403,-409,108,9,0.419980506822612,517,1
638,"(12,3)",,False,29,"[14, 12, 5, 0, 3]",3,0.015789473684210003,-411,108,9,0.36677805625174004,519,1
639,"(12,3)",,False,29,"[14, 12, 5, 0, 3]",3,0.015789473684210003,-411,108,9,0.36677805625174004,519,1
640,"(11,4)",,True,29,"[12, 10, 11, 5, 4]",3,0.015789473684210003,-413,108,9,0.36778056251740404,521,1
641,"(11,4)",,True,29,"[12, 10, 11, 5, 4]",3,0.015789473684210003,-413,108,9,0.36778056251740404,521,1
642,"(18,1)",,False,32,"[18, 15, 4, 19, 1]",3,0.014230019493177001,-415,108,10,0.34671400724032303,523,1
643,"(18,1)",,False,32,"[18, 15, 4, 19, 1]",3,0.014230019493177001,-415,108,10,0.34671400724032303,523,1
644,"(11,3)",,False,35,"[10, 11, 5, 3, 0]",3,0.014230019493177001,-417,108,10,0.28897243107769405,525,1
645,"(11,3)",,False,35,"[10, 11, 5, 3, 0]",3,0.014230019493177001,-417,108,10,0.28897243107769405,525,1
646,"(17,11)",,False,35,"[17, 11, 1, 6, 12]",4,0.05462962962962901,-419,108,10,0.27875243664717303,527,1
647,"(17,11)",,False,35,"[17, 11, 1, 6, 12]",4,0.05462962962962901,-419,108,10,0.27875243664717303,527,1
648,"(3,1)",,False,37,"[3, 12, 18, 7, 1]",5,0.14892787524366402,-421,108,11,0.339278752436647,529,1
649,"(3,1)",,False,37,"[3, 12, 18, 7, 1]",5,0.14892787524366402,-421,108,11,0.339278752436647,529,1
650,"(19,5)",,False,37,"[16, 19, 5, 7, 3]",5,0.135964912280701,-423,108,10,0.279239766081871,531,1
651,"(19,5)",,False,37,"[16, 19, 5, 7, 3]",5,0.135964912280701,-423,108,10,0.279239766081871,531,1
652,"(0,5)",,True,35,"[0, 17, 5, 3, 7]",4,0.11208576998050601,-425,108,10,0.26998050682261204,533,1
653,"(0,5)",,True,35,"[0, 17, 5, 3, 7]",4,0.11208576998050601,-425,108,10,0.26998050682261204,533,1
654,"(12,17)",,False,33,"[13, 12, 17, 5, 19]",4,0.10648148148148101,-427,108,10,0.259990253411306,535,1
655,"(12,17)",,False,33,"[13, 12, 17, 5, 19]",4,0.10648148148148101,-427,108,10,0.259990253411306,535,1
656,"(4,9)",,True,35,"[4, 6, 18, 9, 0]",4,0.11135477582846001,-429,108,10,0.256384015594541,537,1
657,"(4,9)",,True,35,"[4, 6, 18, 9, 0]",4,0.11135477582846001,-429,108,10,0.256384015594541,537,1
658,"(13,19)",,False,37,"[9, 6, 13, 19, 10]",4,0.102631578947368,-431,108,10,0.227680311890838,539,1
659,"(13,19)",,False,37,"[9, 6, 13, 19, 10]",4,0.102631578947368,-431,108,10,0.227680311890838,539,1
660,"(2,19)",,False,40,"[9, 13, 2, 19, 6]",4,0.034307992202729,-433,108,10,0.22397660818713402,541,1
661,"(2,19)",,False,40,"[9, 13, 2, 19, 6]",4,0.034307992202729,-433,108,10,0.22397660818713402,541,1
662,13:10,assassinate,True,36,"[4, 13, 3, 18, 19]",4,0.059389213775178,-435,108,10,0.23355611250348002,543,1
663,13:10,assassinate,True,36,"[4, 13, 3, 18, 19]",4,0.059389213775178,-435,108,10,0.23355611250348002,543,1
664,"(9,1)",,True,36,"[15, 9, 12, 8, 1]",4,0.061728395061728,-437,108,11,0.297187412976886,545,1
665,"(9,1)",,True,36,"[15, 9, 12, 8, 1]",4,0.061728395061728,-437,108,11,0.297187412976886,545,1
666,15:12,assassinate,True,31,"[7, 15, 18, 19, 13]",3,0.02719298245614,-439,108,10,0.27543859649122804,547,1
667,15:12,assassinate,True,31,"[7, 15, 18, 19, 13]",3,0.02719298245614,-439,108,10,0.27543859649122804,547,1
668,10:6,assassinate,True,29,"[10, 3, 4, 11, 14]",2,0.0,-441,108,10,0.25584795321637405,549,1
669,10:6,assassinate,True,29,"[10, 3, 4, 11, 14]",2,0.0,-441,108,10,0.25584795321637405,549,1
670,"(4,15)",,False,32,"[4, 15, 3, 19, 8]",2,0.0,-443,108,10,0.257435254803675,551,1
671,"(4,15)",,False,32,"[4, 15, 3, 19, 8]",2,0.0,-443,108,10,0.257435254803675,551,1
672,"(7,18)",,True,32,"[0, 7, 18, 16, 14]",2,0.0,-445,108,10,0.252367028682818,553,1
673,"(7,18)",,True,32,"[0, 7, 18, 16, 14]",2,0.0,-445,108,10,0.252367028682818,553,1
674,"(14,10)",,False,34,"[14, 5, 2, 3, 10]",2,0.0,-447,108,10,0.248684210526315,555,1
675,"(14,10)",,False,34,"[14, 5, 2, 3, 10]",2,0.0,-447,108,10,0.248684210526315,555,1
676,"(1,2)",,False,36,"[16, 1, 11, 2, 3]",2,0.0,-449,108,11,0.275097465886939,557,1
677,"(1,2)",,False,36,"[16, 1, 11, 2, 3]",2,0.0,-449,108,11,0.275097465886939,557,1
678,19:12,assassinate,True,32,"[0, 3, 4, 19, 5]",1,0.0,-451,108,10,0.27514619883040903,559,1
679,19:12,assassinate,True,32,"[0, 3, 4, 19, 5]",1,0.0,-451,108,10,0.27514619883040903,559,1
680,"(12,8)",,True,32,"[12, 8, 14, 17, 9]",1,0.0,-453,108,9,0.287816764132553,561,1
681,"(12,8)",,True,32,"[12, 8, 14, 17, 9]",1,0.0,-453,108,9,0.287816764132553,561,1
682,18:14,assassinate,True,26,"[3, 12, 7, 14, 18]",1,0.0,-455,108,8,0.300974658869395,563,1
683,18:14,assassinate,True,26,"[3, 12, 7, 14, 18]",1,0.0,-455,108,8,0.300974658869395,563,1
684,"(7,13)",,False,26,"[4, 8, 7, 13, 18]",1,0.0,-457,108,8,0.314619883040935,565,1
685,"(7,13)",,False,26,"[4, 8, 7, 13, 18]",1,0.0,-457,108,8,0.314619883040935,565,1
686,"(16,18)",,True,28,"[4, 6, 16, 8, 18]",1,0.0,-459,108,8,0.386744639376218,567,1
687,"(16,18)",,True,28,"[4, 6, 16, 8, 18]",1,0.0,-459,108,8,0.386744639376218,567,1
688,"(13,9)",,False,28,"[13, 5, 8, 9, 3]",1,0.0,-461,108,7,0.34990253411306005,569,1
689,"(13,9)",,False,28,"[13, 5, 8, 9, 3]",1,0.0,-461,108,7,0.34990253411306005,569,1
690,"(5,6)",,False,28,"[2, 4, 5, 16, 6]",1,0.0,-463,108,7,0.304093567251461,571,1
691,"(5,6)",,False,28,"[2, 4, 5, 16, 6]",1,0.0,-463,108,7,0.304093567251461,571,1
692,"(10,3)",,True,28,"[10, 3, 7, 0, 5]",1,0.0,-465,108,7,0.312865497076023,573,1
693,"(10,3)",,True,28,"[10, 3, 7, 0, 5]",1,0.0,-465,108,7,0.312865497076023,573,1
694,"(19,9)",,True,30,"[14, 13, 19, 9, 11]",1,0.0,-467,108,7,0.34736842105263105,575,1
695,"(19,9)",,True,30,"[14, 13, 19, 9, 11]",1,0.0,-467,108,7,0.34736842105263105,575,1
696,"(9,0)",,True,31,"[10, 2, 3, 9, 0]",1,0.0,-469,108,7,0.337134502923976,577,1
697,"(9,0)",,True,31,"[10, 2, 3, 9, 0]",1,0.0,-469,108,7,0.337134502923976,577,1
698,"(2,14)",,True,33,"[2, 0, 19, 14, 11]",1,0.0,-471,108,7,0.319005847953216,579,1
699,"(2,14)",,True,33,"[2, 0, 19, 14, 11]",1,0.0,-471,108,7,0.319005847953216,579,1
700,"(11,2)",,True,36,"[11, 15, 2, 18, 14]",1,0.0,-473,108,7,0.20448849396217803,581,1
701,"(11,2)",,True,36,"[11, 15, 2, 18, 14]",1,0.0,-473,108,7,0.20448849396217803,581,1
702,"(18,6)",,True,37,"[9, 18, 6, 7, 13]",1,0.0,-475,108,7,0.23596491228070102,583,1
703,"(18,6)",,True,37,"[9, 18, 6, 7, 13]",1,0.0,-475,108,7,0.23596491228070102,583,1
704,"(7,1)",,False,39,"[7, 1, 19, 8, 16]",1,0.0,-477,108,8,0.275730994152046,585,1
705,"(7,1)",,False,39,"[7, 1, 19, 8, 16]",1,0.0,-477,108,8,0.275730994152046,585,1
706,"(9,10)",,False,39,"[9, 10, 13, 0, 15]",1,0.0,-479,108,8,0.273001949317738,587,1
707,"(9,10)",,False,39,"[9, 10, 13, 0, 15]",1,0.0,-479,108,8,0.273001949317738,587,1
708,"(17,4)",,False,37,"[17, 13, 14, 9, 4]",1,0.0,-481,108,8,0.293989603638726,589,1
709,"(17,4)",,False,37,"[17, 13, 14, 9, 4]",1,0.0,-481,108,8,0.293989603638726,589,1
710,"(19,1)",,True,37,"[16, 8, 19, 1, 0]",1,0.0,-483,108,8,0.31075373619233204,591,1
711,"(19,1)",,True,37,"[16, 8, 19, 1, 0]",1,0.0,-483,108,8,0.31075373619233204,591,1
712,"(1,18)",,True,36,"[13, 2, 1, 18, 12]",1,0.0,-485,108,7,0.298976608187134,593,1
713,"(1,18)",,True,36,"[13, 2, 1, 18, 12]",1,0.0,-485,108,7,0.298976608187134,593,1
714,"(14,3)",,False,36,"[14, 11, 19, 12, 3]",1,0.0,-487,108,7,0.287280701754385,595,1
715,"(14,3)",,False,36,"[14, 11, 19, 12, 3]",1,0.0,-487,108,7,0.287280701754385,595,1
716,"(10,13)",,False,38,"[10, 18, 0, 7, 13]",2,0.0029239766081870003,-489,108,7,0.27558479532163704,597,1
717,"(10,13)",,False,38,"[10, 18, 0, 7, 13]",2,0.0029239766081870003,-489,108,7,0.27558479532163704,597,1
718,"(5,1)",,False,40,"[5, 1, 14, 12, 6]",2,0.0027847396268440004,-491,108,8,0.29478557504873204,599,1
719,"(5,1)",,False,40,"[5, 1, 14, 12, 6]",2,0.0027847396268440004,-491,108,8,0.29478557504873204,599,1
720,"(19,3)",,False,40,"[17, 1, 11, 19, 3]",3,0.011890838206627001,-493,108,8,0.32173489278752404,601,1
721,"(19,3)",,False,40,"[17, 1, 11, 19, 3]",3,0.011890838206627001,-493,108,8,0.32173489278752404,601,1
722,"(9,2)",,True,41,"[18, 9, 16, 2, 10]",5,0.046491228070175,-495,108,8,0.322431077694235,603,1
723,"(9,2)",,True,41,"[18, 9, 16, 2, 10]",5,0.046491228070175,-495,108,8,0.322431077694235,603,1
724,10:8,assassinate,True,38,"[10, 9, 5, 14, 15]",5,0.09083820662768001,-497,108,8,0.221345029239766,605,1
725,10:8,assassinate,True,38,"[10, 9, 5, 14, 15]",5,0.09083820662768001,-497,108,8,0.221345029239766,605,1
726,"(1,7)",,False,41,"[2, 11, 5, 1, 7]",5,0.085185185185185,-499,108,9,0.23635477582846,607,1
727,"(1,7)",,False,41,"[2, 11, 5, 1, 7]",5,0.085185185185185,-499,108,9,0.23635477582846,607,1
728,"(1,14)",,True,42,"[1, 12, 0, 14, 4]",5,0.132943469785575,-501,108,10,0.29610136452241703,609,1
729,"(1,14)",,True,42,"[1, 12, 0, 14, 4]",5,0.132943469785575,-501,108,10,0.29610136452241703,609,1
730,"(14,10)",,False,45,"[14, 19, 8, 11, 10]",7,0.157115009746588,-503,108,10,0.28918128654970704,611,1
731,"(14,10)",,False,45,"[14, 19, 8, 11, 10]",7,0.157115009746588,-503,108,10,0.28918128654970704,611,1
732,"(0,15)",,False,45,"[0, 1, 9, 10, 15]",6,0.099658869395711,-505,108,10,0.30116959064327403,613,1
733,"(0,15)",,False,45,"[0, 1, 9, 10, 15]",6,0.099658869395711,-505,108,10,0.30116959064327403,613,1
734,"(16,17)",,False,45,"[16, 17, 15, 3, 9]",6,0.06708437761069301,-507,108,9,0.226232247284878,615,1
735,"(16,17)",,False,45,"[16, 17, 15, 3, 9]",6,0.06708437761069301,-507,108,9,0.226232247284878,615,1
736,6:14,assassinate,True,38,"[7, 16, 9, 2, 6]",5,0.049150654413812,-509,108,8,0.19855193539404,617,1
737,6:14,assassinate,True,38,"[7, 16, 9, 2, 6]",5,0.049150654413812,-509,108,8,0.19855193539404,617,1
738,"(10,17)",,True,40,"[4, 13, 10, 17, 15]",6,0.07511835143414,-511,108,8,0.178849902534113,619,1
739,"(10,17)",,True,40,"[4, 13, 10, 17, 15]",6,0.07511835143414,-511,108,8,0.178849902534113,619,1
740,"(3,6)",,False,42,"[11, 16, 12, 3, 6]",6,0.07511835143414,-513,108,8,0.19269005847953202,621,1
741,"(3,6)",,False,42,"[11, 16, 12, 3, 6]",6,0.07511835143414,-513,108,8,0.19269005847953202,621,1
742,"(14,11)",,False,44,"[7, 14, 4, 18, 11]",6,0.06196045669729801,-515,108,8,0.183430799220272,623,1
743,"(14,11)",,False,44,"[7, 14, 4, 18, 11]",6,0.06196045669729801,-515,108,8,0.183430799220272,623,1
744,"(9,0)",,False,44,"[17, 3, 9, 19, 0]",5,0.045906432748538006,-517,108,8,0.168258609486679,625,1
745,"(9,0)",,False,44,"[17, 3, 9, 19, 0]",5,0.045906432748538006,-517,108,8,0.168258609486679,625,1
746,"(12,11)",,False,46,"[10, 12, 11, 19, 18]",6,0.101461988304093,-519,108,8,0.16367771280051902,627,1
747,"(12,11)",,False,46,"[10, 12, 11, 19, 18]",6,0.101461988304093,-519,108,8,0.16367771280051902,627,1
748,"(1,10)",,True,46,"[1, 16, 8, 10, 18]",6,0.10448343079922001,-521,108,9,0.21611435997400902,629,1
749,"(1,10)",,True,46,"[1, 16, 8, 10, 18]",6,0.10448343079922001,-521,108,9,0.21611435997400902,629,1
750,14:8,assassinate,True,43,"[5, 11, 14, 6, 0]",5,0.07553606237816701,-523,108,9,0.217089018843404,631,1
751,14:8,assassinate,True,43,"[5, 11, 14, 6, 0]",5,0.07553606237816701,-523,108,9,0.217089018843404,631,1
752,8:12,assassinate,True,38,"[9, 6, 7, 3, 8]",4,0.053313840155945,-525,108,9,0.23869395711500901,633,1
753,8:12,assassinate,True,38,"[9, 6, 7, 3, 8]",4,0.053313840155945,-525,108,9,0.23869395711500901,633,1
754,"(13,1)",,False,40,"[13, 16, 1, 12, 17]",5,0.041005291005291,-527,108,10,0.27479810637705304,635,1
755,"(13,1)",,False,40,"[13, 16, 1, 12, 17]",5,0.041005291005291,-527,108,10,0.27479810637705304,635,1
756,"(1,6)",,False,42,"[1, 6, 0, 5, 11]",6,0.062169312169312006,-529,108,11,0.275341130604288,637,1
757,"(1,6)",,False,42,"[1, 6, 0, 5, 11]",6,0.062169312169312006,-529,108,11,0.275341130604288,637,1
758,"(8,1)",,True,44,"[2, 8, 11, 1, 18]",6,0.062169312169312006,-531,108,12,0.367933723196881,639,1
759,"(8,1)",,True,44,"[2, 8, 11, 1, 18]",6,0.062169312169312006,-531,108,12,0.367933723196881,639,1
760,"(0,14)",,True,44,"[19, 0, 14, 4, 13]",6,0.062169312169312006,-533,108,12,0.367933723196881,641,1
761,"(0,14)",,True,44,"[19, 0, 14, 4, 13]",6,0.062169312169312006,-533,108,12,0.367933723196881,641,1
762,3:20,assassinate,True,33,"[11, 7, 4, 3, 12]",5,0.065009746588693,-535,108,10,0.32189733593242303,643,1
763,3:20,assassinate,True,33,"[11, 7, 4, 3, 12]",5,0.065009746588693,-535,108,10,0.32189733593242303,643,1
764,"(0,16)",,False,32,"[0, 8, 19, 12, 16]",4,0.022417153996101002,-537,108,9,0.25116959064327404,645,1
765,"(0,16)",,False,32,"[0, 8, 19, 12, 16]",4,0.022417153996101002,-537,108,9,0.25116959064327404,645,1
766,"(8,6)",,True,34,"[17, 8, 6, 11, 16]",5,0.12183235867446301,-539,108,9,0.339278752436647,647,1
767,"(8,6)",,True,34,"[17, 8, 6, 11, 16]",5,0.12183235867446301,-539,108,9,0.339278752436647,647,1
768,"(1,14)",,True,34,"[8, 1, 6, 14, 7]",5,0.195175438596491,-541,108,9,0.384788359788359,649,1
769,"(1,14)",,True,34,"[8, 1, 6, 14, 7]",5,0.195175438596491,-541,108,9,0.384788359788359,649,1
770,"(1,10)",,True,36,"[1, 16, 10, 17, 8]",5,0.127680311890838,-543,108,10,0.37709551656920004,651,1
771,"(1,10)",,True,36,"[1, 16, 10, 17, 8]",5,0.127680311890838,-543,108,10,0.37709551656920004,651,1
772,"(0,3)",,True,36,"[10, 0, 3, 14, 15]",4,0.022124756335282002,-545,108,10,0.329532163742689,653,1
773,"(0,3)",,True,36,"[10, 0, 3, 14, 15]",4,0.022124756335282002,-545,108,10,0.329532163742689,653,1
774,5:16,assassinate,True,29,"[6, 0, 2, 5, 12]",3,0.011890838206627001,-547,108,9,0.38313840155945406,655,1
775,5:16,assassinate,True,29,"[6, 0, 2, 5, 12]",3,0.011890838206627001,-547,108,9,0.38313840155945406,655,1
776,"(15,13)",,False,32,"[15, 13, 17, 8, 16]",5,0.069200779727095,-549,108,9,0.3135477582846,657,1
777,"(15,13)",,False,32,"[15, 13, 17, 8, 16]",5,0.069200779727095,-549,108,9,0.3135477582846,657,1
778,"(12,0)",,True,32,"[10, 12, 2, 0, 3]",4,0.040211640211640004,-551,108,9,0.292230576441102,659,1
779,"(12,0)",,True,32,"[10, 12, 2, 0, 3]",4,0.040211640211640004,-551,108,9,0.292230576441102,659,1
780,"(19,9)",,False,32,"[19, 7, 1, 9, 13]",4,0.04717348927875201,-553,108,9,0.303118908382066,661,1
781,"(19,9)",,False,32,"[19, 7, 1, 9, 13]",4,0.04717348927875201,-553,108,9,0.303118908382066,661,1
782,"(3,12)",,False,33,"[2, 15, 6, 3, 12]",5,0.07563352826510701,-555,108,9,0.325243664717348,663,1
783,"(3,12)",,False,33,"[2, 15, 6, 3, 12]",5,0.07563352826510701,-555,108,9,0.325243664717348,663,1
784,"(11,12)",,True,31,"[11, 2, 12, 9, 3]",5,0.096296296296296,-557,108,8,0.35974658869395704,665,1
785,"(11,12)",,True,31,"[11, 2, 12, 9, 3]",5,0.096296296296296,-557,108,8,0.35974658869395704,665,1
786,"(14,7)",,False,32,"[18, 19, 14, 12, 7]",5,0.063742690058479,-559,108,8,0.32563352826510705,667,1
787,"(14,7)",,False,32,"[18, 19, 14, 12, 7]",5,0.063742690058479,-559,108,8,0.32563352826510705,667,1
788,"(19,6)",,True,32,"[8, 19, 5, 11, 6]",6,0.184823169033695,-561,108,8,0.26712614870509604,669,1
789,"(19,6)",,True,32,"[8, 19, 5, 11, 6]",6,0.184823169033695,-561,108,8,0.26712614870509604,669,1
790,"(5,1)",,False,33,"[19, 5, 0, 10, 1]",6,0.242007797270955,-561,109,8,0.33333333333333304,670,1
791,"(5,1)",,False,33,"[19, 5, 0, 10, 1]",6,0.242007797270955,-561,109,8,0.33333333333333304,670,1
792,"(0,6)",,True,33,"[7, 0, 14, 6, 17]",6,0.19541910331384002,-563,109,8,0.43421052631578905,672,1
793,"(0,6)",,True,33,"[7, 0, 14, 6, 17]",6,0.19541910331384002,-563,109,8,0.43421052631578905,672,1
794,"(0,9)",,False,33,"[0, 19, 9, 4, 6]",6,0.19541910331384002,-565,109,8,0.43421052631578905,674,1
795,"(0,9)",,False,33,"[0, 19, 9, 4, 6]",6,0.19541910331384002,-565,109,8,0.43421052631578905,674,1
796,12:8,assassinate,True,30,"[5, 13, 16, 11, 12]",5,0.09539125591757101,-567,109,8,0.38213589529379005,676,1
797,12:8,assassinate,True,30,"[5, 13, 16, 11, 12]",5,0.09539125591757101,-567,109,8,0.38213589529379005,676,1
798,"(16,1)",,False,32,"[16, 5, 6, 8, 1]",6,0.130966304650515,-569,109,9,0.32073238652186004,678,1
799,"(16,1)",,False,32,"[16, 5, 6, 8, 1]",6,0.130966304650515,-569,109,9,0.32073238652186004,678,1
