,actionDetail,actionType,bonusActivated,graphEdgeCount,nodeList,p1Degree,p1Score,p1WinAdvantage,p1WinCount,p2Degree,p2Score,p2WinCount,player
0,"(10,16)",,True,2,"[10, 16, 8, 0, 17]",0,-0.001,0,0,0,-0.001,0,1
1,"(10,16)",,True,2,"[10, 16, 8, 0, 17]",0,-0.001,0,0,0,-0.001,0,1
2,"(10,1)",,True,4,"[10, 8, 6, 4, 1]",0,-0.001,-1,0,1,0.0,1,1
3,"(10,1)",,True,4,"[10, 8, 6, 4, 1]",0,-0.001,-1,0,1,0.0,1,1
4,"(10,11)",,True,6,"[10, 0, 11, 17, 5]",0,-0.001,-3,0,1,0.0,3,1
5,"(10,11)",,True,6,"[10, 0, 11, 17, 5]",0,-0.001,-3,0,1,0.0,3,1
6,"(15,5)",,True,8,"[15, 5, 12, 6, 17]",0,-0.001,-5,0,1,0.0,5,1
7,"(15,5)",,True,8,"[15, 5, 12, 6, 17]",0,-0.001,-5,0,1,0.0,5,1
8,"(5,1)",,True,10,"[5, 11, 1, 8, 3]",1,0.0,-6,0,2,0.122807017543859,6,1
9,"(5,1)",,True,10,"[5, 11, 1, 8, 3]",1,0.0,-6,0,2,0.122807017543859,6,1
10,"(8,10)",,True,10,"[8, 10, 14, 13, 7]",1,0.0,-8,0,2,0.122807017543859,8,1
11,"(8,10)",,True,10,"[8, 10, 14, 13, 7]",1,0.0,-8,0,2,0.122807017543859,8,1
12,"(6,16)",,True,12,"[6, 0, 2, 16, 4]",2,0.017543859649122,-10,0,2,0.105263157894736,10,1
13,"(6,16)",,True,12,"[6, 0, 2, 16, 4]",2,0.017543859649122,-10,0,2,0.105263157894736,10,1
14,11:4,assassinate,True,11,"[9, 2, 11, 4, 6]",1,0.0,-12,0,2,0.140350877192982,12,1
15,11:4,assassinate,True,11,"[9, 2, 11, 4, 6]",1,0.0,-12,0,2,0.140350877192982,12,1
16,16:8,assassinate,True,8,"[16, 8, 6, 13, 0]",1,0.0,-14,0,2,0.070175438596491,14,1
17,16:8,assassinate,True,8,"[16, 8, 6, 13, 0]",1,0.0,-14,0,2,0.070175438596491,14,1
18,"(8,13)",,True,10,"[8, 0, 13, 3, 11]",1,0.0,-16,0,2,0.11695906432748501,16,1
19,"(8,13)",,True,10,"[8, 0, 13, 3, 11]",1,0.0,-16,0,2,0.11695906432748501,16,1
20,"(6,8)",,True,12,"[6, 8, 9, 18, 14]",2,0.11695906432748501,-18,0,2,0.210526315789473,18,1
21,"(6,8)",,True,12,"[6, 8, 9, 18, 14]",2,0.11695906432748501,-18,0,2,0.210526315789473,18,1
22,"(1,6)",,True,14,"[1, 6, 8, 0, 10]",2,0.11695906432748501,-20,0,3,0.21637426900584703,20,1
23,"(1,6)",,True,14,"[1, 6, 8, 0, 10]",2,0.11695906432748501,-20,0,3,0.21637426900584703,20,1
24,5:8,assassinate,True,11,"[9, 5, 13, 8, 14]",1,0.0,-20,1,2,0.005847953216374001,21,1
25,5:8,assassinate,True,11,"[9, 5, 13, 8, 14]",1,0.0,-20,1,2,0.005847953216374001,21,1
26,"(10,8)",,True,11,"[0, 10, 8, 12, 6]",1,0.0,-22,1,2,0.046783625730994004,23,1
27,"(10,8)",,True,11,"[0, 10, 8, 12, 6]",1,0.0,-22,1,2,0.046783625730994004,23,1
28,12:4,assassinate,True,8,"[4, 11, 19, 12, 15]",0,-0.001,-24,1,2,0.023391812865497002,25,1
29,12:4,assassinate,True,8,"[4, 11, 19, 12, 15]",0,-0.001,-24,1,2,0.023391812865497002,25,1
30,"(3,1)",,True,8,"[10, 6, 3, 5, 1]",0,-0.001,-26,1,3,0.046783625730994004,27,1
31,"(3,1)",,True,8,"[10, 6, 3, 5, 1]",0,-0.001,-26,1,3,0.046783625730994004,27,1
32,"(4,6)",,True,8,"[3, 18, 0, 4, 6]",0,-0.001,-28,1,2,0.029239766081871003,29,1
33,"(4,6)",,True,8,"[3, 18, 0, 4, 6]",0,-0.001,-28,1,2,0.029239766081871003,29,1
34,"(1,14)",,True,10,"[1, 5, 14, 7, 2]",0,-0.001,-30,1,3,0.09941520467836201,31,1
35,"(1,14)",,True,10,"[1, 5, 14, 7, 2]",0,-0.001,-30,1,3,0.09941520467836201,31,1
36,"(1,7)",,True,10,"[2, 1, 7, 9, 15]",0,-0.001,-32,1,4,0.134502923976608,33,1
37,"(1,7)",,True,10,"[2, 1, 7, 9, 15]",0,-0.001,-32,1,4,0.134502923976608,33,1
38,"(15,7)",,True,10,"[18, 12, 15, 13, 7]",0,-0.001,-34,1,3,0.09941520467836201,35,1
39,"(15,7)",,True,10,"[18, 12, 15, 13, 7]",0,-0.001,-34,1,3,0.09941520467836201,35,1
40,"(1,9)",,True,12,"[11, 17, 1, 16, 9]",1,0.0,-36,1,4,0.19298245614035,37,1
41,"(1,9)",,True,12,"[11, 17, 1, 16, 9]",1,0.0,-36,1,4,0.19298245614035,37,1
42,"(12,15)",,True,14,"[12, 15, 4, 17, 16]",1,0.0,-38,1,4,0.18128654970760202,39,1
43,"(12,15)",,True,14,"[12, 15, 4, 17, 16]",1,0.0,-38,1,4,0.18128654970760202,39,1
44,"(13,1)",,True,16,"[9, 10, 12, 13, 1]",1,0.0,-40,1,5,0.286549707602339,41,1
45,"(13,1)",,True,16,"[9, 10, 12, 13, 1]",1,0.0,-40,1,5,0.286549707602339,41,1
46,11:4,assassinate,True,15,"[3, 14, 11, 2, 12]",1,0.0,-42,1,5,0.251461988304093,43,1
47,11:4,assassinate,True,15,"[3, 14, 11, 2, 12]",1,0.0,-42,1,5,0.251461988304093,43,1
48,"(14,5)",,True,15,"[8, 14, 4, 5, 18]",1,0.0,-44,1,5,0.228070175438596,45,1
49,"(14,5)",,True,15,"[8, 14, 4, 5, 18]",1,0.0,-44,1,5,0.228070175438596,45,1
50,"(16,13)",,True,17,"[4, 16, 12, 13, 15]",1,0.0,-46,1,5,0.212475633528265,47,1
51,"(16,13)",,True,17,"[4, 16, 12, 13, 15]",1,0.0,-46,1,5,0.212475633528265,47,1
52,"(19,1)",,True,19,"[17, 19, 9, 10, 1]",2,0.020467836257309,-48,1,6,0.335282651072124,49,1
53,"(19,1)",,True,19,"[17, 19, 9, 10, 1]",2,0.020467836257309,-48,1,6,0.335282651072124,49,1
54,"(19,17)",,True,21,"[0, 15, 3, 19, 17]",2,0.023391812865497002,-50,1,6,0.341130604288499,51,1
55,"(19,17)",,True,21,"[0, 15, 3, 19, 17]",2,0.023391812865497002,-50,1,6,0.341130604288499,51,1
56,"(9,2)",,True,23,"[9, 19, 16, 2, 8]",3,0.09990253411306001,-52,1,6,0.30263157894736803,53,1
57,"(9,2)",,True,23,"[9, 19, 16, 2, 8]",3,0.09990253411306001,-52,1,6,0.30263157894736803,53,1
58,"(19,0)",,True,23,"[4, 19, 0, 6, 10]",2,0.041423001949317,-54,1,6,0.321150097465886,55,1
59,"(19,0)",,True,23,"[4, 19, 0, 6, 10]",2,0.041423001949317,-54,1,6,0.321150097465886,55,1
60,"(14,16)",,True,23,"[14, 13, 16, 18, 9]",2,0.035575048732943,-56,1,6,0.38060428849902506,57,1
61,"(14,16)",,True,23,"[14, 13, 16, 18, 9]",2,0.035575048732943,-56,1,6,0.38060428849902506,57,1
62,"(15,0)",,True,23,"[10, 12, 15, 0, 7]",1,0.0,-58,1,6,0.318713450292397,59,1
63,"(15,0)",,True,23,"[10, 12, 15, 0, 7]",1,0.0,-58,1,6,0.318713450292397,59,1
64,"(12,17)",,True,23,"[8, 12, 17, 14, 7]",1,0.0,-60,1,6,0.33918128654970703,61,1
65,"(12,17)",,True,23,"[8, 12, 17, 14, 7]",1,0.0,-60,1,6,0.33918128654970703,61,1
66,"(11,2)",,True,25,"[7, 15, 11, 2, 12]",1,0.0,-62,1,6,0.304093567251461,63,1
67,"(11,2)",,True,25,"[7, 15, 11, 2, 12]",1,0.0,-62,1,6,0.304093567251461,63,1
68,"(18,1)",,True,27,"[4, 18, 13, 10, 1]",1,0.0,-64,1,7,0.318713450292397,65,1
69,"(18,1)",,True,27,"[4, 18, 13, 10, 1]",1,0.0,-64,1,7,0.318713450292397,65,1
70,"(15,19)",,True,27,"[14, 15, 19, 2, 12]",1,0.0,-66,1,6,0.383040935672514,67,1
71,"(15,19)",,True,27,"[14, 15, 19, 2, 12]",1,0.0,-66,1,6,0.383040935672514,67,1
72,"(8,6)",,True,25,"[8, 6, 15, 17, 2]",1,0.0,-68,1,6,0.34015594541910305,69,1
73,"(8,6)",,True,25,"[8, 6, 15, 17, 2]",1,0.0,-68,1,6,0.34015594541910305,69,1
74,7:4,assassinate,True,24,"[7, 17, 0, 6, 5]",1,0.0,-70,1,6,0.31384015594541903,71,1
75,7:4,assassinate,True,24,"[7, 17, 0, 6, 5]",1,0.0,-70,1,6,0.31384015594541903,71,1
76,12:6,assassinate,True,22,"[18, 14, 19, 12, 6]",1,0.0,-72,1,6,0.35575048732943404,73,1
77,12:6,assassinate,True,22,"[18, 14, 19, 12, 6]",1,0.0,-72,1,6,0.35575048732943404,73,1
78,"(1,11)",,True,24,"[9, 6, 0, 1, 11]",1,0.0,-74,1,7,0.318226120857699,75,1
79,"(1,11)",,True,24,"[9, 6, 0, 1, 11]",1,0.0,-74,1,7,0.318226120857699,75,1
80,"(1,5)",,True,26,"[1, 6, 15, 5, 2]",1,0.0,-76,1,8,0.34132553606237803,77,1
81,"(1,5)",,True,26,"[1, 6, 15, 5, 2]",1,0.0,-76,1,8,0.34132553606237803,77,1
82,"(16,1)",,True,28,"[11, 16, 2, 18, 1]",2,0.024756335282651,-78,1,9,0.39844054580896604,79,1
83,"(16,1)",,True,28,"[11, 16, 2, 18, 1]",2,0.024756335282651,-78,1,9,0.39844054580896604,79,1
84,"(7,10)",,True,30,"[0, 2, 4, 7, 10]",2,0.022417153996101002,-80,1,9,0.42407407407407405,81,1
85,"(7,10)",,True,30,"[0, 2, 4, 7, 10]",2,0.022417153996101002,-80,1,9,0.42407407407407405,81,1
86,"(13,12)",,True,32,"[19, 13, 12, 7, 0]",3,0.043859649122807,-82,1,9,0.47621832358674404,83,1
87,"(13,12)",,True,32,"[19, 13, 12, 7, 0]",3,0.043859649122807,-82,1,9,0.47621832358674404,83,1
88,"(3,1)",,True,34,"[9, 5, 18, 3, 1]",4,0.077684953123549,-84,1,10,0.48863826232247204,85,1
89,"(3,1)",,True,34,"[9, 5, 18, 3, 1]",4,0.077684953123549,-84,1,10,0.48863826232247204,85,1
90,2:10,assassinate,True,30,"[14, 7, 16, 0, 2]",4,0.07878492527615301,-86,1,10,0.505068226120857,87,1
91,2:10,assassinate,True,30,"[14, 7, 16, 0, 2]",4,0.07878492527615301,-86,1,10,0.505068226120857,87,1
92,"(3,11)",,True,30,"[10, 13, 3, 11, 18]",5,0.12264457439896001,-88,1,10,0.48479532163742606,89,1
93,"(3,11)",,True,30,"[10, 13, 3, 11, 18]",5,0.12264457439896001,-88,1,10,0.48479532163742606,89,1
94,"(7,0)",,True,30,"[12, 6, 7, 0, 16]",4,0.07878492527615301,-90,1,10,0.505068226120857,91,1
95,"(7,0)",,True,30,"[12, 6, 7, 0, 16]",4,0.07878492527615301,-90,1,10,0.505068226120857,91,1
96,"(0,3)",,True,30,"[0, 10, 9, 3, 14]",4,0.07794486215538801,-92,1,10,0.5265942634363681,93,1
97,"(0,3)",,True,30,"[0, 10, 9, 3, 14]",4,0.07794486215538801,-92,1,10,0.5265942634363681,93,1
98,8:4,assassinate,True,27,"[9, 10, 16, 18, 8]",3,0.027777777777777003,-94,1,9,0.40925925925925905,95,1
99,8:4,assassinate,True,27,"[9, 10, 16, 18, 8]",3,0.027777777777777003,-94,1,9,0.40925925925925905,95,1
100,"(15,3)",,True,27,"[4, 16, 15, 3, 5]",3,0.029727095516569,-96,1,9,0.39487607908660505,97,1
101,"(15,3)",,True,27,"[4, 16, 15, 3, 5]",3,0.029727095516569,-96,1,9,0.39487607908660505,97,1
102,"(14,5)",,True,27,"[14, 5, 8, 17, 11]",3,0.024366471734892002,-98,1,9,0.41715399610136406,99,1
103,"(14,5)",,True,27,"[14, 5, 8, 17, 11]",3,0.024366471734892002,-98,1,9,0.41715399610136406,99,1
104,"(8,9)",,True,27,"[4, 8, 9, 2, 19]",3,0.057115009746588,-100,1,8,0.45672514619883003,101,1
105,"(8,9)",,True,27,"[4, 8, 9, 2, 19]",3,0.057115009746588,-100,1,8,0.45672514619883003,101,1
106,9:10,assassinate,True,23,"[8, 0, 4, 9, 16]",3,0.049317738791423,-102,1,7,0.31637426900584803,103,1
107,9:10,assassinate,True,23,"[8, 0, 4, 9, 16]",3,0.049317738791423,-102,1,7,0.31637426900584803,103,1
108,"(7,11)",,True,25,"[7, 11, 14, 2, 12]",3,0.049317738791423,-104,1,7,0.287134502923976,105,1
109,"(7,11)",,True,25,"[7, 11, 14, 2, 12]",3,0.049317738791423,-104,1,7,0.287134502923976,105,1
110,"(12,5)",,True,27,"[7, 12, 5, 3, 15]",3,0.011695906432748001,-106,1,7,0.255360623781676,107,1
111,"(12,5)",,True,27,"[7, 12, 5, 3, 15]",3,0.011695906432748001,-106,1,7,0.255360623781676,107,1
112,"(12,0)",,True,27,"[7, 12, 10, 0, 15]",2,0.0029239766081870003,-108,1,7,0.17953216374269002,109,1
113,"(12,0)",,True,27,"[7, 12, 10, 0, 15]",2,0.0029239766081870003,-108,1,7,0.17953216374269002,109,1
114,13:6,assassinate,True,25,"[11, 7, 5, 13, 0]",2,0.005847953216374001,-110,1,7,0.197855750487329,111,1
115,13:6,assassinate,True,25,"[11, 7, 5, 13, 0]",2,0.005847953216374001,-110,1,7,0.197855750487329,111,1
116,17:8,assassinate,True,20,"[7, 17, 4, 18, 12]",2,0.015594541910331002,-112,1,6,0.21442495126705602,113,1
117,17:8,assassinate,True,20,"[7, 17, 4, 18, 12]",2,0.015594541910331002,-112,1,6,0.21442495126705602,113,1
118,"(3,17)",,True,22,"[12, 3, 17, 15, 0]",3,0.10331384015594501,-114,1,6,0.29239766081871305,115,1
119,"(3,17)",,True,22,"[12, 3, 17, 15, 0]",3,0.10331384015594501,-114,1,6,0.29239766081871305,115,1
120,6:12,assassinate,True,17,"[6, 19, 15, 10, 3]",2,0.07602339181286501,-116,1,5,0.33333333333333304,117,1
121,6:12,assassinate,True,17,"[6, 19, 15, 10, 3]",2,0.07602339181286501,-116,1,5,0.33333333333333304,117,1
122,"(4,18)",,True,19,"[4, 18, 13, 17, 15]",3,0.09941520467836201,-118,1,5,0.29532163742690004,119,1
123,"(4,18)",,True,19,"[4, 18, 13, 17, 15]",3,0.09941520467836201,-118,1,5,0.29532163742690004,119,1
124,"(2,12)",,True,21,"[15, 2, 14, 12, 10]",3,0.11111111111111101,-120,1,5,0.30116959064327403,121,1
125,"(2,12)",,True,21,"[15, 2, 14, 12, 10]",3,0.11111111111111101,-120,1,5,0.30116959064327403,121,1
126,"(9,1)",,True,23,"[7, 4, 12, 9, 1]",3,0.05653021442495101,-122,1,6,0.42007797270955105,123,1
127,"(9,1)",,True,23,"[7, 4, 12, 9, 1]",3,0.05653021442495101,-122,1,6,0.42007797270955105,123,1
128,"(1,14)",,True,25,"[1, 9, 15, 14, 19]",3,0.07309941520467801,-124,1,7,0.39083820662768004,125,1
129,"(1,14)",,True,25,"[1, 9, 15, 14, 19]",3,0.07309941520467801,-124,1,7,0.39083820662768004,125,1
130,"(18,1)",,True,25,"[4, 18, 10, 1, 13]",3,0.06335282651072101,-126,1,7,0.380116959064327,127,1
131,"(18,1)",,True,25,"[4, 18, 10, 1, 13]",3,0.06335282651072101,-126,1,7,0.380116959064327,127,1
132,3:8,assassinate,True,22,"[3, 8, 10, 4, 9]",3,0.067251461988304,-128,1,7,0.389863547758284,129,1
133,3:8,assassinate,True,22,"[3, 8, 10, 4, 9]",3,0.067251461988304,-128,1,7,0.389863547758284,129,1
134,"(11,1)",,True,24,"[15, 17, 11, 0, 1]",3,0.047758284600389,-130,1,8,0.36257309941520405,131,1
135,"(11,1)",,True,24,"[15, 17, 11, 0, 1]",3,0.047758284600389,-130,1,8,0.36257309941520405,131,1
136,3:2,assassinate,True,24,"[10, 6, 2, 3, 15]",3,0.047758284600389,-132,1,8,0.36257309941520405,133,1
137,3:2,assassinate,True,24,"[10, 6, 2, 3, 15]",3,0.047758284600389,-132,1,8,0.36257309941520405,133,1
138,"(8,1)",,True,24,"[8, 19, 12, 1, 10]",3,0.047758284600389,-134,1,9,0.39668615984405403,135,1
139,"(8,1)",,True,24,"[8, 19, 12, 1, 10]",3,0.047758284600389,-134,1,9,0.39668615984405403,135,1
140,"(3,1)",,True,24,"[18, 14, 3, 4, 1]",3,0.070175438596491,-136,1,10,0.453216374269005,137,1
141,"(3,1)",,True,24,"[18, 14, 3, 4, 1]",3,0.070175438596491,-136,1,10,0.453216374269005,137,1
142,"(6,14)",,True,26,"[6, 2, 14, 10, 19]",3,0.06432748538011601,-138,1,10,0.468810916179337,139,1
143,"(6,14)",,True,26,"[6, 2, 14, 10, 19]",3,0.06432748538011601,-138,1,10,0.468810916179337,139,1
144,"(9,0)",,True,24,"[1, 9, 0, 14, 16]",2,0.017543859649122,-140,1,9,0.43274853801169505,141,1
145,"(9,0)",,True,24,"[1, 9, 0, 14, 16]",2,0.017543859649122,-140,1,9,0.43274853801169505,141,1
146,"(6,3)",,True,26,"[0, 4, 14, 6, 3]",2,0.017543859649122,-142,1,9,0.401559454191033,143,1
147,"(6,3)",,True,26,"[0, 4, 14, 6, 3]",2,0.017543859649122,-142,1,9,0.401559454191033,143,1
148,"(13,8)",,True,28,"[4, 0, 13, 12, 8]",2,0.017543859649122,-144,1,9,0.36257309941520405,145,1
149,"(13,8)",,True,28,"[4, 0, 13, 12, 8]",2,0.017543859649122,-144,1,9,0.36257309941520405,145,1
150,"(5,0)",,True,26,"[14, 12, 15, 5, 0]",1,0.0,-146,1,8,0.26998050682261204,147,1
151,"(5,0)",,True,26,"[14, 12, 15, 5, 0]",1,0.0,-146,1,8,0.26998050682261204,147,1
152,"(15,7)",,True,28,"[15, 8, 17, 7, 3]",2,0.0,-148,1,8,0.27582846003898603,149,1
153,"(15,7)",,True,28,"[15, 8, 17, 7, 3]",2,0.0,-148,1,8,0.27582846003898603,149,1
154,7:12,assassinate,True,23,"[1, 7, 14, 11, 8]",2,0.08187134502923901,-150,1,8,0.39181286549707606,151,1
155,7:12,assassinate,True,23,"[1, 7, 14, 11, 8]",2,0.08187134502923901,-150,1,8,0.39181286549707606,151,1
156,"(18,8)",,True,23,"[14, 16, 18, 10, 8]",2,0.08187134502923901,-152,1,8,0.385964912280701,153,1
157,"(18,8)",,True,23,"[14, 16, 18, 10, 8]",2,0.08187134502923901,-152,1,8,0.385964912280701,153,1
158,"(5,1)",,True,25,"[5, 11, 1, 17, 16]",2,0.087719298245614,-154,1,9,0.39766081871345005,155,1
159,"(5,1)",,True,25,"[5, 11, 1, 17, 16]",2,0.087719298245614,-154,1,9,0.39766081871345005,155,1
160,"(15,3)",,True,27,"[13, 9, 15, 18, 3]",2,0.0,-156,1,9,0.508771929824561,157,1
161,"(15,3)",,True,27,"[13, 9, 15, 18, 3]",2,0.0,-156,1,9,0.508771929824561,157,1
162,"(5,7)",,True,29,"[11, 5, 0, 7, 8]",2,0.0,-158,1,9,0.518518518518518,159,1
163,"(5,7)",,True,29,"[11, 5, 0, 7, 8]",2,0.0,-158,1,9,0.518518518518518,159,1
164,"(14,3)",,True,31,"[1, 14, 5, 3, 18]",2,0.0,-160,1,9,0.46393762183235804,161,1
165,"(14,3)",,True,31,"[1, 14, 5, 3, 18]",2,0.0,-160,1,9,0.46393762183235804,161,1
166,"(10,17)",,True,29,"[18, 10, 17, 4, 6]",2,0.0,-162,1,8,0.508284600389863,163,1
167,"(10,17)",,True,29,"[18, 10, 17, 4, 6]",2,0.0,-162,1,8,0.508284600389863,163,1
168,"(16,3)",,True,27,"[16, 1, 9, 12, 3]",2,0.0,-164,1,8,0.42007797270955105,165,1
169,"(16,3)",,True,27,"[16, 1, 9, 12, 3]",2,0.0,-164,1,8,0.42007797270955105,165,1
170,"(2,19)",,True,27,"[14, 7, 2, 9, 19]",2,0.0,-166,1,8,0.376608187134502,167,1
171,"(2,19)",,True,27,"[14, 7, 2, 9, 19]",2,0.0,-166,1,8,0.376608187134502,167,1
172,"(13,3)",,True,29,"[7, 15, 19, 13, 3]",2,0.0,-168,1,8,0.34746588693957103,169,1
173,"(13,3)",,True,29,"[7, 15, 19, 13, 3]",2,0.0,-168,1,8,0.34746588693957103,169,1
174,10:14,assassinate,True,23,"[3, 1, 12, 0, 10]",2,0.0,-170,1,7,0.37037037037037,171,1
175,10:14,assassinate,True,23,"[3, 1, 12, 0, 10]",2,0.0,-170,1,7,0.37037037037037,171,1
176,"(17,19)",,True,25,"[3, 17, 0, 19, 11]",2,0.0,-172,1,7,0.421052631578947,173,1
177,"(17,19)",,True,25,"[3, 17, 0, 19, 11]",2,0.0,-172,1,7,0.421052631578947,173,1
178,"(9,17)",,True,25,"[10, 2, 9, 17, 5]",2,0.0,-174,1,7,0.41715399610136406,175,1
179,"(9,17)",,True,25,"[10, 2, 9, 17, 5]",2,0.0,-174,1,7,0.41715399610136406,175,1
180,"(11,16)",,True,27,"[6, 0, 11, 14, 16]",3,0.08674463937621801,-176,1,7,0.41325536062378104,177,1
181,"(11,16)",,True,27,"[6, 0, 11, 14, 16]",3,0.08674463937621801,-176,1,7,0.41325536062378104,177,1
182,15:6,assassinate,True,25,"[8, 2, 15, 17, 7]",3,0.06432748538011601,-178,1,7,0.45906432748538,179,1
183,15:6,assassinate,True,25,"[8, 2, 15, 17, 7]",3,0.06432748538011601,-178,1,7,0.45906432748538,179,1
184,"(16,15)",,True,25,"[16, 2, 18, 7, 15]",3,0.06432748538011601,-180,1,7,0.45906432748538,181,1
185,"(16,15)",,True,25,"[16, 2, 18, 7, 15]",3,0.06432748538011601,-180,1,7,0.45906432748538,181,1
186,17:8,assassinate,True,22,"[17, 18, 16, 2, 15]",2,0.0,-182,1,7,0.402534113060428,183,1
187,17:8,assassinate,True,22,"[17, 18, 16, 2, 15]",2,0.0,-182,1,7,0.402534113060428,183,1
188,"(12,0)",,True,22,"[2, 18, 3, 12, 0]",2,0.0,-184,1,7,0.402534113060428,185,1
189,"(12,0)",,True,22,"[2, 18, 3, 12, 0]",2,0.0,-184,1,7,0.402534113060428,185,1
190,"(12,17)",,True,24,"[0, 12, 17, 14, 11]",2,0.0,-186,1,7,0.45808966861598405,187,1
191,"(12,17)",,True,24,"[0, 12, 17, 14, 11]",2,0.0,-186,1,7,0.45808966861598405,187,1
192,"(17,16)",,True,26,"[15, 17, 0, 16, 6]",2,0.0,-188,1,7,0.317251461988304,189,1
193,"(17,16)",,True,26,"[15, 17, 0, 16, 6]",2,0.0,-188,1,7,0.317251461988304,189,1
194,3:14,assassinate,True,20,"[8, 19, 3, 7, 12]",2,0.087719298245614,-190,1,6,0.516569200779727,191,1
195,3:14,assassinate,True,20,"[8, 19, 3, 7, 12]",2,0.087719298245614,-190,1,6,0.516569200779727,191,1
196,"(4,14)",,True,22,"[18, 15, 4, 0, 14]",2,0.09356725146198801,-192,1,6,0.530214424951267,193,1
197,"(4,14)",,True,22,"[18, 15, 4, 0, 14]",2,0.09356725146198801,-192,1,6,0.530214424951267,193,1
198,17:6,assassinate,True,20,"[18, 1, 0, 9, 17]",2,0.087719298245614,-194,1,6,0.49902534113060404,195,1
199,17:6,assassinate,True,20,"[18, 1, 0, 9, 17]",2,0.087719298245614,-194,1,6,0.49902534113060404,195,1
200,"(5,10)",,True,20,"[5, 7, 10, 8, 4]",2,0.087719298245614,-196,1,6,0.507797270955165,197,1
201,"(5,10)",,True,20,"[5, 7, 10, 8, 4]",2,0.087719298245614,-196,1,6,0.507797270955165,197,1
202,13:6,assassinate,True,18,"[14, 13, 1, 5, 18]",2,0.08187134502923901,-198,1,6,0.478557504873294,199,1
203,13:6,assassinate,True,18,"[14, 13, 1, 5, 18]",2,0.08187134502923901,-198,1,6,0.478557504873294,199,1
204,"(4,16)",,True,20,"[6, 18, 10, 4, 16]",2,0.087719298245614,-200,1,6,0.501949317738791,201,1
205,"(4,16)",,True,20,"[6, 18, 10, 4, 16]",2,0.087719298245614,-200,1,6,0.501949317738791,201,1
206,"(13,16)",,True,22,"[13, 7, 18, 9, 16]",2,0.09356725146198801,-202,1,6,0.515594541910331,203,1
207,"(13,16)",,True,22,"[13, 7, 18, 9, 16]",2,0.09356725146198801,-202,1,6,0.515594541910331,203,1
208,"(0,5)",,True,20,"[0, 7, 5, 8, 14]",1,0.0,-204,1,5,0.402534113060428,205,1
209,"(0,5)",,True,20,"[0, 7, 5, 8, 14]",1,0.0,-204,1,5,0.402534113060428,205,1
210,"(1,11)",,True,22,"[1, 11, 2, 5, 4]",1,0.0,-206,1,6,0.495126705653021,207,1
211,"(1,11)",,True,22,"[1, 11, 2, 5, 4]",1,0.0,-206,1,6,0.495126705653021,207,1
212,"(12,1)",,True,22,"[12, 1, 16, 5, 0]",1,0.0,-208,1,7,0.546783625730994,209,1
213,"(12,1)",,True,22,"[12, 1, 16, 5, 0]",1,0.0,-208,1,7,0.546783625730994,209,1
214,"(11,17)",,True,24,"[8, 11, 17, 5, 9]",1,0.0,-210,1,7,0.47076023391812805,211,1
215,"(11,17)",,True,24,"[8, 11, 17, 5, 9]",1,0.0,-210,1,7,0.47076023391812805,211,1
216,9:6,assassinate,True,22,"[17, 16, 9, 8, 4]",2,0.029239766081871003,-212,1,6,0.376218323586744,213,1
217,9:6,assassinate,True,22,"[17, 16, 9, 8, 4]",2,0.029239766081871003,-212,1,6,0.376218323586744,213,1
218,"(9,12)",,True,24,"[16, 5, 11, 9, 12]",2,0.029239766081871003,-214,1,6,0.44249512670565205,215,1
219,"(9,12)",,True,24,"[16, 5, 11, 9, 12]",2,0.029239766081871003,-214,1,6,0.44249512670565205,215,1
220,"(1,2)",,True,24,"[3, 12, 1, 2, 5]",2,0.029239766081871003,-216,1,6,0.44249512670565205,217,1
221,"(1,2)",,True,24,"[3, 12, 1, 2, 5]",2,0.029239766081871003,-216,1,6,0.44249512670565205,217,1
222,"(5,14)",,True,26,"[5, 8, 15, 4, 14]",2,0.029239766081871003,-218,1,6,0.357699805068226,219,1
223,"(5,14)",,True,26,"[5, 8, 15, 4, 14]",2,0.029239766081871003,-218,1,6,0.357699805068226,219,1
224,"(13,1)",,True,26,"[13, 11, 10, 2, 1]",2,0.029239766081871003,-220,1,6,0.367446393762183,221,1
225,"(13,1)",,True,26,"[13, 11, 10, 2, 1]",2,0.029239766081871003,-220,1,6,0.367446393762183,221,1
226,"(6,3)",,True,28,"[6, 8, 0, 3, 10]",3,0.066276803118908,-222,1,6,0.373294346978557,223,1
227,"(6,3)",,True,28,"[6, 8, 0, 3, 10]",3,0.066276803118908,-222,1,6,0.373294346978557,223,1
228,"(6,0)",,True,28,"[6, 0, 2, 13, 3]",3,0.066276803118908,-224,1,6,0.373294346978557,225,1
229,"(6,0)",,True,28,"[6, 0, 2, 13, 3]",3,0.066276803118908,-224,1,6,0.373294346978557,225,1
230,"(1,4)",,True,30,"[2, 13, 1, 4, 15]",4,0.137426900584795,-226,1,7,0.412768031189083,227,1
231,"(1,4)",,True,30,"[2, 13, 1, 4, 15]",4,0.137426900584795,-226,1,7,0.412768031189083,227,1
232,18:16,assassinate,True,23,"[8, 13, 18, 19, 17]",3,0.067251461988304,-228,1,6,0.564327485380116,229,1
233,18:16,assassinate,True,23,"[8, 13, 18, 19, 17]",3,0.067251461988304,-228,1,6,0.564327485380116,229,1
234,"(6,1)",,True,25,"[14, 17, 19, 6, 1]",3,0.024853801169590004,-230,1,7,0.488304093567251,231,1
235,"(6,1)",,True,25,"[14, 17, 19, 6, 1]",3,0.024853801169590004,-230,1,7,0.488304093567251,231,1
236,16:12,assassinate,True,20,"[1, 16, 12, 3, 2]",3,0.023391812865497002,-232,1,7,0.573099415204678,233,1
237,16:12,assassinate,True,20,"[1, 16, 12, 3, 2]",3,0.023391812865497002,-232,1,7,0.573099415204678,233,1
238,"(7,9)",,True,22,"[15, 7, 4, 9, 6]",3,0.023391812865497002,-234,1,7,0.524366471734892,235,1
239,"(7,9)",,True,22,"[15, 7, 4, 9, 6]",3,0.023391812865497002,-234,1,7,0.524366471734892,235,1
240,"(10,12)",,True,24,"[13, 10, 12, 0, 8]",4,0.10818713450292301,-236,1,7,0.443469785575048,237,1
241,"(10,12)",,True,24,"[13, 10, 12, 0, 8]",4,0.10818713450292301,-236,1,7,0.443469785575048,237,1
242,5:10,assassinate,True,20,"[5, 17, 14, 15, 8]",3,0.023391812865497002,-238,1,7,0.5204678362573091,239,1
243,5:10,assassinate,True,20,"[5, 17, 14, 15, 8]",3,0.023391812865497002,-238,1,7,0.5204678362573091,239,1
244,3:4,assassinate,True,19,"[8, 10, 6, 12, 3]",2,0.0,-240,1,7,0.42690058479532106,241,1
245,3:4,assassinate,True,19,"[8, 10, 6, 12, 3]",2,0.0,-240,1,7,0.42690058479532106,241,1
246,"(3,13)",,True,19,"[7, 19, 3, 10, 13]",2,0.0,-242,1,7,0.43274853801169505,243,1
247,"(3,13)",,True,19,"[7, 19, 3, 10, 13]",2,0.0,-242,1,7,0.43274853801169505,243,1
248,"(14,5)",,True,21,"[11, 14, 19, 5, 7]",3,0.035087719298245,-244,1,7,0.46198830409356706,245,1
249,"(14,5)",,True,21,"[11, 14, 19, 5, 7]",3,0.035087719298245,-244,1,7,0.46198830409356706,245,1
250,"(2,16)",,True,23,"[13, 2, 16, 3, 11]",3,0.035087719298245,-246,1,7,0.46393762183235804,247,1
251,"(2,16)",,True,23,"[13, 2, 16, 3, 11]",3,0.035087719298245,-246,1,7,0.46393762183235804,247,1
252,"(9,19)",,True,25,"[9, 19, 14, 2, 5]",3,0.035087719298245,-248,1,7,0.423976608187134,249,1
253,"(9,19)",,True,25,"[9, 19, 14, 2, 5]",3,0.035087719298245,-248,1,7,0.423976608187134,249,1
254,"(6,5)",,True,27,"[13, 2, 4, 6, 5]",4,0.134502923976608,-250,1,7,0.456140350877192,251,1
255,"(6,5)",,True,27,"[13, 2, 4, 6, 5]",4,0.134502923976608,-250,1,7,0.456140350877192,251,1
256,"(3,1)",,True,27,"[3, 10, 11, 13, 1]",4,0.11695906432748501,-252,1,8,0.491228070175438,253,1
257,"(3,1)",,True,27,"[3, 10, 11, 13, 1]",4,0.11695906432748501,-252,1,8,0.491228070175438,253,1
258,"(1,8)",,True,29,"[0, 1, 8, 15, 19]",4,0.038011695906432004,-254,1,9,0.491228070175438,255,1
259,"(1,8)",,True,29,"[0, 1, 8, 15, 19]",4,0.038011695906432004,-254,1,9,0.491228070175438,255,1
260,"(18,10)",,True,31,"[18, 15, 10, 2, 11]",5,0.079678362573099,-256,1,9,0.533138401559454,257,1
261,"(18,10)",,True,31,"[18, 15, 10, 2, 11]",5,0.079678362573099,-256,1,9,0.533138401559454,257,1
262,"(6,15)",,True,33,"[12, 6, 4, 0, 15]",6,0.11661793372319601,-258,1,9,0.495976051239209,259,1
263,"(6,15)",,True,33,"[12, 6, 4, 0, 15]",6,0.11661793372319601,-258,1,9,0.495976051239209,259,1
264,"(13,16)",,True,33,"[4, 3, 15, 13, 16]",6,0.10925925925925901,-260,1,9,0.421588693957114,261,1
265,"(13,16)",,True,33,"[4, 3, 15, 13, 16]",6,0.10925925925925901,-260,1,9,0.421588693957114,261,1
266,"(14,2)",,True,31,"[15, 1, 14, 2, 11]",6,0.178473962684488,-262,1,8,0.416304650515176,263,1
267,"(14,2)",,True,31,"[15, 1, 14, 2, 11]",6,0.178473962684488,-262,1,8,0.416304650515176,263,1
268,8:2,assassinate,True,29,"[8, 2, 14, 11, 17]",5,0.11345029239766001,-264,1,7,0.35614035087719303,265,1
269,8:2,assassinate,True,29,"[8, 2, 14, 11, 17]",5,0.11345029239766001,-264,1,7,0.35614035087719303,265,1
270,7:10,assassinate,True,25,"[7, 1, 16, 5, 10]",4,0.076510721247563,-266,1,7,0.398635477582845,267,1
271,7:10,assassinate,True,25,"[7, 1, 16, 5, 10]",4,0.076510721247563,-266,1,7,0.398635477582845,267,1
272,13:4,assassinate,True,24,"[17, 12, 3, 9, 13]",3,0.016081871345029003,-268,1,7,0.321637426900584,269,1
273,13:4,assassinate,True,24,"[17, 12, 3, 9, 13]",3,0.016081871345029003,-268,1,7,0.321637426900584,269,1
274,5:8,assassinate,True,19,"[14, 2, 5, 17, 4]",2,0.0,-270,1,7,0.309941520467836,271,1
275,5:8,assassinate,True,19,"[14, 2, 5, 17, 4]",2,0.0,-270,1,7,0.309941520467836,271,1
276,"(5,6)",,True,21,"[15, 5, 18, 6, 0]",2,0.0,-272,1,7,0.27485380116959,273,1
277,"(5,6)",,True,21,"[15, 5, 18, 6, 0]",2,0.0,-272,1,7,0.27485380116959,273,1
278,"(8,11)",,True,21,"[5, 15, 8, 17, 11]",2,0.0,-274,1,6,0.24658869395711502,275,1
279,"(8,11)",,True,21,"[5, 15, 8, 17, 11]",2,0.0,-274,1,6,0.24658869395711502,275,1
280,"(1,7)",,True,23,"[1, 6, 19, 7, 16]",3,0.061403508771929,-276,1,7,0.31091617933723104,277,1
281,"(1,7)",,True,23,"[1, 6, 19, 7, 16]",3,0.061403508771929,-276,1,7,0.31091617933723104,277,1
282,"(10,3)",,True,23,"[19, 10, 17, 3, 4]",3,0.08187134502923901,-278,1,6,0.31481481481481405,279,1
283,"(10,3)",,True,23,"[19, 10, 17, 3, 4]",3,0.08187134502923901,-278,1,6,0.31481481481481405,279,1
284,"(1,9)",,True,25,"[1, 0, 16, 9, 11]",4,0.12290448343079902,-280,1,7,0.37992202729044805,281,1
285,"(1,9)",,True,25,"[1, 0, 16, 9, 11]",4,0.12290448343079902,-280,1,7,0.37992202729044805,281,1
286,"(9,2)",,True,27,"[3, 7, 8, 9, 2]",4,0.10233918128654901,-282,1,7,0.32358674463937603,283,1
287,"(9,2)",,True,27,"[3, 7, 8, 9, 2]",4,0.10233918128654901,-282,1,7,0.32358674463937603,283,1
288,"(3,10)",,True,27,"[2, 3, 12, 10, 0]",4,0.109161793372319,-284,1,7,0.32456140350877105,285,1
289,"(3,10)",,True,27,"[2, 3, 12, 10, 0]",4,0.109161793372319,-284,1,7,0.32456140350877105,285,1
290,17:8,assassinate,True,22,"[12, 15, 0, 4, 17]",3,0.07076023391812801,-286,1,6,0.260331384015594,287,1
291,17:8,assassinate,True,22,"[12, 15, 0, 4, 17]",3,0.07076023391812801,-286,1,6,0.260331384015594,287,1
292,"(4,17)",,True,24,"[4, 10, 16, 3, 17]",3,0.07270955165692,-288,1,6,0.277387914230019,289,1
293,"(4,17)",,True,24,"[4, 10, 16, 3, 17]",3,0.07270955165692,-288,1,6,0.277387914230019,289,1
294,"(7,3)",,True,26,"[4, 5, 7, 10, 3]",3,0.080506822612085,-290,1,6,0.28128654970760203,291,1
295,"(7,3)",,True,26,"[4, 5, 7, 10, 3]",3,0.080506822612085,-290,1,6,0.28128654970760203,291,1
296,"(0,9)",,True,26,"[0, 3, 10, 9, 17]",3,0.061793372319688004,-292,1,6,0.302339181286549,293,1
297,"(0,9)",,True,26,"[0, 3, 10, 9, 17]",3,0.061793372319688004,-292,1,6,0.302339181286549,293,1
298,"(13,3)",,True,28,"[2, 13, 3, 8, 10]",3,0.06610971874129701,-294,1,6,0.310693400167084,295,1
299,"(13,3)",,True,28,"[2, 13, 3, 8, 10]",3,0.06610971874129701,-294,1,6,0.310693400167084,295,1
300,16:4,assassinate,True,25,"[15, 4, 17, 16, 3]",2,0.014619883040935,-296,1,5,0.26705653021442405,297,1
301,16:4,assassinate,True,25,"[15, 4, 17, 16, 3]",2,0.014619883040935,-296,1,5,0.26705653021442405,297,1
302,"(1,18)",,True,27,"[1, 18, 10, 15, 8]",3,0.078947368421052,-298,1,6,0.29532163742690004,299,1
303,"(1,18)",,True,27,"[1, 18, 10, 15, 8]",3,0.078947368421052,-298,1,6,0.29532163742690004,299,1
304,"(1,16)",,True,29,"[9, 4, 11, 1, 16]",4,0.11111111111111101,-300,1,7,0.363157894736842,301,1
305,"(1,16)",,True,29,"[9, 4, 11, 1, 16]",4,0.11111111111111101,-300,1,7,0.363157894736842,301,1
306,"(19,14)",,True,29,"[5, 18, 19, 14, 4]",4,0.11695906432748501,-302,1,7,0.363157894736842,303,1
307,"(19,14)",,True,29,"[5, 18, 19, 14, 4]",4,0.11695906432748501,-302,1,7,0.363157894736842,303,1
308,"(0,11)",,True,27,"[9, 0, 10, 13, 11]",3,0.08674463937621801,-304,1,6,0.37231968810916105,305,1
309,"(0,11)",,True,27,"[9, 0, 10, 13, 11]",3,0.08674463937621801,-304,1,6,0.37231968810916105,305,1
310,"(8,3)",,True,29,"[19, 12, 8, 7, 3]",3,0.060428849902534006,-306,1,6,0.28011695906432704,307,1
311,"(8,3)",,True,29,"[19, 12, 8, 7, 3]",3,0.060428849902534006,-306,1,6,0.28011695906432704,307,1
312,"(15,4)",,True,31,"[15, 4, 9, 0, 11]",3,0.058284600389863,-308,1,6,0.23469785575048702,309,1
313,"(15,4)",,True,31,"[15, 4, 9, 0, 11]",3,0.058284600389863,-308,1,6,0.23469785575048702,309,1
314,"(4,16)",,True,31,"[10, 4, 16, 9, 14]",3,0.048343079922027,-310,1,6,0.24736842105263102,311,1
315,"(4,16)",,True,31,"[10, 4, 16, 9, 14]",3,0.048343079922027,-310,1,6,0.24736842105263102,311,1
316,"(11,10)",,True,31,"[17, 11, 10, 14, 13]",3,0.058252111760883005,-312,1,5,0.202046783625731,313,1
317,"(11,10)",,True,31,"[17, 11, 10, 14, 13]",3,0.058252111760883005,-312,1,5,0.202046783625731,313,1
318,6:12,assassinate,True,26,"[4, 10, 5, 6, 9]",2,0.012183235867446001,-314,1,5,0.18469785575048703,315,1
319,6:12,assassinate,True,26,"[4, 10, 5, 6, 9]",2,0.012183235867446001,-314,1,5,0.18469785575048703,315,1
320,3:12,assassinate,True,19,"[6, 10, 1, 3, 13]",1,0.0,-316,1,4,0.232943469785575,317,1
321,3:12,assassinate,True,19,"[6, 10, 1, 3, 13]",1,0.0,-316,1,4,0.232943469785575,317,1
322,"(15,4)",,True,19,"[15, 16, 4, 9, 18]",1,0.0,-318,1,4,0.23489278752436601,319,1
323,"(15,4)",,True,19,"[15, 16, 4, 9, 18]",1,0.0,-318,1,4,0.23489278752436601,319,1
324,12:4,assassinate,True,16,"[12, 13, 7, 3, 0]",1,0.0,-320,1,3,0.109161793372319,321,1
325,12:4,assassinate,True,16,"[12, 13, 7, 3, 0]",1,0.0,-320,1,3,0.109161793372319,321,1
326,"(8,13)",,True,18,"[8, 10, 13, 7, 12]",1,0.0,-322,1,3,0.05653021442495101,323,1
327,"(8,13)",,True,18,"[8, 10, 13, 7, 12]",1,0.0,-322,1,3,0.05653021442495101,323,1
328,14:6,assassinate,True,16,"[14, 0, 11, 6, 2]",1,0.0,-324,1,3,0.040935672514619006,325,1
329,14:6,assassinate,True,16,"[14, 0, 11, 6, 2]",1,0.0,-324,1,3,0.040935672514619006,325,1
330,"(6,1)",,True,16,"[8, 6, 14, 9, 1]",1,0.0,-326,1,3,0.087719298245614,327,1
331,"(6,1)",,True,16,"[8, 6, 14, 9, 1]",1,0.0,-326,1,3,0.087719298245614,327,1
332,9:8,assassinate,True,13,"[0, 19, 9, 15, 16]",1,0.0,-328,1,3,0.175438596491228,329,1
333,9:8,assassinate,True,13,"[0, 19, 9, 15, 16]",1,0.0,-328,1,3,0.175438596491228,329,1
334,"(11,12)",,True,15,"[11, 12, 9, 7, 3]",1,0.0,-330,1,3,0.18128654970760202,331,1
335,"(11,12)",,True,15,"[11, 12, 9, 7, 3]",1,0.0,-330,1,3,0.18128654970760202,331,1
336,"(12,3)",,True,17,"[19, 12, 3, 14, 2]",1,0.0,-332,1,3,0.08187134502923901,333,1
337,"(12,3)",,True,17,"[19, 12, 3, 14, 2]",1,0.0,-332,1,3,0.08187134502923901,333,1
338,"(18,17)",,True,19,"[18, 17, 7, 13, 0]",1,0.0,-334,1,3,0.10721247563352801,335,1
339,"(18,17)",,True,19,"[18, 17, 7, 13, 0]",1,0.0,-334,1,3,0.10721247563352801,335,1
340,10:6,assassinate,True,17,"[10, 15, 4, 7, 3]",1,0.0,-336,1,3,0.087719298245614,337,1
341,10:6,assassinate,True,17,"[10, 15, 4, 7, 3]",1,0.0,-336,1,3,0.087719298245614,337,1
342,12:8,assassinate,True,12,"[13, 8, 15, 4, 12]",1,0.0,-338,1,3,0.14619883040935602,339,1
343,12:8,assassinate,True,12,"[13, 8, 15, 4, 12]",1,0.0,-338,1,3,0.14619883040935602,339,1
344,"(7,18)",,True,14,"[2, 7, 10, 15, 18]",2,0.0,-340,1,3,0.16959064327485301,341,1
345,"(7,18)",,True,14,"[2, 7, 10, 15, 18]",2,0.0,-340,1,3,0.16959064327485301,341,1
346,"(8,1)",,True,16,"[9, 8, 14, 1, 2]",2,0.0,-342,1,4,0.269005847953216,343,1
347,"(8,1)",,True,16,"[9, 8, 14, 1, 2]",2,0.0,-342,1,4,0.269005847953216,343,1
348,"(9,2)",,True,16,"[4, 9, 2, 10, 16]",2,0.0,-344,1,4,0.18713450292397601,345,1
349,"(9,2)",,True,16,"[4, 9, 2, 10, 16]",2,0.0,-344,1,4,0.18713450292397601,345,1
350,"(7,6)",,True,18,"[7, 0, 6, 3, 16]",2,0.0,-346,1,4,0.32748538011695905,347,1
351,"(7,6)",,True,18,"[7, 0, 6, 3, 16]",2,0.0,-346,1,4,0.32748538011695905,347,1
352,"(14,1)",,True,20,"[11, 14, 1, 17, 19]",2,0.0,-348,1,5,0.28849902534113003,349,1
353,"(14,1)",,True,20,"[11, 14, 1, 17, 19]",2,0.0,-348,1,5,0.28849902534113003,349,1
354,"(12,14)",,True,20,"[13, 11, 7, 12, 14]",2,0.0,-350,1,5,0.256335282651072,351,1
355,"(12,14)",,True,20,"[13, 11, 7, 12, 14]",2,0.0,-350,1,5,0.256335282651072,351,1
356,"(5,8)",,True,22,"[5, 11, 12, 8, 10]",2,0.0,-352,1,5,0.34697855750487305,353,1
357,"(5,8)",,True,22,"[5, 11, 12, 8, 10]",2,0.0,-352,1,5,0.34697855750487305,353,1
358,"(2,4)",,True,24,"[6, 2, 4, 18, 9]",2,0.0,-354,1,5,0.41910331384015503,355,1
359,"(2,4)",,True,24,"[6, 2, 4, 18, 9]",2,0.0,-354,1,5,0.41910331384015503,355,1
360,15:8,assassinate,True,21,"[5, 15, 14, 10, 16]",3,0.096491228070175,-356,1,5,0.42982456140350805,357,1
361,15:8,assassinate,True,21,"[5, 15, 14, 10, 16]",3,0.096491228070175,-356,1,5,0.42982456140350805,357,1
362,7:8,assassinate,True,18,"[10, 17, 19, 7, 14]",2,0.06432748538011601,-358,1,5,0.421052631578947,359,1
363,7:8,assassinate,True,18,"[10, 17, 19, 7, 14]",2,0.06432748538011601,-358,1,5,0.421052631578947,359,1
364,19:4,assassinate,True,17,"[7, 19, 13, 11, 5]",2,0.046783625730994004,-360,1,5,0.385964912280701,361,1
365,19:4,assassinate,True,17,"[7, 19, 13, 11, 5]",2,0.046783625730994004,-360,1,5,0.385964912280701,361,1
366,"(0,18)",,True,17,"[6, 15, 0, 18, 5]",1,0.0,-362,1,5,0.43274853801169505,363,1
367,"(0,18)",,True,17,"[6, 15, 0, 18, 5]",1,0.0,-362,1,5,0.43274853801169505,363,1
368,"(19,1)",,True,19,"[12, 19, 11, 1, 2]",2,0.046783625730994004,-364,1,6,0.453216374269005,365,1
369,"(19,1)",,True,19,"[12, 19, 11, 1, 2]",2,0.046783625730994004,-364,1,6,0.453216374269005,365,1
370,"(8,0)",,True,17,"[17, 8, 0, 3, 19]",1,0.0,-366,1,6,0.450292397660818,367,1
371,"(8,0)",,True,17,"[17, 8, 0, 3, 19]",1,0.0,-366,1,6,0.450292397660818,367,1
372,"(15,19)",,True,19,"[4, 15, 6, 19, 18]",2,0.043859649122807,-368,1,6,0.46491228070175405,369,1
373,"(15,19)",,True,19,"[4, 15, 6, 19, 18]",2,0.043859649122807,-368,1,6,0.46491228070175405,369,1
374,"(12,18)",,True,21,"[9, 12, 15, 18, 13]",2,0.049707602339181006,-370,1,6,0.48635477582846,371,1
375,"(12,18)",,True,21,"[9, 12, 15, 18, 13]",2,0.049707602339181006,-370,1,6,0.48635477582846,371,1
376,18:8,assassinate,True,18,"[13, 14, 11, 15, 18]",2,0.049707602339181006,-372,1,6,0.258284600389863,373,1
377,18:8,assassinate,True,18,"[13, 14, 11, 15, 18]",2,0.049707602339181006,-372,1,6,0.258284600389863,373,1
378,"(10,2)",,True,18,"[9, 10, 2, 19, 0]",2,0.0,-374,1,6,0.25730994152046704,375,1
379,"(10,2)",,True,18,"[9, 10, 2, 19, 0]",2,0.0,-374,1,6,0.25730994152046704,375,1
380,"(14,7)",,True,20,"[14, 7, 16, 17, 6]",2,0.0,-376,1,6,0.304093567251461,377,1
381,"(14,7)",,True,20,"[14, 7, 16, 17, 6]",2,0.0,-376,1,6,0.304093567251461,377,1
382,"(11,4)",,True,20,"[15, 11, 9, 4, 16]",2,0.0,-378,1,6,0.344054580896686,379,1
383,"(11,4)",,True,20,"[15, 11, 9, 4, 16]",2,0.0,-378,1,6,0.344054580896686,379,1
384,"(6,1)",,True,18,"[14, 4, 6, 1, 11]",2,0.15204678362573001,-380,1,5,0.341130604288499,381,1
385,"(6,1)",,True,18,"[14, 4, 6, 1, 11]",2,0.15204678362573001,-380,1,5,0.341130604288499,381,1
386,2:8,assassinate,True,13,"[11, 19, 15, 7, 2]",1,0.0,-382,1,5,0.150097465886939,383,1
387,2:8,assassinate,True,13,"[11, 19, 15, 7, 2]",1,0.0,-382,1,5,0.150097465886939,383,1
388,"(8,2)",,True,15,"[8, 2, 3, 6, 7]",1,0.0,-384,1,5,0.160818713450292,385,1
389,"(8,2)",,True,15,"[8, 2, 3, 6, 7]",1,0.0,-384,1,5,0.160818713450292,385,1
390,"(5,11)",,True,17,"[19, 5, 13, 11, 14]",1,0.0,-386,1,5,0.26023391812865404,387,1
391,"(5,11)",,True,17,"[19, 5, 13, 11, 14]",1,0.0,-386,1,5,0.26023391812865404,387,1
392,"(0,4)",,True,17,"[13, 0, 7, 4, 18]",1,0.0,-388,1,5,0.26023391812865404,389,1
393,"(0,4)",,True,17,"[13, 0, 7, 4, 18]",1,0.0,-388,1,5,0.26023391812865404,389,1
394,"(3,5)",,True,19,"[2, 7, 8, 3, 5]",1,0.0,-390,1,5,0.175438596491228,391,1
395,"(3,5)",,True,19,"[2, 7, 8, 3, 5]",1,0.0,-390,1,5,0.175438596491228,391,1
396,"(4,12)",,True,21,"[0, 16, 4, 12, 6]",1,0.0,-392,1,5,0.168226120857699,393,1
397,"(4,12)",,True,21,"[0, 16, 4, 12, 6]",1,0.0,-392,1,5,0.168226120857699,393,1
398,"(4,17)",,True,21,"[16, 0, 7, 4, 17]",1,0.0,-394,1,4,0.14873294346978502,395,1
399,"(4,17)",,True,21,"[16, 0, 7, 4, 17]",1,0.0,-394,1,4,0.14873294346978502,395,1
400,"(19,8)",,True,21,"[17, 18, 3, 19, 8]",1,0.0,-396,1,4,0.195516569200779,397,1
401,"(19,8)",,True,21,"[17, 18, 3, 19, 8]",1,0.0,-396,1,4,0.195516569200779,397,1
402,10:6,assassinate,True,19,"[18, 12, 8, 4, 10]",1,0.0,-398,1,4,0.215399610136452,399,1
403,10:6,assassinate,True,19,"[18, 12, 8, 4, 10]",1,0.0,-398,1,4,0.215399610136452,399,1
404,"(1,14)",,True,21,"[19, 1, 14, 8, 15]",1,0.0,-400,1,5,0.210721247563352,401,1
405,"(1,14)",,True,21,"[19, 1, 14, 8, 15]",1,0.0,-400,1,5,0.210721247563352,401,1
406,"(13,11)",,True,23,"[17, 13, 11, 0, 7]",1,0.0,-402,1,5,0.1843776106934,403,1
407,"(13,11)",,True,23,"[17, 13, 11, 0, 7]",1,0.0,-402,1,5,0.1843776106934,403,1
408,"(15,4)",,True,23,"[15, 6, 4, 5, 11]",1,0.0,-404,1,5,0.15107212475633502,405,1
409,"(15,4)",,True,23,"[15, 6, 4, 5, 11]",1,0.0,-404,1,5,0.15107212475633502,405,1
410,8:8,assassinate,True,18,"[3, 17, 14, 8, 15]",1,0.0,-406,1,3,0.12865497076023302,407,1
411,8:8,assassinate,True,18,"[3, 17, 14, 8, 15]",1,0.0,-406,1,3,0.12865497076023302,407,1
412,19:10,assassinate,True,14,"[13, 16, 2, 19, 12]",1,0.0,-408,1,3,0.10818713450292301,409,1
413,19:10,assassinate,True,14,"[13, 16, 2, 19, 12]",1,0.0,-408,1,3,0.10818713450292301,409,1
414,"(18,1)",,True,16,"[18, 12, 15, 1, 4]",1,0.0,-410,1,4,0.142300194931773,411,1
415,"(18,1)",,True,16,"[18, 12, 15, 1, 4]",1,0.0,-410,1,4,0.142300194931773,411,1
416,"(12,9)",,True,18,"[6, 2, 12, 19, 9]",2,0.0,-412,1,4,0.18908382066276802,413,1
417,"(12,9)",,True,18,"[6, 2, 12, 19, 9]",2,0.0,-412,1,4,0.18908382066276802,413,1
418,"(3,7)",,True,16,"[8, 0, 11, 3, 7]",2,0.0,-414,1,3,0.23976608187134502,415,1
419,"(3,7)",,True,16,"[8, 0, 11, 3, 7]",2,0.0,-414,1,3,0.23976608187134502,415,1
420,"(1,15)",,True,18,"[1, 17, 16, 12, 15]",2,0.0,-416,1,4,0.23391812865497003,417,1
421,"(1,15)",,True,18,"[1, 17, 16, 12, 15]",2,0.0,-416,1,4,0.23391812865497003,417,1
422,"(19,12)",,True,20,"[17, 13, 19, 15, 12]",3,0.0029239766081870003,-418,1,4,0.251461988304093,419,1
423,"(19,12)",,True,20,"[17, 13, 19, 15, 12]",3,0.0029239766081870003,-418,1,4,0.251461988304093,419,1
424,"(3,5)",,True,20,"[18, 1, 3, 19, 5]",3,0.0029239766081870003,-420,1,4,0.312865497076023,421,1
425,"(3,5)",,True,20,"[18, 1, 3, 19, 5]",3,0.0029239766081870003,-420,1,4,0.312865497076023,421,1
426,"(10,18)",,True,22,"[11, 2, 10, 18, 19]",3,0.0029239766081870003,-422,1,4,0.347953216374269,423,1
427,"(10,18)",,True,22,"[11, 2, 10, 18, 19]",3,0.0029239766081870003,-422,1,4,0.347953216374269,423,1
428,"(1,8)",,True,24,"[9, 7, 1, 4, 8]",3,0.0029239766081870003,-424,1,5,0.34600389863547704,425,1
429,"(1,8)",,True,24,"[9, 7, 1, 4, 8]",3,0.0029239766081870003,-424,1,5,0.34600389863547704,425,1
430,13:4,assassinate,True,21,"[13, 0, 3, 2, 16]",3,0.09356725146198801,-426,1,5,0.37426900584795303,427,1
431,13:4,assassinate,True,21,"[13, 0, 3, 2, 16]",3,0.09356725146198801,-426,1,5,0.37426900584795303,427,1
432,19:2,assassinate,True,21,"[4, 2, 19, 11, 7]",3,0.047758284600389,-428,1,5,0.299220272904483,429,1
433,19:2,assassinate,True,21,"[4, 2, 19, 11, 7]",3,0.047758284600389,-428,1,5,0.299220272904483,429,1
434,5:6,assassinate,True,19,"[5, 3, 4, 7, 10]",3,0.087719298245614,-430,1,5,0.32456140350877105,431,1
435,5:6,assassinate,True,19,"[5, 3, 4, 7, 10]",3,0.087719298245614,-430,1,5,0.32456140350877105,431,1
436,"(16,19)",,True,21,"[16, 13, 14, 19, 3]",3,0.020467836257309,-432,1,5,0.242690058479532,433,1
437,"(16,19)",,True,21,"[16, 13, 14, 19, 3]",3,0.020467836257309,-432,1,5,0.242690058479532,433,1
438,"(1,3)",,True,23,"[8, 14, 1, 3, 11]",3,0.021929824561403,-434,1,6,0.256335282651072,435,1
439,"(1,3)",,True,23,"[8, 14, 1, 3, 11]",3,0.021929824561403,-434,1,6,0.256335282651072,435,1
440,"(19,1)",,True,25,"[19, 15, 16, 1, 10]",3,0.024366471734892002,-436,1,7,0.27290448343079904,437,1
441,"(19,1)",,True,25,"[19, 15, 16, 1, 10]",3,0.024366471734892002,-436,1,7,0.27290448343079904,437,1
442,"(1,6)",,True,25,"[17, 19, 1, 6, 3]",3,0.025828460038986003,-438,1,8,0.309941520467836,439,1
443,"(1,6)",,True,25,"[17, 19, 1, 6, 3]",3,0.025828460038986003,-438,1,8,0.309941520467836,439,1
444,"(8,7)",,True,27,"[11, 8, 18, 7, 16]",3,0.028265107212475,-440,1,8,0.40643274853801103,441,1
445,"(8,7)",,True,27,"[11, 8, 18, 7, 16]",3,0.028265107212475,-440,1,8,0.40643274853801103,441,1
446,"(15,5)",,True,29,"[9, 4, 2, 15, 5]",3,0.028404344193817002,-442,1,8,0.42717905875800605,443,1
447,"(15,5)",,True,29,"[9, 4, 2, 15, 5]",3,0.028404344193817002,-442,1,8,0.42717905875800605,443,1
448,"(13,6)",,True,29,"[5, 13, 6, 10, 11]",3,0.030896686159844002,-444,1,7,0.473099415204678,445,1
449,"(13,6)",,True,29,"[5, 13, 6, 10, 11]",3,0.030896686159844002,-444,1,7,0.473099415204678,445,1
450,16:6,assassinate,True,27,"[16, 4, 5, 3, 10]",3,0.033625730994152,-446,1,7,0.43177387914230003,447,1
451,16:6,assassinate,True,27,"[16, 4, 5, 3, 10]",3,0.033625730994152,-446,1,7,0.43177387914230003,447,1
452,"(11,4)",,True,25,"[11, 0, 4, 7, 6]",3,0.036549707602339006,-448,1,6,0.326998050682261,449,1
453,"(11,4)",,True,25,"[11, 0, 4, 7, 6]",3,0.036549707602339006,-448,1,6,0.326998050682261,449,1
454,"(9,1)",,True,27,"[9, 2, 11, 3, 1]",3,0.014230019493177001,-450,1,7,0.31237816764132503,451,1
455,"(9,1)",,True,27,"[9, 2, 11, 3, 1]",3,0.014230019493177001,-450,1,7,0.31237816764132503,451,1
456,7:6,assassinate,True,25,"[19, 15, 17, 7, 11]",3,0.014230019493177001,-452,1,7,0.288011695906432,453,1
457,7:6,assassinate,True,25,"[19, 15, 17, 7, 11]",3,0.014230019493177001,-452,1,7,0.288011695906432,453,1
458,"(13,1)",,True,25,"[17, 13, 3, 8, 1]",3,0.011890838206627001,-454,1,8,0.366764132553606,455,1
459,"(13,1)",,True,25,"[17, 13, 3, 8, 1]",3,0.011890838206627001,-454,1,8,0.366764132553606,455,1
460,"(3,7)",,True,27,"[3, 7, 2, 19, 8]",3,0.011890838206627001,-456,1,8,0.39259259259259205,457,1
461,"(3,7)",,True,27,"[3, 7, 2, 19, 8]",3,0.011890838206627001,-456,1,8,0.39259259259259205,457,1
462,"(7,6)",,True,27,"[7, 10, 11, 6, 8]",3,0.011890838206627001,-458,1,8,0.407699805068226,459,1
463,"(7,6)",,True,27,"[7, 10, 11, 6, 8]",3,0.011890838206627001,-458,1,8,0.407699805068226,459,1
464,17:10,assassinate,True,23,"[7, 10, 15, 17, 9]",3,0.021150097465886003,-460,1,8,0.42962962962962903,461,1
465,17:10,assassinate,True,23,"[7, 10, 15, 17, 9]",3,0.021150097465886003,-460,1,8,0.42962962962962903,461,1
466,"(13,14)",,True,25,"[13, 3, 19, 14, 15]",3,0.020467836257309,-462,1,8,0.550682261208577,463,1
467,"(13,14)",,True,25,"[13, 3, 19, 14, 15]",3,0.020467836257309,-462,1,8,0.550682261208577,463,1
468,"(7,17)",,True,25,"[7, 2, 17, 16, 19]",3,0.046588693957115006,-464,1,7,0.5892787524366471,465,1
469,"(7,17)",,True,25,"[7, 2, 17, 16, 19]",3,0.046588693957115006,-464,1,7,0.5892787524366471,465,1
470,"(8,16)",,True,27,"[5, 12, 8, 15, 16]",3,0.070175438596491,-466,1,7,0.5543859649122801,467,1
471,"(8,16)",,True,27,"[5, 12, 8, 15, 16]",3,0.070175438596491,-466,1,7,0.5543859649122801,467,1
472,9:8,assassinate,True,24,"[9, 11, 7, 16, 17]",3,0.05653021442495101,-468,1,7,0.594541910331383,469,1
473,9:8,assassinate,True,24,"[9, 11, 7, 16, 17]",3,0.05653021442495101,-468,1,7,0.594541910331383,469,1
474,16:2,assassinate,True,24,"[16, 0, 7, 6, 10]",3,0.065302144249512,-470,1,7,0.38693957115009703,471,1
475,16:2,assassinate,True,24,"[16, 0, 7, 6, 10]",3,0.065302144249512,-470,1,7,0.38693957115009703,471,1
476,12:6,assassinate,True,22,"[2, 18, 6, 4, 12]",2,0.032163742690058006,-472,1,7,0.304093567251461,473,1
477,12:6,assassinate,True,22,"[2, 18, 6, 4, 12]",2,0.032163742690058006,-472,1,7,0.304093567251461,473,1
478,"(11,13)",,True,22,"[4, 15, 11, 13, 2]",2,0.032163742690058006,-474,1,7,0.304093567251461,475,1
479,"(11,13)",,True,22,"[4, 15, 11, 13, 2]",2,0.032163742690058006,-474,1,7,0.304093567251461,475,1
480,"(16,1)",,True,22,"[16, 1, 12, 5, 19]",2,0.08187134502923901,-476,1,7,0.31578947368421,477,1
481,"(16,1)",,True,22,"[16, 1, 12, 5, 19]",2,0.08187134502923901,-476,1,7,0.31578947368421,477,1
482,"(13,11)",,True,24,"[2, 13, 11, 10, 5]",2,0.032163742690058006,-478,1,7,0.29824561403508704,479,1
483,"(13,11)",,True,24,"[2, 13, 11, 10, 5]",2,0.032163742690058006,-478,1,7,0.29824561403508704,479,1
484,19:14,assassinate,True,18,"[15, 19, 11, 9, 8]",1,0.0,-480,1,6,0.39766081871345005,481,1
485,19:14,assassinate,True,18,"[15, 19, 11, 9, 8]",1,0.0,-480,1,6,0.39766081871345005,481,1
486,15:6,assassinate,True,16,"[6, 7, 3, 15, 14]",1,0.0,-482,1,5,0.321637426900584,483,1
487,15:6,assassinate,True,16,"[6, 7, 3, 15, 14]",1,0.0,-482,1,5,0.321637426900584,483,1
488,"(15,3)",,True,18,"[16, 18, 14, 15, 3]",1,0.0,-484,1,5,0.342105263157894,485,1
489,"(15,3)",,True,18,"[16, 18, 14, 15, 3]",1,0.0,-484,1,5,0.342105263157894,485,1
490,"(10,2)",,True,18,"[7, 18, 0, 10, 2]",1,0.0,-486,1,5,0.321637426900584,487,1
491,"(10,2)",,True,18,"[7, 18, 0, 10, 2]",1,0.0,-486,1,5,0.321637426900584,487,1
492,"(1,4)",,True,18,"[0, 10, 1, 11, 4]",1,0.0,-488,1,5,0.321637426900584,489,1
493,"(1,4)",,True,18,"[0, 10, 1, 11, 4]",1,0.0,-488,1,5,0.321637426900584,489,1
494,"(10,12)",,True,20,"[13, 14, 10, 12, 19]",1,0.0,-490,1,5,0.342105263157894,491,1
495,"(10,12)",,True,20,"[13, 14, 10, 12, 19]",1,0.0,-490,1,5,0.342105263157894,491,1
496,2:4,assassinate,True,17,"[5, 8, 2, 18, 3]",1,0.0,-492,1,4,0.29239766081871305,493,1
497,2:4,assassinate,True,17,"[5, 8, 2, 18, 3]",1,0.0,-492,1,4,0.29239766081871305,493,1
498,"(3,15)",,True,17,"[16, 14, 8, 3, 15]",1,0.0,-494,1,4,0.16959064327485301,495,1
499,"(3,15)",,True,17,"[16, 14, 8, 3, 15]",1,0.0,-494,1,4,0.16959064327485301,495,1
500,"(12,9)",,True,19,"[6, 15, 12, 9, 17]",1,0.0,-496,1,4,0.143274853801169,497,1
501,"(12,9)",,True,19,"[6, 15, 12, 9, 17]",1,0.0,-496,1,4,0.143274853801169,497,1
502,"(9,16)",,True,19,"[8, 9, 15, 16, 13]",1,0.0,-498,1,4,0.178362573099415,499,1
503,"(9,16)",,True,19,"[8, 9, 15, 16, 13]",1,0.0,-498,1,4,0.178362573099415,499,1
504,"(11,13)",,True,17,"[11, 5, 13, 7, 8]",1,0.0,-500,1,4,0.178362573099415,501,1
505,"(11,13)",,True,17,"[11, 5, 13, 7, 8]",1,0.0,-500,1,4,0.178362573099415,501,1
506,"(12,1)",,True,17,"[8, 12, 1, 18, 6]",1,0.0,-502,1,4,0.29824561403508704,503,1
507,"(12,1)",,True,17,"[8, 12, 1, 18, 6]",1,0.0,-502,1,4,0.29824561403508704,503,1
508,"(19,10)",,True,19,"[19, 10, 7, 9, 8]",1,0.0,-504,1,4,0.37426900584795303,505,1
509,"(19,10)",,True,19,"[19, 10, 7, 9, 8]",1,0.0,-504,1,4,0.37426900584795303,505,1
510,"(9,4)",,True,21,"[5, 9, 10, 12, 4]",2,0.10233918128654901,-506,1,4,0.450292397660818,507,1
511,"(9,4)",,True,21,"[5, 9, 10, 12, 4]",2,0.10233918128654901,-506,1,4,0.450292397660818,507,1
512,"(18,14)",,True,23,"[18, 14, 10, 17, 5]",2,0.020467836257309,-508,1,4,0.318713450292397,509,1
513,"(18,14)",,True,23,"[18, 14, 10, 17, 5]",2,0.020467836257309,-508,1,4,0.318713450292397,509,1
514,"(5,10)",,True,23,"[6, 5, 3, 10, 16]",2,0.020467836257309,-510,1,4,0.318713450292397,511,1
515,"(5,10)",,True,23,"[6, 5, 3, 10, 16]",2,0.020467836257309,-510,1,4,0.318713450292397,511,1
516,"(12,2)",,True,25,"[17, 12, 2, 7, 14]",2,0.034113060428849006,-512,1,4,0.300194931773879,513,1
517,"(12,2)",,True,25,"[17, 12, 2, 7, 14]",2,0.034113060428849006,-512,1,4,0.300194931773879,513,1
518,"(16,11)",,True,27,"[12, 10, 16, 11, 7]",2,0.021929824561403,-514,1,4,0.277777777777777,515,1
519,"(16,11)",,True,27,"[12, 10, 16, 11, 7]",2,0.021929824561403,-514,1,4,0.277777777777777,515,1
520,"(1,5)",,True,29,"[14, 1, 5, 11, 16]",2,0.020955165692007,-516,1,5,0.24805068226120802,517,1
521,"(1,5)",,True,29,"[14, 1, 5, 11, 16]",2,0.020955165692007,-516,1,5,0.24805068226120802,517,1
522,13:6,assassinate,True,25,"[0, 10, 19, 13, 17]",2,0.017543859649122,-518,1,5,0.24463937621832302,519,1
523,13:6,assassinate,True,25,"[0, 10, 19, 13, 17]",2,0.017543859649122,-518,1,5,0.24463937621832302,519,1
524,9:6,assassinate,True,23,"[10, 13, 2, 17, 9]",2,0.023391812865497002,-520,1,5,0.26705653021442405,521,1
525,9:6,assassinate,True,23,"[10, 13, 2, 17, 9]",2,0.023391812865497002,-520,1,5,0.26705653021442405,521,1
526,8:4,assassinate,True,22,"[9, 8, 6, 17, 2]",2,0.061403508771929,-522,1,5,0.19883040935672502,523,1
527,8:4,assassinate,True,22,"[9, 8, 6, 17, 2]",2,0.061403508771929,-522,1,5,0.19883040935672502,523,1
528,18:12,assassinate,True,17,"[3, 8, 19, 2, 18]",2,0.017543859649122,-524,1,4,0.162768031189083,525,1
529,18:12,assassinate,True,17,"[3, 8, 19, 2, 18]",2,0.017543859649122,-524,1,4,0.162768031189083,525,1
530,"(4,1)",,True,19,"[8, 12, 19, 4, 1]",2,0.036062378167641004,-526,1,5,0.33040935672514604,527,1
531,"(4,1)",,True,19,"[8, 12, 19, 4, 1]",2,0.036062378167641004,-526,1,5,0.33040935672514604,527,1
532,"(18,6)",,True,21,"[15, 11, 18, 6, 12]",2,0.036062378167641004,-528,1,5,0.37231968810916105,529,1
533,"(18,6)",,True,21,"[15, 11, 18, 6, 12]",2,0.036062378167641004,-528,1,5,0.37231968810916105,529,1
534,"(18,1)",,True,23,"[13, 3, 18, 0, 1]",3,0.132553606237816,-530,1,6,0.252436647173489,531,1
535,"(18,1)",,True,23,"[13, 3, 18, 0, 1]",3,0.132553606237816,-530,1,6,0.252436647173489,531,1
536,6:6,assassinate,True,21,"[6, 3, 8, 10, 9]",2,0.037037037037037,-532,1,6,0.31773879142300104,533,1
537,6:6,assassinate,True,21,"[6, 3, 8, 10, 9]",2,0.037037037037037,-532,1,6,0.31773879142300104,533,1
538,"(18,9)",,True,21,"[2, 5, 18, 0, 9]",2,0.037037037037037,-534,1,5,0.17153996101364502,535,1
539,"(18,9)",,True,21,"[2, 5, 18, 0, 9]",2,0.037037037037037,-534,1,5,0.17153996101364502,535,1
540,"(7,1)",,True,23,"[12, 7, 1, 14, 8]",3,0.096491228070175,-534,2,6,0.32261208576998,536,1
541,"(7,1)",,True,23,"[12, 7, 1, 14, 8]",3,0.096491228070175,-534,2,6,0.32261208576998,536,1
542,4:4,assassinate,True,20,"[15, 11, 4, 3, 5]",2,0.15204678362573001,-536,2,6,0.309941520467836,538,1
543,4:4,assassinate,True,20,"[15, 11, 4, 3, 5]",2,0.15204678362573001,-536,2,6,0.309941520467836,538,1
544,14:10,assassinate,True,14,"[12, 4, 10, 15, 14]",1,0.0,-538,2,5,0.157894736842105,540,1
545,14:10,assassinate,True,14,"[12, 4, 10, 15, 14]",1,0.0,-538,2,5,0.157894736842105,540,1
546,"(1,10)",,True,16,"[16, 1, 7, 10, 6]",1,0.0,-540,2,6,0.28947368421052605,542,1
547,"(1,10)",,True,16,"[16, 1, 7, 10, 6]",1,0.0,-540,2,6,0.28947368421052605,542,1
548,"(19,14)",,True,16,"[19, 3, 14, 8, 9]",1,0.0,-542,2,5,0.16666666666666602,544,1
549,"(19,14)",,True,16,"[19, 3, 14, 8, 9]",1,0.0,-542,2,5,0.16666666666666602,544,1
550,"(12,8)",,True,18,"[19, 10, 3, 12, 8]",1,0.0,-544,2,5,0.155945419103313,546,1
551,"(12,8)",,True,18,"[19, 10, 3, 12, 8]",1,0.0,-544,2,5,0.155945419103313,546,1
552,"(10,11)",,True,20,"[10, 11, 14, 8, 13]",1,0.0,-546,2,5,0.228070175438596,548,1
553,"(10,11)",,True,20,"[10, 11, 14, 8, 13]",1,0.0,-546,2,5,0.228070175438596,548,1
554,"(10,5)",,True,20,"[2, 15, 1, 10, 5]",1,0.0,-548,2,5,0.252436647173489,550,1
555,"(10,5)",,True,20,"[2, 15, 1, 10, 5]",1,0.0,-548,2,5,0.252436647173489,550,1
556,"(18,17)",,True,22,"[18, 8, 16, 17, 7]",1,0.0,-550,2,5,0.30896686159844,552,1
557,"(18,17)",,True,22,"[18, 8, 16, 17, 7]",1,0.0,-550,2,5,0.30896686159844,552,1
558,"(13,1)",,True,24,"[8, 2, 13, 6, 1]",1,0.0,-552,2,6,0.311890838206627,554,1
559,"(13,1)",,True,24,"[8, 2, 13, 6, 1]",1,0.0,-552,2,6,0.311890838206627,554,1
560,"(2,16)",,True,24,"[10, 2, 17, 7, 16]",1,0.0,-554,2,6,0.294346978557504,556,1
561,"(2,16)",,True,24,"[10, 2, 17, 7, 16]",1,0.0,-554,2,6,0.294346978557504,556,1
562,"(4,5)",,True,26,"[2, 4, 5, 6, 0]",1,0.0,-556,2,6,0.265594541910331,558,1
563,"(4,5)",,True,26,"[2, 4, 5, 6, 0]",1,0.0,-556,2,6,0.265594541910331,558,1
564,3:10,assassinate,True,20,"[7, 15, 9, 3, 12]",1,0.0,-558,2,4,0.26998050682261204,560,1
565,3:10,assassinate,True,20,"[7, 15, 9, 3, 12]",1,0.0,-558,2,4,0.26998050682261204,560,1
566,"(1,3)",,True,22,"[16, 1, 17, 2, 3]",1,0.0,-560,2,5,0.3635477582846,562,1
567,"(1,3)",,True,22,"[16, 1, 17, 2, 3]",1,0.0,-560,2,5,0.3635477582846,562,1
568,"(12,14)",,True,24,"[9, 17, 12, 5, 14]",1,0.0,-562,2,5,0.259259259259259,564,1
569,"(12,14)",,True,24,"[9, 17, 12, 5, 14]",1,0.0,-562,2,5,0.259259259259259,564,1
570,8:6,assassinate,True,22,"[9, 16, 15, 8, 11]",1,0.0,-564,2,5,0.30214424951267005,566,1
571,8:6,assassinate,True,22,"[9, 16, 15, 8, 11]",1,0.0,-564,2,5,0.30214424951267005,566,1
572,"(8,1)",,True,24,"[8, 6, 1, 17, 16]",1,0.0,-566,2,6,0.32651072124756303,568,1
573,"(8,1)",,True,24,"[8, 6, 1, 17, 16]",1,0.0,-566,2,6,0.32651072124756303,568,1
574,"(1,19)",,True,26,"[14, 15, 1, 13, 19]",1,0.0,-568,2,7,0.31091617933723203,570,1
575,"(1,19)",,True,26,"[14, 15, 1, 13, 19]",1,0.0,-568,2,7,0.31091617933723203,570,1
576,10:8,assassinate,True,23,"[4, 0, 8, 10, 3]",1,0.0,-570,2,7,0.33333333333333304,572,1
577,10:8,assassinate,True,23,"[4, 0, 8, 10, 3]",1,0.0,-570,2,7,0.33333333333333304,572,1
578,12:10,assassinate,True,19,"[12, 0, 11, 19, 7]",1,0.0,-572,2,6,0.304580896686159,574,1
579,12:10,assassinate,True,19,"[12, 0, 11, 19, 7]",1,0.0,-572,2,6,0.304580896686159,574,1
580,"(3,2)",,True,21,"[3, 15, 2, 6, 7]",1,0.0,-574,2,6,0.36003898635477505,576,1
581,"(3,2)",,True,21,"[3, 15, 2, 6, 7]",1,0.0,-574,2,6,0.36003898635477505,576,1
582,"(1,11)",,True,21,"[14, 1, 18, 11, 3]",1,0.0,-576,2,6,0.320175438596491,578,1
583,"(1,11)",,True,21,"[14, 1, 18, 11, 3]",1,0.0,-576,2,6,0.320175438596491,578,1
584,"(10,1)",,True,23,"[10, 18, 12, 17, 1]",1,0.0,-578,2,7,0.35497076023391805,580,1
585,"(10,1)",,True,23,"[10, 18, 12, 17, 1]",1,0.0,-578,2,7,0.35497076023391805,580,1
586,9:6,assassinate,True,21,"[16, 10, 5, 9, 13]",1,0.0,-580,2,7,0.33625730994152003,582,1
587,9:6,assassinate,True,21,"[16, 10, 5, 9, 13]",1,0.0,-580,2,7,0.33625730994152003,582,1
588,"(9,1)",,True,23,"[9, 1, 2, 0, 12]",1,0.0,-582,2,8,0.36257309941520405,584,1
589,"(9,1)",,True,23,"[9, 1, 2, 0, 12]",1,0.0,-582,2,8,0.36257309941520405,584,1
590,"(7,18)",,True,23,"[7, 18, 19, 3, 11]",1,0.0,-584,2,8,0.33040935672514604,586,1
591,"(7,18)",,True,23,"[7, 18, 19, 3, 11]",1,0.0,-584,2,8,0.33040935672514604,586,1
592,14:8,assassinate,True,20,"[2, 7, 3, 14, 16]",2,0.08187134502923901,-586,2,8,0.44152046783625704,588,1
593,14:8,assassinate,True,20,"[2, 7, 3, 14, 16]",2,0.08187134502923901,-586,2,8,0.44152046783625704,588,1
594,"(16,9)",,True,22,"[7, 16, 11, 19, 9]",2,0.08187134502923901,-588,2,8,0.376218323586744,590,1
595,"(16,9)",,True,22,"[7, 16, 11, 19, 9]",2,0.08187134502923901,-588,2,8,0.376218323586744,590,1
596,"(19,15)",,True,22,"[11, 12, 19, 15, 7]",2,0.08187134502923901,-590,2,8,0.405458089668616,592,1
597,"(19,15)",,True,22,"[11, 12, 19, 15, 7]",2,0.08187134502923901,-590,2,8,0.405458089668616,592,1
598,"(8,1)",,True,24,"[2, 16, 9, 8, 1]",3,0.032651072124756,-592,2,9,0.35653021442495103,594,1
599,"(8,1)",,True,24,"[2, 16, 9, 8, 1]",3,0.032651072124756,-592,2,9,0.35653021442495103,594,1
600,"(5,6)",,True,26,"[5, 6, 14, 0, 2]",4,0.067738791423001,-594,2,9,0.364522417153996,596,1
601,"(5,6)",,True,26,"[5, 6, 14, 0, 2]",4,0.067738791423001,-594,2,9,0.364522417153996,596,1
602,"(14,10)",,True,26,"[15, 8, 14, 10, 11]",4,0.138888888888888,-596,2,8,0.402534113060428,598,1
603,"(14,10)",,True,26,"[15, 8, 14, 10, 11]",4,0.138888888888888,-596,2,8,0.402534113060428,598,1
604,"(19,7)",,True,26,"[13, 19, 6, 14, 7]",4,0.14619883040935602,-598,2,7,0.34015594541910305,600,1
605,"(19,7)",,True,26,"[13, 19, 6, 14, 7]",4,0.14619883040935602,-598,2,7,0.34015594541910305,600,1
606,"(12,14)",,True,28,"[6, 12, 14, 13, 9]",5,0.177777777777777,-600,2,7,0.409746588693957,602,1
607,"(12,14)",,True,28,"[6, 12, 14, 13, 9]",5,0.177777777777777,-600,2,7,0.409746588693957,602,1
608,"(11,5)",,True,30,"[10, 14, 11, 5, 6]",5,0.15448343079922,-602,2,7,0.377680311890838,604,1
609,"(11,5)",,True,30,"[10, 14, 11, 5, 6]",5,0.15448343079922,-602,2,7,0.377680311890838,604,1
610,13:10,assassinate,True,26,"[19, 1, 6, 7, 13]",4,0.130604288499025,-604,2,6,0.341130604288499,606,1
611,13:10,assassinate,True,26,"[19, 1, 6, 7, 13]",4,0.130604288499025,-604,2,6,0.341130604288499,606,1
612,8:2,assassinate,True,26,"[15, 8, 2, 18, 9]",4,0.13606237816764102,-604,3,6,0.21228070175438501,607,1
613,8:2,assassinate,True,26,"[15, 8, 2, 18, 9]",4,0.13606237816764102,-604,3,6,0.21228070175438501,607,1
614,"(13,3)",,True,28,"[11, 5, 13, 3, 18]",5,0.16666666666666602,-606,3,6,0.24463937621832302,609,1
615,"(13,3)",,True,28,"[11, 5, 13, 3, 18]",5,0.16666666666666602,-606,3,6,0.24463937621832302,609,1
616,17:10,assassinate,True,24,"[15, 0, 3, 7, 17]",5,0.13791423001949302,-608,3,6,0.28557504873294304,611,1
617,17:10,assassinate,True,24,"[15, 0, 3, 7, 17]",5,0.13791423001949302,-608,3,6,0.28557504873294304,611,1
618,16:6,assassinate,True,22,"[12, 16, 11, 13, 14]",4,0.08820662768031101,-610,3,6,0.304093567251461,613,1
619,16:6,assassinate,True,22,"[12, 16, 11, 13, 14]",4,0.08820662768031101,-610,3,6,0.304093567251461,613,1
620,"(13,17)",,True,22,"[13, 6, 3, 5, 17]",4,0.118908382066276,-612,3,6,0.379142300194931,615,1
621,"(13,17)",,True,22,"[13, 6, 3, 5, 17]",4,0.118908382066276,-612,3,6,0.379142300194931,615,1
622,"(12,9)",,True,24,"[12, 6, 5, 11, 9]",4,0.067251461988304,-614,3,6,0.364522417153996,617,1
623,"(12,9)",,True,24,"[12, 6, 5, 11, 9]",4,0.067251461988304,-614,3,6,0.364522417153996,617,1
624,"(5,19)",,True,24,"[5, 3, 19, 14, 7]",4,0.067251461988304,-616,3,6,0.364522417153996,619,1
625,"(5,19)",,True,24,"[5, 3, 19, 14, 7]",4,0.067251461988304,-616,3,6,0.364522417153996,619,1
626,"(7,19)",,True,24,"[7, 11, 5, 19, 17]",5,0.101364522417153,-618,3,6,0.34990253411306005,621,1
627,"(7,19)",,True,24,"[7, 11, 5, 19, 17]",5,0.101364522417153,-618,3,6,0.34990253411306005,621,1
628,"(2,9)",,True,26,"[4, 13, 2, 19, 9]",5,0.126218323586744,-620,3,6,0.374756335282651,623,1
629,"(2,9)",,True,26,"[4, 13, 2, 19, 9]",5,0.126218323586744,-620,3,6,0.374756335282651,623,1
630,14:6,assassinate,True,24,"[9, 14, 3, 4, 18]",4,0.054580896686159,-622,3,6,0.364522417153996,625,1
631,14:6,assassinate,True,24,"[9, 14, 3, 4, 18]",4,0.054580896686159,-622,3,6,0.364522417153996,625,1
632,12:4,assassinate,True,23,"[17, 19, 15, 5, 12]",3,0.007797270955165,-624,3,6,0.29142300194931703,627,1
633,12:4,assassinate,True,23,"[17, 19, 15, 5, 12]",3,0.007797270955165,-624,3,6,0.29142300194931703,627,1
634,"(12,7)",,True,25,"[12, 16, 7, 19, 17]",4,0.100389863547758,-626,3,6,0.259259259259259,629,1
635,"(12,7)",,True,25,"[12, 16, 7, 19, 17]",4,0.100389863547758,-626,3,6,0.259259259259259,629,1
636,"(10,17)",,True,27,"[13, 7, 15, 10, 17]",5,0.19863547758284503,-628,3,6,0.28615984405458,631,1
637,"(10,17)",,True,27,"[13, 7, 15, 10, 17]",5,0.19863547758284503,-628,3,6,0.28615984405458,631,1
638,14:2,assassinate,True,25,"[2, 6, 7, 13, 14]",4,0.183235867446393,-628,4,6,0.232943469785575,632,1
639,14:2,assassinate,True,25,"[2, 6, 7, 13, 14]",4,0.183235867446393,-628,4,6,0.232943469785575,632,1
640,3:10,assassinate,True,21,"[14, 6, 16, 13, 3]",4,0.17153996101364502,-630,4,5,0.294346978557504,634,1
641,3:10,assassinate,True,21,"[14, 6, 16, 13, 3]",4,0.17153996101364502,-630,4,5,0.294346978557504,634,1
642,"(16,10)",,True,23,"[4, 16, 11, 10, 18]",4,0.270955165692007,-632,4,5,0.39376218323586704,636,1
643,"(16,10)",,True,23,"[4, 16, 11, 10, 18]",4,0.270955165692007,-632,4,5,0.39376218323586704,636,1
644,"(0,1)",,True,25,"[0, 11, 1, 13, 16]",5,0.36842105263157804,-634,4,6,0.475633528265107,638,1
645,"(0,1)",,True,25,"[0, 11, 1, 13, 16]",5,0.36842105263157804,-634,4,6,0.475633528265107,638,1
646,"(14,10)",,True,27,"[16, 11, 14, 10, 6]",6,0.273879142300194,-634,5,6,0.33333333333333304,639,1
647,"(14,10)",,True,27,"[16, 11, 14, 10, 6]",6,0.273879142300194,-634,5,6,0.33333333333333304,639,1
648,11:4,assassinate,True,26,"[7, 11, 9, 17, 0]",6,0.23343079922027202,-636,5,6,0.24853801169590603,641,1
649,11:4,assassinate,True,26,"[7, 11, 9, 17, 0]",6,0.23343079922027202,-636,5,6,0.24853801169590603,641,1
650,8:4,assassinate,True,25,"[8, 14, 2, 17, 18]",5,0.101364522417154,-636,6,6,0.205653021442495,642,1
651,8:4,assassinate,True,25,"[8, 14, 2, 17, 18]",5,0.101364522417154,-636,6,6,0.205653021442495,642,1
652,"(18,15)",,True,27,"[18, 7, 9, 0, 15]",5,0.09990253411306001,-638,6,6,0.22465886939571103,644,1
653,"(18,15)",,True,27,"[18, 7, 9, 0, 15]",5,0.09990253411306001,-638,6,6,0.22465886939571103,644,1
654,"(1,3)",,True,29,"[1, 3, 7, 0, 9]",5,0.07038429406850401,-640,6,7,0.23398774714564102,646,1
655,"(1,3)",,True,29,"[1, 3, 7, 0, 9]",5,0.07038429406850401,-640,6,7,0.23398774714564102,646,1
656,"(1,11)",,True,31,"[2, 4, 9, 1, 11]",5,0.06453634085213,-642,6,8,0.284670008354218,648,1
657,"(1,11)",,True,31,"[2, 4, 9, 1, 11]",5,0.06453634085213,-642,6,8,0.284670008354218,648,1
658,16:4,assassinate,True,30,"[9, 2, 7, 16, 18]",5,0.08890281258702301,-644,6,8,0.287593984962406,650,1
659,16:4,assassinate,True,30,"[9, 2, 7, 16, 18]",5,0.08890281258702301,-644,6,8,0.287593984962406,650,1
660,5:14,assassinate,True,22,"[4, 6, 5, 16, 2]",4,0.114035087719298,-646,6,7,0.366471734892787,652,1
661,5:14,assassinate,True,22,"[4, 6, 5, 16, 2]",4,0.114035087719298,-646,6,7,0.366471734892787,652,1
662,"(4,1)",,True,24,"[9, 4, 1, 7, 6]",4,0.038011695906432004,-648,6,8,0.335282651072124,654,1
663,"(4,1)",,True,24,"[9, 4, 1, 7, 6]",4,0.038011695906432004,-648,6,8,0.335282651072124,654,1
664,"(1,17)",,True,26,"[1, 4, 15, 14, 17]",4,0.020467836257309,-650,6,9,0.347953216374269,656,1
665,"(1,17)",,True,26,"[1, 4, 15, 14, 17]",4,0.020467836257309,-650,6,9,0.347953216374269,656,1
666,10:10,assassinate,True,22,"[3, 13, 10, 4, 19]",3,0.0,-652,6,8,0.38401559454191003,658,1
667,10:10,assassinate,True,22,"[3, 13, 10, 4, 19]",3,0.0,-652,6,8,0.38401559454191003,658,1
668,"(9,16)",,True,24,"[9, 15, 0, 16, 14]",3,0.0,-654,6,8,0.39376218323586704,660,1
669,"(9,16)",,True,24,"[9, 15, 0, 16, 14]",3,0.0,-654,6,8,0.39376218323586704,660,1
670,"(14,0)",,True,24,"[14, 10, 0, 13, 6]",3,0.0,-656,6,8,0.39376218323586704,662,1
671,"(14,0)",,True,24,"[14, 10, 0, 13, 6]",3,0.0,-656,6,8,0.39376218323586704,662,1
672,"(6,19)",,True,26,"[6, 19, 15, 5, 8]",3,0.0,-658,6,8,0.353801169590643,664,1
673,"(6,19)",,True,26,"[6, 19, 15, 5, 8]",3,0.0,-658,6,8,0.353801169590643,664,1
674,4:14,assassinate,True,18,"[16, 6, 10, 2, 4]",2,0.0,-660,6,6,0.47953216374269003,666,1
675,4:14,assassinate,True,18,"[16, 6, 10, 2, 4]",2,0.0,-660,6,6,0.47953216374269003,666,1
676,"(1,8)",,True,20,"[1, 8, 3, 19, 17]",3,0.09551656920077901,-662,6,7,0.46686159844054503,668,1
677,"(1,8)",,True,20,"[1, 8, 3, 19, 17]",3,0.09551656920077901,-662,6,7,0.46686159844054503,668,1
678,"(4,11)",,True,22,"[16, 4, 3, 8, 11]",4,0.21442495126705602,-664,6,7,0.49707602339181206,670,1
679,"(4,11)",,True,22,"[16, 4, 3, 8, 11]",4,0.21442495126705602,-664,6,7,0.49707602339181206,670,1
680,"(3,10)",,True,24,"[3, 10, 16, 19, 14]",4,0.21150097465886902,-666,6,7,0.505847953216374,672,1
681,"(3,10)",,True,24,"[3, 10, 16, 19, 14]",4,0.21150097465886902,-666,6,7,0.505847953216374,672,1
682,2:8,assassinate,True,19,"[10, 19, 14, 5, 2]",3,0.350877192982456,-668,6,6,0.538011695906432,674,1
683,2:8,assassinate,True,19,"[10, 19, 14, 5, 2]",3,0.350877192982456,-668,6,6,0.538011695906432,674,1
684,"(8,3)",,True,21,"[10, 8, 12, 4, 3]",3,0.134502923976608,-670,6,6,0.45808966861598405,676,1
685,"(8,3)",,True,21,"[10, 8, 12, 4, 3]",3,0.134502923976608,-670,6,6,0.45808966861598405,676,1
686,"(7,1)",,True,23,"[14, 10, 7, 1, 11]",3,0.046783625730994004,-672,6,7,0.5263157894736841,678,1
687,"(7,1)",,True,23,"[14, 10, 7, 1, 11]",3,0.046783625730994004,-672,6,7,0.5263157894736841,678,1
688,"(2,1)",,True,25,"[2, 7, 1, 16, 11]",4,0.11130604288499,-674,6,8,0.581481481481481,680,1
689,"(2,1)",,True,25,"[2, 7, 1, 16, 11]",4,0.11130604288499,-674,6,8,0.581481481481481,680,1
690,"(3,13)",,True,25,"[9, 3, 19, 13, 8]",4,0.10935672514619801,-676,6,7,0.5015594541910331,682,1
691,"(3,13)",,True,25,"[9, 3, 19, 13, 8]",4,0.10935672514619801,-676,6,7,0.5015594541910331,682,1
692,"(12,19)",,True,25,"[12, 16, 4, 10, 19]",4,0.16286549707602302,-678,6,6,0.370662768031189,684,1
693,"(12,19)",,True,25,"[12, 16, 4, 10, 19]",4,0.16286549707602302,-678,6,6,0.370662768031189,684,1
694,4:4,assassinate,True,24,"[4, 5, 17, 9, 7]",4,0.14113060428849902,-680,6,6,0.29766081871345,686,1
695,4:4,assassinate,True,24,"[4, 5, 17, 9, 7]",4,0.14113060428849902,-680,6,6,0.29766081871345,686,1
696,14:4,assassinate,True,23,"[9, 14, 18, 5, 7]",3,0.092592592592592,-682,6,6,0.26608187134502903,688,1
697,14:4,assassinate,True,23,"[9, 14, 18, 5, 7]",3,0.092592592592592,-682,6,6,0.26608187134502903,688,1
698,15:6,assassinate,True,21,"[15, 8, 4, 16, 3]",2,0.0,-684,6,6,0.19980506822612001,690,1
699,15:6,assassinate,True,21,"[15, 8, 4, 16, 3]",2,0.0,-684,6,6,0.19980506822612001,690,1
700,"(5,11)",,True,23,"[16, 5, 14, 7, 11]",2,0.0,-686,6,6,0.20370370370370303,692,1
701,"(5,11)",,True,23,"[16, 5, 14, 7, 11]",2,0.0,-686,6,6,0.20370370370370303,692,1
702,9:12,assassinate,True,18,"[9, 15, 11, 4, 14]",2,0.0,-688,6,5,0.304093567251461,694,1
703,9:12,assassinate,True,18,"[9, 15, 11, 4, 14]",2,0.0,-688,6,5,0.304093567251461,694,1
704,"(1,14)",,True,20,"[1, 14, 3, 0, 19]",2,0.0,-690,6,6,0.33040935672514604,696,1
705,"(1,14)",,True,20,"[1, 14, 3, 0, 19]",2,0.0,-690,6,6,0.33040935672514604,696,1
706,"(14,16)",,True,20,"[14, 18, 2, 16, 17]",2,0.0,-692,6,6,0.40058479532163704,698,1
707,"(14,16)",,True,20,"[14, 18, 2, 16, 17]",2,0.0,-692,6,6,0.40058479532163704,698,1
708,"(11,4)",,True,22,"[11, 4, 10, 13, 5]",3,0.040935672514619006,-694,6,6,0.434697855750487,700,1
709,"(11,4)",,True,22,"[11, 4, 10, 13, 5]",3,0.040935672514619006,-694,6,6,0.434697855750487,700,1
710,"(15,16)",,True,24,"[5, 0, 15, 16, 17]",4,0.10233918128654901,-696,6,6,0.501949317738791,702,1
711,"(15,16)",,True,24,"[5, 0, 15, 16, 17]",4,0.10233918128654901,-696,6,6,0.501949317738791,702,1
712,8:8,assassinate,True,21,"[3, 8, 18, 13, 1]",3,0.05653021442495101,-698,6,6,0.5097465886939571,704,1
713,8:8,assassinate,True,21,"[3, 8, 18, 13, 1]",3,0.05653021442495101,-698,6,6,0.5097465886939571,704,1
714,12:4,assassinate,True,20,"[6, 11, 14, 12, 2]",3,0.048732943469785,-700,6,6,0.45516569200779705,706,1
715,12:4,assassinate,True,20,"[6, 11, 14, 12, 2]",3,0.048732943469785,-700,6,6,0.45516569200779705,706,1
716,"(9,3)",,True,22,"[9, 6, 3, 10, 8]",4,0.169103313840155,-702,6,6,0.488304093567251,708,1
717,"(9,3)",,True,22,"[9, 6, 3, 10, 8]",4,0.169103313840155,-702,6,6,0.488304093567251,708,1
718,"(12,13)",,True,24,"[12, 2, 15, 13, 3]",5,0.326998050682261,-704,6,6,0.401559454191033,710,1
719,"(12,13)",,True,24,"[12, 2, 15, 13, 3]",5,0.326998050682261,-704,6,6,0.401559454191033,710,1
720,"(18,11)",,True,26,"[13, 12, 15, 18, 11]",5,0.269493177387914,-706,6,6,0.36939571150097406,712,1
721,"(18,11)",,True,26,"[13, 12, 15, 18, 11]",5,0.269493177387914,-706,6,6,0.36939571150097406,712,1
722,"(18,15)",,True,28,"[18, 5, 15, 17, 0]",5,0.21101364522417101,-708,6,6,0.346491228070175,714,1
723,"(18,15)",,True,28,"[18, 5, 15, 17, 0]",5,0.21101364522417101,-708,6,6,0.346491228070175,714,1
724,12:4,assassinate,True,27,"[12, 2, 0, 11, 17]",5,0.194444444444444,-710,6,6,0.28167641325536,716,1
725,12:4,assassinate,True,27,"[12, 2, 0, 11, 17]",5,0.194444444444444,-710,6,6,0.28167641325536,716,1
726,10:6,assassinate,True,25,"[5, 10, 15, 1, 4]",4,0.12085769980506801,-712,6,6,0.298732943469785,718,1
727,10:6,assassinate,True,25,"[5, 10, 15, 1, 4]",4,0.12085769980506801,-712,6,6,0.298732943469785,718,1
728,"(12,3)",,True,27,"[18, 15, 12, 3, 19]",4,0.11939571150097401,-714,6,6,0.287914230019493,720,1
729,"(12,3)",,True,27,"[18, 15, 12, 3, 19]",4,0.11939571150097401,-714,6,6,0.287914230019493,720,1
730,19:10,assassinate,True,21,"[3, 9, 4, 13, 19]",3,0.17875243664717302,-716,6,5,0.374074074074074,722,1
731,19:10,assassinate,True,21,"[3, 9, 4, 13, 19]",3,0.17875243664717302,-716,6,5,0.374074074074074,722,1
732,7:6,assassinate,True,19,"[16, 7, 4, 15, 14]",2,0.09551656920077901,-718,6,5,0.262183235867446,724,1
733,7:6,assassinate,True,19,"[16, 7, 4, 15, 14]",2,0.09551656920077901,-718,6,5,0.262183235867446,724,1
734,16:6,assassinate,True,15,"[16, 7, 2, 3, 12]",1,0.0,-720,6,4,0.125730994152046,726,1
735,16:6,assassinate,True,15,"[16, 7, 2, 3, 12]",1,0.0,-720,6,4,0.125730994152046,726,1
736,"(5,17)",,True,17,"[5, 17, 10, 0, 9]",1,0.0,-722,6,4,0.11111111111111101,728,1
737,"(5,17)",,True,17,"[5, 17, 10, 0, 9]",1,0.0,-722,6,4,0.11111111111111101,728,1
738,"(4,11)",,True,17,"[14, 4, 3, 8, 11]",2,0.008771929824561,-724,6,4,0.13157894736842102,730,1
739,"(4,11)",,True,17,"[14, 4, 3, 8, 11]",2,0.008771929824561,-724,6,4,0.13157894736842102,730,1
740,"(7,1)",,True,19,"[5, 12, 4, 7, 1]",3,0.08187134502923901,-726,6,5,0.200779727095516,732,1
741,"(7,1)",,True,19,"[5, 12, 4, 7, 1]",3,0.08187134502923901,-726,6,5,0.200779727095516,732,1
742,"(6,11)",,True,21,"[0, 6, 11, 9, 3]",3,0.040935672514619006,-728,6,5,0.142300194931773,734,1
743,"(6,11)",,True,21,"[0, 6, 11, 9, 3]",3,0.040935672514619006,-728,6,5,0.142300194931773,734,1
744,18:10,assassinate,True,17,"[7, 18, 6, 5, 1]",2,0.009746588693957,-730,6,5,0.142300194931773,736,1
745,18:10,assassinate,True,17,"[7, 18, 6, 5, 1]",2,0.009746588693957,-730,6,5,0.142300194931773,736,1
746,"(6,2)",,True,19,"[0, 6, 5, 2, 8]",2,0.009746588693957,-732,6,5,0.180311890838206,738,1
747,"(6,2)",,True,19,"[0, 6, 5, 2, 8]",2,0.009746588693957,-732,6,5,0.180311890838206,738,1
748,"(7,16)",,True,21,"[8, 7, 14, 6, 16]",3,0.177387914230019,-734,6,5,0.328460038986354,740,1
749,"(7,16)",,True,21,"[8, 7, 14, 6, 16]",3,0.177387914230019,-734,6,5,0.328460038986354,740,1
750,"(2,18)",,True,23,"[0, 13, 2, 18, 7]",4,0.22904483430799202,-736,6,5,0.334307992202729,742,1
751,"(2,18)",,True,23,"[0, 13, 2, 18, 7]",4,0.22904483430799202,-736,6,5,0.334307992202729,742,1
752,13:6,assassinate,True,21,"[13, 16, 3, 15, 17]",4,0.21734892787524301,-738,6,5,0.296296296296296,744,1
753,13:6,assassinate,True,21,"[13, 16, 3, 15, 17]",4,0.21734892787524301,-738,6,5,0.296296296296296,744,1
754,5:8,assassinate,True,18,"[5, 1, 9, 4, 6]",4,0.175438596491228,-740,6,5,0.280701754385964,746,1
755,5:8,assassinate,True,18,"[5, 1, 9, 4, 6]",4,0.175438596491228,-740,6,5,0.280701754385964,746,1
756,"(6,1)",,True,20,"[6, 16, 12, 1, 7]",4,0.16959064327485301,-740,7,6,0.25584795321637405,747,1
757,"(6,1)",,True,20,"[6, 16, 12, 1, 7]",4,0.16959064327485301,-740,7,6,0.25584795321637405,747,1
758,"(5,3)",,True,22,"[18, 5, 3, 11, 12]",4,0.18615984405458003,-742,7,6,0.276315789473684,749,1
759,"(5,3)",,True,22,"[18, 5, 3, 11, 12]",4,0.18615984405458003,-742,7,6,0.276315789473684,749,1
760,"(10,1)",,True,22,"[10, 18, 6, 1, 12]",4,0.099025341130604,-744,7,6,0.25516569200779704,751,1
761,"(10,1)",,True,22,"[10, 18, 6, 1, 12]",4,0.099025341130604,-744,7,6,0.25516569200779704,751,1
762,"(4,14)",,True,22,"[4, 7, 14, 5, 10]",4,0.08713450292397601,-746,7,6,0.25623781676413204,753,1
763,"(4,14)",,True,22,"[4, 7, 14, 5, 10]",4,0.08713450292397601,-746,7,6,0.25623781676413204,753,1
764,"(1,3)",,True,22,"[1, 4, 2, 9, 3]",4,0.08713450292397601,-748,7,6,0.25623781676413204,755,1
765,"(1,3)",,True,22,"[1, 4, 2, 9, 3]",4,0.08713450292397601,-748,7,6,0.25623781676413204,755,1
766,"(0,19)",,True,22,"[0, 7, 15, 19, 2]",3,0.032553606237816,-750,7,6,0.255750487329434,757,1
767,"(0,19)",,True,22,"[0, 7, 15, 19, 2]",3,0.032553606237816,-750,7,6,0.255750487329434,757,1
768,"(4,3)",,True,22,"[4, 3, 17, 18, 9]",3,0.024853801169590004,-752,7,6,0.252436647173489,759,1
769,"(4,3)",,True,22,"[4, 3, 17, 18, 9]",3,0.024853801169590004,-752,7,6,0.252436647173489,759,1
770,"(11,5)",,True,24,"[11, 10, 19, 5, 14]",4,0.051169590643274004,-754,7,6,0.178362573099415,761,1
771,"(11,5)",,True,24,"[11, 10, 19, 5, 14]",4,0.051169590643274004,-754,7,6,0.178362573099415,761,1
772,"(14,7)",,True,24,"[5, 14, 7, 0, 2]",4,0.049220272904483005,-756,7,6,0.15740740740740702,763,1
773,"(14,7)",,True,24,"[5, 14, 7, 0, 2]",4,0.049220272904483005,-756,7,6,0.15740740740740702,763,1
774,"(1,13)",,True,26,"[1, 3, 10, 6, 13]",4,0.091617933723196,-758,7,7,0.256822612085769,765,1
775,"(1,13)",,True,26,"[1, 3, 10, 6, 13]",4,0.091617933723196,-758,7,7,0.256822612085769,765,1
776,"(10,2)",,True,28,"[10, 14, 2, 13, 18]",4,0.091520467836257,-760,7,7,0.221734892787524,767,1
777,"(10,2)",,True,28,"[10, 14, 2, 13, 18]",4,0.091520467836257,-760,7,7,0.221734892787524,767,1
778,12:4,assassinate,True,27,"[5, 2, 6, 12, 7]",4,0.08323586744639301,-762,7,7,0.22124756335282603,769,1
779,12:4,assassinate,True,27,"[5, 2, 6, 12, 7]",4,0.08323586744639301,-762,7,7,0.22124756335282603,769,1
780,16:10,assassinate,True,23,"[17, 9, 16, 14, 18]",3,0.006335282651072,-764,7,7,0.18274853801169502,771,1
781,16:10,assassinate,True,23,"[17, 9, 16, 14, 18]",3,0.006335282651072,-764,7,7,0.18274853801169502,771,1
782,19:8,assassinate,True,20,"[1, 2, 19, 5, 9]",3,0.011695906432748001,-766,7,7,0.19103313840155903,773,1
783,19:8,assassinate,True,20,"[1, 2, 19, 5, 9]",3,0.011695906432748001,-766,7,7,0.19103313840155903,773,1
784,"(17,1)",,True,20,"[17, 16, 1, 15, 14]",3,0.011695906432748001,-768,7,7,0.259259259259259,775,1
785,"(17,1)",,True,20,"[17, 16, 1, 15, 14]",3,0.011695906432748001,-768,7,7,0.259259259259259,775,1
786,"(8,1)",,True,22,"[6, 8, 11, 1, 16]",3,0.009746588693957,-770,7,8,0.286549707602339,777,1
787,"(8,1)",,True,22,"[6, 8, 11, 1, 16]",3,0.009746588693957,-770,7,8,0.286549707602339,777,1
788,"(12,13)",,True,24,"[12, 16, 2, 13, 4]",3,0.009746588693957,-772,7,8,0.33333333333333304,779,1
789,"(12,13)",,True,24,"[12, 16, 2, 13, 4]",3,0.009746588693957,-772,7,8,0.33333333333333304,779,1
790,"(3,10)",,True,22,"[15, 3, 6, 19, 10]",3,0.011695906432748001,-774,7,7,0.22417153996101302,781,1
791,"(3,10)",,True,22,"[15, 3, 6, 19, 10]",3,0.011695906432748001,-774,7,7,0.22417153996101302,781,1
792,"(11,6)",,True,22,"[14, 10, 11, 5, 6]",4,0.017933723196881,-776,7,7,0.24619883040935603,783,1
793,"(11,6)",,True,22,"[14, 10, 11, 5, 6]",4,0.017933723196881,-776,7,7,0.24619883040935603,783,1
794,"(1,19)",,True,24,"[7, 1, 3, 9, 19]",4,0.024171539961013,-778,7,8,0.278167641325536,785,1
795,"(1,19)",,True,24,"[7, 1, 3, 9, 19]",4,0.024171539961013,-778,7,8,0.278167641325536,785,1
796,3:10,assassinate,True,20,"[3, 11, 10, 18, 8]",3,0.007797270955165,-780,7,7,0.269005847953216,787,1
797,3:10,assassinate,True,20,"[3, 11, 10, 18, 8]",3,0.007797270955165,-780,7,7,0.269005847953216,787,1
798,"(1,16)",,True,22,"[11, 19, 1, 16, 8]",4,0.183235867446393,-782,7,8,0.44834307992202704,789,1
799,"(1,16)",,True,22,"[11, 19, 1, 16, 8]",4,0.183235867446393,-782,7,8,0.44834307992202704,789,1
