,actionDetail,actionType,bonusActivated,graphEdgeCount,nodeList,p1Degree,p1Score,p1WinAdvantage,p1WinCount,p2Degree,p2Score,p2WinCount,player
0,"(9,15)",,True,3,"[9, 15, 5, 2, 19]",2,0.005847953216374001,2,2,0,-0.001,0,1
1,"(9,15)",,True,3,"[9, 15, 5, 2, 19]",2,0.005847953216374001,2,2,0,-0.001,0,1
2,11:2,assassinate,True,4,"[11, 15, 18, 16, 14]",3,0.017543859649122,4,4,0,-0.001,0,1
3,11:2,assassinate,True,4,"[11, 15, 18, 16, 14]",3,0.017543859649122,4,4,0,-0.001,0,1
4,11:2,assassinate,True,5,"[4, 9, 10, 11, 19]",4,0.035087719298245,6,6,0,-0.001,0,1
5,11:2,assassinate,True,5,"[4, 9, 10, 11, 19]",4,0.035087719298245,6,6,0,-0.001,0,1
6,2:2,assassinate,True,6,"[18, 12, 13, 8, 2]",3,0.040935672514619006,8,8,0,-0.001,0,1
7,2:2,assassinate,True,6,"[18, 12, 13, 8, 2]",3,0.040935672514619006,8,8,0,-0.001,0,1
8,7:4,assassinate,True,6,"[7, 12, 9, 16, 18]",2,0.017543859649122,10,10,0,-0.001,0,1
9,7:4,assassinate,True,6,"[7, 12, 9, 16, 18]",2,0.017543859649122,10,10,0,-0.001,0,1
10,5:4,assassinate,True,6,"[0, 1, 18, 12, 5]",4,0.052631578947368,12,12,0,-0.001,0,1
11,5:4,assassinate,True,6,"[0, 1, 18, 12, 5]",4,0.052631578947368,12,12,0,-0.001,0,1
12,3:2,assassinate,True,7,"[3, 18, 15, 8, 5]",5,0.08187134502923901,14,14,0,-0.001,0,1
13,3:2,assassinate,True,7,"[3, 18, 15, 8, 5]",5,0.08187134502923901,14,14,0,-0.001,0,1
14,19:2,assassinate,True,7,"[10, 17, 13, 19, 8]",5,0.05847953216374201,16,16,0,-0.001,0,1
15,19:2,assassinate,True,7,"[10, 17, 13, 19, 8]",5,0.05847953216374201,16,16,0,-0.001,0,1
16,2:2,assassinate,True,8,"[13, 17, 10, 9, 2]",6,0.087719298245614,18,18,0,-0.001,0,1
17,2:2,assassinate,True,8,"[13, 17, 10, 9, 2]",6,0.087719298245614,18,18,0,-0.001,0,1
18,3:2,assassinate,True,8,"[19, 2, 8, 4, 3]",6,0.11695906432748501,20,20,0,-0.001,0,1
19,3:2,assassinate,True,8,"[19, 2, 8, 4, 3]",6,0.11695906432748501,20,20,0,-0.001,0,1
20,9:4,assassinate,True,8,"[16, 10, 4, 8, 9]",7,0.122807017543859,22,22,0,-0.001,0,1
21,9:4,assassinate,True,8,"[16, 10, 4, 8, 9]",7,0.122807017543859,22,22,0,-0.001,0,1
22,"(7,0)",,True,9,"[7, 19, 0, 10, 16]",6,0.15204678362573001,24,24,0,-0.001,0,1
23,"(7,0)",,True,9,"[7, 19, 0, 10, 16]",6,0.15204678362573001,24,24,0,-0.001,0,1
24,7:2,assassinate,True,10,"[7, 4, 3, 13, 18]",7,0.245614035087719,26,26,0,-0.001,0,1
25,7:2,assassinate,True,10,"[7, 4, 3, 13, 18]",7,0.245614035087719,26,26,0,-0.001,0,1
26,"(16,0)",,True,10,"[16, 1, 3, 0, 18]",7,0.245614035087719,28,28,0,-0.001,0,1
27,"(16,0)",,True,10,"[16, 1, 3, 0, 18]",7,0.245614035087719,28,28,0,-0.001,0,1
28,4:2,assassinate,True,11,"[4, 7, 11, 2, 3]",6,0.27485380116959,30,30,0,-0.001,0,1
29,4:2,assassinate,True,11,"[4, 7, 11, 2, 3]",6,0.27485380116959,30,30,0,-0.001,0,1
30,17:4,assassinate,True,11,"[18, 6, 17, 13, 9]",7,0.19883040935672502,32,32,0,-0.001,0,1
31,17:4,assassinate,True,11,"[18, 6, 17, 13, 9]",7,0.19883040935672502,32,32,0,-0.001,0,1
32,6:4,assassinate,True,11,"[5, 17, 15, 6, 3]",8,0.20467836257309902,34,34,0,-0.001,0,1
33,6:4,assassinate,True,11,"[5, 17, 15, 6, 3]",8,0.20467836257309902,34,34,0,-0.001,0,1
34,5:4,assassinate,True,11,"[13, 3, 19, 5, 2]",7,0.19883040935672502,36,36,1,0.0,0,1
35,5:4,assassinate,True,11,"[13, 3, 19, 5, 2]",7,0.19883040935672502,36,36,1,0.0,0,1
36,3:2,assassinate,True,11,"[2, 12, 3, 6, 7]",6,0.15204678362573001,38,38,1,0.0,0,1
37,3:2,assassinate,True,11,"[2, 12, 3, 6, 7]",6,0.15204678362573001,38,38,1,0.0,0,1
38,12:4,assassinate,True,10,"[15, 7, 12, 8, 16]",6,0.15204678362573001,40,40,1,0.0,0,1
39,12:4,assassinate,True,10,"[15, 7, 12, 8, 16]",6,0.15204678362573001,40,40,1,0.0,0,1
40,13:2,assassinate,True,11,"[3, 14, 7, 13, 1]",5,0.175438596491228,42,42,1,0.0,0,1
41,13:2,assassinate,True,11,"[3, 14, 7, 13, 1]",5,0.175438596491228,42,42,1,0.0,0,1
42,"(19,0)",,True,11,"[19, 8, 0, 13, 12]",5,0.269005847953216,44,44,1,0.0,0,1
43,"(19,0)",,True,11,"[19, 8, 0, 13, 12]",5,0.269005847953216,44,44,1,0.0,0,1
44,16:8,assassinate,True,9,"[9, 5, 1, 17, 16]",4,0.12865497076023302,46,46,1,0.0,0,1
45,16:8,assassinate,True,9,"[9, 5, 1, 17, 16]",4,0.12865497076023302,46,46,1,0.0,0,1
46,"(15,0)",,True,10,"[6, 15, 0, 19, 3]",3,0.19298245614035,48,48,1,0.0,0,1
47,"(15,0)",,True,10,"[6, 15, 0, 19, 3]",3,0.19298245614035,48,48,1,0.0,0,1
48,10:6,assassinate,True,9,"[18, 3, 5, 10, 4]",4,0.157894736842105,50,50,1,0.0,0,1
49,10:6,assassinate,True,9,"[18, 3, 5, 10, 4]",4,0.157894736842105,50,50,1,0.0,0,1
50,17:6,assassinate,True,7,"[18, 2, 9, 17, 1]",3,0.06432748538011601,52,52,1,0.0,0,1
51,17:6,assassinate,True,7,"[18, 2, 9, 17, 1]",3,0.06432748538011601,52,52,1,0.0,0,1
52,9:4,assassinate,True,7,"[3, 2, 13, 8, 9]",2,0.035087719298245,54,54,1,0.0,0,1
53,9:4,assassinate,True,7,"[3, 2, 13, 8, 9]",2,0.035087719298245,54,54,1,0.0,0,1
54,14:4,assassinate,True,5,"[15, 1, 18, 14, 2]",2,0.017543859649122,56,56,1,0.0,0,1
55,14:4,assassinate,True,5,"[15, 1, 18, 14, 2]",2,0.017543859649122,56,56,1,0.0,0,1
56,16:4,assassinate,True,5,"[2, 5, 13, 3, 16]",2,0.017543859649122,58,58,1,0.0,0,1
57,16:4,assassinate,True,5,"[2, 5, 13, 3, 16]",2,0.017543859649122,58,58,1,0.0,0,1
58,"(15,1)",,True,8,"[10, 15, 18, 6, 1]",2,0.026315789473684,59,59,2,0.026315789473684,0,1
59,"(15,1)",,True,8,"[10, 15, 18, 6, 1]",2,0.026315789473684,59,59,2,0.026315789473684,0,1
60,"(9,6)",,True,10,"[9, 6, 10, 0, 12]",2,0.035087719298245,59,59,2,0.035087719298245,0,1
61,"(9,6)",,True,10,"[9, 6, 10, 0, 12]",2,0.035087719298245,59,59,2,0.035087719298245,0,1
62,"(1,6)",,True,12,"[1, 8, 6, 0, 19]",2,0.008771929824561,58,59,3,0.096491228070175,1,1
63,"(1,6)",,True,12,"[1, 8, 6, 0, 19]",2,0.008771929824561,58,59,3,0.096491228070175,1,1
64,"(14,8)",,True,13,"[14, 8, 5, 7, 17]",2,0.005847953216374001,56,59,2,0.052631578947368,3,1
65,"(14,8)",,True,13,"[14, 8, 5, 7, 17]",2,0.005847953216374001,56,59,2,0.052631578947368,3,1
66,"(1,18)",,True,15,"[1, 10, 18, 11, 6]",2,0.005847953216374001,54,59,3,0.18128654970760202,5,1
67,"(1,18)",,True,15,"[1, 10, 18, 11, 6]",2,0.005847953216374001,54,59,3,0.18128654970760202,5,1
68,"(9,7)",,True,16,"[14, 0, 9, 7, 16]",2,0.035087719298245,52,59,3,0.16374269005847902,7,1
69,"(9,7)",,True,16,"[14, 0, 9, 7, 16]",2,0.035087719298245,52,59,3,0.16374269005847902,7,1
70,"(3,11)",,True,17,"[3, 12, 11, 18, 6]",2,0.032163742690058006,50,59,2,0.15204678362573001,9,1
71,"(3,11)",,True,17,"[3, 12, 11, 18, 6]",2,0.032163742690058006,50,59,2,0.15204678362573001,9,1
72,15:6,assassinate,True,15,"[12, 2, 16, 17, 15]",1,0.0,48,59,2,0.140350877192982,11,1
73,15:6,assassinate,True,15,"[12, 2, 16, 17, 15]",1,0.0,48,59,2,0.140350877192982,11,1
74,13:6,assassinate,True,14,"[0, 19, 2, 15, 13]",1,0.0,46,59,2,0.070175438596491,13,1
75,13:6,assassinate,True,14,"[0, 19, 2, 15, 13]",1,0.0,46,59,2,0.070175438596491,13,1
76,"(18,16)",,True,16,"[0, 14, 18, 16, 5]",1,0.0,44,59,2,0.140350877192982,15,1
77,"(18,16)",,True,16,"[0, 14, 18, 16, 5]",1,0.0,44,59,2,0.140350877192982,15,1
78,"(16,10)",,True,18,"[9, 16, 10, 12, 7]",1,0.0,42,59,2,0.210526315789473,17,1
79,"(16,10)",,True,18,"[9, 16, 10, 12, 7]",1,0.0,42,59,2,0.210526315789473,17,1
80,8:6,assassinate,True,15,"[16, 15, 17, 8, 4]",2,0.052631578947368,44,61,1,0.0,17,1
81,8:6,assassinate,True,15,"[16, 15, 17, 8, 4]",2,0.052631578947368,44,61,1,0.0,17,1
82,"(12,1)",,True,17,"[12, 18, 13, 1, 10]",2,0.08187134502923901,44,62,2,0.210526315789473,18,1
83,"(12,1)",,True,17,"[12, 18, 13, 1, 10]",2,0.08187134502923901,44,62,2,0.210526315789473,18,1
84,"(14,11)",,True,18,"[15, 18, 13, 14, 11]",3,0.08187134502923901,44,63,2,0.210526315789473,19,1
85,"(14,11)",,True,18,"[15, 18, 13, 14, 11]",3,0.08187134502923901,44,63,2,0.210526315789473,19,1
86,"(5,9)",,True,20,"[5, 18, 9, 6, 0]",3,0.08187134502923901,42,63,2,0.210526315789473,21,1
87,"(5,9)",,True,20,"[5, 18, 9, 6, 0]",3,0.08187134502923901,42,63,2,0.210526315789473,21,1
88,2:2,assassinate,True,21,"[8, 2, 4, 17, 13]",3,0.07602339181286501,44,65,2,0.012280701754385,21,1
89,2:2,assassinate,True,21,"[8, 2, 4, 17, 13]",3,0.07602339181286501,44,65,2,0.012280701754385,21,1
90,5:4,assassinate,True,20,"[5, 12, 15, 0, 14]",3,0.07602339181286501,46,67,2,0.012280701754385,21,1
91,5:4,assassinate,True,20,"[5, 12, 15, 0, 14]",3,0.07602339181286501,46,67,2,0.012280701754385,21,1
92,6:8,assassinate,True,18,"[18, 10, 6, 0, 14]",3,0.070175438596491,48,69,2,0.011695906432748001,21,1
93,6:8,assassinate,True,18,"[18, 10, 6, 0, 14]",3,0.070175438596491,48,69,2,0.011695906432748001,21,1
94,7:4,assassinate,True,18,"[16, 5, 7, 15, 18]",3,0.07602339181286501,50,71,2,0.034113060428849006,21,1
95,7:4,assassinate,True,18,"[16, 5, 7, 15, 18]",3,0.07602339181286501,50,71,2,0.034113060428849006,21,1
96,10:2,assassinate,True,19,"[2, 5, 13, 15, 10]",3,0.070175438596491,52,73,2,0.006335282651072,21,1
97,10:2,assassinate,True,19,"[2, 5, 13, 15, 10]",3,0.070175438596491,52,73,2,0.006335282651072,21,1
98,"(1,5)",,True,22,"[1, 4, 5, 17, 7]",3,0.087719298245614,52,74,3,0.094054580896686,22,1
99,"(1,5)",,True,22,"[1, 4, 5, 17, 7]",3,0.087719298245614,52,74,3,0.094054580896686,22,1
100,8:8,assassinate,True,19,"[14, 10, 8, 13, 6]",3,0.07602339181286501,50,74,3,0.08479532163742601,24,1
101,8:8,assassinate,True,19,"[14, 10, 8, 13, 6]",3,0.07602339181286501,50,74,3,0.08479532163742601,24,1
102,14:6,assassinate,True,18,"[14, 7, 3, 8, 9]",2,0.140350877192982,52,76,3,0.08479532163742601,24,1
103,14:6,assassinate,True,18,"[14, 7, 3, 8, 9]",2,0.140350877192982,52,76,3,0.08479532163742601,24,1
104,"(10,18)",,True,19,"[14, 10, 18, 6, 0]",2,0.021442495126705003,52,77,2,0.08187134502923901,25,1
105,"(10,18)",,True,19,"[14, 10, 18, 6, 0]",2,0.021442495126705003,52,77,2,0.08187134502923901,25,1
106,"(8,1)",,True,22,"[9, 2, 8, 16, 1]",2,0.036062378167641004,50,77,3,0.11111111111111101,27,1
107,"(8,1)",,True,22,"[9, 2, 8, 16, 1]",2,0.036062378167641004,50,77,3,0.11111111111111101,27,1
108,"(1,13)",,True,23,"[19, 1, 8, 3, 13]",2,0.046783625730994004,48,77,3,0.16959064327485301,29,1
109,"(1,13)",,True,23,"[19, 1, 8, 3, 13]",2,0.046783625730994004,48,77,3,0.16959064327485301,29,1
110,17:2,assassinate,True,24,"[14, 15, 17, 3, 4]",4,0.143274853801169,48,78,4,0.16198830409356701,30,1
111,17:2,assassinate,True,24,"[14, 15, 17, 3, 4]",4,0.143274853801169,48,78,4,0.16198830409356701,30,1
112,"(14,1)",,True,25,"[17, 4, 8, 14, 1]",4,0.130604288499025,48,79,4,0.131286549707602,31,1
113,"(14,1)",,True,25,"[17, 4, 8, 14, 1]",4,0.130604288499025,48,79,4,0.131286549707602,31,1
114,"(18,17)",,True,28,"[18, 5, 9, 17, 6]",4,0.14424951267056502,48,80,4,0.15565302144249502,32,1
115,"(18,17)",,True,28,"[18, 5, 9, 17, 6]",4,0.14424951267056502,48,80,4,0.15565302144249502,32,1
116,19:10,assassinate,True,24,"[4, 13, 8, 19, 1]",3,0.066276803118908,48,81,4,0.18148148148148102,33,1
117,19:10,assassinate,True,24,"[4, 13, 8, 19, 1]",3,0.066276803118908,48,81,4,0.18148148148148102,33,1
118,"(14,13)",,True,27,"[7, 12, 14, 6, 13]",3,0.140545808966861,46,81,4,0.282846003898635,35,1
119,"(14,13)",,True,27,"[7, 12, 14, 6, 13]",3,0.140545808966861,46,81,4,0.282846003898635,35,1
120,"(18,0)",,True,28,"[5, 18, 0, 17, 6]",4,0.19707602339181202,48,83,4,0.16198830409356701,35,1
121,"(18,0)",,True,28,"[5, 18, 0, 17, 6]",4,0.19707602339181202,48,83,4,0.16198830409356701,35,1
122,"(1,12)",,True,29,"[6, 2, 1, 14, 12]",4,0.15438596491228002,48,84,5,0.182651072124756,36,1
123,"(1,12)",,True,29,"[6, 2, 1, 14, 12]",4,0.15438596491228002,48,84,5,0.182651072124756,36,1
124,17:4,assassinate,True,27,"[6, 18, 7, 10, 17]",4,0.21988304093567201,50,86,5,0.173391812865497,36,1
125,17:4,assassinate,True,27,"[6, 18, 7, 10, 17]",4,0.21988304093567201,50,86,5,0.173391812865497,36,1
126,11:12,assassinate,True,23,"[9, 11, 16, 19, 7]",5,0.23684210526315702,52,88,5,0.18713450292397601,36,1
127,11:12,assassinate,True,23,"[9, 11, 16, 19, 7]",5,0.23684210526315702,52,88,5,0.18713450292397601,36,1
128,"(14,0)",,True,24,"[1, 14, 17, 0, 15]",6,0.23050682261208502,52,89,5,0.24122807017543801,37,1
129,"(14,0)",,True,24,"[1, 14, 17, 0, 15]",6,0.23050682261208502,52,89,5,0.24122807017543801,37,1
130,"(5,0)",,True,25,"[14, 8, 15, 5, 0]",5,0.23196881091617902,54,91,5,0.22417153996101302,37,1
131,"(5,0)",,True,25,"[14, 8, 15, 5, 0]",5,0.23196881091617902,54,91,5,0.22417153996101302,37,1
132,4:8,assassinate,True,21,"[6, 3, 12, 9, 4]",4,0.207602339181286,54,92,4,0.36549707602339104,38,1
133,4:8,assassinate,True,21,"[6, 3, 12, 9, 4]",4,0.207602339181286,54,92,4,0.36549707602339104,38,1
134,"(3,18)",,True,22,"[3, 7, 17, 18, 8]",4,0.21442495126705602,52,92,4,0.331384015594541,40,1
135,"(3,18)",,True,22,"[3, 7, 17, 18, 8]",4,0.21442495126705602,52,92,4,0.331384015594541,40,1
136,"(14,17)",,True,23,"[10, 14, 18, 17, 7]",4,0.15204678362573001,50,92,4,0.25341130604288503,42,1
137,"(14,17)",,True,23,"[10, 14, 18, 17, 7]",4,0.15204678362573001,50,92,4,0.25341130604288503,42,1
138,19:6,assassinate,True,22,"[7, 11, 19, 18, 3]",3,0.183235867446393,48,92,4,0.255360623781676,44,1
139,19:6,assassinate,True,22,"[7, 11, 19, 18, 3]",3,0.183235867446393,48,92,4,0.255360623781676,44,1
140,"(7,1)",,True,25,"[17, 0, 7, 3, 1]",3,0.18635477582846002,46,92,5,0.23625730994152003,46,1
141,"(7,1)",,True,25,"[17, 0, 7, 3, 1]",3,0.18635477582846002,46,92,5,0.23625730994152003,46,1
142,"(18,3)",,True,24,"[18, 3, 0, 9, 11]",3,0.207602339181286,46,93,4,0.23391812865497003,47,1
143,"(18,3)",,True,24,"[18, 3, 0, 9, 11]",3,0.207602339181286,46,93,4,0.23391812865497003,47,1
144,"(18,5)",,True,25,"[18, 12, 13, 5, 19]",3,0.2,46,94,4,0.22563352826510702,48,1
145,"(18,5)",,True,25,"[18, 12, 13, 5, 19]",3,0.2,46,94,4,0.22563352826510702,48,1
146,"(11,1)",,True,28,"[11, 18, 9, 1, 4]",3,0.194736842105263,46,95,5,0.259649122807017,49,1
147,"(11,1)",,True,28,"[11, 18, 9, 1, 4]",3,0.194736842105263,46,95,5,0.259649122807017,49,1
148,2:4,assassinate,True,28,"[5, 14, 10, 9, 2]",2,0.019298245614035002,44,95,5,0.15818713450292302,51,1
149,2:4,assassinate,True,28,"[5, 14, 10, 9, 2]",2,0.019298245614035002,44,95,5,0.15818713450292302,51,1
150,14:12,assassinate,True,24,"[5, 2, 11, 9, 14]",2,0.020467836257309,42,95,5,0.16861598440545802,53,1
151,14:12,assassinate,True,24,"[5, 2, 11, 9, 14]",2,0.020467836257309,42,95,5,0.16861598440545802,53,1
152,"(19,5)",,True,27,"[18, 19, 5, 11, 3]",2,0.051461988304093,40,95,5,0.31520467836257304,55,1
153,"(19,5)",,True,27,"[18, 19, 5, 11, 3]",2,0.051461988304093,40,95,5,0.31520467836257304,55,1
154,"(13,14)",,True,30,"[0, 9, 13, 14, 15]",2,0.059259259259259005,38,95,5,0.316764132553606,57,1
155,"(13,14)",,True,30,"[0, 9, 13, 14, 15]",2,0.059259259259259005,38,95,5,0.316764132553606,57,1
156,"(3,2)",,True,29,"[13, 3, 2, 0, 12]",2,0.077972709551656,36,95,5,0.34697855750487305,59,1
157,"(3,2)",,True,29,"[13, 3, 2, 0, 12]",2,0.077972709551656,36,95,5,0.34697855750487305,59,1
158,"(4,18)",,True,32,"[17, 10, 4, 18, 2]",2,0.025341130604288,34,95,5,0.157894736842105,61,1
159,"(4,18)",,True,32,"[17, 10, 4, 18, 2]",2,0.025341130604288,34,95,5,0.157894736842105,61,1
160,"(5,19)",,True,33,"[5, 19, 4, 3, 18]",2,0.027290448343079,32,95,5,0.170426065162907,63,1
161,"(5,19)",,True,33,"[5, 19, 4, 3, 18]",2,0.027290448343079,32,95,5,0.170426065162907,63,1
162,"(14,18)",,True,36,"[13, 14, 2, 18, 5]",2,0.025730994152046,30,95,5,0.15545808966861502,65,1
163,"(14,18)",,True,36,"[13, 14, 2, 18, 5]",2,0.025730994152046,30,95,5,0.15545808966861502,65,1
164,8:12,assassinate,True,30,"[12, 18, 19, 13, 8]",1,0.0,28,95,5,0.17465886939571101,67,1
165,8:12,assassinate,True,30,"[12, 18, 19, 13, 8]",1,0.0,28,95,5,0.17465886939571101,67,1
166,"(1,8)",,True,33,"[18, 1, 12, 8, 3]",1,0.0,26,95,6,0.267787524366471,69,1
167,"(1,8)",,True,33,"[18, 1, 12, 8, 3]",1,0.0,26,95,6,0.267787524366471,69,1
168,"(18,5)",,True,34,"[12, 18, 14, 5, 11]",1,0.0,24,95,6,0.22970620996936703,71,1
169,"(18,5)",,True,34,"[12, 18, 14, 5, 11]",1,0.0,24,95,6,0.22970620996936703,71,1
170,"(6,8)",,True,34,"[17, 6, 8, 9, 10]",1,0.0,22,95,5,0.373050682261208,73,1
171,"(6,8)",,True,34,"[17, 6, 8, 9, 10]",1,0.0,22,95,5,0.373050682261208,73,1
172,"(12,10)",,True,37,"[12, 18, 10, 4, 0]",1,0.0,20,95,5,0.20942170240415803,75,1
173,"(12,10)",,True,37,"[12, 18, 10, 4, 0]",1,0.0,20,95,5,0.20942170240415803,75,1
174,7:14,assassinate,True,30,"[11, 0, 7, 12, 17]",1,0.0,18,95,4,0.21345029239766003,77,1
175,7:14,assassinate,True,30,"[11, 0, 7, 12, 17]",1,0.0,18,95,4,0.21345029239766003,77,1
176,"(8,9)",,True,31,"[10, 14, 8, 19, 9]",1,0.0,16,95,4,0.16179337231968802,79,1
177,"(8,9)",,True,31,"[10, 14, 8, 19, 9]",1,0.0,16,95,4,0.16179337231968802,79,1
178,3:10,assassinate,True,26,"[13, 16, 17, 3, 6]",1,0.0,14,95,4,0.194931773879142,81,1
179,3:10,assassinate,True,26,"[13, 16, 17, 3, 6]",1,0.0,14,95,4,0.194931773879142,81,1
180,"(10,0)",,True,27,"[10, 1, 17, 0, 8]",2,0.06432748538011601,12,95,4,0.20662768031189002,83,1
181,"(10,0)",,True,27,"[10, 1, 17, 0, 8]",2,0.06432748538011601,12,95,4,0.20662768031189002,83,1
182,"(7,1)",,True,30,"[7, 16, 1, 19, 13]",2,0.067251461988304,10,95,5,0.28391812865497,85,1
183,"(7,1)",,True,30,"[7, 16, 1, 19, 13]",2,0.067251461988304,10,95,5,0.28391812865497,85,1
184,"(4,9)",,True,33,"[7, 4, 9, 14, 10]",2,0.037037037037037,8,95,5,0.19980506822612001,87,1
185,"(4,9)",,True,33,"[7, 4, 9, 14, 10]",2,0.037037037037037,8,95,5,0.19980506822612001,87,1
186,"(3,17)",,True,32,"[3, 12, 6, 17, 5]",2,0.029239766081871003,6,95,3,0.105263157894736,89,1
187,"(3,17)",,True,32,"[3, 12, 6, 17, 5]",2,0.029239766081871003,6,95,3,0.105263157894736,89,1
188,"(1,7)",,True,33,"[1, 6, 9, 4, 7]",2,0.105263157894736,7,96,3,0.105263157894736,89,1
189,"(1,7)",,True,33,"[1, 6, 9, 4, 7]",2,0.105263157894736,7,96,3,0.105263157894736,89,1
190,3:2,assassinate,True,34,"[3, 13, 11, 0, 14]",4,0.18440545808966802,9,98,3,0.05847953216374201,89,1
191,3:2,assassinate,True,34,"[3, 13, 11, 0, 14]",4,0.18440545808966802,9,98,3,0.05847953216374201,89,1
192,9:12,assassinate,True,30,"[2, 8, 6, 9, 0]",5,0.26315789473684204,11,100,3,0.062155388471177006,89,1
193,9:12,assassinate,True,30,"[2, 8, 6, 9, 0]",5,0.26315789473684204,11,100,3,0.062155388471177006,89,1
194,5:2,assassinate,True,31,"[16, 8, 2, 5, 11]",6,0.222417153996101,13,102,3,0.029239766081871003,89,1
195,5:2,assassinate,True,31,"[16, 8, 2, 5, 11]",6,0.222417153996101,13,102,3,0.029239766081871003,89,1
196,"(1,17)",,True,33,"[12, 1, 17, 19, 7]",6,0.212475633528265,15,104,4,0.07465886939571101,89,1
197,"(1,17)",,True,33,"[12, 1, 17, 19, 7]",6,0.212475633528265,15,104,4,0.07465886939571101,89,1
198,16:8,assassinate,True,31,"[9, 16, 5, 4, 14]",7,0.21023391812865402,17,106,4,0.050779727095516,89,1
199,16:8,assassinate,True,31,"[9, 16, 5, 4, 14]",7,0.21023391812865402,17,106,4,0.050779727095516,89,1
200,7:4,assassinate,True,31,"[19, 9, 7, 2, 6]",8,0.261793372319688,19,108,3,0.016569200779727,89,1
201,7:4,assassinate,True,31,"[19, 9, 7, 2, 6]",8,0.261793372319688,19,108,3,0.016569200779727,89,1
202,"(16,0)",,True,29,"[4, 5, 16, 6, 0]",7,0.191130604288498,21,110,3,0.029239766081871003,89,1
203,"(16,0)",,True,29,"[4, 5, 16, 6, 0]",7,0.191130604288498,21,110,3,0.029239766081871003,89,1
204,"(9,1)",,True,30,"[9, 1, 4, 8, 13]",7,0.198927875243664,23,112,4,0.11500974658869301,89,1
205,"(9,1)",,True,30,"[9, 1, 4, 8, 13]",7,0.198927875243664,23,112,4,0.11500974658869301,89,1
206,11:4,assassinate,True,28,"[18, 2, 17, 11, 5]",6,0.17280701754385902,25,114,4,0.107602339181286,89,1
207,11:4,assassinate,True,28,"[18, 2, 17, 11, 5]",6,0.17280701754385902,25,114,4,0.107602339181286,89,1
208,"(8,7)",,True,31,"[8, 7, 6, 16, 14]",6,0.18401559454191002,27,116,4,0.081286549707602,89,1
209,"(8,7)",,True,31,"[8, 7, 6, 16, 14]",6,0.18401559454191002,27,116,4,0.081286549707602,89,1
210,"(16,0)",,True,32,"[9, 2, 7, 16, 0]",7,0.21081871345029202,29,118,4,0.075438596491228,89,1
211,"(16,0)",,True,32,"[9, 2, 7, 16, 0]",7,0.21081871345029202,29,118,4,0.075438596491228,89,1
212,15:6,assassinate,True,27,"[10, 15, 7, 5, 17]",6,0.16101364522417103,31,120,4,0.067738791423001,89,1
213,15:6,assassinate,True,27,"[10, 15, 7, 5, 17]",6,0.16101364522417103,31,120,4,0.067738791423001,89,1
214,"(3,0)",,True,28,"[3, 0, 6, 19, 18]",5,0.07465886939571101,33,122,4,0.024463937621832,89,1
215,"(3,0)",,True,28,"[3, 0, 6, 19, 18]",5,0.07465886939571101,33,122,4,0.024463937621832,89,1
216,"(0,17)",,True,29,"[6, 0, 9, 12, 17]",6,0.209941520467836,35,124,4,0.040323029796714004,89,1
217,"(0,17)",,True,29,"[6, 0, 9, 12, 17]",6,0.209941520467836,35,124,4,0.040323029796714004,89,1
218,"(1,13)",,True,30,"[1, 10, 13, 0, 9]",6,0.226998050682261,37,126,4,0.041325536062378,89,1
219,"(1,13)",,True,30,"[1, 10, 13, 0, 9]",6,0.226998050682261,37,126,4,0.041325536062378,89,1
220,16:2,assassinate,True,29,"[19, 16, 14, 10, 1]",5,0.147772208298524,39,128,4,0.032163742690058006,89,1
221,16:2,assassinate,True,29,"[19, 16, 14, 10, 1]",5,0.147772208298524,39,128,4,0.032163742690058006,89,1
222,7:4,assassinate,True,27,"[14, 2, 18, 7, 17]",4,0.095029239766081,41,130,3,0.029337231968810003,89,1
223,7:4,assassinate,True,27,"[14, 2, 18, 7, 17]",4,0.095029239766081,41,130,3,0.029337231968810003,89,1
224,18:12,assassinate,True,21,"[18, 1, 11, 19, 0]",4,0.151559454191033,43,132,3,0.07456140350877101,89,1
225,18:12,assassinate,True,21,"[18, 1, 11, 19, 0]",4,0.151559454191033,43,132,3,0.07456140350877101,89,1
226,"(1,6)",,True,24,"[19, 0, 1, 16, 6]",6,0.33333333333333304,45,134,4,0.08820662768031101,89,1
227,"(1,6)",,True,24,"[19, 0, 1, 16, 6]",6,0.33333333333333304,45,134,4,0.08820662768031101,89,1
228,8:10,assassinate,True,21,"[8, 5, 6, 12, 7]",5,0.290448343079922,47,136,3,0.09356725146198801,89,1
229,8:10,assassinate,True,21,"[8, 5, 6, 12, 7]",5,0.290448343079922,47,136,3,0.09356725146198801,89,1
230,11:4,assassinate,True,19,"[14, 3, 19, 18, 11]",5,0.21442495126705602,49,138,2,0.035087719298245,89,1
231,11:4,assassinate,True,19,"[14, 3, 19, 18, 11]",5,0.21442495126705602,49,138,2,0.035087719298245,89,1
232,"(11,17)",,True,20,"[12, 11, 17, 14, 4]",5,0.18713450292397601,51,140,1,0.0,89,1
233,"(11,17)",,True,20,"[12, 11, 17, 14, 4]",5,0.18713450292397601,51,140,1,0.0,89,1
234,"(5,0)",,True,19,"[9, 5, 12, 17, 0]",4,0.148148148148148,53,142,1,0.0,89,1
235,"(5,0)",,True,19,"[9, 5, 12, 17, 0]",4,0.148148148148148,53,142,1,0.0,89,1
236,2:8,assassinate,True,17,"[2, 19, 10, 9, 18]",4,0.148148148148148,55,144,1,0.0,89,1
237,2:8,assassinate,True,17,"[2, 19, 10, 9, 18]",4,0.148148148148148,55,144,1,0.0,89,1
238,"(6,1)",,True,19,"[6, 11, 1, 15, 9]",4,0.17153996101364502,57,146,2,0.087719298245614,89,1
239,"(6,1)",,True,19,"[6, 11, 1, 15, 9]",4,0.17153996101364502,57,146,2,0.087719298245614,89,1
240,13:6,assassinate,True,17,"[9, 2, 13, 8, 15]",3,0.16959064327485301,59,148,2,0.087719298245614,89,1
241,13:6,assassinate,True,17,"[9, 2, 13, 8, 15]",3,0.16959064327485301,59,148,2,0.087719298245614,89,1
242,17:8,assassinate,True,15,"[19, 11, 9, 17, 10]",5,0.134502923976608,61,150,2,0.005847953216374001,89,1
243,17:8,assassinate,True,15,"[19, 11, 9, 17, 10]",5,0.134502923976608,61,150,2,0.005847953216374001,89,1
244,"(14,4)",,True,18,"[2, 17, 14, 5, 4]",7,0.350877192982456,63,152,2,0.0029239766081870003,89,1
245,"(14,4)",,True,18,"[2, 17, 14, 5, 4]",7,0.350877192982456,63,152,2,0.0029239766081870003,89,1
246,11:4,assassinate,True,18,"[13, 0, 17, 8, 11]",7,0.46491228070175405,65,154,2,0.008771929824561,89,1
247,11:4,assassinate,True,18,"[13, 0, 17, 8, 11]",7,0.46491228070175405,65,154,2,0.008771929824561,89,1
248,18:4,assassinate,True,16,"[4, 14, 11, 16, 18]",7,0.32456140350877105,67,156,2,0.008771929824561,89,1
249,18:4,assassinate,True,16,"[4, 14, 11, 16, 18]",7,0.32456140350877105,67,156,2,0.008771929824561,89,1
250,8:2,assassinate,True,17,"[10, 9, 18, 19, 8]",7,0.39473684210526305,69,158,2,0.008771929824561,89,1
251,8:2,assassinate,True,17,"[10, 9, 18, 19, 8]",7,0.39473684210526305,69,158,2,0.008771929824561,89,1
252,2:4,assassinate,True,14,"[0, 10, 2, 4, 15]",7,0.318713450292397,71,160,2,0.0029239766081870003,89,1
253,2:4,assassinate,True,14,"[0, 10, 2, 4, 15]",7,0.318713450292397,71,160,2,0.0029239766081870003,89,1
254,3:4,assassinate,True,14,"[3, 1, 14, 6, 18]",6,0.312865497076023,73,162,2,0.0029239766081870003,89,1
255,3:4,assassinate,True,14,"[3, 1, 14, 6, 18]",6,0.312865497076023,73,162,2,0.0029239766081870003,89,1
256,5:4,assassinate,True,14,"[5, 7, 1, 9, 13]",7,0.318713450292397,75,164,2,0.0029239766081870003,89,1
257,5:4,assassinate,True,14,"[5, 7, 1, 9, 13]",7,0.318713450292397,75,164,2,0.0029239766081870003,89,1
258,12:6,assassinate,True,12,"[5, 3, 9, 2, 12]",7,0.283625730994152,77,166,2,0.0029239766081870003,89,1
259,12:6,assassinate,True,12,"[5, 3, 9, 2, 12]",7,0.283625730994152,77,166,2,0.0029239766081870003,89,1
260,7:4,assassinate,True,12,"[8, 7, 13, 9, 19]",8,0.28947368421052605,79,168,2,0.0029239766081870003,89,1
261,7:4,assassinate,True,12,"[8, 7, 13, 9, 19]",8,0.28947368421052605,79,168,2,0.0029239766081870003,89,1
262,10:2,assassinate,True,13,"[3, 6, 11, 2, 10]",10,0.36549707602339104,81,170,2,0.0029239766081870003,89,1
263,10:2,assassinate,True,13,"[3, 6, 11, 2, 10]",10,0.36549707602339104,81,170,2,0.0029239766081870003,89,1
264,"(19,0)",,True,12,"[19, 0, 7, 15, 17]",9,0.30116959064327403,83,172,2,0.0029239766081870003,89,1
265,"(19,0)",,True,12,"[19, 0, 7, 15, 17]",9,0.30116959064327403,83,172,2,0.0029239766081870003,89,1
266,5:2,assassinate,True,13,"[4, 5, 10, 18, 19]",8,0.347953216374269,85,174,2,0.0029239766081870003,89,1
267,5:2,assassinate,True,13,"[4, 5, 10, 18, 19]",8,0.347953216374269,85,174,2,0.0029239766081870003,89,1
268,"(0,14)",,True,12,"[4, 11, 0, 14, 19]",7,0.245614035087719,87,176,1,0.0,89,1
269,"(0,14)",,True,12,"[4, 11, 0, 14, 19]",7,0.245614035087719,87,176,1,0.0,89,1
270,12:4,assassinate,True,12,"[12, 15, 17, 0, 10]",7,0.29239766081871305,89,178,1,0.0,89,1
271,12:4,assassinate,True,12,"[12, 15, 17, 0, 10]",7,0.29239766081871305,89,178,1,0.0,89,1
272,9:6,assassinate,True,11,"[18, 9, 16, 15, 7]",6,0.269005847953216,91,180,0,-0.001,89,1
273,9:6,assassinate,True,11,"[18, 9, 16, 15, 7]",6,0.269005847953216,91,180,0,-0.001,89,1
274,4:4,assassinate,True,11,"[9, 1, 5, 3, 4]",6,0.286549707602339,93,182,1,0.0,89,1
275,4:4,assassinate,True,11,"[9, 1, 5, 3, 4]",6,0.286549707602339,93,182,1,0.0,89,1
276,8:6,assassinate,True,10,"[18, 7, 4, 8, 10]",5,0.22222222222222202,95,184,1,0.0,89,1
277,8:6,assassinate,True,10,"[18, 7, 4, 8, 10]",5,0.22222222222222202,95,184,1,0.0,89,1
278,14:2,assassinate,True,11,"[7, 19, 14, 4, 3]",6,0.280701754385964,97,186,1,0.0,89,1
279,14:2,assassinate,True,11,"[7, 19, 14, 4, 3]",6,0.280701754385964,97,186,1,0.0,89,1
280,6:4,assassinate,True,10,"[18, 6, 17, 8, 4]",5,0.18128654970760202,99,188,1,0.0,89,1
281,6:4,assassinate,True,10,"[18, 6, 17, 8, 4]",5,0.18128654970760202,99,188,1,0.0,89,1
282,17:6,assassinate,True,9,"[19, 14, 5, 3, 17]",4,0.09941520467836201,101,190,1,0.0,89,1
283,17:6,assassinate,True,9,"[19, 14, 5, 3, 17]",4,0.09941520467836201,101,190,1,0.0,89,1
284,"(0,13)",,True,9,"[14, 0, 5, 3, 13]",3,0.06432748538011601,103,192,1,0.0,89,1
285,"(0,13)",,True,9,"[14, 0, 5, 3, 13]",3,0.06432748538011601,103,192,1,0.0,89,1
286,12:4,assassinate,True,9,"[8, 3, 12, 11, 13]",2,0.040935672514619006,105,194,1,0.0,89,1
287,12:4,assassinate,True,9,"[8, 3, 12, 11, 13]",2,0.040935672514619006,105,194,1,0.0,89,1
288,14:2,assassinate,True,10,"[14, 6, 12, 8, 9]",2,0.052631578947368,107,196,1,0.0,89,1
289,14:2,assassinate,True,10,"[14, 6, 12, 8, 9]",2,0.052631578947368,107,196,1,0.0,89,1
290,5:4,assassinate,True,10,"[3, 5, 7, 19, 8]",4,0.087719298245614,109,198,1,0.0,89,1
291,5:4,assassinate,True,10,"[3, 5, 7, 19, 8]",4,0.087719298245614,109,198,1,0.0,89,1
292,17:2,assassinate,True,8,"[9, 15, 17, 13, 3]",3,0.052631578947368,111,200,1,0.0,89,1
293,17:2,assassinate,True,8,"[9, 15, 17, 13, 3]",3,0.052631578947368,111,200,1,0.0,89,1
294,16:4,assassinate,True,8,"[5, 17, 16, 7, 11]",2,0.046783625730994004,113,202,1,0.0,89,1
295,16:4,assassinate,True,8,"[5, 17, 16, 7, 11]",2,0.046783625730994004,113,202,1,0.0,89,1
296,"(16,12)",,True,11,"[16, 12, 2, 17, 15]",2,0.140350877192982,115,204,1,0.0,89,1
297,"(16,12)",,True,11,"[16, 12, 2, 17, 15]",2,0.140350877192982,115,204,1,0.0,89,1
298,19:4,assassinate,True,11,"[9, 17, 19, 4, 16]",3,0.16959064327485301,117,206,1,0.0,89,1
299,19:4,assassinate,True,11,"[9, 17, 19, 4, 16]",3,0.16959064327485301,117,206,1,0.0,89,1
300,"(6,7)",,True,14,"[6, 7, 14, 15, 11]",3,0.22222222222222202,119,208,1,0.0,89,1
301,"(6,7)",,True,14,"[6, 7, 14, 15, 11]",3,0.22222222222222202,119,208,1,0.0,89,1
302,7:4,assassinate,True,12,"[15, 7, 3, 19, 12]",3,0.228070175438596,121,210,1,0.0,89,1
303,7:4,assassinate,True,12,"[15, 7, 3, 19, 12]",3,0.228070175438596,121,210,1,0.0,89,1
304,18:6,assassinate,True,11,"[19, 9, 11, 18, 14]",2,0.14619883040935602,123,212,0,-0.001,89,1
305,18:6,assassinate,True,11,"[19, 9, 11, 18, 14]",2,0.14619883040935602,123,212,0,-0.001,89,1
306,2:4,assassinate,True,11,"[2, 1, 9, 11, 10]",3,0.040935672514619006,125,214,0,-0.001,89,1
307,2:4,assassinate,True,11,"[2, 1, 9, 11, 10]",3,0.040935672514619006,125,214,0,-0.001,89,1
308,12:6,assassinate,True,10,"[14, 12, 5, 13, 7]",2,0.017543859649122,127,216,0,-0.001,89,1
309,12:6,assassinate,True,10,"[14, 12, 5, 13, 7]",2,0.017543859649122,127,216,0,-0.001,89,1
310,8:6,assassinate,True,9,"[6, 16, 8, 10, 15]",1,0.0,129,218,0,-0.001,89,1
311,8:6,assassinate,True,9,"[6, 16, 8, 10, 15]",1,0.0,129,218,0,-0.001,89,1
312,9:4,assassinate,True,9,"[14, 11, 19, 12, 9]",3,0.029239766081871003,131,220,0,-0.001,89,1
313,9:4,assassinate,True,9,"[14, 11, 19, 12, 9]",3,0.029239766081871003,131,220,0,-0.001,89,1
314,"(0,3)",,True,10,"[19, 0, 5, 3, 8]",2,0.023391812865497002,133,222,0,-0.001,89,1
315,"(0,3)",,True,10,"[19, 0, 5, 3, 8]",2,0.023391812865497002,133,222,0,-0.001,89,1
316,"(17,4)",,True,10,"[17, 0, 4, 8, 16]",2,0.023391812865497002,135,224,0,-0.001,89,1
317,"(17,4)",,True,10,"[17, 0, 4, 8, 16]",2,0.023391812865497002,135,224,0,-0.001,89,1
318,5:4,assassinate,True,9,"[5, 9, 4, 8, 13]",1,0.0,137,226,0,-0.001,89,1
319,5:4,assassinate,True,9,"[5, 9, 4, 8, 13]",1,0.0,137,226,0,-0.001,89,1
320,"(7,6)",,True,11,"[7, 6, 9, 18, 16]",1,0.0,139,228,0,-0.001,89,1
321,"(7,6)",,True,11,"[7, 6, 9, 18, 16]",1,0.0,139,228,0,-0.001,89,1
322,"(18,5)",,True,13,"[18, 5, 17, 16, 6]",1,0.0,141,230,0,-0.001,89,1
323,"(18,5)",,True,13,"[18, 5, 17, 16, 6]",1,0.0,141,230,0,-0.001,89,1
324,"(5,14)",,True,16,"[1, 5, 14, 13, 0]",3,0.157894736842105,143,232,0,-0.001,89,1
325,"(5,14)",,True,16,"[1, 5, 14, 13, 0]",3,0.157894736842105,143,232,0,-0.001,89,1
326,10:8,assassinate,True,12,"[10, 13, 16, 1, 6]",2,0.040935672514619006,145,234,0,-0.001,89,1
327,10:8,assassinate,True,12,"[10, 13, 16, 1, 6]",2,0.040935672514619006,145,234,0,-0.001,89,1
328,8:4,assassinate,True,10,"[8, 17, 3, 10, 16]",1,0.0,147,236,0,-0.001,89,1
329,8:4,assassinate,True,10,"[8, 17, 3, 10, 16]",1,0.0,147,236,0,-0.001,89,1
330,"(14,11)",,True,13,"[14, 0, 12, 3, 11]",3,0.06432748538011601,149,238,0,-0.001,89,1
331,"(14,11)",,True,13,"[14, 0, 12, 3, 11]",3,0.06432748538011601,149,238,0,-0.001,89,1
332,7:4,assassinate,True,11,"[13, 7, 8, 1, 19]",3,0.20467836257309902,151,240,0,-0.001,89,1
333,7:4,assassinate,True,11,"[13, 7, 8, 1, 19]",3,0.20467836257309902,151,240,0,-0.001,89,1
334,"(15,16)",,True,13,"[15, 8, 12, 16, 3]",3,0.157894736842105,153,242,0,-0.001,89,1
335,"(15,16)",,True,13,"[15, 8, 12, 16, 3]",3,0.157894736842105,153,242,0,-0.001,89,1
336,5:6,assassinate,True,12,"[12, 0, 16, 5, 11]",4,0.16666666666666602,155,244,1,0.0,89,1
337,5:6,assassinate,True,12,"[12, 0, 16, 5, 11]",4,0.16666666666666602,155,244,1,0.0,89,1
338,14:6,assassinate,True,11,"[14, 5, 10, 16, 7]",3,0.087719298245614,157,246,1,0.0,89,1
339,14:6,assassinate,True,11,"[14, 5, 10, 16, 7]",3,0.087719298245614,157,246,1,0.0,89,1
340,10:2,assassinate,True,12,"[12, 15, 10, 16, 5]",2,0.06432748538011601,159,248,1,0.0,89,1
341,10:2,assassinate,True,12,"[12, 15, 10, 16, 5]",2,0.06432748538011601,159,248,1,0.0,89,1
342,1:2,assassinate,True,13,"[10, 1, 12, 17, 6]",1,0.0,161,250,0,-0.001,89,1
343,1:2,assassinate,True,13,"[10, 1, 12, 17, 6]",1,0.0,161,250,0,-0.001,89,1
344,"(15,1)",,True,15,"[15, 11, 17, 7, 1]",1,0.0,162,251,1,0.0,89,1
345,"(15,1)",,True,15,"[15, 11, 17, 7, 1]",1,0.0,162,251,1,0.0,89,1
346,12:2,assassinate,True,16,"[12, 13, 9, 8, 17]",2,0.08187134502923901,164,253,1,0.0,89,1
347,12:2,assassinate,True,16,"[12, 13, 9, 8, 17]",2,0.08187134502923901,164,253,1,0.0,89,1
348,"(8,18)",,True,18,"[8, 18, 4, 9, 19]",2,0.070175438596491,166,255,1,0.0,89,1
349,"(8,18)",,True,18,"[8, 18, 4, 9, 19]",2,0.070175438596491,166,255,1,0.0,89,1
350,"(0,13)",,True,16,"[0, 13, 17, 7, 11]",1,0.0,167,256,1,0.0,89,1
351,"(0,13)",,True,16,"[0, 13, 17, 7, 11]",1,0.0,167,256,1,0.0,89,1
352,"(0,2)",,True,16,"[0, 10, 4, 12, 2]",0,-0.001,166,256,1,0.0,90,1
353,"(0,2)",,True,16,"[0, 10, 4, 12, 2]",0,-0.001,166,256,1,0.0,90,1
354,"(18,2)",,True,19,"[18, 2, 10, 16, 7]",2,0.025341130604288,168,258,1,0.0,90,1
355,"(18,2)",,True,19,"[18, 2, 10, 16, 7]",2,0.025341130604288,168,258,1,0.0,90,1
356,"(19,5)",,True,21,"[19, 9, 5, 12, 11]",2,0.025341130604288,170,260,1,0.0,90,1
357,"(19,5)",,True,21,"[19, 9, 5, 12, 11]",2,0.025341130604288,170,260,1,0.0,90,1
358,"(0,13)",,True,21,"[0, 4, 11, 13, 1]",1,0.0,171,261,1,0.0,90,1
359,"(0,13)",,True,21,"[0, 4, 11, 13, 1]",1,0.0,171,261,1,0.0,90,1
360,"(0,8)",,True,20,"[0, 10, 13, 8, 18]",1,0.0,172,262,1,0.0,90,1
361,"(0,8)",,True,20,"[0, 10, 13, 8, 18]",1,0.0,172,262,1,0.0,90,1
362,"(17,1)",,True,20,"[17, 18, 9, 1, 2]",1,0.0,171,262,2,0.140350877192982,91,1
363,"(17,1)",,True,20,"[17, 18, 9, 1, 2]",1,0.0,171,262,2,0.140350877192982,91,1
364,"(4,16)",,True,20,"[4, 16, 0, 14, 10]",1,0.0,169,262,2,0.19298245614035,93,1
365,"(4,16)",,True,20,"[4, 16, 0, 14, 10]",1,0.0,169,262,2,0.19298245614035,93,1
366,15:6,assassinate,True,19,"[9, 15, 0, 2, 7]",2,0.140350877192982,171,264,1,0.0,93,1
367,15:6,assassinate,True,19,"[9, 15, 0, 2, 7]",2,0.140350877192982,171,264,1,0.0,93,1
368,"(8,18)",,True,21,"[8, 6, 18, 3, 17]",2,0.0,172,265,1,0.0,93,1
369,"(8,18)",,True,21,"[8, 6, 18, 3, 17]",2,0.0,172,265,1,0.0,93,1
370,"(5,10)",,True,21,"[5, 10, 13, 6, 8]",2,0.0,172,265,1,0.0,93,1
371,"(5,10)",,True,21,"[5, 10, 13, 6, 8]",2,0.0,172,265,1,0.0,93,1
372,"(12,1)",,True,22,"[10, 12, 1, 0, 13]",3,0.16374269005847902,174,267,2,0.087719298245614,93,1
373,"(12,1)",,True,22,"[10, 12, 1, 0, 13]",3,0.16374269005847902,174,267,2,0.087719298245614,93,1
374,6:4,assassinate,True,22,"[19, 12, 5, 6, 14]",2,0.0,174,268,2,0.023391812865497002,94,1
375,6:4,assassinate,True,22,"[19, 12, 5, 6, 14]",2,0.0,174,268,2,0.023391812865497002,94,1
376,"(10,12)",,True,25,"[10, 12, 8, 13, 17]",2,0.0,172,268,2,0.019005847953216002,96,1
377,"(10,12)",,True,25,"[10, 12, 8, 13, 17]",2,0.0,172,268,2,0.019005847953216002,96,1
378,15:2,assassinate,True,26,"[0, 11, 6, 3, 15]",4,0.10964912280701701,174,270,2,0.008284600389863,96,1
379,15:2,assassinate,True,26,"[0, 11, 6, 3, 15]",4,0.10964912280701701,174,270,2,0.008284600389863,96,1
380,5:16,assassinate,True,20,"[7, 1, 16, 17, 5]",3,0.071150097465886,174,271,2,0.16374269005847902,97,1
381,5:16,assassinate,True,20,"[7, 1, 16, 17, 5]",3,0.071150097465886,174,271,2,0.16374269005847902,97,1
382,"(11,2)",,True,23,"[3, 11, 2, 6, 19]",5,0.188109161793372,176,273,2,0.175438596491228,97,1
383,"(11,2)",,True,23,"[3, 11, 2, 6, 19]",5,0.188109161793372,176,273,2,0.175438596491228,97,1
384,15:2,assassinate,True,20,"[15, 18, 6, 4, 13]",4,0.135477582846003,176,274,2,0.16374269005847902,98,1
385,15:2,assassinate,True,20,"[15, 18, 6, 4, 13]",4,0.135477582846003,176,274,2,0.16374269005847902,98,1
386,"(1,4)",,True,22,"[10, 17, 7, 1, 4]",4,0.055555555555555004,174,274,4,0.212475633528265,100,1
387,"(1,4)",,True,22,"[10, 17, 7, 1, 4]",4,0.055555555555555004,174,274,4,0.212475633528265,100,1
388,16:6,assassinate,True,21,"[2, 3, 13, 6, 16]",3,0.052631578947368,174,275,4,0.11598440545808901,101,1
389,16:6,assassinate,True,21,"[2, 3, 13, 6, 16]",3,0.052631578947368,174,275,4,0.11598440545808901,101,1
390,10:4,assassinate,True,21,"[10, 3, 12, 0, 14]",3,0.051656920077972006,172,275,4,0.10818713450292301,103,1
391,10:4,assassinate,True,21,"[10, 3, 12, 0, 14]",3,0.051656920077972006,172,275,4,0.10818713450292301,103,1
392,"(0,16)",,True,22,"[13, 0, 3, 16, 10]",4,0.09210526315789401,172,276,4,0.11306042884990201,104,1
393,"(0,16)",,True,22,"[13, 0, 3, 16, 10]",4,0.09210526315789401,172,276,4,0.11306042884990201,104,1
394,"(2,6)",,True,25,"[2, 0, 3, 6, 15]",4,0.140545808966861,174,278,4,0.132553606237816,104,1
395,"(2,6)",,True,25,"[2, 0, 3, 6, 15]",4,0.140545808966861,174,278,4,0.132553606237816,104,1
396,7:8,assassinate,True,21,"[18, 6, 7, 15, 9]",3,0.09941520467836201,174,279,4,0.137426900584795,105,1
397,7:8,assassinate,True,21,"[18, 6, 7, 15, 9]",3,0.09941520467836201,174,279,4,0.137426900584795,105,1
398,18:12,assassinate,True,17,"[8, 18, 15, 6, 19]",4,0.15886939571150002,176,281,4,0.096491228070175,105,1
399,18:12,assassinate,True,17,"[8, 18, 15, 6, 19]",4,0.15886939571150002,176,281,4,0.096491228070175,105,1
400,2:6,assassinate,True,16,"[16, 10, 2, 5, 9]",4,0.091617933723196,178,283,4,0.09064327485380101,105,1
401,2:6,assassinate,True,16,"[16, 10, 2, 5, 9]",4,0.091617933723196,178,283,4,0.09064327485380101,105,1
402,"(10,1)",,True,18,"[3, 10, 1, 17, 19]",4,0.09941520467836201,178,284,5,0.154970760233918,106,1
403,"(10,1)",,True,18,"[3, 10, 1, 17, 19]",4,0.09941520467836201,178,284,5,0.154970760233918,106,1
404,8:4,assassinate,True,16,"[3, 16, 11, 8, 18]",4,0.245614035087719,180,286,5,0.16374269005847902,106,1
405,8:4,assassinate,True,16,"[3, 16, 11, 8, 18]",4,0.245614035087719,180,286,5,0.16374269005847902,106,1
406,"(5,1)",,True,19,"[0, 5, 10, 1, 8]",6,0.28947368421052605,182,288,6,0.252436647173489,106,1
407,"(5,1)",,True,19,"[0, 5, 10, 1, 8]",6,0.28947368421052605,182,288,6,0.252436647173489,106,1
408,7:2,assassinate,True,20,"[14, 2, 1, 7, 15]",7,0.31013645224171504,184,290,6,0.20857699805068203,106,1
409,7:2,assassinate,True,20,"[14, 2, 1, 7, 15]",7,0.31013645224171504,184,290,6,0.20857699805068203,106,1
410,6:4,assassinate,True,19,"[6, 12, 11, 9, 3]",7,0.282163742690058,186,292,6,0.19298245614035,106,1
411,6:4,assassinate,True,19,"[6, 12, 11, 9, 3]",7,0.282163742690058,186,292,6,0.19298245614035,106,1
412,5:4,assassinate,True,15,"[19, 18, 13, 0, 5]",6,0.26315789473684204,188,294,4,0.07309941520467801,106,1
413,5:4,assassinate,True,15,"[19, 18, 13, 0, 5]",6,0.26315789473684204,188,294,4,0.07309941520467801,106,1
414,2:2,assassinate,True,16,"[10, 7, 8, 2, 15]",7,0.33333333333333304,190,296,4,0.078947368421052,106,1
415,2:2,assassinate,True,16,"[10, 7, 8, 2, 15]",7,0.33333333333333304,190,296,4,0.078947368421052,106,1
416,"(0,11)",,True,17,"[7, 1, 0, 11, 8]",8,0.40935672514619803,192,298,4,0.08479532163742601,106,1
417,"(0,11)",,True,17,"[7, 1, 0, 11, 8]",8,0.40935672514619803,192,298,4,0.08479532163742601,106,1
418,"(0,16)",,True,16,"[0, 12, 8, 16, 4]",8,0.354775828460038,194,300,3,0.018518518518518,106,1
419,"(0,16)",,True,16,"[0, 12, 8, 16, 4]",8,0.354775828460038,194,300,3,0.018518518518518,106,1
420,12:4,assassinate,True,16,"[8, 12, 0, 3, 11]",8,0.450292397660818,196,302,2,0.005847953216374001,106,1
421,12:4,assassinate,True,16,"[8, 12, 0, 3, 11]",8,0.450292397660818,196,302,2,0.005847953216374001,106,1
422,10:2,assassinate,True,14,"[11, 12, 10, 2, 19]",7,0.385964912280701,198,304,1,0.0,106,1
423,10:2,assassinate,True,14,"[11, 12, 10, 2, 19]",7,0.385964912280701,198,304,1,0.0,106,1
424,13:4,assassinate,True,13,"[5, 17, 12, 13, 1]",6,0.31578947368421,200,306,1,0.0,106,1
425,13:4,assassinate,True,13,"[5, 17, 12, 13, 1]",6,0.31578947368421,200,306,1,0.0,106,1
426,6:4,assassinate,True,13,"[11, 14, 3, 1, 6]",5,0.19883040935672502,202,308,1,0.0,106,1
427,6:4,assassinate,True,13,"[11, 14, 3, 1, 6]",5,0.19883040935672502,202,308,1,0.0,106,1
428,15:6,assassinate,True,12,"[9, 8, 3, 15, 12]",4,0.12865497076023302,204,310,1,0.0,106,1
429,15:6,assassinate,True,12,"[9, 8, 3, 15, 12]",4,0.12865497076023302,204,310,1,0.0,106,1
430,4:4,assassinate,True,12,"[15, 19, 2, 6, 4]",4,0.15204678362573001,206,312,1,0.0,106,1
431,4:4,assassinate,True,12,"[15, 19, 2, 6, 4]",4,0.15204678362573001,206,312,1,0.0,106,1
432,2:4,assassinate,True,11,"[16, 2, 5, 13, 8]",3,0.09941520467836201,208,314,1,0.0,106,1
433,2:4,assassinate,True,11,"[16, 2, 5, 13, 8]",3,0.09941520467836201,208,314,1,0.0,106,1
434,9:4,assassinate,True,11,"[9, 11, 13, 6, 12]",2,0.035087719298245,210,316,1,0.0,106,1
435,9:4,assassinate,True,11,"[9, 11, 13, 6, 12]",2,0.035087719298245,210,316,1,0.0,106,1
436,19:6,assassinate,True,10,"[3, 19, 14, 12, 11]",1,0.0,211,317,1,0.0,106,1
437,19:6,assassinate,True,10,"[3, 19, 14, 12, 11]",1,0.0,211,317,1,0.0,106,1
438,17:8,assassinate,True,7,"[8, 9, 6, 10, 17]",0,-0.001,210,317,1,0.0,107,1
439,17:8,assassinate,True,7,"[8, 9, 6, 10, 17]",0,-0.001,210,317,1,0.0,107,1
440,"(19,1)",,True,9,"[19, 5, 3, 1, 4]",0,-0.001,208,317,2,0.005847953216374001,109,1
441,"(19,1)",,True,9,"[19, 5, 3, 1, 4]",0,-0.001,208,317,2,0.005847953216374001,109,1
442,"(1,11)",,True,11,"[1, 14, 11, 18, 16]",0,-0.001,206,317,3,0.087719298245614,111,1
443,"(1,11)",,True,11,"[1, 14, 11, 18, 16]",0,-0.001,206,317,3,0.087719298245614,111,1
444,"(6,1)",,True,13,"[11, 8, 6, 17, 1]",0,-0.001,204,317,4,0.11111111111111101,113,1
445,"(6,1)",,True,13,"[11, 8, 6, 17, 1]",0,-0.001,204,317,4,0.11111111111111101,113,1
446,"(1,14)",,True,15,"[16, 1, 5, 13, 14]",0,-0.001,202,317,5,0.286549707602339,115,1
447,"(1,14)",,True,15,"[16, 1, 5, 13, 14]",0,-0.001,202,317,5,0.286549707602339,115,1
448,"(10,0)",,True,16,"[6, 15, 10, 0, 9]",1,0.0,200,317,5,0.35672514619883,117,1
449,"(10,0)",,True,16,"[6, 15, 10, 0, 9]",1,0.0,200,317,5,0.35672514619883,117,1
450,"(15,5)",,True,18,"[8, 15, 12, 7, 5]",1,0.0,198,317,5,0.38693957115009703,119,1
451,"(15,5)",,True,18,"[8, 15, 12, 7, 5]",1,0.0,198,317,5,0.38693957115009703,119,1
452,"(10,1)",,True,19,"[5, 15, 10, 19, 1]",1,0.0,196,317,6,0.35672514619883,121,1
453,"(10,1)",,True,19,"[5, 15, 10, 19, 1]",1,0.0,196,317,6,0.35672514619883,121,1
454,"(18,6)",,True,22,"[18, 8, 4, 6, 19]",3,0.12865497076023302,194,317,6,0.46198830409356706,123,1
455,"(18,6)",,True,22,"[18, 8, 4, 6, 19]",3,0.12865497076023302,194,317,6,0.46198830409356706,123,1
456,15:6,assassinate,True,21,"[17, 15, 1, 14, 18]",4,0.137426900584795,192,317,6,0.28265107212475604,125,1
457,15:6,assassinate,True,21,"[17, 15, 1, 14, 18]",4,0.137426900584795,192,317,6,0.28265107212475604,125,1
458,9:2,assassinate,True,22,"[19, 9, 6, 2, 13]",5,0.15233918128654902,192,318,6,0.16773879142300102,126,1
459,9:2,assassinate,True,22,"[19, 9, 6, 2, 13]",5,0.15233918128654902,192,318,6,0.16773879142300102,126,1
460,7:6,assassinate,True,21,"[7, 12, 1, 11, 17]",4,0.103801169590643,192,319,6,0.21588693957115002,127,1
461,7:6,assassinate,True,21,"[7, 12, 1, 11, 17]",4,0.103801169590643,192,319,6,0.21588693957115002,127,1
462,"(0,3)",,True,18,"[19, 4, 0, 12, 3]",3,0.19590643274853803,192,320,4,0.29239766081871305,128,1
463,"(0,3)",,True,18,"[19, 4, 0, 12, 3]",3,0.19590643274853803,192,320,4,0.29239766081871305,128,1
464,"(2,14)",,True,21,"[2, 7, 14, 17, 5]",3,0.054580896686159,190,320,4,0.280701754385964,130,1
465,"(2,14)",,True,21,"[2, 7, 14, 17, 5]",3,0.054580896686159,190,320,4,0.280701754385964,130,1
466,"(1,13)",,True,22,"[16, 3, 5, 1, 13]",3,0.13352826510721202,192,322,4,0.070175438596491,130,1
467,"(1,13)",,True,22,"[16, 3, 5, 1, 13]",3,0.13352826510721202,192,322,4,0.070175438596491,130,1
468,"(2,1)",,True,25,"[12, 2, 5, 15, 1]",3,0.071052631578947,192,323,5,0.21189083820662702,131,1
469,"(2,1)",,True,25,"[12, 2, 5, 15, 1]",3,0.071052631578947,192,323,5,0.21189083820662702,131,1
470,12:10,assassinate,True,20,"[19, 6, 1, 12, 13]",2,0.035087719298245,190,323,4,0.309941520467836,133,1
471,12:10,assassinate,True,20,"[19, 6, 1, 12, 13]",2,0.035087719298245,190,323,4,0.309941520467836,133,1
472,19:6,assassinate,True,19,"[19, 11, 13, 14, 6]",3,0.08830409356725101,190,324,4,0.175828460038986,134,1
473,19:6,assassinate,True,19,"[19, 11, 13, 14, 6]",3,0.08830409356725101,190,324,4,0.175828460038986,134,1
474,"(1,8)",,True,22,"[1, 8, 2, 11, 10]",5,0.176900584795321,192,326,5,0.16247563352826502,134,1
475,"(1,8)",,True,22,"[1, 8, 2, 11, 10]",5,0.176900584795321,192,326,5,0.16247563352826502,134,1
476,16:8,assassinate,True,18,"[16, 5, 15, 4, 14]",4,0.33333333333333304,194,328,4,0.23976608187134502,134,1
477,16:8,assassinate,True,18,"[16, 5, 15, 4, 14]",4,0.33333333333333304,194,328,4,0.23976608187134502,134,1
478,"(1,18)",,True,21,"[0, 1, 18, 6, 10]",4,0.18713450292397601,194,329,5,0.29824561403508704,135,1
479,"(1,18)",,True,21,"[0, 1, 18, 6, 10]",4,0.18713450292397601,194,329,5,0.29824561403508704,135,1
480,"(14,18)",,True,23,"[0, 14, 18, 5, 15]",4,0.19883040935672502,192,329,5,0.353801169590643,137,1
481,"(14,18)",,True,23,"[0, 14, 18, 5, 15]",4,0.19883040935672502,192,329,5,0.353801169590643,137,1
482,2:10,assassinate,True,20,"[6, 2, 5, 18, 12]",3,0.18128654970760202,190,329,5,0.40058479532163704,139,1
483,2:10,assassinate,True,20,"[6, 2, 5, 18, 12]",3,0.18128654970760202,190,329,5,0.40058479532163704,139,1
484,"(5,8)",,True,21,"[17, 2, 5, 8, 11]",3,0.08089668615984401,188,329,4,0.28265107212475604,141,1
485,"(5,8)",,True,21,"[17, 2, 5, 8, 11]",3,0.08089668615984401,188,329,4,0.28265107212475604,141,1
486,6:8,assassinate,True,19,"[15, 17, 18, 6, 3]",2,0.039961013645224,186,329,4,0.300194931773879,143,1
487,6:8,assassinate,True,19,"[15, 17, 18, 6, 3]",2,0.039961013645224,186,329,4,0.300194931773879,143,1
488,"(11,7)",,True,18,"[13, 11, 15, 7, 4]",2,0.039961013645224,184,329,3,0.25048732943469704,145,1
489,"(11,7)",,True,18,"[13, 11, 15, 7, 4]",2,0.039961013645224,184,329,3,0.25048732943469704,145,1
490,"(12,1)",,True,21,"[12, 8, 1, 9, 15]",4,0.19346978557504801,186,331,4,0.16959064327485301,145,1
491,"(12,1)",,True,21,"[12, 8, 1, 9, 15]",4,0.19346978557504801,186,331,4,0.16959064327485301,145,1
492,"(9,0)",,True,22,"[7, 14, 2, 9, 0]",3,0.09210526315789401,186,332,4,0.175438596491228,146,1
493,"(9,0)",,True,22,"[7, 14, 2, 9, 0]",3,0.09210526315789401,186,332,4,0.175438596491228,146,1
494,11:8,assassinate,True,20,"[6, 0, 15, 11, 14]",2,0.047758284600389,184,332,4,0.133625730994152,148,1
495,11:8,assassinate,True,20,"[6, 0, 15, 11, 14]",2,0.047758284600389,184,332,4,0.133625730994152,148,1
496,3:10,assassinate,True,16,"[3, 4, 19, 8, 13]",2,0.043859649122807,182,332,4,0.283625730994152,150,1
497,3:10,assassinate,True,16,"[3, 4, 19, 8, 13]",2,0.043859649122807,182,332,4,0.283625730994152,150,1
498,"(1,19)",,True,19,"[4, 18, 1, 2, 19]",4,0.157894736842105,180,332,5,0.37719298245614,152,1
499,"(1,19)",,True,19,"[4, 18, 1, 2, 19]",4,0.157894736842105,180,332,5,0.37719298245614,152,1
500,9:4,assassinate,True,19,"[16, 7, 9, 0, 4]",4,0.230019493177387,178,332,5,0.32456140350877105,154,1
501,9:4,assassinate,True,19,"[16, 7, 9, 0, 4]",4,0.230019493177387,178,332,5,0.32456140350877105,154,1
502,3:2,assassinate,True,20,"[16, 2, 7, 8, 3]",6,0.237816764132553,180,334,5,0.19590643274853803,154,1
503,3:2,assassinate,True,20,"[16, 2, 7, 8, 3]",6,0.237816764132553,180,334,5,0.19590643274853803,154,1
504,"(10,19)",,True,21,"[10, 9, 18, 19, 8]",6,0.26803118908382,182,336,4,0.20467836257309902,154,1
505,"(10,19)",,True,21,"[10, 9, 18, 19, 8]",6,0.26803118908382,182,336,4,0.20467836257309902,154,1
506,12:6,assassinate,True,18,"[19, 1, 14, 12, 5]",5,0.225146198830409,184,338,3,0.18128654970760202,154,1
507,12:6,assassinate,True,18,"[19, 1, 14, 12, 5]",5,0.225146198830409,184,338,3,0.18128654970760202,154,1
508,"(15,0)",,True,18,"[3, 8, 1, 15, 0]",4,0.143274853801169,184,339,3,0.16959064327485301,155,1
509,"(15,0)",,True,18,"[3, 8, 1, 15, 0]",4,0.143274853801169,184,339,3,0.16959064327485301,155,1
510,2:6,assassinate,True,17,"[16, 2, 5, 18, 10]",4,0.143274853801169,184,340,3,0.16959064327485301,156,1
511,2:6,assassinate,True,17,"[16, 2, 5, 18, 10]",4,0.143274853801169,184,340,3,0.16959064327485301,156,1
512,11:2,assassinate,True,18,"[6, 13, 9, 11, 15]",5,0.225146198830409,186,342,3,0.18128654970760202,156,1
513,11:2,assassinate,True,18,"[6, 13, 9, 11, 15]",5,0.225146198830409,186,342,3,0.18128654970760202,156,1
514,7:6,assassinate,True,17,"[15, 11, 7, 16, 10]",5,0.178362573099415,188,344,3,0.11111111111111101,156,1
515,7:6,assassinate,True,17,"[15, 11, 7, 16, 10]",5,0.178362573099415,188,344,3,0.11111111111111101,156,1
516,17:4,assassinate,True,17,"[3, 2, 12, 17, 16]",4,0.137426900584795,189,345,3,0.137426900584795,156,1
517,17:4,assassinate,True,17,"[3, 2, 12, 17, 16]",4,0.137426900584795,189,345,3,0.137426900584795,156,1
518,15:2,assassinate,True,18,"[15, 11, 17, 9, 18]",4,0.21637426900584703,191,347,3,0.122807017543859,156,1
519,15:2,assassinate,True,18,"[15, 11, 17, 9, 18]",4,0.21637426900584703,191,347,3,0.122807017543859,156,1
520,5:6,assassinate,True,15,"[6, 17, 8, 5, 4]",4,0.087719298245614,193,349,2,0.0,156,1
521,5:6,assassinate,True,15,"[6, 17, 8, 5, 4]",4,0.087719298245614,193,349,2,0.0,156,1
522,"(14,1)",,True,18,"[14, 3, 1, 0, 17]",4,0.157894736842105,195,351,3,0.087719298245614,156,1
523,"(14,1)",,True,18,"[14, 3, 1, 0, 17]",4,0.157894736842105,195,351,3,0.087719298245614,156,1
524,12:2,assassinate,True,19,"[16, 18, 14, 12, 10]",3,0.08187134502923901,197,353,3,0.059454191033138,156,1
525,12:2,assassinate,True,19,"[16, 18, 14, 12, 10]",3,0.08187134502923901,197,353,3,0.059454191033138,156,1
526,2:6,assassinate,True,18,"[13, 2, 14, 15, 16]",5,0.269005847953216,197,354,3,0.29239766081871305,157,1
527,2:6,assassinate,True,18,"[13, 2, 14, 15, 16]",5,0.269005847953216,197,354,3,0.29239766081871305,157,1
528,4:6,assassinate,True,17,"[17, 10, 4, 0, 19]",4,0.21929824561403502,199,356,3,0.096491228070175,157,1
529,4:6,assassinate,True,17,"[17, 10, 4, 0, 19]",4,0.21929824561403502,199,356,3,0.096491228070175,157,1
530,16:4,assassinate,True,15,"[16, 14, 10, 18, 8]",4,0.134502923976608,201,358,3,0.029239766081871003,157,1
531,16:4,assassinate,True,15,"[16, 14, 10, 18, 8]",4,0.134502923976608,201,358,3,0.029239766081871003,157,1
532,3:4,assassinate,True,15,"[4, 8, 10, 3, 7]",5,0.321637426900584,203,360,3,0.070175438596491,157,1
533,3:4,assassinate,True,15,"[4, 8, 10, 3, 7]",5,0.321637426900584,203,360,3,0.070175438596491,157,1
534,"(1,11)",,True,17,"[17, 14, 1, 10, 11]",5,0.47368421052631504,205,362,4,0.23976608187134502,157,1
535,"(1,11)",,True,17,"[17, 14, 1, 10, 11]",5,0.47368421052631504,205,362,4,0.23976608187134502,157,1
536,5:4,assassinate,True,16,"[5, 12, 7, 8, 9]",5,0.39181286549707606,207,364,4,0.22222222222222202,157,1
537,5:4,assassinate,True,16,"[5, 12, 7, 8, 9]",5,0.39181286549707606,207,364,4,0.22222222222222202,157,1
538,"(14,12)",,True,19,"[16, 14, 5, 0, 12]",5,0.36549707602339104,209,366,4,0.225146198830409,157,1
539,"(14,12)",,True,19,"[16, 14, 5, 0, 12]",5,0.36549707602339104,209,366,4,0.225146198830409,157,1
540,6:6,assassinate,True,18,"[19, 10, 6, 4, 3]",4,0.277777777777777,211,368,4,0.11988304093567201,157,1
541,6:6,assassinate,True,18,"[19, 10, 6, 4, 3]",4,0.277777777777777,211,368,4,0.11988304093567201,157,1
542,11:8,assassinate,True,16,"[7, 1, 10, 6, 11]",4,0.304093567251461,213,370,3,0.19298245614035,157,1
543,11:8,assassinate,True,16,"[7, 1, 10, 6, 11]",4,0.304093567251461,213,370,3,0.19298245614035,157,1
544,17:4,assassinate,True,16,"[17, 15, 2, 19, 12]",5,0.242690058479532,215,372,3,0.175438596491228,157,1
545,17:4,assassinate,True,16,"[17, 15, 2, 19, 12]",5,0.242690058479532,215,372,3,0.175438596491228,157,1
546,"(16,6)",,True,19,"[0, 12, 14, 16, 6]",5,0.30896686159844,217,374,4,0.19590643274853803,157,1
547,"(16,6)",,True,19,"[0, 12, 14, 16, 6]",5,0.30896686159844,217,374,4,0.19590643274853803,157,1
548,10:4,assassinate,True,19,"[11, 16, 10, 12, 6]",6,0.353801169590643,219,376,4,0.143274853801169,157,1
549,10:4,assassinate,True,19,"[11, 16, 10, 12, 6]",6,0.353801169590643,219,376,4,0.143274853801169,157,1
550,13:4,assassinate,True,19,"[4, 2, 13, 16, 12]",5,0.212475633528265,221,378,4,0.06578947368421001,157,1
551,13:4,assassinate,True,19,"[4, 2, 13, 16, 12]",5,0.212475633528265,221,378,4,0.06578947368421001,157,1
552,2:4,assassinate,True,19,"[3, 2, 19, 13, 9]",4,0.321637426900584,223,380,4,0.07309941520467801,157,1
553,2:4,assassinate,True,19,"[3, 2, 19, 13, 9]",4,0.321637426900584,223,380,4,0.07309941520467801,157,1
554,"(16,1)",,True,22,"[12, 3, 16, 4, 1]",4,0.245614035087719,225,382,5,0.15204678362573001,157,1
555,"(16,1)",,True,22,"[12, 3, 16, 4, 1]",4,0.245614035087719,225,382,5,0.15204678362573001,157,1
556,"(3,8)",,True,24,"[3, 9, 12, 0, 8]",4,0.24366471734892703,227,384,5,0.182261208576998,157,1
557,"(3,8)",,True,24,"[3, 9, 12, 0, 8]",4,0.24366471734892703,227,384,5,0.182261208576998,157,1
558,"(0,15)",,True,23,"[0, 15, 11, 9, 18]",3,0.20302144249512602,227,385,5,0.224463937621832,158,1
559,"(0,15)",,True,23,"[0, 15, 11, 9, 18]",3,0.20302144249512602,227,385,5,0.224463937621832,158,1
560,4:8,assassinate,True,19,"[13, 6, 4, 2, 8]",2,0.228070175438596,227,386,5,0.237816764132553,159,1
561,4:8,assassinate,True,19,"[13, 6, 4, 2, 8]",2,0.228070175438596,227,386,5,0.237816764132553,159,1
562,"(1,2)",,True,22,"[1, 2, 7, 3, 16]",2,0.055555555555555004,227,387,6,0.26120857699805,160,1
563,"(1,2)",,True,22,"[1, 2, 7, 3, 16]",2,0.055555555555555004,227,387,6,0.26120857699805,160,1
564,"(5,1)",,True,22,"[0, 6, 11, 5, 1]",2,0.070175438596491,227,388,6,0.29824561403508704,161,1
565,"(5,1)",,True,22,"[0, 6, 11, 5, 1]",2,0.070175438596491,227,388,6,0.29824561403508704,161,1
566,"(11,1)",,True,25,"[11, 9, 10, 1, 19]",2,0.06432748538011601,225,388,7,0.32261208576998,163,1
567,"(11,1)",,True,25,"[11, 9, 10, 1, 19]",2,0.06432748538011601,225,388,7,0.32261208576998,163,1
568,"(1,10)",,True,28,"[19, 5, 1, 6, 10]",2,0.05653021442495101,223,388,8,0.298050682261208,165,1
569,"(1,10)",,True,28,"[19, 5, 1, 6, 10]",2,0.05653021442495101,223,388,8,0.298050682261208,165,1
570,"(17,16)",,True,31,"[17, 16, 3, 18, 0]",2,0.054580896686159,221,388,8,0.27440824282929505,167,1
571,"(17,16)",,True,31,"[17, 16, 3, 18, 0]",2,0.054580896686159,221,388,8,0.27440824282929505,167,1
572,14:8,assassinate,True,27,"[10, 6, 18, 8, 14]",2,0.060428849902534006,219,388,7,0.251072124756335,169,1
573,14:8,assassinate,True,27,"[10, 6, 18, 8, 14]",2,0.060428849902534006,219,388,7,0.251072124756335,169,1
574,"(13,5)",,True,30,"[3, 9, 2, 13, 5]",2,0.040935672514619006,217,388,7,0.266221108326371,171,1
575,"(13,5)",,True,30,"[3, 9, 2, 13, 5]",2,0.040935672514619006,217,388,7,0.266221108326371,171,1
576,"(16,4)",,True,29,"[10, 16, 4, 9, 19]",2,0.037037037037037,215,388,5,0.155360623781676,173,1
577,"(16,4)",,True,29,"[10, 16, 4, 9, 19]",2,0.037037037037037,215,388,5,0.155360623781676,173,1
578,"(1,3)",,True,30,"[1, 11, 15, 5, 3]",3,0.067641325536062,215,389,6,0.165497076023391,174,1
579,"(1,3)",,True,30,"[1, 11, 15, 5, 3]",3,0.067641325536062,215,389,6,0.165497076023391,174,1
580,"(16,14)",,True,33,"[0, 16, 6, 14, 18]",3,0.06325536062378101,213,389,6,0.13918128654970702,176,1
581,"(16,14)",,True,33,"[0, 16, 6, 14, 18]",3,0.06325536062378101,213,389,6,0.13918128654970702,176,1
582,7:4,assassinate,True,33,"[14, 15, 7, 11, 8]",2,0.007017543859649001,211,389,6,0.125257588415483,178,1
583,7:4,assassinate,True,33,"[14, 15, 7, 11, 8]",2,0.007017543859649001,211,389,6,0.125257588415483,178,1
584,10:12,assassinate,True,29,"[10, 16, 9, 14, 15]",2,0.005847953216374001,209,389,5,0.135964912280701,180,1
585,10:12,assassinate,True,29,"[10, 16, 9, 14, 15]",2,0.005847953216374001,209,389,5,0.135964912280701,180,1
586,"(13,1)",,True,32,"[13, 12, 16, 1, 14]",2,0.008771929824561,207,389,6,0.10185185185185101,182,1
587,"(13,1)",,True,32,"[13, 12, 16, 1, 14]",2,0.008771929824561,207,389,6,0.10185185185185101,182,1
588,"(0,1)",,True,35,"[6, 0, 19, 1, 2]",3,0.015594541910331002,205,389,7,0.13986354775828402,184,1
589,"(0,1)",,True,35,"[6, 0, 19, 1, 2]",3,0.015594541910331002,205,389,7,0.13986354775828402,184,1
590,6:8,assassinate,True,29,"[13, 6, 14, 17, 12]",3,0.020467836257309,203,389,5,0.057017543859649,186,1
591,6:8,assassinate,True,29,"[13, 6, 14, 17, 12]",3,0.020467836257309,203,389,5,0.057017543859649,186,1
592,"(5,3)",,True,28,"[5, 7, 3, 9, 14]",3,0.019005847953216002,201,389,4,0.068713450292397,188,1
593,"(5,3)",,True,28,"[5, 7, 3, 9, 14]",3,0.019005847953216002,201,389,4,0.068713450292397,188,1
594,3:6,assassinate,True,25,"[3, 16, 9, 7, 10]",3,0.011695906432748001,199,389,3,0.026803118908382002,190,1
595,3:6,assassinate,True,25,"[3, 16, 9, 7, 10]",3,0.011695906432748001,199,389,3,0.026803118908382002,190,1
596,4:8,assassinate,True,23,"[2, 4, 18, 11, 19]",2,0.0,199,390,3,0.039961013645224,191,1
597,4:8,assassinate,True,23,"[2, 4, 18, 11, 19]",2,0.0,199,390,3,0.039961013645224,191,1
598,18:8,assassinate,True,21,"[19, 10, 17, 18, 13]",3,0.070175438596491,201,392,3,0.066276803118908,191,1
599,18:8,assassinate,True,21,"[19, 10, 17, 18, 13]",3,0.070175438596491,201,392,3,0.066276803118908,191,1
600,"(19,6)",,True,24,"[19, 4, 17, 6, 16]",3,0.08187134502923901,201,393,3,0.08674463937621801,192,1
601,"(19,6)",,True,24,"[19, 4, 17, 6, 16]",3,0.08187134502923901,201,393,3,0.08674463937621801,192,1
602,"(1,4)",,True,27,"[0, 1, 4, 12, 11]",3,0.087719298245614,201,394,4,0.122807017543859,193,1
603,"(1,4)",,True,27,"[0, 1, 4, 12, 11]",3,0.087719298245614,201,394,4,0.122807017543859,193,1
604,"(3,19)",,True,26,"[3, 19, 10, 13, 14]",3,0.09356725146198801,199,394,4,0.11988304093567201,195,1
605,"(3,19)",,True,26,"[3, 19, 10, 13, 14]",3,0.09356725146198801,199,394,4,0.11988304093567201,195,1
606,"(1,13)",,True,28,"[1, 12, 13, 17, 6]",3,0.09356725146198801,199,395,5,0.122807017543859,196,1
607,"(1,13)",,True,28,"[1, 12, 13, 17, 6]",3,0.09356725146198801,199,395,5,0.122807017543859,196,1
608,5:12,assassinate,True,24,"[9, 5, 2, 4, 19]",2,0.087719298245614,197,395,4,0.24756335282651,198,1
609,5:12,assassinate,True,24,"[9, 5, 2, 4, 19]",2,0.087719298245614,197,395,4,0.24756335282651,198,1
610,"(0,7)",,True,25,"[15, 16, 11, 0, 7]",1,0.0,195,395,4,0.177387914230019,200,1
611,"(0,7)",,True,25,"[15, 16, 11, 0, 7]",1,0.0,195,395,4,0.177387914230019,200,1
612,"(1,5)",,True,27,"[7, 1, 5, 14, 8]",1,0.0,193,395,5,0.270955165692007,202,1
613,"(1,5)",,True,27,"[7, 1, 5, 14, 8]",1,0.0,193,395,5,0.270955165692007,202,1
614,"(17,1)",,True,30,"[17, 3, 19, 13, 1]",3,0.033625730994152,191,395,6,0.22709551656920002,204,1
615,"(17,1)",,True,30,"[17, 3, 19, 13, 1]",3,0.033625730994152,191,395,6,0.22709551656920002,204,1
616,2:12,assassinate,True,26,"[8, 16, 2, 11, 6]",2,0.015107212475633002,189,395,6,0.24049707602339102,206,1
617,2:12,assassinate,True,26,"[8, 16, 2, 11, 6]",2,0.015107212475633002,189,395,6,0.24049707602339102,206,1
618,15:10,assassinate,True,23,"[5, 6, 15, 0, 9]",2,0.015107212475633002,187,395,6,0.23196881091617902,208,1
619,15:10,assassinate,True,23,"[5, 6, 15, 0, 9]",2,0.015107212475633002,187,395,6,0.23196881091617902,208,1
620,"(5,11)",,True,25,"[5, 17, 14, 11, 0]",2,0.023879142300194,185,395,6,0.39269005847953203,210,1
621,"(5,11)",,True,25,"[5, 17, 14, 11, 0]",2,0.023879142300194,185,395,6,0.39269005847953203,210,1
622,"(17,7)",,True,28,"[12, 5, 18, 17, 7]",4,0.067543859649122,183,395,6,0.32826510721247504,212,1
623,"(17,7)",,True,28,"[12, 5, 18, 17, 7]",4,0.067543859649122,183,395,6,0.32826510721247504,212,1
624,"(14,1)",,True,31,"[14, 0, 9, 1, 5]",4,0.071101364522417,181,395,7,0.20575048732943402,214,1
625,"(14,1)",,True,31,"[14, 0, 9, 1, 5]",4,0.071101364522417,181,395,7,0.20575048732943402,214,1
626,12:8,assassinate,True,29,"[12, 16, 5, 8, 4]",5,0.08089668615984401,179,395,7,0.20087719298245602,216,1
627,12:8,assassinate,True,29,"[12, 16, 5, 8, 4]",5,0.08089668615984401,179,395,7,0.20087719298245602,216,1
628,10:8,assassinate,True,26,"[5, 6, 18, 14, 10]",4,0.045808966861598,177,395,7,0.223196881091617,218,1
629,10:8,assassinate,True,26,"[5, 6, 18, 14, 10]",4,0.045808966861598,177,395,7,0.223196881091617,218,1
630,3:6,assassinate,True,25,"[13, 7, 3, 8, 14]",3,0.020662768031189,175,395,7,0.169785575048732,220,1
631,3:6,assassinate,True,25,"[13, 7, 3, 8, 14]",3,0.020662768031189,175,395,7,0.169785575048732,220,1
632,7:8,assassinate,True,23,"[5, 18, 3, 11, 7]",2,0.0,173,395,7,0.153508771929824,222,1
633,7:8,assassinate,True,23,"[5, 18, 3, 11, 7]",2,0.0,173,395,7,0.153508771929824,222,1
634,"(14,10)",,True,26,"[0, 14, 10, 19, 15]",2,0.0,171,395,7,0.15526315789473602,224,1
635,"(14,10)",,True,26,"[0, 14, 10, 19, 15]",2,0.0,171,395,7,0.15526315789473602,224,1
636,"(10,12)",,True,25,"[10, 18, 12, 7, 5]",2,0.020955165692007,169,395,5,0.141228070175438,226,1
637,"(10,12)",,True,25,"[10, 18, 12, 7, 5]",2,0.020955165692007,169,395,5,0.141228070175438,226,1
638,"(3,1)",,True,28,"[14, 3, 15, 17, 1]",2,0.024074074074074,167,395,6,0.202046783625731,228,1
639,"(3,1)",,True,28,"[14, 3, 15, 17, 1]",2,0.024074074074074,167,395,6,0.202046783625731,228,1
640,"(2,12)",,True,29,"[0, 8, 10, 2, 12]",2,0.017543859649122,165,395,6,0.185185185185185,230,1
641,"(2,12)",,True,29,"[0, 8, 10, 2, 12]",2,0.017543859649122,165,395,6,0.185185185185185,230,1
642,"(1,17)",,True,32,"[1, 0, 6, 17, 13]",2,0.011695906432748001,163,395,7,0.14912280701754302,232,1
643,"(1,17)",,True,32,"[1, 0, 6, 17, 13]",2,0.011695906432748001,163,395,7,0.14912280701754302,232,1
644,"(7,17)",,True,33,"[6, 9, 7, 17, 15]",3,0.11111111111111101,161,395,7,0.232943469785575,234,1
645,"(7,17)",,True,33,"[6, 9, 7, 17, 15]",3,0.11111111111111101,161,395,7,0.232943469785575,234,1
646,"(17,18)",,True,36,"[13, 8, 17, 3, 18]",3,0.11111111111111101,159,395,7,0.212670565302144,236,1
647,"(17,18)",,True,36,"[13, 8, 17, 3, 18]",3,0.11111111111111101,159,395,7,0.212670565302144,236,1
648,16:16,assassinate,True,30,"[3, 16, 9, 10, 8]",3,0.09941520467836201,157,395,7,0.242690058479532,238,1
649,16:16,assassinate,True,30,"[3, 16, 9, 10, 8]",3,0.09941520467836201,157,395,7,0.242690058479532,238,1
650,4:10,assassinate,True,27,"[9, 10, 4, 3, 17]",2,0.087719298245614,155,395,7,0.25487329434697803,240,1
651,4:10,assassinate,True,27,"[9, 10, 4, 3, 17]",2,0.087719298245614,155,395,7,0.25487329434697803,240,1
652,"(9,13)",,True,28,"[0, 9, 6, 13, 5]",2,0.027290448343079,153,395,7,0.20321637426900502,242,1
653,"(9,13)",,True,28,"[0, 9, 6, 13, 5]",2,0.027290448343079,153,395,7,0.20321637426900502,242,1
654,12:4,assassinate,True,28,"[15, 19, 8, 12, 4]",1,0.0,151,395,7,0.14766081871345002,244,1
655,12:4,assassinate,True,28,"[15, 19, 8, 12, 4]",1,0.0,151,395,7,0.14766081871345002,244,1
656,16:2,assassinate,True,29,"[7, 15, 10, 16, 11]",2,0.0,149,395,7,0.10321637426900501,246,1
657,16:2,assassinate,True,29,"[7, 15, 10, 16, 11]",2,0.0,149,395,7,0.10321637426900501,246,1
658,6:12,assassinate,True,24,"[0, 3, 17, 11, 6]",2,0.0,147,395,7,0.142884990253411,248,1
659,6:12,assassinate,True,24,"[0, 3, 17, 11, 6]",2,0.0,147,395,7,0.142884990253411,248,1
660,"(14,16)",,True,27,"[9, 14, 7, 2, 16]",2,0.0,145,395,7,0.152436647173489,250,1
661,"(14,16)",,True,27,"[9, 14, 7, 2, 16]",2,0.0,145,395,7,0.152436647173489,250,1
662,"(4,3)",,True,30,"[18, 8, 4, 11, 3]",4,0.09356725146198801,143,395,7,0.20607073238652102,252,1
663,"(4,3)",,True,30,"[18, 8, 4, 11, 3]",4,0.09356725146198801,143,395,7,0.20607073238652102,252,1
664,"(11,1)",,True,33,"[10, 11, 13, 16, 1]",6,0.237816764132553,143,396,8,0.247027290448343,253,1
665,"(11,1)",,True,33,"[10, 11, 13, 16, 1]",6,0.237816764132553,143,396,8,0.247027290448343,253,1
666,4:2,assassinate,True,32,"[9, 4, 6, 15, 12]",5,0.18128654970760202,143,397,8,0.21535087719298202,254,1
667,4:2,assassinate,True,32,"[9, 4, 6, 15, 12]",5,0.18128654970760202,143,397,8,0.21535087719298202,254,1
668,"(0,14)",,True,33,"[5, 8, 0, 11, 14]",6,0.227534113060428,145,399,8,0.219736842105263,254,1
669,"(0,14)",,True,33,"[5, 8, 0, 11, 14]",6,0.227534113060428,145,399,8,0.219736842105263,254,1
670,5:18,assassinate,True,26,"[12, 5, 14, 7, 11]",5,0.20029239766081802,145,400,7,0.30000000000000004,255,1
671,5:18,assassinate,True,26,"[12, 5, 14, 7, 11]",5,0.20029239766081802,145,400,7,0.30000000000000004,255,1
672,6:2,assassinate,True,23,"[8, 17, 6, 2, 12]",4,0.12426900584795302,143,400,5,0.19590643274853803,257,1
673,6:2,assassinate,True,23,"[8, 17, 6, 2, 12]",4,0.12426900584795302,143,400,5,0.19590643274853803,257,1
674,"(17,4)",,True,25,"[17, 4, 10, 0, 2]",4,0.121345029239766,141,400,5,0.19298245614035,259,1
675,"(17,4)",,True,25,"[17, 4, 10, 0, 2]",4,0.121345029239766,141,400,5,0.19298245614035,259,1
676,9:8,assassinate,True,21,"[19, 11, 14, 9, 5]",3,0.10331384015594501,139,400,5,0.210526315789473,261,1
677,9:8,assassinate,True,21,"[19, 11, 14, 9, 5]",3,0.10331384015594501,139,400,5,0.210526315789473,261,1
678,15:6,assassinate,True,20,"[19, 12, 9, 15, 18]",2,0.017056530214424,137,400,5,0.159844054580896,263,1
679,15:6,assassinate,True,20,"[19, 12, 9, 15, 18]",2,0.017056530214424,137,400,5,0.159844054580896,263,1
680,"(13,9)",,True,22,"[13, 9, 11, 19, 5]",2,0.019005847953216002,135,400,5,0.21637426900584703,265,1
681,"(13,9)",,True,22,"[13, 9, 11, 19, 5]",2,0.019005847953216002,135,400,5,0.21637426900584703,265,1
682,"(14,3)",,True,25,"[6, 10, 8, 14, 3]",2,0.014327485380116,133,400,5,0.16413255360623702,267,1
683,"(14,3)",,True,25,"[6, 10, 8, 14, 3]",2,0.014327485380116,133,400,5,0.16413255360623702,267,1
684,"(5,13)",,True,28,"[5, 0, 15, 12, 13]",2,0.011403508771929001,131,400,5,0.160623781676413,269,1
685,"(5,13)",,True,28,"[5, 0, 15, 12, 13]",2,0.011403508771929001,131,400,5,0.160623781676413,269,1
686,"(1,3)",,True,27,"[1, 19, 6, 3, 10]",2,0.013352826510721002,129,400,6,0.27904483430799204,271,1
687,"(1,3)",,True,27,"[1, 19, 6, 3, 10]",2,0.013352826510721002,129,400,6,0.27904483430799204,271,1
688,"(12,2)",,True,30,"[10, 12, 6, 19, 2]",2,0.009607351712614001,127,400,6,0.343247006404901,273,1
689,"(12,2)",,True,30,"[10, 12, 6, 19, 2]",2,0.009607351712614001,127,400,6,0.343247006404901,273,1
690,12:4,assassinate,True,28,"[14, 1, 9, 5, 12]",2,0.005847953216374001,125,400,5,0.21442495126705602,275,1
691,12:4,assassinate,True,28,"[14, 1, 9, 5, 12]",2,0.005847953216374001,125,400,5,0.21442495126705602,275,1
692,"(11,5)",,True,31,"[2, 0, 3, 11, 5]",4,0.033876357560568005,123,400,5,0.169938735728209,277,1
693,"(11,5)",,True,31,"[2, 0, 3, 11, 5]",4,0.033876357560568005,123,400,5,0.169938735728209,277,1
694,"(15,3)",,True,34,"[17, 15, 3, 19, 11]",6,0.21801726538568603,123,401,5,0.275062656641604,278,1
695,"(15,3)",,True,34,"[17, 15, 3, 19, 11]",6,0.21801726538568603,123,401,5,0.275062656641604,278,1
696,4:6,assassinate,True,31,"[16, 2, 4, 0, 5]",6,0.144012809802283,123,402,5,0.23709273182957302,279,1
697,4:6,assassinate,True,31,"[16, 2, 4, 0, 5]",6,0.144012809802283,123,402,5,0.23709273182957302,279,1
698,"(12,1)",,True,32,"[11, 10, 9, 12, 1]",6,0.15405179615705902,123,403,6,0.21681982734614302,280,1
699,"(12,1)",,True,32,"[11, 10, 9, 12, 1]",6,0.15405179615705902,123,403,6,0.21681982734614302,280,1
700,7:16,assassinate,True,26,"[19, 14, 11, 7, 4]",5,0.155750487329434,123,404,6,0.175633528265107,281,1
701,7:16,assassinate,True,26,"[19, 14, 11, 7, 4]",5,0.155750487329434,123,404,6,0.175633528265107,281,1
702,13:16,assassinate,True,18,"[18, 16, 13, 0, 8]",4,0.12085769980506801,121,404,5,0.276803118908382,283,1
703,13:16,assassinate,True,18,"[18, 16, 13, 0, 8]",4,0.12085769980506801,121,404,5,0.276803118908382,283,1
704,"(0,8)",,True,18,"[5, 0, 8, 19, 9]",3,0.09941520467836201,119,404,5,0.256335282651072,285,1
705,"(0,8)",,True,18,"[5, 0, 8, 19, 9]",3,0.09941520467836201,119,404,5,0.256335282651072,285,1
706,"(2,7)",,True,21,"[2, 7, 3, 8, 16]",3,0.27485380116959,117,404,5,0.427875243664717,287,1
707,"(2,7)",,True,21,"[2, 7, 3, 8, 16]",3,0.27485380116959,117,404,5,0.427875243664717,287,1
708,"(9,17)",,True,24,"[9, 17, 15, 7, 0]",3,0.20370370370370303,115,404,5,0.35964912280701705,289,1
709,"(9,17)",,True,24,"[9, 17, 15, 7, 0]",3,0.20370370370370303,115,404,5,0.35964912280701705,289,1
710,18:10,assassinate,True,17,"[14, 18, 4, 15, 7]",2,0.280701754385964,115,405,3,0.380116959064327,290,1
711,18:10,assassinate,True,17,"[14, 18, 4, 15, 7]",2,0.280701754385964,115,405,3,0.380116959064327,290,1
712,"(1,6)",,True,18,"[1, 19, 6, 10, 7]",2,0.0,113,405,4,0.40350877192982404,292,1
713,"(1,6)",,True,18,"[1, 19, 6, 10, 7]",2,0.0,113,405,4,0.40350877192982404,292,1
714,14:8,assassinate,True,16,"[3, 9, 14, 7, 12]",2,0.0,111,405,4,0.251461988304093,294,1
715,14:8,assassinate,True,16,"[3, 9, 14, 7, 12]",2,0.0,111,405,4,0.251461988304093,294,1
716,"(12,2)",,True,19,"[4, 17, 12, 2, 10]",2,0.0,109,405,4,0.121345029239766,296,1
717,"(12,2)",,True,19,"[4, 17, 12, 2, 10]",2,0.0,109,405,4,0.121345029239766,296,1
718,"(8,18)",,True,22,"[8, 18, 7, 2, 13]",2,0.0,107,405,4,0.12085769980506801,298,1
719,"(8,18)",,True,22,"[8, 18, 7, 2, 13]",2,0.0,107,405,4,0.12085769980506801,298,1
720,9:6,assassinate,True,21,"[5, 4, 9, 3, 17]",2,0.0,105,405,4,0.078947368421052,300,1
721,9:6,assassinate,True,21,"[5, 4, 9, 3, 17]",2,0.0,105,405,4,0.078947368421052,300,1
722,6:10,assassinate,True,18,"[6, 3, 13, 8, 18]",1,0.0,103,405,3,0.07602339181286501,302,1
723,6:10,assassinate,True,18,"[6, 3, 13, 8, 18]",1,0.0,103,405,3,0.07602339181286501,302,1
724,"(10,1)",,True,18,"[10, 13, 2, 3, 1]",1,0.0,101,405,3,0.14619883040935602,304,1
725,"(10,1)",,True,18,"[10, 13, 2, 3, 1]",1,0.0,101,405,3,0.14619883040935602,304,1
726,"(4,10)",,True,18,"[11, 7, 4, 5, 10]",1,0.0,99,405,3,0.20467836257309902,306,1
727,"(4,10)",,True,18,"[11, 7, 4, 5, 10]",1,0.0,99,405,3,0.20467836257309902,306,1
728,"(19,1)",,True,19,"[10, 19, 17, 1, 11]",1,0.0,97,405,4,0.14619883040935602,308,1
729,"(19,1)",,True,19,"[10, 19, 17, 1, 11]",1,0.0,97,405,4,0.14619883040935602,308,1
730,"(11,9)",,True,21,"[11, 9, 17, 15, 6]",1,0.0,95,405,4,0.157894736842105,310,1
731,"(11,9)",,True,21,"[11, 9, 17, 15, 6]",1,0.0,95,405,4,0.157894736842105,310,1
732,"(12,4)",,True,23,"[12, 6, 14, 4, 5]",1,0.0,93,405,4,0.18128654970760202,312,1
733,"(12,4)",,True,23,"[12, 6, 14, 4, 5]",1,0.0,93,405,4,0.18128654970760202,312,1
734,"(17,13)",,True,23,"[17, 13, 10, 7, 2]",1,0.0,91,405,4,0.16959064327485301,314,1
735,"(17,13)",,True,23,"[17, 13, 10, 7, 2]",1,0.0,91,405,4,0.16959064327485301,314,1
736,"(4,5)",,True,25,"[4, 5, 7, 10, 2]",1,0.0,89,405,4,0.16959064327485301,316,1
737,"(4,5)",,True,25,"[4, 5, 7, 10, 2]",1,0.0,89,405,4,0.16959064327485301,316,1
738,"(1,9)",,True,27,"[1, 17, 9, 8, 18]",1,0.0,87,405,5,0.26315789473684204,318,1
739,"(1,9)",,True,27,"[1, 17, 9, 8, 18]",1,0.0,87,405,5,0.26315789473684204,318,1
740,"(14,4)",,True,30,"[0, 17, 18, 14, 4]",3,0.11861598440545801,85,405,5,0.21929824561403502,320,1
741,"(14,4)",,True,30,"[0, 17, 18, 14, 4]",3,0.11861598440545801,85,405,5,0.21929824561403502,320,1
742,"(6,10)",,True,33,"[5, 19, 15, 6, 10]",3,0.092690058479532,83,405,5,0.142495126705653,322,1
743,"(6,10)",,True,33,"[5, 19, 15, 6, 10]",3,0.092690058479532,83,405,5,0.142495126705653,322,1
744,"(18,10)",,True,34,"[18, 16, 15, 6, 10]",3,0.07592592592592501,81,405,5,0.14541910331384,324,1
745,"(18,10)",,True,34,"[18, 16, 15, 6, 10]",3,0.07592592592592501,81,405,5,0.14541910331384,324,1
746,"(0,13)",,True,34,"[0, 17, 13, 9, 5]",2,0.019883040935672003,79,405,5,0.15672514619883002,326,1
747,"(0,13)",,True,34,"[0, 17, 13, 9, 5]",2,0.019883040935672003,79,405,5,0.15672514619883002,326,1
748,"(6,3)",,True,35,"[6, 7, 3, 11, 15]",2,0.019883040935672003,77,405,5,0.150097465886939,328,1
749,"(6,3)",,True,35,"[6, 7, 3, 11, 15]",2,0.019883040935672003,77,405,5,0.150097465886939,328,1
750,"(3,18)",,True,36,"[3, 7, 17, 18, 19]",2,0.026120857699805003,75,405,5,0.12933723196881,330,1
751,"(3,18)",,True,36,"[3, 7, 17, 18, 19]",2,0.026120857699805003,75,405,5,0.12933723196881,330,1
752,"(17,19)",,True,39,"[17, 19, 9, 4, 5]",2,0.009314954051796,73,405,5,0.058820662768031,332,1
753,"(17,19)",,True,39,"[17, 19, 9, 4, 5]",2,0.009314954051796,73,405,5,0.058820662768031,332,1
754,17:8,assassinate,True,33,"[11, 3, 14, 17, 13]",2,0.017056530214424,72,405,3,0.018421052631578002,333,1
755,17:8,assassinate,True,33,"[11, 3, 14, 17, 13]",2,0.017056530214424,72,405,3,0.018421052631578002,333,1
756,"(1,16)",,True,35,"[0, 6, 1, 16, 7]",2,0.007992202729044,70,405,4,0.038937621832358,335,1
757,"(1,16)",,True,35,"[0, 6, 1, 16, 7]",2,0.007992202729044,70,405,4,0.038937621832358,335,1
758,2:18,assassinate,True,24,"[3, 2, 15, 1, 12]",1,0.0,68,405,4,0.10185185185185101,337,1
759,2:18,assassinate,True,24,"[3, 2, 15, 1, 12]",1,0.0,68,405,4,0.10185185185185101,337,1
760,4:14,assassinate,True,19,"[2, 9, 4, 10, 0]",3,0.15692007797270902,66,405,4,0.185185185185185,339,1
761,4:14,assassinate,True,19,"[2, 9, 4, 10, 0]",3,0.15692007797270902,66,405,4,0.185185185185185,339,1
762,"(1,3)",,True,22,"[1, 4, 9, 3, 17]",3,0.11793372319688102,66,406,5,0.18713450292397601,340,1
763,"(1,3)",,True,22,"[1, 4, 9, 3, 17]",3,0.11793372319688102,66,406,5,0.18713450292397601,340,1
764,"(14,3)",,True,25,"[12, 14, 9, 18, 3]",3,0.077972709551656,64,406,5,0.14113060428849902,342,1
765,"(14,3)",,True,25,"[12, 14, 9, 18, 3]",3,0.077972709551656,64,406,5,0.14113060428849902,342,1
766,8:8,assassinate,True,23,"[16, 8, 13, 0, 10]",3,0.060233918128654,62,406,5,0.11189083820662701,344,1
767,8:8,assassinate,True,23,"[16, 8, 13, 0, 10]",3,0.060233918128654,62,406,5,0.11189083820662701,344,1
768,19:6,assassinate,True,21,"[2, 8, 1, 19, 5]",2,0.021929824561403,60,406,5,0.134502923976608,346,1
769,19:6,assassinate,True,21,"[2, 8, 1, 19, 5]",2,0.021929824561403,60,406,5,0.134502923976608,346,1
770,"(12,10)",,True,22,"[18, 12, 9, 10, 2]",4,0.07563352826510701,58,406,5,0.14892787524366402,348,1
771,"(12,10)",,True,22,"[18, 12, 9, 10, 2]",4,0.07563352826510701,58,406,5,0.14892787524366402,348,1
772,"(0,12)",,True,23,"[19, 0, 12, 14, 6]",5,0.18908382066276802,60,408,5,0.104093567251461,348,1
773,"(0,12)",,True,23,"[19, 0, 12, 14, 6]",5,0.18908382066276802,60,408,5,0.104093567251461,348,1
774,19:2,assassinate,True,24,"[13, 14, 19, 4, 15]",6,0.22904483430799202,62,410,5,0.100194931773879,348,1
775,19:2,assassinate,True,24,"[13, 14, 19, 4, 15]",6,0.22904483430799202,62,410,5,0.100194931773879,348,1
776,7:2,assassinate,True,25,"[7, 19, 1, 3, 18]",5,0.19980506822612001,64,412,5,0.08615984405458,348,1
777,7:2,assassinate,True,25,"[7, 19, 1, 3, 18]",5,0.19980506822612001,64,412,5,0.08615984405458,348,1
778,11:14,assassinate,True,20,"[9, 18, 11, 14, 17]",6,0.14278752436647102,66,414,5,0.07456140350877101,348,1
779,11:14,assassinate,True,20,"[9, 18, 11, 14, 17]",6,0.14278752436647102,66,414,5,0.07456140350877101,348,1
780,19:2,assassinate,True,21,"[5, 16, 6, 19, 12]",7,0.15448343079922,68,416,5,0.05214424951267001,348,1
781,19:2,assassinate,True,21,"[5, 16, 6, 19, 12]",7,0.15448343079922,68,416,5,0.05214424951267001,348,1
782,18:8,assassinate,True,19,"[16, 8, 18, 13, 5]",6,0.116471734892787,70,418,5,0.048245614035087,348,1
783,18:8,assassinate,True,19,"[16, 8, 18, 13, 5]",6,0.116471734892787,70,418,5,0.048245614035087,348,1
784,"(0,10)",,True,20,"[17, 0, 12, 10, 4]",5,0.10087719298245601,72,420,5,0.059941520467836004,348,1
785,"(0,10)",,True,20,"[17, 0, 12, 10, 4]",5,0.10087719298245601,72,420,5,0.059941520467836004,348,1
786,"(16,0)",,True,21,"[16, 10, 0, 19, 17]",4,0.223196881091617,74,422,5,0.12183235867446301,348,1
787,"(16,0)",,True,21,"[16, 10, 0, 19, 17]",4,0.223196881091617,74,422,5,0.12183235867446301,348,1
788,13:4,assassinate,True,21,"[10, 8, 14, 13, 3]",3,0.29239766081871305,76,424,5,0.23196881091617902,348,1
789,13:4,assassinate,True,21,"[10, 8, 14, 13, 3]",3,0.29239766081871305,76,424,5,0.23196881091617902,348,1
790,"(19,14)",,True,23,"[19, 13, 14, 12, 2]",3,0.175438596491228,78,426,5,0.17251461988304,348,1
791,"(19,14)",,True,23,"[19, 13, 14, 12, 2]",3,0.175438596491228,78,426,5,0.17251461988304,348,1
792,11:6,assassinate,True,18,"[12, 13, 4, 11, 17]",2,0.029239766081871003,78,427,3,0.046978557504873,349,1
793,11:6,assassinate,True,18,"[12, 13, 4, 11, 17]",2,0.029239766081871003,78,427,3,0.046978557504873,349,1
794,"(11,1)",,True,19,"[0, 5, 11, 1, 10]",2,0.05653021442495101,76,427,4,0.12475633528265101,351,1
795,"(11,1)",,True,19,"[0, 5, 11, 1, 10]",2,0.05653021442495101,76,427,4,0.12475633528265101,351,1
796,"(1,19)",,True,21,"[7, 1, 10, 19, 9]",2,0.025341130604288,74,427,5,0.218323586744639,353,1
797,"(1,19)",,True,21,"[7, 1, 10, 19, 9]",2,0.025341130604288,74,427,5,0.218323586744639,353,1
798,14:8,assassinate,True,19,"[15, 12, 14, 7, 4]",4,0.200779727095516,72,427,5,0.270955165692007,355,1
799,14:8,assassinate,True,19,"[15, 12, 14, 7, 4]",4,0.200779727095516,72,427,5,0.270955165692007,355,1
