,actionDetail,actionType,bonusActivated,graphEdgeCount,nodeList,p1Degree,p1Score,p1WinAdvantage,p1WinCount,p2Degree,p2Score,p2WinCount,player
0,"(10,1)",,False,2,"[10, 1, 13, 9, 16]",1,0.0,1,1,1,0.0,0,1
1,"(10,1)",,False,2,"[10, 1, 13, 9, 16]",1,0.0,1,1,1,0.0,0,1
2,"(1,18)",,True,4,"[0, 1, 18, 14, 13]",1,0.0,0,1,2,0.011695906432748001,1,1
3,"(1,18)",,True,4,"[0, 1, 18, 14, 13]",1,0.0,0,1,2,0.011695906432748001,1,1
4,"(18,12)",,True,6,"[18, 12, 4, 17, 6]",1,0.0,-2,1,2,0.023391812865497002,3,1
5,"(18,12)",,True,6,"[18, 12, 4, 17, 6]",1,0.0,-2,1,2,0.023391812865497002,3,1
6,"(11,6)",,False,8,"[11, 6, 17, 5, 14]",1,0.0,-2,1,2,0.0,3,1
7,"(11,6)",,False,8,"[11, 6, 17, 5, 14]",1,0.0,-2,1,2,0.0,3,1
8,"(10,13)",,False,10,"[10, 13, 2, 11, 7]",1,0.0,-2,1,2,0.0,3,1
9,"(10,13)",,False,10,"[10, 13, 2, 11, 7]",1,0.0,-2,1,2,0.0,3,1
10,"(18,7)",,False,12,"[18, 7, 3, 13, 16]",1,0.0,-2,1,2,0.0,3,1
11,"(18,7)",,False,12,"[18, 7, 3, 13, 16]",1,0.0,-2,1,2,0.0,3,1
12,"(11,1)",,False,14,"[18, 17, 11, 8, 1]",1,0.0,-3,1,3,0.11695906432748501,4,1
13,"(11,1)",,False,14,"[18, 17, 11, 8, 1]",1,0.0,-3,1,3,0.11695906432748501,4,1
14,"(16,11)",,False,16,"[7, 16, 11, 19, 9]",1,0.0,-5,1,3,0.175438596491228,6,1
15,"(16,11)",,False,16,"[7, 16, 11, 19, 9]",1,0.0,-5,1,3,0.175438596491228,6,1
16,"(6,15)",,False,18,"[7, 8, 12, 6, 15]",2,0.038986354775828,-7,1,3,0.17153996101364502,8,1
17,"(6,15)",,False,18,"[7, 8, 12, 6, 15]",2,0.038986354775828,-7,1,3,0.17153996101364502,8,1
18,"(10,15)",,True,18,"[10, 17, 15, 19, 4]",2,0.07602339181286501,-5,3,2,0.0,8,1
19,"(10,15)",,True,18,"[10, 17, 15, 19, 4]",2,0.07602339181286501,-5,3,2,0.0,8,1
20,"(17,8)",,False,18,"[17, 4, 8, 12, 3]",2,0.087719298245614,-3,5,2,0.0,8,1
21,"(17,8)",,False,18,"[17, 4, 8, 12, 3]",2,0.087719298245614,-3,5,2,0.0,8,1
22,"(7,16)",,False,18,"[15, 7, 6, 16, 5]",2,0.042884990253411005,-1,7,2,0.0,8,1
23,"(7,16)",,False,18,"[15, 7, 6, 16, 5]",2,0.042884990253411005,-1,7,2,0.0,8,1
24,"(6,13)",,False,20,"[12, 6, 18, 0, 13]",2,0.011695906432748001,1,9,2,0.0,8,1
25,"(6,13)",,False,20,"[12, 6, 18, 0, 13]",2,0.011695906432748001,1,9,2,0.0,8,1
26,"(8,1)",,False,22,"[0, 13, 10, 8, 1]",2,0.014619883040935,1,10,3,0.040935672514619006,9,1
27,"(8,1)",,False,22,"[0, 13, 10, 8, 1]",2,0.014619883040935,1,10,3,0.040935672514619006,9,1
28,"(6,1)",,False,22,"[8, 6, 16, 1, 7]",2,0.014619883040935,1,11,4,0.270955165692007,10,1
29,"(6,1)",,False,22,"[8, 6, 16, 1, 7]",2,0.014619883040935,1,11,4,0.270955165692007,10,1
30,"(4,1)",,False,24,"[0, 7, 4, 8, 1]",2,0.010721247563352,-1,11,5,0.304093567251461,12,1
31,"(4,1)",,False,24,"[0, 7, 4, 8, 1]",2,0.010721247563352,-1,11,5,0.304093567251461,12,1
32,"(1,19)",,False,26,"[4, 8, 1, 19, 0]",2,0.007797270955165,-3,11,6,0.308869395711501,14,1
33,"(1,19)",,False,26,"[4, 8, 1, 19, 0]",2,0.007797270955165,-3,11,6,0.308869395711501,14,1
34,"(10,18)",,False,24,"[10, 18, 14, 8, 12]",2,0.008771929824561,-5,11,5,0.23489278752436601,16,1
35,"(10,18)",,False,24,"[10, 18, 14, 8, 12]",2,0.008771929824561,-5,11,5,0.23489278752436601,16,1
36,"(5,14)",,False,24,"[5, 13, 14, 18, 12]",2,0.011695906432748001,-7,11,5,0.228070175438596,18,1
37,"(5,14)",,False,24,"[5, 13, 14, 18, 12]",2,0.011695906432748001,-7,11,5,0.228070175438596,18,1
38,"(6,3)",,False,26,"[6, 9, 3, 12, 15]",2,0.009746588693957,-9,11,5,0.24951267056530202,20,1
39,"(6,3)",,False,26,"[6, 9, 3, 12, 15]",2,0.009746588693957,-9,11,5,0.24951267056530202,20,1
40,"(15,4)",,False,28,"[15, 5, 9, 4, 3]",3,0.074074074074074,-11,11,5,0.24951267056530202,22,1
41,"(15,4)",,False,28,"[15, 5, 9, 4, 3]",3,0.074074074074074,-11,11,5,0.24951267056530202,22,1
42,"(17,1)",,False,30,"[7, 17, 3, 14, 1]",4,0.077582846003898,-13,11,6,0.276998050682261,24,1
43,"(17,1)",,False,30,"[7, 17, 3, 14, 1]",4,0.077582846003898,-13,11,6,0.276998050682261,24,1
44,13:6,assassinate,True,28,"[15, 9, 1, 13, 8]",4,0.092592592592592,-15,11,6,0.25730994152046704,26,1
45,13:6,assassinate,True,28,"[15, 9, 1, 13, 8]",4,0.092592592592592,-15,11,6,0.25730994152046704,26,1
46,"(19,0)",,False,28,"[19, 16, 13, 0, 18]",4,0.092592592592592,-17,11,6,0.25730994152046704,28,1
47,"(19,0)",,False,28,"[19, 16, 13, 0, 18]",4,0.092592592592592,-17,11,6,0.25730994152046704,28,1
48,"(7,0)",,False,26,"[5, 7, 8, 0, 12]",3,0.09688109161793301,-19,11,6,0.29707602339181205,30,1
49,"(7,0)",,False,26,"[5, 7, 8, 0, 12]",3,0.09688109161793301,-19,11,6,0.29707602339181205,30,1
50,"(5,1)",,False,26,"[15, 5, 0, 1, 14]",3,0.139766081871345,-21,11,7,0.331746031746031,32,1
51,"(5,1)",,False,26,"[15, 5, 0, 1, 14]",3,0.139766081871345,-21,11,7,0.331746031746031,32,1
52,"(5,0)",,False,28,"[6, 5, 3, 19, 0]",4,0.169298245614035,-23,11,7,0.34756335282651,34,1
53,"(5,0)",,False,28,"[6, 5, 3, 19, 0]",4,0.169298245614035,-23,11,7,0.34756335282651,34,1
54,"(1,14)",,False,30,"[1, 16, 14, 0, 3]",5,0.19106098579782702,-25,11,8,0.36257309941520405,36,1
55,"(1,14)",,False,30,"[1, 16, 14, 0, 3]",5,0.19106098579782702,-25,11,8,0.36257309941520405,36,1
56,"(4,1)",,False,32,"[18, 10, 4, 14, 1]",5,0.142300194931773,-27,11,9,0.367836257309941,38,1
57,"(4,1)",,False,32,"[18, 10, 4, 14, 1]",5,0.142300194931773,-27,11,9,0.367836257309941,38,1
58,"(16,14)",,False,34,"[16, 12, 15, 14, 11]",6,0.155750487329434,-29,11,9,0.323099415204678,40,1
59,"(16,14)",,False,34,"[16, 12, 15, 14, 11]",6,0.155750487329434,-29,11,9,0.323099415204678,40,1
60,"(14,4)",,False,36,"[14, 10, 18, 4, 6]",6,0.145224171539961,-31,11,9,0.29344193817878,42,1
61,"(14,4)",,False,36,"[14, 10, 18, 4, 6]",6,0.145224171539961,-31,11,9,0.29344193817878,42,1
62,"(13,1)",,False,38,"[13, 11, 16, 15, 1]",6,0.155165692007797,-33,11,10,0.36225285435811705,44,1
63,"(13,1)",,False,38,"[13, 11, 16, 15, 1]",6,0.155165692007797,-33,11,10,0.36225285435811705,44,1
64,"(6,15)",,False,38,"[6, 12, 16, 15, 13]",6,0.16325536062378102,-35,11,10,0.36127819548872103,46,1
65,"(6,15)",,False,38,"[6, 12, 16, 15, 13]",6,0.16325536062378102,-35,11,10,0.36127819548872103,46,1
66,"(7,5)",,False,40,"[7, 5, 19, 12, 17]",6,0.14075466443887402,-37,11,10,0.315631671772022,48,1
67,"(7,5)",,False,40,"[7, 5, 19, 12, 17]",6,0.14075466443887402,-37,11,10,0.315631671772022,48,1
68,"(16,2)",,False,42,"[15, 12, 13, 16, 2]",6,0.13879142300194902,-39,11,10,0.29041585445094203,50,1
69,"(16,2)",,False,42,"[15, 12, 13, 16, 2]",6,0.13879142300194902,-39,11,10,0.29041585445094203,50,1
70,"(5,9)",,False,44,"[8, 5, 12, 9, 2]",7,0.117916002126528,-41,11,10,0.291166046429204,52,1
71,"(5,9)",,False,44,"[8, 5, 12, 9, 2]",7,0.117916002126528,-41,11,10,0.291166046429204,52,1
72,"(9,14)",,False,44,"[17, 9, 16, 14, 11]",7,0.11589706589706501,-43,11,9,0.25905799853168204,54,1
73,"(9,14)",,False,44,"[17, 9, 16, 14, 11]",7,0.11589706589706501,-43,11,9,0.25905799853168204,54,1
74,"(15,14)",,False,46,"[6, 16, 19, 15, 14]",7,0.10967697020328601,-45,11,9,0.24489000278473902,56,1
75,"(15,14)",,False,46,"[6, 16, 19, 15, 14]",7,0.10967697020328601,-45,11,9,0.24489000278473902,56,1
76,"(3,4)",,False,48,"[11, 3, 13, 4, 10]",7,0.093729694606887,-47,11,9,0.21764132553606202,58,1
77,"(3,4)",,False,48,"[11, 3, 13, 4, 10]",7,0.093729694606887,-47,11,9,0.21764132553606202,58,1
78,"(9,0)",,False,48,"[6, 9, 12, 0, 13]",6,0.064912280701754,-49,11,9,0.193929267613478,60,1
79,"(9,0)",,False,48,"[6, 9, 12, 0, 13]",6,0.064912280701754,-49,11,9,0.193929267613478,60,1
80,"(12,13)",,False,50,"[15, 12, 13, 8, 19]",6,0.064090782511835,-51,11,9,0.17744360902255601,62,1
81,"(12,13)",,False,50,"[15, 12, 13, 8, 19]",6,0.064090782511835,-51,11,9,0.17744360902255601,62,1
82,"(8,7)",,False,50,"[16, 8, 5, 7, 10]",6,0.05703399913926201,-53,11,9,0.17633730791625501,64,1
83,"(8,7)",,False,50,"[16, 8, 5, 7, 10]",6,0.05703399913926201,-53,11,9,0.17633730791625501,64,1
84,"(9,15)",,False,52,"[13, 9, 7, 15, 17]",6,0.045714032556137006,-55,11,9,0.158125110756689,66,1
85,"(9,15)",,False,52,"[13, 9, 7, 15, 17]",6,0.045714032556137006,-55,11,9,0.158125110756689,66,1
86,"(1,3)",,True,54,"[16, 1, 13, 3, 15]",6,0.037719298245614,-57,11,10,0.175225943646996,68,1
87,"(1,3)",,True,54,"[16, 1, 13, 3, 15]",6,0.037719298245614,-57,11,10,0.175225943646996,68,1
88,"(1,9)",,False,56,"[1, 0, 10, 9, 12]",6,0.035087719298245,-59,11,11,0.196977291714133,70,1
89,"(1,9)",,False,56,"[1, 0, 10, 9, 12]",6,0.035087719298245,-59,11,11,0.196977291714133,70,1
90,"(2,11)",,False,54,"[16, 2, 7, 15, 11]",6,0.043615984405458004,-61,11,10,0.18181100900399103,72,1
91,"(2,11)",,False,54,"[16, 2, 7, 15, 11]",6,0.043615984405458004,-61,11,10,0.18181100900399103,72,1
92,"(5,1)",,False,56,"[5, 18, 1, 16, 13]",6,0.035087719298245,-63,11,11,0.19405162738496,74,1
93,"(5,1)",,False,56,"[5, 18, 1, 16, 13]",6,0.035087719298245,-63,11,11,0.19405162738496,74,1
94,"(6,14)",,True,56,"[6, 17, 8, 14, 15]",6,0.034113060428849006,-65,11,11,0.19008506113769202,76,1
95,"(6,14)",,True,56,"[6, 17, 8, 14, 15]",6,0.034113060428849006,-65,11,11,0.19008506113769202,76,1
96,"(16,1)",,True,58,"[10, 16, 1, 19, 18]",6,0.026218323586744002,-67,11,12,0.199899580601334,78,1
97,"(16,1)",,True,58,"[10, 16, 1, 19, 18]",6,0.026218323586744002,-67,11,12,0.199899580601334,78,1
98,"(7,18)",,False,58,"[15, 17, 19, 7, 18]",6,0.026218323586744002,-69,11,12,0.198447507658033,80,1
99,"(7,18)",,False,58,"[15, 17, 19, 7, 18]",6,0.026218323586744002,-69,11,12,0.198447507658033,80,1
100,"(1,12)",,False,58,"[1, 2, 12, 5, 6]",6,0.025689223057644,-71,11,12,0.181164611866366,82,1
101,"(1,12)",,False,58,"[1, 2, 12, 5, 6]",6,0.025689223057644,-71,11,12,0.181164611866366,82,1
102,"(13,5)",,False,58,"[16, 4, 15, 13, 5]",6,0.025884154831523003,-73,11,12,0.187727314920297,84,1
103,"(13,5)",,False,58,"[16, 4, 15, 13, 5]",6,0.025884154831523003,-73,11,12,0.187727314920297,84,1
104,"(4,9)",,False,56,"[18, 7, 4, 9, 16]",6,0.026858813700918003,-75,11,11,0.137792292178257,86,1
105,"(4,9)",,False,56,"[18, 7, 4, 9, 16]",6,0.026858813700918003,-75,11,11,0.137792292178257,86,1
106,"(2,18)",,False,56,"[6, 2, 15, 18, 5]",7,0.040072403230297,-77,11,11,0.138740369442123,88,1
107,"(2,18)",,False,56,"[6, 2, 15, 18, 5]",7,0.040072403230297,-77,11,11,0.138740369442123,88,1
108,"(12,13)",,False,54,"[12, 8, 17, 13, 3]",7,0.043115823327381,-79,11,10,0.11350817129970801,90,1
109,"(12,13)",,False,54,"[12, 8, 17, 13, 3]",7,0.043115823327381,-79,11,10,0.11350817129970801,90,1
110,"(11,10)",,False,54,"[16, 15, 11, 10, 9]",7,0.046024784182678004,-81,11,10,0.11496797549429101,92,1
111,"(11,10)",,False,54,"[16, 15, 11, 10, 9]",7,0.046024784182678004,-81,11,10,0.11496797549429101,92,1
112,"(13,6)",,False,52,"[13, 4, 10, 9, 6]",7,0.05382205513784401,-83,11,9,0.10824282929546,94,1
113,"(13,6)",,False,52,"[13, 4, 10, 9, 6]",7,0.05382205513784401,-83,11,9,0.10824282929546,94,1
114,"(11,16)",,False,52,"[9, 11, 16, 15, 8]",7,0.054587858535226005,-85,11,9,0.11268448900027801,96,1
115,"(11,16)",,False,52,"[9, 11, 16, 15, 8]",7,0.054587858535226005,-85,11,9,0.11268448900027801,96,1
116,"(15,1)",,False,52,"[6, 15, 10, 1, 2]",7,0.057804232804232004,-87,11,9,0.12202032859927502,98,1
117,"(15,1)",,False,52,"[6, 15, 10, 1, 2]",7,0.057804232804232004,-87,11,9,0.12202032859927502,98,1
118,"(1,18)",,False,52,"[3, 13, 1, 6, 18]",7,0.056300473405736004,-89,11,9,0.127158173210804,100,1
119,"(1,18)",,False,52,"[3, 13, 1, 6, 18]",7,0.056300473405736004,-89,11,9,0.127158173210804,100,1
120,"(0,16)",,False,50,"[8, 0, 13, 17, 16]",6,0.040455304928989,-91,11,8,0.112761069340016,102,1
121,"(0,16)",,False,50,"[8, 0, 13, 17, 16]",6,0.040455304928989,-91,11,8,0.112761069340016,102,1
122,"(5,18)",,False,50,"[5, 11, 14, 3, 18]",6,0.040455304928989,-93,11,8,0.112761069340016,104,1
123,"(5,18)",,False,50,"[5, 11, 14, 3, 18]",6,0.040455304928989,-93,11,8,0.112761069340016,104,1
124,"(15,11)",,False,48,"[7, 15, 11, 12, 3]",6,0.06172375382901601,-95,11,8,0.139411027568922,106,1
125,"(15,11)",,False,48,"[7, 15, 11, 12, 3]",6,0.06172375382901601,-95,11,8,0.139411027568922,106,1
126,"(12,1)",,False,48,"[13, 7, 12, 1, 3]",6,0.065873015873015,-97,11,8,0.13236563631300402,108,1
127,"(12,1)",,False,48,"[13, 7, 12, 1, 3]",6,0.065873015873015,-97,11,8,0.13236563631300402,108,1
128,"(7,0)",,True,48,"[4, 19, 14, 7, 0]",6,0.065569226095541,-99,11,8,0.128245487456013,110,1
129,"(7,0)",,True,48,"[4, 19, 14, 7, 0]",6,0.065569226095541,-99,11,8,0.128245487456013,110,1
130,"(17,6)",,False,50,"[4, 17, 3, 6, 18]",6,0.051864546988385,-101,11,8,0.10846888462987501,112,1
131,"(17,6)",,False,50,"[4, 17, 3, 6, 18]",6,0.051864546988385,-101,11,8,0.10846888462987501,112,1
132,"(14,8)",,False,50,"[9, 14, 3, 8, 12]",6,0.055729601782233004,-103,11,7,0.07794486215538801,114,1
133,"(14,8)",,False,50,"[9, 14, 3, 8, 12]",6,0.055729601782233004,-103,11,7,0.07794486215538801,114,1
134,"(5,6)",,False,50,"[5, 7, 16, 14, 6]",6,0.053135152696556005,-105,11,6,0.06665738420124301,116,1
135,"(5,6)",,False,50,"[5, 7, 16, 14, 6]",6,0.053135152696556005,-105,11,6,0.06665738420124301,116,1
136,"(16,13)",,False,48,"[15, 5, 10, 16, 13]",6,0.059006312076487,-107,11,6,0.07266545994616101,118,1
137,"(16,13)",,False,48,"[15, 5, 10, 16, 13]",6,0.059006312076487,-107,11,6,0.07266545994616101,118,1
138,"(1,17)",,True,48,"[1, 17, 16, 7, 15]",6,0.064007240323029,-109,11,7,0.10898078529657401,120,1
139,"(1,17)",,True,48,"[1, 17, 16, 7, 15]",6,0.064007240323029,-109,11,7,0.10898078529657401,120,1
140,"(1,3)",,False,50,"[1, 0, 3, 12, 7]",6,0.050884154831523004,-111,11,8,0.11736981342244501,122,1
141,"(1,3)",,False,50,"[1, 0, 3, 12, 7]",6,0.050884154831523004,-111,11,8,0.11736981342244501,122,1
142,"(1,8)",,False,52,"[15, 1, 8, 17, 5]",7,0.07337681811366001,-113,11,9,0.14387214474933702,124,1
143,"(1,8)",,False,52,"[15, 1, 8, 17, 5]",7,0.07337681811366001,-113,11,9,0.14387214474933702,124,1
144,10:12,assassinate,True,47,"[13, 18, 19, 10, 12]",6,0.053606237816764005,-115,11,9,0.138287849252761,126,1
145,10:12,assassinate,True,47,"[13, 18, 19, 10, 12]",6,0.053606237816764005,-115,11,9,0.138287849252761,126,1
146,"(15,7)",,True,49,"[0, 15, 17, 7, 2]",7,0.06953429935886,-117,11,9,0.12143726968288301,128,1
147,"(15,7)",,True,49,"[0, 15, 17, 7, 2]",7,0.06953429935886,-117,11,9,0.12143726968288301,128,1
148,"(12,17)",,False,47,"[1, 12, 17, 18, 7]",7,0.07700543446157401,-119,11,8,0.11105626017906702,130,1
149,"(12,17)",,False,47,"[1, 12, 17, 18, 7]",7,0.07700543446157401,-119,11,8,0.11105626017906702,130,1
150,"(1,2)",,False,49,"[17, 1, 2, 19, 15]",8,0.09006354269512101,-121,11,9,0.118069162806004,132,1
151,"(1,2)",,False,49,"[17, 1, 2, 19, 15]",8,0.09006354269512101,-121,11,9,0.118069162806004,132,1
152,"(12,5)",,False,51,"[2, 12, 7, 8, 5]",8,0.077109440267335,-123,11,9,0.11214146477304301,134,1
153,"(12,5)",,False,51,"[2, 12, 7, 8, 5]",8,0.077109440267335,-123,11,9,0.11214146477304301,134,1
154,"(16,3)",,False,53,"[16, 2, 3, 15, 12]",9,0.08815557412048601,-123,12,9,0.09635663232154401,135,1
155,"(16,3)",,False,53,"[16, 2, 3, 15, 12]",9,0.08815557412048601,-123,12,9,0.09635663232154401,135,1
156,"(17,10)",,False,55,"[17, 19, 10, 7, 9]",9,0.12078808131439701,-125,12,9,0.13816485658590902,137,1
157,"(17,10)",,False,55,"[17, 19, 10, 7, 9]",9,0.12078808131439701,-125,12,9,0.13816485658590902,137,1
158,"(10,9)",,False,57,"[3, 8, 10, 7, 9]",10,0.135783904204956,-123,14,9,0.09593428014480601,137,1
159,"(10,9)",,False,57,"[3, 8, 10, 7, 9]",10,0.135783904204956,-123,14,9,0.09593428014480601,137,1
160,"(7,1)",,True,59,"[17, 16, 7, 1, 15]",10,0.133834586466165,-121,16,10,0.10219994430520701,137,1
161,"(7,1)",,True,59,"[17, 16, 7, 1, 15]",10,0.133834586466165,-121,16,10,0.10219994430520701,137,1
162,"(7,5)",,False,57,"[1, 7, 18, 5, 17]",10,0.170848417339645,-119,18,10,0.126093010303536,137,1
163,"(7,5)",,False,57,"[1, 7, 18, 5, 17]",10,0.170848417339645,-119,18,10,0.126093010303536,137,1
164,10:4,assassinate,True,54,"[3, 4, 18, 10, 13]",9,0.099401913875598,-117,20,9,0.094922913343965,137,1
165,10:4,assassinate,True,54,"[3, 4, 18, 10, 13]",9,0.099401913875598,-117,20,9,0.094922913343965,137,1
166,"(1,3)",,True,56,"[15, 19, 1, 3, 12]",10,0.11959064327485301,-115,22,10,0.10175438596491201,137,1
167,"(1,3)",,True,56,"[15, 19, 1, 3, 12]",10,0.11959064327485301,-115,22,10,0.10175438596491201,137,1
168,"(12,18)",,False,54,"[4, 12, 18, 15, 11]",10,0.133430799220272,-113,24,10,0.115204678362573,137,1
169,"(12,18)",,False,54,"[4, 12, 18, 15, 11]",10,0.133430799220272,-113,24,10,0.115204678362573,137,1
170,"(1,4)",,False,54,"[1, 15, 8, 16, 4]",10,0.139928525016244,-113,25,11,0.14022092267706301,138,1
171,"(1,4)",,False,54,"[1, 15, 8, 16, 4]",10,0.139928525016244,-113,25,11,0.14022092267706301,138,1
172,"(0,7)",,False,54,"[18, 19, 0, 7, 3]",9,0.11257077879884801,-113,26,11,0.13331244778613202,139,1
173,"(0,7)",,False,54,"[18, 19, 0, 7, 3]",9,0.11257077879884801,-113,26,11,0.13331244778613202,139,1
174,5:8,assassinate,True,49,"[14, 4, 6, 5, 2]",8,0.08519910888331901,-113,27,10,0.11256613756613701,140,1
175,5:8,assassinate,True,49,"[14, 4, 6, 5, 2]",8,0.08519910888331901,-113,27,10,0.11256613756613701,140,1
176,"(10,18)",,False,49,"[10, 18, 0, 7, 2]",8,0.1,-115,27,10,0.13986354775828402,142,1
177,"(10,18)",,False,49,"[10, 18, 0, 7, 2]",8,0.1,-115,27,10,0.13986354775828402,142,1
178,"(0,6)",,False,49,"[0, 6, 4, 19, 3]",7,0.06749512670565301,-117,27,10,0.13464912280701702,144,1
179,"(0,6)",,False,49,"[0, 6, 4, 19, 3]",7,0.06749512670565301,-117,27,10,0.13464912280701702,144,1
180,"(18,4)",,True,49,"[0, 18, 16, 4, 7]",8,0.173837371205792,-117,28,10,0.17963427086234102,145,1
181,"(18,4)",,True,49,"[0, 18, 16, 4, 7]",8,0.173837371205792,-117,28,10,0.17963427086234102,145,1
182,"(0,9)",,True,47,"[19, 0, 3, 13, 9]",7,0.15044555834029502,-117,29,10,0.192272347535505,146,1
183,"(0,9)",,True,47,"[19, 0, 3, 13, 9]",7,0.15044555834029502,-117,29,10,0.192272347535505,146,1
184,"(8,0)",,False,47,"[8, 18, 0, 6, 19]",6,0.12802840434419302,-119,29,10,0.166318574213311,148,1
185,"(8,0)",,False,47,"[8, 18, 0, 6, 19]",6,0.12802840434419302,-119,29,10,0.166318574213311,148,1
186,"(4,15)",,False,47,"[4, 15, 19, 1, 13]",6,0.12822333611807202,-121,29,10,0.187078808131439,150,1
187,"(4,15)",,False,47,"[4, 15, 19, 1, 13]",6,0.12822333611807202,-121,29,10,0.187078808131439,150,1
188,"(10,18)",,False,47,"[3, 10, 13, 8, 18]",6,0.12822333611807202,-123,29,10,0.185324422166527,152,1
189,"(10,18)",,False,47,"[3, 10, 13, 8, 18]",6,0.12822333611807202,-123,29,10,0.185324422166527,152,1
190,"(16,13)",,False,47,"[16, 13, 2, 4, 9]",6,0.12412976886661001,-125,29,10,0.15552770815928701,154,1
191,"(16,13)",,False,47,"[16, 13, 2, 4, 9]",6,0.12412976886661001,-125,29,10,0.15552770815928701,154,1
192,"(10,7)",,False,49,"[11, 12, 10, 9, 7]",6,0.12412976886661001,-127,29,10,0.125912002227791,156,1
193,"(10,7)",,False,49,"[11, 12, 10, 9, 7]",6,0.12412976886661001,-127,29,10,0.125912002227791,156,1
194,"(19,9)",,False,49,"[19, 2, 9, 11, 13]",7,0.148635477582845,-125,31,10,0.12465886939571101,156,1
195,"(19,9)",,False,49,"[19, 2, 9, 11, 13]",7,0.148635477582845,-125,31,10,0.12465886939571101,156,1
196,"(1,11)",,False,51,"[0, 1, 2, 11, 13]",7,0.14766081871345002,-123,33,11,0.14024180822426402,156,1
197,"(1,11)",,False,51,"[0, 1, 2, 11, 13]",7,0.14766081871345002,-123,33,11,0.14024180822426402,156,1
198,"(10,12)",,False,53,"[8, 6, 10, 13, 12]",8,0.154295460874408,-121,35,11,0.133948507632718,156,1
199,"(10,12)",,False,53,"[8, 6, 10, 13, 12]",8,0.154295460874408,-121,35,11,0.133948507632718,156,1
200,"(17,0)",,False,53,"[19, 17, 0, 3, 6]",8,0.156787802840434,-119,37,11,0.144061542745753,156,1
201,"(17,0)",,False,53,"[19, 17, 0, 3, 6]",8,0.156787802840434,-119,37,11,0.144061542745753,156,1
202,"(11,16)",,False,53,"[7, 11, 18, 9, 16]",8,0.156787802840434,-117,39,11,0.144061542745753,156,1
203,"(11,16)",,False,53,"[7, 11, 18, 9, 16]",8,0.156787802840434,-117,39,11,0.144061542745753,156,1
204,"(18,14)",,False,53,"[18, 6, 10, 7, 14]",8,0.158201058201058,-117,40,11,0.16755778334725702,157,1
205,"(18,14)",,False,53,"[18, 6, 10, 7, 14]",8,0.158201058201058,-117,40,11,0.16755778334725702,157,1
206,"(6,1)",,False,55,"[18, 6, 17, 9, 1]",8,0.155049661190012,-117,41,12,0.18997493734335802,158,1
207,"(6,1)",,False,55,"[18, 6, 17, 9, 1]",8,0.155049661190012,-117,41,12,0.18997493734335802,158,1
208,"(0,3)",,False,55,"[13, 0, 3, 17, 10]",7,0.140657198551935,-119,41,12,0.196495869302886,160,1
209,"(0,3)",,False,55,"[13, 0, 3, 17, 10]",7,0.140657198551935,-119,41,12,0.196495869302886,160,1
210,"(11,8)",,False,57,"[9, 18, 11, 2, 8]",7,0.13568643831801702,-121,41,12,0.167975494291283,162,1
211,"(11,8)",,False,57,"[9, 18, 11, 2, 8]",7,0.13568643831801702,-121,41,12,0.167975494291283,162,1
212,"(17,14)",,False,57,"[17, 14, 10, 9, 6]",8,0.15749094959621202,-123,41,12,0.179214239301958,164,1
213,"(17,14)",,False,57,"[17, 14, 10, 9, 6]",8,0.15749094959621202,-123,41,12,0.179214239301958,164,1
214,"(5,0)",,False,57,"[5, 9, 13, 0, 14]",7,0.052227791701475006,-125,41,12,0.16068643831801702,166,1
215,"(5,0)",,False,57,"[5, 9, 13, 0, 14]",7,0.052227791701475006,-125,41,12,0.16068643831801702,166,1
216,"(10,13)",,False,55,"[10, 12, 13, 4, 16]",7,0.053244221665274004,-127,41,11,0.14316346421609502,168,1
217,"(10,13)",,False,55,"[10, 12, 13, 4, 16]",7,0.053244221665274004,-127,41,11,0.14316346421609502,168,1
218,13:6,assassinate,True,53,"[17, 16, 15, 4, 13]",7,0.053439153439153,-129,41,11,0.14569757727652402,170,1
219,13:6,assassinate,True,53,"[17, 16, 15, 4, 13]",7,0.053439153439153,-129,41,11,0.14569757727652402,170,1
220,"(1,13)",,False,55,"[6, 9, 1, 13, 4]",8,0.15870231133389,-129,42,12,0.250960735171261,171,1
221,"(1,13)",,False,55,"[6, 9, 1, 13, 4]",8,0.15870231133389,-129,42,12,0.250960735171261,171,1
222,"(18,4)",,False,55,"[15, 18, 1, 16, 4]",8,0.15597326649958201,-131,42,12,0.265970481759955,173,1
223,"(18,4)",,False,55,"[15, 18, 1, 16, 4]",8,0.15597326649958201,-131,42,12,0.265970481759955,173,1
224,"(6,3)",,False,55,"[15, 6, 3, 7, 19]",9,0.18199665831244702,-133,42,12,0.28104984683932,175,1
225,"(6,3)",,False,55,"[15, 6, 3, 7, 19]",9,0.18199665831244702,-133,42,12,0.28104984683932,175,1
226,"(9,0)",,False,53,"[9, 18, 12, 14, 0]",8,0.160568086883876,-135,42,11,0.26569200779727004,177,1
227,"(9,0)",,False,53,"[9, 18, 12, 14, 0]",8,0.160568086883876,-135,42,11,0.26569200779727004,177,1
228,19:8,assassinate,True,50,"[17, 19, 7, 3, 9]",8,0.153258145363408,-137,42,11,0.253508771929824,179,1
229,19:8,assassinate,True,50,"[17, 19, 7, 3, 9]",8,0.153258145363408,-137,42,11,0.253508771929824,179,1
230,"(10,4)",,False,52,"[10, 2, 18, 4, 9]",8,0.151225285435811,-139,42,11,0.20123920913394602,181,1
231,"(10,4)",,False,52,"[10, 2, 18, 4, 9]",8,0.151225285435811,-139,42,11,0.20123920913394602,181,1
232,"(12,13)",,False,50,"[9, 12, 2, 4, 13]",8,0.15567444251654702,-141,42,10,0.23023156181050902,183,1
233,"(12,13)",,False,50,"[9, 12, 2, 4, 13]",8,0.15567444251654702,-141,42,10,0.23023156181050902,183,1
234,"(0,16)",,False,50,"[0, 16, 3, 4, 15]",8,0.157894736842105,-143,42,10,0.22992202729044803,185,1
235,"(0,16)",,False,50,"[0, 16, 3, 4, 15]",8,0.157894736842105,-143,42,10,0.22992202729044803,185,1
236,10:12,assassinate,True,45,"[8, 17, 10, 11, 2]",7,0.13414850256955502,-145,42,10,0.22219700377595103,187,1
237,10:12,assassinate,True,45,"[8, 17, 10, 11, 2]",7,0.13414850256955502,-145,42,10,0.22219700377595103,187,1
238,"(1,5)",,False,47,"[1, 15, 4, 3, 5]",7,0.10908584592795101,-147,42,11,0.317289435710488,189,1
239,"(1,5)",,False,47,"[1, 15, 4, 3, 5]",7,0.10908584592795101,-147,42,11,0.317289435710488,189,1
240,"(0,15)",,False,47,"[10, 2, 0, 15, 8]",7,0.18075048732943402,-149,42,11,0.350735424419634,191,1
241,"(0,15)",,False,47,"[10, 2, 0, 15, 8]",7,0.18075048732943402,-149,42,11,0.350735424419634,191,1
242,"(0,5)",,False,47,"[18, 0, 5, 1, 13]",6,0.13123781676413201,-151,42,11,0.37173489278752403,193,1
243,"(0,5)",,False,47,"[18, 0, 5, 1, 13]",6,0.13123781676413201,-151,42,11,0.37173489278752403,193,1
244,"(11,19)",,False,49,"[7, 2, 4, 11, 19]",6,0.055604288499025004,-153,42,11,0.368226120857699,195,1
245,"(11,19)",,False,49,"[7, 2, 4, 11, 19]",6,0.055604288499025004,-153,42,11,0.368226120857699,195,1
246,"(1,15)",,False,51,"[5, 7, 13, 1, 15]",6,0.053792309055466,-155,42,12,0.32148764166308,197,1
247,"(1,15)",,False,51,"[5, 7, 13, 1, 15]",6,0.053792309055466,-155,42,12,0.32148764166308,197,1
248,"(7,12)",,False,51,"[19, 4, 7, 8, 12]",7,0.072904483430799,-157,42,12,0.31743996743996705,199,1
249,"(7,12)",,False,51,"[19, 4, 7, 8, 12]",7,0.072904483430799,-157,42,12,0.31743996743996705,199,1
250,"(12,4)",,False,51,"[7, 6, 1, 12, 4]",7,0.072666709508814,-159,42,12,0.302112831937393,201,1
251,"(12,4)",,False,51,"[7, 6, 1, 12, 4]",7,0.072666709508814,-159,42,12,0.302112831937393,201,1
252,"(11,10)",,False,53,"[3, 11, 9, 15, 10]",8,0.10684938842833501,-161,42,12,0.255978978785996,203,1
253,"(11,10)",,False,53,"[3, 11, 9, 15, 10]",8,0.10684938842833501,-161,42,12,0.255978978785996,203,1
254,"(10,1)",,False,53,"[9, 4, 10, 16, 1]",8,0.09430413640939901,-163,42,12,0.25581367949789,205,1
255,"(10,1)",,False,53,"[9, 4, 10, 16, 1]",8,0.09430413640939901,-163,42,12,0.25581367949789,205,1
256,"(12,13)",,True,53,"[14, 3, 12, 4, 13]",8,0.09100529100529,-165,42,12,0.281175160122528,207,1
257,"(12,13)",,True,53,"[14, 3, 12, 4, 13]",8,0.09100529100529,-165,42,12,0.281175160122528,207,1
258,"(11,4)",,False,51,"[1, 16, 11, 10, 4]",8,0.11959528450756501,-167,42,11,0.26660168940870604,209,1
259,"(11,4)",,False,51,"[1, 16, 11, 10, 4]",8,0.11959528450756501,-167,42,11,0.26660168940870604,209,1
260,"(9,1)",,False,53,"[15, 9, 1, 2, 7]",8,0.112642717905875,-169,42,12,0.286013645224171,211,1
261,"(9,1)",,False,53,"[15, 9, 1, 2, 7]",8,0.112642717905875,-169,42,12,0.286013645224171,211,1
262,"(2,15)",,False,51,"[13, 16, 2, 15, 14]",8,0.13408057179987,-171,42,11,0.267884990253411,213,1
263,"(2,15)",,False,51,"[13, 16, 2, 15, 14]",8,0.13408057179987,-171,42,11,0.267884990253411,213,1
264,"(11,1)",,False,53,"[11, 14, 13, 1, 0]",8,0.112475633528265,-173,42,12,0.26905458089668605,215,1
265,"(11,1)",,False,53,"[11, 14, 13, 1, 0]",8,0.112475633528265,-173,42,12,0.26905458089668605,215,1
266,"(0,19)",,True,51,"[0, 8, 3, 9, 19]",7,0.090983995937556,-175,42,12,0.290861412791237,217,1
267,"(0,19)",,True,51,"[0, 8, 3, 9, 19]",7,0.090983995937556,-175,42,12,0.290861412791237,217,1
268,"(17,0)",,False,49,"[7, 17, 0, 2, 14]",6,0.06821567808409901,-177,42,11,0.20097697948575102,219,1
269,"(17,0)",,False,49,"[7, 17, 0, 2, 14]",6,0.06821567808409901,-177,42,11,0.20097697948575102,219,1
270,"(13,9)",,True,49,"[7, 13, 6, 9, 4]",6,0.06821567808409901,-179,42,11,0.224612457068597,221,1
271,"(13,9)",,True,49,"[7, 13, 6, 9, 4]",6,0.06821567808409901,-179,42,11,0.224612457068597,221,1
272,"(19,11)",,False,51,"[14, 8, 19, 11, 15]",7,0.096383319409635,-181,42,11,0.23445651164949402,223,1
273,"(19,11)",,False,51,"[14, 8, 19, 11, 15]",7,0.096383319409635,-181,42,11,0.23445651164949402,223,1
274,"(0,5)",,True,51,"[13, 0, 3, 9, 5]",6,0.06821567808409901,-183,42,11,0.22997308085027302,225,1
275,"(0,5)",,True,51,"[13, 0, 3, 9, 5]",6,0.06821567808409901,-183,42,11,0.22997308085027302,225,1
276,"(18,1)",,False,53,"[4, 18, 1, 7, 12]",7,0.11208576998050601,-185,42,12,0.23293882855286302,227,1
277,"(18,1)",,False,53,"[4, 18, 1, 7, 12]",7,0.11208576998050601,-185,42,12,0.23293882855286302,227,1
278,"(11,13)",,False,55,"[14, 11, 13, 5, 19]",7,0.08886800334168701,-187,42,12,0.21286085584331102,229,1
279,"(11,13)",,False,55,"[14, 11, 13, 5, 19]",7,0.08886800334168701,-187,42,12,0.21286085584331102,229,1
280,"(1,19)",,False,57,"[1, 0, 9, 19, 6]",7,0.08732247284878801,-189,42,13,0.237770351805439,231,1
281,"(1,19)",,False,57,"[1, 0, 9, 19, 6]",7,0.08732247284878801,-189,42,13,0.237770351805439,231,1
282,"(0,4)",,False,57,"[17, 9, 5, 0, 4]",6,0.066840712893344,-191,42,13,0.24566593250803703,233,1
283,"(0,4)",,False,57,"[17, 9, 5, 0, 4]",6,0.066840712893344,-191,42,13,0.24566593250803703,233,1
284,"(11,18)",,False,57,"[11, 3, 18, 10, 8]",6,0.066840712893344,-193,42,13,0.24566593250803703,235,1
285,"(11,18)",,False,57,"[11, 3, 18, 10, 8]",6,0.066840712893344,-193,42,13,0.24566593250803703,235,1
286,"(8,1)",,False,59,"[8, 0, 14, 17, 1]",7,0.087440824282929,-195,42,14,0.27078165499218104,237,1
287,"(8,1)",,False,59,"[8, 0, 14, 17, 1]",7,0.087440824282929,-195,42,14,0.27078165499218104,237,1
288,"(5,0)",,False,57,"[5, 0, 9, 4, 8]",6,0.06646941427643101,-197,42,13,0.24060423389628702,239,1
289,"(5,0)",,False,57,"[5, 0, 9, 4, 8]",6,0.06646941427643101,-197,42,13,0.24060423389628702,239,1
290,"(8,15)",,False,57,"[3, 12, 8, 15, 2]",6,0.06646941427643101,-199,42,13,0.24060423389628702,241,1
291,"(8,15)",,False,57,"[3, 12, 8, 15, 2]",6,0.06646941427643101,-199,42,13,0.24060423389628702,241,1
292,"(15,7)",,True,57,"[15, 8, 6, 18, 7]",6,0.062146949866248004,-201,42,13,0.23293809017493203,243,1
293,"(15,7)",,True,57,"[15, 8, 6, 18, 7]",6,0.062146949866248004,-201,42,13,0.23293809017493203,243,1
294,"(1,2)",,False,59,"[1, 14, 0, 2, 15]",6,0.061415955714201005,-203,42,14,0.24173438647122802,245,1
295,"(1,2)",,False,59,"[1, 14, 0, 2, 15]",6,0.061415955714201005,-203,42,14,0.24173438647122802,245,1
296,"(19,5)",,False,61,"[9, 19, 18, 5, 17]",6,0.058856315873859005,-205,42,14,0.22200272112552802,247,1
297,"(19,5)",,False,61,"[9, 19, 18, 5, 17]",6,0.058856315873859005,-205,42,14,0.22200272112552802,247,1
298,"(13,0)",,False,59,"[13, 9, 15, 2, 0]",5,0.025575512856214,-207,42,13,0.203986818899099,249,1
299,"(13,0)",,False,59,"[13, 9, 15, 2, 0]",5,0.025575512856214,-207,42,13,0.203986818899099,249,1
300,"(19,14)",,False,59,"[19, 15, 0, 14, 10]",5,0.023034437946718,-209,42,13,0.21416272161886202,251,1
301,"(19,14)",,False,59,"[19, 15, 0, 14, 10]",5,0.023034437946718,-209,42,13,0.21416272161886202,251,1
302,"(4,11)",,False,57,"[4, 11, 9, 18, 15]",5,0.029126055880441003,-211,42,12,0.209862619511742,253,1
303,"(4,11)",,False,57,"[4, 11, 9, 18, 15]",5,0.029126055880441003,-211,42,12,0.209862619511742,253,1
304,"(15,17)",,False,57,"[15, 2, 17, 18, 12]",5,0.029230483616448002,-213,42,12,0.21308595562981503,255,1
305,"(15,17)",,False,57,"[15, 2, 17, 18, 12]",5,0.029230483616448002,-213,42,12,0.21308595562981503,255,1
306,"(9,15)",,False,57,"[9, 16, 18, 15, 0]",5,0.029230483616448002,-215,42,12,0.20085398681889902,257,1
307,"(9,15)",,False,57,"[9, 16, 18, 15, 0]",5,0.029230483616448002,-215,42,12,0.20085398681889902,257,1
308,"(13,1)",,False,57,"[5, 3, 13, 1, 16]",5,0.036326928432191,-217,42,12,0.19463241436925602,259,1
309,"(13,1)",,False,57,"[5, 3, 13, 1, 16]",5,0.036326928432191,-217,42,12,0.19463241436925602,259,1
310,"(18,9)",,False,57,"[17, 12, 18, 9, 3]",5,0.041088833194096,-219,42,12,0.207365636313004,261,1
311,"(18,9)",,False,57,"[17, 12, 18, 9, 3]",5,0.041088833194096,-219,42,12,0.207365636313004,261,1
312,"(14,15)",,False,57,"[14, 19, 12, 0, 15]",5,0.042648287385129005,-221,42,12,0.203153717627401,263,1
313,"(14,15)",,False,57,"[14, 19, 12, 0, 15]",5,0.042648287385129005,-221,42,12,0.203153717627401,263,1
314,"(4,9)",,True,55,"[0, 4, 9, 17, 5]",5,0.043330548593706004,-223,42,11,0.17940685045948201,265,1
315,"(4,9)",,True,55,"[0, 4, 9, 17, 5]",5,0.043330548593706004,-223,42,11,0.17940685045948201,265,1
316,"(9,14)",,False,55,"[9, 14, 15, 13, 11]",5,0.043622946254525,-225,42,11,0.19427736006683302,267,1
317,"(9,14)",,False,55,"[9, 14, 15, 13, 11]",5,0.043622946254525,-225,42,11,0.19427736006683302,267,1
318,"(3,16)",,False,55,"[3, 15, 5, 16, 18]",5,0.045377332219437,-227,42,11,0.170300751879699,269,1
319,"(3,16)",,False,55,"[3, 15, 5, 16, 18]",5,0.045377332219437,-227,42,11,0.170300751879699,269,1
320,"(10,15)",,False,55,"[10, 7, 15, 13, 8]",6,0.079365079365079,-229,42,11,0.17327409432672503,271,1
321,"(10,15)",,False,55,"[10, 7, 15, 13, 8]",6,0.079365079365079,-229,42,11,0.17327409432672503,271,1
322,"(19,1)",,False,57,"[19, 0, 3, 16, 1]",7,0.081599832915622,-231,42,12,0.20746310219994402,273,1
323,"(19,1)",,False,57,"[19, 0, 3, 16, 1]",7,0.081599832915622,-231,42,12,0.20746310219994402,273,1
324,"(12,16)",,False,55,"[4, 5, 12, 16, 14]",7,0.08865218602060701,-233,42,11,0.188680033416875,275,1
325,"(12,16)",,False,55,"[4, 5, 12, 16, 14]",7,0.08865218602060701,-233,42,11,0.188680033416875,275,1
326,"(18,8)",,False,53,"[16, 18, 6, 8, 15]",7,0.087343358395989,-235,42,10,0.18452006083585,277,1
327,"(18,8)",,False,53,"[16, 18, 6, 8, 15]",7,0.087343358395989,-235,42,10,0.18452006083585,277,1
328,"(19,11)",,False,51,"[5, 9, 19, 11, 10]",7,0.10128098022834801,-237,42,9,0.17486139591402702,279,1
329,"(19,11)",,False,51,"[5, 9, 19, 11, 10]",7,0.10128098022834801,-237,42,9,0.17486139591402702,279,1
330,10:8,assassinate,True,46,"[15, 17, 10, 9, 11]",6,0.11024784182678901,-237,43,8,0.117743432655713,280,1
331,10:8,assassinate,True,46,"[15, 17, 10, 9, 11]",6,0.11024784182678901,-237,43,8,0.117743432655713,280,1
332,"(16,14)",,True,46,"[7, 16, 17, 14, 9]",6,0.12225006961849001,-235,45,8,0.104098208484173,280,1
333,"(16,14)",,True,46,"[7, 16, 17, 14, 9]",6,0.12225006961849001,-235,45,8,0.104098208484173,280,1
334,"(19,1)",,False,48,"[15, 5, 19, 0, 1]",6,0.12145641882483901,-235,46,9,0.15299359509885802,281,1
335,"(19,1)",,False,48,"[15, 5, 19, 0, 1]",6,0.12145641882483901,-235,46,9,0.15299359509885802,281,1
336,"(1,10)",,False,48,"[0, 1, 10, 13, 6]",6,0.09653996101364501,-235,47,9,0.16345029239766,282,1
337,"(1,10)",,False,48,"[0, 1, 10, 13, 6]",6,0.09653996101364501,-235,47,9,0.16345029239766,282,1
338,"(7,19)",,False,50,"[7, 12, 19, 2, 6]",6,0.08187134502923901,-237,47,9,0.160964912280701,284,1
339,"(7,19)",,False,50,"[7, 12, 19, 2, 6]",6,0.08187134502923901,-237,47,9,0.160964912280701,284,1
340,"(17,11)",,False,50,"[17, 16, 7, 3, 11]",6,0.080506822612085,-239,47,9,0.16408382066276803,286,1
341,"(17,11)",,False,50,"[17, 16, 7, 3, 11]",6,0.080506822612085,-239,47,9,0.16408382066276803,286,1
342,"(19,10)",,True,50,"[19, 10, 7, 9, 13]",7,0.104191033138401,-241,47,9,0.17446393762183202,288,1
343,"(19,10)",,True,50,"[19, 10, 7, 9, 13]",7,0.104191033138401,-241,47,9,0.17446393762183202,288,1
344,"(6,0)",,False,50,"[6, 0, 12, 17, 3]",6,0.079142300194931,-243,47,9,0.17165135059871903,290,1
345,"(6,0)",,False,50,"[6, 0, 12, 17, 3]",6,0.079142300194931,-243,47,9,0.17165135059871903,290,1
346,"(1,18)",,True,52,"[4, 14, 1, 18, 5]",6,0.067037965283579,-245,47,10,0.18361412791237303,292,1
347,"(1,18)",,True,52,"[4, 14, 1, 18, 5]",6,0.067037965283579,-245,47,10,0.18361412791237303,292,1
348,"(8,10)",,False,52,"[14, 16, 8, 10, 5]",6,0.06993873572820901,-247,47,10,0.201726538568643,294,1
349,"(8,10)",,False,52,"[14, 16, 8, 10, 5]",6,0.06993873572820901,-247,47,10,0.201726538568643,294,1
350,"(11,12)",,False,52,"[11, 14, 4, 12, 3]",7,0.10584795321637401,-249,47,10,0.208047897521581,296,1
351,"(11,12)",,False,52,"[11, 14, 4, 12, 3]",7,0.10584795321637401,-249,47,10,0.208047897521581,296,1
352,"(4,7)",,False,52,"[17, 12, 4, 10, 7]",7,0.09539125591757101,-251,47,9,0.17671261487050902,298,1
353,"(4,7)",,False,52,"[17, 12, 4, 10, 7]",7,0.09539125591757101,-251,47,9,0.17671261487050902,298,1
354,"(15,0)",,False,52,"[6, 17, 15, 0, 9]",6,0.066722361459203,-253,47,9,0.17393483709273103,300,1
355,"(15,0)",,False,52,"[6, 17, 15, 0, 9]",6,0.066722361459203,-253,47,9,0.17393483709273103,300,1
356,"(0,12)",,False,50,"[1, 7, 0, 2, 12]",5,0.036842105263157,-255,47,8,0.16812062206799,302,1
357,"(0,12)",,False,50,"[1, 7, 0, 2, 12]",5,0.036842105263157,-255,47,8,0.16812062206799,302,1
358,"(15,11)",,False,50,"[17, 12, 14, 15, 11]",5,0.038742690058479,-257,47,8,0.17109672328970502,304,1
359,"(15,11)",,False,50,"[17, 12, 14, 15, 11]",5,0.038742690058479,-257,47,8,0.17109672328970502,304,1
360,"(8,19)",,False,52,"[14, 18, 4, 8, 19]",5,0.028829016986911003,-259,47,8,0.16591014573470703,306,1
361,"(8,19)",,False,52,"[14, 18, 4, 8, 19]",5,0.028829016986911003,-259,47,8,0.16591014573470703,306,1
362,"(15,16)",,False,54,"[19, 15, 16, 9, 4]",6,0.040654877935579,-261,47,8,0.15714749837556802,308,1
363,"(15,16)",,False,54,"[19, 15, 16, 9, 4]",6,0.040654877935579,-261,47,8,0.15714749837556802,308,1
364,"(15,3)",,False,54,"[4, 18, 15, 17, 3]",6,0.035651629072681004,-263,47,7,0.14293372319688102,310,1
365,"(15,3)",,False,54,"[4, 18, 15, 17, 3]",6,0.035651629072681004,-263,47,7,0.14293372319688102,310,1
366,"(15,0)",,False,54,"[6, 16, 15, 0, 14]",5,0.024644945697577,-265,47,7,0.13154413812308502,312,1
367,"(15,0)",,False,54,"[6, 16, 15, 0, 14]",5,0.024644945697577,-265,47,7,0.13154413812308502,312,1
368,16:10,assassinate,True,48,"[7, 16, 10, 19, 17]",4,0.019054580896686,-267,47,7,0.12735542560103902,314,1
369,16:10,assassinate,True,48,"[7, 16, 10, 19, 17]",4,0.019054580896686,-267,47,7,0.12735542560103902,314,1
370,"(14,16)",,False,50,"[18, 14, 5, 0, 16]",5,0.029597141000649002,-269,47,7,0.130604288499025,316,1
371,"(14,16)",,False,50,"[18, 14, 5, 0, 16]",5,0.029597141000649002,-269,47,7,0.130604288499025,316,1
372,"(11,14)",,False,48,"[10, 11, 14, 17, 5]",5,0.030084470435347004,-271,47,6,0.134790680404715,318,1
373,"(11,14)",,False,48,"[10, 11, 14, 17, 5]",5,0.030084470435347004,-271,47,6,0.134790680404715,318,1
374,"(0,8)",,False,48,"[7, 0, 8, 9, 12]",4,0.011452241715399,-273,47,6,0.12158869395711501,320,1
375,"(0,8)",,False,48,"[7, 0, 8, 9, 12]",4,0.011452241715399,-273,47,6,0.12158869395711501,320,1
376,"(4,1)",,False,48,"[13, 9, 4, 11, 1]",4,0.014863547758284001,-275,47,7,0.14205653021442402,322,1
377,"(4,1)",,False,48,"[13, 9, 4, 11, 1]",4,0.014863547758284001,-275,47,7,0.14205653021442402,322,1
378,"(12,16)",,False,50,"[12, 10, 6, 16, 2]",4,0.016812865497076,-277,47,7,0.07714424951267,324,1
379,"(12,16)",,False,50,"[12, 10, 6, 16, 2]",4,0.016812865497076,-277,47,7,0.07714424951267,324,1
380,3:12,assassinate,True,45,"[4, 17, 3, 19, 18]",3,0.006773879142300001,-279,47,7,0.07300891116680501,326,1
381,3:12,assassinate,True,45,"[4, 17, 3, 19, 18]",3,0.006773879142300001,-279,47,7,0.07300891116680501,326,1
382,"(18,12)",,False,45,"[8, 13, 18, 12, 10]",3,0.0045484080571790006,-281,47,7,0.053977536433676004,328,1
383,"(18,12)",,False,45,"[8, 13, 18, 12, 10]",3,0.0045484080571790006,-281,47,7,0.053977536433676004,328,1
384,"(0,16)",,False,45,"[14, 11, 0, 16, 15]",3,0.0045484080571790006,-283,47,7,0.053977536433676004,330,1
385,"(0,16)",,False,45,"[14, 11, 0, 16, 15]",3,0.0045484080571790006,-283,47,7,0.053977536433676004,330,1
386,"(3,11)",,False,47,"[14, 12, 3, 11, 16]",3,0.00448343079922,-285,47,7,0.06442495126705601,332,1
387,"(3,11)",,False,47,"[14, 12, 3, 11, 16]",3,0.00448343079922,-285,47,7,0.06442495126705601,332,1
388,"(19,9)",,False,47,"[7, 19, 16, 9, 8]",4,0.04860298895386601,-287,47,7,0.06907082521117601,334,1
389,"(19,9)",,False,47,"[7, 19, 16, 9, 8]",4,0.04860298895386601,-287,47,7,0.06907082521117601,334,1
390,"(14,8)",,False,47,"[14, 10, 12, 17, 8]",5,0.07222728538518,-287,48,7,0.083297469262381,335,1
391,"(14,8)",,False,47,"[14, 10, 12, 17, 8]",5,0.07222728538518,-287,48,7,0.083297469262381,335,1
392,"(15,10)",,False,45,"[15, 11, 2, 10, 16]",5,0.08567251461988301,-287,49,7,0.10311890838206601,336,1
393,"(15,10)",,False,45,"[15, 11, 2, 10, 16]",5,0.08567251461988301,-287,49,7,0.10311890838206601,336,1
394,"(3,5)",,False,47,"[10, 3, 5, 12, 15]",6,0.10672514619883001,-285,51,7,0.094054580896686,336,1
395,"(3,5)",,False,47,"[10, 3, 5, 12, 15]",6,0.10672514619883001,-285,51,7,0.094054580896686,336,1
396,"(16,7)",,False,49,"[16, 3, 11, 8, 7]",7,0.117105263157894,-283,53,7,0.089522417153996,336,1
397,"(16,7)",,False,49,"[16, 3, 11, 8, 7]",7,0.117105263157894,-283,53,7,0.089522417153996,336,1
398,"(10,14)",,False,47,"[10, 18, 9, 14, 15]",7,0.128237259816207,-281,55,6,0.07426900584795301,336,1
399,"(10,14)",,False,47,"[10, 18, 9, 14, 15]",7,0.128237259816207,-281,55,6,0.07426900584795301,336,1
400,"(0,16)",,False,47,"[0, 12, 4, 2, 16]",7,0.133820662768031,-279,57,6,0.06315789473684201,336,1
401,"(0,16)",,False,47,"[0, 12, 4, 2, 16]",7,0.133820662768031,-279,57,6,0.06315789473684201,336,1
402,"(19,0)",,False,47,"[19, 4, 2, 15, 0]",6,0.09901141743247001,-277,59,6,0.046895015316067004,336,1
403,"(19,0)",,False,47,"[19, 4, 2, 15, 0]",6,0.09901141743247001,-277,59,6,0.046895015316067004,336,1
404,"(1,14)",,False,47,"[16, 1, 10, 14, 13]",6,0.13270296954507402,-275,61,7,0.06864509759246601,336,1
405,"(1,14)",,False,47,"[16, 1, 10, 14, 13]",6,0.13270296954507402,-275,61,7,0.06864509759246601,336,1
406,"(2,1)",,True,47,"[12, 18, 2, 1, 0]",6,0.13272069061542702,-273,63,7,0.05616355704075,336,1
407,"(2,1)",,True,47,"[12, 18, 2, 1, 0]",6,0.13272069061542702,-273,63,7,0.05616355704075,336,1
408,"(13,0)",,False,45,"[18, 8, 11, 13, 0]",5,0.11793372319688102,-271,65,6,0.047823261858349,336,1
409,"(13,0)",,False,45,"[18, 8, 11, 13, 0]",5,0.11793372319688102,-271,65,6,0.047823261858349,336,1
410,"(7,0)",,True,45,"[16, 9, 7, 12, 0]",4,0.082651072124756,-269,67,6,0.037231968810916005,336,1
411,"(7,0)",,True,45,"[16, 9, 7, 12, 0]",4,0.082651072124756,-269,67,6,0.037231968810916005,336,1
412,"(11,9)",,True,45,"[11, 5, 9, 18, 4]",4,0.10476190476190402,-267,69,6,0.043330548593706004,336,1
413,"(11,9)",,True,45,"[11, 5, 9, 18, 4]",4,0.10476190476190402,-267,69,6,0.043330548593706004,336,1
414,"(0,1)",,False,47,"[13, 18, 0, 1, 9]",5,0.12034252297410102,-265,71,7,0.076761347813979,336,1
415,"(0,1)",,False,47,"[13, 18, 0, 1, 9]",5,0.12034252297410102,-265,71,7,0.076761347813979,336,1
416,"(4,6)",,False,49,"[16, 13, 4, 6, 0]",5,0.10162907268170401,-263,73,7,0.069353940406571,336,1
417,"(4,6)",,False,49,"[16, 13, 4, 6, 0]",5,0.10162907268170401,-263,73,7,0.069353940406571,336,1
418,15:18,assassinate,True,41,"[6, 15, 8, 5, 10]",4,0.08333333333333301,-263,74,7,0.087719298245614,337,1
419,15:18,assassinate,True,41,"[6, 15, 8, 5, 10]",4,0.08333333333333301,-263,74,7,0.087719298245614,337,1
420,"(8,19)",,False,41,"[8, 2, 19, 14, 0]",5,0.17982456140350803,-261,76,7,0.118908382066276,337,1
421,"(8,19)",,False,41,"[8, 2, 19, 14, 0]",5,0.17982456140350803,-261,76,7,0.118908382066276,337,1
422,3:6,assassinate,True,39,"[3, 6, 11, 12, 5]",4,0.15545808966861502,-259,78,7,0.12426900584795302,337,1
423,3:6,assassinate,True,39,"[3, 6, 11, 12, 5]",4,0.15545808966861502,-259,78,7,0.12426900584795302,337,1
424,"(8,4)",,False,39,"[10, 16, 13, 8, 4]",4,0.146811473127262,-257,80,6,0.10128098022834801,337,1
425,"(8,4)",,False,39,"[10, 16, 13, 8, 4]",4,0.146811473127262,-257,80,6,0.10128098022834801,337,1
426,"(1,15)",,False,41,"[0, 1, 19, 15, 14]",4,0.061918685602896005,-257,81,7,0.13734335839598902,338,1
427,"(1,15)",,False,41,"[0, 1, 19, 15, 14]",4,0.061918685602896005,-257,81,7,0.13734335839598902,338,1
428,"(12,17)",,False,41,"[7, 12, 17, 13, 5]",4,0.10873015873015801,-255,83,6,0.07373990531885201,338,1
429,"(12,17)",,False,41,"[7, 12, 17, 13, 5]",4,0.10873015873015801,-255,83,6,0.07373990531885201,338,1
430,"(19,1)",,False,43,"[10, 19, 13, 1, 7]",4,0.117014759120022,-253,85,7,0.110776942355889,338,1
431,"(19,1)",,False,43,"[10, 19, 13, 1, 7]",4,0.117014759120022,-253,85,7,0.110776942355889,338,1
432,"(15,12)",,False,45,"[15, 5, 8, 12, 18]",5,0.043121693121693006,-253,86,7,0.057985240879977,339,1
433,"(15,12)",,False,45,"[15, 5, 8, 12, 18]",5,0.043121693121693006,-253,86,7,0.057985240879977,339,1
434,7:14,assassinate,True,39,"[7, 0, 14, 9, 1]",6,0.07099693678641,-253,87,7,0.07426436461524101,340,1
435,7:14,assassinate,True,39,"[7, 0, 14, 9, 1]",6,0.07099693678641,-253,87,7,0.07426436461524101,340,1
436,"(17,1)",,False,39,"[7, 17, 1, 0, 14]",6,0.067348927875243,-253,88,8,0.131820291469414,341,1
437,"(17,1)",,False,39,"[7, 17, 1, 0, 14]",6,0.067348927875243,-253,88,8,0.131820291469414,341,1
438,4:12,assassinate,True,32,"[11, 0, 19, 4, 16]",5,0.053801169590643,-255,88,7,0.145614035087719,343,1
439,4:12,assassinate,True,32,"[11, 0, 19, 4, 16]",5,0.053801169590643,-255,88,7,0.145614035087719,343,1
440,"(3,8)",,False,34,"[16, 14, 9, 3, 8]",6,0.09200779727095501,-257,88,7,0.16578947368421001,345,1
441,"(3,8)",,False,34,"[16, 14, 9, 3, 8]",6,0.09200779727095501,-257,88,7,0.16578947368421001,345,1
442,"(17,16)",,False,36,"[13, 17, 16, 7, 5]",6,0.09473684210526301,-259,88,7,0.16754385964912202,347,1
443,"(17,16)",,False,36,"[13, 17, 16, 7, 5]",6,0.09473684210526301,-259,88,7,0.16754385964912202,347,1
444,"(16,15)",,False,36,"[16, 15, 18, 12, 6]",6,0.091325536062378,-261,88,6,0.125730994152046,349,1
445,"(16,15)",,False,36,"[16, 15, 18, 12, 6]",6,0.091325536062378,-261,88,6,0.125730994152046,349,1
446,"(2,8)",,False,38,"[6, 3, 2, 15, 8]",6,0.07807017543859601,-259,90,6,0.07251461988304,349,1
447,"(2,8)",,False,38,"[6, 3, 2, 15, 8]",6,0.07807017543859601,-259,90,6,0.07251461988304,349,1
448,"(11,0)",,False,36,"[6, 11, 10, 0, 8]",5,0.033723196881091,-259,91,5,0.050487329434697005,350,1
449,"(11,0)",,False,36,"[6, 11, 10, 0, 8]",5,0.033723196881091,-259,91,5,0.050487329434697005,350,1
450,"(16,0)",,False,34,"[16, 6, 0, 4, 12]",4,0.022807017543859002,-259,92,4,0.025341130604288,351,1
451,"(16,0)",,False,34,"[16, 6, 0, 4, 12]",4,0.022807017543859002,-259,92,4,0.025341130604288,351,1
452,"(7,1)",,True,34,"[3, 7, 1, 5, 6]",4,0.055555555555555004,-259,93,4,0.11130604288499,352,1
453,"(7,1)",,True,34,"[3, 7, 1, 5, 6]",4,0.055555555555555004,-259,93,4,0.11130604288499,352,1
454,"(19,11)",,False,36,"[14, 19, 7, 11, 9]",4,0.059454191033138,-261,93,4,0.11130604288499,354,1
455,"(19,11)",,False,36,"[14, 19, 7, 11, 9]",4,0.059454191033138,-261,93,4,0.11130604288499,354,1
456,"(18,1)",,False,36,"[18, 1, 2, 9, 19]",4,0.07329434697855701,-263,93,5,0.151754385964912,356,1
457,"(18,1)",,False,36,"[18, 1, 2, 9, 19]",4,0.07329434697855701,-263,93,5,0.151754385964912,356,1
458,"(1,4)",,True,38,"[3, 7, 1, 14, 4]",4,0.062768031189083,-265,93,6,0.17366648945596302,358,1
459,"(1,4)",,True,38,"[3, 7, 1, 14, 4]",4,0.062768031189083,-265,93,6,0.17366648945596302,358,1
460,"(4,15)",,False,38,"[18, 4, 15, 12, 14]",4,0.063742690058479,-267,93,6,0.160021265284423,360,1
461,"(4,15)",,False,38,"[18, 4, 15, 12, 14]",4,0.063742690058479,-267,93,6,0.160021265284423,360,1
462,"(13,10)",,False,40,"[5, 9, 13, 7, 10]",4,0.06705653021442401,-269,93,6,0.160428849902534,362,1
463,"(13,10)",,False,40,"[5, 9, 13, 7, 10]",4,0.06705653021442401,-269,93,6,0.160428849902534,362,1
464,"(16,4)",,False,40,"[9, 3, 16, 4, 1]",5,0.12056530214424901,-271,93,6,0.22520189362294601,364,1
465,"(16,4)",,False,40,"[9, 3, 16, 4, 1]",5,0.12056530214424901,-271,93,6,0.22520189362294601,364,1
466,"(3,1)",,False,42,"[3, 4, 14, 17, 1]",5,0.08026315789473601,-273,93,7,0.18938318017265302,366,1
467,"(3,1)",,False,42,"[3, 4, 14, 17, 1]",5,0.08026315789473601,-273,93,7,0.18938318017265302,366,1
468,"(17,0)",,False,42,"[17, 4, 18, 0, 19]",5,0.08458414554905701,-275,93,7,0.18913951545530402,368,1
469,"(17,0)",,False,42,"[17, 4, 18, 0, 19]",5,0.08458414554905701,-275,93,7,0.18913951545530402,368,1
470,"(6,1)",,True,44,"[0, 15, 6, 1, 11]",5,0.05631903833658201,-277,93,8,0.18611807296017802,370,1
471,"(6,1)",,True,44,"[0, 15, 6, 1, 11]",5,0.05631903833658201,-277,93,8,0.18611807296017802,370,1
472,"(7,13)",,False,44,"[16, 18, 7, 13, 0]",5,0.057210155017172006,-279,93,8,0.22039125591757103,372,1
473,"(7,13)",,False,44,"[16, 18, 7, 13, 0]",5,0.057210155017172006,-279,93,8,0.22039125591757103,372,1
474,"(10,15)",,False,44,"[13, 10, 15, 9, 7]",5,0.034194282001299,-281,93,7,0.109029518240044,374,1
475,"(10,15)",,False,44,"[13, 10, 15, 9, 7]",5,0.034194282001299,-281,93,7,0.109029518240044,374,1
476,11:12,assassinate,True,39,"[5, 6, 2, 9, 11]",4,0.01058201058201,-283,93,7,0.11306739069896901,376,1
477,11:12,assassinate,True,39,"[5, 6, 2, 9, 11]",4,0.01058201058201,-283,93,7,0.11306739069896901,376,1
478,"(7,6)",,False,41,"[9, 7, 6, 4, 12]",4,0.012043998886104001,-285,93,7,0.167857142857142,378,1
479,"(7,6)",,False,41,"[9, 7, 6, 4, 12]",4,0.012043998886104001,-285,93,7,0.167857142857142,378,1
480,"(17,6)",,False,41,"[17, 8, 6, 12, 3]",5,0.04522417153996101,-287,93,7,0.234370648844333,380,1
481,"(17,6)",,False,41,"[17, 8, 6, 12, 3]",5,0.04522417153996101,-287,93,7,0.234370648844333,380,1
482,"(10,2)",,False,41,"[6, 10, 15, 2, 12]",6,0.09941520467836201,-289,93,7,0.15785296574770202,382,1
483,"(10,2)",,False,41,"[6, 10, 15, 2, 12]",6,0.09941520467836201,-289,93,7,0.15785296574770202,382,1
484,"(6,19)",,False,43,"[15, 6, 19, 12, 10]",7,0.092884990253411,-291,93,7,0.13065302144249502,384,1
485,"(6,19)",,False,43,"[15, 6, 19, 12, 10]",7,0.092884990253411,-291,93,7,0.13065302144249502,384,1
486,"(12,11)",,False,45,"[12, 9, 6, 11, 3]",7,0.09970760233918101,-293,93,7,0.144996751137101,386,1
487,"(12,11)",,False,45,"[12, 9, 6, 11, 3]",7,0.09970760233918101,-293,93,7,0.144996751137101,386,1
488,"(15,1)",,False,47,"[15, 1, 19, 10, 9]",7,0.07908660540239401,-295,93,8,0.132305300287756,388,1
489,"(15,1)",,False,47,"[15, 1, 19, 10, 9]",7,0.07908660540239401,-295,93,8,0.132305300287756,388,1
490,"(8,1)",,False,47,"[8, 3, 13, 18, 1]",7,0.07715121136173701,-295,94,8,0.1093776106934,389,1
491,"(8,1)",,False,47,"[8, 3, 13, 18, 1]",7,0.07715121136173701,-295,94,8,0.1093776106934,389,1
492,"(11,4)",,False,47,"[11, 17, 12, 15, 4]",7,0.102826510721247,-297,94,8,0.12813283208020002,391,1
493,"(11,4)",,False,47,"[11, 17, 12, 15, 4]",7,0.102826510721247,-297,94,8,0.12813283208020002,391,1
494,"(11,12)",,False,47,"[11, 5, 12, 8, 19]",7,0.105588044184535,-299,94,8,0.15109533091989202,393,1
495,"(11,12)",,False,47,"[11, 5, 12, 8, 19]",7,0.105588044184535,-299,94,8,0.15109533091989202,393,1
496,"(18,19)",,False,49,"[15, 18, 14, 12, 19]",8,0.173814165042235,-297,96,8,0.10791794300566201,393,1
497,"(18,19)",,False,49,"[15, 18, 14, 12, 19]",8,0.173814165042235,-297,96,8,0.10791794300566201,393,1
498,"(7,1)",,False,51,"[7, 1, 6, 8, 18]",9,0.16573335696142702,-295,98,9,0.155425601039636,393,1
499,"(7,1)",,False,51,"[7, 1, 6, 8, 18]",9,0.16573335696142702,-295,98,9,0.155425601039636,393,1
500,"(11,3)",,False,53,"[11, 19, 5, 15, 3]",9,0.12324329341873101,-293,100,9,0.099647266313932,393,1
501,"(11,3)",,False,53,"[11, 19, 5, 15, 3]",9,0.12324329341873101,-293,100,9,0.099647266313932,393,1
502,"(8,5)",,False,53,"[13, 8, 5, 3, 12]",9,0.11944212382808801,-291,102,9,0.11007611621646701,393,1
503,"(8,5)",,False,53,"[13, 8, 5, 3, 12]",9,0.11944212382808801,-291,102,9,0.11007611621646701,393,1
504,"(13,11)",,False,55,"[13, 12, 2, 11, 14]",10,0.128390420495683,-289,104,9,0.09090782511835101,393,1
505,"(13,11)",,False,55,"[13, 12, 2, 11, 14]",10,0.128390420495683,-289,104,9,0.09090782511835101,393,1
506,"(18,3)",,False,53,"[4, 18, 11, 3, 13]",10,0.15303536619326003,-287,106,8,0.08333333333333301,393,1
507,"(18,3)",,False,53,"[4, 18, 11, 3, 13]",10,0.15303536619326003,-287,106,8,0.08333333333333301,393,1
508,"(0,6)",,False,51,"[15, 0, 14, 6, 7]",9,0.124101921470342,-285,108,8,0.10040378724589201,393,1
509,"(0,6)",,False,51,"[15, 0, 14, 6, 7]",9,0.124101921470342,-285,108,8,0.10040378724589201,393,1
510,"(17,19)",,False,51,"[16, 17, 9, 19, 2]",9,0.133993207419419,-283,110,8,0.12178458127890501,393,1
511,"(17,19)",,False,51,"[16, 17, 9, 19, 2]",9,0.133993207419419,-283,110,8,0.12178458127890501,393,1
512,"(14,18)",,False,51,"[17, 14, 12, 18, 2]",9,0.13724589250905,-281,112,7,0.10365054049264501,393,1
513,"(14,18)",,False,51,"[17, 14, 12, 18, 2]",9,0.13724589250905,-281,112,7,0.10365054049264501,393,1
514,"(11,1)",,False,51,"[11, 3, 1, 9, 2]",9,0.12993595098858202,-279,114,7,0.107458671932356,393,1
515,"(11,1)",,False,51,"[11, 3, 1, 9, 2]",9,0.12993595098858202,-279,114,7,0.107458671932356,393,1
516,"(6,7)",,False,49,"[16, 6, 7, 14, 17]",9,0.13741297688666101,-277,116,6,0.10279423305739001,393,1
517,"(6,7)",,False,49,"[16, 6, 7, 14, 17]",9,0.13741297688666101,-277,116,6,0.10279423305739001,393,1
518,"(2,4)",,False,49,"[16, 2, 9, 4, 3]",9,0.130297967140072,-275,118,6,0.09670008354218801,393,1
519,"(2,4)",,False,49,"[16, 2, 9, 4, 3]",9,0.130297967140072,-275,118,6,0.09670008354218801,393,1
520,"(0,10)",,False,49,"[0, 2, 10, 13, 16]",8,0.11161700547665401,-273,120,6,0.10051749744732201,393,1
521,"(0,10)",,False,49,"[0, 2, 10, 13, 16]",8,0.11161700547665401,-273,120,6,0.10051749744732201,393,1
522,"(15,6)",,False,49,"[15, 6, 9, 14, 17]",8,0.11161700547665401,-271,122,6,0.10051749744732201,393,1
523,"(15,6)",,False,49,"[15, 6, 9, 14, 17]",8,0.11161700547665401,-271,122,6,0.10051749744732201,393,1
524,"(3,7)",,False,51,"[10, 3, 13, 7, 16]",8,0.08264221158958,-269,124,6,0.068193843193843,393,1
525,"(3,7)",,False,51,"[10, 3, 13, 7, 16]",8,0.08264221158958,-269,124,6,0.068193843193843,393,1
526,"(5,18)",,False,53,"[13, 5, 9, 18, 10]",9,0.13234981392876102,-267,126,6,0.052455423069458,393,1
527,"(5,18)",,False,53,"[13, 5, 9, 18, 10]",9,0.13234981392876102,-267,126,6,0.052455423069458,393,1
528,6:4,assassinate,True,50,"[9, 17, 7, 6, 15]",8,0.09332168805853001,-265,128,6,0.052260491295579005,393,1
529,6:4,assassinate,True,50,"[9, 17, 7, 6, 15]",8,0.09332168805853001,-265,128,6,0.052260491295579005,393,1
530,"(0,15)",,False,50,"[0, 15, 9, 16, 1]",8,0.09394319131161201,-263,130,6,0.062777313654506,393,1
531,"(0,15)",,False,50,"[0, 15, 9, 16, 1]",8,0.09394319131161201,-263,130,6,0.062777313654506,393,1
532,"(7,0)",,False,48,"[2, 3, 13, 7, 0]",7,0.07339181286549701,-263,131,6,0.085737491877842,394,1
533,"(7,0)",,False,48,"[2, 3, 13, 7, 0]",7,0.07339181286549701,-263,131,6,0.085737491877842,394,1
534,"(4,10)",,False,48,"[2, 8, 4, 10, 13]",7,0.071089761440638,-261,133,6,0.068606701940035,394,1
535,"(4,10)",,False,48,"[2, 8, 4, 10, 13]",7,0.071089761440638,-261,133,6,0.068606701940035,394,1
536,"(17,1)",,True,50,"[17, 9, 1, 4, 5]",8,0.07767102942541501,-259,135,7,0.07756428107305201,394,1
537,"(17,1)",,True,50,"[17, 9, 1, 4, 5]",8,0.07767102942541501,-259,135,7,0.07756428107305201,394,1
538,"(1,5)",,False,52,"[1, 2, 3, 0, 5]",8,0.059106098579782,-259,136,8,0.078724589250905,395,1
539,"(1,5)",,False,52,"[1, 2, 3, 0, 5]",8,0.059106098579782,-259,136,8,0.078724589250905,395,1
540,"(7,0)",,False,50,"[4, 7, 17, 15, 0]",7,0.04755871159379901,-259,137,7,0.059259259259259005,396,1
541,"(7,0)",,False,50,"[4, 7, 17, 15, 0]",7,0.04755871159379901,-259,137,7,0.059259259259259005,396,1
542,"(6,7)",,False,50,"[6, 0, 13, 7, 3]",7,0.072447322008725,-259,138,7,0.095627958785853,397,1
543,"(6,7)",,False,50,"[6, 0, 13, 7, 3]",7,0.072447322008725,-259,138,7,0.095627958785853,397,1
544,"(15,18)",,True,52,"[10, 9, 15, 18, 0]",7,0.051668945089997004,-261,138,7,0.06806599832915601,399,1
545,"(15,18)",,True,52,"[10, 9, 15, 18, 0]",7,0.051668945089997004,-261,138,7,0.06806599832915601,399,1
546,"(8,0)",,False,52,"[8, 7, 0, 17, 6]",6,0.023556787591875003,-263,138,7,0.062886382623224,401,1
547,"(8,0)",,False,52,"[8, 7, 0, 17, 6]",6,0.023556787591875003,-263,138,7,0.062886382623224,401,1
548,"(16,9)",,False,54,"[16, 17, 8, 12, 9]",7,0.044403095280288005,-265,138,7,0.061229462545252,403,1
549,"(16,9)",,False,54,"[16, 17, 8, 12, 9]",7,0.044403095280288005,-265,138,7,0.061229462545252,403,1
550,"(11,12)",,False,56,"[5, 11, 12, 8, 3]",7,0.03697944355839,-267,138,7,0.050339231918179,405,1
551,"(11,12)",,False,56,"[5, 11, 12, 8, 3]",7,0.03697944355839,-267,138,7,0.050339231918179,405,1
552,"(5,18)",,False,56,"[13, 3, 5, 18, 8]",8,0.059148502569555006,-265,140,7,0.056142882458671,405,1
553,"(5,18)",,False,56,"[13, 3, 5, 18, 8]",8,0.059148502569555006,-265,140,7,0.056142882458671,405,1
554,"(19,9)",,False,56,"[19, 17, 18, 9, 15]",8,0.062023746234272,-263,142,7,0.05792975705256401,405,1
555,"(19,9)",,False,56,"[19, 17, 18, 9, 15]",8,0.062023746234272,-263,142,7,0.05792975705256401,405,1
556,"(10,4)",,False,56,"[10, 7, 8, 9, 4]",8,0.072083618136249,-261,144,7,0.06274503599065001,405,1
557,"(10,4)",,False,56,"[10, 7, 8, 9, 4]",8,0.072083618136249,-261,144,7,0.06274503599065001,405,1
558,"(8,3)",,False,56,"[6, 8, 17, 3, 9]",8,0.07592592592592501,-259,146,7,0.062037037037037,405,1
559,"(8,3)",,False,56,"[6, 8, 17, 3, 9]",8,0.07592592592592501,-259,146,7,0.062037037037037,405,1
560,"(6,12)",,False,58,"[3, 6, 12, 10, 9]",8,0.069460688758934,-257,148,7,0.054010025062656,405,1
561,"(6,12)",,False,58,"[3, 6, 12, 10, 9]",8,0.069460688758934,-257,148,7,0.054010025062656,405,1
562,"(19,11)",,False,58,"[15, 19, 3, 4, 11]",8,0.08544509421702401,-255,150,6,0.027784739626844003,405,1
563,"(19,11)",,False,58,"[15, 19, 3, 4, 11]",8,0.08544509421702401,-255,150,6,0.027784739626844003,405,1
564,"(15,4)",,False,60,"[15, 13, 2, 4, 16]",8,0.08525016244314401,-253,152,6,0.027943633593788004,405,1
565,"(15,4)",,False,60,"[15, 13, 2, 4, 16]",8,0.08525016244314401,-253,152,6,0.027943633593788004,405,1
566,"(5,1)",,False,60,"[5, 15, 1, 19, 3]",8,0.069599925740276,-251,154,7,0.05382314719260001,405,1
567,"(5,1)",,False,60,"[5, 15, 1, 19, 3]",8,0.069599925740276,-251,154,7,0.05382314719260001,405,1
568,"(17,9)",,False,62,"[17, 9, 6, 7, 18]",8,0.06065458258440701,-249,156,7,0.047357239901099,405,1
569,"(17,9)",,False,62,"[17, 9, 6, 7, 18]",8,0.06065458258440701,-249,156,7,0.047357239901099,405,1
570,"(1,2)",,False,64,"[3, 11, 1, 6, 2]",9,0.075222341011814,-247,158,8,0.057803161750530005,405,1
571,"(1,2)",,False,64,"[3, 11, 1, 6, 2]",9,0.075222341011814,-247,158,8,0.057803161750530005,405,1
572,"(1,10)",,False,66,"[1, 12, 2, 11, 10]",10,0.092272347535505,-245,160,9,0.07019632414369201,405,1
573,"(1,10)",,False,66,"[1, 12, 2, 11, 10]",10,0.092272347535505,-245,160,9,0.07019632414369201,405,1
574,"(0,13)",,False,64,"[0, 13, 16, 14, 9]",9,0.075222341011814,-243,162,8,0.057803161750530005,405,1
575,"(0,13)",,False,64,"[0, 13, 16, 14, 9]",9,0.075222341011814,-243,162,8,0.057803161750530005,405,1
576,"(1,8)",,False,66,"[1, 10, 18, 3, 8]",10,0.09743171058960501,-241,164,9,0.072479810637705,405,1
577,"(1,8)",,False,66,"[1, 10, 18, 3, 8]",10,0.09743171058960501,-241,164,9,0.072479810637705,405,1
578,"(3,2)",,False,68,"[12, 3, 19, 14, 2]",10,0.08714209766841301,-239,166,9,0.065267335004177,405,1
579,"(3,2)",,False,68,"[12, 3, 19, 14, 2]",10,0.08714209766841301,-239,166,9,0.065267335004177,405,1
580,"(4,18)",,False,66,"[14, 4, 8, 18, 7]",10,0.09369310027204701,-237,168,9,0.07100282758177401,405,1
581,"(4,18)",,False,66,"[14, 4, 8, 18, 7]",10,0.09369310027204701,-237,168,9,0.07100282758177401,405,1
582,"(1,6)",,False,66,"[1, 3, 6, 7, 19]",10,0.092165828493059,-235,170,9,0.07569156201879301,405,1
583,"(1,6)",,False,66,"[1, 3, 6, 7, 19]",10,0.092165828493059,-235,170,9,0.07569156201879301,405,1
584,"(1,10)",,False,66,"[1, 6, 10, 9, 7]",10,0.096767024398603,-235,171,10,0.097581706792233,406,1
585,"(1,10)",,False,66,"[1, 6, 10, 9, 7]",10,0.096767024398603,-235,171,10,0.097581706792233,406,1
586,"(1,16)",,False,66,"[8, 1, 16, 9, 7]",10,0.09855130249867,-235,172,10,0.10600744284954801,407,1
587,"(1,16)",,False,66,"[8, 1, 16, 9, 7]",10,0.09855130249867,-235,172,10,0.10600744284954801,407,1
588,"(15,0)",,False,66,"[15, 16, 0, 3, 19]",9,0.067488164856585,-235,173,10,0.10882762461709801,408,1
589,"(15,0)",,False,66,"[15, 16, 0, 3, 19]",9,0.067488164856585,-235,173,10,0.10882762461709801,408,1
590,"(16,10)",,True,66,"[14, 13, 16, 10, 18]",9,0.063645224171539,-237,173,10,0.10669484167936101,410,1
591,"(16,10)",,True,66,"[14, 13, 16, 10, 18]",9,0.063645224171539,-237,173,10,0.10669484167936101,410,1
592,"(15,1)",,False,68,"[15, 9, 10, 11, 1]",10,0.07261208576998,-239,173,11,0.11949317738791401,412,1
593,"(15,1)",,False,68,"[15, 9, 10, 11, 1]",10,0.07261208576998,-239,173,11,0.11949317738791401,412,1
594,"(1,3)",,False,70,"[12, 1, 10, 3, 19]",10,0.067836257309941,-241,173,12,0.12471456418824801,414,1
595,"(1,3)",,False,70,"[12, 1, 10, 3, 19]",10,0.067836257309941,-241,173,12,0.12471456418824801,414,1
596,"(15,18)",,False,68,"[19, 15, 16, 3, 18]",10,0.071740626074991,-243,173,11,0.110534915720674,416,1
597,"(15,18)",,False,68,"[19, 15, 16, 3, 18]",10,0.071740626074991,-243,173,11,0.110534915720674,416,1
598,"(12,1)",,False,70,"[12, 3, 0, 7, 1]",10,0.069312169312169,-245,173,12,0.123976608187134,418,1
599,"(12,1)",,False,70,"[12, 3, 0, 7, 1]",10,0.069312169312169,-245,173,12,0.123976608187134,418,1
600,"(17,5)",,True,70,"[10, 17, 5, 3, 14]",10,0.058009079938904,-247,173,12,0.11791304861480201,420,1
601,"(17,5)",,True,70,"[10, 17, 5, 3, 14]",10,0.058009079938904,-247,173,12,0.11791304861480201,420,1
602,"(0,4)",,False,70,"[10, 0, 8, 4, 1]",9,0.048587377534745006,-249,173,12,0.10663471661923601,422,1
603,"(0,4)",,False,70,"[10, 0, 8, 4, 1]",9,0.048587377534745006,-249,173,12,0.10663471661923601,422,1
604,"(16,17)",,False,70,"[13, 11, 16, 17, 2]",9,0.050406740757617,-251,173,12,0.11024573217555601,424,1
605,"(16,17)",,False,70,"[13, 11, 16, 17, 2]",9,0.050406740757617,-251,173,12,0.11024573217555601,424,1
606,"(0,9)",,False,70,"[8, 11, 0, 10, 9]",9,0.044328413626659006,-253,173,12,0.104840805717998,426,1
607,"(0,9)",,False,70,"[8, 11, 0, 10, 9]",9,0.044328413626659006,-253,173,12,0.104840805717998,426,1
608,"(2,8)",,False,68,"[15, 2, 8, 19, 9]",9,0.047415109257214004,-255,173,11,0.092145135566188,428,1
609,"(2,8)",,False,68,"[15, 2, 8, 19, 9]",9,0.047415109257214004,-255,173,11,0.092145135566188,428,1
610,19:18,assassinate,True,60,"[3, 2, 16, 5, 19]",8,0.043502274204028,-257,173,11,0.10621967376353302,430,1
611,19:18,assassinate,True,60,"[3, 2, 16, 5, 19]",8,0.043502274204028,-257,173,11,0.10621967376353302,430,1
612,"(19,1)",,False,60,"[19, 4, 1, 12, 8]",8,0.056075373619233,-259,173,11,0.192785625680362,432,1
613,"(19,1)",,False,60,"[19, 4, 1, 12, 8]",8,0.056075373619233,-259,173,11,0.192785625680362,432,1
614,"(10,3)",,False,60,"[10, 8, 3, 6, 7]",8,0.051169590643274004,-261,173,11,0.19313561681982702,434,1
615,"(10,3)",,False,60,"[10, 8, 3, 6, 7]",8,0.051169590643274004,-261,173,11,0.19313561681982702,434,1
616,"(15,8)",,False,60,"[4, 15, 9, 2, 8]",8,0.040220922677063,-263,173,11,0.19350227420402802,436,1
617,"(15,8)",,False,60,"[4, 15, 9, 2, 8]",8,0.040220922677063,-263,173,11,0.19350227420402802,436,1
618,"(8,3)",,False,60,"[6, 18, 8, 3, 11]",8,0.040162907268170005,-265,173,11,0.19176877378631701,438,1
619,"(8,3)",,False,60,"[6, 18, 8, 3, 11]",8,0.040162907268170005,-265,173,11,0.19176877378631701,438,1
620,"(0,3)",,False,58,"[7, 4, 0, 3, 2]",7,0.028759398496240002,-267,173,10,0.09108651257774,440,1
621,"(0,3)",,False,58,"[7, 4, 0, 3, 2]",7,0.028759398496240002,-267,173,10,0.09108651257774,440,1
622,11:16,assassinate,True,49,"[15, 5, 2, 16, 11]",6,0.024097280237631,-269,173,9,0.089905318852687,442,1
623,11:16,assassinate,True,49,"[15, 5, 2, 16, 11]",6,0.024097280237631,-269,173,9,0.089905318852687,442,1
624,"(11,3)",,False,51,"[19, 11, 3, 15, 6]",7,0.04867724867724801,-271,173,9,0.11339459760512301,444,1
625,"(11,3)",,False,51,"[19, 11, 3, 15, 6]",7,0.04867724867724801,-271,173,9,0.11339459760512301,444,1
626,"(1,11)",,False,53,"[4, 12, 1, 10, 11]",8,0.06629072681704201,-273,173,10,0.14171539961013602,446,1
627,"(1,11)",,False,53,"[4, 12, 1, 10, 11]",8,0.06629072681704201,-273,173,10,0.14171539961013602,446,1
628,"(8,19)",,True,53,"[8, 2, 12, 0, 19]",8,0.069541910331384,-275,173,10,0.175006961849067,448,1
629,"(8,19)",,True,53,"[8, 2, 12, 0, 19]",8,0.069541910331384,-275,173,10,0.175006961849067,448,1
630,3:10,assassinate,True,49,"[16, 10, 3, 12, 6]",7,0.054608744082428,-277,173,9,0.15636313004734,450,1
631,3:10,assassinate,True,49,"[16, 10, 3, 12, 6]",7,0.054608744082428,-277,173,9,0.15636313004734,450,1
632,"(1,18)",,False,49,"[1, 18, 15, 11, 8]",7,0.055449229133439006,-279,173,10,0.18298144350775902,452,1
633,"(1,18)",,False,49,"[1, 18, 15, 11, 8]",7,0.055449229133439006,-279,173,10,0.18298144350775902,452,1
634,"(1,13)",,True,51,"[1, 13, 2, 15, 17]",7,0.05281765018607101,-281,173,11,0.182243487506645,454,1
635,"(1,13)",,True,51,"[1, 13, 2, 15, 17]",7,0.05281765018607101,-281,173,11,0.182243487506645,454,1
636,"(4,19)",,False,51,"[4, 19, 18, 10, 0]",7,0.072310827573985,-283,173,11,0.21041112883218102,456,1
637,"(4,19)",,False,51,"[4, 19, 18, 10, 0]",7,0.072310827573985,-283,173,11,0.21041112883218102,456,1
638,"(12,3)",,False,51,"[14, 12, 6, 8, 3]",7,0.07192096402622701,-285,173,10,0.157877015771752,458,1
639,"(12,3)",,False,51,"[14, 12, 6, 8, 3]",7,0.07192096402622701,-285,173,10,0.157877015771752,458,1
640,"(7,17)",,False,51,"[6, 3, 7, 17, 4]",7,0.061111111111111005,-287,173,10,0.161890838206627,460,1
641,"(7,17)",,False,51,"[6, 3, 7, 17, 4]",7,0.061111111111111005,-287,173,10,0.161890838206627,460,1
642,"(17,4)",,False,53,"[15, 9, 17, 4, 18]",8,0.08492063492063401,-289,173,10,0.15928246542281602,462,1
643,"(17,4)",,False,53,"[15, 9, 17, 4, 18]",8,0.08492063492063401,-289,173,10,0.15928246542281602,462,1
644,"(3,1)",,True,55,"[3, 7, 4, 1, 12]",8,0.08963443963443901,-291,173,11,0.16427980726226302,464,1
645,"(3,1)",,True,55,"[3, 7, 4, 1, 12]",8,0.08963443963443901,-291,173,11,0.16427980726226302,464,1
646,2:10,assassinate,True,51,"[16, 2, 8, 14, 12]",7,0.06502367028682801,-293,173,11,0.150027847396268,466,1
647,2:10,assassinate,True,51,"[16, 2, 8, 14, 12]",7,0.06502367028682801,-293,173,11,0.150027847396268,466,1
648,"(1,19)",,False,53,"[0, 1, 19, 17, 14]",7,0.061171447136359004,-295,173,12,0.186610043627587,468,1
649,"(1,19)",,False,53,"[0, 1, 19, 17, 14]",7,0.061171447136359004,-295,173,12,0.186610043627587,468,1
650,"(11,1)",,True,53,"[11, 16, 1, 18, 13]",7,0.056112503480924,-297,173,12,0.200174046226677,470,1
651,"(11,1)",,True,53,"[11, 16, 1, 18, 13]",7,0.056112503480924,-297,173,12,0.200174046226677,470,1
652,6:10,assassinate,True,49,"[6, 15, 13, 10, 11]",6,0.026306507008261003,-299,173,12,0.17706302794022002,472,1
653,6:10,assassinate,True,49,"[6, 15, 13, 10, 11]",6,0.026306507008261003,-299,173,12,0.17706302794022002,472,1
654,"(15,7)",,False,49,"[13, 17, 8, 15, 7]",7,0.038749651907546,-301,173,12,0.19304743339831001,474,1
655,"(15,7)",,False,49,"[13, 17, 8, 15, 7]",7,0.038749651907546,-301,173,12,0.19304743339831001,474,1
656,"(11,7)",,False,51,"[11, 3, 0, 7, 1]",7,0.038610414926204005,-303,173,12,0.172301123178316,476,1
657,"(11,7)",,False,51,"[11, 3, 0, 7, 1]",7,0.038610414926204005,-303,173,12,0.172301123178316,476,1
658,"(1,14)",,False,53,"[19, 16, 1, 14, 11]",7,0.033695349484823,-305,173,13,0.19960549521953003,478,1
659,"(1,14)",,False,53,"[19, 16, 1, 14, 11]",7,0.033695349484823,-305,173,13,0.19960549521953003,478,1
660,"(10,2)",,True,55,"[17, 19, 15, 10, 2]",7,0.032511835143414006,-307,173,13,0.20220922677063002,480,1
661,"(10,2)",,True,55,"[17, 19, 15, 10, 2]",7,0.032511835143414006,-307,173,13,0.20220922677063002,480,1
662,"(0,9)",,False,55,"[8, 0, 3, 9, 4]",7,0.12149818991924201,-309,173,13,0.24125591757170703,482,1
663,"(0,9)",,False,55,"[8, 0, 3, 9, 4]",7,0.12149818991924201,-309,173,13,0.24125591757170703,482,1
664,"(6,15)",,False,55,"[6, 7, 19, 8, 15]",7,0.051371484266221006,-311,173,12,0.189593301435406,484,1
665,"(6,15)",,False,55,"[6, 7, 19, 8, 15]",7,0.051371484266221006,-311,173,12,0.189593301435406,484,1
666,"(6,0)",,False,55,"[6, 4, 13, 0, 18]",6,0.018086883876357002,-313,173,12,0.177582846003898,486,1
667,"(6,0)",,False,55,"[6, 4, 13, 0, 18]",6,0.018086883876357002,-313,173,12,0.177582846003898,486,1
668,"(11,5)",,False,55,"[6, 11, 9, 5, 2]",6,0.016917293233082,-315,173,12,0.180653021442495,488,1
669,"(11,5)",,False,55,"[6, 11, 9, 5, 2]",6,0.016917293233082,-315,173,12,0.180653021442495,488,1
670,"(16,7)",,False,55,"[19, 16, 17, 6, 7]",7,0.031258702311333,-317,173,12,0.17667780562517402,490,1
671,"(16,7)",,False,55,"[19, 16, 17, 6, 7]",7,0.031258702311333,-317,173,12,0.17667780562517402,490,1
672,"(3,17)",,True,55,"[3, 14, 17, 4, 2]",7,0.031722825582474,-319,173,12,0.18248862897985701,492,1
673,"(3,17)",,True,55,"[3, 14, 17, 4, 2]",7,0.031722825582474,-319,173,12,0.18248862897985701,492,1
674,"(1,6)",,True,57,"[1, 17, 8, 16, 6]",7,0.025617283950617003,-321,173,13,0.215123456790123,494,1
675,"(1,6)",,True,57,"[1, 17, 8, 16, 6]",7,0.025617283950617003,-321,173,13,0.215123456790123,494,1
676,"(2,1)",,False,59,"[11, 19, 3, 2, 1]",7,0.024398960363872003,-323,173,14,0.252988953866146,496,1
677,"(2,1)",,False,59,"[11, 19, 3, 2, 1]",7,0.024398960363872003,-323,173,14,0.252988953866146,496,1
678,"(19,1)",,False,61,"[0, 11, 19, 18, 1]",8,0.034533367866701005,-325,173,15,0.29228747211203304,498,1
679,"(19,1)",,False,61,"[0, 11, 19, 18, 1]",8,0.034533367866701005,-325,173,15,0.29228747211203304,498,1
680,"(9,16)",,False,61,"[9, 7, 16, 3, 15]",9,0.059308625098098006,-327,173,15,0.29470055610406404,500,1
681,"(9,16)",,False,61,"[9, 7, 16, 3, 15]",9,0.059308625098098006,-327,173,15,0.29470055610406404,500,1
682,"(1,4)",,False,63,"[14, 1, 4, 18, 6]",10,0.069883040935672,-329,173,16,0.304576255453448,502,1
683,"(1,4)",,False,63,"[14, 1, 4, 18, 6]",10,0.069883040935672,-329,173,16,0.304576255453448,502,1
684,"(4,0)",,False,63,"[19, 4, 9, 0, 14]",9,0.057017543859649,-331,173,16,0.299438410841919,504,1
685,"(4,0)",,False,63,"[19, 4, 9, 0, 14]",9,0.057017543859649,-331,173,16,0.299438410841919,504,1
686,"(5,19)",,False,63,"[5, 13, 1, 17, 19]",9,0.056770130454340005,-333,173,16,0.303414162186092,506,1
687,"(5,19)",,False,63,"[5, 13, 1, 17, 19]",9,0.056770130454340005,-333,173,16,0.303414162186092,506,1
688,"(1,16)",,True,65,"[6, 11, 19, 1, 16]",9,0.056770130454340005,-335,173,17,0.315991902834008,508,1
689,"(1,16)",,True,65,"[6, 11, 19, 1, 16]",9,0.056770130454340005,-335,173,17,0.315991902834008,508,1
690,"(3,5)",,False,63,"[15, 3, 5, 16, 10]",9,0.059663046505151,-337,173,16,0.30465051517683,510,1
691,"(3,5)",,False,63,"[15, 3, 5, 16, 10]",9,0.059663046505151,-337,173,16,0.30465051517683,510,1
692,"(12,3)",,True,63,"[19, 1, 8, 12, 3]",9,0.056432748538011,-339,173,16,0.30277777777777704,512,1
693,"(12,3)",,True,63,"[19, 1, 8, 12, 3]",9,0.056432748538011,-339,173,16,0.30277777777777704,512,1
694,"(18,3)",,False,61,"[18, 12, 16, 3, 7]",9,0.056934001670843004,-341,173,15,0.27018936229462504,514,1
695,"(18,3)",,False,61,"[18, 12, 16, 3, 7]",9,0.056934001670843004,-341,173,15,0.27018936229462504,514,1
696,"(7,0)",,False,61,"[2, 8, 7, 0, 6]",8,0.030453659401027,-343,173,15,0.247452596136806,516,1
697,"(7,0)",,False,61,"[2, 8, 7, 0, 6]",8,0.030453659401027,-343,173,15,0.247452596136806,516,1
698,"(11,7)",,False,61,"[11, 19, 2, 7, 9]",8,0.028947368421052003,-345,173,15,0.247187412976886,518,1
699,"(11,7)",,False,61,"[11, 19, 2, 7, 9]",8,0.028947368421052003,-345,173,15,0.247187412976886,518,1
700,12:14,assassinate,True,55,"[6, 8, 4, 18, 12]",7,0.020523531049846,-347,173,14,0.23812308549150601,520,1
701,12:14,assassinate,True,55,"[6, 8, 4, 18, 12]",7,0.020523531049846,-347,173,14,0.23812308549150601,520,1
702,"(13,0)",,False,55,"[7, 9, 8, 13, 0]",6,0.012053281351526002,-349,173,14,0.236777128005198,522,1
703,"(13,0)",,False,55,"[7, 9, 8, 13, 0]",6,0.012053281351526002,-349,173,14,0.236777128005198,522,1
704,"(1,2)",,False,55,"[1, 3, 17, 9, 2]",6,0.012053281351526002,-351,173,14,0.27790773229369703,524,1
705,"(1,2)",,False,55,"[1, 3, 17, 9, 2]",6,0.012053281351526002,-351,173,14,0.27790773229369703,524,1
706,"(0,15)",,False,55,"[2, 0, 13, 15, 8]",5,0.010883690708252,-353,173,14,0.248393289621359,526,1
707,"(0,15)",,False,55,"[2, 0, 13, 15, 8]",5,0.010883690708252,-353,173,14,0.248393289621359,526,1
708,"(0,17)",,False,55,"[0, 10, 4, 14, 17]",4,0.006822612085769001,-355,173,14,0.257412048640118,528,1
709,"(0,17)",,False,55,"[0, 10, 4, 14, 17]",4,0.006822612085769001,-355,173,14,0.257412048640118,528,1
710,"(11,15)",,True,55,"[11, 15, 5, 19, 8]",4,0.007797270955165,-357,173,14,0.257342430149447,530,1
711,"(11,15)",,True,55,"[11, 15, 5, 19, 8]",4,0.007797270955165,-357,173,14,0.257342430149447,530,1
712,"(15,16)",,False,55,"[15, 16, 5, 3, 18]",5,0.013645224171539001,-359,173,14,0.243762183235867,532,1
713,"(15,16)",,False,55,"[15, 16, 5, 3, 18]",5,0.013645224171539001,-359,173,14,0.243762183235867,532,1
714,"(8,19)",,False,55,"[14, 11, 8, 19, 1]",5,0.012426900584795002,-361,173,14,0.239633806739069,534,1
715,"(8,19)",,False,55,"[14, 11, 8, 19, 1]",5,0.012426900584795002,-361,173,14,0.239633806739069,534,1
716,"(10,2)",,False,55,"[10, 2, 4, 6, 7]",6,0.028313840155945003,-363,173,14,0.25532581453634,536,1
717,"(10,2)",,False,55,"[10, 2, 4, 6, 7]",6,0.028313840155945003,-363,173,14,0.25532581453634,536,1
718,"(17,15)",,False,55,"[6, 17, 8, 15, 18]",6,0.027930938457254,-365,173,14,0.26091617933723205,538,1
719,"(17,15)",,False,55,"[6, 17, 8, 15, 18]",6,0.027930938457254,-365,173,14,0.26091617933723205,538,1
720,"(9,11)",,False,55,"[5, 9, 11, 2, 15]",7,0.13390313390313302,-367,173,14,0.300133881712829,540,1
721,"(9,11)",,False,55,"[5, 9, 11, 2, 15]",7,0.13390313390313302,-367,173,14,0.300133881712829,540,1
722,12:2,assassinate,True,55,"[17, 9, 18, 12, 14]",7,0.037812966760335,-369,173,14,0.26163008531429505,542,1
723,12:2,assassinate,True,55,"[17, 9, 18, 12, 14]",7,0.037812966760335,-369,173,14,0.26163008531429505,542,1
724,"(12,1)",,False,57,"[11, 17, 8, 12, 1]",7,0.039859750386066005,-371,173,15,0.36356547935495304,544,1
725,"(12,1)",,False,57,"[11, 17, 8, 12, 1]",7,0.039859750386066005,-371,173,15,0.36356547935495304,544,1
726,"(4,17)",,False,57,"[4, 17, 19, 15, 8]",7,0.039365994629152,-373,173,15,0.36874616611458705,546,1
727,"(4,17)",,False,57,"[4, 17, 19, 15, 8]",7,0.039365994629152,-373,173,15,0.36874616611458705,546,1
728,"(10,4)",,False,57,"[16, 10, 17, 13, 4]",7,0.039696463380673,-375,173,15,0.371006219251833,548,1
729,"(10,4)",,False,57,"[16, 10, 17, 13, 4]",7,0.039696463380673,-375,173,15,0.371006219251833,548,1
730,"(15,4)",,False,57,"[15, 10, 9, 6, 4]",7,0.037761069340016,-377,173,15,0.373182957393483,550,1
731,"(15,4)",,False,57,"[15, 10, 9, 6, 4]",7,0.037761069340016,-377,173,15,0.373182957393483,550,1
732,"(14,11)",,False,59,"[14, 4, 12, 11, 1]",7,0.032651072124756,-379,173,15,0.35129490392648205,552,1
733,"(14,11)",,False,59,"[14, 4, 12, 11, 1]",7,0.032651072124756,-379,173,15,0.35129490392648205,552,1
734,"(15,17)",,False,59,"[15, 17, 12, 4, 2]",7,0.032651072124756,-381,173,15,0.35129490392648205,554,1
735,"(15,17)",,False,59,"[15, 17, 12, 4, 2]",7,0.032651072124756,-381,173,15,0.35129490392648205,554,1
736,"(0,5)",,False,59,"[0, 17, 5, 18, 7]",6,0.022124756335282002,-383,173,15,0.35064808485861104,556,1
737,"(0,5)",,False,59,"[0, 17, 5, 18, 7]",6,0.022124756335282002,-383,173,15,0.35064808485861104,556,1
738,"(12,6)",,True,59,"[12, 7, 4, 9, 6]",6,0.022124756335282002,-385,173,15,0.35064808485861104,558,1
739,"(12,6)",,True,59,"[12, 7, 4, 9, 6]",6,0.022124756335282002,-385,173,15,0.35064808485861104,558,1
740,"(5,4)",,False,59,"[5, 4, 19, 3, 10]",7,0.041812865497076,-387,173,15,0.35685805422647504,560,1
741,"(5,4)",,False,59,"[5, 4, 19, 3, 10]",7,0.041812865497076,-387,173,15,0.35685805422647504,560,1
742,"(8,16)",,True,59,"[11, 18, 8, 16, 4]",8,0.062768031189083,-389,173,15,0.348343079922027,562,1
743,"(8,16)",,True,59,"[11, 18, 8, 16, 4]",8,0.062768031189083,-389,173,15,0.348343079922027,562,1
744,"(0,5)",,False,59,"[0, 7, 5, 15, 14]",8,0.062768031189083,-391,173,15,0.348343079922027,564,1
745,"(0,5)",,False,59,"[0, 7, 5, 15, 14]",8,0.062768031189083,-391,173,15,0.348343079922027,564,1
746,14:20,assassinate,True,48,"[16, 1, 14, 19, 15]",7,0.13250487329434701,-393,173,13,0.331920077972709,566,1
747,14:20,assassinate,True,48,"[16, 1, 14, 19, 15]",7,0.13250487329434701,-393,173,13,0.331920077972709,566,1
748,"(4,0)",,False,48,"[16, 12, 6, 4, 0]",6,0.113937621832358,-395,173,13,0.354093567251461,568,1
749,"(4,0)",,False,48,"[16, 12, 6, 4, 0]",6,0.113937621832358,-395,173,13,0.354093567251461,568,1
750,"(15,14)",,False,48,"[7, 18, 15, 9, 14]",6,0.112768031189083,-397,173,12,0.292690058479532,570,1
751,"(15,14)",,False,48,"[7, 18, 15, 9, 14]",6,0.112768031189083,-397,173,12,0.292690058479532,570,1
752,"(11,0)",,False,48,"[3, 5, 11, 0, 12]",5,0.102923976608187,-399,173,12,0.29139979578576003,572,1
753,"(11,0)",,False,48,"[3, 5, 11, 0, 12]",5,0.102923976608187,-399,173,12,0.29139979578576003,572,1
754,"(10,1)",,False,50,"[10, 12, 16, 5, 1]",6,0.14639376218323502,-401,173,13,0.294152046783625,574,1
755,"(10,1)",,False,50,"[10, 12, 16, 5, 1]",6,0.14639376218323502,-401,173,13,0.294152046783625,574,1
756,"(1,4)",,False,52,"[9, 1, 10, 4, 3]",6,0.155165692007797,-403,173,14,0.361403508771929,576,1
757,"(1,4)",,False,52,"[9, 1, 10, 4, 3]",6,0.155165692007797,-403,173,14,0.361403508771929,576,1
758,"(2,6)",,False,52,"[8, 18, 13, 2, 6]",6,0.13411306042884902,-405,173,14,0.350918964076858,578,1
759,"(2,6)",,False,52,"[8, 18, 13, 2, 6]",6,0.13411306042884902,-405,173,14,0.350918964076858,578,1
760,"(3,6)",,False,52,"[4, 3, 5, 9, 6]",7,0.150292397660818,-407,173,14,0.34936647173489205,580,1
761,"(3,6)",,False,52,"[4, 3, 5, 9, 6]",7,0.150292397660818,-407,173,14,0.34936647173489205,580,1
762,"(0,11)",,False,52,"[0, 16, 11, 15, 7]",6,0.135087719298245,-409,173,14,0.343462823725981,582,1
763,"(0,11)",,False,52,"[0, 16, 11, 15, 7]",6,0.135087719298245,-409,173,14,0.343462823725981,582,1
764,"(9,13)",,False,52,"[19, 9, 15, 13, 5]",6,0.133820662768031,-411,173,14,0.34321915900863204,584,1
765,"(9,13)",,False,52,"[19, 9, 15, 13, 5]",6,0.133820662768031,-411,173,14,0.34321915900863204,584,1
766,"(3,15)",,False,50,"[3, 0, 15, 11, 1]",6,0.20701754385964902,-413,173,14,0.379935950988582,586,1
767,"(3,15)",,False,50,"[3, 0, 15, 11, 1]",6,0.20701754385964902,-413,173,14,0.379935950988582,586,1
768,"(2,6)",,False,52,"[2, 12, 6, 3, 7]",6,0.134697855750487,-415,173,14,0.334349763297131,588,1
769,"(2,6)",,False,52,"[2, 12, 6, 3, 7]",6,0.134697855750487,-415,173,14,0.334349763297131,588,1
770,14:2,assassinate,True,52,"[14, 2, 5, 9, 7]",5,0.02943469785575,-417,173,14,0.279128376496797,590,1
771,14:2,assassinate,True,52,"[14, 2, 5, 9, 7]",5,0.02943469785575,-417,173,14,0.279128376496797,590,1
772,9:14,assassinate,True,46,"[9, 14, 10, 7, 18]",4,0.019298245614035002,-419,173,14,0.289167362851573,592,1
773,9:14,assassinate,True,46,"[9, 14, 10, 7, 18]",4,0.019298245614035002,-419,173,14,0.289167362851573,592,1
774,"(13,9)",,True,48,"[15, 10, 13, 3, 9]",5,0.045110461338531006,-421,173,14,0.330669265756985,594,1
775,"(13,9)",,True,48,"[15, 10, 13, 3, 9]",5,0.045110461338531006,-421,173,14,0.330669265756985,594,1
776,"(13,9)",,False,48,"[13, 7, 17, 9, 12]",5,0.045110461338531006,-423,173,14,0.330669265756985,596,1
777,"(13,9)",,False,48,"[13, 7, 17, 9, 12]",5,0.045110461338531006,-423,173,14,0.330669265756985,596,1
778,"(19,0)",,False,46,"[3, 13, 16, 19, 0]",4,0.043070639561867005,-425,173,13,0.324236517218973,598,1
779,"(19,0)",,False,46,"[3, 13, 16, 19, 0]",4,0.043070639561867005,-425,173,13,0.324236517218973,598,1
780,"(11,14)",,False,48,"[11, 6, 14, 10, 9]",4,0.045019957300659004,-427,173,13,0.33739441195581504,600,1
781,"(11,14)",,False,48,"[11, 6, 14, 10, 9]",4,0.045019957300659004,-427,173,13,0.33739441195581504,600,1
782,"(1,14)",,True,50,"[12, 15, 19, 1, 14]",4,0.044808781212289005,-429,173,14,0.351624431448992,602,1
783,"(1,14)",,True,50,"[12, 15, 19, 1, 14]",4,0.044808781212289005,-429,173,14,0.351624431448992,602,1
784,"(11,19)",,False,48,"[8, 11, 10, 18, 19]",4,0.04461384943841001,-431,173,13,0.334974009096816,604,1
785,"(11,19)",,False,48,"[8, 11, 10, 18, 19]",4,0.04461384943841001,-431,173,13,0.334974009096816,604,1
786,"(6,0)",,False,48,"[6, 9, 0, 17, 15]",3,0.039798570500324,-433,173,13,0.32927225471085103,606,1
787,"(6,0)",,False,48,"[6, 9, 0, 17, 15]",3,0.039798570500324,-433,173,13,0.32927225471085103,606,1
788,"(19,13)",,False,46,"[16, 15, 9, 19, 13]",3,0.034600389863547,-435,173,12,0.30877192982456103,608,1
789,"(19,13)",,False,46,"[16, 15, 9, 19, 13]",3,0.034600389863547,-435,173,12,0.30877192982456103,608,1
790,"(5,2)",,False,48,"[13, 9, 5, 2, 18]",3,0.019874180400496003,-437,173,12,0.29342548289916703,610,1
791,"(5,2)",,False,48,"[13, 9, 5, 2, 18]",3,0.019874180400496003,-437,173,12,0.29342548289916703,610,1
792,7:12,assassinate,True,43,"[19, 13, 7, 2, 4]",2,0.010916179337231002,-439,173,12,0.30253411306042804,612,1
793,7:12,assassinate,True,43,"[19, 13, 7, 2, 4]",2,0.010916179337231002,-439,173,12,0.30253411306042804,612,1
794,"(13,17)",,False,43,"[13, 9, 7, 11, 17]",2,0.012865497076023,-441,173,12,0.337663603453077,614,1
795,"(13,17)",,False,43,"[13, 9, 7, 11, 17]",2,0.012865497076023,-441,173,12,0.337663603453077,614,1
796,"(11,12)",,False,45,"[1, 0, 11, 12, 19]",3,0.038791423001949,-443,173,12,0.322361459203564,616,1
797,"(11,12)",,False,45,"[1, 0, 11, 12, 19]",3,0.038791423001949,-443,173,12,0.322361459203564,616,1
798,9:6,assassinate,True,43,"[19, 12, 9, 14, 16]",3,0.039766081871345005,-445,173,12,0.33283208020050103,618,1
799,9:6,assassinate,True,43,"[19, 12, 9, 14, 16]",3,0.039766081871345005,-445,173,12,0.33283208020050103,618,1
