,actionDetail,actionType,bonusActivated,graphEdgeCount,nodeList,p1Degree,p1Score,p1WinAdvantage,p1WinCount,p2Degree,p2Score,p2WinCount,player
0,"(9,3)",,False,2,"[9, 3, 11, 12, 2]",0,-0.001,0,0,0,-0.001,0,1
1,"(9,3)",,False,2,"[9, 3, 11, 12, 2]",0,-0.001,0,0,0,-0.001,0,1
2,"(2,9)",,False,4,"[2, 9, 13, 17, 16]",0,-0.001,0,0,0,-0.001,0,1
3,"(2,9)",,False,4,"[2, 9, 13, 17, 16]",0,-0.001,0,0,0,-0.001,0,1
4,"(16,9)",,True,6,"[16, 0, 9, 12, 13]",0,-0.001,0,0,0,-0.001,0,1
5,"(16,9)",,True,6,"[16, 0, 9, 12, 13]",0,-0.001,0,0,0,-0.001,0,1
6,"(5,8)",,False,6,"[5, 8, 17, 14, 4]",0,-0.001,0,0,0,-0.001,0,1
7,"(5,8)",,False,6,"[5, 8, 17, 14, 4]",0,-0.001,0,0,0,-0.001,0,1
8,"(3,4)",,False,8,"[3, 4, 16, 9, 14]",0,-0.001,0,0,0,-0.001,0,1
9,"(3,4)",,False,8,"[3, 4, 16, 9, 14]",0,-0.001,0,0,0,-0.001,0,1
10,"(17,6)",,False,10,"[17, 6, 14, 2, 15]",0,-0.001,0,0,0,-0.001,0,1
11,"(17,6)",,False,10,"[17, 6, 14, 2, 15]",0,-0.001,0,0,0,-0.001,0,1
12,"(17,1)",,False,12,"[17, 1, 9, 3, 14]",0,-0.001,-1,0,1,0.0,1,1
13,"(17,1)",,False,12,"[17, 1, 9, 3, 14]",0,-0.001,-1,0,1,0.0,1,1
14,"(17,4)",,False,15,"[19, 17, 2, 15, 4]",2,0.017543859649122,1,2,1,0.0,1,1
15,"(17,4)",,False,15,"[19, 17, 2, 15, 4]",2,0.017543859649122,1,2,1,0.0,1,1
16,"(0,4)",,False,15,"[0, 13, 4, 8, 14]",2,0.175438596491228,3,4,1,0.0,1,1
17,"(0,4)",,False,15,"[0, 13, 4, 8, 14]",2,0.175438596491228,3,4,1,0.0,1,1
18,"(16,7)",,False,17,"[4, 16, 7, 11, 19]",2,0.05847953216374201,5,6,1,0.0,1,1
19,"(16,7)",,False,17,"[4, 16, 7, 11, 19]",2,0.05847953216374201,5,6,1,0.0,1,1
20,"(10,19)",,True,19,"[10, 0, 19, 8, 15]",2,0.026315789473684,7,8,1,0.0,1,1
21,"(10,19)",,True,19,"[10, 0, 19, 8, 15]",2,0.026315789473684,7,8,1,0.0,1,1
22,"(2,6)",,False,21,"[2, 6, 9, 0, 4]",2,0.032163742690058006,9,10,1,0.0,1,1
23,"(2,6)",,False,21,"[2, 6, 9, 0, 4]",2,0.032163742690058006,9,10,1,0.0,1,1
24,"(7,1)",,False,23,"[7, 4, 1, 18, 5]",3,0.05847953216374201,11,12,2,0.027777777777777003,1,1
25,"(7,1)",,False,23,"[7, 4, 1, 18, 5]",3,0.05847953216374201,11,12,2,0.027777777777777003,1,1
26,"(13,19)",,False,25,"[8, 13, 14, 4, 19]",3,0.05214424951267001,13,14,2,0.027777777777777003,1,1
27,"(13,19)",,False,25,"[8, 13, 14, 4, 19]",3,0.05214424951267001,13,14,2,0.027777777777777003,1,1
28,"(11,17)",,False,27,"[11, 12, 9, 17, 7]",3,0.080409356725146,15,16,2,0.042397660818713004,1,1
29,"(11,17)",,False,27,"[11, 12, 9, 17, 7]",3,0.080409356725146,15,16,2,0.042397660818713004,1,1
30,"(4,1)",,False,27,"[6, 4, 17, 1, 11]",3,0.140350877192982,17,18,3,0.052631578947368,1,1
31,"(4,1)",,False,27,"[6, 4, 17, 1, 11]",3,0.140350877192982,17,18,3,0.052631578947368,1,1
32,"(18,7)",,False,29,"[18, 8, 3, 11, 7]",4,0.12183235867446301,19,20,3,0.05653021442495101,1,1
33,"(18,7)",,False,29,"[18, 8, 3, 11, 7]",4,0.12183235867446301,19,20,3,0.05653021442495101,1,1
34,"(0,14)",,False,29,"[0, 18, 14, 2, 11]",3,0.092592592592592,21,22,3,0.060428849902534006,1,1
35,"(0,14)",,False,29,"[0, 18, 14, 2, 11]",3,0.092592592592592,21,22,3,0.060428849902534006,1,1
36,"(6,14)",,False,31,"[6, 0, 9, 14, 2]",3,0.09064327485380101,23,24,3,0.028265107212475,1,1
37,"(6,14)",,False,31,"[6, 0, 9, 14, 2]",3,0.09064327485380101,23,24,3,0.028265107212475,1,1
38,"(8,5)",,False,31,"[13, 12, 8, 4, 5]",3,0.07836257309941501,25,26,3,0.026510721247563002,1,1
39,"(8,5)",,False,31,"[13, 12, 8, 4, 5]",3,0.07836257309941501,25,26,3,0.026510721247563002,1,1
40,"(0,16)",,False,31,"[19, 0, 11, 4, 16]",2,0.0,25,27,3,0.031384015594541,2,1
41,"(0,16)",,False,31,"[19, 0, 11, 4, 16]",2,0.0,25,27,3,0.031384015594541,2,1
42,"(5,16)",,False,31,"[11, 17, 5, 9, 16]",2,0.0,23,27,3,0.04522417153996101,4,1
43,"(5,16)",,False,31,"[11, 17, 5, 9, 16]",2,0.0,23,27,3,0.04522417153996101,4,1
44,"(8,1)",,False,33,"[7, 4, 8, 1, 17]",3,0.08966861598440501,25,29,4,0.081384015594541,4,1
45,"(8,1)",,False,33,"[7, 4, 8, 1, 17]",3,0.08966861598440501,25,29,4,0.081384015594541,4,1
46,"(15,7)",,False,35,"[15, 13, 17, 7, 18]",3,0.05847953216374201,25,30,4,0.08713450292397601,5,1
47,"(15,7)",,False,35,"[15, 13, 17, 7, 18]",3,0.05847953216374201,25,30,4,0.08713450292397601,5,1
48,"(6,10)",,False,37,"[14, 6, 11, 8, 10]",3,0.009746588693957,23,30,4,0.060428849902534006,7,1
49,"(6,10)",,False,37,"[14, 6, 11, 8, 10]",3,0.009746588693957,23,30,4,0.060428849902534006,7,1
50,"(6,16)",,False,35,"[6, 16, 15, 12, 9]",3,0.010136452241715001,21,30,3,0.031578947368421005,9,1
51,"(6,16)",,False,35,"[6, 16, 15, 12, 9]",3,0.010136452241715001,21,30,3,0.031578947368421005,9,1
52,"(12,1)",,False,37,"[11, 12, 9, 17, 1]",3,0.009161793372319,19,30,4,0.05594541910331301,11,1
53,"(12,1)",,False,37,"[11, 12, 9, 17, 1]",3,0.009161793372319,19,30,4,0.05594541910331301,11,1
54,"(11,18)",,False,39,"[11, 15, 17, 18, 3]",3,0.004873294346978,17,30,4,0.044834307992202005,13,1
55,"(11,18)",,False,39,"[11, 15, 17, 18, 3]",3,0.004873294346978,17,30,4,0.044834307992202005,13,1
56,"(6,0)",,False,37,"[9, 6, 15, 2, 0]",2,0.0,15,30,4,0.05941241993873501,15,1
57,"(6,0)",,False,37,"[9, 6, 15, 2, 0]",2,0.0,15,30,4,0.05941241993873501,15,1
58,"(7,14)",,False,35,"[3, 7, 2, 14, 11]",2,0.0,13,30,3,0.032651072124756,17,1
59,"(7,14)",,False,35,"[3, 7, 2, 14, 11]",2,0.0,13,30,3,0.032651072124756,17,1
60,"(18,5)",,False,37,"[18, 14, 5, 7, 6]",3,0.025341130604288,14,31,3,0.025341130604288,17,1
61,"(18,5)",,False,37,"[18, 14, 5, 7, 6]",3,0.025341130604288,14,31,3,0.025341130604288,17,1
62,"(3,0)",,False,37,"[3, 14, 19, 16, 0]",2,0.0,14,32,3,0.015107212475633002,18,1
63,"(3,0)",,False,37,"[3, 14, 19, 16, 0]",2,0.0,14,32,3,0.015107212475633002,18,1
64,"(16,3)",,False,37,"[16, 2, 19, 14, 3]",2,0.0,12,32,3,0.019493177387914,20,1
65,"(16,3)",,False,37,"[16, 2, 19, 14, 3]",2,0.0,12,32,3,0.019493177387914,20,1
66,"(5,14)",,False,39,"[5, 14, 6, 12, 19]",2,0.0,10,32,3,0.013645224171539001,22,1
67,"(5,14)",,False,39,"[5, 14, 6, 12, 19]",2,0.0,10,32,3,0.013645224171539001,22,1
68,"(11,8)",,False,41,"[11, 8, 19, 0, 6]",2,0.0,8,32,3,0.012531328320802,24,1
69,"(11,8)",,False,41,"[11, 8, 19, 0, 6]",2,0.0,8,32,3,0.012531328320802,24,1
70,"(1,13)",,False,41,"[1, 15, 12, 14, 13]",2,0.0,7,32,3,0.023781676413255,25,1
71,"(1,13)",,False,41,"[1, 15, 12, 14, 13]",2,0.0,7,32,3,0.023781676413255,25,1
72,"(14,3)",,False,41,"[14, 3, 12, 2, 17]",2,0.0,7,32,2,0.0,25,1
73,"(14,3)",,False,41,"[14, 3, 12, 2, 17]",2,0.0,7,32,2,0.0,25,1
74,"(1,2)",,False,41,"[1, 0, 3, 17, 2]",2,0.0,6,32,3,0.010964912280701001,26,1
75,"(1,2)",,False,41,"[1, 0, 3, 17, 2]",2,0.0,6,32,3,0.010964912280701001,26,1
76,"(6,5)",,False,41,"[6, 5, 4, 18, 8]",3,0.02948343079922,8,34,3,0.014083820662768,26,1
77,"(6,5)",,False,41,"[6, 5, 4, 18, 8]",3,0.02948343079922,8,34,3,0.014083820662768,26,1
78,"(16,17)",,False,39,"[5, 16, 19, 17, 7]",3,0.029587858535226004,10,36,3,0.018574213311055,26,1
79,"(16,17)",,False,39,"[5, 16, 19, 17, 7]",3,0.029587858535226004,10,36,3,0.018574213311055,26,1
80,"(13,18)",,False,39,"[6, 13, 18, 16, 3]",3,0.012392091339459002,10,37,3,0.020676691729323002,27,1
81,"(13,18)",,False,39,"[6, 13, 18, 16, 3]",3,0.012392091339459002,10,37,3,0.020676691729323002,27,1
82,"(9,15)",,False,41,"[10, 14, 9, 15, 7]",3,0.004873294346978,8,37,3,0.016764132553606002,29,1
83,"(9,15)",,False,41,"[10, 14, 9, 15, 7]",3,0.004873294346978,8,37,3,0.016764132553606002,29,1
84,"(5,19)",,False,41,"[5, 19, 14, 11, 6]",3,0.019980506822612,10,39,3,0.016764132553606002,29,1
85,"(5,19)",,False,41,"[5, 19, 14, 11, 6]",3,0.019980506822612,10,39,3,0.016764132553606002,29,1
86,"(4,3)",,False,41,"[4, 7, 3, 9, 6]",3,0.019980506822612,12,41,3,0.010233918128654,29,1
87,"(4,3)",,False,41,"[4, 7, 3, 9, 6]",3,0.019980506822612,12,41,3,0.010233918128654,29,1
88,"(18,10)",,False,43,"[14, 18, 10, 19, 2]",3,0.004385964912280001,12,42,3,0.010233918128654,30,1
89,"(18,10)",,False,43,"[14, 18, 10, 19, 2]",3,0.004385964912280001,12,42,3,0.010233918128654,30,1
90,"(9,14)",,False,45,"[9, 12, 8, 7, 14]",4,0.012238930659983,14,44,3,0.008771929824561,30,1
91,"(9,14)",,False,45,"[9, 12, 8, 7, 14]",4,0.012238930659983,14,44,3,0.008771929824561,30,1
92,"(14,10)",,False,47,"[14, 19, 16, 15, 10]",5,0.052534113060428,16,46,3,0.008187134502923,30,1
93,"(14,10)",,False,47,"[14, 19, 16, 15, 10]",5,0.052534113060428,16,46,3,0.008187134502923,30,1
94,"(14,10)",,False,47,"[14, 10, 11, 12, 2]",5,0.052534113060428,18,48,3,0.008187134502923,30,1
95,"(14,10)",,False,47,"[14, 10, 11, 12, 2]",5,0.052534113060428,18,48,3,0.008187134502923,30,1
96,"(17,14)",,False,47,"[17, 14, 15, 11, 16]",5,0.052534113060428,20,50,3,0.008187134502923,30,1
97,"(17,14)",,False,47,"[17, 14, 15, 11, 16]",5,0.052534113060428,20,50,3,0.008187134502923,30,1
98,"(12,10)",,False,49,"[2, 12, 7, 8, 10]",6,0.078473962684489,22,52,3,0.007992202729044,30,1
99,"(12,10)",,False,49,"[2, 12, 7, 8, 10]",6,0.078473962684489,22,52,3,0.007992202729044,30,1
100,"(4,18)",,False,49,"[4, 18, 10, 3, 8]",6,0.05168476747424101,24,54,3,0.007901698691172,30,1
101,"(4,18)",,False,49,"[4, 18, 10, 3, 8]",6,0.05168476747424101,24,54,3,0.007901698691172,30,1
102,"(15,2)",,False,49,"[15, 16, 2, 7, 3]",6,0.053439153439153,26,56,3,0.008493455861876,30,1
103,"(15,2)",,False,49,"[15, 16, 2, 7, 3]",6,0.053439153439153,26,56,3,0.008493455861876,30,1
104,"(10,1)",,False,49,"[2, 7, 11, 10, 1]",6,0.055346700083542005,28,58,4,0.018433077643603,30,1
105,"(10,1)",,False,49,"[2, 7, 11, 10, 1]",6,0.055346700083542005,28,58,4,0.018433077643603,30,1
106,"(12,13)",,False,49,"[7, 10, 12, 5, 13]",6,0.042126148705096005,30,60,4,0.018588137009189,30,1
107,"(12,13)",,False,49,"[7, 10, 12, 5, 13]",6,0.042126148705096005,30,60,4,0.018588137009189,30,1
108,"(15,2)",,False,47,"[19, 8, 15, 18, 2]",6,0.042752715121136,32,62,3,0.021901977165135002,30,1
109,"(15,2)",,False,47,"[19, 8, 15, 18, 2]",6,0.042752715121136,32,62,3,0.021901977165135002,30,1
110,"(12,0)",,False,47,"[13, 5, 12, 15, 0]",5,0.022723475355054003,34,64,3,0.016541353383458,30,1
111,"(12,0)",,False,47,"[13, 5, 12, 15, 0]",5,0.022723475355054003,34,64,3,0.016541353383458,30,1
112,"(11,13)",,False,47,"[11, 2, 13, 9, 12]",5,0.024756335282651,36,66,3,0.016972988025619,30,1
113,"(11,13)",,False,47,"[11, 2, 13, 9, 12]",5,0.024756335282651,36,66,3,0.016972988025619,30,1
114,"(10,9)",,False,47,"[18, 11, 10, 9, 4]",5,0.031356168198273006,38,68,3,0.014977257959714002,30,1
115,"(10,9)",,False,47,"[18, 11, 10, 9, 4]",5,0.031356168198273006,38,68,3,0.014977257959714002,30,1
116,"(6,1)",,False,47,"[6, 1, 17, 9, 4]",5,0.033214981899192,38,69,4,0.034519168291098,31,1
117,"(6,1)",,False,47,"[6, 1, 17, 9, 4]",5,0.033214981899192,38,69,4,0.034519168291098,31,1
118,"(16,18)",,False,50,"[3, 8, 9, 16, 18]",7,0.06391673628515701,40,71,4,0.028541260558804002,31,1
119,"(16,18)",,False,50,"[3, 8, 9, 16, 18]",7,0.06391673628515701,40,71,4,0.028541260558804002,31,1
120,"(12,7)",,False,50,"[12, 18, 16, 7, 17]",7,0.070481759955444,42,73,4,0.026524644945697003,31,1
121,"(12,7)",,False,50,"[12, 18, 16, 7, 17]",7,0.070481759955444,42,73,4,0.026524644945697003,31,1
122,"(12,3)",,False,52,"[12, 19, 9, 3, 11]",8,0.10328599275967601,44,75,4,0.016771094402673003,31,1
123,"(12,3)",,False,52,"[12, 19, 9, 3, 11]",8,0.10328599275967601,44,75,4,0.016771094402673003,31,1
124,"(1,11)",,False,52,"[1, 11, 15, 10, 17]",8,0.10492202729044801,46,77,5,0.034096816114359,31,1
125,"(1,11)",,False,52,"[1, 11, 15, 10, 17]",8,0.10492202729044801,46,77,5,0.034096816114359,31,1
126,"(1,5)",,False,52,"[14, 19, 4, 1, 5]",8,0.116443887496519,48,79,6,0.057008261394226004,31,1
127,"(1,5)",,False,52,"[14, 19, 4, 1, 5]",8,0.116443887496519,48,79,6,0.057008261394226004,31,1
128,13:6,assassinate,True,50,"[12, 17, 2, 18, 13]",8,0.09454191033138401,50,81,6,0.051591942820013004,31,1
129,13:6,assassinate,True,50,"[12, 17, 2, 18, 13]",8,0.09454191033138401,50,81,6,0.051591942820013004,31,1
130,"(1,15)",,False,50,"[18, 5, 1, 15, 0]",8,0.112893344472291,52,83,7,0.07361923326835601,31,1
131,"(1,15)",,False,50,"[18, 5, 1, 15, 0]",8,0.112893344472291,52,83,7,0.07361923326835601,31,1
132,"(6,2)",,False,50,"[6, 7, 3, 2, 14]",8,0.12101086048454401,54,85,7,0.087334497860813,31,1
133,"(6,2)",,False,50,"[6, 7, 3, 2, 14]",8,0.12101086048454401,54,85,7,0.087334497860813,31,1
134,"(5,13)",,False,52,"[12, 5, 0, 13, 17]",8,0.12140072403230201,56,87,7,0.099712665502139,31,1
135,"(5,13)",,False,52,"[12, 5, 0, 13, 17]",8,0.12140072403230201,56,87,7,0.099712665502139,31,1
136,"(6,5)",,False,54,"[11, 15, 6, 13, 5]",8,0.104966119001206,58,89,7,0.07824000236280901,31,1
137,"(6,5)",,False,54,"[11, 15, 6, 13, 5]",8,0.104966119001206,58,89,7,0.07824000236280901,31,1
138,"(2,19)",,False,54,"[18, 2, 19, 15, 16]",9,0.127116824046648,60,91,7,0.08556576626752001,31,1
139,"(2,19)",,False,54,"[18, 2, 19, 15, 16]",9,0.127116824046648,60,91,7,0.08556576626752001,31,1
140,"(3,6)",,False,56,"[19, 3, 10, 6, 15]",10,0.14447925368978,62,93,7,0.07449051922736101,31,1
141,"(3,6)",,False,56,"[19, 3, 10, 6, 15]",10,0.14447925368978,62,93,7,0.07449051922736101,31,1
142,"(8,6)",,False,58,"[8, 6, 13, 4, 15]",10,0.127939377062184,64,95,7,0.068036252246778,31,1
143,"(8,6)",,False,58,"[8, 6, 13, 4, 15]",10,0.127939377062184,64,95,7,0.068036252246778,31,1
144,"(3,18)",,False,58,"[3, 7, 14, 18, 17]",10,0.13395452013873002,66,97,7,0.06749512670565301,31,1
145,"(3,18)",,False,58,"[3, 7, 14, 18, 17]",10,0.13395452013873002,66,97,7,0.06749512670565301,31,1
146,"(0,8)",,False,58,"[0, 8, 14, 7, 4]",9,0.09816365408470601,68,99,7,0.072577276524644,31,1
147,"(0,8)",,False,58,"[0, 8, 14, 7, 4]",9,0.09816365408470601,68,99,7,0.072577276524644,31,1
148,"(7,15)",,False,56,"[14, 5, 7, 15, 2]",9,0.10675584973830501,70,101,7,0.077586773200808,31,1
149,"(7,15)",,False,56,"[14, 5, 7, 15, 2]",9,0.10675584973830501,70,101,7,0.077586773200808,31,1
150,"(6,0)",,False,54,"[3, 6, 0, 19, 15]",8,0.067672029075537,70,102,7,0.09955836885661401,32,1
151,"(6,0)",,False,54,"[3, 6, 0, 19, 15]",8,0.067672029075537,70,102,7,0.09955836885661401,32,1
152,"(5,6)",,False,54,"[5, 6, 16, 13, 2]",8,0.06673914130054401,68,102,7,0.12271347885382901,34,1
153,"(5,6)",,False,54,"[5, 6, 16, 13, 2]",8,0.06673914130054401,68,102,7,0.12271347885382901,34,1
154,"(2,11)",,False,56,"[2, 11, 17, 4, 5]",9,0.11745567622760601,70,104,7,0.08715770908753301,34,1
155,"(2,11)",,False,56,"[2, 11, 17, 4, 5]",9,0.11745567622760601,70,104,7,0.08715770908753301,34,1
156,"(1,13)",,False,58,"[14, 1, 12, 19, 13]",9,0.09913208948296601,72,106,8,0.087758748723661,34,1
157,"(1,13)",,False,58,"[14, 1, 12, 19, 13]",9,0.09913208948296601,72,106,8,0.087758748723661,34,1
158,"(6,9)",,False,60,"[6, 11, 9, 18, 12]",10,0.115999463213085,74,108,8,0.076281547256779,34,1
159,"(6,9)",,False,60,"[6, 11, 9, 18, 12]",10,0.115999463213085,74,108,8,0.076281547256779,34,1
160,"(0,18)",,True,60,"[0, 15, 5, 17, 18]",10,0.121169796453594,76,110,8,0.07590328679079901,34,1
161,"(0,18)",,True,60,"[0, 15, 5, 17, 18]",10,0.121169796453594,76,110,8,0.07590328679079901,34,1
162,"(0,11)",,False,58,"[0, 11, 8, 7, 5]",9,0.11576626752065301,78,112,8,0.08592314118629901,34,1
163,"(0,11)",,False,58,"[0, 11, 8, 7, 5]",9,0.11576626752065301,78,112,8,0.08592314118629901,34,1
164,"(13,14)",,False,58,"[2, 13, 14, 12, 18]",9,0.11361421229842202,80,114,8,0.086638312954102,34,1
165,"(13,14)",,False,58,"[2, 13, 14, 12, 18]",9,0.11361421229842202,80,114,8,0.086638312954102,34,1
166,"(0,16)",,False,55,"[3, 10, 0, 1, 16]",8,0.094551825692176,82,116,6,0.053072707020075,34,1
167,"(0,16)",,False,55,"[3, 10, 0, 1, 16]",8,0.094551825692176,82,116,6,0.053072707020075,34,1
168,"(7,2)",,False,55,"[7, 14, 13, 2, 16]",8,0.08943486662784901,84,118,6,0.052341712868028,34,1
169,"(7,2)",,False,55,"[7, 14, 13, 2, 16]",8,0.08943486662784901,84,118,6,0.052341712868028,34,1
170,"(4,10)",,False,57,"[2, 4, 5, 7, 10]",9,0.13360463448182702,86,120,6,0.042931824510771,34,1
171,"(4,10)",,False,57,"[2, 4, 5, 7, 10]",9,0.13360463448182702,86,120,6,0.042931824510771,34,1
172,"(12,13)",,False,59,"[3, 12, 9, 5, 13]",10,0.145550534585622,88,122,6,0.041702108807371005,34,1
173,"(12,13)",,False,59,"[3, 12, 9, 5, 13]",10,0.145550534585622,88,122,6,0.041702108807371005,34,1
174,"(1,8)",,False,62,"[1, 14, 8, 16, 3]",10,0.123356023252824,90,124,7,0.056668855740063,34,1
175,"(1,8)",,False,62,"[1, 14, 8, 16, 3]",10,0.123356023252824,90,124,7,0.056668855740063,34,1
176,"(1,17)",,False,62,"[7, 4, 15, 1, 17]",10,0.12028437105836401,92,126,8,0.080174291938997,34,1
177,"(1,17)",,False,62,"[7, 4, 15, 1, 17]",10,0.12028437105836401,92,126,8,0.080174291938997,34,1
178,"(16,12)",,False,64,"[15, 19, 16, 12, 3]",11,0.14206799678935902,94,128,8,0.07511302766720701,34,1
179,"(16,12)",,False,64,"[15, 19, 16, 12, 3]",11,0.14206799678935902,94,128,8,0.07511302766720701,34,1
180,"(6,2)",,False,64,"[7, 3, 13, 6, 2]",11,0.138364293085655,96,130,7,0.050690861139777006,34,1
181,"(6,2)",,False,64,"[7, 3, 13, 6, 2]",11,0.138364293085655,96,130,7,0.050690861139777006,34,1
182,"(0,4)",,False,64,"[11, 13, 0, 18, 4]",11,0.128092888077408,98,132,7,0.051978803217193004,34,1
183,"(0,4)",,False,64,"[11, 13, 0, 18, 4]",11,0.128092888077408,98,132,7,0.051978803217193004,34,1
184,"(13,16)",,False,64,"[13, 2, 16, 7, 18]",11,0.13199222804485902,100,134,7,0.053528497168848006,34,1
185,"(13,16)",,False,64,"[13, 2, 16, 7, 18]",11,0.13199222804485902,100,134,7,0.053528497168848006,34,1
186,"(1,16)",,False,64,"[6, 11, 15, 1, 16]",11,0.14544305596937102,102,136,8,0.07484148405201001,34,1
187,"(1,16)",,False,64,"[6, 11, 15, 1, 16]",11,0.14544305596937102,102,136,8,0.07484148405201001,34,1
188,"(0,9)",,False,64,"[16, 4, 12, 0, 9]",10,0.10838206627680301,104,138,8,0.07383040935672501,34,1
189,"(0,9)",,False,64,"[16, 4, 12, 0, 9]",10,0.10838206627680301,104,138,8,0.07383040935672501,34,1
190,"(14,19)",,False,66,"[11, 14, 13, 17, 19]",11,0.113840155945419,106,140,8,0.06814489928525,34,1
191,"(14,19)",,False,66,"[11, 14, 13, 17, 19]",11,0.113840155945419,106,140,8,0.06814489928525,34,1
192,"(0,13)",,False,64,"[12, 11, 0, 13, 6]",10,0.109307992202729,108,142,8,0.07623456790123401,34,1
193,"(0,13)",,False,64,"[12, 11, 0, 13, 6]",10,0.109307992202729,108,142,8,0.07623456790123401,34,1
194,"(1,9)",,False,66,"[17, 1, 19, 9, 3]",11,0.13427318295739302,110,144,9,0.09798802561960401,34,1
195,"(1,9)",,False,66,"[17, 1, 19, 9, 3]",11,0.13427318295739302,110,144,9,0.09798802561960401,34,1
196,"(1,3)",,False,66,"[19, 1, 3, 11, 10]",11,0.137659806080858,112,146,10,0.122165261638945,34,1
197,"(1,3)",,False,66,"[19, 1, 3, 11, 10]",11,0.137659806080858,112,146,10,0.122165261638945,34,1
198,"(15,0)",,False,66,"[14, 15, 17, 0, 10]",11,0.132547277284119,114,148,10,0.121057694741905,34,1
199,"(15,0)",,False,66,"[14, 15, 17, 0, 10]",11,0.132547277284119,114,148,10,0.121057694741905,34,1
200,"(4,13)",,False,68,"[14, 6, 10, 4, 13]",12,0.135356066935014,116,150,10,0.118647629173944,34,1
201,"(4,13)",,False,68,"[14, 6, 10, 4, 13]",12,0.135356066935014,116,150,10,0.118647629173944,34,1
202,"(2,10)",,False,70,"[2, 6, 10, 18, 14]",12,0.125697028767204,118,152,10,0.11055289739500201,34,1
203,"(2,10)",,False,70,"[2, 6, 10, 18, 14]",12,0.125697028767204,118,152,10,0.11055289739500201,34,1
204,"(8,14)",,False,72,"[15, 8, 14, 2, 10]",13,0.143191311612364,120,154,10,0.088540796435533,34,1
205,"(8,14)",,False,72,"[15, 8, 14, 2, 10]",13,0.143191311612364,120,154,10,0.088540796435533,34,1
206,"(12,6)",,False,72,"[10, 15, 12, 6, 5]",13,0.14436090225563902,122,156,10,0.087273739905318,34,1
207,"(12,6)",,False,72,"[10, 15, 12, 6, 5]",13,0.14436090225563902,122,156,10,0.087273739905318,34,1
208,"(11,1)",,False,72,"[2, 11, 4, 15, 1]",13,0.141924255082149,124,158,11,0.10647451963241401,34,1
209,"(11,1)",,False,72,"[2, 11, 4, 15, 1]",13,0.141924255082149,124,158,11,0.10647451963241401,34,1
210,12:14,assassinate,True,64,"[12, 5, 16, 11, 9]",12,0.12681704260651602,126,160,11,0.11339459760512301,34,1
211,12:14,assassinate,True,64,"[12, 5, 16, 11, 9]",12,0.12681704260651602,126,160,11,0.11339459760512301,34,1
212,"(0,9)",,False,62,"[0, 9, 3, 2, 19]",11,0.103545901791515,126,161,11,0.136067019400352,35,1
213,"(0,9)",,False,62,"[0, 9, 3, 2, 19]",11,0.103545901791515,126,161,11,0.136067019400352,35,1
214,"(18,16)",,False,62,"[3, 19, 18, 5, 16]",11,0.102699769366436,124,161,11,0.129929881684267,37,1
215,"(18,16)",,False,62,"[3, 19, 18, 5, 16]",11,0.102699769366436,124,161,11,0.129929881684267,37,1
216,"(12,1)",,False,64,"[12, 3, 15, 1, 13]",12,0.12199480181936301,122,161,12,0.235064513134688,39,1
217,"(12,1)",,False,64,"[12, 3, 15, 1, 13]",12,0.12199480181936301,122,161,12,0.235064513134688,39,1
218,"(2,14)",,False,64,"[18, 2, 10, 14, 19]",12,0.12335004177109402,120,161,11,0.205550914322844,41,1
219,"(2,14)",,False,64,"[18, 2, 10, 14, 19]",12,0.12335004177109402,120,161,11,0.205550914322844,41,1
220,"(8,10)",,False,64,"[8, 10, 6, 4, 12]",12,0.113171501987291,118,161,10,0.182364370522265,43,1
221,"(8,10)",,False,64,"[8, 10, 6, 4, 12]",12,0.113171501987291,118,161,10,0.182364370522265,43,1
222,"(11,0)",,False,64,"[11, 8, 13, 4, 0]",11,0.096803878382825,116,161,10,0.14678489152173302,45,1
223,"(11,0)",,False,64,"[11, 8, 13, 4, 0]",11,0.096803878382825,116,161,10,0.14678489152173302,45,1
224,"(4,5)",,False,66,"[17, 4, 19, 5, 13]",11,0.090173666489455,114,161,10,0.13814903420166502,47,1
225,"(4,5)",,False,66,"[17, 4, 19, 5, 13]",11,0.090173666489455,114,161,10,0.13814903420166502,47,1
226,"(0,10)",,False,66,"[0, 16, 14, 10, 17]",10,0.07770949953612401,112,161,10,0.13281502925465702,49,1
227,"(0,10)",,False,66,"[0, 16, 14, 10, 17]",10,0.07770949953612401,112,161,10,0.13281502925465702,49,1
228,"(0,8)",,False,66,"[0, 17, 8, 18, 6]",10,0.09559301303367301,112,162,10,0.10768001157578001,50,1
229,"(0,8)",,False,66,"[0, 17, 8, 18, 6]",10,0.09559301303367301,112,162,10,0.10768001157578001,50,1
230,"(4,2)",,False,68,"[4, 2, 15, 18, 7]",10,0.08861125878669701,114,164,10,0.088553243377804,50,1
231,"(4,2)",,False,68,"[4, 2, 15, 18, 7]",10,0.08861125878669701,114,164,10,0.088553243377804,50,1
232,"(1,6)",,False,68,"[1, 6, 10, 16, 14]",10,0.091625431099115,116,166,10,0.08352326685660001,50,1
233,"(1,6)",,False,68,"[1, 6, 10, 16, 14]",10,0.091625431099115,116,166,10,0.08352326685660001,50,1
234,"(6,18)",,False,70,"[2, 6, 9, 13, 18]",10,0.08699000804263901,118,168,10,0.07113692025972701,50,1
235,"(6,18)",,False,70,"[2, 6, 9, 13, 18]",10,0.08699000804263901,118,168,10,0.07113692025972701,50,1
236,"(3,14)",,False,70,"[3, 13, 8, 4, 14]",10,0.08699000804263901,120,170,10,0.07113692025972701,50,1
237,"(3,14)",,False,70,"[3, 13, 8, 4, 14]",10,0.08699000804263901,120,170,10,0.07113692025972701,50,1
238,"(1,8)",,False,70,"[1, 4, 8, 9, 15]",10,0.091625431099115,120,171,11,0.09965512070775201,51,1
239,"(1,8)",,False,70,"[1, 4, 8, 9, 15]",10,0.091625431099115,120,171,11,0.09965512070775201,51,1
240,"(19,14)",,False,72,"[4, 19, 14, 13, 16]",10,0.086077372919478,122,173,11,0.082366171839856,51,1
241,"(19,14)",,False,72,"[4, 19, 14, 13, 16]",10,0.086077372919478,122,173,11,0.082366171839856,51,1
242,"(9,8)",,False,72,"[10, 19, 9, 15, 8]",10,0.086077372919478,124,175,11,0.082366171839856,51,1
243,"(9,8)",,False,72,"[10, 19, 9, 15, 8]",10,0.086077372919478,124,175,11,0.082366171839856,51,1
244,"(1,7)",,False,71,"[8, 1, 17, 6, 7]",10,0.11528215124706301,126,177,12,0.100007497375918,51,1
245,"(1,7)",,False,71,"[8, 1, 17, 6, 7]",10,0.11528215124706301,126,177,12,0.100007497375918,51,1
246,"(2,10)",,False,71,"[2, 13, 12, 10, 18]",10,0.11485979907032501,128,179,12,0.095231668915879,51,1
247,"(2,10)",,False,71,"[2, 13, 12, 10, 18]",10,0.11485979907032501,128,179,12,0.095231668915879,51,1
248,"(1,4)",,False,71,"[1, 5, 9, 4, 7]",10,0.12112573099415201,130,181,12,0.08106725146198801,51,1
249,"(1,4)",,False,71,"[1, 5, 9, 4, 7]",10,0.12112573099415201,130,181,12,0.08106725146198801,51,1
250,"(6,0)",,False,69,"[4, 6, 0, 15, 9]",9,0.10261554559800101,132,183,11,0.06578947368421001,51,1
251,"(6,0)",,False,69,"[4, 6, 0, 15, 9]",9,0.10261554559800101,132,183,11,0.06578947368421001,51,1
252,"(17,8)",,False,67,"[18, 17, 2, 12, 8]",9,0.103789777473988,134,185,10,0.061013645224171006,51,1
253,"(17,8)",,False,67,"[18, 17, 2, 12, 8]",9,0.103789777473988,134,185,10,0.061013645224171006,51,1
254,"(11,8)",,False,65,"[11, 18, 10, 14, 8]",9,0.114269469971224,136,187,10,0.077109440267335,51,1
255,"(11,8)",,False,65,"[11, 18, 10, 14, 8]",9,0.114269469971224,136,187,10,0.077109440267335,51,1
256,"(10,3)",,False,67,"[9, 10, 3, 19, 7]",9,0.09404065719855101,138,189,10,0.064292676134781,51,1
257,"(10,3)",,False,67,"[9, 10, 3, 19, 7]",9,0.09404065719855101,138,189,10,0.064292676134781,51,1
258,"(13,12)",,False,69,"[17, 16, 13, 12, 11]",9,0.081286549707602,140,191,10,0.05901559454191001,51,1
259,"(13,12)",,False,69,"[17, 16, 13, 12, 11]",9,0.081286549707602,140,191,10,0.05901559454191001,51,1
260,"(3,5)",,False,69,"[12, 8, 3, 9, 5]",9,0.077387914230019,142,193,10,0.059567901234567004,51,1
261,"(3,5)",,False,69,"[12, 8, 3, 9, 5]",9,0.077387914230019,142,193,10,0.059567901234567004,51,1
262,"(3,11)",,False,71,"[3, 11, 4, 19, 9]",10,0.080918204602415,144,195,10,0.05876560087086401,51,1
263,"(3,11)",,False,71,"[3, 11, 4, 19, 9]",10,0.080918204602415,144,195,10,0.05876560087086401,51,1
264,2:10,assassinate,True,67,"[4, 1, 15, 2, 5]",9,0.053381138030260004,144,196,10,0.06170983013088201,52,1
265,2:10,assassinate,True,67,"[4, 1, 15, 2, 5]",9,0.053381138030260004,144,196,10,0.06170983013088201,52,1
266,"(12,0)",,False,67,"[12, 17, 0, 9, 2]",8,0.038143971038707,144,197,10,0.062266778056251006,53,1
267,"(12,0)",,False,67,"[12, 17, 0, 9, 2]",8,0.038143971038707,144,197,10,0.062266778056251006,53,1
268,"(19,2)",,False,67,"[14, 4, 19, 15, 2]",9,0.044461938321587006,142,197,10,0.06116145063513401,55,1
269,"(19,2)",,False,67,"[14, 4, 19, 15, 2]",9,0.044461938321587006,142,197,10,0.06116145063513401,55,1
270,"(1,18)",,False,69,"[6, 1, 14, 18, 13]",10,0.06671664917278901,142,198,11,0.07473705631600301,56,1
271,"(1,18)",,False,69,"[6, 1, 14, 18, 13]",10,0.06671664917278901,142,198,11,0.07473705631600301,56,1
272,"(0,4)",,False,69,"[10, 0, 9, 11, 4]",10,0.15723967390634,144,200,11,0.07551045445782201,56,1
273,"(0,4)",,False,69,"[10, 0, 9, 11, 4]",10,0.15723967390634,144,200,11,0.07551045445782201,56,1
274,"(1,3)",,False,71,"[11, 17, 1, 3, 16]",10,0.152157881105249,146,202,12,0.08781364833996401,56,1
275,"(1,3)",,False,71,"[11, 17, 1, 3, 16]",10,0.152157881105249,146,202,12,0.08781364833996401,56,1
276,"(0,2)",,False,71,"[0, 12, 18, 2, 14]",9,0.046396975344343006,146,203,12,0.08250701540175201,57,1
277,"(0,2)",,False,71,"[0, 12, 18, 2, 14]",9,0.046396975344343006,146,203,12,0.08250701540175201,57,1
278,"(12,3)",,False,73,"[11, 12, 9, 3, 4]",9,0.039049011417432,144,203,12,0.070170797363779,59,1
279,"(12,3)",,False,73,"[11, 12, 9, 3, 4]",9,0.039049011417432,144,203,12,0.070170797363779,59,1
280,"(9,19)",,False,75,"[4, 11, 9, 16, 19]",9,0.03517126148705,142,203,12,0.06678733871716301,61,1
281,"(9,19)",,False,75,"[4, 11, 9, 16, 19]",9,0.03517126148705,142,203,12,0.06678733871716301,61,1
282,"(8,13)",,False,73,"[8, 3, 4, 13, 12]",9,0.051475912002227,140,203,12,0.075141557597697,63,1
283,"(8,13)",,False,73,"[8, 3, 4, 13, 12]",9,0.051475912002227,140,203,12,0.075141557597697,63,1
284,"(7,19)",,False,73,"[7, 19, 3, 18, 16]",9,0.044628383825059,138,203,11,0.06588816094817901,65,1
285,"(7,19)",,False,73,"[7, 19, 3, 18, 16]",9,0.044628383825059,138,203,11,0.06588816094817901,65,1
286,"(2,6)",,False,73,"[13, 0, 10, 2, 6]",9,0.049122807017543006,136,203,11,0.07756428107305201,67,1
287,"(2,6)",,False,73,"[13, 0, 10, 2, 6]",9,0.049122807017543006,136,203,11,0.07756428107305201,67,1
288,"(0,8)",,False,71,"[0, 8, 16, 5, 15]",8,0.033249499038972,134,203,10,0.060627416767767006,69,1
289,"(0,8)",,False,71,"[0, 8, 16, 5, 15]",8,0.033249499038972,134,203,10,0.060627416767767006,69,1
290,"(3,10)",,False,71,"[18, 3, 10, 4, 13]",8,0.039153147047883,132,203,10,0.064601918549286,71,1
291,"(3,10)",,False,71,"[18, 3, 10, 4, 13]",8,0.039153147047883,132,203,10,0.064601918549286,71,1
292,"(0,13)",,False,71,"[0, 2, 6, 13, 16]",7,0.030607501660133003,130,203,10,0.057324400745453,73,1
293,"(0,13)",,False,71,"[0, 2, 6, 13, 16]",7,0.030607501660133003,130,203,10,0.057324400745453,73,1
294,"(1,7)",,False,73,"[1, 13, 7, 14, 6]",7,0.027702804018593003,128,203,11,0.076405222457854,75,1
295,"(1,7)",,False,73,"[1, 13, 7, 14, 6]",7,0.027702804018593003,128,203,11,0.076405222457854,75,1
296,"(1,15)",,False,73,"[11, 17, 1, 16, 15]",7,0.029922027290448003,126,203,12,0.095439988861041,77,1
297,"(1,15)",,False,73,"[11, 17, 1, 16, 15]",7,0.029922027290448003,126,203,12,0.095439988861041,77,1
298,19:16,assassinate,True,66,"[3, 19, 2, 8, 16]",6,0.023839009287925,124,203,12,0.08755794715547001,79,1
299,19:16,assassinate,True,66,"[3, 19, 2, 8, 16]",6,0.023839009287925,124,203,12,0.08755794715547001,79,1
300,"(1,2)",,True,66,"[5, 1, 9, 2, 11]",6,0.022926975558554,122,203,12,0.106097508729087,81,1
301,"(1,2)",,True,66,"[5, 1, 9, 2, 11]",6,0.022926975558554,122,203,12,0.106097508729087,81,1
302,"(13,11)",,True,67,"[13, 3, 11, 8, 16]",8,0.039562289562289,120,203,12,0.10583169267379701,83,1
303,"(13,11)",,True,67,"[13, 3, 11, 8, 16]",8,0.039562289562289,120,203,12,0.10583169267379701,83,1
304,"(19,10)",,False,67,"[19, 10, 7, 11, 17]",8,0.039757221336168005,118,203,11,0.107217538796486,85,1
305,"(19,10)",,False,67,"[19, 10, 7, 11, 17]",8,0.039757221336168005,118,203,11,0.107217538796486,85,1
306,"(0,12)",,False,67,"[8, 0, 16, 12, 13]",7,0.023551128762687,116,203,11,0.09944511208701001,87,1
307,"(0,12)",,False,67,"[8, 0, 16, 12, 13]",7,0.023551128762687,116,203,11,0.09944511208701001,87,1
308,"(0,3)",,False,64,"[16, 6, 0, 3, 4]",6,0.014961013645224001,114,203,9,0.058528265107212006,89,1
309,"(0,3)",,False,64,"[16, 6, 0, 3, 4]",6,0.014961013645224001,114,203,9,0.058528265107212006,89,1
310,"(19,8)",,False,67,"[19, 6, 4, 8, 17]",8,0.052517868745938,114,204,9,0.059405458089668,90,1
311,"(19,8)",,False,67,"[19, 6, 4, 8, 17]",8,0.052517868745938,114,204,9,0.059405458089668,90,1
312,"(8,11)",,False,69,"[8, 11, 15, 7, 4]",9,0.074398960363872,116,206,9,0.047758284600389,90,1
313,"(8,11)",,False,69,"[8, 11, 15, 7, 4]",9,0.074398960363872,116,206,9,0.047758284600389,90,1
314,"(17,15)",,False,69,"[17, 12, 7, 15, 18]",9,0.074528914879792,118,208,9,0.051865775549986004,90,1
315,"(17,15)",,False,69,"[17, 12, 7, 15, 18]",9,0.074528914879792,118,208,9,0.051865775549986004,90,1
316,"(0,2)",,False,67,"[0, 7, 2, 14, 17]",8,0.051355239951731003,120,210,8,0.047967140072403006,90,1
317,"(0,2)",,False,67,"[0, 7, 2, 14, 17]",8,0.051355239951731003,120,210,8,0.047967140072403006,90,1
318,"(3,8)",,False,67,"[6, 5, 3, 4, 8]",8,0.049001063913344,122,212,7,0.045335561125034,90,1
319,"(3,8)",,False,67,"[6, 5, 3, 4, 8]",8,0.049001063913344,122,212,7,0.045335561125034,90,1
320,"(16,8)",,False,67,"[16, 11, 8, 4, 7]",8,0.06770166156131001,124,214,7,0.04417989417989401,90,1
321,"(16,8)",,False,67,"[16, 11, 8, 4, 7]",8,0.06770166156131001,124,214,7,0.04417989417989401,90,1
322,"(16,1)",,False,67,"[17, 15, 16, 1, 8]",8,0.067014759120022,126,216,7,0.045433027011974006,90,1
323,"(16,1)",,False,67,"[17, 15, 16, 1, 8]",8,0.067014759120022,126,216,7,0.045433027011974006,90,1
324,"(4,3)",,False,67,"[4, 11, 3, 17, 0]",8,0.071165659246154,128,218,7,0.046705816829655,90,1
325,"(4,3)",,False,67,"[4, 11, 3, 17, 0]",8,0.071165659246154,128,218,7,0.046705816829655,90,1
326,"(6,0)",,False,67,"[6, 9, 0, 11, 14]",7,0.055125558995528005,130,220,7,0.045146362638622005,90,1
327,"(6,0)",,False,67,"[6, 9, 0, 11, 14]",7,0.055125558995528005,130,220,7,0.045146362638622005,90,1
328,19:4,assassinate,True,66,"[17, 14, 9, 12, 19]",6,0.017861101555631,130,221,7,0.034833543553873005,91,1
329,19:4,assassinate,True,66,"[17, 14, 9, 12, 19]",6,0.017861101555631,130,221,7,0.034833543553873005,91,1
330,"(4,13)",,False,66,"[8, 4, 3, 13, 15]",6,0.025397985705003002,128,221,7,0.038807667316439004,93,1
331,"(4,13)",,False,66,"[8, 4, 3, 13, 15]",6,0.025397985705003002,128,221,7,0.038807667316439004,93,1
332,"(1,19)",,False,68,"[1, 19, 7, 17, 14]",6,0.020158033973823,126,221,8,0.08989835700362,95,1
333,"(1,19)",,False,68,"[1, 19, 7, 17, 14]",6,0.020158033973823,126,221,8,0.08989835700362,95,1
334,"(18,4)",,False,68,"[12, 18, 4, 11, 8]",6,0.019431892019611003,124,221,8,0.090221977502679,97,1
335,"(18,4)",,False,68,"[12, 18, 4, 11, 8]",6,0.019431892019611003,124,221,8,0.090221977502679,97,1
336,"(7,11)",,False,66,"[5, 7, 17, 12, 11]",6,0.021899656548779,122,221,8,0.09206623461009401,99,1
337,"(7,11)",,False,66,"[5, 7, 17, 12, 11]",6,0.021899656548779,122,221,8,0.09206623461009401,99,1
338,"(9,2)",,False,64,"[9, 8, 2, 14, 19]",6,0.025739205563766,120,221,8,0.10470085470085401,101,1
339,"(9,2)",,False,64,"[9, 8, 2, 14, 19]",6,0.025739205563766,120,221,8,0.10470085470085401,101,1
340,"(6,2)",,False,64,"[6, 15, 13, 2, 5]",6,0.022954465936922002,118,221,8,0.103675142271633,103,1
341,"(6,2)",,False,64,"[6, 15, 13, 2, 5]",6,0.022954465936922002,118,221,8,0.103675142271633,103,1
342,"(1,14)",,False,64,"[7, 10, 1, 14, 18]",6,0.024497675813465,116,221,9,0.12433818618029101,105,1
343,"(1,14)",,False,64,"[7, 10, 1, 14, 18]",6,0.024497675813465,116,221,9,0.12433818618029101,105,1
344,"(0,12)",,False,64,"[10, 11, 8, 0, 12]",6,0.024497675813465,114,221,9,0.12433818618029101,107,1
345,"(0,12)",,False,64,"[10, 11, 8, 0, 12]",6,0.024497675813465,114,221,9,0.12433818618029101,107,1
346,"(13,10)",,False,64,"[7, 13, 14, 10, 8]",6,0.023043720412141002,112,221,9,0.122709868104604,109,1
347,"(13,10)",,False,64,"[7, 13, 14, 10, 8]",6,0.023043720412141002,112,221,9,0.122709868104604,109,1
348,"(6,18)",,False,64,"[13, 19, 6, 18, 3]",7,0.053421748816485,110,221,9,0.096741854636591,111,1
349,"(6,18)",,False,64,"[13, 19, 6, 18, 3]",7,0.053421748816485,110,221,9,0.096741854636591,111,1
350,"(8,12)",,False,66,"[18, 8, 12, 6, 7]",8,0.064814348470858,108,221,9,0.095119061269732,113,1
351,"(8,12)",,False,66,"[18, 8, 12, 6, 7]",8,0.064814348470858,108,221,9,0.095119061269732,113,1
352,"(17,15)",,False,66,"[9, 17, 2, 8, 15]",8,0.06661888927110801,106,221,9,0.09541782749987,115,1
353,"(17,15)",,False,66,"[9, 17, 2, 8, 15]",8,0.06661888927110801,106,221,9,0.09541782749987,115,1
354,"(9,7)",,False,68,"[16, 3, 9, 10, 7]",8,0.059739138294078,104,221,9,0.082816507643377,117,1
355,"(9,7)",,False,68,"[16, 3, 9, 10, 7]",8,0.059739138294078,104,221,9,0.082816507643377,117,1
356,"(14,0)",,False,68,"[5, 14, 8, 0, 13]",8,0.059931066917379004,102,221,9,0.085127841533658,119,1
357,"(14,0)",,False,68,"[5, 14, 8, 0, 13]",8,0.059931066917379004,102,221,9,0.085127841533658,119,1
358,"(0,16)",,False,68,"[0, 9, 16, 6, 3]",8,0.05685278009839401,100,221,9,0.086462684489,121,1
359,"(0,16)",,False,68,"[0, 9, 16, 6, 3]",8,0.05685278009839401,100,221,9,0.086462684489,121,1
360,"(11,2)",,False,68,"[17, 11, 12, 4, 2]",8,0.054908736487683005,98,221,9,0.08692185007974401,123,1
361,"(11,2)",,False,68,"[17, 11, 12, 4, 2]",8,0.054908736487683005,98,221,9,0.08692185007974401,123,1
362,"(13,12)",,False,66,"[13, 3, 8, 12, 19]",8,0.057262685332860004,96,221,8,0.071355772232965,125,1
363,"(13,12)",,False,66,"[13, 3, 8, 12, 19]",8,0.057262685332860004,96,221,8,0.071355772232965,125,1
364,"(10,1)",,False,66,"[5, 10, 13, 1, 2]",8,0.057490105735719006,96,222,8,0.066652953933655,126,1
365,"(10,1)",,False,66,"[5, 10, 13, 1, 2]",8,0.057490105735719006,96,222,8,0.066652953933655,126,1
366,"(11,10)",,False,66,"[18, 11, 10, 16, 8]",8,0.053118908382066,98,224,7,0.052043748973573,126,1
367,"(11,10)",,False,66,"[18, 11, 10, 16, 8]",8,0.053118908382066,98,224,7,0.052043748973573,126,1
368,"(19,17)",,False,66,"[4, 8, 19, 17, 11]",8,0.053508771929824006,100,226,7,0.049542124542124005,126,1
369,"(19,17)",,False,66,"[4, 8, 19, 17, 11]",8,0.053508771929824006,100,226,7,0.049542124542124005,126,1
370,"(0,6)",,False,64,"[12, 15, 11, 0, 6]",7,0.04629397567994,100,227,7,0.050523745260587005,127,1
371,"(0,6)",,False,64,"[12, 15, 11, 0, 6]",7,0.04629397567994,100,227,7,0.050523745260587005,127,1
372,"(1,10)",,False,64,"[1, 10, 16, 5, 18]",7,0.047124756335282,102,229,7,0.046546208826910004,127,1
373,"(1,10)",,False,64,"[1, 10, 16, 5, 18]",7,0.047124756335282,102,229,7,0.046546208826910004,127,1
374,"(0,2)",,False,64,"[0, 15, 17, 6, 2]",7,0.043669854970164006,102,230,7,0.052043234447775005,128,1
375,"(0,2)",,False,64,"[0, 15, 17, 6, 2]",7,0.043669854970164006,102,230,7,0.052043234447775005,128,1
376,"(19,7)",,False,62,"[16, 2, 19, 8, 7]",7,0.046573504468241,102,231,6,0.05098404681738,129,1
377,"(19,7)",,False,62,"[16, 2, 19, 8, 7]",7,0.046573504468241,102,231,6,0.05098404681738,129,1
378,"(3,18)",,False,65,"[5, 3, 18, 4, 2]",9,0.07260280330455701,104,233,6,0.049549800426993,129,1
379,"(3,18)",,False,65,"[5, 3, 18, 4, 2]",9,0.07260280330455701,104,233,6,0.049549800426993,129,1
380,"(0,15)",,False,65,"[0, 11, 5, 15, 4]",8,0.049671303928269,106,235,6,0.031634133362719,129,1
381,"(0,15)",,False,65,"[0, 11, 5, 15, 4]",8,0.049671303928269,106,235,6,0.031634133362719,129,1
382,"(16,15)",,False,65,"[16, 15, 10, 19, 8]",8,0.050058635894549,108,237,6,0.037757607030052,129,1
383,"(16,15)",,False,65,"[16, 15, 10, 19, 8]",8,0.050058635894549,108,237,6,0.037757607030052,129,1
384,"(9,13)",,False,67,"[9, 18, 13, 16, 10]",8,0.042295764664185005,110,239,6,0.035756689704058,129,1
385,"(9,13)",,False,67,"[9, 18, 13, 16, 10]",8,0.042295764664185005,110,239,6,0.035756689704058,129,1
386,"(1,12)",,False,67,"[13, 5, 1, 12, 4]",8,0.042850181008075,112,241,6,0.039766081871345005,129,1
387,"(1,12)",,False,67,"[13, 5, 1, 12, 4]",8,0.042850181008075,112,241,6,0.039766081871345005,129,1
388,"(5,19)",,False,65,"[10, 18, 14, 5, 19]",8,0.044708994708994004,112,242,6,0.049582289055973006,130,1
389,"(5,19)",,False,65,"[10, 18, 14, 5, 19]",8,0.044708994708994004,112,242,6,0.049582289055973006,130,1
390,"(19,0)",,False,65,"[5, 4, 19, 0, 15]",8,0.044708994708994004,112,243,6,0.049582289055973006,131,1
391,"(19,0)",,False,65,"[5, 4, 19, 0, 15]",8,0.044708994708994004,112,243,6,0.049582289055973006,131,1
392,"(0,3)",,True,65,"[0, 14, 3, 2, 12]",8,0.054750301680126005,114,245,6,0.049034623596027005,131,1
393,"(0,3)",,True,65,"[0, 14, 3, 2, 12]",8,0.054750301680126005,114,245,6,0.049034623596027005,131,1
394,"(19,10)",,False,63,"[9, 19, 10, 5, 13]",8,0.06281950667915501,114,246,6,0.075808840282524,132,1
395,"(19,10)",,False,63,"[9, 19, 10, 5, 13]",8,0.06281950667915501,114,246,6,0.075808840282524,132,1
396,"(11,13)",,False,65,"[2, 10, 16, 11, 13]",8,0.046732572171168,116,248,6,0.046519075466443,132,1
397,"(11,13)",,False,65,"[2, 10, 16, 11, 13]",8,0.046732572171168,116,248,6,0.046519075466443,132,1
398,"(19,16)",,False,63,"[18, 2, 19, 16, 0]",8,0.063585310076538,116,249,6,0.07605250499987301,133,1
399,"(19,16)",,False,63,"[18, 2, 19, 16, 0]",8,0.063585310076538,116,249,6,0.07605250499987301,133,1
400,"(0,8)",,False,61,"[0, 12, 8, 4, 13]",7,0.06157487736435101,116,250,6,0.075736884947411,134,1
401,"(0,8)",,False,61,"[0, 12, 8, 4, 13]",7,0.06157487736435101,116,250,6,0.075736884947411,134,1
402,"(8,9)",,False,61,"[8, 9, 15, 14, 4]",7,0.05840084217277101,114,250,6,0.072850054429001,136,1
403,"(8,9)",,False,61,"[8, 9, 15, 14, 4]",7,0.05840084217277101,114,250,6,0.072850054429001,136,1
404,"(5,1)",,True,61,"[8, 5, 1, 9, 0]",7,0.051315789473684,112,250,6,0.07962962962962901,138,1
405,"(5,1)",,True,61,"[8, 5, 1, 9, 0]",7,0.051315789473684,112,250,6,0.07962962962962901,138,1
406,"(1,10)",,False,63,"[12, 1, 10, 5, 15]",7,0.046709366007611004,110,250,7,0.062851573377889,140,1
407,"(1,10)",,False,63,"[12, 1, 10, 5, 15]",7,0.046709366007611004,110,250,7,0.062851573377889,140,1
408,"(5,0)",,False,61,"[5, 9, 0, 19, 3]",6,0.038912095052445,108,250,7,0.065107212475633,142,1
409,"(5,0)",,False,61,"[5, 9, 0, 19, 3]",6,0.038912095052445,108,250,7,0.065107212475633,142,1
410,"(4,1)",,False,63,"[4, 7, 15, 9, 1]",7,0.05867741744934701,106,250,8,0.07387534492797601,144,1
411,"(4,1)",,False,63,"[4, 7, 15, 9, 1]",7,0.05867741744934701,106,250,8,0.07387534492797601,144,1
412,"(1,2)",,False,65,"[13, 1, 11, 9, 2]",8,0.08759229724142001,106,251,9,0.091662236399078,145,1
413,"(1,2)",,False,65,"[13, 1, 11, 9, 2]",8,0.08759229724142001,106,251,9,0.091662236399078,145,1
414,"(15,19)",,False,65,"[15, 14, 17, 4, 19]",9,0.11605528973950001,108,253,9,0.09988481304270701,145,1
415,"(15,19)",,False,65,"[15, 14, 17, 4, 19]",9,0.11605528973950001,108,253,9,0.09988481304270701,145,1
416,"(0,19)",,False,65,"[0, 14, 16, 19, 13]",8,0.076413255360623,108,254,9,0.12037037037037,146,1
417,"(0,19)",,False,65,"[0, 14, 16, 19, 13]",8,0.076413255360623,108,254,9,0.12037037037037,146,1
418,"(0,13)",,False,65,"[0, 18, 8, 15, 13]",8,0.07160029703889301,106,254,9,0.11688480460410201,148,1
419,"(0,13)",,False,65,"[0, 18, 8, 15, 13]",8,0.07160029703889301,106,254,9,0.11688480460410201,148,1
420,"(6,0)",,False,63,"[15, 10, 6, 1, 0]",7,0.050830780655342,104,254,8,0.083402951824004,150,1
421,"(6,0)",,False,63,"[15, 10, 6, 1, 0]",7,0.050830780655342,104,254,8,0.083402951824004,150,1
422,"(7,16)",,False,61,"[7, 6, 13, 15, 16]",7,0.05913922010413201,102,254,7,0.08195995038100301,152,1
423,"(7,16)",,False,61,"[7, 6, 13, 15, 16]",7,0.05913922010413201,102,254,7,0.08195995038100301,152,1
424,"(14,1)",,False,61,"[4, 3, 15, 14, 1]",7,0.063037855581715,100,254,8,0.11464351113473902,154,1
425,"(14,1)",,False,61,"[4, 3, 15, 14, 1]",7,0.063037855581715,100,254,8,0.11464351113473902,154,1
426,"(2,3)",,False,61,"[17, 10, 2, 19, 3]",7,0.057259520856012006,98,254,7,0.082990304042935,156,1
427,"(2,3)",,False,61,"[17, 10, 2, 19, 3]",7,0.057259520856012006,98,254,7,0.082990304042935,156,1
428,2:10,assassinate,True,57,"[2, 12, 15, 5, 16]",7,0.068525480367585,100,256,6,0.054775828460038006,156,1
429,2:10,assassinate,True,57,"[2, 12, 15, 5, 16]",7,0.068525480367585,100,256,6,0.054775828460038006,156,1
430,"(1,2)",,False,59,"[1, 6, 2, 8, 15]",8,0.08684906711222501,100,257,7,0.150097465886939,157,1
431,"(1,2)",,False,59,"[1, 6, 2, 8, 15]",8,0.08684906711222501,100,257,7,0.150097465886939,157,1
432,"(14,18)",,False,59,"[14, 12, 18, 10, 4]",8,0.09254385964912201,98,257,7,0.150201893622946,159,1
433,"(14,18)",,False,59,"[14, 12, 18, 10, 4]",8,0.09254385964912201,98,257,7,0.150201893622946,159,1
434,"(0,11)",,False,57,"[0, 11, 13, 3, 9]",7,0.076543209876543,96,257,7,0.150201893622946,161,1
435,"(0,11)",,False,57,"[0, 11, 13, 3, 9]",7,0.076543209876543,96,257,7,0.150201893622946,161,1
436,"(6,17)",,False,55,"[9, 19, 6, 2, 17]",7,0.085419567437111,94,257,6,0.138123085491506,163,1
437,"(6,17)",,False,55,"[9, 19, 6, 2, 17]",7,0.085419567437111,94,257,6,0.138123085491506,163,1
438,"(1,12)",,False,57,"[4, 1, 12, 7, 3]",8,0.08707648751508301,92,257,7,0.144165970481759,165,1
439,"(1,12)",,False,57,"[4, 1, 12, 7, 3]",8,0.08707648751508301,92,257,7,0.144165970481759,165,1
440,"(9,0)",,False,57,"[9, 11, 0, 1, 10]",8,0.092126148705096,90,257,7,0.143330548593706,167,1
441,"(9,0)",,False,57,"[9, 11, 0, 1, 10]",8,0.092126148705096,90,257,7,0.143330548593706,167,1
442,"(13,0)",,False,58,"[16, 4, 13, 11, 0]",9,0.132644110275689,92,259,7,0.13052074631022,167,1
443,"(13,0)",,False,58,"[16, 4, 13, 11, 0]",9,0.132644110275689,92,259,7,0.13052074631022,167,1
444,"(10,19)",,False,58,"[12, 10, 7, 18, 19]",9,0.100605680868838,92,260,6,0.12461709830130802,168,1
445,"(10,19)",,False,58,"[12, 10, 7, 18, 19]",9,0.100605680868838,92,260,6,0.12461709830130802,168,1
446,"(13,1)",,False,59,"[7, 13, 1, 15, 4]",10,0.14848695813608,94,262,7,0.13833658219623102,168,1
447,"(13,1)",,False,59,"[7, 13, 1, 15, 4]",10,0.14848695813608,94,262,7,0.13833658219623102,168,1
448,"(6,1)",,False,59,"[18, 6, 1, 9, 14]",10,0.15478089162299602,96,264,8,0.15076200602516301,168,1
449,"(6,1)",,False,59,"[18, 6, 1, 9, 14]",10,0.15478089162299602,96,264,8,0.15076200602516301,168,1
450,"(19,12)",,False,61,"[11, 19, 12, 5, 17]",10,0.13315232525758802,98,266,8,0.09688109161793301,168,1
451,"(19,12)",,False,61,"[11, 19, 12, 5, 17]",10,0.13315232525758802,98,266,8,0.09688109161793301,168,1
452,5:14,assassinate,True,53,"[14, 5, 19, 11, 2]",9,0.121978557504873,100,268,7,0.049805068226120006,168,1
453,5:14,assassinate,True,53,"[14, 5, 19, 11, 2]",9,0.121978557504873,100,268,7,0.049805068226120006,168,1
454,"(5,4)",,False,55,"[13, 5, 4, 17, 7]",9,0.124610136452241,102,270,7,0.052923976608187005,168,1
455,"(5,4)",,False,55,"[13, 5, 4, 17, 7]",9,0.124610136452241,102,270,7,0.052923976608187005,168,1
456,"(7,12)",,False,57,"[7, 15, 14, 12, 13]",10,0.13779018252702402,104,272,7,0.05089048378522001,168,1
457,"(7,12)",,False,57,"[7, 15, 14, 12, 13]",10,0.13779018252702402,104,272,7,0.05089048378522001,168,1
458,"(15,0)",,False,55,"[17, 15, 10, 0, 13]",9,0.129873294346978,106,274,7,0.062064884433305004,168,1
459,"(15,0)",,False,55,"[17, 15, 10, 0, 13]",9,0.129873294346978,106,274,7,0.062064884433305004,168,1
460,"(1,16)",,False,57,"[19, 1, 16, 17, 12]",9,0.11496101364522401,108,276,8,0.070906432748538,168,1
461,"(1,16)",,False,57,"[19, 1, 16, 17, 12]",9,0.11496101364522401,108,276,8,0.070906432748538,168,1
462,9:10,assassinate,True,53,"[9, 1, 16, 6, 12]",8,0.07584238373712,110,278,8,0.06927039821776601,168,1
463,9:10,assassinate,True,53,"[9, 1, 16, 6, 12]",8,0.07584238373712,110,278,8,0.06927039821776601,168,1
464,"(1,13)",,False,53,"[3, 1, 13, 4, 19]",8,0.07584238373712,112,280,8,0.06927039821776601,168,1
465,"(1,13)",,False,53,"[3, 1, 13, 4, 19]",8,0.07584238373712,112,280,8,0.06927039821776601,168,1
466,"(18,2)",,False,53,"[18, 15, 5, 8, 2]",8,0.064912280701754,114,282,7,0.041033138401559005,168,1
467,"(18,2)",,False,53,"[18, 15, 5, 8, 2]",8,0.064912280701754,114,282,7,0.041033138401559005,168,1
468,"(17,0)",,False,53,"[4, 17, 2, 0, 5]",8,0.064912280701754,116,284,7,0.041033138401559005,168,1
469,"(17,0)",,False,53,"[4, 17, 2, 0, 5]",8,0.064912280701754,116,284,7,0.041033138401559005,168,1
470,"(7,0)",,False,53,"[11, 7, 14, 18, 0]",7,0.062522045855379,118,286,7,0.044490856771558,168,1
471,"(7,0)",,False,53,"[11, 7, 14, 18, 0]",7,0.062522045855379,118,286,7,0.044490856771558,168,1
472,"(8,19)",,False,55,"[8, 19, 17, 11, 7]",7,0.049990717534577005,120,288,7,0.036540425136916,168,1
473,"(8,19)",,False,55,"[8, 19, 17, 11, 7]",7,0.049990717534577005,120,288,7,0.036540425136916,168,1
474,"(1,11)",,False,57,"[1, 11, 7, 4, 8]",7,0.048821126891302004,120,289,8,0.051327392555462,169,1
475,"(1,11)",,False,57,"[1, 11, 7, 4, 8]",7,0.048821126891302004,120,289,8,0.051327392555462,169,1
476,"(14,13)",,False,57,"[7, 14, 6, 8, 13]",7,0.053986818899099,122,291,8,0.051953958971502005,169,1
477,"(14,13)",,False,57,"[7, 14, 6, 8, 13]",7,0.053986818899099,122,291,8,0.051953958971502005,169,1
478,19:14,assassinate,True,49,"[19, 17, 14, 13, 16]",6,0.04379467186484701,124,293,7,0.040870695256660004,169,1
479,19:14,assassinate,True,49,"[19, 17, 14, 13, 16]",6,0.04379467186484701,124,293,7,0.040870695256660004,169,1
480,"(3,0)",,False,49,"[2, 10, 3, 5, 0]",5,0.013872644574398001,124,294,7,0.05510071474983701,170,1
481,"(3,0)",,False,49,"[2, 10, 3, 5, 0]",5,0.013872644574398001,124,294,7,0.05510071474983701,170,1
482,"(5,1)",,False,51,"[4, 11, 5, 15, 1]",5,0.013872644574398001,122,294,8,0.07334075930567101,172,1
483,"(5,1)",,False,51,"[4, 11, 5, 15, 1]",5,0.013872644574398001,122,294,8,0.07334075930567101,172,1
484,"(4,18)",,False,52,"[4, 13, 18, 2, 16]",5,0.011946532999164,120,294,8,0.069256474519632,174,1
485,"(4,18)",,False,52,"[4, 13, 18, 2, 16]",5,0.011946532999164,120,294,8,0.069256474519632,174,1
486,"(19,12)",,False,54,"[19, 11, 12, 17, 10]",5,0.011257309941520001,118,294,8,0.06832358674463901,176,1
487,"(19,12)",,False,54,"[19, 11, 12, 17, 10]",5,0.011257309941520001,118,294,8,0.06832358674463901,176,1
488,"(0,16)",,False,54,"[6, 0, 14, 4, 16]",4,0.008138401559454,116,294,8,0.067105263157894,178,1
489,"(0,16)",,False,54,"[6, 0, 14, 4, 16]",4,0.008138401559454,116,294,8,0.067105263157894,178,1
490,"(15,9)",,False,56,"[15, 12, 7, 9, 19]",4,0.008138401559454,114,294,8,0.06883180172653801,180,1
491,"(15,9)",,False,56,"[15, 12, 7, 9, 19]",4,0.008138401559454,114,294,8,0.06883180172653801,180,1
492,"(7,1)",,False,58,"[2, 8, 7, 1, 6]",4,0.006773879142300001,112,294,9,0.08484637519725201,182,1
493,"(7,1)",,False,58,"[2, 8, 7, 1, 6]",4,0.006773879142300001,112,294,9,0.08484637519725201,182,1
494,"(12,7)",,False,58,"[12, 5, 7, 15, 1]",4,0.007170704539125001,110,294,9,0.09189872830223701,184,1
495,"(12,7)",,False,58,"[12, 5, 7, 15, 1]",4,0.007170704539125001,110,294,9,0.09189872830223701,184,1
496,"(6,0)",,False,58,"[6, 11, 0, 8, 14]",3,0.002875243664717,108,294,9,0.08960131811009,186,1
497,"(6,0)",,False,58,"[6, 11, 0, 8, 14]",3,0.002875243664717,108,294,9,0.08960131811009,186,1
498,"(18,16)",,False,58,"[11, 10, 8, 18, 16]",4,0.006286549707602,106,294,9,0.08263018657755401,188,1
499,"(18,16)",,False,58,"[11, 10, 8, 18, 16]",4,0.006286549707602,106,294,9,0.08263018657755401,188,1
500,"(0,16)",,False,56,"[3, 2, 0, 9, 16]",3,0.0030701754385960003,104,294,8,0.07262600946811401,190,1
501,"(0,16)",,False,56,"[3, 2, 0, 9, 16]",3,0.0030701754385960003,104,294,8,0.07262600946811401,190,1
502,"(1,9)",,False,58,"[1, 17, 11, 9, 2]",3,0.0030701754385960003,102,294,9,0.09650515176830901,192,1
503,"(1,9)",,False,58,"[1, 17, 11, 9, 2]",3,0.0030701754385960003,102,294,9,0.09650515176830901,192,1
504,"(17,19)",,False,60,"[12, 18, 17, 3, 19]",4,0.010631165455726,100,294,9,0.09634777178636801,194,1
505,"(17,19)",,False,60,"[12, 18, 17, 3, 19]",4,0.010631165455726,100,294,9,0.09634777178636801,194,1
506,"(12,3)",,False,60,"[6, 12, 3, 11, 14]",4,0.010403323122621001,98,294,9,0.09708066462452401,196,1
507,"(12,3)",,False,60,"[6, 12, 3, 11, 14]",4,0.010403323122621001,98,294,9,0.09708066462452401,196,1
508,10:18,assassinate,True,52,"[15, 0, 10, 2, 3]",3,0.004142300194931,96,294,9,0.10477582846003801,198,1
509,10:18,assassinate,True,52,"[15, 0, 10, 2, 3]",3,0.004142300194931,96,294,9,0.10477582846003801,198,1
510,"(4,12)",,False,52,"[2, 8, 6, 4, 12]",3,0.00429103060682,94,294,9,0.114973038657249,200,1
511,"(4,12)",,False,52,"[2, 8, 6, 4, 12]",3,0.00429103060682,94,294,9,0.114973038657249,200,1
512,"(5,8)",,False,52,"[9, 5, 13, 8, 17]",4,0.110180754917597,92,294,9,0.17334118123591802,202,1
513,"(5,8)",,False,52,"[9, 5, 13, 8, 17]",4,0.110180754917597,92,294,9,0.17334118123591802,202,1
514,"(4,5)",,False,50,"[13, 15, 4, 5, 6]",3,0.105263157894736,90,294,8,0.166624895572264,204,1
515,"(4,5)",,False,50,"[13, 15, 4, 5, 6]",3,0.105263157894736,90,294,8,0.166624895572264,204,1
516,"(4,16)",,False,51,"[4, 12, 9, 16, 5]",5,0.118908382066276,88,294,8,0.14766081871345002,206,1
517,"(4,16)",,False,51,"[4, 12, 9, 16, 5]",5,0.118908382066276,88,294,8,0.14766081871345002,206,1
518,"(15,0)",,False,51,"[15, 8, 2, 0, 19]",4,0.10721247563352801,86,294,8,0.14343729694606802,208,1
519,"(15,0)",,False,51,"[15, 8, 2, 0, 19]",4,0.10721247563352801,86,294,8,0.14343729694606802,208,1
520,"(12,10)",,False,53,"[12, 10, 7, 17, 11]",5,0.039106312790523005,84,294,8,0.14158044684360402,210,1
521,"(12,10)",,False,53,"[12, 10, 7, 17, 11]",5,0.039106312790523005,84,294,8,0.14158044684360402,210,1
522,"(10,1)",,False,53,"[7, 8, 10, 19, 1]",5,0.024583895636527003,82,294,8,0.157597340930674,212,1
523,"(10,1)",,False,53,"[7, 8, 10, 19, 1]",5,0.024583895636527003,82,294,8,0.157597340930674,212,1
524,"(8,1)",,False,55,"[5, 4, 8, 10, 1]",5,0.025168690958164004,80,294,9,0.09863047933223301,214,1
525,"(8,1)",,False,55,"[5, 4, 8, 10, 1]",5,0.025168690958164004,80,294,9,0.09863047933223301,214,1
526,"(18,5)",,False,55,"[18, 5, 15, 12, 3]",5,0.023720626352205003,78,294,9,0.161857992559746,216,1
527,"(18,5)",,False,55,"[18, 5, 15, 12, 3]",5,0.023720626352205003,78,294,9,0.161857992559746,216,1
528,"(8,15)",,False,55,"[0, 8, 14, 15, 16]",5,0.023644971013392004,76,294,9,0.16753964034665703,218,1
529,"(8,15)",,False,55,"[0, 8, 14, 15, 16]",5,0.023644971013392004,76,294,9,0.16753964034665703,218,1
530,"(8,19)",,False,55,"[17, 8, 15, 19, 5]",5,0.031716918559023005,74,294,9,0.167988226656957,220,1
531,"(8,19)",,False,55,"[17, 8, 15, 19, 5]",5,0.031716918559023005,74,294,9,0.167988226656957,220,1
532,"(0,10)",,False,53,"[0, 3, 14, 1, 10]",4,0.014383602102900002,72,294,8,0.169435372944144,222,1
533,"(0,10)",,False,53,"[0, 3, 14, 1, 10]",4,0.014383602102900002,72,294,8,0.169435372944144,222,1
534,"(11,13)",,False,53,"[0, 2, 14, 11, 13]",5,0.023424301494476003,70,294,8,0.17234003812951101,224,1
535,"(11,13)",,False,53,"[0, 2, 14, 11, 13]",5,0.023424301494476003,70,294,8,0.17234003812951101,224,1
536,"(4,1)",,True,55,"[4, 1, 18, 8, 3]",6,0.058899247276440005,68,294,9,0.137577424200231,226,1
537,"(4,1)",,True,55,"[4, 1, 18, 8, 3]",6,0.058899247276440005,68,294,9,0.137577424200231,226,1
538,"(13,1)",,False,55,"[3, 13, 1, 2, 12]",6,0.06302456477895,66,294,9,0.130614836755187,228,1
539,"(13,1)",,False,55,"[3, 13, 1, 2, 12]",6,0.06302456477895,66,294,9,0.130614836755187,228,1
540,"(13,14)",,False,55,"[15, 13, 3, 14, 8]",6,0.063069841140016,64,294,9,0.13553963904841101,230,1
541,"(13,14)",,False,55,"[15, 13, 3, 14, 8]",6,0.063069841140016,64,294,9,0.13553963904841101,230,1
542,"(19,12)",,False,57,"[19, 8, 12, 4, 7]",6,0.0519121878771,62,294,9,0.123713648275051,232,1
543,"(19,12)",,False,57,"[19, 8, 12, 4, 7]",6,0.0519121878771,62,294,9,0.123713648275051,232,1
544,"(3,9)",,False,55,"[3, 18, 15, 2, 9]",6,0.058851723325407,60,294,8,0.11996388926213401,234,1
545,"(3,9)",,False,55,"[3, 18, 15, 2, 9]",6,0.058851723325407,60,294,8,0.11996388926213401,234,1
546,"(3,1)",,False,57,"[18, 6, 15, 3, 1]",6,0.052973764377273004,58,294,9,0.12883028277765102,236,1
547,"(3,1)",,False,57,"[18, 6, 15, 3, 1]",6,0.052973764377273004,58,294,9,0.12883028277765102,236,1
548,17:16,assassinate,True,50,"[8, 3, 9, 1, 17]",7,0.08705560196788201,56,294,9,0.15131578947368401,238,1
549,17:16,assassinate,True,50,"[8, 3, 9, 1, 17]",7,0.08705560196788201,56,294,9,0.15131578947368401,238,1
550,"(0,5)",,True,50,"[0, 5, 13, 4, 12]",6,0.050116030817785005,54,294,9,0.16555973266499502,240,1
551,"(0,5)",,True,50,"[0, 5, 13, 4, 12]",6,0.050116030817785005,54,294,9,0.16555973266499502,240,1
552,"(17,1)",,False,52,"[17, 9, 1, 10, 6]",6,0.048474641018500006,52,294,10,0.265039200565516,242,1
553,"(17,1)",,False,52,"[17, 9, 1, 10, 6]",6,0.048474641018500006,52,294,10,0.265039200565516,242,1
554,"(13,16)",,False,50,"[14, 13, 18, 16, 9]",6,0.048474641018500006,50,294,9,0.17389467257888302,244,1
555,"(13,16)",,False,50,"[14, 13, 18, 16, 9]",6,0.048474641018500006,50,294,9,0.17389467257888302,244,1
556,"(19,0)",,False,48,"[14, 19, 0, 2, 11]",5,0.038171104399174004,48,294,8,0.07461870488186201,246,1
557,"(19,0)",,False,48,"[14, 19, 0, 2, 11]",5,0.038171104399174004,48,294,8,0.07461870488186201,246,1
558,"(12,9)",,False,48,"[8, 12, 15, 19, 9]",5,0.045716142207370004,46,294,8,0.078891673628515,248,1
559,"(12,9)",,False,48,"[8, 12, 15, 19, 9]",5,0.045716142207370004,46,294,8,0.078891673628515,248,1
560,"(10,4)",,False,50,"[19, 10, 4, 5, 14]",5,0.024470899470899,44,294,8,0.059687412976886005,250,1
561,"(10,4)",,False,50,"[19, 10, 4, 5, 14]",5,0.024470899470899,44,294,8,0.059687412976886005,250,1
562,"(10,0)",,False,50,"[10, 4, 2, 0, 19]",4,0.01172536040957,42,294,8,0.04259768009768,252,1
563,"(10,0)",,False,50,"[10, 4, 2, 0, 19]",4,0.01172536040957,42,294,8,0.04259768009768,252,1
564,"(4,0)",,False,48,"[4, 0, 12, 10, 5]",3,0.005931495405179001,40,294,7,0.041626502152817005,254,1
565,"(4,0)",,False,48,"[4, 0, 12, 10, 5]",3,0.005931495405179001,40,294,7,0.041626502152817005,254,1
566,"(11,8)",,False,48,"[11, 8, 5, 2, 14]",4,0.108201058201058,42,296,7,0.051414861941177004,254,1
567,"(11,8)",,False,48,"[11, 8, 5, 2, 14]",4,0.108201058201058,42,296,7,0.051414861941177004,254,1
568,16:10,assassinate,True,44,"[4, 2, 5, 19, 16]",4,0.102541074909495,44,298,7,0.050394926710716006,254,1
569,16:10,assassinate,True,44,"[4, 2, 5, 19, 16]",4,0.102541074909495,44,298,7,0.050394926710716006,254,1
570,"(1,2)",,False,46,"[3, 15, 1, 18, 2]",5,0.200835421888053,46,300,8,0.070458975722133,254,1
571,"(1,2)",,False,46,"[3, 15, 1, 18, 2]",5,0.200835421888053,46,300,8,0.070458975722133,254,1
572,"(0,5)",,False,46,"[16, 15, 0, 6, 5]",4,0.10142021720969001,48,302,8,0.05143920407078301,254,1
573,"(0,5)",,False,46,"[16, 15, 0, 6, 5]",4,0.10142021720969001,48,302,8,0.05143920407078301,254,1
574,"(2,3)",,False,44,"[7, 9, 2, 3, 13]",4,0.10142021720969001,50,304,7,0.039255968203336,254,1
575,"(2,3)",,False,44,"[7, 9, 2, 3, 13]",4,0.10142021720969001,50,304,7,0.039255968203336,254,1
576,"(18,0)",,False,44,"[18, 0, 15, 6, 5]",4,0.102882205513784,52,306,7,0.046779828358775005,254,1
577,"(18,0)",,False,44,"[18, 0, 15, 6, 5]",4,0.102882205513784,52,306,7,0.046779828358775005,254,1
578,"(9,8)",,False,43,"[1, 2, 9, 6, 8]",4,0.11793372319688102,54,308,6,0.062768031189083,254,1
579,"(9,8)",,False,43,"[1, 2, 9, 6, 8]",4,0.11793372319688102,54,308,6,0.062768031189083,254,1
580,"(18,1)",,False,45,"[8, 18, 9, 1, 12]",5,0.14282001299545102,56,310,7,0.07626093854164001,254,1
581,"(18,1)",,False,45,"[8, 18, 9, 1, 12]",5,0.14282001299545102,56,310,7,0.07626093854164001,254,1
582,"(1,17)",,False,45,"[1, 13, 7, 11, 17]",5,0.13226120857699802,56,311,8,0.14423179160021202,255,1
583,"(1,17)",,False,45,"[1, 13, 7, 11, 17]",5,0.13226120857699802,56,311,8,0.14423179160021202,255,1
584,"(0,1)",,False,47,"[0, 1, 3, 18, 13]",6,0.13296596191333002,56,312,9,0.15806581332897102,256,1
585,"(0,1)",,False,47,"[0, 1, 3, 18, 13]",6,0.13296596191333002,56,312,9,0.15806581332897102,256,1
586,"(5,1)",,False,48,"[4, 5, 1, 0, 18]",6,0.142225221172589,54,312,10,0.25252544726228904,258,1
587,"(5,1)",,False,48,"[4, 5, 1, 0, 18]",6,0.142225221172589,54,312,10,0.25252544726228904,258,1
588,"(18,9)",,False,46,"[5, 18, 10, 12, 9]",6,0.13615984405458,52,312,9,0.179866332497911,260,1
589,"(18,9)",,False,46,"[5, 18, 10, 12, 9]",6,0.13615984405458,52,312,9,0.179866332497911,260,1
590,"(17,5)",,False,48,"[17, 5, 2, 9, 6]",6,0.16052631578947302,52,313,9,0.240295182400445,261,1
591,"(17,5)",,False,48,"[17, 5, 2, 9, 6]",6,0.16052631578947302,52,313,9,0.240295182400445,261,1
592,"(4,17)",,False,48,"[7, 4, 14, 6, 17]",6,0.16052631578947302,50,313,9,0.240295182400445,263,1
593,"(4,17)",,False,48,"[7, 4, 14, 6, 17]",6,0.16052631578947302,50,313,9,0.240295182400445,263,1
594,"(16,17)",,False,50,"[16, 2, 11, 4, 17]",6,0.138373712057922,48,313,9,0.23865218602060703,265,1
595,"(16,17)",,False,50,"[16, 2, 11, 4, 17]",6,0.138373712057922,48,313,9,0.23865218602060703,265,1
596,"(1,5)",,False,52,"[0, 13, 1, 14, 5]",6,0.10578047683310801,46,313,10,0.24346657241394,267,1
597,"(1,5)",,False,52,"[0, 13, 1, 14, 5]",6,0.10578047683310801,46,313,10,0.24346657241394,267,1
598,"(7,1)",,False,54,"[5, 7, 1, 15, 18]",7,0.12415761626287901,44,313,11,0.23210108604845403,269,1
599,"(7,1)",,False,54,"[5, 7, 1, 15, 18]",7,0.12415761626287901,44,313,11,0.23210108604845403,269,1
600,18:20,assassinate,True,45,"[19, 13, 7, 18, 17]",6,0.09874900927532501,42,313,10,0.251788302665495,271,1
601,18:20,assassinate,True,45,"[19, 13, 7, 18, 17]",6,0.09874900927532501,42,313,10,0.251788302665495,271,1
602,"(16,0)",,False,43,"[9, 18, 16, 0, 15]",5,0.056302794022092005,40,313,9,0.25982084841733905,273,1
603,"(16,0)",,False,43,"[9, 18, 16, 0, 15]",5,0.056302794022092005,40,313,9,0.25982084841733905,273,1
604,"(12,0)",,False,43,"[12, 13, 16, 0, 4]",4,0.03322658498097,38,313,9,0.29084748909310304,275,1
605,"(12,0)",,False,43,"[12, 13, 16, 0, 4]",4,0.03322658498097,38,313,9,0.29084748909310304,275,1
606,"(14,15)",,False,41,"[14, 15, 7, 3, 16]",4,0.035045948203842006,36,313,9,0.286591478696741,277,1
607,"(14,15)",,False,41,"[14, 15, 7, 3, 16]",4,0.035045948203842006,36,313,9,0.286591478696741,277,1
608,4:20,assassinate,True,32,"[10, 2, 18, 4, 19]",4,0.047048175995544006,34,313,8,0.310651629072681,279,1
609,4:20,assassinate,True,32,"[10, 2, 18, 4, 19]",4,0.047048175995544006,34,313,8,0.310651629072681,279,1
610,"(14,1)",,False,32,"[6, 14, 1, 17, 15]",4,0.045117423187598,32,313,8,0.23850830780655302,281,1
611,"(14,1)",,False,32,"[6, 14, 1, 17, 15]",4,0.045117423187598,32,313,8,0.23850830780655302,281,1
612,"(0,9)",,False,31,"[12, 8, 0, 17, 9]",3,0.021442495126705003,30,313,7,0.19088693957115002,283,1
613,"(0,9)",,False,31,"[12, 8, 0, 17, 9]",3,0.021442495126705003,30,313,7,0.19088693957115002,283,1
614,"(1,2)",,False,33,"[8, 1, 6, 2, 15]",3,0.024366471734892002,28,313,8,0.232589048378522,285,1
615,"(1,2)",,False,33,"[8, 1, 6, 2, 15]",3,0.024366471734892002,28,313,8,0.232589048378522,285,1
616,"(9,4)",,False,33,"[9, 16, 4, 0, 7]",3,0.075048732943469,26,313,7,0.22709551656920002,287,1
617,"(9,4)",,False,33,"[9, 16, 4, 0, 7]",3,0.075048732943469,26,313,7,0.22709551656920002,287,1
618,"(1,17)",,True,35,"[18, 5, 1, 16, 17]",4,0.051461988304093,24,313,8,0.23590288853446703,289,1
619,"(1,17)",,True,35,"[18, 5, 1, 16, 17]",4,0.051461988304093,24,313,8,0.23590288853446703,289,1
620,"(5,1)",,False,37,"[15, 5, 8, 1, 3]",5,0.0953216374269,22,313,9,0.265497076023391,291,1
621,"(5,1)",,False,37,"[15, 5, 8, 1, 3]",5,0.0953216374269,22,313,9,0.265497076023391,291,1
622,"(12,8)",,True,37,"[12, 11, 2, 8, 9]",5,0.110136452241715,20,313,9,0.275243664717348,293,1
623,"(12,8)",,True,37,"[12, 11, 2, 8, 9]",5,0.110136452241715,20,313,9,0.275243664717348,293,1
624,"(1,18)",,False,39,"[9, 7, 19, 1, 18]",5,0.11812865497076001,18,313,10,0.35974658869395704,295,1
625,"(1,18)",,False,39,"[9, 7, 19, 1, 18]",5,0.11812865497076001,18,313,10,0.35974658869395704,295,1
626,"(7,0)",,False,39,"[13, 7, 1, 0, 19]",4,0.06281676413255301,16,313,10,0.35128794207741504,297,1
627,"(7,0)",,False,39,"[13, 7, 1, 0, 19]",4,0.06281676413255301,16,313,10,0.35128794207741504,297,1
628,"(17,15)",,False,37,"[6, 7, 17, 15, 16]",4,0.057658033973823006,14,313,9,0.27521581732108,299,1
629,"(17,15)",,False,37,"[6, 7, 17, 15, 16]",4,0.057658033973823006,14,313,9,0.27521581732108,299,1
630,"(6,19)",,False,39,"[18, 6, 15, 19, 4]",5,0.10015316067947601,12,313,9,0.263032581453634,301,1
631,"(6,19)",,False,39,"[18, 6, 15, 19, 4]",5,0.10015316067947601,12,313,9,0.263032581453634,301,1
632,"(2,1)",,False,39,"[3, 2, 12, 1, 0]",5,0.13835978835978802,10,313,9,0.33008911166805904,303,1
633,"(2,1)",,False,39,"[3, 2, 12, 1, 0]",5,0.13835978835978802,10,313,9,0.33008911166805904,303,1
634,"(1,19)",,False,39,"[16, 9, 1, 19, 2]",5,0.130465051517683,8,313,10,0.317905875800612,305,1
635,"(1,19)",,False,39,"[16, 9, 1, 19, 2]",5,0.130465051517683,8,313,10,0.317905875800612,305,1
636,"(2,4)",,False,41,"[2, 6, 18, 7, 4]",5,0.143135616819827,6,313,10,0.40942634363686903,307,1
637,"(2,4)",,False,41,"[2, 6, 18, 7, 4]",5,0.143135616819827,6,313,10,0.40942634363686903,307,1
638,"(12,16)",,True,43,"[12, 2, 16, 0, 9]",5,0.126079086605402,4,313,10,0.303188526872737,309,1
639,"(12,16)",,True,43,"[12, 2, 16, 0, 9]",5,0.126079086605402,4,313,10,0.303188526872737,309,1
640,"(1,18)",,True,43,"[7, 17, 1, 18, 8]",5,0.126079086605402,2,313,10,0.303188526872737,311,1
641,"(1,18)",,True,43,"[7, 17, 1, 18, 8]",5,0.126079086605402,2,313,10,0.303188526872737,311,1
642,"(4,2)",,False,43,"[13, 4, 15, 2, 16]",5,0.12795878585352202,0,313,10,0.256892230576441,313,1
643,"(4,2)",,False,43,"[13, 4, 15, 2, 16]",5,0.12795878585352202,0,313,10,0.256892230576441,313,1
644,"(16,3)",,False,41,"[4, 16, 3, 17, 15]",5,0.162698412698412,-2,313,10,0.29600389863547705,315,1
645,"(16,3)",,False,41,"[4, 16, 3, 17, 15]",5,0.162698412698412,-2,313,10,0.29600389863547705,315,1
646,10:4,assassinate,True,40,"[15, 13, 10, 14, 9]",5,0.095970695970695,-4,313,10,0.25812929760298103,317,1
647,10:4,assassinate,True,40,"[15, 13, 10, 14, 9]",5,0.095970695970695,-4,313,10,0.25812929760298103,317,1
648,"(6,8)",,False,40,"[6, 8, 13, 11, 2]",6,0.11300473405736501,-6,313,10,0.253578390420495,319,1
649,"(6,8)",,False,40,"[6, 8, 13, 11, 2]",6,0.11300473405736501,-6,313,10,0.253578390420495,319,1
650,"(1,2)",,False,40,"[1, 9, 2, 15, 14]",6,0.11300473405736501,-8,313,10,0.253578390420495,321,1
651,"(1,2)",,False,40,"[1, 9, 2, 15, 14]",6,0.11300473405736501,-8,313,10,0.253578390420495,321,1
652,"(1,12)",,False,42,"[16, 5, 1, 12, 11]",7,0.11154274575327201,-10,313,11,0.29818991924255,323,1
653,"(1,12)",,False,42,"[16, 5, 1, 12, 11]",7,0.11154274575327201,-10,313,11,0.29818991924255,323,1
654,"(10,19)",,False,42,"[10, 19, 7, 4, 8]",7,0.13657755499860702,-12,313,10,0.283138401559454,325,1
655,"(10,19)",,False,42,"[10, 19, 7, 4, 8]",7,0.13657755499860702,-12,313,10,0.283138401559454,325,1
656,"(14,7)",,False,44,"[18, 16, 14, 7, 4]",7,0.105096073517126,-14,313,10,0.253801169590643,327,1
657,"(14,7)",,False,44,"[18, 16, 14, 7, 4]",7,0.105096073517126,-14,313,10,0.253801169590643,327,1
658,"(0,5)",,False,44,"[0, 18, 19, 5, 4]",6,0.0662476899319,-16,313,10,0.249132933343459,329,1
659,"(0,5)",,False,44,"[0, 18, 19, 5, 4]",6,0.0662476899319,-16,313,10,0.249132933343459,329,1
660,"(8,15)",,False,46,"[5, 8, 2, 15, 9]",6,0.06546796283638301,-18,313,10,0.23391433128275202,331,1
661,"(8,15)",,False,46,"[5, 8, 2, 15, 9]",6,0.06546796283638301,-18,313,10,0.23391433128275202,331,1
662,3:22,assassinate,True,36,"[2, 5, 9, 19, 3]",5,0.067525294718277,-20,313,10,0.293534762833008,333,1
663,3:22,assassinate,True,36,"[2, 5, 9, 19, 3]",5,0.067525294718277,-20,313,10,0.293534762833008,333,1
664,"(13,14)",,False,36,"[5, 13, 2, 14, 15]",5,0.07800287756428101,-22,313,9,0.261565951916829,335,1
665,"(13,14)",,False,36,"[5, 13, 2, 14, 15]",5,0.07800287756428101,-22,313,9,0.261565951916829,335,1
666,"(3,8)",,False,38,"[12, 3, 4, 5, 8]",5,0.115283579318667,-24,313,9,0.317608836907082,337,1
667,"(3,8)",,False,38,"[12, 3, 4, 5, 8]",5,0.115283579318667,-24,313,9,0.317608836907082,337,1
668,"(12,4)",,False,38,"[18, 12, 4, 0, 13]",5,0.07910981156595101,-26,313,8,0.259352083913487,339,1
669,"(12,4)",,False,38,"[18, 12, 4, 0, 13]",5,0.07910981156595101,-26,313,8,0.259352083913487,339,1
670,"(17,5)",,False,36,"[17, 12, 5, 4, 10]",5,0.102436647173489,-28,313,7,0.253801169590643,341,1
671,"(17,5)",,False,36,"[17, 12, 5, 4, 10]",5,0.102436647173489,-28,313,7,0.253801169590643,341,1
672,"(17,4)",,False,36,"[12, 17, 4, 5, 15]",5,0.130409356725146,-30,313,7,0.254288499025341,343,1
673,"(17,4)",,False,36,"[12, 17, 4, 5, 15]",5,0.130409356725146,-30,313,7,0.254288499025341,343,1
674,"(14,9)",,False,38,"[14, 2, 9, 7, 16]",5,0.10935672514619801,-32,313,7,0.230409356725146,345,1
675,"(14,9)",,False,38,"[14, 2, 9, 7, 16]",5,0.10935672514619801,-32,313,7,0.230409356725146,345,1
676,"(13,0)",,False,36,"[5, 14, 13, 18, 0]",4,0.06067947646895001,-34,313,6,0.205903648008911,347,1
677,"(13,0)",,False,36,"[5, 14, 13, 18, 0]",4,0.06067947646895001,-34,313,6,0.205903648008911,347,1
678,"(10,8)",,False,38,"[10, 13, 15, 8, 16]",4,0.052450570871623005,-36,313,6,0.15860484544695,349,1
679,"(10,8)",,False,38,"[10, 13, 15, 8, 16]",4,0.052450570871623005,-36,313,6,0.15860484544695,349,1
680,"(6,16)",,False,40,"[6, 15, 2, 8, 16]",4,0.046491228070175,-38,313,6,0.14644945697577202,351,1
681,"(6,16)",,False,40,"[6, 15, 2, 8, 16]",4,0.046491228070175,-38,313,6,0.14644945697577202,351,1
682,"(17,10)",,False,42,"[2, 19, 17, 10, 16]",5,0.063840155945419,-40,313,6,0.137190197716513,353,1
683,"(17,10)",,False,42,"[2, 19, 17, 10, 16]",5,0.063840155945419,-40,313,6,0.137190197716513,353,1
684,"(11,18)",,False,44,"[11, 5, 15, 18, 4]",6,0.10350877192982401,-38,315,6,0.07851573377889101,353,1
685,"(11,18)",,False,44,"[11, 5, 15, 18, 4]",6,0.10350877192982401,-38,315,6,0.07851573377889101,353,1
686,6:10,assassinate,True,38,"[18, 12, 4, 17, 6]",5,0.08187134502923901,-38,316,6,0.08567251461988301,354,1
687,6:10,assassinate,True,38,"[18, 12, 4, 17, 6]",5,0.08187134502923901,-38,316,6,0.08567251461988301,354,1
688,"(0,7)",,False,38,"[17, 0, 11, 7, 1]",4,0.038986354775828,-38,317,6,0.10147591200222701,355,1
689,"(0,7)",,False,38,"[17, 0, 11, 7, 1]",4,0.038986354775828,-38,317,6,0.10147591200222701,355,1
690,"(18,12)",,False,40,"[16, 7, 18, 12, 2]",4,0.042397660818713004,-40,317,6,0.106780840991367,357,1
691,"(18,12)",,False,40,"[16, 7, 18, 12, 2]",4,0.042397660818713004,-40,317,6,0.106780840991367,357,1
692,"(10,8)",,False,38,"[18, 10, 8, 11, 14]",4,0.10721247563352801,-40,318,5,0.131084656084656,358,1
693,"(10,8)",,False,38,"[18, 10, 8, 11, 14]",4,0.10721247563352801,-40,318,5,0.131084656084656,358,1
694,"(12,16)",,False,38,"[15, 8, 5, 12, 16]",4,0.10721247563352801,-38,320,5,0.098301308827624,358,1
695,"(12,16)",,False,38,"[15, 8, 5, 12, 16]",4,0.10721247563352801,-38,320,5,0.098301308827624,358,1
696,"(10,5)",,False,39,"[8, 10, 3, 5, 4]",4,0.10721247563352801,-36,322,5,0.091845354126055,358,1
697,"(10,5)",,False,39,"[8, 10, 3, 5, 4]",4,0.10721247563352801,-36,322,5,0.091845354126055,358,1
698,"(17,2)",,False,41,"[7, 5, 17, 2, 16]",4,0.014480646059593,-36,323,5,0.064348370927318,359,1
699,"(17,2)",,False,41,"[7, 5, 17, 2, 16]",4,0.014480646059593,-36,323,5,0.064348370927318,359,1
700,14:10,assassinate,True,37,"[18, 14, 13, 17, 4]",4,0.013505987190197001,-36,324,5,0.055715678084099,360,1
701,14:10,assassinate,True,37,"[18, 14, 13, 17, 4]",4,0.013505987190197001,-36,324,5,0.055715678084099,360,1
702,10:8,assassinate,True,34,"[8, 16, 18, 19, 10]",3,0.004873294346978,-38,324,5,0.059161793372319006,362,1
703,10:8,assassinate,True,34,"[8, 16, 18, 19, 10]",3,0.004873294346978,-38,324,5,0.059161793372319006,362,1
704,"(10,12)",,False,36,"[15, 10, 16, 13, 12]",3,0.004873294346978,-40,324,5,0.055555555555555004,364,1
705,"(10,12)",,False,36,"[15, 10, 16, 13, 12]",3,0.004873294346978,-40,324,5,0.055555555555555004,364,1
706,"(10,1)",,False,38,"[7, 12, 10, 5, 1]",3,0.006822612085769001,-42,324,6,0.09337231968810901,366,1
707,"(10,1)",,False,38,"[7, 12, 10, 5, 1]",3,0.006822612085769001,-42,324,6,0.09337231968810901,366,1
708,"(1,7)",,False,41,"[16, 18, 17, 1, 7]",5,0.07819084748909301,-44,324,7,0.117488164856585,368,1
709,"(1,7)",,False,41,"[16, 18, 17, 1, 7]",5,0.07819084748909301,-44,324,7,0.117488164856585,368,1
710,"(2,9)",,False,43,"[6, 15, 2, 9, 17]",6,0.096416968346792,-42,326,7,0.094973544973544,368,1
711,"(2,9)",,False,43,"[6, 15, 2, 9, 17]",6,0.096416968346792,-42,326,7,0.094973544973544,368,1
712,"(14,13)",,False,45,"[14, 4, 11, 0, 13]",6,0.096103685138772,-42,327,7,0.097793093845725,369,1
713,"(14,13)",,False,45,"[14, 4, 11, 0, 13]",6,0.096103685138772,-42,327,7,0.097793093845725,369,1
714,"(5,8)",,False,47,"[13, 5, 7, 8, 4]",6,0.06745335561125,-42,328,7,0.081801726538568,370,1
715,"(5,8)",,False,47,"[13, 5, 7, 8, 4]",6,0.06745335561125,-42,328,7,0.081801726538568,370,1
716,"(10,12)",,False,45,"[1, 10, 7, 9, 12]",6,0.09942680776014101,-42,329,7,0.133145363408521,371,1
717,"(10,12)",,False,45,"[1, 10, 7, 9, 12]",6,0.09942680776014101,-42,329,7,0.133145363408521,371,1
718,"(13,1)",,False,45,"[11, 0, 7, 13, 1]",6,0.08811612364243901,-44,329,7,0.14551656920077902,373,1
719,"(13,1)",,False,45,"[11, 0, 7, 13, 1]",6,0.08811612364243901,-44,329,7,0.14551656920077902,373,1
720,"(3,1)",,False,45,"[8, 2, 6, 3, 1]",6,0.08099415204678301,-46,329,8,0.191130604288498,375,1
721,"(3,1)",,False,45,"[8, 2, 6, 3, 1]",6,0.08099415204678301,-46,329,8,0.191130604288498,375,1
722,"(15,6)",,False,46,"[10, 7, 15, 11, 6]",6,0.08164392462638001,-48,329,8,0.18853151397011,377,1
723,"(15,6)",,False,46,"[10, 7, 15, 11, 6]",6,0.08164392462638001,-48,329,8,0.18853151397011,377,1
724,"(16,19)",,False,48,"[15, 16, 14, 8, 19]",7,0.11112735542560101,-50,329,8,0.14174788823911602,379,1
725,"(16,19)",,False,48,"[15, 16, 14, 8, 19]",7,0.11112735542560101,-50,329,8,0.14174788823911602,379,1
726,"(0,10)",,True,48,"[12, 1, 0, 15, 10]",6,0.06442495126705601,-52,329,8,0.1817738791423,381,1
727,"(0,10)",,True,48,"[12, 1, 0, 15, 10]",6,0.06442495126705601,-52,329,8,0.1817738791423,381,1
728,"(9,13)",,False,48,"[9, 10, 18, 13, 1]",6,0.070704539125591,-54,329,8,0.17509050403787202,383,1
729,"(9,13)",,False,48,"[9, 10, 18, 13, 1]",6,0.070704539125591,-54,329,8,0.17509050403787202,383,1
730,"(2,5)",,False,51,"[2, 9, 10, 5, 4]",6,0.052756892230576,-56,329,8,0.09388053467000801,385,1
731,"(2,5)",,False,51,"[2, 9, 10, 5, 4]",6,0.052756892230576,-56,329,8,0.09388053467000801,385,1
732,"(6,1)",,False,53,"[9, 6, 1, 19, 17]",6,0.048747500063289005,-58,329,9,0.10590428090428,387,1
733,"(6,1)",,False,53,"[9, 6, 1, 19, 17]",6,0.048747500063289005,-58,329,9,0.10590428090428,387,1
734,"(18,14)",,False,53,"[6, 18, 11, 14, 4]",6,0.05270693856322001,-60,329,9,0.12203767280623501,389,1
735,"(18,14)",,False,53,"[6, 18, 11, 14, 4]",6,0.05270693856322001,-60,329,9,0.12203767280623501,389,1
736,"(9,18)",,False,53,"[0, 9, 13, 18, 15]",7,0.07765820561975001,-62,329,9,0.110030803781822,391,1
737,"(9,18)",,False,53,"[0, 9, 13, 18, 15]",7,0.07765820561975001,-62,329,9,0.110030803781822,391,1
738,"(5,1)",,False,55,"[5, 16, 18, 3, 1]",7,0.061130308937326,-64,329,10,0.126520847573479,393,1
739,"(5,1)",,False,55,"[5, 16, 18, 3, 1]",7,0.061130308937326,-64,329,10,0.126520847573479,393,1
740,"(3,17)",,False,58,"[3, 16, 10, 17, 14]",9,0.08391812865497,-64,330,10,0.084595748630836,394,1
741,"(3,17)",,False,58,"[3, 16, 10, 17, 14]",9,0.08391812865497,-64,330,10,0.084595748630836,394,1
742,"(0,13)",,False,56,"[10, 0, 1, 2, 13]",8,0.069674185463659,-64,331,10,0.10089111668059,395,1
743,"(0,13)",,False,56,"[10, 0, 1, 2, 13]",8,0.069674185463659,-64,331,10,0.10089111668059,395,1
744,"(2,3)",,False,56,"[19, 2, 3, 4, 15]",8,0.06589242466435401,-64,332,9,0.071740166915605,396,1
745,"(2,3)",,False,56,"[19, 2, 3, 4, 15]",8,0.06589242466435401,-64,332,9,0.071740166915605,396,1
746,"(10,1)",,False,58,"[18, 13, 10, 2, 1]",8,0.053665859806210005,-66,332,10,0.08844914020352601,398,1
747,"(10,1)",,False,58,"[18, 13, 10, 2, 1]",8,0.053665859806210005,-66,332,10,0.08844914020352601,398,1
748,"(12,8)",,False,58,"[12, 6, 8, 4, 3]",8,0.05883268778005601,-68,332,9,0.065679349889876,400,1
749,"(12,8)",,False,58,"[12, 6, 8, 4, 3]",8,0.05883268778005601,-68,332,9,0.065679349889876,400,1
750,"(1,5)",,False,58,"[8, 10, 1, 4, 5]",8,0.057880813143971005,-68,333,10,0.09033062454115001,401,1
751,"(1,5)",,False,58,"[8, 10, 1, 4, 5]",8,0.057880813143971005,-68,333,10,0.09033062454115001,401,1
752,"(15,5)",,False,60,"[7, 4, 15, 5, 19]",8,0.052903091060985,-70,333,10,0.08241901048918501,403,1
753,"(15,5)",,False,60,"[7, 4, 15, 5, 19]",8,0.052903091060985,-70,333,10,0.08241901048918501,403,1
754,"(13,4)",,False,60,"[13, 2, 4, 10, 12]",9,0.079164500217131,-70,334,10,0.082344523572593,404,1
755,"(13,4)",,False,60,"[13, 2, 4, 10, 12]",9,0.079164500217131,-70,334,10,0.082344523572593,404,1
756,"(8,2)",,False,62,"[14, 17, 8, 2, 6]",10,0.10704539125591701,-68,336,10,0.079049475540703,404,1
757,"(8,2)",,False,62,"[14, 17, 8, 2, 6]",10,0.10704539125591701,-68,336,10,0.079049475540703,404,1
758,"(1,4)",,False,62,"[5, 16, 1, 4, 9]",10,0.11381230854915,-68,337,11,0.145757913301772,405,1
759,"(1,4)",,False,62,"[5, 16, 1, 4, 9]",10,0.11381230854915,-68,337,11,0.145757913301772,405,1
760,"(4,17)",,False,62,"[8, 10, 4, 17, 5]",10,0.11392369813422401,-70,337,11,0.129314025805253,407,1
761,"(4,17)",,False,62,"[8, 10, 4, 17, 5]",10,0.11392369813422401,-70,337,11,0.129314025805253,407,1
762,"(8,5)",,False,62,"[15, 8, 5, 12, 9]",10,0.12063706274232501,-68,339,10,0.10689508671964801,407,1
763,"(8,5)",,False,62,"[15, 8, 5, 12, 9]",10,0.12063706274232501,-68,339,10,0.10689508671964801,407,1
764,"(7,1)",,False,65,"[16, 8, 7, 1, 18]",10,0.10343029290397701,-68,340,11,0.12434410943182801,408,1
765,"(7,1)",,False,65,"[16, 8, 7, 1, 18]",10,0.10343029290397701,-68,340,11,0.12434410943182801,408,1
766,"(1,8)",,False,67,"[1, 19, 8, 4, 14]",11,0.123348483874799,-66,342,12,0.11407212021247101,408,1
767,"(1,8)",,False,67,"[1, 19, 8, 4, 14]",11,0.123348483874799,-66,342,12,0.11407212021247101,408,1
768,"(0,7)",,True,67,"[0, 7, 2, 12, 13]",11,0.130339446128919,-64,344,12,0.130097030974223,408,1
769,"(0,7)",,True,67,"[0, 7, 2, 12, 13]",11,0.130339446128919,-64,344,12,0.130097030974223,408,1
770,"(11,18)",,False,69,"[10, 11, 2, 18, 4]",11,0.11478477662688101,-64,345,12,0.115434638460954,409,1
771,"(11,18)",,False,69,"[10, 11, 2, 18, 4]",11,0.11478477662688101,-64,345,12,0.115434638460954,409,1
772,"(0,2)",,False,67,"[0, 15, 2, 12, 14]",10,0.102985270090533,-64,346,12,0.11963546524950001,410,1
773,"(0,2)",,False,67,"[0, 15, 2, 12, 14]",10,0.102985270090533,-64,346,12,0.11963546524950001,410,1
774,"(0,4)",,False,65,"[0, 17, 4, 14, 19]",9,0.081386758141144,-64,347,11,0.11587892289646601,411,1
775,"(0,4)",,False,65,"[0, 17, 4, 14, 19]",9,0.081386758141144,-64,347,11,0.11587892289646601,411,1
776,"(17,16)",,False,65,"[8, 17, 16, 10, 15]",9,0.07163966637650801,-66,347,11,0.11884613112683201,413,1
777,"(17,16)",,False,65,"[8, 17, 16, 10, 15]",9,0.07163966637650801,-66,347,11,0.11884613112683201,413,1
778,19:22,assassinate,True,56,"[8, 7, 19, 0, 5]",10,0.14069664902998202,-66,348,10,0.16866471734892702,414,1
779,19:22,assassinate,True,56,"[8, 7, 19, 0, 5]",10,0.14069664902998202,-66,348,10,0.16866471734892702,414,1
780,"(0,10)",,False,56,"[8, 16, 0, 10, 2]",9,0.112264457439896,-66,349,10,0.131857421331105,415,1
781,"(0,10)",,False,56,"[8, 16, 0, 10, 2]",9,0.112264457439896,-66,349,10,0.131857421331105,415,1
782,"(16,8)",,False,58,"[16, 13, 11, 15, 8]",9,0.097867353569107,-68,349,10,0.11438550078900901,417,1
783,"(16,8)",,False,58,"[16, 13, 11, 15, 8]",9,0.097867353569107,-68,349,10,0.11438550078900901,417,1
784,"(17,7)",,False,58,"[2, 17, 9, 18, 7]",9,0.082811194653299,-66,351,9,0.073524087997772,417,1
785,"(17,7)",,False,58,"[2, 17, 9, 18, 7]",9,0.082811194653299,-66,351,9,0.073524087997772,417,1
786,7:10,assassinate,True,52,"[6, 8, 18, 12, 7]",8,0.06801494476933001,-66,352,9,0.07390931031281901,418,1
787,7:10,assassinate,True,52,"[6, 8, 18, 12, 7]",8,0.06801494476933001,-66,352,9,0.07390931031281901,418,1
788,"(10,7)",,False,54,"[10, 0, 6, 7, 12]",8,0.064673257217116,-66,353,9,0.06914044370184701,419,1
789,"(10,7)",,False,54,"[10, 0, 6, 7, 12]",8,0.064673257217116,-66,353,9,0.06914044370184701,419,1
790,"(19,1)",,False,54,"[19, 14, 17, 1, 0]",8,0.075881834215167,-66,354,9,0.15247377703518,420,1
791,"(19,1)",,False,54,"[19, 14, 17, 1, 0]",8,0.075881834215167,-66,354,9,0.15247377703518,420,1
792,"(14,17)",,False,56,"[14, 2, 12, 17, 15]",9,0.13089436554348802,-68,354,9,0.143924626380766,422,1
793,"(14,17)",,False,56,"[14, 2, 12, 17, 15]",9,0.13089436554348802,-68,354,9,0.143924626380766,422,1
794,"(5,13)",,False,58,"[2, 4, 5, 13, 9]",10,0.158477211547386,-66,356,9,0.14563027940220902,422,1
795,"(5,13)",,False,58,"[2, 4, 5, 13, 9]",10,0.158477211547386,-66,356,9,0.14563027940220902,422,1
796,"(1,13)",,False,58,"[17, 10, 1, 13, 9]",10,0.14667919799498702,-66,357,9,0.160818713450292,423,1
797,"(1,13)",,False,58,"[17, 10, 1, 13, 9]",10,0.14667919799498702,-66,357,9,0.160818713450292,423,1
798,"(11,7)",,False,60,"[11, 18, 19, 12, 7]",10,0.126016429963798,-68,357,9,0.15461338531513902,425,1
799,"(11,7)",,False,60,"[11, 18, 19, 12, 7]",10,0.126016429963798,-68,357,9,0.15461338531513902,425,1
