,actionDetail,actionType,bonusActivated,graphEdgeCount,nodeList,p1Degree,p1Score,p1WinAdvantage,p1WinCount,p2Degree,p2Score,p2WinCount,player
0,"(16,14)",,True,2,"[16, 14, 15, 6, 12]",0,-0.001,0,0,0,-0.001,0,1
1,"(16,14)",,True,2,"[16, 14, 15, 6, 12]",0,-0.001,0,0,0,-0.001,0,1
2,"(16,11)",,True,4,"[16, 11, 18, 14, 3]",0,-0.001,0,0,0,-0.001,0,1
3,"(16,11)",,True,4,"[16, 11, 18, 14, 3]",0,-0.001,0,0,0,-0.001,0,1
4,"(7,6)",,True,6,"[7, 6, 17, 19, 15]",0,-0.001,0,0,0,-0.001,0,1
5,"(7,6)",,True,6,"[7, 6, 17, 19, 15]",0,-0.001,0,0,0,-0.001,0,1
6,"(14,5)",,True,8,"[14, 5, 18, 12, 2]",0,-0.001,0,0,0,-0.001,0,1
7,"(14,5)",,True,8,"[14, 5, 18, 12, 2]",0,-0.001,0,0,0,-0.001,0,1
8,"(4,14)",,True,10,"[4, 14, 11, 2, 15]",0,-0.001,0,0,0,-0.001,0,1
9,"(4,14)",,True,10,"[4, 14, 11, 2, 15]",0,-0.001,0,0,0,-0.001,0,1
10,"(17,12)",,True,12,"[17, 12, 11, 6, 14]",0,-0.001,0,0,0,-0.001,0,1
11,"(17,12)",,True,12,"[17, 12, 11, 6, 14]",0,-0.001,0,0,0,-0.001,0,1
12,"(3,12)",,True,14,"[3, 12, 8, 15, 18]",1,0.0,2,2,0,-0.001,0,1
13,"(3,12)",,True,14,"[3, 12, 8, 15, 18]",1,0.0,2,2,0,-0.001,0,1
14,10:4,assassinate,True,13,"[18, 10, 1, 2, 19]",1,0.0,4,4,0,-0.001,0,1
15,10:4,assassinate,True,13,"[18, 10, 1, 2, 19]",1,0.0,4,4,0,-0.001,0,1
16,"(19,1)",,True,15,"[19, 17, 1, 7, 4]",1,0.0,5,5,1,0.0,0,1
17,"(19,1)",,True,15,"[19, 17, 1, 7, 4]",1,0.0,5,5,1,0.0,0,1
18,"(6,12)",,True,17,"[8, 1, 6, 12, 10]",2,0.026315789473684,7,7,1,0.0,0,1
19,"(6,12)",,True,17,"[8, 1, 6, 12, 10]",2,0.026315789473684,7,7,1,0.0,0,1
20,"(9,16)",,True,19,"[9, 5, 16, 13, 19]",2,0.023391812865497002,9,9,1,0.0,0,1
21,"(9,16)",,True,19,"[9, 5, 16, 13, 19]",2,0.023391812865497002,9,9,1,0.0,0,1
22,"(1,14)",,True,22,"[19, 1, 14, 6, 9]",4,0.15399610136452202,11,11,2,0.09356725146198801,0,1
23,"(1,14)",,True,22,"[19, 1, 14, 6, 9]",4,0.15399610136452202,11,11,2,0.09356725146198801,0,1
24,"(7,1)",,True,25,"[17, 7, 1, 14, 9]",4,0.20224171539961003,13,13,3,0.12037037037037,0,1
25,"(7,1)",,True,25,"[17, 7, 1, 14, 9]",4,0.20224171539961003,13,13,3,0.12037037037037,0,1
26,"(8,7)",,True,27,"[8, 7, 19, 17, 15]",5,0.23070175438596402,15,15,3,0.140545808966861,0,1
27,"(8,7)",,True,27,"[8, 7, 19, 17, 15]",5,0.23070175438596402,15,15,3,0.140545808966861,0,1
28,6:8,assassinate,True,24,"[5, 6, 19, 8, 12]",5,0.252436647173489,17,17,3,0.130604288499025,0,1
29,6:8,assassinate,True,24,"[5, 6, 19, 8, 12]",5,0.252436647173489,17,17,3,0.130604288499025,0,1
30,17:8,assassinate,True,19,"[12, 3, 1, 19, 17]",4,0.23879142300194903,17,18,3,0.33918128654970703,1,1
31,17:8,assassinate,True,19,"[12, 3, 1, 19, 17]",4,0.23879142300194903,17,18,3,0.33918128654970703,1,1
32,12:4,assassinate,True,18,"[3, 6, 13, 12, 7]",5,0.28557504873294304,19,20,3,0.228070175438596,1,1
33,12:4,assassinate,True,18,"[3, 6, 13, 12, 7]",5,0.28557504873294304,19,20,3,0.228070175438596,1,1
34,"(19,0)",,True,19,"[19, 10, 0, 6, 3]",4,0.28167641325536,19,21,3,0.29824561403508704,2,1
35,"(19,0)",,True,19,"[19, 10, 0, 6, 3]",4,0.28167641325536,19,21,3,0.29824561403508704,2,1
36,4:10,assassinate,True,15,"[19, 5, 4, 7, 14]",4,0.25438596491228,21,23,3,0.160818713450292,2,1
37,4:10,assassinate,True,15,"[19, 5, 4, 7, 14]",4,0.25438596491228,21,23,3,0.160818713450292,2,1
38,15:2,assassinate,True,16,"[17, 3, 2, 15, 6]",5,0.245614035087719,23,25,3,0.08187134502923901,2,1
39,15:2,assassinate,True,16,"[17, 3, 2, 15, 6]",5,0.245614035087719,23,25,3,0.08187134502923901,2,1
40,13:2,assassinate,True,16,"[13, 9, 11, 15, 7]",5,0.228070175438596,25,27,3,0.08187134502923901,2,1
41,13:2,assassinate,True,16,"[13, 9, 11, 15, 7]",5,0.228070175438596,25,27,3,0.08187134502923901,2,1
42,2:6,assassinate,True,15,"[2, 1, 8, 4, 15]",4,0.157894736842105,27,29,3,0.029239766081871003,2,1
43,2:6,assassinate,True,15,"[2, 1, 8, 4, 15]",4,0.157894736842105,27,29,3,0.029239766081871003,2,1
44,3:2,assassinate,True,15,"[17, 13, 3, 19, 10]",4,0.157894736842105,29,31,3,0.029239766081871003,2,1
45,3:2,assassinate,True,15,"[17, 13, 3, 19, 10]",4,0.157894736842105,29,31,3,0.029239766081871003,2,1
46,14:12,assassinate,True,10,"[14, 4, 9, 6, 8]",3,0.035087719298245,30,32,2,0.035087719298245,2,1
47,14:12,assassinate,True,10,"[14, 4, 9, 6, 8]",3,0.035087719298245,30,32,2,0.035087719298245,2,1
48,6:4,assassinate,True,8,"[13, 16, 0, 9, 6]",3,0.052631578947368,32,34,2,0.029239766081871003,2,1
49,6:4,assassinate,True,8,"[13, 16, 0, 9, 6]",3,0.052631578947368,32,34,2,0.029239766081871003,2,1
50,16:6,assassinate,True,6,"[16, 4, 11, 5, 3]",3,0.052631578947368,34,36,2,0.029239766081871003,2,1
51,16:6,assassinate,True,6,"[16, 4, 11, 5, 3]",3,0.052631578947368,34,36,2,0.029239766081871003,2,1
52,12:2,assassinate,True,6,"[10, 15, 14, 12, 3]",4,0.070175438596491,36,38,2,0.029239766081871003,2,1
53,12:2,assassinate,True,6,"[10, 15, 14, 12, 3]",4,0.070175438596491,36,38,2,0.029239766081871003,2,1
54,13:2,assassinate,True,6,"[6, 13, 2, 18, 17]",3,0.040935672514619006,38,40,2,0.023391812865497002,2,1
55,13:2,assassinate,True,6,"[6, 13, 2, 18, 17]",3,0.040935672514619006,38,40,2,0.023391812865497002,2,1
56,"(19,15)",,True,8,"[19, 15, 11, 10, 3]",3,0.052631578947368,40,42,2,0.046783625730994004,2,1
57,"(19,15)",,True,8,"[19, 15, 11, 10, 3]",3,0.052631578947368,40,42,2,0.046783625730994004,2,1
58,"(16,14)",,True,10,"[16, 0, 14, 9, 2]",3,0.052631578947368,42,44,2,0.046783625730994004,2,1
59,"(16,14)",,True,10,"[16, 0, 14, 9, 2]",3,0.052631578947368,42,44,2,0.046783625730994004,2,1
60,18:4,assassinate,True,10,"[11, 6, 8, 18, 14]",2,0.023391812865497002,42,45,2,0.035087719298245,3,1
61,18:4,assassinate,True,10,"[11, 6, 8, 18, 14]",2,0.023391812865497002,42,45,2,0.035087719298245,3,1
62,"(3,19)",,True,10,"[3, 19, 8, 11, 9]",2,0.023391812865497002,41,45,2,0.035087719298245,4,1
63,"(3,19)",,True,10,"[3, 19, 8, 11, 9]",2,0.023391812865497002,41,45,2,0.035087719298245,4,1
64,"(13,7)",,True,12,"[4, 12, 13, 7, 5]",2,0.05847953216374201,39,45,2,0.105263157894736,6,1
65,"(13,7)",,True,12,"[4, 12, 13, 7, 5]",2,0.05847953216374201,39,45,2,0.105263157894736,6,1
66,8:2,assassinate,True,12,"[17, 11, 4, 8, 2]",1,0.0,37,45,2,0.09356725146198801,8,1
67,8:2,assassinate,True,12,"[17, 11, 4, 8, 2]",1,0.0,37,45,2,0.09356725146198801,8,1
68,"(12,7)",,True,14,"[12, 18, 7, 5, 16]",1,0.0,35,45,2,0.038011695906432004,10,1
69,"(12,7)",,True,14,"[12, 18, 7, 5, 16]",1,0.0,35,45,2,0.038011695906432004,10,1
70,"(19,3)",,True,14,"[17, 12, 19, 6, 3]",1,0.0,33,45,2,0.06432748538011601,12,1
71,"(19,3)",,True,14,"[17, 12, 19, 6, 3]",1,0.0,33,45,2,0.06432748538011601,12,1
72,"(10,4)",,True,16,"[10, 12, 3, 4, 15]",1,0.0,31,45,2,0.07602339181286501,14,1
73,"(10,4)",,True,16,"[10, 12, 3, 4, 15]",1,0.0,31,45,2,0.07602339181286501,14,1
74,"(3,14)",,True,18,"[3, 14, 17, 13, 12]",1,0.0,29,45,2,0.07602339181286501,16,1
75,"(3,14)",,True,18,"[3, 14, 17, 13, 12]",1,0.0,29,45,2,0.07602339181286501,16,1
76,"(4,12)",,True,20,"[4, 12, 19, 7, 0]",1,0.0,27,45,2,0.07602339181286501,18,1
77,"(4,12)",,True,20,"[4, 12, 19, 7, 0]",1,0.0,27,45,2,0.07602339181286501,18,1
78,"(11,9)",,True,22,"[11, 12, 17, 9, 18]",1,0.0,25,45,2,0.087719298245614,20,1
79,"(11,9)",,True,22,"[11, 12, 17, 9, 18]",1,0.0,25,45,2,0.087719298245614,20,1
80,"(1,15)",,True,25,"[1, 15, 17, 11, 12]",3,0.140350877192982,26,46,3,0.140350877192982,20,1
81,"(1,15)",,True,25,"[1, 15, 17, 11, 12]",3,0.140350877192982,26,46,3,0.140350877192982,20,1
82,"(5,1)",,True,27,"[5, 18, 17, 11, 1]",3,0.12865497076023302,26,47,4,0.23391812865497003,21,1
83,"(5,1)",,True,27,"[5, 18, 17, 11, 1]",3,0.12865497076023302,26,47,4,0.23391812865497003,21,1
84,"(11,1)",,True,29,"[15, 9, 17, 11, 1]",4,0.151949317738791,24,47,5,0.27436647173489204,23,1
85,"(11,1)",,True,29,"[15, 9, 17, 11, 1]",4,0.151949317738791,24,47,5,0.27436647173489204,23,1
86,7:10,assassinate,True,24,"[19, 7, 6, 10, 2]",3,0.19298245614035,24,48,4,0.26608187134502903,24,1
87,7:10,assassinate,True,24,"[19, 7, 6, 10, 2]",3,0.19298245614035,24,48,4,0.26608187134502903,24,1
88,"(0,8)",,True,25,"[10, 14, 0, 8, 4]",2,0.18713450292397601,24,49,4,0.19688109161793302,25,1
89,"(0,8)",,True,25,"[10, 14, 0, 8, 4]",2,0.18713450292397601,24,49,4,0.19688109161793302,25,1
90,18:4,assassinate,True,24,"[18, 15, 4, 7, 6]",1,0.0,24,50,4,0.125730994152046,26,1
91,18:4,assassinate,True,24,"[18, 15, 4, 7, 6]",1,0.0,24,50,4,0.125730994152046,26,1
92,"(13,4)",,True,27,"[13, 10, 12, 4, 14]",3,0.046783625730994004,22,50,4,0.10204678362573001,28,1
93,"(13,4)",,True,27,"[13, 10, 12, 4, 14]",3,0.046783625730994004,22,50,4,0.10204678362573001,28,1
94,19:8,assassinate,True,24,"[14, 18, 4, 6, 19]",2,0.028265107212475,20,50,3,0.08187134502923901,30,1
95,19:8,assassinate,True,24,"[14, 18, 4, 6, 19]",2,0.028265107212475,20,50,3,0.08187134502923901,30,1
96,"(18,15)",,True,24,"[18, 13, 7, 5, 15]",2,0.031189083820662003,18,50,3,0.16374269005847902,32,1
97,"(18,15)",,True,24,"[18, 13, 7, 5, 15]",2,0.031189083820662003,18,50,3,0.16374269005847902,32,1
98,"(11,5)",,True,25,"[10, 11, 5, 14, 6]",4,0.08966861598440501,16,50,3,0.21345029239766003,34,1
99,"(11,5)",,True,25,"[10, 11, 5, 14, 6]",4,0.08966861598440501,16,50,3,0.21345029239766003,34,1
100,8:4,assassinate,True,22,"[9, 19, 3, 2, 8]",3,0.010721247563352,16,51,2,0.140350877192982,35,1
101,8:4,assassinate,True,22,"[9, 19, 3, 2, 8]",3,0.010721247563352,16,51,2,0.140350877192982,35,1
102,"(15,19)",,True,24,"[15, 17, 8, 3, 19]",3,0.014619883040935,14,51,2,0.280701754385964,37,1
103,"(15,19)",,True,24,"[15, 17, 8, 3, 19]",3,0.014619883040935,14,51,2,0.280701754385964,37,1
104,"(18,0)",,True,24,"[18, 11, 0, 1, 17]",3,0.014619883040935,12,51,2,0.280701754385964,39,1
105,"(18,0)",,True,24,"[18, 11, 0, 1, 17]",3,0.014619883040935,12,51,2,0.280701754385964,39,1
106,"(15,14)",,True,26,"[19, 5, 9, 15, 14]",3,0.006335282651072,14,53,2,0.0,39,1
107,"(15,14)",,True,26,"[19, 5, 9, 15, 14]",3,0.006335282651072,14,53,2,0.0,39,1
108,8:2,assassinate,True,26,"[10, 9, 18, 8, 19]",3,0.006335282651072,16,55,2,0.0,39,1
109,8:2,assassinate,True,26,"[10, 9, 18, 8, 19]",3,0.006335282651072,16,55,2,0.0,39,1
110,16:8,assassinate,True,23,"[16, 15, 4, 19, 2]",2,0.0034113060428840004,18,57,2,0.0,39,1
111,16:8,assassinate,True,23,"[16, 15, 4, 19, 2]",2,0.0034113060428840004,18,57,2,0.0,39,1
112,"(19,13)",,True,23,"[19, 13, 8, 14, 12]",2,0.008284600389863,20,59,2,0.0,39,1
113,"(19,13)",,True,23,"[19, 13, 8, 14, 12]",2,0.008284600389863,20,59,2,0.0,39,1
114,11:12,assassinate,True,16,"[6, 9, 11, 8, 17]",1,0.0,21,60,1,0.0,39,1
115,11:12,assassinate,True,16,"[6, 9, 11, 8, 17]",1,0.0,21,60,1,0.0,39,1
116,"(8,12)",,True,18,"[8, 12, 15, 0, 19]",1,0.0,21,60,1,0.0,39,1
117,"(8,12)",,True,18,"[8, 12, 15, 0, 19]",1,0.0,21,60,1,0.0,39,1
118,"(17,1)",,True,20,"[14, 19, 17, 2, 1]",1,0.0,20,60,2,0.100389863547758,40,1
119,"(17,1)",,True,20,"[14, 19, 17, 2, 1]",1,0.0,20,60,2,0.100389863547758,40,1
120,13:10,assassinate,True,16,"[15, 2, 13, 5, 6]",1,0.0,18,60,2,0.32748538011695905,42,1
121,13:10,assassinate,True,16,"[15, 2, 13, 5, 6]",1,0.0,18,60,2,0.32748538011695905,42,1
122,"(2,11)",,True,18,"[2, 11, 0, 19, 15]",1,0.0,16,60,2,0.052631578947368,44,1
123,"(2,11)",,True,18,"[2, 11, 0, 19, 15]",1,0.0,16,60,2,0.052631578947368,44,1
124,"(1,3)",,True,20,"[17, 1, 3, 4, 18]",1,0.0,14,60,3,0.11988304093567201,46,1
125,"(1,3)",,True,20,"[17, 1, 3, 4, 18]",1,0.0,14,60,3,0.11988304093567201,46,1
126,"(5,2)",,True,22,"[10, 6, 0, 5, 2]",1,0.0,12,60,3,0.13352826510721202,48,1
127,"(5,2)",,True,22,"[10, 6, 0, 5, 2]",1,0.0,12,60,3,0.13352826510721202,48,1
128,"(10,1)",,True,25,"[11, 10, 3, 1, 19]",1,0.0,10,60,4,0.116374269005847,50,1
129,"(10,1)",,True,25,"[11, 10, 3, 1, 19]",1,0.0,10,60,4,0.116374269005847,50,1
130,"(16,0)",,True,25,"[5, 17, 7, 16, 0]",1,0.0,8,60,4,0.116374269005847,52,1
131,"(16,0)",,True,25,"[5, 17, 7, 16, 0]",1,0.0,8,60,4,0.116374269005847,52,1
132,"(16,0)",,True,26,"[11, 12, 16, 13, 0]",2,0.034502923976608,8,61,4,0.091228070175438,53,1
133,"(16,0)",,True,26,"[11, 12, 16, 13, 0]",2,0.034502923976608,8,61,4,0.091228070175438,53,1
134,"(16,1)",,True,29,"[16, 1, 2, 9, 15]",2,0.043274853801169,6,61,5,0.17894736842105202,55,1
135,"(16,1)",,True,29,"[16, 1, 2, 9, 15]",2,0.043274853801169,6,61,5,0.17894736842105202,55,1
136,"(10,17)",,True,30,"[2, 10, 16, 17, 6]",2,0.037037037037037,4,61,5,0.196393762183235,57,1
137,"(10,17)",,True,30,"[2, 10, 16, 17, 6]",2,0.037037037037037,4,61,5,0.196393762183235,57,1
138,7:4,assassinate,True,27,"[7, 10, 11, 17, 13]",1,0.0,2,61,4,0.12670565302144202,59,1
139,7:4,assassinate,True,27,"[7, 10, 11, 17, 13]",1,0.0,2,61,4,0.12670565302144202,59,1
140,14:10,assassinate,True,24,"[14, 7, 0, 3, 10]",3,0.090155945419103,0,61,4,0.340643274853801,61,1
141,14:10,assassinate,True,24,"[14, 7, 0, 3, 10]",3,0.090155945419103,0,61,4,0.340643274853801,61,1
142,"(2,15)",,True,23,"[2, 5, 0, 15, 6]",3,0.06968810916179301,-2,61,3,0.22563352826510702,63,1
143,"(2,15)",,True,23,"[2, 5, 0, 15, 6]",3,0.06968810916179301,-2,61,3,0.22563352826510702,63,1
144,"(1,8)",,True,24,"[1, 7, 3, 8, 2]",3,0.20467836257309902,-4,61,4,0.345029239766081,65,1
145,"(1,8)",,True,24,"[1, 7, 3, 8, 2]",3,0.20467836257309902,-4,61,4,0.345029239766081,65,1
146,4:8,assassinate,True,22,"[8, 11, 4, 16, 13]",4,0.24463937621832302,-4,62,4,0.299122807017543,66,1
147,4:8,assassinate,True,22,"[8, 11, 4, 16, 13]",4,0.24463937621832302,-4,62,4,0.299122807017543,66,1
148,9:4,assassinate,True,22,"[8, 3, 9, 12, 19]",5,0.207602339181286,-2,64,4,0.13284600389863502,66,1
149,9:4,assassinate,True,22,"[8, 3, 9, 12, 19]",5,0.207602339181286,-2,64,4,0.13284600389863502,66,1
150,"(8,14)",,True,24,"[8, 14, 19, 16, 15]",5,0.19103313840155903,0,66,4,0.151559454191033,66,1
151,"(8,14)",,True,24,"[8, 14, 19, 16, 15]",5,0.19103313840155903,0,66,4,0.151559454191033,66,1
152,"(0,5)",,True,23,"[0, 11, 18, 5, 19]",4,0.197855750487329,2,68,4,0.160818713450292,66,1
153,"(0,5)",,True,23,"[0, 11, 18, 5, 19]",4,0.197855750487329,2,68,4,0.160818713450292,66,1
154,"(15,8)",,True,23,"[4, 3, 18, 15, 8]",4,0.197855750487329,4,70,4,0.160818713450292,66,1
155,"(15,8)",,True,23,"[4, 3, 18, 15, 8]",4,0.197855750487329,4,70,4,0.160818713450292,66,1
156,"(1,2)",,True,24,"[3, 1, 19, 2, 12]",4,0.251461988304093,4,71,5,0.28557504873294304,67,1
157,"(1,2)",,True,24,"[3, 1, 19, 2, 12]",4,0.251461988304093,4,71,5,0.28557504873294304,67,1
158,"(8,10)",,True,26,"[7, 12, 18, 8, 10]",5,0.262573099415204,4,72,5,0.27972709551656905,68,1
159,"(8,10)",,True,26,"[7, 12, 18, 8, 10]",5,0.262573099415204,4,72,5,0.27972709551656905,68,1
160,14:4,assassinate,True,25,"[14, 11, 5, 10, 2]",5,0.29766081871345,6,74,5,0.27972709551656905,68,1
161,14:4,assassinate,True,25,"[14, 11, 5, 10, 2]",5,0.29766081871345,6,74,5,0.27972709551656905,68,1
162,9:2,assassinate,True,24,"[0, 11, 7, 9, 13]",5,0.31812865497076004,8,76,5,0.230019493177387,68,1
163,9:2,assassinate,True,24,"[0, 11, 7, 9, 13]",5,0.31812865497076004,8,76,5,0.230019493177387,68,1
164,"(4,1)",,True,27,"[0, 17, 4, 1, 12]",5,0.22472848788638203,8,77,6,0.235477582846003,69,1
165,"(4,1)",,True,27,"[0, 17, 4, 1, 12]",5,0.22472848788638203,8,77,6,0.235477582846003,69,1
166,6:12,assassinate,True,23,"[8, 6, 5, 14, 2]",6,0.200779727095516,8,78,6,0.44249512670565305,70,1
167,6:12,assassinate,True,23,"[8, 6, 5, 14, 2]",6,0.200779727095516,8,78,6,0.44249512670565305,70,1
168,"(15,16)",,True,24,"[15, 16, 5, 12, 3]",6,0.22417153996101302,6,78,6,0.299025341130604,72,1
169,"(15,16)",,True,24,"[15, 16, 5, 12, 3]",6,0.22417153996101302,6,78,6,0.299025341130604,72,1
170,2:14,assassinate,True,19,"[6, 2, 15, 13, 14]",7,0.342105263157894,6,79,5,0.412280701754385,73,1
171,2:14,assassinate,True,19,"[6, 2, 15, 13, 14]",7,0.342105263157894,6,79,5,0.412280701754385,73,1
172,"(9,0)",,True,20,"[9, 15, 1, 17, 0]",6,0.35964912280701705,6,80,5,0.482456140350877,74,1
173,"(9,0)",,True,20,"[9, 15, 1, 17, 0]",6,0.35964912280701705,6,80,5,0.482456140350877,74,1
174,14:4,assassinate,True,19,"[15, 14, 3, 16, 4]",6,0.271929824561403,8,82,5,0.225146198830409,74,1
175,14:4,assassinate,True,19,"[15, 14, 3, 16, 4]",6,0.271929824561403,8,82,5,0.225146198830409,74,1
176,"(0,8)",,True,20,"[5, 0, 13, 17, 8]",5,0.33625730994152003,8,83,5,0.482456140350877,75,1
177,"(0,8)",,True,20,"[5, 0, 13, 17, 8]",5,0.33625730994152003,8,83,5,0.482456140350877,75,1
178,"(11,3)",,True,22,"[12, 11, 3, 5, 19]",5,0.286842105263157,8,84,5,0.323391812865497,76,1
179,"(11,3)",,True,22,"[12, 11, 3, 5, 19]",5,0.286842105263157,8,84,5,0.323391812865497,76,1
180,17:8,assassinate,True,19,"[18, 5, 9, 17, 8]",4,0.07602339181286501,8,85,5,0.20467836257309902,77,1
181,17:8,assassinate,True,19,"[18, 5, 9, 17, 8]",4,0.07602339181286501,8,85,5,0.20467836257309902,77,1
182,19:6,assassinate,True,18,"[14, 12, 11, 5, 19]",3,0.029239766081871003,6,85,5,0.11695906432748501,79,1
183,19:6,assassinate,True,18,"[14, 12, 11, 5, 19]",3,0.029239766081871003,6,85,5,0.11695906432748501,79,1
184,"(3,8)",,True,18,"[3, 2, 11, 18, 8]",3,0.040935672514619006,4,85,5,0.17251461988304,81,1
185,"(3,8)",,True,18,"[3, 2, 11, 18, 8]",3,0.040935672514619006,4,85,5,0.17251461988304,81,1
186,"(16,0)",,True,15,"[6, 16, 0, 1, 14]",2,0.005847953216374001,4,86,3,0.21637426900584703,82,1
187,"(16,0)",,True,15,"[6, 16, 0, 1, 14]",2,0.005847953216374001,4,86,3,0.21637426900584703,82,1
188,15:6,assassinate,True,14,"[3, 8, 13, 10, 15]",3,0.029239766081871003,6,88,2,0.005847953216374001,82,1
189,15:6,assassinate,True,14,"[3, 8, 13, 10, 15]",3,0.029239766081871003,6,88,2,0.005847953216374001,82,1
190,11:4,assassinate,True,13,"[0, 11, 15, 10, 18]",3,0.020467836257309,8,90,2,0.0029239766081870003,82,1
191,11:4,assassinate,True,13,"[0, 11, 15, 10, 18]",3,0.020467836257309,8,90,2,0.0029239766081870003,82,1
192,5:2,assassinate,True,13,"[12, 5, 10, 18, 14]",2,0.026315789473684,9,91,2,0.026315789473684,82,1
193,5:2,assassinate,True,13,"[12, 5, 10, 18, 14]",2,0.026315789473684,9,91,2,0.026315789473684,82,1
194,"(4,0)",,True,12,"[15, 4, 0, 14, 12]",2,0.140350877192982,11,93,2,0.05847953216374201,82,1
195,"(4,0)",,True,12,"[15, 4, 0, 14, 12]",2,0.140350877192982,11,93,2,0.05847953216374201,82,1
196,10:8,assassinate,True,10,"[4, 14, 10, 11, 13]",4,0.09941520467836201,13,95,2,0.035087719298245,82,1
197,10:8,assassinate,True,10,"[4, 14, 10, 11, 13]",4,0.09941520467836201,13,95,2,0.035087719298245,82,1
198,7:4,assassinate,True,9,"[12, 15, 4, 16, 7]",3,0.040935672514619006,15,97,2,0.023391812865497002,82,1
199,7:4,assassinate,True,9,"[12, 15, 4, 16, 7]",3,0.040935672514619006,15,97,2,0.023391812865497002,82,1
200,"(14,0)",,True,10,"[13, 14, 0, 10, 9]",2,0.105263157894736,17,99,2,0.046783625730994004,82,1
201,"(14,0)",,True,10,"[13, 14, 0, 10, 9]",2,0.105263157894736,17,99,2,0.046783625730994004,82,1
202,17:4,assassinate,True,10,"[12, 7, 17, 13, 14]",2,0.105263157894736,19,101,2,0.046783625730994004,82,1
203,17:4,assassinate,True,10,"[12, 7, 17, 13, 14]",2,0.105263157894736,19,101,2,0.046783625730994004,82,1
204,"(12,1)",,True,13,"[12, 17, 0, 1, 10]",4,0.10233918128654901,21,103,3,0.049707602339181006,82,1
205,"(12,1)",,True,13,"[12, 17, 0, 1, 10]",4,0.10233918128654901,21,103,3,0.049707602339181006,82,1
206,"(0,4)",,True,13,"[0, 16, 19, 2, 4]",3,0.08187134502923901,23,105,3,0.049707602339181006,82,1
207,"(0,4)",,True,13,"[0, 16, 19, 2, 4]",3,0.08187134502923901,23,105,3,0.049707602339181006,82,1
208,"(6,1)",,True,14,"[6, 18, 0, 10, 1]",3,0.097465886939571,25,107,3,0.061403508771929,82,1
209,"(6,1)",,True,14,"[6, 18, 0, 10, 1]",3,0.097465886939571,25,107,3,0.061403508771929,82,1
210,"(16,1)",,True,16,"[11, 12, 16, 10, 1]",4,0.157894736842105,27,109,4,0.123781676413255,82,1
211,"(16,1)",,True,16,"[11, 12, 16, 10, 1]",4,0.157894736842105,27,109,4,0.123781676413255,82,1
212,13:4,assassinate,True,16,"[13, 12, 10, 17, 18]",5,0.202729044834307,29,111,4,0.106237816764132,82,1
213,13:4,assassinate,True,16,"[13, 12, 10, 17, 18]",5,0.202729044834307,29,111,4,0.106237816764132,82,1
214,"(1,5)",,True,18,"[6, 9, 1, 5, 15]",6,0.26120857699805,31,113,5,0.17251461988304,82,1
215,"(1,5)",,True,18,"[6, 9, 1, 5, 15]",6,0.26120857699805,31,113,5,0.17251461988304,82,1
216,9:4,assassinate,True,17,"[3, 13, 7, 10, 9]",5,0.28265107212475604,33,115,5,0.21150097465886902,82,1
217,9:4,assassinate,True,17,"[3, 13, 7, 10, 9]",5,0.28265107212475604,33,115,5,0.21150097465886902,82,1
218,"(11,1)",,True,19,"[11, 19, 16, 0, 1]",5,0.30116959064327403,35,117,6,0.24756335282651,82,1
219,"(11,1)",,True,19,"[11, 19, 16, 0, 1]",5,0.30116959064327403,35,117,6,0.24756335282651,82,1
220,"(3,0)",,True,19,"[3, 12, 0, 14, 13]",5,0.37426900584795303,35,118,6,0.38206627680311805,83,1
221,"(3,0)",,True,19,"[3, 12, 0, 14, 13]",5,0.37426900584795303,35,118,6,0.38206627680311805,83,1
222,2:4,assassinate,True,19,"[13, 16, 9, 2, 14]",4,0.286549707602339,35,119,6,0.34015594541910305,84,1
223,2:4,assassinate,True,19,"[13, 16, 9, 2, 14]",4,0.286549707602339,35,119,6,0.34015594541910305,84,1
224,"(13,11)",,True,21,"[6, 13, 4, 17, 11]",4,0.39181286549707606,33,119,6,0.462962962962962,86,1
225,"(13,11)",,True,21,"[6, 13, 4, 17, 11]",4,0.39181286549707606,33,119,6,0.462962962962962,86,1
226,"(5,2)",,True,24,"[11, 5, 2, 14, 7]",5,0.28557504873294304,33,120,6,0.32261208576998,87,1
227,"(5,2)",,True,24,"[11, 5, 2, 14, 7]",5,0.28557504873294304,33,120,6,0.32261208576998,87,1
228,"(15,0)",,True,24,"[15, 0, 16, 11, 10]",4,0.18128654970760202,31,120,6,0.32456140350877105,89,1
229,"(15,0)",,True,24,"[15, 0, 16, 11, 10]",4,0.18128654970760202,31,120,6,0.32456140350877105,89,1
230,"(14,0)",,True,24,"[14, 0, 13, 19, 8]",3,0.087719298245614,29,120,6,0.24756335282651,91,1
231,"(14,0)",,True,24,"[14, 0, 13, 19, 8]",3,0.087719298245614,29,120,6,0.24756335282651,91,1
232,17:2,assassinate,True,24,"[16, 18, 8, 15, 17]",2,0.0,27,120,6,0.154970760233918,93,1
233,17:2,assassinate,True,24,"[16, 18, 8, 15, 17]",2,0.0,27,120,6,0.154970760233918,93,1
234,"(2,1)",,True,25,"[2, 6, 13, 1, 8]",2,0.0,25,120,6,0.149220272904483,95,1
235,"(2,1)",,True,25,"[2, 6, 13, 1, 8]",2,0.0,25,120,6,0.149220272904483,95,1
236,"(14,15)",,True,27,"[7, 14, 10, 15, 12]",2,0.0,23,120,6,0.147953216374268,97,1
237,"(14,15)",,True,27,"[7, 14, 10, 15, 12]",2,0.0,23,120,6,0.147953216374268,97,1
238,"(19,1)",,True,27,"[19, 3, 13, 17, 1]",2,0.0,21,120,6,0.18888888888888802,99,1
239,"(19,1)",,True,27,"[19, 3, 13, 17, 1]",2,0.0,21,120,6,0.18888888888888802,99,1
240,14:4,assassinate,True,26,"[18, 3, 14, 8, 16]",2,0.0,19,120,6,0.17212475633528201,101,1
241,14:4,assassinate,True,26,"[18, 3, 14, 8, 16]",2,0.0,19,120,6,0.17212475633528201,101,1
242,5:14,assassinate,True,21,"[4, 11, 10, 0, 5]",1,0.0,17,120,5,0.18079922027290402,103,1
243,5:14,assassinate,True,21,"[4, 11, 10, 0, 5]",1,0.0,17,120,5,0.18079922027290402,103,1
244,"(7,1)",,True,24,"[7, 19, 16, 1, 3]",1,0.0,15,120,6,0.22962962962962902,105,1
245,"(7,1)",,True,24,"[7, 19, 16, 1, 3]",1,0.0,15,120,6,0.22962962962962902,105,1
246,13:10,assassinate,True,20,"[13, 6, 9, 11, 0]",1,0.0,13,120,6,0.20224171539961003,107,1
247,13:10,assassinate,True,20,"[13, 6, 9, 11, 0]",1,0.0,13,120,6,0.20224171539961003,107,1
248,"(4,16)",,True,21,"[6, 2, 4, 1, 16]",1,0.0,11,120,6,0.22836257309941502,109,1
249,"(4,16)",,True,21,"[6, 2, 4, 1, 16]",1,0.0,11,120,6,0.22836257309941502,109,1
250,3:12,assassinate,True,16,"[3, 17, 19, 15, 6]",1,0.0,9,120,6,0.32456140350877105,111,1
251,3:12,assassinate,True,16,"[3, 17, 19, 15, 6]",1,0.0,9,120,6,0.32456140350877105,111,1
252,13:2,assassinate,True,17,"[15, 13, 17, 14, 10]",2,0.05847953216374201,7,120,6,0.23391812865497003,113,1
253,13:2,assassinate,True,17,"[15, 13, 17, 14, 10]",2,0.05847953216374201,7,120,6,0.23391812865497003,113,1
254,9:10,assassinate,True,13,"[17, 16, 6, 9, 13]",1,0.0,5,120,6,0.251461988304093,115,1
255,9:10,assassinate,True,13,"[17, 16, 6, 9, 13]",1,0.0,5,120,6,0.251461988304093,115,1
256,"(1,3)",,True,13,"[19, 0, 1, 15, 3]",1,0.0,3,120,6,0.31578947368421,117,1
257,"(1,3)",,True,13,"[19, 0, 1, 15, 3]",1,0.0,3,120,6,0.31578947368421,117,1
258,"(14,16)",,True,14,"[14, 16, 9, 10, 3]",1,0.0,1,120,6,0.304093567251461,119,1
259,"(14,16)",,True,14,"[14, 16, 9, 10, 3]",1,0.0,1,120,6,0.304093567251461,119,1
260,"(5,12)",,True,14,"[5, 12, 8, 10, 17]",1,0.0,-1,120,5,0.21637426900584703,121,1
261,"(5,12)",,True,14,"[5, 12, 8, 10, 17]",1,0.0,-1,120,5,0.21637426900584703,121,1
262,"(7,16)",,True,17,"[0, 5, 13, 7, 16]",1,0.0,-3,120,5,0.17153996101364502,123,1
263,"(7,16)",,True,17,"[0, 5, 13, 7, 16]",1,0.0,-3,120,5,0.17153996101364502,123,1
264,"(3,11)",,True,17,"[3, 4, 14, 11, 5]",1,0.0,-5,120,4,0.19298245614035,125,1
265,"(3,11)",,True,17,"[3, 4, 14, 11, 5]",1,0.0,-5,120,4,0.19298245614035,125,1
266,15:6,assassinate,True,15,"[6, 3, 14, 15, 16]",1,0.0,-7,120,4,0.23391812865497003,127,1
267,15:6,assassinate,True,15,"[6, 3, 14, 15, 16]",1,0.0,-7,120,4,0.23391812865497003,127,1
268,"(7,17)",,True,17,"[7, 15, 17, 18, 8]",1,0.0,-9,120,4,0.280701754385964,129,1
269,"(7,17)",,True,17,"[7, 15, 17, 18, 8]",1,0.0,-9,120,4,0.280701754385964,129,1
270,"(12,9)",,True,19,"[12, 5, 0, 9, 13]",1,0.0,-11,120,4,0.22222222222222202,131,1
271,"(12,9)",,True,19,"[12, 5, 0, 9, 13]",1,0.0,-11,120,4,0.22222222222222202,131,1
272,"(14,2)",,True,20,"[11, 4, 8, 14, 2]",1,0.0,-13,120,4,0.26608187134502903,133,1
273,"(14,2)",,True,20,"[11, 4, 8, 14, 2]",1,0.0,-13,120,4,0.26608187134502903,133,1
274,"(15,1)",,True,22,"[15, 9, 19, 1, 14]",1,0.0,-15,120,5,0.34892787524366403,135,1
275,"(15,1)",,True,22,"[15, 9, 19, 1, 14]",1,0.0,-15,120,5,0.34892787524366403,135,1
276,"(10,3)",,True,24,"[11, 10, 3, 13, 2]",1,0.0,-17,120,5,0.24756335282651,137,1
277,"(10,3)",,True,24,"[11, 10, 3, 13, 2]",1,0.0,-17,120,5,0.24756335282651,137,1
278,"(12,13)",,True,27,"[12, 14, 0, 13, 3]",1,0.0,-19,120,5,0.21003898635477503,139,1
279,"(12,13)",,True,27,"[12, 14, 0, 13, 3]",1,0.0,-19,120,5,0.21003898635477503,139,1
280,5:6,assassinate,True,26,"[6, 12, 18, 5, 8]",1,0.0,-21,120,5,0.10467836257309901,141,1
281,5:6,assassinate,True,26,"[6, 12, 18, 5, 8]",1,0.0,-21,120,5,0.10467836257309901,141,1
282,16:16,assassinate,True,20,"[14, 12, 15, 9, 16]",1,0.0,-23,120,5,0.32748538011695905,143,1
283,16:16,assassinate,True,20,"[14, 12, 15, 9, 16]",1,0.0,-23,120,5,0.32748538011695905,143,1
284,11:4,assassinate,True,20,"[11, 18, 0, 12, 17]",1,0.0,-25,120,5,0.18713450292397601,145,1
285,11:4,assassinate,True,20,"[11, 18, 0, 12, 17]",1,0.0,-25,120,5,0.18713450292397601,145,1
286,"(1,5)",,True,23,"[1, 13, 7, 9, 5]",1,0.0,-27,120,6,0.21150097465886902,147,1
287,"(1,5)",,True,23,"[1, 13, 7, 9, 5]",1,0.0,-27,120,6,0.21150097465886902,147,1
288,13:8,assassinate,True,20,"[16, 3, 7, 0, 13]",1,0.0,-29,120,6,0.19883040935672502,149,1
289,13:8,assassinate,True,20,"[16, 3, 7, 0, 13]",1,0.0,-29,120,6,0.19883040935672502,149,1
290,"(11,7)",,True,22,"[5, 11, 7, 10, 18]",2,0.011695906432748001,-31,120,6,0.242690058479532,151,1
291,"(11,7)",,True,22,"[5, 11, 7, 10, 18]",2,0.011695906432748001,-31,120,6,0.242690058479532,151,1
292,"(9,1)",,True,24,"[9, 1, 3, 10, 17]",2,0.014619883040935,-33,120,7,0.26998050682261204,153,1
293,"(9,1)",,True,24,"[9, 1, 3, 10, 17]",2,0.014619883040935,-33,120,7,0.26998050682261204,153,1
294,"(13,17)",,True,24,"[13, 19, 10, 9, 17]",2,0.020467836257309,-35,120,6,0.23879142300194903,155,1
295,"(13,17)",,True,24,"[13, 19, 10, 9, 17]",2,0.020467836257309,-35,120,6,0.23879142300194903,155,1
296,"(6,15)",,True,27,"[0, 6, 19, 18, 15]",4,0.09064327485380101,-37,120,6,0.27436647173489204,157,1
297,"(6,15)",,True,27,"[0, 6, 19, 18, 15]",4,0.09064327485380101,-37,120,6,0.27436647173489204,157,1
298,14:8,assassinate,True,22,"[14, 13, 19, 8, 5]",4,0.10428849902534101,-39,120,5,0.421052631578947,159,1
299,14:8,assassinate,True,22,"[14, 13, 19, 8, 5]",4,0.10428849902534101,-39,120,5,0.421052631578947,159,1
300,"(11,19)",,True,23,"[11, 2, 10, 18, 19]",4,0.069200779727095,-41,120,5,0.309941520467836,161,1
301,"(11,19)",,True,23,"[11, 2, 10, 18, 19]",4,0.069200779727095,-41,120,5,0.309941520467836,161,1
302,"(16,2)",,True,24,"[6, 16, 9, 17, 2]",4,0.109161793372319,-43,120,5,0.38547758284600303,163,1
303,"(16,2)",,True,24,"[6, 16, 9, 17, 2]",4,0.109161793372319,-43,120,5,0.38547758284600303,163,1
304,"(17,10)",,True,26,"[16, 17, 10, 7, 18]",4,0.11988304093567201,-45,120,5,0.362085769980506,165,1
305,"(17,10)",,True,26,"[16, 17, 10, 7, 18]",4,0.11988304093567201,-45,120,5,0.362085769980506,165,1
306,"(3,0)",,True,27,"[5, 3, 0, 16, 2]",5,0.201267056530214,-47,120,5,0.36549707602339104,167,1
307,"(3,0)",,True,27,"[5, 3, 0, 16, 2]",5,0.201267056530214,-47,120,5,0.36549707602339104,167,1
308,"(6,1)",,True,30,"[7, 3, 6, 1, 5]",7,0.334252297410192,-45,122,6,0.22716513505987102,167,1
309,"(6,1)",,True,30,"[7, 3, 6, 1, 5]",7,0.334252297410192,-45,122,6,0.22716513505987102,167,1
310,"(19,14)",,True,30,"[2, 19, 3, 4, 14]",7,0.366123642439431,-43,124,6,0.31049846839320505,167,1
311,"(19,14)",,True,30,"[2, 19, 3, 4, 14]",7,0.366123642439431,-43,124,6,0.31049846839320505,167,1
312,"(1,9)",,True,32,"[3, 1, 7, 0, 9]",7,0.25959595959595905,-43,125,7,0.334525075314548,168,1
313,"(1,9)",,True,32,"[3, 1, 7, 0, 9]",7,0.25959595959595905,-43,125,7,0.334525075314548,168,1
314,11:10,assassinate,True,28,"[5, 6, 13, 0, 11]",6,0.217488164856585,-45,125,7,0.372013366750208,170,1
315,11:10,assassinate,True,28,"[5, 6, 13, 0, 11]",6,0.217488164856585,-45,125,7,0.372013366750208,170,1
316,"(13,0)",,True,28,"[13, 0, 4, 19, 3]",5,0.16791979949874603,-47,125,7,0.369256474519632,172,1
317,"(13,0)",,True,28,"[13, 0, 4, 19, 3]",5,0.16791979949874603,-47,125,7,0.369256474519632,172,1
318,"(11,19)",,True,30,"[11, 8, 19, 4, 14]",5,0.178965933351898,-49,125,7,0.36424394319131104,174,1
319,"(11,19)",,True,30,"[11, 8, 19, 4, 14]",5,0.178965933351898,-49,125,7,0.36424394319131104,174,1
320,"(9,19)",,True,30,"[9, 18, 2, 19, 17]",5,0.188680033416875,-51,125,6,0.289974937343358,176,1
321,"(9,19)",,True,30,"[9, 18, 2, 19, 17]",5,0.188680033416875,-51,125,6,0.289974937343358,176,1
322,"(1,13)",,True,30,"[1, 13, 9, 6, 14]",5,0.18338902812587002,-53,125,6,0.32241715399610105,178,1
323,"(1,13)",,True,30,"[1, 13, 9, 6, 14]",5,0.18338902812587002,-53,125,6,0.32241715399610105,178,1
324,15:12,assassinate,True,25,"[3, 15, 19, 10, 13]",4,0.11588693957115001,-55,125,5,0.274463937621832,180,1
325,15:12,assassinate,True,25,"[3, 15, 19, 10, 13]",4,0.11588693957115001,-55,125,5,0.274463937621832,180,1
326,12:6,assassinate,True,22,"[15, 3, 0, 12, 17]",3,0.11208576998050601,-57,125,5,0.26608187134502903,182,1
327,12:6,assassinate,True,22,"[15, 3, 0, 12, 17]",3,0.11208576998050601,-57,125,5,0.26608187134502903,182,1
328,7:14,assassinate,True,17,"[7, 14, 19, 4, 3]",2,0.08187134502923901,-59,125,4,0.33918128654970703,184,1
329,7:14,assassinate,True,17,"[7, 14, 19, 4, 3]",2,0.08187134502923901,-59,125,4,0.33918128654970703,184,1
330,"(1,4)",,True,19,"[1, 4, 5, 11, 13]",2,0.08187134502923901,-61,125,5,0.28557504873294304,186,1
331,"(1,4)",,True,19,"[1, 4, 5, 11, 13]",2,0.08187134502923901,-61,125,5,0.28557504873294304,186,1
332,"(7,1)",,True,21,"[10, 19, 7, 6, 1]",2,0.087719298245614,-63,125,6,0.304580896686159,188,1
333,"(7,1)",,True,21,"[10, 19, 7, 6, 1]",2,0.087719298245614,-63,125,6,0.304580896686159,188,1
334,"(1,16)",,True,22,"[1, 13, 3, 16, 4]",3,0.08576998050682201,-65,125,6,0.230019493177387,190,1
335,"(1,16)",,True,22,"[1, 13, 3, 16, 4]",3,0.08576998050682201,-65,125,6,0.230019493177387,190,1
336,"(1,9)",,True,25,"[0, 12, 1, 9, 3]",3,0.05847953216374201,-67,125,7,0.21929824561403502,192,1
337,"(1,9)",,True,25,"[0, 12, 1, 9, 3]",3,0.05847953216374201,-67,125,7,0.21929824561403502,192,1
338,4:12,assassinate,True,21,"[10, 4, 2, 8, 18]",2,0.020467836257309,-69,125,6,0.240155945419103,194,1
339,4:12,assassinate,True,21,"[10, 4, 2, 8, 18]",2,0.020467836257309,-69,125,6,0.240155945419103,194,1
340,"(15,1)",,True,23,"[14, 7, 15, 1, 11]",2,0.032163742690058006,-71,125,7,0.297270955165691,196,1
341,"(15,1)",,True,23,"[14, 7, 15, 1, 11]",2,0.032163742690058006,-71,125,7,0.297270955165691,196,1
342,"(2,10)",,True,26,"[13, 7, 18, 2, 10]",4,0.086605402394876,-73,125,8,0.297270955165692,198,1
343,"(2,10)",,True,26,"[13, 7, 18, 2, 10]",4,0.086605402394876,-73,125,8,0.297270955165692,198,1
344,"(1,12)",,True,28,"[10, 3, 1, 12, 16]",4,0.100250626566416,-75,125,9,0.360623781676413,200,1
345,"(1,12)",,True,28,"[10, 3, 1, 12, 16]",4,0.100250626566416,-75,125,9,0.360623781676413,200,1
346,"(16,0)",,True,29,"[16, 10, 15, 0, 1]",5,0.129977722082985,-77,125,9,0.365009746588693,202,1
347,"(16,0)",,True,29,"[16, 10, 15, 0, 1]",5,0.129977722082985,-77,125,9,0.365009746588693,202,1
348,"(1,6)",,True,29,"[1, 10, 6, 11, 7]",5,0.17134502923976602,-79,125,9,0.43050682261208506,204,1
349,"(1,6)",,True,29,"[1, 10, 6, 11, 7]",5,0.17134502923976602,-79,125,9,0.43050682261208506,204,1
350,"(1,19)",,True,29,"[11, 18, 2, 1, 19]",5,0.11822612085769901,-81,125,9,0.420597790773229,206,1
351,"(1,19)",,True,29,"[11, 18, 2, 1, 19]",5,0.11822612085769901,-81,125,9,0.420597790773229,206,1
352,"(8,0)",,True,27,"[8, 0, 9, 18, 12]",4,0.029239766081871003,-83,125,8,0.34132553606237803,208,1
353,"(8,0)",,True,27,"[8, 0, 9, 18, 12]",4,0.029239766081871003,-83,125,8,0.34132553606237803,208,1
354,"(4,16)",,True,30,"[4, 3, 19, 16, 6]",4,0.035087719298245,-85,125,8,0.340350877192982,210,1
355,"(4,16)",,True,30,"[4, 3, 19, 16, 6]",4,0.035087719298245,-85,125,8,0.340350877192982,210,1
356,"(1,6)",,True,32,"[14, 1, 7, 6, 4]",4,0.045084934558618006,-87,125,9,0.40611250348092404,212,1
357,"(1,6)",,True,32,"[14, 1, 7, 6, 4]",4,0.045084934558618006,-87,125,9,0.40611250348092404,212,1
358,"(14,1)",,True,35,"[15, 14, 1, 16, 9]",6,0.10614035087719301,-89,125,10,0.40068226120857703,214,1
359,"(14,1)",,True,35,"[15, 14, 1, 16, 9]",6,0.10614035087719301,-89,125,10,0.40068226120857703,214,1
360,"(7,16)",,True,35,"[12, 14, 7, 16, 4]",7,0.14278752436647102,-91,125,10,0.429044834307992,216,1
361,"(7,16)",,True,35,"[12, 14, 7, 16, 4]",7,0.14278752436647102,-91,125,10,0.429044834307992,216,1
362,3:8,assassinate,True,32,"[14, 13, 0, 3, 8]",6,0.135477582846003,-93,125,10,0.432261208576997,218,1
363,3:8,assassinate,True,32,"[14, 13, 0, 3, 8]",6,0.135477582846003,-93,125,10,0.432261208576997,218,1
364,"(19,2)",,True,33,"[19, 10, 2, 15, 13]",8,0.311500974658869,-95,125,10,0.422807017543859,220,1
365,"(19,2)",,True,33,"[19, 10, 2, 15, 13]",8,0.311500974658869,-95,125,10,0.422807017543859,220,1
366,17:8,assassinate,True,31,"[13, 8, 2, 17, 19]",8,0.27485380116959,-97,125,10,0.40740740740740705,222,1
367,17:8,assassinate,True,31,"[13, 8, 2, 17, 19]",8,0.27485380116959,-97,125,10,0.40740740740740705,222,1
368,"(4,0)",,True,32,"[4, 0, 11, 14, 9]",7,0.212670565302144,-99,125,10,0.397855750487329,224,1
369,"(4,0)",,True,32,"[4, 0, 11, 14, 9]",7,0.212670565302144,-99,125,10,0.397855750487329,224,1
370,"(5,7)",,True,33,"[9, 5, 4, 7, 15]",7,0.197855750487329,-101,125,10,0.378654970760233,226,1
371,"(5,7)",,True,33,"[9, 5, 4, 7, 15]",7,0.197855750487329,-101,125,10,0.378654970760233,226,1
372,"(1,8)",,True,34,"[0, 5, 1, 8, 18]",7,0.17514619883040902,-103,125,11,0.42768031189083805,228,1
373,"(1,8)",,True,34,"[0, 5, 1, 8, 18]",7,0.17514619883040902,-103,125,11,0.42768031189083805,228,1
374,"(1,3)",,True,34,"[6, 1, 0, 3, 8]",7,0.158089668615984,-105,125,12,0.47787524366471706,230,1
375,"(1,3)",,True,34,"[6, 1, 0, 3, 8]",7,0.158089668615984,-105,125,12,0.47787524366471706,230,1
376,2:6,assassinate,True,32,"[2, 11, 9, 10, 17]",7,0.118908382066276,-107,125,12,0.46725146198830403,232,1
377,2:6,assassinate,True,32,"[2, 11, 9, 10, 17]",7,0.118908382066276,-107,125,12,0.46725146198830403,232,1
378,19:14,assassinate,True,23,"[14, 1, 15, 2, 19]",6,0.176900584795321,-109,125,9,0.49171539961013605,234,1
379,19:14,assassinate,True,23,"[14, 1, 15, 2, 19]",6,0.176900584795321,-109,125,9,0.49171539961013605,234,1
380,"(17,6)",,True,25,"[17, 8, 7, 6, 9]",6,0.18859649122807,-111,125,9,0.53849902534113,236,1
381,"(17,6)",,True,25,"[17, 8, 7, 6, 9]",6,0.18859649122807,-111,125,9,0.53849902534113,236,1
382,"(18,1)",,True,25,"[18, 9, 8, 6, 1]",6,0.18859649122807,-113,125,9,0.53849902534113,238,1
383,"(18,1)",,True,25,"[18, 9, 8, 6, 1]",6,0.18859649122807,-113,125,9,0.53849902534113,238,1
384,"(15,3)",,True,27,"[10, 15, 8, 4, 3]",6,0.18421052631578902,-115,125,9,0.487914230019493,240,1
385,"(15,3)",,True,27,"[10, 15, 8, 4, 3]",6,0.18421052631578902,-115,125,9,0.487914230019493,240,1
386,"(17,2)",,True,28,"[11, 17, 9, 10, 2]",6,0.18407128933444702,-117,125,9,0.48443330548593705,242,1
387,"(17,2)",,True,28,"[11, 17, 9, 10, 2]",6,0.18407128933444702,-117,125,9,0.48443330548593705,242,1
388,5:2,assassinate,True,26,"[10, 12, 3, 7, 5]",5,0.109161793372319,-119,125,8,0.415204678362573,244,1
389,5:2,assassinate,True,26,"[10, 12, 3, 7, 5]",5,0.109161793372319,-119,125,8,0.415204678362573,244,1
390,"(8,12)",,True,28,"[8, 12, 19, 9, 18]",5,0.114035087719298,-121,125,8,0.40857699805068204,246,1
391,"(8,12)",,True,28,"[8, 12, 19, 9, 18]",5,0.114035087719298,-121,125,8,0.40857699805068204,246,1
392,"(0,17)",,True,28,"[0, 15, 17, 7, 8]",5,0.114035087719298,-123,125,8,0.40857699805068204,248,1
393,"(0,17)",,True,28,"[0, 15, 17, 7, 8]",5,0.114035087719298,-123,125,8,0.40857699805068204,248,1
394,"(1,5)",,True,31,"[1, 5, 8, 3, 10]",5,0.11306042884990201,-125,125,9,0.358841548315232,250,1
395,"(1,5)",,True,31,"[1, 5, 8, 3, 10]",5,0.11306042884990201,-125,125,9,0.358841548315232,250,1
396,"(16,3)",,True,31,"[16, 8, 18, 15, 3]",5,0.11306042884990201,-127,125,9,0.33808131439710304,252,1
397,"(16,3)",,True,31,"[16, 8, 18, 15, 3]",5,0.11306042884990201,-127,125,9,0.33808131439710304,252,1
398,"(12,5)",,True,31,"[12, 13, 5, 2, 3]",5,0.11452241715399601,-129,125,8,0.294736842105263,254,1
399,"(12,5)",,True,31,"[12, 13, 5, 2, 3]",5,0.11452241715399601,-129,125,8,0.294736842105263,254,1
400,11:2,assassinate,True,32,"[15, 11, 17, 18, 5]",6,0.09356725146198801,-131,125,8,0.22651072124756302,256,1
401,11:2,assassinate,True,32,"[15, 11, 17, 18, 5]",6,0.09356725146198801,-131,125,8,0.22651072124756302,256,1
402,"(11,3)",,True,33,"[10, 11, 0, 3, 13]",6,0.13352826510721202,-133,125,8,0.25409356725146104,258,1
403,"(11,3)",,True,33,"[10, 11, 0, 3, 13]",6,0.13352826510721202,-133,125,8,0.25409356725146104,258,1
404,15:10,assassinate,True,30,"[15, 3, 4, 12, 6]",5,0.11686159844054501,-135,125,7,0.18635477582846,260,1
405,15:10,assassinate,True,30,"[15, 3, 4, 12, 6]",5,0.11686159844054501,-135,125,7,0.18635477582846,260,1
406,18:12,assassinate,True,26,"[18, 4, 17, 9, 0]",5,0.202729044834307,-137,125,6,0.269005847953216,262,1
407,18:12,assassinate,True,26,"[18, 4, 17, 9, 0]",5,0.202729044834307,-137,125,6,0.269005847953216,262,1
408,7:6,assassinate,True,25,"[3, 15, 13, 5, 7]",4,0.09941520467836201,-139,125,6,0.25341130604288503,264,1
409,7:6,assassinate,True,25,"[3, 15, 13, 5, 7]",4,0.09941520467836201,-139,125,6,0.25341130604288503,264,1
410,"(19,1)",,True,27,"[16, 19, 12, 7, 1]",4,0.05526315789473601,-141,125,7,0.22884990253411303,266,1
411,"(19,1)",,True,27,"[16, 19, 12, 7, 1]",4,0.05526315789473601,-141,125,7,0.22884990253411303,266,1
412,"(7,6)",,True,30,"[9, 3, 4, 7, 6]",6,0.145224171539961,-143,125,7,0.223196881091617,268,1
413,"(7,6)",,True,30,"[9, 3, 4, 7, 6]",6,0.145224171539961,-143,125,7,0.223196881091617,268,1
414,"(1,14)",,True,31,"[1, 19, 15, 8, 14]",6,0.100292397660818,-145,125,8,0.27719298245614005,270,1
415,"(1,14)",,True,31,"[1, 19, 15, 8, 14]",6,0.100292397660818,-145,125,8,0.27719298245614005,270,1
416,17:10,assassinate,True,27,"[12, 0, 6, 9, 17]",6,0.107602339181286,-147,125,8,0.317153996101364,272,1
417,17:10,assassinate,True,27,"[12, 0, 6, 9, 17]",6,0.107602339181286,-147,125,8,0.317153996101364,272,1
418,"(18,4)",,True,29,"[18, 5, 4, 14, 3]",6,0.11111111111111101,-149,125,8,0.334307992202728,274,1
419,"(18,4)",,True,29,"[18, 5, 4, 14, 3]",6,0.11111111111111101,-149,125,8,0.334307992202728,274,1
420,"(16,15)",,True,32,"[16, 3, 4, 11, 15]",6,0.096491228070175,-151,125,8,0.323099415204678,276,1
421,"(16,15)",,True,32,"[16, 3, 4, 11, 15]",6,0.096491228070175,-151,125,8,0.323099415204678,276,1
422,"(1,18)",,True,32,"[11, 3, 1, 0, 18]",6,0.135477582846003,-153,125,9,0.37446393762183205,278,1
423,"(1,18)",,True,32,"[11, 3, 1, 0, 18]",6,0.135477582846003,-153,125,9,0.37446393762183205,278,1
424,10:14,assassinate,True,27,"[9, 10, 8, 16, 11]",6,0.130994152046783,-155,125,9,0.43235867446393705,280,1
425,10:14,assassinate,True,27,"[9, 10, 8, 16, 11]",6,0.130994152046783,-155,125,9,0.43235867446393705,280,1
426,"(0,3)",,True,27,"[12, 0, 3, 1, 13]",6,0.157337788916736,-157,125,9,0.39919242550821404,282,1
427,"(0,3)",,True,27,"[12, 0, 3, 1, 13]",6,0.157337788916736,-157,125,9,0.39919242550821404,282,1
428,"(3,10)",,True,29,"[14, 3, 15, 10, 9]",6,0.159356725146198,-159,125,9,0.455896686159844,284,1
429,"(3,10)",,True,29,"[14, 3, 15, 10, 9]",6,0.159356725146198,-159,125,9,0.455896686159844,284,1
430,"(2,1)",,True,29,"[17, 2, 1, 18, 11]",6,0.150877192982456,-161,125,9,0.45073099415204604,286,1
431,"(2,1)",,True,29,"[17, 2, 1, 18, 11]",6,0.150877192982456,-161,125,9,0.45073099415204604,286,1
432,"(4,0)",,True,29,"[17, 4, 10, 14, 0]",5,0.097855750487329,-163,125,9,0.426023391812865,288,1
433,"(4,0)",,True,29,"[17, 4, 10, 14, 0]",5,0.097855750487329,-163,125,9,0.426023391812865,288,1
434,"(4,16)",,True,30,"[4, 8, 0, 16, 1]",5,0.09980506822612001,-165,125,9,0.406530214424951,290,1
435,"(4,16)",,True,30,"[4, 8, 0, 16, 1]",5,0.09980506822612001,-165,125,9,0.406530214424951,290,1
436,"(5,1)",,True,30,"[5, 6, 1, 11, 8]",5,0.034990253411306,-167,125,10,0.40896686159844003,292,1
437,"(5,1)",,True,30,"[5, 6, 1, 11, 8]",5,0.034990253411306,-167,125,10,0.40896686159844003,292,1
438,"(1,10)",,True,32,"[13, 6, 8, 1, 10]",6,0.051559454191033006,-169,125,11,0.40555555555555506,294,1
439,"(1,10)",,True,32,"[13, 6, 8, 1, 10]",6,0.051559454191033006,-169,125,11,0.40555555555555506,294,1
440,"(0,5)",,True,32,"[0, 7, 16, 11, 5]",5,0.027680311890838003,-171,125,11,0.42261208576998005,296,1
441,"(0,5)",,True,32,"[0, 7, 16, 11, 5]",5,0.027680311890838003,-171,125,11,0.42261208576998005,296,1
442,"(6,15)",,True,32,"[6, 13, 15, 4, 16]",5,0.027680311890838003,-173,125,11,0.372904483430799,298,1
443,"(6,15)",,True,32,"[6, 13, 15, 4, 16]",5,0.027680311890838003,-173,125,11,0.372904483430799,298,1
444,"(4,11)",,True,35,"[4, 11, 10, 8, 13]",5,0.034990253411306,-175,125,11,0.35545808966861503,300,1
445,"(4,11)",,True,35,"[4, 11, 10, 8, 13]",5,0.034990253411306,-175,125,11,0.35545808966861503,300,1
446,"(13,19)",,True,33,"[9, 13, 19, 2, 15]",5,0.038888888888888,-177,125,10,0.34122807017543805,302,1
447,"(13,19)",,True,33,"[9, 13, 19, 2, 15]",5,0.038888888888888,-177,125,10,0.34122807017543805,302,1
448,"(0,10)",,True,33,"[1, 0, 14, 2, 10]",4,0.019005847953216002,-179,125,10,0.37378167641325505,304,1
449,"(0,10)",,True,33,"[1, 0, 14, 2, 10]",4,0.019005847953216002,-179,125,10,0.37378167641325505,304,1
450,"(0,14)",,True,33,"[0, 2, 14, 9, 11]",3,0.004873294346978,-181,125,10,0.37037037037037,306,1
451,"(0,14)",,True,33,"[0, 2, 14, 9, 11]",3,0.004873294346978,-181,125,10,0.37037037037037,306,1
452,"(2,1)",,True,33,"[6, 2, 19, 1, 9]",3,0.004873294346978,-183,125,10,0.37037037037037,308,1
453,"(2,1)",,True,33,"[6, 2, 19, 1, 9]",3,0.004873294346978,-183,125,10,0.37037037037037,308,1
454,"(7,1)",,True,34,"[10, 7, 1, 9, 8]",3,0.007309941520467001,-185,125,10,0.326998050682261,310,1
455,"(7,1)",,True,34,"[10, 7, 1, 9, 8]",3,0.007309941520467001,-185,125,10,0.326998050682261,310,1
456,"(18,4)",,True,34,"[0, 15, 18, 13, 4]",3,0.006822612085769001,-187,125,9,0.29640768588137,312,1
457,"(18,4)",,True,34,"[0, 15, 18, 13, 4]",3,0.006822612085769001,-187,125,9,0.29640768588137,312,1
458,"(1,11)",,True,36,"[8, 1, 6, 7, 11]",3,0.005555555555555001,-189,125,10,0.33576998050682205,314,1
459,"(1,11)",,True,36,"[8, 1, 6, 7, 11]",3,0.005555555555555001,-189,125,10,0.33576998050682205,314,1
460,"(10,3)",,True,37,"[0, 10, 19, 3, 8]",5,0.13177387914230002,-191,125,10,0.398419660261765,316,1
461,"(10,3)",,True,37,"[0, 10, 19, 3, 8]",5,0.13177387914230002,-191,125,10,0.398419660261765,316,1
462,6:14,assassinate,True,32,"[5, 10, 6, 3, 14]",6,0.14100529100529102,-193,125,10,0.374338624338624,318,1
463,6:14,assassinate,True,32,"[5, 10, 6, 3, 14]",6,0.14100529100529102,-193,125,10,0.374338624338624,318,1
464,"(4,0)",,True,32,"[5, 19, 4, 0, 8]",5,0.207797270955165,-195,125,10,0.43567251461988304,320,1
465,"(4,0)",,True,32,"[5, 19, 4, 0, 8]",5,0.207797270955165,-195,125,10,0.43567251461988304,320,1
466,"(1,17)",,True,34,"[10, 8, 1, 7, 17]",5,0.056544138123085,-197,125,11,0.475494291283764,322,1
467,"(1,17)",,True,34,"[10, 8, 1, 7, 17]",5,0.056544138123085,-197,125,11,0.475494291283764,322,1
468,"(5,12)",,True,35,"[9, 5, 12, 10, 3]",6,0.08675856307435201,-199,125,11,0.455931495405179,324,1
469,"(5,12)",,True,35,"[9, 5, 12, 10, 3]",6,0.08675856307435201,-199,125,11,0.455931495405179,324,1
470,"(10,16)",,True,37,"[10, 4, 19, 0, 16]",7,0.13393205235310401,-201,125,11,0.41558061821219705,326,1
471,"(10,16)",,True,37,"[10, 4, 19, 0, 16]",7,0.13393205235310401,-201,125,11,0.41558061821219705,326,1
472,"(3,6)",,True,40,"[2, 16, 7, 3, 6]",7,0.143622946254525,-203,125,11,0.46448760790866006,328,1
473,"(3,6)",,True,40,"[2, 16, 7, 3, 6]",7,0.143622946254525,-203,125,11,0.46448760790866006,328,1
474,"(1,8)",,True,42,"[13, 9, 1, 6, 8]",7,0.14236517218973302,-205,125,12,0.43422677063027904,330,1
475,"(1,8)",,True,42,"[13, 9, 1, 6, 8]",7,0.14236517218973302,-205,125,12,0.43422677063027904,330,1
476,"(0,7)",,True,39,"[3, 0, 8, 7, 15]",6,0.12009189640768501,-207,125,10,0.39541910331384,332,1
477,"(0,7)",,True,39,"[3, 0, 8, 7, 15]",6,0.12009189640768501,-207,125,10,0.39541910331384,332,1
478,9:12,assassinate,True,34,"[16, 12, 9, 17, 19]",5,0.08187134502923901,-209,125,10,0.41861598440545805,334,1
479,9:12,assassinate,True,34,"[16, 12, 9, 17, 19]",5,0.08187134502923901,-209,125,10,0.41861598440545805,334,1
480,"(1,9)",,True,34,"[10, 1, 16, 9, 4]",5,0.08187134502923901,-211,125,10,0.41861598440545705,336,1
481,"(1,9)",,True,34,"[10, 1, 16, 9, 4]",5,0.08187134502923901,-211,125,10,0.41861598440545705,336,1
482,15:4,assassinate,True,33,"[15, 13, 11, 9, 8]",5,0.12066276803118901,-213,125,10,0.322904483430799,338,1
483,15:4,assassinate,True,33,"[15, 13, 11, 9, 8]",5,0.12066276803118901,-213,125,10,0.322904483430799,338,1
484,8:14,assassinate,True,28,"[5, 8, 9, 2, 10]",5,0.11598440545808901,-215,125,9,0.296296296296296,340,1
485,8:14,assassinate,True,28,"[5, 8, 9, 2, 10]",5,0.11598440545808901,-215,125,9,0.296296296296296,340,1
486,"(18,15)",,True,31,"[18, 16, 4, 15, 13]",5,0.170565302144249,-217,125,9,0.37231968810916105,342,1
487,"(18,15)",,True,31,"[18, 16, 4, 15, 13]",5,0.170565302144249,-217,125,9,0.37231968810916105,342,1
488,14:14,assassinate,True,23,"[19, 0, 14, 8, 12]",4,0.08576998050682201,-219,125,8,0.41423001949317706,344,1
489,14:14,assassinate,True,23,"[19, 0, 14, 8, 12]",4,0.08576998050682201,-219,125,8,0.41423001949317706,344,1
490,"(14,11)",,True,26,"[10, 7, 14, 19, 11]",4,0.15399610136452202,-221,125,8,0.46491228070175405,346,1
491,"(14,11)",,True,26,"[10, 7, 14, 19, 11]",4,0.15399610136452202,-221,125,8,0.46491228070175405,346,1
492,"(8,2)",,True,29,"[7, 8, 13, 2, 5]",4,0.05653021442495101,-223,125,8,0.342105263157894,348,1
493,"(8,2)",,True,29,"[7, 8, 13, 2, 5]",4,0.05653021442495101,-223,125,8,0.342105263157894,348,1
494,"(6,2)",,True,31,"[14, 8, 6, 2, 12]",4,0.036549707602339006,-225,125,8,0.307017543859649,350,1
495,"(6,2)",,True,31,"[14, 8, 6, 2, 12]",4,0.036549707602339006,-225,125,8,0.307017543859649,350,1
496,3:10,assassinate,True,27,"[3, 5, 6, 4, 17]",3,0.014619883040935,-227,125,8,0.35282651072124704,352,1
497,3:10,assassinate,True,27,"[3, 5, 6, 4, 17]",3,0.014619883040935,-227,125,8,0.35282651072124704,352,1
498,"(6,19)",,True,29,"[6, 2, 13, 19, 9]",3,0.019005847953216002,-229,125,8,0.301656920077972,354,1
499,"(6,19)",,True,29,"[6, 2, 13, 19, 9]",3,0.019005847953216002,-229,125,8,0.301656920077972,354,1
500,10:14,assassinate,True,24,"[12, 4, 10, 3, 0]",4,0.08479532163742601,-231,125,7,0.335282651072124,356,1
501,10:14,assassinate,True,24,"[12, 4, 10, 3, 0]",4,0.08479532163742601,-231,125,7,0.335282651072124,356,1
502,4:8,assassinate,True,19,"[19, 4, 7, 16, 18]",4,0.11695906432748501,-233,125,6,0.296296296296296,358,1
503,4:8,assassinate,True,19,"[19, 4, 7, 16, 18]",4,0.11695906432748501,-233,125,6,0.296296296296296,358,1
504,"(17,2)",,True,21,"[17, 13, 3, 9, 2]",4,0.08966861598440501,-235,125,6,0.32261208576998,360,1
505,"(17,2)",,True,21,"[17, 13, 3, 9, 2]",4,0.08966861598440501,-235,125,6,0.32261208576998,360,1
506,"(12,18)",,True,20,"[2, 12, 4, 18, 9]",4,0.07212475633528201,-237,125,4,0.19200779727095502,362,1
507,"(12,18)",,True,20,"[2, 12, 4, 18, 9]",4,0.07212475633528201,-237,125,4,0.19200779727095502,362,1
508,"(7,1)",,True,20,"[4, 16, 0, 7, 1]",4,0.07212475633528201,-239,125,4,0.19200779727095502,364,1
509,"(7,1)",,True,20,"[4, 16, 0, 7, 1]",4,0.07212475633528201,-239,125,4,0.19200779727095502,364,1
510,"(10,14)",,True,22,"[12, 10, 14, 13, 15]",4,0.08089668615984401,-241,125,4,0.26315789473684204,366,1
511,"(10,14)",,True,22,"[12, 10, 14, 13, 15]",4,0.08089668615984401,-241,125,4,0.26315789473684204,366,1
512,16:2,assassinate,True,23,"[2, 19, 4, 6, 16]",5,0.17446393762183202,-243,125,4,0.28947368421052605,368,1
513,16:2,assassinate,True,23,"[2, 19, 4, 6, 16]",5,0.17446393762183202,-243,125,4,0.28947368421052605,368,1
514,"(1,9)",,True,25,"[12, 19, 1, 0, 9]",5,0.111598440545808,-245,125,5,0.31481481481481405,370,1
515,"(1,9)",,True,25,"[12, 19, 1, 0, 9]",5,0.111598440545808,-245,125,5,0.31481481481481405,370,1
516,"(11,4)",,True,25,"[8, 13, 11, 5, 4]",5,0.12037037037037,-247,125,5,0.36549707602339104,372,1
517,"(11,4)",,True,25,"[8, 13, 11, 5, 4]",5,0.12037037037037,-247,125,5,0.36549707602339104,372,1
518,"(17,9)",,True,27,"[17, 9, 11, 7, 6]",5,0.08625730994152,-249,125,5,0.23099415204678303,374,1
519,"(17,9)",,True,27,"[17, 9, 11, 7, 6]",5,0.08625730994152,-249,125,5,0.23099415204678303,374,1
520,2:12,assassinate,True,22,"[15, 9, 14, 3, 2]",4,0.10736563631300401,-251,125,4,0.262364243943191,376,1
521,2:12,assassinate,True,22,"[15, 9, 14, 3, 2]",4,0.10736563631300401,-251,125,4,0.262364243943191,376,1
522,17:8,assassinate,True,19,"[9, 17, 1, 7, 3]",3,0.018031189083820003,-253,125,4,0.148635477582845,378,1
523,17:8,assassinate,True,19,"[9, 17, 1, 7, 3]",3,0.018031189083820003,-253,125,4,0.148635477582845,378,1
524,8:4,assassinate,True,18,"[8, 15, 19, 16, 12]",3,0.024366471734892002,-255,125,4,0.08674463937621801,380,1
525,8:4,assassinate,True,18,"[8, 15, 19, 16, 12]",3,0.024366471734892002,-255,125,4,0.08674463937621801,380,1
526,5:8,assassinate,True,16,"[5, 9, 1, 15, 10]",4,0.082846003898635,-255,126,4,0.08576998050682201,381,1
527,5:8,assassinate,True,16,"[5, 9, 1, 15, 10]",4,0.082846003898635,-255,126,4,0.08576998050682201,381,1
528,9:6,assassinate,True,12,"[12, 4, 3, 16, 9]",3,0.07309941520467801,-253,128,2,0.070175438596491,381,1
529,9:6,assassinate,True,12,"[12, 4, 3, 16, 9]",3,0.07309941520467801,-253,128,2,0.070175438596491,381,1
530,"(0,13)",,True,13,"[0, 11, 13, 5, 17]",2,0.105263157894736,-253,129,2,0.140350877192982,382,1
531,"(0,13)",,True,13,"[0, 11, 13, 5, 17]",2,0.105263157894736,-253,129,2,0.140350877192982,382,1
532,"(3,1)",,True,15,"[3, 14, 2, 9, 1]",2,0.11695906432748501,-255,129,3,0.20467836257309902,384,1
533,"(3,1)",,True,15,"[3, 14, 2, 9, 1]",2,0.11695906432748501,-255,129,3,0.20467836257309902,384,1
534,"(0,15)",,True,15,"[8, 0, 15, 12, 17]",1,0.0,-257,129,3,0.06432748538011601,386,1
535,"(0,15)",,True,15,"[8, 0, 15, 12, 17]",1,0.0,-257,129,3,0.06432748538011601,386,1
536,14:8,assassinate,True,13,"[17, 5, 14, 2, 6]",3,0.12865497076023302,-255,131,3,0.08479532163742601,386,1
537,14:8,assassinate,True,13,"[17, 5, 14, 2, 6]",3,0.12865497076023302,-255,131,3,0.08479532163742601,386,1
538,"(11,15)",,True,15,"[11, 15, 2, 17, 16]",3,0.05847953216374201,-255,132,3,0.078947368421052,387,1
539,"(11,15)",,True,15,"[11, 15, 2, 17, 16]",3,0.05847953216374201,-255,132,3,0.078947368421052,387,1
540,"(6,1)",,True,16,"[0, 11, 15, 6, 1]",3,0.218323586744639,-253,134,4,0.17933723196881002,387,1
541,"(6,1)",,True,16,"[0, 11, 15, 6, 1]",3,0.218323586744639,-253,134,4,0.17933723196881002,387,1
542,"(6,13)",,True,18,"[0, 14, 6, 5, 13]",3,0.180311890838206,-253,135,4,0.19103313840155903,388,1
543,"(6,13)",,True,18,"[0, 14, 6, 5, 13]",3,0.180311890838206,-253,135,4,0.19103313840155903,388,1
544,8:6,assassinate,True,16,"[13, 9, 18, 8, 5]",2,0.137426900584795,-253,136,4,0.228070175438596,389,1
545,8:6,assassinate,True,16,"[13, 9, 18, 8, 5]",2,0.137426900584795,-253,136,4,0.228070175438596,389,1
546,"(12,0)",,True,16,"[12, 13, 18, 0, 10]",1,0.0,-255,136,4,0.140350877192982,391,1
547,"(12,0)",,True,16,"[12, 13, 18, 0, 10]",1,0.0,-255,136,4,0.140350877192982,391,1
548,"(6,12)",,True,19,"[9, 6, 13, 18, 12]",3,0.08684210526315701,-257,136,4,0.187329434697855,393,1
549,"(6,12)",,True,19,"[9, 6, 13, 18, 12]",3,0.08684210526315701,-257,136,4,0.187329434697855,393,1
550,"(12,1)",,True,18,"[0, 12, 1, 15, 3]",3,0.09210526315789401,-259,136,5,0.31091617933723104,395,1
551,"(12,1)",,True,18,"[0, 12, 1, 15, 3]",3,0.09210526315789401,-259,136,5,0.31091617933723104,395,1
552,"(16,0)",,True,19,"[16, 9, 0, 15, 6]",2,0.007017543859649001,-261,136,5,0.135867446393762,397,1
553,"(16,0)",,True,19,"[16, 9, 0, 15, 6]",2,0.007017543859649001,-261,136,5,0.135867446393762,397,1
554,"(8,11)",,True,21,"[0, 8, 5, 11, 15]",2,0.005847953216374001,-263,136,5,0.14424951267056502,399,1
555,"(8,11)",,True,21,"[0, 8, 5, 11, 15]",2,0.005847953216374001,-263,136,5,0.14424951267056502,399,1
556,"(16,6)",,True,23,"[9, 16, 6, 14, 17]",2,0.005847953216374001,-265,136,5,0.164717348927875,401,1
557,"(16,6)",,True,23,"[9, 16, 6, 14, 17]",2,0.005847953216374001,-265,136,5,0.164717348927875,401,1
558,18:10,assassinate,True,18,"[18, 3, 12, 17, 7]",2,0.005847953216374001,-267,136,4,0.11598440545808901,403,1
559,18:10,assassinate,True,18,"[18, 3, 12, 17, 7]",2,0.005847953216374001,-267,136,4,0.11598440545808901,403,1
560,"(14,1)",,True,21,"[14, 13, 1, 17, 11]",4,0.13157894736842102,-269,136,5,0.230019493177387,405,1
561,"(14,1)",,True,21,"[14, 13, 1, 17, 11]",4,0.13157894736842102,-269,136,5,0.230019493177387,405,1
562,"(12,5)",,True,24,"[12, 5, 16, 15, 9]",6,0.200779727095516,-269,137,5,0.26315789473684204,406,1
563,"(12,5)",,True,24,"[12, 5, 16, 15, 9]",6,0.200779727095516,-269,137,5,0.26315789473684204,406,1
564,"(3,1)",,True,24,"[12, 3, 1, 6, 8]",6,0.16452241715399601,-271,137,6,0.298440545808966,408,1
565,"(3,1)",,True,24,"[12, 3, 1, 6, 8]",6,0.16452241715399601,-271,137,6,0.298440545808966,408,1
566,16:4,assassinate,True,22,"[16, 15, 4, 8, 7]",5,0.159844054580896,-273,137,6,0.270955165692007,410,1
567,16:4,assassinate,True,22,"[16, 15, 4, 8, 7]",5,0.159844054580896,-273,137,6,0.270955165692007,410,1
568,10:6,assassinate,True,21,"[13, 10, 7, 4, 15]",6,0.15107212475633502,-273,138,6,0.160818713450292,411,1
569,10:6,assassinate,True,21,"[13, 10, 7, 4, 15]",6,0.15107212475633502,-273,138,6,0.160818713450292,411,1
570,"(12,0)",,True,19,"[8, 15, 11, 12, 0]",5,0.22222222222222202,-271,140,5,0.16374269005847902,411,1
571,"(12,0)",,True,19,"[8, 15, 11, 12, 0]",5,0.22222222222222202,-271,140,5,0.16374269005847902,411,1
572,"(19,1)",,True,22,"[19, 4, 1, 12, 17]",7,0.309941520467836,-269,142,6,0.22222222222222202,411,1
573,"(19,1)",,True,22,"[19, 4, 1, 12, 17]",7,0.309941520467836,-269,142,6,0.22222222222222202,411,1
574,9:6,assassinate,True,21,"[11, 3, 5, 10, 9]",6,0.183235867446393,-267,144,6,0.15107212475633502,411,1
575,9:6,assassinate,True,21,"[11, 3, 5, 10, 9]",6,0.183235867446393,-267,144,6,0.15107212475633502,411,1
576,7:2,assassinate,True,22,"[8, 14, 7, 17, 19]",8,0.27582846003898603,-265,146,6,0.12475633528265101,411,1
577,7:2,assassinate,True,22,"[8, 14, 7, 17, 19]",8,0.27582846003898603,-265,146,6,0.12475633528265101,411,1
578,4:2,assassinate,True,23,"[12, 8, 1, 4, 6]",7,0.20896686159844002,-263,148,6,0.09590643274853801,411,1
579,4:2,assassinate,True,23,"[12, 8, 1, 4, 6]",7,0.20896686159844002,-263,148,6,0.09590643274853801,411,1
580,"(1,9)",,True,26,"[19, 6, 12, 1, 9]",7,0.34541910331384,-261,150,7,0.20116959064327403,411,1
581,"(1,9)",,True,26,"[19, 6, 12, 1, 9]",7,0.34541910331384,-261,150,7,0.20116959064327403,411,1
582,"(9,0)",,True,27,"[4, 12, 9, 0, 6]",8,0.398538011695906,-259,152,7,0.198732943469785,411,1
583,"(9,0)",,True,27,"[4, 12, 9, 0, 6]",8,0.398538011695906,-259,152,7,0.198732943469785,411,1
584,"(2,9)",,True,28,"[7, 2, 9, 16, 19]",8,0.332358674463937,-257,154,7,0.19200779727095502,411,1
585,"(2,9)",,True,28,"[7, 2, 9, 16, 19]",8,0.332358674463937,-257,154,7,0.19200779727095502,411,1
586,4:2,assassinate,True,29,"[1, 6, 8, 4, 17]",9,0.35243664717348905,-255,156,7,0.190058479532163,411,1
587,4:2,assassinate,True,29,"[1, 6, 8, 4, 17]",9,0.35243664717348905,-255,156,7,0.190058479532163,411,1
588,13:6,assassinate,True,27,"[6, 8, 10, 7, 13]",8,0.35575048732943404,-253,158,7,0.307017543859649,411,1
589,13:6,assassinate,True,27,"[6, 8, 10, 7, 13]",8,0.35575048732943404,-253,158,7,0.307017543859649,411,1
590,"(6,17)",,True,28,"[6, 8, 4, 17, 5]",8,0.29824561403508704,-253,159,7,0.312865497076023,412,1
591,"(6,17)",,True,28,"[6, 8, 4, 17, 5]",8,0.29824561403508704,-253,159,7,0.312865497076023,412,1
592,18:2,assassinate,True,26,"[18, 5, 19, 11, 7]",7,0.270955165692007,-253,160,7,0.283625730994152,413,1
593,18:2,assassinate,True,26,"[18, 5, 19, 11, 7]",7,0.270955165692007,-253,160,7,0.283625730994152,413,1
594,"(3,0)",,True,23,"[3, 0, 4, 2, 6]",6,0.32894736842105204,-251,162,6,0.32358674463937603,413,1
595,"(3,0)",,True,23,"[3, 0, 4, 2, 6]",6,0.32894736842105204,-251,162,6,0.32358674463937603,413,1
596,"(10,18)",,True,25,"[5, 10, 18, 2, 9]",6,0.444931773879142,-249,164,6,0.43567251461988304,413,1
597,"(10,18)",,True,25,"[5, 10, 18, 2, 9]",6,0.444931773879142,-249,164,6,0.43567251461988304,413,1
598,8:6,assassinate,True,24,"[4, 18, 9, 8, 17]",5,0.256335282651072,-249,165,6,0.34307992202729004,414,1
599,8:6,assassinate,True,24,"[4, 18, 9, 8, 17]",5,0.256335282651072,-249,165,6,0.34307992202729004,414,1
600,14:12,assassinate,True,18,"[7, 14, 17, 15, 10]",4,0.23489278752436601,-249,166,5,0.307017543859649,415,1
601,14:12,assassinate,True,18,"[7, 14, 17, 15, 10]",4,0.23489278752436601,-249,166,5,0.307017543859649,415,1
602,15:6,assassinate,True,16,"[15, 6, 1, 17, 10]",3,0.185185185185185,-249,167,5,0.280701754385964,416,1
603,15:6,assassinate,True,16,"[15, 6, 1, 17, 10]",3,0.185185185185185,-249,167,5,0.280701754385964,416,1
604,"(4,5)",,True,18,"[9, 4, 18, 5, 14]",3,0.125730994152046,-251,167,5,0.252436647173489,418,1
605,"(4,5)",,True,18,"[9, 4, 18, 5, 14]",3,0.125730994152046,-251,167,5,0.252436647173489,418,1
606,16:6,assassinate,True,16,"[16, 12, 14, 13, 10]",2,0.0034113060428840004,-253,167,5,0.07456140350877101,420,1
607,16:6,assassinate,True,16,"[16, 12, 14, 13, 10]",2,0.0034113060428840004,-253,167,5,0.07456140350877101,420,1
608,"(8,13)",,True,19,"[8, 13, 18, 14, 10]",2,0.0034113060428840004,-255,167,5,0.05409356725146101,422,1
609,"(8,13)",,True,19,"[8, 13, 18, 14, 10]",2,0.0034113060428840004,-255,167,5,0.05409356725146101,422,1
610,"(9,8)",,True,21,"[9, 7, 8, 10, 15]",2,0.005458089668615,-257,167,5,0.09824561403508701,424,1
611,"(9,8)",,True,21,"[9, 7, 8, 10, 15]",2,0.005458089668615,-257,167,5,0.09824561403508701,424,1
612,"(17,3)",,True,23,"[18, 17, 3, 10, 6]",3,0.06159844054580801,-259,167,5,0.10584795321637401,426,1
613,"(17,3)",,True,23,"[18, 17, 3, 10, 6]",3,0.06159844054580801,-259,167,5,0.10584795321637401,426,1
614,18:4,assassinate,True,23,"[11, 18, 3, 2, 15]",4,0.134697855750487,-257,169,5,0.132163742690058,426,1
615,18:4,assassinate,True,23,"[11, 18, 3, 2, 15]",4,0.134697855750487,-257,169,5,0.132163742690058,426,1
616,"(14,1)",,True,25,"[8, 14, 1, 4, 3]",4,0.20974658869395701,-257,170,6,0.23742690058479501,427,1
617,"(14,1)",,True,25,"[8, 14, 1, 4, 3]",4,0.20974658869395701,-257,170,6,0.23742690058479501,427,1
618,"(13,1)",,True,25,"[17, 7, 13, 1, 12]",4,0.12436647173489201,-257,171,6,0.24541910331384,428,1
619,"(13,1)",,True,25,"[17, 7, 13, 1, 12]",4,0.12436647173489201,-257,171,6,0.24541910331384,428,1
620,"(19,0)",,True,26,"[6, 10, 19, 0, 18]",5,0.147173489278752,-259,171,6,0.23879142300194903,430,1
621,"(19,0)",,True,26,"[6, 10, 19, 0, 18]",5,0.147173489278752,-259,171,6,0.23879142300194903,430,1
622,5:12,assassinate,True,18,"[17, 14, 4, 5, 7]",5,0.15107212475633502,-257,173,4,0.074074074074074,430,1
623,5:12,assassinate,True,18,"[17, 14, 4, 5, 7]",5,0.15107212475633502,-257,173,4,0.074074074074074,430,1
624,12:8,assassinate,True,16,"[14, 5, 12, 3, 13]",5,0.087719298245614,-255,175,4,0.039961013645224,430,1
625,12:8,assassinate,True,16,"[14, 5, 12, 3, 13]",5,0.087719298245614,-255,175,4,0.039961013645224,430,1
626,"(0,13)",,True,17,"[12, 0, 11, 3, 13]",4,0.21345029239766003,-253,177,4,0.16666666666666602,430,1
627,"(0,13)",,True,17,"[12, 0, 11, 3, 13]",4,0.21345029239766003,-253,177,4,0.16666666666666602,430,1
628,"(9,15)",,True,19,"[11, 0, 9, 17, 15]",4,0.123781676413255,-253,178,4,0.129629629629629,431,1
629,"(9,15)",,True,19,"[11, 0, 9, 17, 15]",4,0.123781676413255,-253,178,4,0.129629629629629,431,1
630,16:4,assassinate,True,18,"[5, 16, 17, 13, 1]",3,0.026315789473684,-253,179,4,0.178362573099415,432,1
631,16:4,assassinate,True,18,"[5, 16, 17, 13, 1]",3,0.026315789473684,-253,179,4,0.178362573099415,432,1
632,4:4,assassinate,True,18,"[7, 5, 4, 19, 13]",4,0.16569200779727,-251,181,4,0.148148148148148,432,1
633,4:4,assassinate,True,18,"[7, 5, 4, 19, 13]",4,0.16569200779727,-251,181,4,0.148148148148148,432,1
634,3:6,assassinate,True,15,"[19, 9, 7, 3, 18]",3,0.020467836257309,-251,182,4,0.09454191033138401,433,1
635,3:6,assassinate,True,15,"[19, 9, 7, 3, 18]",3,0.020467836257309,-251,182,4,0.09454191033138401,433,1
636,"(1,17)",,True,17,"[15, 10, 1, 17, 12]",3,0.026315789473684,-253,182,5,0.15886939571150002,435,1
637,"(1,17)",,True,17,"[15, 10, 1, 17, 12]",3,0.026315789473684,-253,182,5,0.15886939571150002,435,1
638,"(1,16)",,True,20,"[4, 14, 13, 1, 16]",3,0.017543859649122,-255,182,6,0.23489278752436601,437,1
639,"(1,16)",,True,20,"[4, 14, 13, 1, 16]",3,0.017543859649122,-255,182,6,0.23489278752436601,437,1
640,"(3,13)",,True,22,"[18, 0, 3, 13, 8]",3,0.014619883040935,-257,182,6,0.21150097465886902,439,1
641,"(3,13)",,True,22,"[18, 0, 3, 13, 8]",3,0.014619883040935,-257,182,6,0.21150097465886902,439,1
642,"(12,11)",,True,25,"[8, 12, 11, 3, 9]",3,0.035087719298245,-259,182,6,0.30214424951267005,441,1
643,"(12,11)",,True,25,"[8, 12, 11, 3, 9]",3,0.035087719298245,-259,182,6,0.30214424951267005,441,1
644,"(6,1)",,True,25,"[6, 7, 14, 1, 13]",3,0.029239766081871003,-261,182,6,0.168226120857699,443,1
645,"(6,1)",,True,25,"[6, 7, 14, 1, 13]",3,0.029239766081871003,-261,182,6,0.168226120857699,443,1
646,11:6,assassinate,True,23,"[11, 4, 2, 16, 3]",3,0.029239766081871003,-263,182,6,0.168226120857699,445,1
647,11:6,assassinate,True,23,"[11, 4, 2, 16, 3]",3,0.029239766081871003,-263,182,6,0.168226120857699,445,1
648,"(0,10)",,True,23,"[0, 10, 17, 18, 13]",2,0.0,-265,182,6,0.191520467836257,447,1
649,"(0,10)",,True,23,"[0, 10, 17, 18, 13]",2,0.0,-265,182,6,0.191520467836257,447,1
650,"(17,7)",,True,23,"[11, 17, 9, 18, 7]",2,0.0,-267,182,5,0.215399610136452,449,1
651,"(17,7)",,True,23,"[11, 17, 9, 18, 7]",2,0.0,-267,182,5,0.215399610136452,449,1
652,"(12,1)",,True,25,"[9, 17, 3, 12, 1]",2,0.0,-269,182,6,0.27582846003898603,451,1
653,"(12,1)",,True,25,"[9, 17, 3, 12, 1]",2,0.0,-269,182,6,0.27582846003898603,451,1
654,"(1,2)",,True,28,"[1, 14, 6, 2, 5]",2,0.0,-271,182,7,0.28703703703703703,453,1
655,"(1,2)",,True,28,"[1, 14, 6, 2, 5]",2,0.0,-271,182,7,0.28703703703703703,453,1
656,8:12,assassinate,True,24,"[8, 5, 17, 12, 9]",2,0.0,-273,182,7,0.24171539961013602,455,1
657,8:12,assassinate,True,24,"[8, 5, 17, 12, 9]",2,0.0,-273,182,7,0.24171539961013602,455,1
658,13:14,assassinate,True,18,"[13, 7, 5, 6, 17]",2,0.0,-275,182,6,0.43274853801169505,457,1
659,13:14,assassinate,True,18,"[13, 7, 5, 6, 17]",2,0.0,-275,182,6,0.43274853801169505,457,1
660,"(8,12)",,True,20,"[8, 10, 5, 13, 12]",3,0.145224171539961,-277,182,6,0.462962962962962,459,1
661,"(8,12)",,True,20,"[8, 10, 5, 13, 12]",3,0.145224171539961,-277,182,6,0.462962962962962,459,1
662,"(12,11)",,True,22,"[9, 12, 2, 19, 11]",3,0.15692007797270902,-279,182,6,0.49220272904483403,461,1
663,"(12,11)",,True,22,"[9, 12, 2, 19, 11]",3,0.15692007797270902,-279,182,6,0.49220272904483403,461,1
664,"(13,18)",,True,25,"[13, 19, 18, 8, 10]",3,0.16861598440545802,-281,182,6,0.436647173489278,463,1
665,"(13,18)",,True,25,"[13, 19, 18, 8, 10]",3,0.16861598440545802,-281,182,6,0.436647173489278,463,1
666,"(0,4)",,True,25,"[19, 0, 13, 16, 4]",3,0.096491228070175,-283,182,6,0.45906432748538,465,1
667,"(0,4)",,True,25,"[19, 0, 13, 16, 4]",3,0.096491228070175,-283,182,6,0.45906432748538,465,1
668,"(18,17)",,True,26,"[12, 16, 18, 5, 17]",3,0.041520467836257006,-285,182,5,0.270175438596491,467,1
669,"(18,17)",,True,26,"[12, 16, 18, 5, 17]",3,0.041520467836257006,-285,182,5,0.270175438596491,467,1
670,"(1,13)",,True,25,"[15, 1, 19, 11, 13]",3,0.046783625730994004,-285,183,4,0.135477582846003,468,1
671,"(1,13)",,True,25,"[15, 1, 19, 11, 13]",3,0.046783625730994004,-285,183,4,0.135477582846003,468,1
672,15:6,assassinate,True,22,"[3, 8, 18, 15, 16]",3,0.096491228070175,-287,183,4,0.20467836257309902,470,1
673,15:6,assassinate,True,22,"[3, 8, 18, 15, 16]",3,0.096491228070175,-287,183,4,0.20467836257309902,470,1
674,"(7,2)",,True,25,"[16, 7, 2, 13, 15]",3,0.039961013645224,-289,183,4,0.12865497076023302,472,1
675,"(7,2)",,True,25,"[16, 7, 2, 13, 15]",3,0.039961013645224,-289,183,4,0.12865497076023302,472,1
676,17:4,assassinate,True,24,"[12, 9, 7, 6, 17]",3,0.029351155666945003,-291,183,4,0.097438039543302,474,1
677,17:4,assassinate,True,24,"[12, 9, 7, 6, 17]",3,0.029351155666945003,-291,183,4,0.097438039543302,474,1
678,16:2,assassinate,True,24,"[0, 16, 7, 6, 3]",3,0.029351155666945003,-293,183,4,0.097438039543302,476,1
679,16:2,assassinate,True,24,"[0, 16, 7, 6, 3]",3,0.029351155666945003,-293,183,4,0.097438039543302,476,1
680,"(13,17)",,True,27,"[2, 13, 8, 17, 4]",3,0.031091617933723004,-295,183,4,0.10248538011695901,478,1
681,"(13,17)",,True,27,"[2, 13, 8, 17, 4]",3,0.031091617933723004,-295,183,4,0.10248538011695901,478,1
682,"(1,6)",,True,29,"[1, 8, 0, 6, 17]",3,0.027680311890838003,-297,183,5,0.10341130604288401,480,1
683,"(1,6)",,True,29,"[1, 8, 0, 6, 17]",3,0.027680311890838003,-297,183,5,0.10341130604288401,480,1
684,"(0,14)",,True,27,"[17, 0, 7, 9, 14]",2,0.004385964912280001,-299,183,4,0.07183235867446301,482,1
685,"(0,14)",,True,27,"[17, 0, 7, 9, 14]",2,0.004385964912280001,-299,183,4,0.07183235867446301,482,1
686,10:8,assassinate,True,24,"[15, 2, 8, 10, 6]",1,0.0,-301,183,4,0.101364522417153,484,1
687,10:8,assassinate,True,24,"[15, 2, 8, 10, 6]",1,0.0,-301,183,4,0.101364522417153,484,1
688,"(1,10)",,True,26,"[1, 11, 10, 17, 4]",1,0.0,-303,183,5,0.19434697855750402,486,1
689,"(1,10)",,True,26,"[1, 11, 10, 17, 4]",1,0.0,-303,183,5,0.19434697855750402,486,1
690,"(2,15)",,True,29,"[2, 5, 15, 3, 14]",1,0.0,-305,183,5,0.202729044834308,488,1
691,"(2,15)",,True,29,"[2, 5, 15, 3, 14]",1,0.0,-305,183,5,0.202729044834308,488,1
692,"(14,16)",,True,30,"[8, 14, 0, 5, 16]",1,0.0,-307,183,5,0.19660261765524903,490,1
693,"(14,16)",,True,30,"[8, 14, 0, 5, 16]",1,0.0,-307,183,5,0.19660261765524903,490,1
694,"(2,8)",,True,30,"[2, 8, 16, 5, 14]",1,0.0,-309,183,5,0.194931773879142,492,1
695,"(2,8)",,True,30,"[2, 8, 16, 5, 14]",1,0.0,-309,183,5,0.194931773879142,492,1
696,"(6,2)",,True,31,"[6, 10, 2, 12, 14]",1,0.0,-311,183,5,0.138206627680311,494,1
697,"(6,2)",,True,31,"[6, 10, 2, 12, 14]",1,0.0,-311,183,5,0.138206627680311,494,1
698,"(1,18)",,True,33,"[19, 7, 1, 18, 10]",1,0.0,-313,183,6,0.157309941520467,496,1
699,"(1,18)",,True,33,"[19, 7, 1, 18, 10]",1,0.0,-313,183,6,0.157309941520467,496,1
700,"(16,1)",,True,35,"[2, 13, 16, 4, 1]",1,0.0,-315,183,7,0.18167641325536002,498,1
701,"(16,1)",,True,35,"[2, 13, 16, 4, 1]",1,0.0,-315,183,7,0.18167641325536002,498,1
702,"(3,1)",,True,38,"[14, 3, 12, 1, 0]",3,0.019395711500974,-317,183,8,0.198927875243664,500,1
703,"(3,1)",,True,38,"[14, 3, 12, 1, 0]",3,0.019395711500974,-317,183,8,0.198927875243664,500,1
704,"(1,15)",,True,40,"[17, 10, 1, 15, 14]",3,0.022807017543859002,-319,183,9,0.283625730994152,502,1
705,"(1,15)",,True,40,"[17, 10, 1, 15, 14]",3,0.022807017543859002,-319,183,9,0.283625730994152,502,1
706,"(1,13)",,True,40,"[8, 1, 10, 13, 18]",3,0.026705653021442004,-321,183,9,0.251754385964912,504,1
707,"(1,13)",,True,40,"[8, 1, 10, 13, 18]",3,0.026705653021442004,-321,183,9,0.251754385964912,504,1
708,8:12,assassinate,True,36,"[11, 0, 5, 8, 18]",3,0.028265107212475,-323,183,9,0.278167641325536,506,1
709,8:12,assassinate,True,36,"[11, 0, 5, 8, 18]",3,0.028265107212475,-323,183,9,0.278167641325536,506,1
710,7:10,assassinate,True,29,"[10, 11, 19, 7, 13]",2,0.008771929824561,-325,183,7,0.173976608187134,508,1
711,7:10,assassinate,True,29,"[10, 11, 19, 7, 13]",2,0.008771929824561,-325,183,7,0.173976608187134,508,1
712,5:8,assassinate,True,25,"[17, 7, 2, 9, 5]",1,0.0,-327,183,6,0.136939571150097,510,1
713,5:8,assassinate,True,25,"[17, 7, 2, 9, 5]",1,0.0,-327,183,6,0.136939571150097,510,1
714,"(2,7)",,True,27,"[12, 2, 16, 7, 5]",1,0.0,-329,183,6,0.149610136452241,512,1
715,"(2,7)",,True,27,"[12, 2, 16, 7, 5]",1,0.0,-329,183,6,0.149610136452241,512,1
716,4:8,assassinate,True,25,"[19, 18, 4, 17, 16]",2,0.08187134502923901,-331,183,6,0.20808966861598402,514,1
717,4:8,assassinate,True,25,"[19, 18, 4, 17, 16]",2,0.08187134502923901,-331,183,6,0.20808966861598402,514,1
718,"(4,7)",,True,28,"[4, 7, 14, 0, 12]",2,0.055555555555555004,-333,183,6,0.191520467836257,516,1
719,"(4,7)",,True,28,"[4, 7, 14, 0, 12]",2,0.055555555555555004,-333,183,6,0.191520467836257,516,1
720,6:12,assassinate,True,23,"[15, 14, 6, 3, 11]",2,0.049707602339181006,-335,183,5,0.22124756335282603,518,1
721,6:12,assassinate,True,23,"[15, 14, 6, 3, 11]",2,0.049707602339181006,-335,183,5,0.22124756335282603,518,1
722,8:6,assassinate,True,20,"[8, 16, 18, 17, 15]",1,0.0,-337,183,4,0.11500974658869301,520,1
723,8:6,assassinate,True,20,"[8, 16, 18, 17, 15]",1,0.0,-337,183,4,0.11500974658869301,520,1
724,"(18,4)",,True,20,"[3, 18, 4, 19, 5]",1,0.0,-339,183,4,0.11500974658869301,522,1
725,"(18,4)",,True,20,"[3, 18, 4, 19, 5]",1,0.0,-339,183,4,0.11500974658869301,522,1
726,"(1,0)",,True,22,"[10, 1, 17, 4, 0]",2,0.08187134502923901,-341,183,5,0.20321637426900502,524,1
727,"(1,0)",,True,22,"[10, 1, 17, 4, 0]",2,0.08187134502923901,-341,183,5,0.20321637426900502,524,1
728,"(5,1)",,True,24,"[13, 5, 1, 14, 19]",2,0.087719298245614,-343,183,6,0.29093567251461905,526,1
729,"(5,1)",,True,24,"[13, 5, 1, 14, 19]",2,0.087719298245614,-343,183,6,0.29093567251461905,526,1
730,"(4,18)",,True,26,"[0, 4, 18, 19, 2]",3,0.095029239766081,-345,183,6,0.23245614035087703,528,1
731,"(4,18)",,True,26,"[0, 4, 18, 19, 2]",3,0.095029239766081,-345,183,6,0.23245614035087703,528,1
732,12:8,assassinate,True,24,"[13, 4, 9, 2, 12]",4,0.09064327485380101,-347,183,6,0.17641325536062302,530,1
733,12:8,assassinate,True,24,"[13, 4, 9, 2, 12]",4,0.09064327485380101,-347,183,6,0.17641325536062302,530,1
734,"(7,2)",,True,24,"[7, 17, 2, 13, 0]",4,0.25438596491228,-345,185,6,0.25048732943469704,530,1
735,"(7,2)",,True,24,"[7, 17, 2, 13, 0]",4,0.25438596491228,-345,185,6,0.25048732943469704,530,1
736,"(5,6)",,True,26,"[12, 5, 10, 6, 14]",5,0.21345029239766003,-345,186,6,0.32943469785575,531,1
737,"(5,6)",,True,26,"[12, 5, 10, 6, 14]",5,0.21345029239766003,-345,186,6,0.32943469785575,531,1
738,14:10,assassinate,True,23,"[12, 5, 15, 11, 14]",4,0.15886939571150002,-347,186,6,0.32066276803118904,533,1
739,14:10,assassinate,True,23,"[12, 5, 15, 11, 14]",4,0.15886939571150002,-347,186,6,0.32066276803118904,533,1
740,"(8,5)",,True,26,"[8, 10, 17, 5, 3]",4,0.140350877192982,-349,186,6,0.331384015594541,535,1
741,"(8,5)",,True,26,"[8, 10, 17, 5, 3]",4,0.140350877192982,-349,186,6,0.331384015594541,535,1
742,3:4,assassinate,True,22,"[10, 5, 14, 19, 3]",3,0.09356725146198801,-349,187,4,0.16959064327485301,536,1
743,3:4,assassinate,True,22,"[10, 5, 14, 19, 3]",3,0.09356725146198801,-349,187,4,0.16959064327485301,536,1
744,12:2,assassinate,True,21,"[9, 12, 11, 17, 7]",2,0.0,-349,188,3,0.028265107212475,537,1
745,12:2,assassinate,True,21,"[9, 12, 11, 17, 7]",2,0.0,-349,188,3,0.028265107212475,537,1
746,"(16,1)",,True,21,"[16, 13, 1, 10, 18]",2,0.0,-351,188,4,0.10233918128654901,539,1
747,"(16,1)",,True,21,"[16, 13, 1, 10, 18]",2,0.0,-351,188,4,0.10233918128654901,539,1
748,"(18,6)",,True,23,"[2, 18, 4, 0, 6]",3,0.038986354775828,-353,188,4,0.10233918128654901,541,1
749,"(18,6)",,True,23,"[2, 18, 4, 0, 6]",3,0.038986354775828,-353,188,4,0.10233918128654901,541,1
750,"(12,1)",,True,26,"[7, 4, 12, 17, 1]",3,0.062378167641325005,-353,189,5,0.12865497076023302,542,1
751,"(12,1)",,True,26,"[7, 4, 12, 17, 1]",3,0.062378167641325005,-353,189,5,0.12865497076023302,542,1
752,"(9,1)",,True,28,"[18, 9, 15, 17, 1]",4,0.10331384015594501,-355,189,6,0.205653021442495,544,1
753,"(9,1)",,True,28,"[18, 9, 15, 17, 1]",4,0.10331384015594501,-355,189,6,0.205653021442495,544,1
754,"(12,14)",,True,30,"[2, 12, 14, 9, 15]",4,0.113937621832358,-357,189,6,0.28489278752436603,546,1
755,"(12,14)",,True,30,"[2, 12, 14, 9, 15]",4,0.113937621832358,-357,189,6,0.28489278752436603,546,1
756,"(8,12)",,True,33,"[8, 12, 18, 13, 11]",4,0.06559454191033101,-359,189,6,0.18567251461988302,548,1
757,"(8,12)",,True,33,"[8, 12, 18, 13, 11]",4,0.06559454191033101,-359,189,6,0.18567251461988302,548,1
758,"(15,12)",,True,34,"[15, 13, 12, 6, 14]",4,0.059899749373433,-361,189,6,0.12715121136173702,550,1
759,"(15,12)",,True,34,"[15, 13, 12, 6, 14]",4,0.059899749373433,-361,189,6,0.12715121136173702,550,1
760,"(12,3)",,True,37,"[12, 6, 4, 14, 3]",4,0.05502645502645501,-363,189,6,0.094500139236981,552,1
761,"(12,3)",,True,37,"[12, 6, 4, 14, 3]",4,0.05502645502645501,-363,189,6,0.094500139236981,552,1
762,"(12,11)",,True,39,"[16, 12, 8, 3, 11]",4,0.059468114731272004,-365,189,6,0.102353104984683,554,1
763,"(12,11)",,True,39,"[16, 12, 8, 3, 11]",4,0.059468114731272004,-365,189,6,0.102353104984683,554,1
764,17:4,assassinate,True,35,"[15, 16, 11, 18, 17]",4,0.064132553606237,-363,191,4,0.056947925368977005,554,1
765,17:4,assassinate,True,35,"[15, 16, 11, 18, 17]",4,0.064132553606237,-363,191,4,0.056947925368977005,554,1
766,"(6,2)",,True,38,"[16, 15, 6, 0, 2]",4,0.09922027290448301,-361,193,4,0.055973266499582,554,1
767,"(6,2)",,True,38,"[16, 15, 6, 0, 2]",4,0.09922027290448301,-361,193,4,0.055973266499582,554,1
768,5:8,assassinate,True,36,"[9, 3, 7, 5, 19]",5,0.064230019493177,-359,195,4,0.037670565302144,554,1
769,5:8,assassinate,True,36,"[9, 3, 7, 5, 19]",5,0.064230019493177,-359,195,4,0.037670565302144,554,1
770,10:12,assassinate,True,32,"[18, 10, 17, 9, 2]",6,0.10353661932609301,-357,197,4,0.039445836814257,554,1
771,10:12,assassinate,True,32,"[18, 10, 17, 9, 2]",6,0.10353661932609301,-357,197,4,0.039445836814257,554,1
772,"(12,1)",,True,35,"[14, 9, 0, 12, 1]",8,0.208298524087997,-355,199,5,0.047270955165692005,554,1
773,"(12,1)",,True,35,"[14, 9, 0, 12, 1]",8,0.208298524087997,-355,199,5,0.047270955165692005,554,1
774,"(1,17)",,True,36,"[2, 1, 4, 15, 17]",9,0.29420774157616203,-353,201,6,0.139640768588137,554,1
775,"(1,17)",,True,36,"[2, 1, 4, 15, 17]",9,0.29420774157616203,-353,201,6,0.139640768588137,554,1
776,10:2,assassinate,True,37,"[8, 1, 13, 18, 10]",10,0.233639654692286,-351,203,6,0.12651072124756302,554,1
777,10:2,assassinate,True,37,"[8, 1, 13, 18, 10]",10,0.233639654692286,-351,203,6,0.12651072124756302,554,1
778,"(1,7)",,True,37,"[17, 1, 16, 15, 7]",10,0.23266499582289002,-349,205,7,0.17426900584795302,554,1
779,"(1,7)",,True,37,"[17, 1, 16, 15, 7]",10,0.23266499582289002,-349,205,7,0.17426900584795302,554,1
780,6:10,assassinate,True,33,"[1, 2, 19, 18, 6]",9,0.282163742690058,-347,207,7,0.185185185185185,554,1
781,6:10,assassinate,True,33,"[1, 2, 19, 18, 6]",9,0.282163742690058,-347,207,7,0.185185185185185,554,1
782,"(1,5)",,True,35,"[1, 5, 19, 15, 17]",10,0.359161793372319,-345,209,8,0.273489278752436,554,1
783,"(1,5)",,True,35,"[1, 5, 19, 15, 17]",10,0.359161793372319,-345,209,8,0.273489278752436,554,1
784,"(0,5)",,True,36,"[7, 9, 14, 0, 5]",11,0.464424951267056,-343,211,8,0.292202729044834,554,1
785,"(0,5)",,True,36,"[7, 9, 14, 0, 5]",11,0.464424951267056,-343,211,8,0.292202729044834,554,1
786,13:2,assassinate,True,35,"[17, 13, 5, 12, 4]",10,0.38693957115009703,-341,213,8,0.24074074074074,554,1
787,13:2,assassinate,True,35,"[17, 13, 5, 12, 4]",10,0.38693957115009703,-341,213,8,0.24074074074074,554,1
788,"(13,1)",,True,36,"[16, 12, 19, 13, 1]",10,0.44619883040935604,-339,215,9,0.326900584795321,554,1
789,"(13,1)",,True,36,"[16, 12, 19, 13, 1]",10,0.44619883040935604,-339,215,9,0.326900584795321,554,1
790,3:4,assassinate,True,35,"[1, 3, 17, 15, 19]",9,0.249220272904483,-339,216,9,0.265399610136452,555,1
791,3:4,assassinate,True,35,"[1, 3, 17, 15, 19]",9,0.249220272904483,-339,216,9,0.265399610136452,555,1
792,19:14,assassinate,True,28,"[1, 14, 16, 18, 19]",8,0.22348927875243602,-339,217,9,0.30000000000000004,556,1
793,19:14,assassinate,True,28,"[1, 14, 16, 18, 19]",8,0.22348927875243602,-339,217,9,0.30000000000000004,556,1
794,"(13,10)",,True,31,"[13, 18, 2, 0, 10]",8,0.226413255360623,-341,217,9,0.288693957115009,558,1
795,"(13,10)",,True,31,"[13, 18, 2, 0, 10]",8,0.226413255360623,-341,217,9,0.288693957115009,558,1
796,"(19,1)",,True,33,"[10, 19, 1, 12, 11]",8,0.223001949317738,-341,218,10,0.378362573099415,559,1
797,"(19,1)",,True,33,"[10, 19, 1, 12, 11]",8,0.223001949317738,-341,218,10,0.378362573099415,559,1
798,9:12,assassinate,True,29,"[16, 13, 10, 9, 19]",8,0.200779727095516,-343,218,9,0.347953216374269,561,1
799,9:12,assassinate,True,29,"[16, 13, 10, 9, 19]",8,0.200779727095516,-343,218,9,0.347953216374269,561,1
