,actionDetail,actionType,bonusActivated,graphEdgeCount,nodeList,p1Degree,p1Score,p1WinAdvantage,p1WinCount,p2Degree,p2Score,p2WinCount,player
0,"(3,16)",,False,2,"[3, 0, 16, 15, 5]",0,-0.001,0,0,0,-0.001,0,1
1,"(3,16)",,False,2,"[3, 0, 16, 15, 5]",0,-0.001,0,0,0,-0.001,0,1
2,"(4,17)",,False,4,"[4, 0, 17, 9, 12]",0,-0.001,0,0,0,-0.001,0,1
3,"(4,17)",,False,4,"[4, 0, 17, 9, 12]",0,-0.001,0,0,0,-0.001,0,1
4,"(14,7)",,False,6,"[14, 7, 10, 5, 6]",0,-0.001,0,0,0,-0.001,0,1
5,"(14,7)",,False,6,"[14, 7, 10, 5, 6]",0,-0.001,0,0,0,-0.001,0,1
6,"(18,13)",,True,8,"[18, 13, 14, 2, 19]",0,-0.001,0,0,0,-0.001,0,1
7,"(18,13)",,True,8,"[18, 13, 14, 2, 19]",0,-0.001,0,0,0,-0.001,0,1
8,"(4,18)",,False,10,"[4, 18, 19, 9, 3]",0,-0.001,0,0,0,-0.001,0,1
9,"(4,18)",,False,10,"[4, 18, 19, 9, 3]",0,-0.001,0,0,0,-0.001,0,1
10,"(2,1)",,False,12,"[2, 1, 18, 15, 12]",0,-0.001,-1,0,1,0.0,1,1
11,"(2,1)",,False,12,"[2, 1, 18, 15, 12]",0,-0.001,-1,0,1,0.0,1,1
12,"(2,7)",,False,14,"[2, 7, 17, 14, 6]",0,-0.001,-3,0,1,0.0,3,1
13,"(2,7)",,False,14,"[2, 7, 17, 14, 6]",0,-0.001,-3,0,1,0.0,3,1
14,"(9,12)",,True,16,"[9, 12, 5, 4, 19]",0,-0.001,-5,0,1,0.0,5,1
15,"(9,12)",,True,16,"[9, 12, 5, 4, 19]",0,-0.001,-5,0,1,0.0,5,1
16,"(15,1)",,False,18,"[15, 1, 8, 10, 18]",0,-0.001,-7,0,2,0.15204678362573001,7,1
17,"(15,1)",,False,18,"[15, 1, 8, 10, 18]",0,-0.001,-7,0,2,0.15204678362573001,7,1
18,"(12,3)",,False,20,"[12, 2, 3, 14, 9]",0,-0.001,-9,0,2,0.175438596491228,9,1
19,"(12,3)",,False,20,"[12, 2, 3, 14, 9]",0,-0.001,-9,0,2,0.175438596491228,9,1
20,"(1,4)",,False,22,"[16, 17, 1, 18, 4]",0,-0.001,-11,0,3,0.177387914230019,11,1
21,"(1,4)",,False,22,"[16, 17, 1, 18, 4]",0,-0.001,-11,0,3,0.177387914230019,11,1
22,"(6,3)",,False,24,"[6, 3, 19, 11, 10]",0,-0.001,-13,0,3,0.14766081871345002,13,1
23,"(6,3)",,False,24,"[6, 3, 19, 11, 10]",0,-0.001,-13,0,3,0.14766081871345002,13,1
24,"(0,6)",,False,26,"[11, 13, 0, 6, 3]",1,0.0,-15,0,3,0.08723196881091601,15,1
25,"(0,6)",,False,26,"[11, 13, 0, 6, 3]",1,0.0,-15,0,3,0.08723196881091601,15,1
26,14:10,assassinate,True,22,"[2, 16, 4, 6, 14]",1,0.0,-17,0,3,0.130604288499025,17,1
27,14:10,assassinate,True,22,"[2, 16, 4, 6, 14]",1,0.0,-17,0,3,0.130604288499025,17,1
28,"(8,5)",,False,24,"[8, 5, 18, 17, 7]",1,0.0,-19,0,3,0.11695906432748501,19,1
29,"(8,5)",,False,24,"[8, 5, 18, 17, 7]",1,0.0,-19,0,3,0.11695906432748501,19,1
30,"(0,6)",,False,24,"[0, 12, 6, 15, 19]",1,0.0,-21,0,3,0.09941520467836201,21,1
31,"(0,6)",,False,24,"[0, 12, 6, 15, 19]",1,0.0,-21,0,3,0.09941520467836201,21,1
32,"(11,4)",,False,22,"[17, 11, 4, 7, 13]",1,0.0,-23,0,2,0.159844054580896,23,1
33,"(11,4)",,False,22,"[17, 11, 4, 7, 13]",1,0.0,-23,0,2,0.159844054580896,23,1
34,"(9,8)",,False,22,"[9, 5, 0, 8, 6]",1,0.0,-25,0,2,0.159844054580896,25,1
35,"(9,8)",,False,22,"[9, 5, 0, 8, 6]",1,0.0,-25,0,2,0.159844054580896,25,1
36,"(3,6)",,False,22,"[4, 17, 3, 11, 6]",2,0.09941520467836201,-27,0,2,0.21929824561403502,27,1
37,"(3,6)",,False,22,"[4, 17, 3, 11, 6]",2,0.09941520467836201,-27,0,2,0.21929824561403502,27,1
38,11:8,assassinate,True,19,"[0, 11, 19, 13, 12]",2,0.09356725146198801,-27,1,2,0.175438596491228,28,1
39,11:8,assassinate,True,19,"[0, 11, 19, 13, 12]",2,0.09356725146198801,-27,1,2,0.175438596491228,28,1
40,"(7,14)",,True,19,"[13, 7, 14, 5, 15]",2,0.09356725146198801,-29,1,2,0.245614035087719,30,1
41,"(7,14)",,True,19,"[13, 7, 14, 5, 15]",2,0.09356725146198801,-29,1,2,0.245614035087719,30,1
42,"(1,18)",,False,19,"[14, 1, 18, 11, 17]",2,0.09356725146198801,-29,2,2,0.245614035087719,31,1
43,"(1,18)",,False,19,"[14, 1, 18, 11, 17]",2,0.09356725146198801,-29,2,2,0.245614035087719,31,1
44,"(10,3)",,False,21,"[10, 19, 15, 3, 13]",2,0.0,-29,3,2,0.055555555555555004,32,1
45,"(10,3)",,False,21,"[10, 19, 15, 3, 13]",2,0.0,-29,3,2,0.055555555555555004,32,1
46,"(19,16)",,False,23,"[11, 19, 2, 7, 16]",3,0.14424951267056502,-27,5,2,0.05847953216374201,32,1
47,"(19,16)",,False,23,"[11, 19, 2, 7, 16]",3,0.14424951267056502,-27,5,2,0.05847953216374201,32,1
48,18:10,assassinate,True,19,"[9, 16, 18, 7, 19]",2,0.0,-26,6,1,0.0,32,1
49,18:10,assassinate,True,19,"[9, 16, 18, 7, 19]",2,0.0,-26,6,1,0.0,32,1
50,"(13,11)",,False,21,"[7, 14, 9, 13, 11]",3,0.078947368421052,-24,8,1,0.0,32,1
51,"(13,11)",,False,21,"[7, 14, 9, 13, 11]",3,0.078947368421052,-24,8,1,0.0,32,1
52,"(9,1)",,True,23,"[9, 11, 1, 4, 17]",3,0.114035087719298,-22,10,2,0.08674463937621801,32,1
53,"(9,1)",,True,23,"[9, 11, 1, 4, 17]",3,0.114035087719298,-22,10,2,0.08674463937621801,32,1
54,"(1,13)",,True,23,"[1, 12, 13, 5, 17]",3,0.08187134502923901,-22,11,2,0.140350877192982,33,1
55,"(1,13)",,True,23,"[1, 12, 13, 5, 17]",3,0.08187134502923901,-22,11,2,0.140350877192982,33,1
56,"(16,5)",,False,25,"[19, 8, 16, 5, 9]",3,0.051656920077972006,-23,11,2,0.07212475633528201,34,1
57,"(16,5)",,False,25,"[19, 8, 16, 5, 9]",3,0.051656920077972006,-23,11,2,0.07212475633528201,34,1
58,"(1,15)",,False,27,"[5, 1, 2, 11, 15]",4,0.153021442495126,-21,13,3,0.144639376218323,34,1
59,"(1,15)",,False,27,"[5, 1, 2, 11, 15]",4,0.153021442495126,-21,13,3,0.144639376218323,34,1
60,"(9,0)",,False,27,"[9, 0, 3, 19, 8]",3,0.0588693957115,-21,14,3,0.177387914230019,35,1
61,"(9,0)",,False,27,"[9, 0, 3, 19, 8]",3,0.0588693957115,-21,14,3,0.177387914230019,35,1
62,"(9,19)",,False,27,"[3, 9, 19, 11, 13]",3,0.0588693957115,-23,14,3,0.177387914230019,37,1
63,"(9,19)",,False,27,"[3, 9, 19, 11, 13]",3,0.0588693957115,-23,14,3,0.177387914230019,37,1
64,"(11,5)",,False,29,"[8, 15, 11, 5, 12]",3,0.049999999999999004,-25,14,3,0.143762183235867,39,1
65,"(11,5)",,False,29,"[8, 15, 11, 5, 12]",3,0.049999999999999004,-25,14,3,0.143762183235867,39,1
66,"(12,5)",,False,29,"[12, 11, 2, 5, 18]",3,0.031021999443052003,-27,14,2,0.105263157894736,41,1
67,"(12,5)",,False,29,"[12, 11, 2, 5, 18]",3,0.031021999443052003,-27,14,2,0.105263157894736,41,1
68,"(9,4)",,False,31,"[9, 11, 18, 14, 4]",4,0.11959064327485301,-25,16,3,0.11306042884990201,41,1
69,"(9,4)",,False,31,"[9, 11, 18, 14, 4]",4,0.11959064327485301,-25,16,3,0.11306042884990201,41,1
70,"(10,5)",,False,33,"[10, 5, 6, 18, 2]",4,0.056934001670843004,-23,18,3,0.031300473405736,41,1
71,"(10,5)",,False,33,"[10, 5, 6, 18, 2]",4,0.056934001670843004,-23,18,3,0.031300473405736,41,1
72,"(15,16)",,False,33,"[15, 8, 3, 19, 16]",4,0.065705931495405,-21,20,3,0.041492620439988005,41,1
73,"(15,16)",,False,33,"[15, 8, 3, 19, 16]",4,0.065705931495405,-21,20,3,0.041492620439988005,41,1
74,"(6,13)",,False,33,"[19, 6, 8, 13, 14]",4,0.07535505430242201,-19,22,3,0.044945697577276005,41,1
75,"(6,13)",,False,33,"[19, 6, 8, 13, 14]",4,0.07535505430242201,-19,22,3,0.044945697577276005,41,1
76,"(0,5)",,False,31,"[6, 0, 4, 17, 5]",3,0.058187134502923,-17,24,3,0.028167641325536,41,1
77,"(0,5)",,False,31,"[6, 0, 4, 17, 5]",3,0.058187134502923,-17,24,3,0.028167641325536,41,1
78,"(9,5)",,True,33,"[10, 9, 19, 5, 12]",3,0.025689223057644,-15,26,3,0.022333611807296,41,1
79,"(9,5)",,True,33,"[10, 9, 19, 5, 12]",3,0.025689223057644,-15,26,3,0.022333611807296,41,1
80,"(3,8)",,False,35,"[10, 2, 13, 3, 8]",4,0.059962406015037,-13,28,3,0.024269005847953003,41,1
81,"(3,8)",,False,35,"[10, 2, 13, 3, 8]",4,0.059962406015037,-13,28,3,0.024269005847953003,41,1
82,"(14,15)",,False,37,"[10, 13, 14, 12, 15]",4,0.055332776385407005,-11,30,3,0.02948343079922,41,1
83,"(14,15)",,False,37,"[10, 13, 14, 12, 15]",4,0.055332776385407005,-11,30,3,0.02948343079922,41,1
84,3:14,assassinate,True,31,"[12, 13, 14, 16, 3]",4,0.070718462823725,-9,32,3,0.063046505151768,41,1
85,3:14,assassinate,True,31,"[12, 13, 14, 16, 3]",4,0.070718462823725,-9,32,3,0.063046505151768,41,1
86,17:6,assassinate,True,29,"[5, 16, 17, 7, 11]",5,0.09551656920077901,-7,34,3,0.023391812865497002,41,1
87,17:6,assassinate,True,29,"[5, 16, 17, 7, 11]",5,0.09551656920077901,-7,34,3,0.023391812865497002,41,1
88,"(16,9)",,True,31,"[16, 12, 7, 13, 9]",5,0.12475633528265101,-5,36,3,0.035575048732943,41,1
89,"(16,9)",,True,31,"[16, 12, 7, 13, 9]",5,0.12475633528265101,-5,36,3,0.035575048732943,41,1
90,"(4,1)",,False,33,"[6, 9, 4, 17, 1]",5,0.09551656920077901,-3,38,4,0.073586744639376,41,1
91,"(4,1)",,False,33,"[6, 9, 4, 17, 1]",5,0.09551656920077901,-3,38,4,0.073586744639376,41,1
92,18:4,assassinate,True,32,"[18, 13, 2, 6, 3]",4,0.058284600389863,-3,39,4,0.069005847953216,42,1
93,18:4,assassinate,True,32,"[18, 13, 2, 6, 3]",4,0.058284600389863,-3,39,4,0.069005847953216,42,1
94,"(9,17)",,True,32,"[14, 5, 9, 0, 17]",4,0.071150097465886,-5,39,4,0.088693957115009,44,1
95,"(9,17)",,True,32,"[14, 5, 9, 0, 17]",4,0.071150097465886,-5,39,4,0.088693957115009,44,1
96,"(5,16)",,False,32,"[5, 0, 14, 6, 16]",4,0.07319688109161701,-7,39,4,0.095126705653021,46,1
97,"(5,16)",,False,32,"[5, 0, 14, 6, 16]",4,0.07319688109161701,-7,39,4,0.095126705653021,46,1
98,4:8,assassinate,True,27,"[4, 16, 7, 2, 8]",3,0.040350877192982006,-5,41,2,0.0,46,1
99,4:8,assassinate,True,27,"[4, 16, 7, 2, 8]",3,0.040350877192982006,-5,41,2,0.0,46,1
100,"(10,5)",,False,27,"[11, 10, 3, 9, 5]",3,0.04717348927875201,-3,43,2,0.0,46,1
101,"(10,5)",,False,27,"[11, 10, 3, 9, 5]",3,0.04717348927875201,-3,43,2,0.0,46,1
102,"(11,16)",,False,29,"[11, 2, 4, 16, 7]",4,0.106432748538011,-1,45,2,0.0,46,1
103,"(11,16)",,False,29,"[11, 2, 4, 16, 7]",4,0.106432748538011,-1,45,2,0.0,46,1
104,"(19,14)",,False,29,"[19, 7, 18, 17, 14]",4,0.10672514619883001,1,47,2,0.0,46,1
105,"(19,14)",,False,29,"[19, 7, 18, 17, 14]",4,0.10672514619883001,1,47,2,0.0,46,1
106,"(14,13)",,False,31,"[14, 5, 17, 4, 13]",4,0.09454191033138401,3,49,2,0.0,46,1
107,"(14,13)",,False,31,"[14, 5, 17, 4, 13]",4,0.09454191033138401,3,49,2,0.0,46,1
108,"(16,1)",,False,31,"[5, 18, 16, 1, 7]",4,0.087621832358674,5,51,3,0.018713450292397002,46,1
109,"(16,1)",,False,31,"[5, 18, 16, 1, 7]",4,0.087621832358674,5,51,3,0.018713450292397002,46,1
110,18:2,assassinate,True,31,"[3, 14, 12, 2, 18]",4,0.09580896686159801,7,53,3,0.030604288499025002,46,1
111,18:2,assassinate,True,31,"[3, 14, 12, 2, 18]",4,0.09580896686159801,7,53,3,0.030604288499025002,46,1
112,"(1,7)",,False,33,"[0, 16, 1, 2, 7]",5,0.183723196881091,9,55,4,0.09551656920077901,46,1
113,"(1,7)",,False,33,"[0, 16, 1, 2, 7]",5,0.183723196881091,9,55,4,0.09551656920077901,46,1
114,18:2,assassinate,True,33,"[15, 19, 18, 5, 14]",4,0.08401559454191,11,57,4,0.07553606237816701,46,1
115,18:2,assassinate,True,33,"[15, 19, 18, 5, 14]",4,0.08401559454191,11,57,4,0.07553606237816701,46,1
116,"(8,1)",,False,33,"[13, 8, 15, 14, 1]",4,0.07962962962962901,11,58,5,0.12687969924812,47,1
117,"(8,1)",,False,33,"[13, 8, 15, 14, 1]",4,0.07962962962962901,11,58,5,0.12687969924812,47,1
118,"(15,4)",,False,31,"[18, 15, 4, 3, 9]",4,0.07573099415204601,13,60,4,0.07480506822612,47,1
119,"(15,4)",,False,31,"[18, 15, 4, 3, 9]",4,0.07573099415204601,13,60,4,0.07480506822612,47,1
120,"(4,1)",,False,33,"[8, 11, 4, 1, 17]",4,0.087914230019493,13,61,5,0.14766081871345002,48,1
121,"(4,1)",,False,33,"[8, 11, 4, 1, 17]",4,0.087914230019493,13,61,5,0.14766081871345002,48,1
122,"(12,9)",,False,33,"[12, 7, 9, 10, 18]",4,0.088888888888888,11,61,4,0.11228070175438501,50,1
123,"(12,9)",,False,33,"[12, 7, 9, 10, 18]",4,0.088888888888888,11,61,4,0.11228070175438501,50,1
124,"(1,7)",,False,35,"[8, 13, 1, 10, 7]",5,0.100389863547758,13,63,5,0.098830409356725,50,1
125,"(1,7)",,False,35,"[8, 13, 1, 10, 7]",5,0.100389863547758,13,63,5,0.098830409356725,50,1
126,"(3,16)",,False,37,"[8, 5, 17, 3, 16]",6,0.143567251461988,15,65,5,0.105263157894736,50,1
127,"(3,16)",,False,37,"[8, 5, 17, 3, 16]",6,0.143567251461988,15,65,5,0.105263157894736,50,1
128,"(5,16)",,False,37,"[9, 5, 16, 19, 18]",6,0.157504873294346,17,67,4,0.051072124756335005,50,1
129,"(5,16)",,False,37,"[9, 5, 16, 19, 18]",6,0.157504873294346,17,67,4,0.051072124756335005,50,1
130,"(10,0)",,False,37,"[10, 6, 0, 11, 14]",5,0.116666666666666,19,69,4,0.06150097465886901,50,1
131,"(10,0)",,False,37,"[10, 6, 0, 11, 14]",5,0.116666666666666,19,69,4,0.06150097465886901,50,1
132,"(4,0)",,False,37,"[4, 0, 5, 18, 11]",4,0.084210526315789,19,70,4,0.128265107212475,51,1
133,"(4,0)",,False,37,"[4, 0, 5, 18, 11]",4,0.084210526315789,19,70,4,0.128265107212475,51,1
134,"(16,3)",,False,35,"[4, 13, 16, 3, 19]",4,0.142495126705653,21,72,3,0.105263157894736,51,1
135,"(16,3)",,False,35,"[4, 13, 16, 3, 19]",4,0.142495126705653,21,72,3,0.105263157894736,51,1
136,"(16,1)",,False,36,"[16, 15, 1, 2, 17]",4,0.11500974658869301,21,73,4,0.134502923976608,52,1
137,"(16,1)",,False,36,"[16, 15, 1, 2, 17]",4,0.11500974658869301,21,73,4,0.134502923976608,52,1
138,"(12,19)",,False,38,"[11, 9, 16, 12, 19]",5,0.14990253411306,23,75,4,0.135477582846003,52,1
139,"(12,19)",,False,38,"[11, 9, 16, 12, 19]",5,0.14990253411306,23,75,4,0.135477582846003,52,1
140,"(6,9)",,False,36,"[10, 7, 5, 6, 9]",5,0.10799220272904402,25,77,3,0.030214424951267003,52,1
141,"(6,9)",,False,36,"[10, 7, 5, 6, 9]",5,0.10799220272904402,25,77,3,0.030214424951267003,52,1
142,"(3,14)",,False,37,"[3, 14, 4, 13, 11]",5,0.15526315789473602,27,79,3,0.022417153996101002,52,1
143,"(3,14)",,False,37,"[3, 14, 4, 13, 11]",5,0.15526315789473602,27,79,3,0.022417153996101002,52,1
144,"(5,17)",,False,39,"[5, 17, 7, 19, 14]",5,0.162508122157245,29,81,3,0.022124756335282002,52,1
145,"(5,17)",,False,39,"[5, 17, 7, 19, 14]",5,0.162508122157245,29,81,3,0.022124756335282002,52,1
146,"(12,1)",,False,41,"[14, 12, 1, 16, 19]",5,0.150899685110211,31,83,4,0.035199108883319,52,1
147,"(12,1)",,False,41,"[14, 12, 1, 16, 19]",5,0.150899685110211,31,83,4,0.035199108883319,52,1
148,9:16,assassinate,True,34,"[16, 3, 0, 1, 9]",4,0.12461709830130802,33,85,4,0.053313840155945,52,1
149,9:16,assassinate,True,34,"[16, 3, 0, 1, 9]",4,0.12461709830130802,33,85,4,0.053313840155945,52,1
150,"(3,7)",,False,36,"[17, 13, 5, 3, 7]",4,0.124415204678362,35,87,4,0.052729044834307,52,1
151,"(3,7)",,False,36,"[17, 13, 5, 3, 7]",4,0.124415204678362,35,87,4,0.052729044834307,52,1
152,"(11,10)",,False,36,"[11, 10, 0, 14, 18]",4,0.131964380648591,37,89,4,0.052729044834307,52,1
153,"(11,10)",,False,36,"[11, 10, 0, 14, 18]",4,0.131964380648591,37,89,4,0.052729044834307,52,1
154,"(2,19)",,False,38,"[16, 5, 3, 2, 19]",4,0.037909799751905005,39,91,4,0.031189083820662003,52,1
155,"(2,19)",,False,38,"[16, 5, 3, 2, 19]",4,0.037909799751905005,39,91,4,0.031189083820662003,52,1
156,"(4,16)",,False,40,"[12, 0, 5, 4, 16]",5,0.10955165692007701,41,93,4,0.033771929824561,52,1
157,"(4,16)",,False,40,"[12, 0, 5, 4, 16]",5,0.10955165692007701,41,93,4,0.033771929824561,52,1
158,"(13,15)",,False,40,"[10, 13, 4, 15, 6]",5,0.14805068226120802,43,95,4,0.046832358674463004,52,1
159,"(13,15)",,False,40,"[10, 13, 4, 15, 6]",5,0.14805068226120802,43,95,4,0.046832358674463004,52,1
160,"(2,0)",,False,40,"[13, 3, 2, 0, 15]",4,0.040448343079922004,45,97,4,0.02033788174139,52,1
161,"(2,0)",,False,40,"[13, 3, 2, 0, 15]",4,0.040448343079922004,45,97,4,0.02033788174139,52,1
162,"(18,1)",,False,42,"[7, 18, 17, 12, 1]",5,0.042541960963013006,47,99,5,0.042149565833776007,52,1
163,"(18,1)",,False,42,"[7, 18, 17, 12, 1]",5,0.042541960963013006,47,99,5,0.042149565833776007,52,1
164,"(0,13)",,False,42,"[0, 13, 14, 10, 3]",4,0.029239766081871003,47,100,5,0.05005569479253601,53,1
165,"(0,13)",,False,42,"[0, 13, 14, 10, 3]",4,0.029239766081871003,47,100,5,0.05005569479253601,53,1
166,"(19,0)",,False,40,"[16, 17, 6, 19, 0]",3,0.027290448343079,47,101,5,0.06809616634178,54,1
167,"(19,0)",,False,40,"[16, 17, 6, 19, 0]",3,0.027290448343079,47,101,5,0.06809616634178,54,1
168,"(16,0)",,False,40,"[19, 16, 9, 12, 0]",2,0.014376218323586001,45,101,5,0.09264132553606201,56,1
169,"(16,0)",,False,40,"[19, 16, 9, 12, 0]",2,0.014376218323586001,45,101,5,0.09264132553606201,56,1
170,"(19,8)",,False,40,"[5, 19, 11, 16, 8]",2,0.013401559454191001,43,101,5,0.08169286853497301,58,1
171,"(19,8)",,False,40,"[5, 19, 11, 16, 8]",2,0.013401559454191001,43,101,5,0.08169286853497301,58,1
172,"(16,3)",,False,42,"[16, 3, 2, 7, 17]",2,0.013401559454191001,41,101,5,0.08304093567251401,60,1
173,"(16,3)",,False,42,"[16, 3, 2, 7, 17]",2,0.013401559454191001,41,101,5,0.08304093567251401,60,1
174,"(2,1)",,True,44,"[5, 2, 4, 1, 17]",2,0.018518518518518,39,101,6,0.11704028589993501,62,1
175,"(2,1)",,True,44,"[5, 2, 4, 1, 17]",2,0.018518518518518,39,101,6,0.11704028589993501,62,1
176,13:14,assassinate,True,36,"[9, 13, 14, 11, 17]",2,0.09941520467836201,37,101,5,0.21229462545252,64,1
177,13:14,assassinate,True,36,"[9, 13, 14, 11, 17]",2,0.09941520467836201,37,101,5,0.21229462545252,64,1
178,"(2,15)",,False,38,"[7, 12, 2, 15, 5]",2,0.009639840341594002,35,101,5,0.11174231875986201,66,1
179,"(2,15)",,False,38,"[7, 12, 2, 15, 5]",2,0.009639840341594002,35,101,5,0.11174231875986201,66,1
180,"(7,13)",,False,41,"[10, 15, 7, 17, 13]",2,0.004093567251461001,33,101,5,0.049234196602617006,68,1
181,"(7,13)",,False,41,"[10, 15, 7, 17, 13]",2,0.004093567251461001,33,101,5,0.049234196602617006,68,1
182,14:14,assassinate,True,35,"[0, 14, 6, 4, 5]",2,0.004385964912280001,31,101,5,0.060672514619883,70,1
183,14:14,assassinate,True,35,"[0, 14, 6, 4, 5]",2,0.004385964912280001,31,101,5,0.060672514619883,70,1
184,"(12,8)",,False,35,"[12, 8, 13, 14, 6]",3,0.076120857699805,31,102,5,0.09309384572542401,71,1
185,"(12,8)",,False,35,"[12, 8, 13, 14, 6]",3,0.076120857699805,31,102,5,0.09309384572542401,71,1
186,"(14,10)",,False,37,"[4, 14, 16, 17, 10]",3,0.067641325536062,31,103,5,0.090949596212754,72,1
187,"(14,10)",,False,37,"[4, 14, 16, 17, 10]",3,0.067641325536062,31,103,5,0.090949596212754,72,1
188,"(1,14)",,False,39,"[1, 14, 0, 17, 19]",3,0.048148148148148,29,103,6,0.13118908382066202,74,1
189,"(1,14)",,False,39,"[1, 14, 0, 17, 19]",3,0.048148148148148,29,103,6,0.13118908382066202,74,1
190,"(0,15)",,False,39,"[0, 3, 9, 15, 13]",2,0.029977722082985003,27,103,6,0.141764132553606,76,1
191,"(0,15)",,False,39,"[0, 3, 9, 15, 13]",2,0.029977722082985003,27,103,6,0.141764132553606,76,1
192,"(2,9)",,False,39,"[2, 9, 5, 7, 11]",2,0.025974658869395,25,103,5,0.07646198830409301,78,1
193,"(2,9)",,False,39,"[2, 9, 5, 7, 11]",2,0.025974658869395,25,103,5,0.07646198830409301,78,1
194,"(1,17)",,False,41,"[9, 18, 1, 17, 13]",2,0.013473498561217,23,103,6,0.10677155852594401,80,1
195,"(1,17)",,False,41,"[9, 18, 1, 17, 13]",2,0.013473498561217,23,103,6,0.10677155852594401,80,1
196,"(2,19)",,False,41,"[5, 6, 9, 2, 19]",3,0.024347906804047,21,103,6,0.07717263243579,82,1
197,"(2,19)",,False,41,"[5, 6, 9, 2, 19]",3,0.024347906804047,21,103,6,0.07717263243579,82,1
198,"(12,11)",,False,41,"[8, 9, 0, 12, 11]",3,0.043047433398310006,19,103,6,0.08728766360345301,84,1
199,"(12,11)",,False,41,"[8, 9, 0, 12, 11]",3,0.043047433398310006,19,103,6,0.08728766360345301,84,1
200,"(17,10)",,False,43,"[6, 15, 17, 14, 10]",3,0.018680961663417,17,103,6,0.098489278752436,86,1
201,"(17,10)",,False,43,"[6, 15, 17, 14, 10]",3,0.018680961663417,17,103,6,0.098489278752436,86,1
202,"(14,1)",,False,45,"[14, 2, 19, 8, 1]",3,0.012248213125406,15,103,7,0.13034670008354202,88,1
203,"(14,1)",,False,45,"[14, 2, 19, 8, 1]",3,0.012248213125406,15,103,7,0.13034670008354202,88,1
204,"(18,10)",,False,45,"[11, 18, 2, 10, 4]",3,0.015900863269284003,13,103,7,0.15956558061821202,90,1
205,"(18,10)",,False,45,"[11, 18, 2, 10, 4]",3,0.015900863269284003,13,103,7,0.15956558061821202,90,1
206,"(3,1)",,False,47,"[9, 17, 16, 3, 1]",4,0.032446857885454004,11,103,8,0.18118444258795102,92,1
207,"(3,1)",,False,47,"[9, 17, 16, 3, 1]",4,0.032446857885454004,11,103,8,0.18118444258795102,92,1
208,"(10,6)",,False,47,"[10, 17, 9, 6, 8]",4,0.029418453541260003,9,103,8,0.16942587951359803,94,1
209,"(10,6)",,False,47,"[10, 17, 9, 6, 8]",4,0.029418453541260003,9,103,8,0.16942587951359803,94,1
210,"(17,6)",,False,47,"[17, 15, 12, 6, 3]",5,0.06556669451406201,7,103,8,0.191808224264364,96,1
211,"(17,6)",,False,47,"[17, 15, 12, 6, 3]",5,0.06556669451406201,7,103,8,0.191808224264364,96,1
212,"(13,1)",,False,49,"[4, 8, 7, 13, 1]",5,0.032735247208931,5,103,9,0.201655654287233,98,1
213,"(13,1)",,False,49,"[4, 8, 7, 13, 1]",5,0.032735247208931,5,103,9,0.201655654287233,98,1
214,11:14,assassinate,True,41,"[11, 17, 8, 9, 0]",5,0.04880416854101,3,103,8,0.237170383223014,100,1
215,11:14,assassinate,True,41,"[11, 17, 8, 9, 0]",5,0.04880416854101,3,103,8,0.237170383223014,100,1
216,"(6,0)",,True,41,"[6, 10, 0, 13, 5]",4,0.012037037037037,1,103,8,0.19344193817878003,102,1
217,"(6,0)",,True,41,"[6, 10, 0, 13, 5]",4,0.012037037037037,1,103,8,0.19344193817878003,102,1
218,"(13,5)",,False,41,"[2, 19, 12, 13, 5]",4,0.015058479532163,-1,103,8,0.194200779727095,104,1
219,"(13,5)",,False,41,"[2, 19, 12, 13, 5]",4,0.015058479532163,-1,103,8,0.194200779727095,104,1
220,"(18,10)",,False,41,"[6, 18, 10, 8, 12]",4,0.015058479532163,-3,103,8,0.19907407407407401,106,1
221,"(18,10)",,False,41,"[6, 18, 10, 8, 12]",4,0.015058479532163,-3,103,8,0.19907407407407401,106,1
222,"(16,18)",,False,41,"[6, 10, 16, 18, 15]",4,0.014083820662768,-5,103,8,0.17944862155388402,108,1
223,"(16,18)",,False,41,"[6, 10, 16, 18, 15]",4,0.014083820662768,-5,103,8,0.17944862155388402,108,1
224,"(10,14)",,False,39,"[7, 10, 8, 13, 14]",4,0.03787245892509,-7,103,7,0.145509607351712,110,1
225,"(10,14)",,False,39,"[7, 10, 8, 13, 14]",4,0.03787245892509,-7,103,7,0.145509607351712,110,1
226,13:4,assassinate,True,36,"[9, 17, 13, 5, 6]",3,0.006335282651072,-9,103,6,0.117265385686438,112,1
227,13:4,assassinate,True,36,"[9, 17, 13, 5, 6]",3,0.006335282651072,-9,103,6,0.117265385686438,112,1
228,"(10,1)",,False,38,"[15, 7, 12, 10, 1]",4,0.028056251740462,-11,103,7,0.12733221943748202,114,1
229,"(10,1)",,False,38,"[15, 7, 12, 10, 1]",4,0.028056251740462,-11,103,7,0.12733221943748202,114,1
230,"(16,1)",,False,40,"[16, 17, 0, 1, 9]",4,0.02704678362573,-13,103,8,0.136319966583124,116,1
231,"(16,1)",,False,40,"[16, 17, 0, 1, 9]",4,0.02704678362573,-13,103,8,0.136319966583124,116,1
232,"(1,11)",,False,42,"[12, 4, 1, 16, 11]",4,0.05214424951267001,-15,103,9,0.244507101086048,118,1
233,"(1,11)",,False,42,"[12, 4, 1, 16, 11]",4,0.05214424951267001,-15,103,9,0.244507101086048,118,1
234,"(4,0)",,False,40,"[9, 10, 4, 6, 0]",3,0.019841269841269,-17,103,8,0.24397800055694702,120,1
235,"(4,0)",,False,40,"[9, 10, 4, 6, 0]",3,0.019841269841269,-17,103,8,0.24397800055694702,120,1
236,"(4,1)",,True,43,"[4, 9, 10, 1, 5]",3,0.008535226956279,-19,103,9,0.18730158730158702,122,1
237,"(4,1)",,True,43,"[4, 9, 10, 1, 5]",3,0.008535226956279,-19,103,9,0.18730158730158702,122,1
238,"(15,1)",,False,43,"[15, 9, 1, 14, 16]",2,0.0022974101921470003,-21,103,9,0.184753550543024,124,1
239,"(15,1)",,False,43,"[15, 9, 1, 14, 16]",2,0.0022974101921470003,-21,103,9,0.184753550543024,124,1
240,"(13,1)",,True,45,"[13, 1, 2, 6, 16]",2,0.0022974101921470003,-23,103,10,0.22401141743247002,126,1
241,"(13,1)",,True,45,"[13, 1, 2, 6, 16]",2,0.0022974101921470003,-23,103,10,0.22401141743247002,126,1
242,"(5,15)",,True,46,"[6, 10, 9, 5, 15]",2,0.002436647173489,-25,103,10,0.20823354683003803,128,1
243,"(5,15)",,True,46,"[6, 10, 9, 5, 15]",2,0.002436647173489,-25,103,10,0.20823354683003803,128,1
244,"(1,8)",,False,48,"[1, 15, 19, 8, 4]",2,0.002436647173489,-27,103,11,0.221251360725044,130,1
245,"(1,8)",,False,48,"[1, 15, 19, 8, 4]",2,0.002436647173489,-27,103,11,0.221251360725044,130,1
246,"(4,18)",,False,46,"[4, 8, 9, 7, 18]",2,0.002436647173489,-29,103,10,0.218848046041028,132,1
247,"(4,18)",,False,46,"[4, 8, 9, 7, 18]",2,0.002436647173489,-29,103,10,0.218848046041028,132,1
248,"(11,7)",,False,48,"[15, 11, 4, 14, 7]",2,0.0025503573749180003,-31,103,10,0.185470620996936,134,1
249,"(11,7)",,False,48,"[15, 11, 4, 14, 7]",2,0.0025503573749180003,-31,103,10,0.185470620996936,134,1
250,2:18,assassinate,True,40,"[2, 9, 6, 1, 12]",1,0.0,-33,103,10,0.256335282651072,136,1
251,2:18,assassinate,True,40,"[2, 9, 6, 1, 12]",1,0.0,-33,103,10,0.256335282651072,136,1
252,"(10,0)",,False,42,"[10, 0, 8, 15, 3]",2,0.003898635477582,-35,103,10,0.22709551656920002,138,1
253,"(10,0)",,False,42,"[10, 0, 8, 15, 3]",2,0.003898635477582,-35,103,10,0.22709551656920002,138,1
254,"(19,18)",,True,42,"[19, 0, 11, 18, 10]",2,0.003898635477582,-37,103,10,0.23479532163742603,140,1
255,"(19,18)",,True,42,"[19, 0, 11, 18, 10]",2,0.003898635477582,-37,103,10,0.23479532163742603,140,1
256,"(3,4)",,False,42,"[3, 6, 4, 10, 8]",2,0.004093567251461001,-39,103,10,0.23473266499582202,142,1
257,"(3,4)",,False,42,"[3, 6, 4, 10, 8]",2,0.004093567251461001,-39,103,10,0.23473266499582202,142,1
258,"(12,17)",,False,44,"[12, 17, 18, 3, 15]",2,0.0029239766081870003,-41,103,10,0.21086048454469503,144,1
259,"(12,17)",,False,44,"[12, 17, 18, 3, 15]",2,0.0029239766081870003,-41,103,10,0.21086048454469503,144,1
260,"(2,15)",,False,46,"[9, 2, 5, 15, 0]",2,0.0029239766081870003,-43,103,10,0.26397939292676104,146,1
261,"(2,15)",,False,46,"[9, 2, 5, 15, 0]",2,0.0029239766081870003,-43,103,10,0.26397939292676104,146,1
262,"(11,19)",,False,44,"[8, 11, 5, 19, 14]",2,0.0029239766081870003,-45,103,10,0.20198180636777102,148,1
263,"(11,19)",,False,44,"[8, 11, 5, 19, 14]",2,0.0029239766081870003,-45,103,10,0.20198180636777102,148,1
264,"(1,2)",,False,46,"[8, 15, 9, 1, 2]",2,0.0029239766081870003,-47,103,11,0.284632878492527,150,1
265,"(1,2)",,False,46,"[8, 15, 9, 1, 2]",2,0.0029239766081870003,-47,103,11,0.284632878492527,150,1
266,"(6,13)",,False,46,"[17, 18, 6, 15, 13]",2,0.0029239766081870003,-49,103,10,0.178589993502274,152,1
267,"(6,13)",,False,46,"[17, 18, 6, 15, 13]",2,0.0029239766081870003,-49,103,10,0.178589993502274,152,1
268,"(9,1)",,False,48,"[9, 1, 18, 3, 16]",2,0.0029239766081870003,-51,103,11,0.188768216838392,154,1
269,"(9,1)",,False,48,"[9, 1, 18, 3, 16]",2,0.0029239766081870003,-51,103,11,0.188768216838392,154,1
270,"(8,18)",,False,48,"[6, 8, 19, 13, 18]",2,0.001949317738791,-53,103,11,0.18977072310405602,156,1
271,"(8,18)",,False,48,"[6, 8, 19, 13, 18]",2,0.001949317738791,-53,103,11,0.18977072310405602,156,1
272,"(17,9)",,False,48,"[17, 9, 12, 10, 15]",2,0.001949317738791,-55,103,11,0.196384479717813,158,1
273,"(17,9)",,False,48,"[17, 9, 12, 10, 15]",2,0.001949317738791,-55,103,11,0.196384479717813,158,1
274,"(1,12)",,True,50,"[11, 1, 12, 15, 18]",2,0.001949317738791,-57,103,12,0.22204442730758503,160,1
275,"(1,12)",,True,50,"[11, 1, 12, 15, 18]",2,0.001949317738791,-57,103,12,0.22204442730758503,160,1
276,"(14,4)",,False,50,"[19, 5, 14, 17, 4]",2,0.0023670286828180002,-59,103,12,0.22136591478696702,162,1
277,"(14,4)",,False,50,"[19, 5, 14, 17, 4]",2,0.0023670286828180002,-59,103,12,0.22136591478696702,162,1
278,"(16,5)",,False,50,"[16, 5, 19, 17, 11]",2,0.0023148148148140002,-61,103,12,0.20021929824561402,164,1
279,"(16,5)",,False,50,"[16, 5, 19, 17, 11]",2,0.0023148148148140002,-61,103,12,0.20021929824561402,164,1
280,"(2,1)",,False,50,"[2, 5, 0, 8, 1]",2,0.0023391812865490003,-63,103,12,0.272354497354497,166,1
281,"(2,1)",,False,50,"[2, 5, 0, 8, 1]",2,0.0023391812865490003,-63,103,12,0.272354497354497,166,1
282,"(16,8)",,False,50,"[19, 0, 16, 11, 8]",2,0.001949317738791,-65,103,12,0.28034902069989703,168,1
283,"(16,8)",,False,50,"[19, 0, 16, 11, 8]",2,0.001949317738791,-65,103,12,0.28034902069989703,168,1
284,7:12,assassinate,True,45,"[12, 18, 15, 14, 7]",1,0.0,-67,103,12,0.282748538011695,170,1
285,7:12,assassinate,True,45,"[12, 18, 15, 14, 7]",1,0.0,-67,103,12,0.282748538011695,170,1
286,4:18,assassinate,True,37,"[4, 14, 2, 1, 18]",1,0.0,-69,103,11,0.30253875429314003,172,1
287,4:18,assassinate,True,37,"[4, 14, 2, 1, 18]",1,0.0,-69,103,11,0.30253875429314003,172,1
288,"(12,7)",,False,39,"[12, 5, 16, 7, 19]",1,0.0,-71,103,11,0.302315975122992,174,1
289,"(12,7)",,False,39,"[12, 5, 16, 7, 19]",1,0.0,-71,103,11,0.302315975122992,174,1
290,"(4,1)",,False,41,"[4, 1, 16, 6, 15]",1,0.0,-73,103,12,0.36147776849531205,176,1
291,"(4,1)",,False,41,"[4, 1, 16, 6, 15]",1,0.0,-73,103,12,0.36147776849531205,176,1
292,"(3,6)",,False,39,"[8, 10, 3, 0, 6]",1,0.0,-75,103,11,0.339603638726445,178,1
293,"(3,6)",,False,39,"[8, 10, 3, 0, 6]",1,0.0,-75,103,11,0.339603638726445,178,1
294,17:10,assassinate,True,35,"[10, 7, 6, 4, 17]",1,0.0,-77,103,11,0.34083820662768005,180,1
295,17:10,assassinate,True,35,"[10, 7, 6, 4, 17]",1,0.0,-77,103,11,0.34083820662768005,180,1
296,"(14,13)",,False,37,"[14, 11, 8, 13, 2]",1,0.0,-79,103,11,0.284210526315789,182,1
297,"(14,13)",,False,37,"[14, 11, 8, 13, 2]",1,0.0,-79,103,11,0.284210526315789,182,1
298,"(15,11)",,False,37,"[15, 5, 9, 0, 11]",1,0.0,-81,103,11,0.28196881091617904,184,1
299,"(15,11)",,False,37,"[15, 5, 9, 0, 11]",1,0.0,-81,103,11,0.28196881091617904,184,1
300,"(4,17)",,True,39,"[4, 10, 17, 18, 7]",1,0.0,-83,103,11,0.325828460038986,186,1
301,"(4,17)",,True,39,"[4, 10, 17, 18, 7]",1,0.0,-83,103,11,0.325828460038986,186,1
302,"(6,1)",,False,41,"[6, 1, 2, 18, 10]",1,0.0,-85,103,12,0.352798663324979,188,1
303,"(6,1)",,False,41,"[6, 1, 2, 18, 10]",1,0.0,-85,103,12,0.352798663324979,188,1
304,"(12,10)",,False,41,"[19, 13, 12, 10, 4]",1,0.0,-87,103,12,0.33944583681425705,190,1
305,"(12,10)",,False,41,"[19, 13, 12, 10, 4]",1,0.0,-87,103,12,0.33944583681425705,190,1
306,"(8,19)",,False,41,"[11, 8, 14, 4, 19]",1,0.0,-89,103,12,0.32073238652186004,192,1
307,"(8,19)",,False,41,"[11, 8, 14, 4, 19]",1,0.0,-89,103,12,0.32073238652186004,192,1
308,"(1,7)",,False,43,"[1, 16, 18, 13, 7]",1,0.0,-91,103,13,0.34753550543024203,194,1
309,"(1,7)",,False,43,"[1, 16, 18, 13, 7]",1,0.0,-91,103,13,0.34753550543024203,194,1
310,"(13,14)",,False,43,"[2, 13, 16, 5, 14]",1,0.0,-93,103,13,0.33837371205792205,196,1
311,"(13,14)",,False,43,"[2, 13, 16, 5, 14]",1,0.0,-93,103,13,0.33837371205792205,196,1
312,"(18,10)",,False,43,"[13, 2, 17, 18, 10]",2,0.005847953216374001,-95,103,13,0.351629072681704,198,1
313,"(18,10)",,False,43,"[13, 2, 17, 18, 10]",2,0.005847953216374001,-95,103,13,0.351629072681704,198,1
314,"(0,5)",,False,42,"[6, 19, 0, 12, 5]",1,0.0,-97,103,13,0.32841130604288504,200,1
315,"(0,5)",,False,42,"[6, 19, 0, 12, 5]",1,0.0,-97,103,13,0.32841130604288504,200,1
316,"(3,2)",,False,40,"[3, 2, 15, 5, 18]",1,0.0,-99,103,12,0.32197855750487303,202,1
317,"(3,2)",,False,40,"[3, 2, 15, 5, 18]",1,0.0,-99,103,12,0.32197855750487303,202,1
318,"(8,6)",,False,42,"[10, 8, 7, 13, 6]",2,0.005847953216374001,-101,103,12,0.33508771929824505,204,1
319,"(8,6)",,False,42,"[10, 8, 7, 13, 6]",2,0.005847953216374001,-101,103,12,0.33508771929824505,204,1
320,"(8,1)",,False,44,"[5, 12, 15, 8, 1]",2,0.0029239766081870003,-103,103,13,0.361953494848231,206,1
321,"(8,1)",,False,44,"[5, 12, 15, 8, 1]",2,0.0029239766081870003,-103,103,13,0.361953494848231,206,1
322,"(13,10)",,False,44,"[13, 10, 0, 18, 14]",2,0.0029239766081870003,-105,103,13,0.367126148705095,208,1
323,"(13,10)",,False,44,"[13, 10, 0, 18, 14]",2,0.0029239766081870003,-105,103,13,0.367126148705095,208,1
324,"(13,12)",,False,44,"[1, 13, 2, 12, 18]",2,0.0029239766081870003,-107,103,13,0.37953216374269005,210,1
325,"(13,12)",,False,44,"[1, 13, 2, 12, 18]",2,0.0029239766081870003,-107,103,13,0.37953216374269005,210,1
326,"(6,12)",,False,44,"[10, 17, 6, 12, 18]",2,0.0029239766081870003,-109,103,13,0.37953216374269005,212,1
327,"(6,12)",,False,44,"[10, 17, 6, 12, 18]",2,0.0029239766081870003,-109,103,13,0.37953216374269005,212,1
328,"(17,7)",,False,46,"[2, 17, 3, 0, 7]",3,0.013993316624895,-111,103,13,0.354501995730065,214,1
329,"(17,7)",,False,46,"[2, 17, 3, 0, 7]",3,0.013993316624895,-111,103,13,0.354501995730065,214,1
330,"(0,1)",,False,48,"[5, 0, 11, 1, 2]",4,0.017021720969089,-113,103,14,0.35368281815650204,216,1
331,"(0,1)",,False,48,"[5, 0, 11, 1, 2]",4,0.017021720969089,-113,103,14,0.35368281815650204,216,1
332,"(7,4)",,True,50,"[18, 7, 4, 8, 13]",4,0.016534391534391003,-115,103,14,0.30709412419938703,218,1
333,"(7,4)",,True,50,"[18, 7, 4, 8, 13]",4,0.016534391534391003,-115,103,14,0.30709412419938703,218,1
334,"(3,5)",,False,50,"[7, 2, 6, 3, 5]",4,0.016534391534391003,-117,103,14,0.30281954887218004,220,1
335,"(3,5)",,False,50,"[7, 2, 6, 3, 5]",4,0.016534391534391003,-117,103,14,0.30281954887218004,220,1
336,"(10,0)",,False,50,"[10, 9, 2, 0, 19]",4,0.021164021164021003,-119,103,14,0.30274296853244204,222,1
337,"(10,0)",,False,50,"[10, 9, 2, 0, 19]",4,0.021164021164021003,-119,103,14,0.30274296853244204,222,1
338,"(2,12)",,False,50,"[9, 2, 11, 7, 12]",5,0.056251740462266005,-121,103,14,0.334001670843776,224,1
339,"(2,12)",,False,50,"[9, 2, 11, 7, 12]",5,0.056251740462266005,-121,103,14,0.334001670843776,224,1
340,"(5,0)",,False,48,"[12, 5, 8, 0, 4]",4,0.021651350598719,-123,103,13,0.31387496519075403,226,1
341,"(5,0)",,False,48,"[12, 5, 8, 0, 4]",4,0.021651350598719,-123,103,13,0.31387496519075403,226,1
342,"(16,12)",,False,46,"[4, 6, 16, 12, 11]",4,0.031151953958971003,-125,103,12,0.30976283300844704,228,1
343,"(16,12)",,False,46,"[4, 6, 16, 12, 11]",4,0.031151953958971003,-125,103,12,0.30976283300844704,228,1
344,"(3,16)",,True,46,"[9, 15, 3, 16, 11]",5,0.069163649865404,-127,103,12,0.31918917664531604,230,1
345,"(3,16)",,True,46,"[9, 15, 3, 16, 11]",5,0.069163649865404,-127,103,12,0.31918917664531604,230,1
346,"(1,4)",,False,48,"[16, 1, 6, 10, 4]",5,0.058688387635756005,-129,103,13,0.32772208298524,232,1
347,"(1,4)",,False,48,"[16, 1, 6, 10, 4]",5,0.058688387635756005,-129,103,13,0.32772208298524,232,1
348,4:12,assassinate,True,41,"[8, 17, 11, 12, 4]",4,0.038805346700083,-131,103,12,0.316645781119465,234,1
349,4:12,assassinate,True,41,"[8, 17, 11, 12, 4]",4,0.038805346700083,-131,103,12,0.316645781119465,234,1
350,"(5,3)",,False,44,"[14, 5, 2, 3, 15]",6,0.036916575951663005,-133,103,12,0.287875623401939,236,1
351,"(5,3)",,False,44,"[14, 5, 2, 3, 15]",6,0.036916575951663005,-133,103,12,0.287875623401939,236,1
352,"(4,3)",,False,46,"[9, 12, 14, 4, 3]",7,0.07572888450081401,-135,103,12,0.31245095060884504,238,1
353,"(4,3)",,False,46,"[9, 12, 14, 4, 3]",7,0.07572888450081401,-135,103,12,0.31245095060884504,238,1
354,"(1,4)",,False,48,"[15, 19, 1, 12, 4]",7,0.047345425854197,-137,103,13,0.305057466899572,240,1
355,"(1,4)",,False,48,"[15, 19, 1, 12, 4]",7,0.047345425854197,-137,103,13,0.305057466899572,240,1
356,"(0,6)",,False,48,"[17, 13, 0, 6, 11]",7,0.041508864754478,-139,103,13,0.31052631578947304,242,1
357,"(0,6)",,False,48,"[17, 13, 0, 6, 11]",7,0.041508864754478,-139,103,13,0.31052631578947304,242,1
358,"(15,12)",,False,49,"[2, 15, 17, 6, 12]",7,0.05435579689965601,-141,103,13,0.28715306785482203,244,1
359,"(15,12)",,False,49,"[2, 15, 17, 6, 12]",7,0.05435579689965601,-141,103,13,0.28715306785482203,244,1
360,"(8,12)",,False,49,"[8, 3, 12, 16, 14]",7,0.055720741247057004,-143,103,13,0.312467194923335,246,1
361,"(8,12)",,False,49,"[8, 3, 12, 16, 14]",7,0.055720741247057004,-143,103,13,0.312467194923335,246,1
362,"(2,9)",,False,47,"[2, 14, 15, 5, 9]",7,0.06745335561125,-145,103,12,0.332059314954051,248,1
363,"(2,9)",,False,47,"[2, 14, 15, 5, 9]",7,0.06745335561125,-145,103,12,0.332059314954051,248,1
364,"(19,1)",,False,49,"[8, 19, 2, 1, 13]",7,0.059621275410749006,-147,103,13,0.350737956001113,250,1
365,"(19,1)",,False,49,"[8, 19, 2, 1, 13]",7,0.059621275410749006,-147,103,13,0.350737956001113,250,1
366,7:6,assassinate,True,47,"[7, 14, 11, 4, 18]",7,0.050696184906711,-149,103,13,0.33436368699526503,252,1
367,7:6,assassinate,True,47,"[7, 14, 11, 4, 18]",7,0.050696184906711,-149,103,13,0.33436368699526503,252,1
368,"(8,7)",,True,49,"[5, 0, 14, 8, 7]",7,0.05572263993316601,-151,103,13,0.39190336953494803,254,1
369,"(8,7)",,True,49,"[5, 0, 14, 8, 7]",7,0.05572263993316601,-151,103,13,0.39190336953494803,254,1
370,"(15,2)",,True,49,"[10, 15, 2, 8, 16]",7,0.050835421888053005,-153,103,13,0.358451684767474,256,1
371,"(15,2)",,True,49,"[10, 15, 2, 8, 16]",7,0.050835421888053005,-153,103,13,0.358451684767474,256,1
372,"(16,9)",,False,47,"[5, 14, 8, 16, 9]",7,0.06901977165135001,-155,103,12,0.33734335839599,258,1
373,"(16,9)",,False,47,"[5, 14, 8, 16, 9]",7,0.06901977165135001,-155,103,12,0.33734335839599,258,1
374,"(0,3)",,False,45,"[8, 0, 13, 2, 3]",6,0.094876079086605,-157,103,11,0.30682725331848104,260,1
375,"(0,3)",,False,45,"[8, 0, 13, 2, 3]",6,0.094876079086605,-157,103,11,0.30682725331848104,260,1
376,"(9,6)",,False,45,"[9, 1, 2, 16, 6]",6,0.09906711222500601,-159,103,11,0.29327949503388,262,1
377,"(9,6)",,False,45,"[9, 1, 2, 16, 6]",6,0.09906711222500601,-159,103,11,0.29327949503388,262,1
378,"(13,7)",,False,45,"[2, 8, 13, 7, 12]",6,0.148259537733221,-161,103,11,0.310052910052909,264,1
379,"(13,7)",,False,45,"[2, 8, 13, 7, 12]",6,0.148259537733221,-161,103,11,0.310052910052909,264,1
380,"(13,16)",,False,46,"[0, 13, 16, 7, 10]",6,0.146180265478511,-163,103,11,0.275912002227791,266,1
381,"(13,16)",,False,46,"[0, 13, 16, 7, 10]",6,0.146180265478511,-163,103,11,0.275912002227791,266,1
382,"(17,1)",,False,46,"[13, 19, 17, 8, 1]",6,0.17729508957579102,-165,103,12,0.33828320802005,268,1
383,"(17,1)",,False,46,"[13, 19, 17, 8, 1]",6,0.17729508957579102,-165,103,12,0.33828320802005,268,1
384,"(4,1)",,False,48,"[4, 14, 11, 1, 12]",6,0.09483894922491401,-167,103,13,0.354949874686716,270,1
385,"(4,1)",,False,48,"[4, 14, 11, 1, 12]",6,0.09483894922491401,-167,103,13,0.354949874686716,270,1
386,12:14,assassinate,True,40,"[18, 9, 3, 12, 10]",5,0.083792815371762,-169,103,11,0.343817878028404,272,1
387,12:14,assassinate,True,40,"[18, 9, 3, 12, 10]",5,0.083792815371762,-169,103,11,0.343817878028404,272,1
388,"(0,4)",,False,38,"[15, 0, 1, 4, 17]",4,0.057477025898078,-171,103,10,0.2765664160401,274,1
389,"(0,4)",,False,38,"[15, 0, 1, 4, 17]",4,0.057477025898078,-171,103,10,0.2765664160401,274,1
390,"(19,12)",,False,40,"[18, 7, 19, 12, 11]",4,0.058451684767474005,-173,103,10,0.28758006126427105,276,1
391,"(19,12)",,False,40,"[18, 7, 19, 12, 11]",4,0.058451684767474005,-173,103,10,0.28758006126427105,276,1
392,"(15,7)",,False,42,"[13, 12, 15, 11, 7]",4,0.052304372041214006,-175,103,10,0.269569757727652,278,1
393,"(15,7)",,False,42,"[13, 12, 15, 11, 7]",4,0.052304372041214006,-175,103,10,0.269569757727652,278,1
394,"(1,2)",,False,44,"[1, 17, 19, 4, 2]",4,0.06398635477582801,-177,103,11,0.36164717348927805,280,1
395,"(1,2)",,False,44,"[1, 17, 19, 4, 2]",4,0.06398635477582801,-177,103,11,0.36164717348927805,280,1
396,"(1,3)",,False,46,"[14, 1, 15, 3, 12]",4,0.044444444444444,-179,103,12,0.351564095423744,282,1
397,"(1,3)",,False,46,"[14, 1, 15, 3, 12]",4,0.044444444444444,-179,103,12,0.351564095423744,282,1
398,"(9,8)",,False,44,"[0, 3, 9, 13, 8]",4,0.039571150097465,-181,103,11,0.316378910238559,284,1
399,"(9,8)",,False,44,"[0, 3, 9, 13, 8]",4,0.039571150097465,-181,103,11,0.316378910238559,284,1
400,"(12,14)",,False,44,"[4, 12, 11, 14, 6]",4,0.034405458089668,-183,103,10,0.267256103221015,286,1
401,"(12,14)",,False,44,"[4, 12, 11, 14, 6]",4,0.034405458089668,-183,103,10,0.267256103221015,286,1
402,"(12,1)",,False,46,"[12, 0, 13, 1, 14]",5,0.048231690336953,-185,103,11,0.26973452148890703,288,1
403,"(12,1)",,False,46,"[12, 0, 13, 1, 14]",5,0.048231690336953,-185,103,11,0.26973452148890703,288,1
404,"(15,1)",,True,48,"[15, 6, 9, 1, 18]",5,0.044806460595934,-187,103,12,0.277155852594449,290,1
405,"(15,1)",,True,48,"[15, 6, 9, 1, 18]",5,0.044806460595934,-187,103,12,0.277155852594449,290,1
406,"(4,16)",,False,50,"[6, 2, 4, 7, 16]",5,0.039348370927318,-189,103,12,0.25592917478882304,292,1
407,"(4,16)",,False,50,"[6, 2, 4, 7, 16]",5,0.039348370927318,-189,103,12,0.25592917478882304,292,1
408,"(13,15)",,False,50,"[16, 13, 15, 5, 11]",6,0.07888703239580401,-191,103,12,0.25142485844240203,294,1
409,"(13,15)",,False,50,"[16, 13, 15, 5, 11]",6,0.07888703239580401,-191,103,12,0.25142485844240203,294,1
410,"(7,1)",,False,52,"[7, 1, 16, 15, 18]",6,0.074136730715678,-193,103,13,0.269249512670565,296,1
411,"(7,1)",,False,52,"[7, 1, 16, 15, 18]",6,0.074136730715678,-193,103,13,0.269249512670565,296,1
412,"(12,19)",,False,52,"[0, 12, 6, 19, 1]",7,0.11036007527235502,-195,103,13,0.275583107600651,298,1
413,"(12,19)",,False,52,"[0, 12, 6, 19, 1]",7,0.11036007527235502,-195,103,13,0.275583107600651,298,1
414,"(18,9)",,False,52,"[14, 18, 13, 8, 9]",7,0.10667409263900401,-197,103,13,0.271551564095423,300,1
415,"(18,9)",,False,52,"[14, 18, 13, 8, 9]",7,0.10667409263900401,-197,103,13,0.271551564095423,300,1
416,"(15,0)",,False,50,"[19, 15, 3, 17, 0]",6,0.09784182678919501,-199,103,12,0.24157616262879403,302,1
417,"(15,0)",,False,50,"[19, 15, 3, 17, 0]",6,0.09784182678919501,-199,103,12,0.24157616262879403,302,1
418,"(12,15)",,False,50,"[8, 5, 12, 15, 9]",7,0.11958368142578601,-201,103,12,0.23348649401280902,304,1
419,"(12,15)",,False,50,"[8, 5, 12, 15, 9]",7,0.11958368142578601,-201,103,12,0.23348649401280902,304,1
420,"(8,17)",,False,50,"[2, 8, 19, 17, 5]",7,0.118783068783068,-203,103,12,0.233409913673071,306,1
421,"(8,17)",,False,50,"[2, 8, 19, 17, 5]",7,0.118783068783068,-203,103,12,0.233409913673071,306,1
422,"(8,18)",,False,50,"[13, 4, 12, 8, 18]",8,0.143650793650793,-205,103,12,0.22491645781119401,308,1
423,"(8,18)",,False,50,"[13, 4, 12, 8, 18]",8,0.143650793650793,-205,103,12,0.22491645781119401,308,1
424,"(18,10)",,False,50,"[5, 18, 17, 10, 9]",9,0.167321080478975,-207,103,12,0.23079225842383702,310,1
425,"(18,10)",,False,50,"[5, 18, 17, 10, 9]",9,0.167321080478975,-207,103,12,0.23079225842383702,310,1
426,"(11,1)",,False,52,"[12, 17, 19, 11, 1]",9,0.14626844890002702,-209,103,13,0.260811751601225,312,1
427,"(11,1)",,False,52,"[12, 17, 19, 11, 1]",9,0.14626844890002702,-209,103,13,0.260811751601225,312,1
428,"(3,19)",,False,52,"[15, 8, 12, 3, 19]",9,0.156191404437018,-211,103,13,0.26858117516012203,314,1
429,"(3,19)",,False,52,"[15, 8, 12, 3, 19]",9,0.156191404437018,-211,103,13,0.26858117516012203,314,1
430,"(11,10)",,False,50,"[11, 3, 10, 4, 18]",9,0.18636869952659402,-213,103,12,0.257289055973266,316,1
431,"(11,10)",,False,50,"[11, 3, 10, 4, 18]",9,0.18636869952659402,-213,103,12,0.257289055973266,316,1
432,"(19,12)",,False,52,"[19, 12, 13, 11, 15]",9,0.17766870880905902,-215,103,12,0.224143692564745,318,1
433,"(19,12)",,False,52,"[19, 12, 13, 11, 15]",9,0.17766870880905902,-215,103,12,0.224143692564745,318,1
434,"(3,13)",,False,52,"[0, 3, 13, 15, 19]",9,0.16979485751415502,-217,103,12,0.21790355518425603,320,1
435,"(3,13)",,False,52,"[0, 3, 13, 15, 19]",9,0.16979485751415502,-217,103,12,0.21790355518425603,320,1
436,"(8,6)",,False,52,"[8, 9, 3, 6, 17]",9,0.167344286642532,-219,103,12,0.21276571057272803,322,1
437,"(8,6)",,False,52,"[8, 9, 3, 6, 17]",9,0.167344286642532,-219,103,12,0.21276571057272803,322,1
438,"(8,0)",,True,52,"[6, 9, 13, 8, 0]",9,0.165074723846653,-221,103,12,0.233249791144527,324,1
439,"(8,0)",,True,52,"[6, 9, 13, 8, 0]",9,0.165074723846653,-221,103,12,0.233249791144527,324,1
440,5:8,assassinate,True,49,"[3, 15, 6, 13, 5]",8,0.11512619933672501,-223,103,12,0.22319308371939903,326,1
441,5:8,assassinate,True,49,"[3, 15, 6, 13, 5]",8,0.11512619933672501,-223,103,12,0.22319308371939903,326,1
442,"(18,7)",,False,49,"[17, 18, 9, 2, 7]",8,0.11500974658869301,-225,103,12,0.23248398774714502,328,1
443,"(18,7)",,False,49,"[17, 18, 9, 2, 7]",8,0.11500974658869301,-225,103,12,0.23248398774714502,328,1
444,"(0,2)",,True,49,"[18, 0, 12, 2, 13]",7,0.06693121693121601,-227,103,12,0.213366750208855,330,1
445,"(0,2)",,True,49,"[18, 0, 12, 2, 13]",7,0.06693121693121601,-227,103,12,0.213366750208855,330,1
446,"(16,1)",,False,51,"[8, 10, 16, 15, 1]",7,0.055465051517683,-229,103,13,0.23431495405179603,332,1
447,"(16,1)",,False,51,"[8, 10, 16, 15, 1]",7,0.055465051517683,-229,103,13,0.23431495405179603,332,1
448,"(12,18)",,False,51,"[12, 2, 16, 18, 8]",8,0.065559732664995,-231,103,13,0.23982873851294903,334,1
449,"(12,18)",,False,51,"[12, 2, 16, 18, 8]",8,0.065559732664995,-231,103,13,0.23982873851294903,334,1
450,"(0,11)",,False,51,"[0, 11, 2, 18, 17]",8,0.05904897571564201,-233,103,13,0.24770044770044702,336,1
451,"(0,11)",,False,51,"[0, 11, 2, 18, 17]",8,0.05904897571564201,-233,103,13,0.24770044770044702,336,1
452,"(14,18)",,False,51,"[14, 18, 2, 9, 17]",8,0.06597280237631101,-235,103,13,0.24216791979949803,338,1
453,"(14,18)",,False,51,"[14, 18, 2, 9, 17]",8,0.06597280237631101,-235,103,13,0.24216791979949803,338,1
454,"(1,2)",,False,51,"[8, 3, 1, 2, 14]",8,0.06788963148612201,-237,103,13,0.25680868838763504,340,1
455,"(1,2)",,False,51,"[8, 3, 1, 2, 14]",8,0.06788963148612201,-237,103,13,0.25680868838763504,340,1
456,"(19,2)",,False,49,"[19, 4, 2, 15, 8]",8,0.08198737584702401,-239,103,12,0.256620718462823,342,1
457,"(19,2)",,False,49,"[19, 4, 2, 15, 8]",8,0.08198737584702401,-239,103,12,0.256620718462823,342,1
458,"(16,6)",,False,49,"[16, 15, 2, 6, 14]",8,0.072658498097094,-241,103,11,0.23846421609579502,344,1
459,"(16,6)",,False,49,"[16, 15, 2, 6, 14]",8,0.072658498097094,-241,103,11,0.23846421609579502,344,1
460,"(0,6)",,False,47,"[16, 0, 13, 6, 8]",7,0.06952102478418201,-243,103,10,0.21106934001670802,346,1
461,"(0,6)",,False,47,"[16, 0, 13, 6, 8]",7,0.06952102478418201,-243,103,10,0.21106934001670802,346,1
462,"(3,8)",,True,46,"[10, 1, 3, 18, 8]",7,0.084614313561681,-245,103,10,0.197800055694792,348,1
463,"(3,8)",,True,46,"[10, 1, 3, 18, 8]",7,0.084614313561681,-245,103,10,0.197800055694792,348,1
464,"(18,5)",,False,46,"[18, 19, 5, 15, 7]",7,0.086694007746639,-247,103,9,0.206080858712437,350,1
465,"(18,5)",,False,46,"[18, 19, 5, 15, 7]",7,0.086694007746639,-247,103,9,0.206080858712437,350,1
466,"(9,1)",,True,48,"[14, 9, 1, 6, 16]",7,0.08474469000784701,-249,103,10,0.223234854813802,352,1
467,"(9,1)",,True,48,"[14, 9, 1, 6, 16]",7,0.08474469000784701,-249,103,10,0.223234854813802,352,1
468,"(8,10)",,False,48,"[8, 10, 9, 12, 3]",8,0.114571150097465,-251,103,10,0.24571150097465802,354,1
469,"(8,10)",,False,48,"[8, 10, 9, 12, 3]",8,0.114571150097465,-251,103,10,0.24571150097465802,354,1
470,"(8,19)",,False,46,"[12, 8, 7, 19, 5]",8,0.115399610136452,-253,103,9,0.23596491228070102,356,1
471,"(8,19)",,False,46,"[12, 8, 7, 19, 5]",8,0.115399610136452,-253,103,9,0.23596491228070102,356,1
472,"(17,1)",,False,48,"[8, 7, 17, 1, 19]",9,0.132066276803118,-255,103,10,0.240545808966861,358,1
473,"(17,1)",,False,48,"[8, 7, 17, 1, 19]",9,0.132066276803118,-255,103,10,0.240545808966861,358,1
474,"(4,1)",,True,48,"[4, 1, 3, 14, 10]",9,0.16215538847117703,-255,104,10,0.20796435533277602,359,1
475,"(4,1)",,True,48,"[4, 1, 3, 14, 10]",9,0.16215538847117703,-255,104,10,0.20796435533277602,359,1
476,"(10,2)",,False,48,"[10, 18, 2, 14, 6]",9,0.17521581732108002,-255,105,10,0.194319131161236,360,1
477,"(10,2)",,False,48,"[10, 18, 2, 14, 6]",9,0.17521581732108002,-255,105,10,0.194319131161236,360,1
478,"(14,0)",,False,48,"[14, 6, 2, 11, 0]",9,0.188735728209412,-253,107,10,0.17052353104984602,360,1
479,"(14,0)",,False,48,"[14, 6, 2, 11, 0]",9,0.188735728209412,-253,107,10,0.17052353104984602,360,1
480,"(7,12)",,False,50,"[5, 7, 13, 14, 12]",10,0.18276942355889703,-251,109,10,0.14882344750765703,360,1
481,"(7,12)",,False,50,"[5, 7, 13, 14, 12]",10,0.18276942355889703,-251,109,10,0.14882344750765703,360,1
482,"(7,0)",,False,50,"[18, 7, 2, 4, 0]",10,0.151183514341409,-249,111,10,0.125355054302422,360,1
483,"(7,0)",,False,50,"[18, 7, 2, 4, 0]",10,0.151183514341409,-249,111,10,0.125355054302422,360,1
484,"(4,0)",,False,50,"[18, 4, 2, 15, 0]",9,0.139320523531049,-249,112,10,0.152896129211918,361,1
485,"(4,0)",,False,50,"[18, 4, 2, 15, 0]",9,0.139320523531049,-249,112,10,0.152896129211918,361,1
486,"(9,0)",,True,48,"[8, 10, 5, 9, 0]",8,0.132797270955165,-249,113,9,0.14303118908382,362,1
487,"(9,0)",,True,48,"[8, 10, 5, 9, 0]",8,0.132797270955165,-249,113,9,0.14303118908382,362,1
488,"(13,11)",,False,50,"[13, 11, 6, 12, 14]",8,0.11345029239766001,-249,114,9,0.120711500974658,363,1
489,"(13,11)",,False,50,"[13, 11, 6, 12, 14]",8,0.11345029239766001,-249,114,9,0.120711500974658,363,1
490,"(2,8)",,False,50,"[2, 8, 18, 10, 4]",8,0.102079694184957,-251,114,9,0.12652970810865502,365,1
491,"(2,8)",,False,50,"[2, 8, 18, 10, 4]",8,0.102079694184957,-251,114,9,0.12652970810865502,365,1
492,"(5,12)",,False,52,"[5, 15, 11, 7, 12]",9,0.12275638591428001,-249,116,9,0.12164249006354201,365,1
493,"(5,12)",,False,52,"[5, 15, 11, 7, 12]",9,0.12275638591428001,-249,116,9,0.12164249006354201,365,1
494,"(14,15)",,False,52,"[14, 6, 15, 18, 3]",9,0.12247284878863801,-249,117,9,0.131056808688387,366,1
495,"(14,15)",,False,52,"[14, 6, 15, 18, 3]",9,0.12247284878863801,-249,117,9,0.131056808688387,366,1
496,"(3,16)",,False,51,"[8, 3, 16, 4, 7]",9,0.12720690615427402,-247,119,7,0.095161514898356,366,1
497,"(3,16)",,False,51,"[8, 3, 16, 4, 7]",9,0.12720690615427402,-247,119,7,0.095161514898356,366,1
498,"(1,10)",,False,53,"[1, 10, 7, 6, 15]",9,0.11290726817042601,-245,121,8,0.091548315232525,366,1
499,"(1,10)",,False,53,"[1, 10, 7, 6, 15]",9,0.11290726817042601,-245,121,8,0.091548315232525,366,1
500,"(1,6)",,False,53,"[4, 0, 1, 6, 19]",9,0.11807760141093401,-245,122,9,0.12225006961849001,367,1
501,"(1,6)",,False,53,"[4, 0, 1, 6, 19]",9,0.11807760141093401,-245,122,9,0.12225006961849001,367,1
502,"(10,0)",,True,53,"[10, 11, 0, 14, 8]",8,0.093488350505894,-245,123,9,0.11273090132739201,368,1
503,"(10,0)",,True,53,"[10, 11, 0, 14, 8]",8,0.093488350505894,-245,123,9,0.11273090132739201,368,1
504,12:20,assassinate,True,44,"[4, 7, 17, 12, 6]",7,0.072208298524088,-247,123,8,0.159709458832265,370,1
505,12:20,assassinate,True,44,"[4, 7, 17, 12, 6]",7,0.072208298524088,-247,123,8,0.159709458832265,370,1
506,"(4,2)",,False,44,"[4, 2, 7, 13, 9]",7,0.078285992759676,-249,123,8,0.158590921748816,372,1
507,"(4,2)",,False,44,"[4, 2, 7, 13, 9]",7,0.078285992759676,-249,123,8,0.158590921748816,372,1
508,"(14,2)",,False,46,"[10, 7, 8, 14, 2]",7,0.072681704260651,-251,123,8,0.13024227234753502,374,1
509,"(14,2)",,False,46,"[10, 7, 8, 14, 2]",7,0.072681704260651,-251,123,8,0.13024227234753502,374,1
510,"(10,16)",,False,46,"[10, 9, 13, 16, 17]",7,0.07310700994911501,-253,123,8,0.13489785068732402,376,1
511,"(10,16)",,False,46,"[10, 9, 13, 16, 17]",7,0.07310700994911501,-253,123,8,0.13489785068732402,376,1
512,"(16,5)",,False,44,"[14, 16, 5, 3, 6]",7,0.077847396268448,-255,123,8,0.186303722268634,378,1
513,"(16,5)",,False,44,"[14, 16, 5, 3, 6]",7,0.077847396268448,-255,123,8,0.186303722268634,378,1
514,13:12,assassinate,True,39,"[7, 3, 11, 17, 13]",6,0.046927503945047,-257,123,8,0.16635570407500203,380,1
515,13:12,assassinate,True,39,"[7, 3, 11, 17, 13]",6,0.046927503945047,-257,123,8,0.16635570407500203,380,1
516,"(1,14)",,False,41,"[10, 1, 9, 16, 14]",7,0.12187877100157801,-259,123,9,0.17347071382159102,382,1
517,"(1,14)",,False,41,"[10, 1, 9, 16, 14]",7,0.12187877100157801,-259,123,9,0.17347071382159102,382,1
518,"(16,6)",,False,41,"[16, 4, 6, 2, 0]",8,0.146992481203007,-261,123,9,0.20011138958507302,384,1
519,"(16,6)",,False,41,"[16, 4, 6, 2, 0]",8,0.146992481203007,-261,123,9,0.20011138958507302,384,1
520,"(12,2)",,False,43,"[12, 2, 5, 17, 11]",8,0.24612921191868503,-259,125,9,0.23609022556390902,384,1
521,"(12,2)",,False,43,"[12, 2, 5, 17, 11]",8,0.24612921191868503,-259,125,9,0.23609022556390902,384,1
522,"(6,13)",,False,43,"[16, 6, 13, 19, 17]",8,0.220983013088276,-259,126,8,0.228877749930381,385,1
523,"(6,13)",,False,43,"[16, 6, 13, 19, 17]",8,0.220983013088276,-259,126,8,0.228877749930381,385,1
524,"(8,0)",,False,43,"[6, 3, 5, 8, 0]",8,0.146649029982363,-259,127,8,0.276482873851294,386,1
525,"(8,0)",,False,43,"[6, 3, 5, 8, 0]",8,0.146649029982363,-259,127,8,0.276482873851294,386,1
526,"(4,19)",,False,43,"[12, 8, 4, 7, 19]",8,0.125925925925925,-261,127,7,0.170509607351712,388,1
527,"(4,19)",,False,43,"[12, 8, 4, 7, 19]",8,0.125925925925925,-261,127,7,0.170509607351712,388,1
528,"(3,17)",,False,43,"[3, 5, 7, 11, 17]",8,0.123948760790866,-263,127,7,0.168142578668894,390,1
529,"(3,17)",,False,43,"[3, 5, 7, 11, 17]",8,0.123948760790866,-263,127,7,0.168142578668894,390,1
530,"(5,4)",,False,43,"[5, 2, 6, 4, 14]",8,0.096198830409356,-261,129,6,0.064035087719298,390,1
531,"(5,4)",,False,43,"[5, 2, 6, 4, 14]",8,0.096198830409356,-261,129,6,0.064035087719298,390,1
532,"(1,7)",,True,45,"[1, 11, 7, 0, 13]",9,0.15662768031189,-261,130,7,0.190643274853801,391,1
533,"(1,7)",,True,45,"[1, 11, 7, 0, 13]",9,0.15662768031189,-261,130,7,0.190643274853801,391,1
534,"(15,16)",,False,47,"[10, 15, 16, 4, 19]",9,0.12109440267335,-261,131,7,0.131495405179615,392,1
535,"(15,16)",,False,47,"[10, 15, 16, 4, 19]",9,0.12109440267335,-261,131,7,0.131495405179615,392,1
536,"(12,1)",,False,49,"[11, 19, 4, 12, 1]",9,0.125076580339738,-261,132,8,0.154525201893622,393,1
537,"(12,1)",,False,49,"[11, 19, 4, 12, 1]",9,0.125076580339738,-261,132,8,0.154525201893622,393,1
538,3:14,assassinate,True,43,"[19, 12, 3, 4, 11]",8,0.105771372876636,-263,132,8,0.177638540796435,395,1
539,3:14,assassinate,True,43,"[19, 12, 3, 4, 11]",8,0.105771372876636,-263,132,8,0.177638540796435,395,1
540,"(17,0)",,True,41,"[17, 0, 16, 7, 2]",7,0.069444444444444,-265,132,7,0.166033138401559,397,1
541,"(17,0)",,True,41,"[17, 0, 16, 7, 2]",7,0.069444444444444,-265,132,7,0.166033138401559,397,1
542,"(0,11)",,False,41,"[0, 11, 15, 17, 18]",7,0.069444444444444,-267,132,7,0.166033138401559,399,1
543,"(0,11)",,False,41,"[0, 11, 15, 17, 18]",7,0.069444444444444,-267,132,7,0.166033138401559,399,1
544,"(2,12)",,False,41,"[10, 2, 5, 12, 11]",8,0.09537037037037001,-269,132,7,0.17821637426900502,401,1
545,"(2,12)",,False,41,"[10, 2, 5, 12, 11]",8,0.09537037037037001,-269,132,7,0.17821637426900502,401,1
546,"(17,7)",,False,41,"[19, 17, 7, 16, 2]",8,0.09244639376218301,-271,132,7,0.17894736842105202,403,1
547,"(17,7)",,False,41,"[19, 17, 7, 16, 2]",8,0.09244639376218301,-271,132,7,0.17894736842105202,403,1
548,"(0,10)",,False,41,"[2, 18, 13, 0, 10]",7,0.06325071939107,-273,132,7,0.162308549150654,405,1
549,"(0,10)",,False,41,"[2, 18, 13, 0, 10]",7,0.06325071939107,-273,132,7,0.162308549150654,405,1
550,"(6,1)",,False,43,"[17, 6, 15, 1, 10]",8,0.09049707602339101,-275,132,8,0.188840155945419,407,1
551,"(6,1)",,False,43,"[17, 6, 15, 1, 10]",8,0.09049707602339101,-275,132,8,0.188840155945419,407,1
552,"(0,6)",,True,41,"[14, 0, 11, 6, 10]",7,0.06325071939107,-277,132,7,0.162308549150654,409,1
553,"(0,6)",,True,41,"[14, 0, 11, 6, 10]",7,0.06325071939107,-277,132,7,0.162308549150654,409,1
554,"(11,1)",,False,43,"[16, 11, 0, 2, 1]",8,0.162777313654506,-279,132,8,0.20906432748538,411,1
555,"(11,1)",,False,43,"[16, 11, 0, 2, 1]",8,0.162777313654506,-279,132,8,0.20906432748538,411,1
556,"(19,14)",,False,45,"[16, 19, 8, 14, 9]",9,0.22567529935950903,-277,134,8,0.21125730994152,411,1
557,"(19,14)",,False,45,"[16, 19, 8, 14, 9]",9,0.22567529935950903,-277,134,8,0.21125730994152,411,1
558,"(0,18)",,False,43,"[0, 5, 18, 1, 17]",8,0.20751879699248102,-277,135,8,0.22169312169312103,412,1
559,"(0,18)",,False,43,"[0, 5, 18, 1, 17]",8,0.20751879699248102,-277,135,8,0.22169312169312103,412,1
560,"(1,6)",,False,44,"[13, 1, 8, 16, 6]",8,0.190023670286828,-277,136,8,0.22365636313004703,413,1
561,"(1,6)",,False,44,"[13, 1, 8, 16, 6]",8,0.190023670286828,-277,136,8,0.22365636313004703,413,1
562,"(16,15)",,False,46,"[16, 17, 7, 15, 12]",8,0.1770955165692,-279,136,8,0.188255360623781,415,1
563,"(16,15)",,False,46,"[16, 17, 7, 15, 12]",8,0.1770955165692,-279,136,8,0.188255360623781,415,1
564,"(10,8)",,False,46,"[0, 10, 14, 8, 4]",9,0.206028961292119,-277,138,8,0.20066833751044202,415,1
565,"(10,8)",,False,46,"[0, 10, 14, 8, 4]",9,0.206028961292119,-277,138,8,0.20066833751044202,415,1
566,"(6,7)",,False,46,"[2, 12, 18, 6, 7]",9,0.203884711779448,-275,140,8,0.169785575048732,415,1
567,"(6,7)",,False,46,"[2, 12, 18, 6, 7]",9,0.203884711779448,-275,140,8,0.169785575048732,415,1
568,"(1,18)",,False,48,"[9, 1, 18, 4, 2]",9,0.200375939849623,-273,142,9,0.179754942912837,415,1
569,"(1,18)",,False,48,"[9, 1, 18, 4, 2]",9,0.200375939849623,-273,142,9,0.179754942912837,415,1
570,"(0,12)",,False,46,"[7, 0, 16, 19, 12]",8,0.203289205920784,-271,144,8,0.14735074866653802,415,1
571,"(0,12)",,False,46,"[7, 0, 16, 19, 12]",8,0.203289205920784,-271,144,8,0.14735074866653802,415,1
572,"(11,0)",,False,46,"[4, 11, 1, 5, 0]",8,0.203289205920784,-269,146,8,0.14735074866653802,415,1
573,"(11,0)",,False,46,"[4, 11, 1, 5, 0]",8,0.203289205920784,-269,146,8,0.14735074866653802,415,1
574,"(1,19)",,False,48,"[1, 14, 15, 19, 10]",9,0.226002506265664,-267,148,9,0.19861459203564402,415,1
575,"(1,19)",,False,48,"[1, 14, 15, 19, 10]",9,0.226002506265664,-267,148,9,0.19861459203564402,415,1
576,"(11,2)",,False,48,"[8, 7, 11, 17, 2]",9,0.21956279587858502,-265,150,9,0.20029703889353,415,1
577,"(11,2)",,False,48,"[8, 7, 11, 17, 2]",9,0.21956279587858502,-265,150,9,0.20029703889353,415,1
578,"(19,4)",,False,48,"[19, 4, 5, 15, 6]",9,0.22731829573934803,-263,152,9,0.20514248584424002,415,1
579,"(19,4)",,False,48,"[19, 4, 5, 15, 6]",9,0.22731829573934803,-263,152,9,0.20514248584424002,415,1
580,"(13,0)",,False,48,"[13, 0, 8, 15, 19]",8,0.187914230019493,-261,154,9,0.17402998236331502,415,1
581,"(13,0)",,False,48,"[13, 0, 8, 15, 19]",8,0.187914230019493,-261,154,9,0.17402998236331502,415,1
582,"(1,8)",,False,50,"[10, 1, 8, 6, 5]",8,0.16838919689796802,-261,155,10,0.18958802730732502,416,1
583,"(1,8)",,False,50,"[10, 1, 8, 6, 5]",8,0.16838919689796802,-261,155,10,0.18958802730732502,416,1
584,"(19,14)",,False,50,"[18, 0, 19, 10, 14]",9,0.18715370075019203,-259,157,10,0.18379112765077601,416,1
585,"(19,14)",,False,50,"[18, 0, 19, 10, 14]",9,0.18715370075019203,-259,157,10,0.18379112765077601,416,1
586,"(6,1)",,False,50,"[6, 4, 11, 1, 17]",9,0.186373973654675,-257,159,10,0.17960009451237502,416,1
587,"(6,1)",,False,50,"[6, 4, 11, 1, 17]",9,0.186373973654675,-257,159,10,0.17960009451237502,416,1
588,"(3,15)",,False,50,"[13, 3, 14, 15, 12]",9,0.160369146772655,-257,160,10,0.17373125574879902,417,1
589,"(3,15)",,False,50,"[13, 3, 14, 15, 12]",9,0.160369146772655,-257,160,10,0.17373125574879902,417,1
590,"(1,3)",,True,52,"[11, 2, 18, 1, 3]",9,0.125245985333704,-257,161,11,0.19751461988304,418,1
591,"(1,3)",,True,52,"[11, 2, 18, 1, 3]",9,0.125245985333704,-257,161,11,0.19751461988304,418,1
592,"(6,19)",,False,52,"[6, 1, 19, 2, 9]",10,0.155134095923569,-259,161,11,0.208331905261729,420,1
593,"(6,19)",,False,52,"[6, 1, 19, 2, 9]",10,0.155134095923569,-259,161,11,0.208331905261729,420,1
594,"(1,16)",,False,54,"[15, 19, 1, 16, 13]",11,0.16104085972507,-261,161,12,0.215015864577268,422,1
595,"(1,16)",,False,54,"[15, 19, 1, 16, 13]",11,0.16104085972507,-261,161,12,0.215015864577268,422,1
596,"(6,7)",,False,54,"[6, 7, 5, 4, 10]",11,0.16104085972507,-263,161,12,0.215015864577268,424,1
597,"(6,7)",,False,54,"[6, 7, 5, 4, 10]",11,0.16104085972507,-263,161,12,0.215015864577268,424,1
598,"(1,13)",,False,56,"[18, 1, 13, 7, 10]",11,0.148191606963536,-265,161,13,0.241282921107482,426,1
599,"(1,13)",,False,56,"[18, 1, 13, 7, 10]",11,0.148191606963536,-265,161,13,0.241282921107482,426,1
600,"(4,1)",,False,58,"[8, 7, 4, 1, 16]",11,0.12823414402361702,-267,161,14,0.244057923882485,428,1
601,"(4,1)",,False,58,"[8, 7, 4, 1, 16]",11,0.12823414402361702,-267,161,14,0.244057923882485,428,1
602,"(0,8)",,False,56,"[17, 0, 15, 8, 13]",10,0.14293055872003202,-269,161,13,0.22687695670151803,430,1
603,"(0,8)",,False,56,"[17, 0, 15, 8, 13]",10,0.14293055872003202,-269,161,13,0.22687695670151803,430,1
604,15:14,assassinate,True,48,"[15, 17, 10, 9, 7]",9,0.175048732943469,-271,161,12,0.24017218973359303,432,1
605,15:14,assassinate,True,48,"[15, 17, 10, 9, 7]",9,0.175048732943469,-271,161,12,0.24017218973359303,432,1
606,"(3,1)",,False,48,"[5, 3, 13, 7, 1]",9,0.133145363408521,-273,161,12,0.24159936879235103,434,1
607,"(3,1)",,False,48,"[5, 3, 13, 7, 1]",9,0.133145363408521,-273,161,12,0.24159936879235103,434,1
608,"(3,2)",,False,48,"[13, 15, 3, 16, 2]",9,0.14240462266778,-275,161,11,0.20261301401652201,436,1
609,"(3,2)",,False,48,"[13, 15, 3, 16, 2]",9,0.14240462266778,-275,161,11,0.20261301401652201,436,1
610,"(18,1)",,False,50,"[18, 1, 12, 2, 3]",10,0.149770258980785,-277,161,12,0.2350691543674,438,1
611,"(18,1)",,False,50,"[18, 1, 12, 2, 3]",10,0.149770258980785,-277,161,12,0.2350691543674,438,1
612,"(7,15)",,False,52,"[17, 7, 14, 15, 9]",10,0.168237723939478,-279,161,12,0.253327763854079,440,1
613,"(7,15)",,False,52,"[17, 7, 14, 15, 9]",10,0.168237723939478,-279,161,12,0.253327763854079,440,1
614,"(1,19)",,False,54,"[0, 7, 18, 1, 19]",10,0.150183750622347,-281,161,13,0.262926676961764,442,1
615,"(1,19)",,False,54,"[0, 7, 18, 1, 19]",10,0.150183750622347,-281,161,13,0.262926676961764,442,1
616,11:14,assassinate,True,48,"[3, 2, 15, 4, 11]",9,0.125675299359509,-283,161,13,0.304576255453448,444,1
617,11:14,assassinate,True,48,"[3, 2, 15, 4, 11]",9,0.125675299359509,-283,161,13,0.304576255453448,444,1
618,"(9,16)",,False,50,"[8, 9, 6, 18, 16]",9,0.114368185420816,-285,161,13,0.29069254332412203,446,1
619,"(9,16)",,False,50,"[8, 9, 6, 18, 16]",9,0.114368185420816,-285,161,13,0.29069254332412203,446,1
620,"(13,8)",,False,48,"[14, 10, 2, 13, 8]",9,0.128030546451599,-287,161,12,0.273848438760719,448,1
621,"(13,8)",,False,48,"[14, 10, 2, 13, 8]",9,0.128030546451599,-287,161,12,0.273848438760719,448,1
622,"(7,8)",,False,48,"[5, 7, 15, 8, 3]",10,0.151554634449371,-289,161,12,0.25862287485094504,450,1
623,"(7,8)",,False,48,"[5, 7, 15, 8, 3]",10,0.151554634449371,-289,161,12,0.25862287485094504,450,1
624,"(12,2)",,False,48,"[12, 2, 6, 8, 14]",10,0.155538240187363,-291,161,12,0.24967100800434103,452,1
625,"(12,2)",,False,48,"[12, 2, 6, 8, 14]",10,0.155538240187363,-291,161,12,0.24967100800434103,452,1
626,"(11,18)",,False,48,"[11, 9, 3, 6, 18]",10,0.20524584252654401,-293,161,12,0.311074516776271,454,1
627,"(11,18)",,False,48,"[11, 9, 3, 6, 18]",10,0.20524584252654401,-293,161,12,0.311074516776271,454,1
628,"(10,1)",,False,50,"[8, 7, 0, 10, 1]",11,0.23180529671757702,-295,161,13,0.314989396568343,456,1
629,"(10,1)",,False,50,"[8, 7, 0, 10, 1]",11,0.23180529671757702,-295,161,13,0.314989396568343,456,1
630,"(15,1)",,False,52,"[8, 15, 18, 6, 1]",11,0.22198551935394,-297,161,14,0.330646059593427,458,1
631,"(15,1)",,False,52,"[8, 15, 18, 6, 1]",11,0.22198551935394,-297,161,14,0.330646059593427,458,1
632,"(3,2)",,False,54,"[8, 6, 3, 13, 2]",11,0.177573563538475,-299,161,14,0.312095052445929,460,1
633,"(3,2)",,False,54,"[8, 6, 3, 13, 2]",11,0.177573563538475,-299,161,14,0.312095052445929,460,1
634,"(5,13)",,False,54,"[10, 18, 5, 9, 13]",11,0.14006670717197,-301,161,14,0.260544669755196,462,1
635,"(5,13)",,False,54,"[10, 18, 5, 9, 13]",11,0.14006670717197,-301,161,14,0.260544669755196,462,1
636,"(0,3)",,False,54,"[5, 11, 4, 0, 3]",10,0.09416027442343201,-303,161,14,0.260711754132806,464,1
637,"(0,3)",,False,54,"[5, 11, 4, 0, 3]",10,0.09416027442343201,-303,161,14,0.260711754132806,464,1
638,"(10,2)",,False,52,"[10, 18, 5, 8, 2]",10,0.12599510625826402,-305,161,13,0.22955499666025903,466,1
639,"(10,2)",,False,52,"[10, 18, 5, 8, 2]",10,0.12599510625826402,-305,161,13,0.22955499666025903,466,1
640,"(1,11)",,False,54,"[15, 9, 13, 1, 11]",11,0.16943704443704402,-307,161,14,0.28552826315984203,468,1
641,"(1,11)",,False,54,"[15, 9, 13, 1, 11]",11,0.16943704443704402,-307,161,14,0.28552826315984203,468,1
642,"(2,0)",,True,54,"[3, 17, 2, 12, 0]",10,0.10520809599756901,-309,161,14,0.28590098984835804,470,1
643,"(2,0)",,True,54,"[3, 17, 2, 12, 0]",10,0.10520809599756901,-309,161,14,0.28590098984835804,470,1
644,"(0,4)",,False,54,"[7, 2, 18, 0, 4]",9,0.084631401736664,-311,161,14,0.28943381180223204,472,1
645,"(0,4)",,False,54,"[7, 2, 18, 0, 4]",9,0.084631401736664,-311,161,14,0.28943381180223204,472,1
646,5:12,assassinate,True,50,"[5, 15, 11, 17, 4]",8,0.058913698387382,-313,161,14,0.29931394141920403,474,1
647,5:12,assassinate,True,50,"[5, 15, 11, 17, 4]",8,0.058913698387382,-313,161,14,0.29931394141920403,474,1
648,"(3,10)",,False,52,"[13, 15, 3, 7, 10]",8,0.050022492127755,-315,161,14,0.294173467857678,476,1
649,"(3,10)",,False,52,"[13, 15, 3, 7, 10]",8,0.050022492127755,-315,161,14,0.294173467857678,476,1
650,"(9,15)",,False,52,"[9, 15, 7, 6, 4]",9,0.068588137009189,-317,161,14,0.298412698412698,478,1
651,"(9,15)",,False,52,"[9, 15, 7, 6, 4]",9,0.068588137009189,-317,161,14,0.298412698412698,478,1
652,"(11,0)",,False,52,"[11, 0, 6, 4, 12]",8,0.054455583402951,-319,161,14,0.28964076858813703,480,1
653,"(11,0)",,False,52,"[11, 0, 6, 4, 12]",8,0.054455583402951,-319,161,14,0.28964076858813703,480,1
654,"(1,2)",,True,55,"[7, 9, 3, 1, 2]",8,0.048113338902812004,-321,161,15,0.306502367028682,482,1
655,"(1,2)",,True,55,"[7, 9, 3, 1, 2]",8,0.048113338902812004,-321,161,15,0.306502367028682,482,1
656,"(0,14)",,False,55,"[11, 0, 14, 4, 8]",8,0.13715271083692102,-323,161,15,0.335900113531692,484,1
657,"(0,14)",,False,55,"[11, 0, 14, 4, 8]",8,0.13715271083692102,-323,161,15,0.335900113531692,484,1
658,"(9,18)",,False,57,"[10, 9, 18, 6, 1]",8,0.13363697705802902,-325,161,15,0.30289398710451304,486,1
659,"(9,18)",,False,57,"[10, 9, 18, 6, 1]",8,0.13363697705802902,-325,161,15,0.30289398710451304,486,1
660,"(16,18)",,False,57,"[17, 16, 18, 15, 3]",8,0.136140565087933,-327,161,15,0.296034423666002,488,1
661,"(16,18)",,False,57,"[17, 16, 18, 15, 3]",8,0.136140565087933,-327,161,15,0.296034423666002,488,1
662,"(0,13)",,False,57,"[0, 9, 17, 13, 18]",7,0.12308013623803,-329,161,15,0.299668508879035,490,1
663,"(0,13)",,False,57,"[0, 9, 17, 13, 18]",7,0.12308013623803,-329,161,15,0.299668508879035,490,1
664,"(1,5)",,False,59,"[7, 1, 5, 6, 4]",7,0.035259087890666,-331,161,16,0.344379645695435,492,1
665,"(1,5)",,False,59,"[7, 1, 5, 6, 4]",7,0.035259087890666,-331,161,16,0.344379645695435,492,1
666,"(11,6)",,False,59,"[2, 13, 11, 3, 6]",8,0.051243493348756004,-333,161,16,0.338824090139879,494,1
667,"(11,6)",,False,59,"[2, 13, 11, 3, 6]",8,0.051243493348756004,-333,161,16,0.338824090139879,494,1
668,"(5,0)",,False,57,"[6, 15, 5, 0, 11]",7,0.05695220958378801,-335,161,15,0.32891041706831103,496,1
669,"(5,0)",,False,57,"[6, 15, 5, 0, 11]",7,0.05695220958378801,-335,161,15,0.32891041706831103,496,1
670,"(16,4)",,False,57,"[8, 17, 16, 3, 4]",7,0.055587687166634,-337,161,15,0.323159929738877,498,1
671,"(16,4)",,False,57,"[8, 17, 16, 3, 4]",7,0.055587687166634,-337,161,15,0.323159929738877,498,1
672,"(10,13)",,False,57,"[11, 17, 10, 13, 3]",7,0.041942462995094,-339,161,14,0.290406750494469,500,1
673,"(10,13)",,False,57,"[11, 17, 10, 13, 3]",7,0.041942462995094,-339,161,14,0.290406750494469,500,1
674,"(2,19)",,False,57,"[2, 13, 17, 3, 19]",7,0.0423923055502,-341,161,14,0.29079911316753404,502,1
675,"(2,19)",,False,57,"[2, 13, 17, 3, 19]",7,0.0423923055502,-341,161,14,0.29079911316753404,502,1
676,"(6,11)",,False,57,"[7, 14, 15, 6, 11]",8,0.065906315906315,-343,161,14,0.29944746611413203,504,1
677,"(6,11)",,False,57,"[7, 14, 15, 6, 11]",8,0.065906315906315,-343,161,14,0.29944746611413203,504,1
678,"(9,8)",,False,57,"[9, 13, 4, 3, 8]",8,0.066309421572579,-345,161,14,0.30667529351739803,506,1
679,"(9,8)",,False,57,"[9, 13, 4, 3, 8]",8,0.066309421572579,-345,161,14,0.30667529351739803,506,1
680,"(8,11)",,False,57,"[5, 1, 16, 8, 11]",9,0.07994987468671601,-347,161,14,0.30585491506544105,508,1
681,"(8,11)",,False,57,"[5, 1, 16, 8, 11]",9,0.07994987468671601,-347,161,14,0.30585491506544105,508,1
682,17:8,assassinate,True,52,"[4, 17, 9, 7, 11]",8,0.074519632414369,-349,161,13,0.268539404065719,510,1
683,17:8,assassinate,True,52,"[4, 17, 9, 7, 11]",8,0.074519632414369,-349,161,13,0.268539404065719,510,1
684,13:8,assassinate,True,49,"[15, 7, 2, 9, 13]",8,0.052542681490049,-351,161,13,0.262822654927918,512,1
685,13:8,assassinate,True,49,"[15, 7, 2, 9, 13]",8,0.052542681490049,-351,161,13,0.262822654927918,512,1
686,"(8,12)",,False,47,"[10, 4, 8, 3, 12]",8,0.071423216160058,-353,161,12,0.26623396097080304,514,1
687,"(8,12)",,False,47,"[10, 4, 8, 3, 12]",8,0.071423216160058,-353,161,12,0.26623396097080304,514,1
688,"(1,3)",,False,49,"[16, 1, 3, 8, 18]",8,0.06799798641903901,-355,161,13,0.261263200736884,516,1
689,"(1,3)",,False,49,"[16, 1, 3, 8, 18]",8,0.06799798641903901,-355,161,13,0.261263200736884,516,1
690,"(4,12)",,True,49,"[4, 16, 12, 10, 7]",8,0.07000835421888,-357,161,13,0.263102199944305,518,1
691,"(4,12)",,True,49,"[4, 16, 12, 10, 7]",8,0.07000835421888,-357,161,13,0.263102199944305,518,1
692,"(13,8)",,False,49,"[7, 19, 13, 8, 3]",8,0.07410085041663901,-359,161,12,0.262260351734035,520,1
693,"(13,8)",,False,49,"[7, 19, 13, 8, 3]",8,0.07410085041663901,-359,161,12,0.262260351734035,520,1
694,"(0,19)",,False,47,"[0, 16, 19, 10, 18]",7,0.040644735381577,-361,161,11,0.160054078475131,522,1
695,"(0,19)",,False,47,"[0, 16, 19, 10, 18]",7,0.040644735381577,-361,161,11,0.160054078475131,522,1
696,13:4,assassinate,True,46,"[3, 19, 13, 16, 10]",7,0.040644735381577,-363,161,11,0.123991700307489,524,1
697,13:4,assassinate,True,46,"[3, 19, 13, 16, 10]",7,0.040644735381577,-363,161,11,0.123991700307489,524,1
698,"(0,18)",,False,46,"[19, 0, 13, 14, 18]",6,0.029938482570061,-365,161,11,0.12310700994911501,526,1
699,"(0,18)",,False,46,"[19, 0, 13, 14, 18]",6,0.029938482570061,-365,161,11,0.12310700994911501,526,1
700,"(2,6)",,False,48,"[5, 2, 7, 14, 6]",6,0.012553106412755002,-367,161,11,0.10798970360373801,528,1
701,"(2,6)",,False,48,"[5, 2, 7, 14, 6]",6,0.012553106412755002,-367,161,11,0.10798970360373801,528,1
702,"(5,1)",,False,50,"[5, 14, 0, 1, 6]",6,0.012326757063599002,-369,161,12,0.19171432855643303,530,1
703,"(5,1)",,False,50,"[5, 14, 0, 1, 6]",6,0.012326757063599002,-369,161,12,0.19171432855643303,530,1
704,"(13,18)",,False,50,"[12, 2, 13, 18, 4]",6,0.029061289587605003,-371,161,12,0.23314599630389102,532,1
705,"(13,18)",,False,50,"[12, 2, 13, 18, 4]",6,0.029061289587605003,-371,161,12,0.23314599630389102,532,1
706,"(17,18)",,False,52,"[17, 11, 12, 14, 18]",6,0.029061289587605003,-373,161,12,0.217864737601579,534,1
707,"(17,18)",,False,52,"[17, 11, 12, 14, 18]",6,0.029061289587605003,-373,161,12,0.217864737601579,534,1
708,"(7,0)",,False,50,"[7, 8, 11, 13, 0]",5,0.025898078529657004,-375,161,11,0.17541074909495902,536,1
709,"(7,0)",,False,50,"[7, 8, 11, 13, 0]",5,0.025898078529657004,-375,161,11,0.17541074909495902,536,1
710,"(12,18)",,False,50,"[12, 0, 18, 11, 5]",5,0.031746031746031,-377,161,11,0.209921267816004,538,1
711,"(12,18)",,False,50,"[12, 0, 18, 11, 5]",5,0.031746031746031,-377,161,11,0.209921267816004,538,1
712,9:22,assassinate,True,38,"[8, 12, 0, 9, 4]",4,0.029935950988582004,-379,161,9,0.31924255082149805,540,1
713,9:22,assassinate,True,38,"[8, 12, 0, 9, 4]",4,0.029935950988582004,-379,161,9,0.31924255082149805,540,1
714,"(6,4)",,False,40,"[6, 4, 3, 8, 7]",5,0.12057922584238301,-381,161,9,0.35579225842383705,542,1
715,"(6,4)",,False,40,"[6, 4, 3, 8, 7]",5,0.12057922584238301,-381,161,9,0.35579225842383705,542,1
716,"(15,12)",,False,40,"[14, 15, 12, 18, 4]",6,0.22612085769980503,-383,161,9,0.400487329434697,544,1
717,"(15,12)",,False,40,"[14, 15, 12, 18, 4]",6,0.22612085769980503,-383,161,9,0.400487329434697,544,1
718,"(9,1)",,False,42,"[13, 9, 1, 16, 10]",6,0.14850320245057,-385,161,10,0.42527847396268403,546,1
719,"(9,1)",,False,42,"[13, 9, 1, 16, 10]",6,0.14850320245057,-385,161,10,0.42527847396268403,546,1
720,"(1,4)",,False,44,"[3, 1, 4, 2, 16]",7,0.21012252854358102,-387,161,11,0.38537547572635206,548,1
721,"(1,4)",,False,44,"[3, 1, 4, 2, 16]",7,0.21012252854358102,-387,161,11,0.38537547572635206,548,1
722,"(7,5)",,False,46,"[4, 10, 7, 8, 5]",8,0.16939571150097402,-389,161,11,0.34606887589343704,550,1
723,"(7,5)",,False,46,"[4, 10, 7, 8, 5]",8,0.16939571150097402,-389,161,11,0.34606887589343704,550,1
724,"(15,7)",,False,46,"[11, 3, 10, 15, 7]",8,0.167495126705653,-391,161,11,0.323001949317738,552,1
725,"(15,7)",,False,46,"[11, 3, 10, 15, 7]",8,0.167495126705653,-391,161,11,0.323001949317738,552,1
726,"(14,1)",,False,48,"[14, 8, 1, 12, 7]",8,0.17373294346978502,-393,161,12,0.29707602339181205,554,1
727,"(14,1)",,False,48,"[14, 8, 1, 12, 7]",8,0.17373294346978502,-393,161,12,0.29707602339181205,554,1
728,"(16,17)",,False,48,"[16, 17, 18, 6, 7]",8,0.138032581453634,-395,161,11,0.251336675020885,556,1
729,"(16,17)",,False,48,"[16, 17, 18, 6, 7]",8,0.138032581453634,-395,161,11,0.251336675020885,556,1
730,"(16,6)",,False,49,"[9, 7, 16, 6, 3]",8,0.122362092098934,-397,161,10,0.199744310270626,558,1
731,"(16,6)",,False,49,"[9, 7, 16, 6, 3]",8,0.122362092098934,-397,161,10,0.199744310270626,558,1
732,"(17,18)",,False,49,"[4, 12, 16, 17, 18]",8,0.131265664160401,-399,161,10,0.19390142021720902,560,1
733,"(17,18)",,False,49,"[4, 12, 16, 17, 18]",8,0.131265664160401,-399,161,10,0.19390142021720902,560,1
734,"(1,5)",,False,51,"[0, 18, 10, 1, 5]",9,0.13477443609022502,-401,161,11,0.22314118629908103,562,1
735,"(1,5)",,False,51,"[0, 18, 10, 1, 5]",9,0.13477443609022502,-401,161,11,0.22314118629908103,562,1
736,"(1,17)",,False,51,"[3, 1, 17, 4, 8]",9,0.14523113338902802,-403,161,11,0.21367307156780802,564,1
737,"(1,17)",,False,51,"[3, 1, 17, 4, 8]",9,0.14523113338902802,-403,161,11,0.21367307156780802,564,1
738,"(0,5)",,True,51,"[4, 19, 0, 5, 8]",8,0.088530037214247,-405,161,11,0.212527530948583,566,1
739,"(0,5)",,True,51,"[4, 19, 0, 5, 8]",8,0.088530037214247,-405,161,11,0.212527530948583,566,1
740,"(9,16)",,False,51,"[17, 15, 9, 16, 11]",8,0.09189261031366201,-407,161,10,0.160675679096731,568,1
741,"(9,16)",,False,51,"[17, 15, 9, 16, 11]",8,0.09189261031366201,-407,161,10,0.160675679096731,568,1
742,"(1,5)",,True,53,"[1, 5, 3, 11, 6]",8,0.076842991316675,-409,161,11,0.198375990481253,570,1
743,"(1,5)",,True,53,"[1, 5, 3, 11, 6]",8,0.076842991316675,-409,161,11,0.198375990481253,570,1
744,"(12,5)",,False,53,"[19, 12, 5, 0, 4]",8,0.08084605453026501,-411,161,10,0.13850408850408802,572,1
745,"(12,5)",,False,53,"[19, 12, 5, 0, 4]",8,0.08084605453026501,-411,161,10,0.13850408850408802,572,1
746,5:6,assassinate,True,51,"[11, 18, 16, 5, 4]",8,0.07148236753499901,-413,161,10,0.12367534999113901,574,1
747,5:6,assassinate,True,51,"[11, 18, 16, 5, 4]",8,0.07148236753499901,-413,161,10,0.12367534999113901,574,1
748,"(14,11)",,False,51,"[13, 14, 11, 7, 19]",8,0.095556441609073,-415,161,10,0.129035973772815,576,1
749,"(14,11)",,False,51,"[13, 14, 11, 7, 19]",8,0.095556441609073,-415,161,10,0.129035973772815,576,1
750,"(7,0)",,False,51,"[7, 13, 6, 0, 10]",8,0.100416445153287,-417,161,10,0.135743398901293,578,1
751,"(7,0)",,False,51,"[7, 13, 6, 0, 10]",8,0.100416445153287,-417,161,10,0.135743398901293,578,1
752,"(17,15)",,False,51,"[2, 17, 7, 15, 8]",8,0.10026328447381001,-419,161,10,0.139642034378876,580,1
753,"(17,15)",,False,51,"[2, 17, 7, 15, 8]",8,0.10026328447381001,-419,161,10,0.139642034378876,580,1
754,6:10,assassinate,True,47,"[5, 7, 17, 6, 19]",7,0.074756335282651,-421,161,10,0.134502923976608,582,1
755,6:10,assassinate,True,47,"[5, 7, 17, 6, 19]",7,0.074756335282651,-421,161,10,0.134502923976608,582,1
756,"(5,1)",,False,49,"[5, 4, 0, 1, 7]",7,0.055750487329434,-423,161,11,0.182261208576998,584,1
757,"(5,1)",,False,49,"[5, 4, 0, 1, 7]",7,0.055750487329434,-423,161,11,0.182261208576998,584,1
758,"(1,10)",,False,50,"[1, 10, 18, 3, 16]",8,0.09096816114359901,-425,161,12,0.216634178037686,586,1
759,"(1,10)",,False,50,"[1, 10, 18, 3, 16]",8,0.09096816114359901,-425,161,12,0.216634178037686,586,1
760,"(7,11)",,False,50,"[19, 16, 7, 17, 11]",8,0.09173860577369301,-427,161,12,0.22549893251647601,588,1
761,"(7,11)",,False,50,"[19, 16, 7, 17, 11]",8,0.09173860577369301,-427,161,12,0.22549893251647601,588,1
762,"(1,5)",,True,50,"[10, 1, 14, 17, 5]",8,0.09173860577369301,-429,161,12,0.22549893251647601,590,1
763,"(1,5)",,True,50,"[10, 1, 14, 17, 5]",8,0.09173860577369301,-429,161,12,0.22549893251647601,590,1
764,"(0,5)",,False,50,"[13, 0, 14, 5, 4]",8,0.09173860577369301,-431,161,12,0.22549893251647601,592,1
765,"(0,5)",,False,50,"[13, 0, 14, 5, 4]",8,0.09173860577369301,-431,161,12,0.22549893251647601,592,1
766,"(15,1)",,False,52,"[8, 15, 17, 1, 12]",8,0.072262094630515,-433,161,13,0.23438330675172703,594,1
767,"(15,1)",,False,52,"[8, 15, 17, 1, 12]",8,0.072262094630515,-433,161,13,0.23438330675172703,594,1
768,"(11,6)",,False,54,"[3, 11, 18, 13, 6]",9,0.137981949824055,-435,161,13,0.251941090098984,596,1
769,"(11,6)",,False,54,"[3, 11, 18, 13, 6]",9,0.137981949824055,-435,161,13,0.251941090098984,596,1
770,"(9,0)",,False,54,"[16, 9, 0, 11, 3]",9,0.11176362623731001,-437,161,13,0.24736019341282403,598,1
771,"(9,0)",,False,54,"[16, 9, 0, 11, 3]",9,0.11176362623731001,-437,161,13,0.24736019341282403,598,1
772,"(1,6)",,True,56,"[1, 2, 11, 6, 8]",10,0.09853801169590601,-439,161,14,0.260526315789473,600,1
773,"(1,6)",,True,56,"[1, 2, 11, 6, 8]",10,0.09853801169590601,-439,161,14,0.260526315789473,600,1
774,"(16,17)",,False,56,"[10, 12, 16, 3, 17]",10,0.10736563631300401,-441,161,14,0.26829573934837003,602,1
775,"(16,17)",,False,56,"[10, 12, 16, 3, 17]",10,0.10736563631300401,-441,161,14,0.26829573934837003,602,1
776,"(0,17)",,False,54,"[0, 13, 16, 5, 17]",9,0.081537176274018,-443,161,13,0.27511835143414004,604,1
777,"(0,17)",,False,54,"[0, 13, 16, 5, 17]",9,0.081537176274018,-443,161,13,0.27511835143414004,604,1
778,"(0,13)",,False,52,"[0, 5, 14, 13, 3]",8,0.106254904939115,-445,161,12,0.239590558888804,606,1
779,"(0,13)",,False,52,"[0, 5, 14, 13, 3]",8,0.106254904939115,-445,161,12,0.239590558888804,606,1
780,"(7,0)",,True,50,"[7, 11, 0, 9, 8]",7,0.08722057669426,-447,161,11,0.22217834147658702,608,1
781,"(7,0)",,True,50,"[7, 11, 0, 9, 8]",7,0.08722057669426,-447,161,11,0.22217834147658702,608,1
782,"(1,5)",,False,53,"[1, 5, 2, 12, 7]",9,0.11823308270676601,-449,161,12,0.23700918964076803,610,1
783,"(1,5)",,False,53,"[1, 5, 2, 12, 7]",9,0.11823308270676601,-449,161,12,0.23700918964076803,610,1
784,"(12,13)",,False,53,"[12, 18, 14, 9, 13]",9,0.11173767752715101,-451,161,11,0.21746031746031702,612,1
785,"(12,13)",,False,53,"[12, 18, 14, 9, 13]",9,0.11173767752715101,-451,161,11,0.21746031746031702,612,1
786,"(0,2)",,False,53,"[0, 3, 2, 12, 10]",8,0.092940685045948,-453,161,11,0.218685602896129,614,1
787,"(0,2)",,False,53,"[0, 3, 2, 12, 10]",8,0.092940685045948,-453,161,11,0.218685602896129,614,1
788,6:4,assassinate,True,52,"[4, 6, 15, 2, 19]",8,0.06328320802005001,-455,161,11,0.16559454191033102,616,1
789,6:4,assassinate,True,52,"[4, 6, 15, 2, 19]",8,0.06328320802005001,-455,161,11,0.16559454191033102,616,1
790,"(9,1)",,True,54,"[13, 9, 15, 12, 1]",9,0.07980135523995101,-457,161,12,0.19078251183514303,618,1
791,"(9,1)",,True,54,"[13, 9, 15, 12, 1]",9,0.07980135523995101,-457,161,12,0.19078251183514303,618,1
792,"(18,0)",,False,52,"[13, 16, 18, 5, 0]",8,0.08311055416318501,-459,161,11,0.16786410470620902,620,1
793,"(18,0)",,False,52,"[13, 16, 18, 5, 0]",8,0.08311055416318501,-459,161,11,0.16786410470620902,620,1
794,"(15,8)",,False,54,"[15, 3, 11, 8, 18]",9,0.09293688767372901,-461,161,11,0.14699754436596502,622,1
795,"(15,8)",,False,54,"[15, 3, 11, 8, 18]",9,0.09293688767372901,-461,161,11,0.14699754436596502,622,1
796,"(9,15)",,False,54,"[18, 9, 15, 5, 10]",9,0.09805068226120801,-463,161,11,0.15172653856864302,624,1
797,"(9,15)",,False,54,"[18, 9, 15, 5, 10]",9,0.09805068226120801,-463,161,11,0.15172653856864302,624,1
798,"(1,9)",,False,56,"[1, 9, 8, 16, 0]",9,0.068540036961089,-465,161,12,0.163822434875066,626,1
799,"(1,9)",,False,56,"[1, 9, 8, 16, 0]",9,0.068540036961089,-465,161,12,0.163822434875066,626,1
