,actionDetail,actionType,bonusActivated,graphEdgeCount,nodeList,p1Degree,p1Score,p1WinAdvantage,p1WinCount,p2Degree,p2Score,p2WinCount,player
0,"(10,1)",,False,2,"[10, 1, 3, 4, 14]",0,-0.001,-1,0,1,0.0,1,1
1,"(10,1)",,False,2,"[10, 1, 3, 4, 14]",0,-0.001,-1,0,1,0.0,1,1
2,"(4,11)",,True,4,"[4, 11, 16, 12, 18]",0,-0.001,-3,0,1,0.0,3,1
3,"(4,11)",,True,4,"[4, 11, 16, 12, 18]",0,-0.001,-3,0,1,0.0,3,1
4,"(14,8)",,True,6,"[14, 8, 17, 15, 16]",0,-0.001,-5,0,1,0.0,5,1
5,"(14,8)",,True,6,"[14, 8, 17, 15, 16]",0,-0.001,-5,0,1,0.0,5,1
6,"(13,3)",,False,8,"[13, 3, 16, 8, 11]",1,0.0,-5,0,1,0.0,5,1
7,"(13,3)",,False,8,"[13, 3, 16, 8, 11]",1,0.0,-5,0,1,0.0,5,1
8,"(7,1)",,False,10,"[15, 2, 7, 1, 16]",1,0.0,-6,0,2,0.035087719298245,6,1
9,"(7,1)",,False,10,"[15, 2, 7, 1, 16]",1,0.0,-6,0,2,0.035087719298245,6,1
10,"(9,1)",,False,10,"[9, 5, 1, 12, 2]",1,0.0,-8,0,3,0.06432748538011601,8,1
11,"(9,1)",,False,10,"[9, 5, 1, 12, 2]",1,0.0,-8,0,3,0.06432748538011601,8,1
12,"(10,11)",,False,12,"[10, 9, 11, 8, 4]",1,0.0,-10,0,3,0.16959064327485301,10,1
13,"(10,11)",,False,12,"[10, 9, 11, 8, 4]",1,0.0,-10,0,3,0.16959064327485301,10,1
14,"(18,3)",,True,14,"[18, 14, 3, 8, 2]",1,0.0,-12,0,3,0.225146198830409,12,1
15,"(18,3)",,True,14,"[18, 14, 3, 8, 2]",1,0.0,-12,0,3,0.225146198830409,12,1
16,"(13,2)",,False,17,"[13, 2, 12, 3, 15]",1,0.0,-14,0,3,0.029239766081871003,14,1
17,"(13,2)",,False,17,"[13, 2, 12, 3, 15]",1,0.0,-14,0,3,0.029239766081871003,14,1
18,"(17,9)",,True,19,"[17, 9, 0, 16, 13]",1,0.0,-16,0,3,0.038011695906432004,16,1
19,"(17,9)",,True,19,"[17, 9, 0, 16, 13]",1,0.0,-16,0,3,0.038011695906432004,16,1
20,"(3,7)",,True,21,"[3, 8, 17, 18, 7]",1,0.0,-18,0,3,0.037037037037037,18,1
21,"(3,7)",,True,21,"[3, 8, 17, 18, 7]",1,0.0,-18,0,3,0.037037037037037,18,1
22,"(11,5)",,False,19,"[11, 13, 2, 3, 5]",1,0.0,-20,0,3,0.055555555555555004,20,1
23,"(11,5)",,False,19,"[11, 13, 2, 3, 5]",1,0.0,-20,0,3,0.055555555555555004,20,1
24,"(19,1)",,False,21,"[17, 19, 3, 1, 13]",1,0.0,-22,0,4,0.143274853801169,22,1
25,"(19,1)",,False,21,"[17, 19, 3, 1, 13]",1,0.0,-22,0,4,0.143274853801169,22,1
26,"(16,1)",,True,23,"[11, 18, 3, 16, 1]",1,0.0,-24,0,5,0.32456140350877105,24,1
27,"(16,1)",,True,23,"[11, 18, 3, 16, 1]",1,0.0,-24,0,5,0.32456140350877105,24,1
28,"(1,5)",,False,25,"[2, 1, 5, 14, 9]",1,0.0,-26,0,6,0.35867446393762104,26,1
29,"(1,5)",,False,25,"[2, 1, 5, 14, 9]",1,0.0,-26,0,6,0.35867446393762104,26,1
30,"(3,18)",,False,25,"[19, 4, 3, 14, 18]",2,0.033333333333333,-28,0,6,0.342495126705653,28,1
31,"(3,18)",,False,25,"[19, 4, 3, 14, 18]",2,0.033333333333333,-28,0,6,0.342495126705653,28,1
32,"(1,4)",,True,25,"[3, 1, 17, 4, 12]",2,0.032651072124756,-30,0,6,0.342592592592592,30,1
33,"(1,4)",,True,25,"[3, 1, 17, 4, 12]",2,0.032651072124756,-30,0,6,0.342592592592592,30,1
34,"(14,17)",,False,25,"[10, 6, 2, 14, 17]",2,0.0,-32,0,5,0.142300194931773,32,1
35,"(14,17)",,False,25,"[10, 6, 2, 14, 17]",2,0.0,-32,0,5,0.142300194931773,32,1
36,14:12,assassinate,True,20,"[10, 13, 14, 7, 2]",1,0.0,-34,0,5,0.140350877192982,34,1
37,14:12,assassinate,True,20,"[10, 13, 14, 7, 2]",1,0.0,-34,0,5,0.140350877192982,34,1
38,"(0,17)",,False,20,"[0, 3, 17, 11, 19]",1,0.0,-34,1,5,0.125730994152046,35,1
39,"(0,17)",,False,20,"[0, 3, 17, 11, 19]",1,0.0,-34,1,5,0.125730994152046,35,1
40,"(1,14)",,True,20,"[1, 11, 14, 13, 8]",1,0.0,-36,1,5,0.19395711500974602,37,1
41,"(1,14)",,True,20,"[1, 11, 14, 13, 8]",1,0.0,-36,1,5,0.19395711500974602,37,1
42,"(12,3)",,True,22,"[12, 11, 3, 8, 17]",2,0.011695906432748001,-38,1,5,0.22904483430799202,39,1
43,"(12,3)",,True,22,"[12, 11, 3, 8, 17]",2,0.011695906432748001,-38,1,5,0.22904483430799202,39,1
44,"(1,15)",,False,24,"[1, 13, 11, 15, 9]",2,0.011695906432748001,-40,1,6,0.28167641325536,41,1
45,"(1,15)",,False,24,"[1, 13, 11, 15, 9]",2,0.011695906432748001,-40,1,6,0.28167641325536,41,1
46,"(15,5)",,True,24,"[15, 5, 7, 2, 13]",2,0.011695906432748001,-42,1,6,0.28167641325536,43,1
47,"(15,5)",,True,24,"[15, 5, 7, 2, 13]",2,0.011695906432748001,-42,1,6,0.28167641325536,43,1
48,"(16,1)",,False,24,"[19, 16, 1, 11, 14]",2,0.19883040935672502,-44,1,7,0.38693957115009703,45,1
49,"(16,1)",,False,24,"[19, 16, 1, 11, 14]",2,0.19883040935672502,-44,1,7,0.38693957115009703,45,1
50,"(12,1)",,True,24,"[12, 8, 1, 2, 19]",2,0.19883040935672502,-46,1,7,0.42884990253411304,47,1
51,"(12,1)",,True,24,"[12, 8, 1, 2, 19]",2,0.19883040935672502,-46,1,7,0.42884990253411304,47,1
52,"(6,13)",,False,24,"[16, 8, 11, 6, 13]",2,0.19883040935672502,-48,1,7,0.42884990253411304,49,1
53,"(6,13)",,False,24,"[16, 8, 11, 6, 13]",2,0.19883040935672502,-48,1,7,0.42884990253411304,49,1
54,"(4,18)",,False,26,"[4, 8, 2, 18, 6]",2,0.046783625730994004,-50,1,7,0.335282651072124,51,1
55,"(4,18)",,False,26,"[4, 8, 2, 18, 6]",2,0.046783625730994004,-50,1,7,0.335282651072124,51,1
56,"(11,16)",,False,26,"[2, 11, 14, 8, 16]",2,0.050682261208577,-52,1,7,0.33576998050682205,53,1
57,"(11,16)",,False,26,"[2, 11, 14, 8, 16]",2,0.050682261208577,-52,1,7,0.33576998050682205,53,1
58,"(2,15)",,False,28,"[19, 2, 10, 16, 15]",2,0.047758284600389,-54,1,7,0.321637426900584,55,1
59,"(2,15)",,False,28,"[19, 2, 10, 16, 15]",2,0.047758284600389,-54,1,7,0.321637426900584,55,1
60,7:4,assassinate,True,27,"[14, 12, 17, 10, 7]",2,0.029239766081871003,-56,1,7,0.28849902534113003,57,1
61,7:4,assassinate,True,27,"[14, 12, 17, 10, 7]",2,0.029239766081871003,-56,1,7,0.28849902534113003,57,1
62,"(1,6)",,False,27,"[8, 1, 9, 6, 14]",2,0.008771929824561,-58,1,7,0.24064327485380102,59,1
63,"(1,6)",,False,27,"[8, 1, 9, 6, 14]",2,0.008771929824561,-58,1,7,0.24064327485380102,59,1
64,"(4,11)",,True,27,"[4, 2, 14, 11, 1]",2,0.009746588693957,-60,1,7,0.272807017543859,61,1
65,"(4,11)",,True,27,"[4, 2, 14, 11, 1]",2,0.009746588693957,-60,1,7,0.272807017543859,61,1
66,"(1,16)",,True,29,"[2, 1, 16, 10, 6]",2,0.004873294346978,-62,1,8,0.266429963798384,63,1
67,"(1,16)",,True,29,"[2, 1, 16, 10, 6]",2,0.004873294346978,-62,1,8,0.266429963798384,63,1
68,"(15,19)",,False,31,"[15, 18, 19, 11, 6]",2,0.004873294346978,-64,1,8,0.292300194931773,65,1
69,"(15,19)",,False,31,"[15, 18, 19, 11, 6]",2,0.004873294346978,-64,1,8,0.292300194931773,65,1
70,"(4,14)",,False,31,"[4, 14, 17, 18, 9]",2,0.004873294346978,-66,1,8,0.280214424951267,67,1
71,"(4,14)",,False,31,"[4, 14, 17, 18, 9]",2,0.004873294346978,-66,1,8,0.280214424951267,67,1
72,"(7,12)",,True,33,"[7, 11, 2, 9, 12]",2,0.006822612085769001,-68,1,8,0.29640768588137,69,1
73,"(7,12)",,True,33,"[7, 11, 2, 9, 12]",2,0.006822612085769001,-68,1,8,0.29640768588137,69,1
74,3:10,assassinate,True,29,"[7, 10, 8, 3, 2]",3,0.038986354775828,-70,1,8,0.406920077972709,71,1
75,3:10,assassinate,True,29,"[7, 10, 8, 3, 2]",3,0.038986354775828,-70,1,8,0.406920077972709,71,1
76,"(16,18)",,False,31,"[17, 11, 9, 16, 18]",3,0.021442495126705003,-72,1,8,0.313004734057365,73,1
77,"(16,18)",,False,31,"[17, 11, 9, 16, 18]",3,0.021442495126705003,-72,1,8,0.313004734057365,73,1
78,"(0,16)",,True,31,"[19, 9, 4, 0, 16]",4,0.015107212475633002,-74,1,8,0.260721247563352,75,1
79,"(0,16)",,True,31,"[19, 9, 4, 0, 16]",4,0.015107212475633002,-74,1,8,0.260721247563352,75,1
80,"(10,17)",,False,34,"[10, 5, 16, 2, 17]",4,0.018713450292397002,-76,1,8,0.249415204678362,77,1
81,"(10,17)",,False,34,"[10, 5, 16, 2, 17]",4,0.018713450292397002,-76,1,8,0.249415204678362,77,1
82,"(7,15)",,True,36,"[7, 8, 17, 11, 15]",4,0.018518518518518,-78,1,8,0.276413255360623,79,1
83,"(7,15)",,True,36,"[7, 8, 17, 11, 15]",4,0.018518518518518,-78,1,8,0.276413255360623,79,1
84,13:10,assassinate,True,32,"[18, 17, 13, 12, 7]",5,0.08986354775828401,-80,1,8,0.27115009746588703,81,1
85,13:10,assassinate,True,32,"[18, 17, 13, 12, 7]",5,0.08986354775828401,-80,1,8,0.27115009746588703,81,1
86,6:14,assassinate,True,26,"[9, 14, 4, 6, 19]",4,0.054775828460038006,-82,1,7,0.33118908382066203,83,1
87,6:14,assassinate,True,26,"[9, 14, 4, 6, 19]",4,0.054775828460038006,-82,1,7,0.33118908382066203,83,1
88,"(6,1)",,False,28,"[6, 1, 7, 15, 13]",5,0.100389863547758,-84,1,8,0.373294346978557,85,1
89,"(6,1)",,False,28,"[6, 1, 7, 15, 13]",5,0.100389863547758,-84,1,8,0.373294346978557,85,1
90,"(3,1)",,True,30,"[3, 1, 8, 0, 4]",5,0.09941520467836201,-86,1,9,0.44005847953216304,87,1
91,"(3,1)",,True,30,"[3, 1, 8, 0, 4]",5,0.09941520467836201,-86,1,9,0.44005847953216304,87,1
92,"(15,11)",,False,33,"[9, 15, 5, 2, 11]",7,0.17251461988304,-88,1,9,0.35038986354775803,89,1
93,"(15,11)",,False,33,"[9, 15, 5, 2, 11]",7,0.17251461988304,-88,1,9,0.35038986354775803,89,1
94,"(13,1)",,False,33,"[13, 5, 1, 15, 17]",7,0.21734892787524301,-90,1,9,0.401559454191033,91,1
95,"(13,1)",,False,33,"[13, 5, 1, 15, 17]",7,0.21734892787524301,-90,1,9,0.401559454191033,91,1
96,"(16,7)",,False,35,"[16, 17, 13, 11, 7]",8,0.24139515455304902,-92,1,9,0.33944583681425705,93,1
97,"(16,7)",,False,35,"[16, 17, 13, 11, 7]",8,0.24139515455304902,-92,1,9,0.33944583681425705,93,1
98,18:6,assassinate,True,31,"[9, 1, 18, 2, 6]",7,0.177067669172932,-94,1,9,0.35211640211640205,95,1
99,18:6,assassinate,True,31,"[9, 1, 18, 2, 6]",7,0.177067669172932,-94,1,9,0.35211640211640205,95,1
100,"(18,4)",,False,31,"[16, 0, 2, 18, 4]",7,0.22969924812030001,-96,1,9,0.458354218880534,97,1
101,"(18,4)",,False,31,"[16, 0, 2, 18, 4]",7,0.22969924812030001,-96,1,9,0.458354218880534,97,1
102,"(15,0)",,False,31,"[15, 5, 3, 0, 10]",6,0.134085213032581,-98,1,9,0.442007797270955,99,1
103,"(15,0)",,False,31,"[15, 5, 3, 0, 10]",6,0.134085213032581,-98,1,9,0.442007797270955,99,1
104,11:8,assassinate,True,28,"[7, 15, 18, 11, 6]",5,0.066081871345029,-100,1,9,0.37884990253411305,101,1
105,11:8,assassinate,True,28,"[7, 15, 18, 11, 6]",5,0.066081871345029,-100,1,9,0.37884990253411305,101,1
106,"(11,4)",,True,28,"[19, 11, 15, 9, 4]",5,0.069005847953216,-102,1,8,0.325243664717348,103,1
107,"(11,4)",,True,28,"[19, 11, 15, 9, 4]",5,0.069005847953216,-102,1,8,0.325243664717348,103,1
108,"(18,3)",,False,30,"[18, 15, 11, 3, 7]",5,0.070546737213403,-104,1,8,0.335213032581453,105,1
109,"(18,3)",,False,30,"[18, 15, 11, 3, 7]",5,0.070546737213403,-104,1,8,0.335213032581453,105,1
110,"(14,5)",,False,30,"[18, 11, 14, 16, 5]",5,0.07192982456140301,-106,1,8,0.342105263157894,107,1
111,"(14,5)",,False,30,"[18, 11, 14, 16, 5]",5,0.07192982456140301,-106,1,8,0.342105263157894,107,1
112,"(10,5)",,True,30,"[9, 10, 14, 3, 5]",5,0.07756196045669701,-108,1,8,0.31749512670565305,109,1
113,"(10,5)",,True,30,"[9, 10, 14, 3, 5]",5,0.07756196045669701,-108,1,8,0.31749512670565305,109,1
114,"(10,4)",,False,28,"[5, 0, 10, 16, 4]",5,0.07140072403230201,-110,1,8,0.32865497076023303,111,1
115,"(10,4)",,False,28,"[5, 0, 10, 16, 4]",5,0.07140072403230201,-110,1,8,0.32865497076023303,111,1
116,"(0,13)",,True,28,"[4, 0, 17, 14, 13]",5,0.10467836257309901,-112,1,8,0.322222222222222,113,1
117,"(0,13)",,True,28,"[4, 0, 17, 14, 13]",5,0.10467836257309901,-112,1,8,0.322222222222222,113,1
118,17:6,assassinate,True,24,"[7, 6, 17, 9, 19]",4,0.067251461988304,-114,1,7,0.248148148148148,115,1
119,17:6,assassinate,True,24,"[7, 6, 17, 9, 19]",4,0.067251461988304,-114,1,7,0.248148148148148,115,1
120,"(17,1)",,False,26,"[11, 17, 4, 1, 9]",5,0.092592592592592,-116,1,8,0.305360623781676,117,1
121,"(17,1)",,False,26,"[11, 17, 4, 1, 9]",5,0.092592592592592,-116,1,8,0.305360623781676,117,1
122,"(14,3)",,True,28,"[7, 11, 12, 14, 3]",5,0.068713450292397,-118,1,8,0.28732943469785505,119,1
123,"(14,3)",,True,28,"[7, 11, 12, 14, 3]",5,0.068713450292397,-118,1,8,0.28732943469785505,119,1
124,9:4,assassinate,True,25,"[3, 5, 15, 13, 9]",4,0.032651072124756,-120,1,7,0.25730994152046704,121,1
125,9:4,assassinate,True,25,"[3, 5, 15, 13, 9]",4,0.032651072124756,-120,1,7,0.25730994152046704,121,1
126,"(1,9)",,False,27,"[18, 17, 1, 9, 0]",5,0.126218323586744,-122,1,8,0.36842105263157804,123,1
127,"(1,9)",,False,27,"[18, 17, 1, 9, 0]",5,0.126218323586744,-122,1,8,0.36842105263157804,123,1
128,"(13,16)",,False,29,"[17, 2, 13, 16, 3]",5,0.06130604288499,-124,1,8,0.33654970760233904,125,1
129,"(13,16)",,False,29,"[17, 2, 13, 16, 3]",5,0.06130604288499,-124,1,8,0.33654970760233904,125,1
130,"(8,9)",,True,31,"[17, 8, 2, 16, 9]",6,0.085602896129211,-126,1,8,0.42064884433305405,127,1
131,"(8,9)",,True,31,"[17, 8, 2, 16, 9]",6,0.085602896129211,-126,1,8,0.42064884433305405,127,1
132,"(18,16)",,False,33,"[18, 9, 15, 16, 17]",6,0.07192982456140301,-128,1,8,0.35992063492063403,129,1
133,"(18,16)",,False,33,"[18, 9, 15, 16, 17]",6,0.07192982456140301,-128,1,8,0.35992063492063403,129,1
134,18:8,assassinate,True,28,"[3, 5, 18, 7, 9]",5,0.11345029239766001,-130,1,8,0.338109161793372,131,1
135,18:8,assassinate,True,28,"[3, 5, 18, 7, 9]",5,0.11345029239766001,-130,1,8,0.338109161793372,131,1
136,17:8,assassinate,True,25,"[19, 12, 9, 17, 3]",5,0.116471734892787,-132,1,7,0.35107212475633504,133,1
137,17:8,assassinate,True,25,"[19, 12, 9, 17, 3]",5,0.116471734892787,-132,1,7,0.35107212475633504,133,1
138,"(15,16)",,False,25,"[12, 15, 19, 16, 6]",5,0.105263157894736,-134,1,6,0.332846003898635,135,1
139,"(15,16)",,False,25,"[12, 15, 19, 16, 6]",5,0.105263157894736,-134,1,6,0.332846003898635,135,1
140,"(0,13)",,False,25,"[0, 13, 11, 4, 10]",4,0.017543859649122,-136,1,6,0.30653021442495104,137,1
141,"(0,13)",,False,25,"[0, 13, 11, 4, 10]",4,0.017543859649122,-136,1,6,0.30653021442495104,137,1
142,"(1,18)",,True,27,"[1, 14, 2, 18, 8]",4,0.025341130604288,-138,1,7,0.308479532163742,139,1
143,"(1,18)",,True,27,"[1, 14, 2, 18, 8]",4,0.025341130604288,-138,1,7,0.308479532163742,139,1
144,"(5,11)",,True,29,"[5, 11, 8, 0, 7]",4,0.048732943469785,-140,1,7,0.308479532163742,141,1
145,"(5,11)",,True,29,"[5, 11, 8, 0, 7]",4,0.048732943469785,-140,1,7,0.308479532163742,141,1
146,"(5,1)",,False,31,"[13, 5, 4, 18, 1]",5,0.06335282651072101,-142,1,8,0.383040935672514,143,1
147,"(5,1)",,False,31,"[13, 5, 4, 18, 1]",5,0.06335282651072101,-142,1,8,0.383040935672514,143,1
148,"(0,10)",,False,29,"[7, 0, 4, 10, 9]",4,0.044834307992202005,-144,1,7,0.345516569200779,145,1
149,"(0,10)",,False,29,"[7, 0, 4, 10, 9]",4,0.044834307992202005,-144,1,7,0.345516569200779,145,1
150,"(8,18)",,False,31,"[2, 13, 19, 8, 18]",4,0.048245614035087,-146,1,7,0.269493177387914,147,1
151,"(8,18)",,False,31,"[2, 13, 19, 8, 18]",4,0.048245614035087,-146,1,7,0.269493177387914,147,1
152,"(6,16)",,False,29,"[6, 2, 17, 16, 11]",4,0.064230019493177,-148,1,6,0.305555555555555,149,1
153,"(6,16)",,False,29,"[6, 2, 17, 16, 11]",4,0.064230019493177,-148,1,6,0.305555555555555,149,1
154,"(15,1)",,False,31,"[15, 0, 19, 1, 9]",5,0.09103313840155901,-150,1,7,0.30253411306042804,151,1
155,"(15,1)",,False,31,"[15, 0, 19, 1, 9]",5,0.09103313840155901,-150,1,7,0.30253411306042804,151,1
156,"(13,18)",,False,31,"[13, 6, 18, 10, 9]",5,0.104817599554441,-152,1,6,0.23546365914786901,153,1
157,"(13,18)",,False,31,"[13, 6, 18, 10, 9]",5,0.104817599554441,-152,1,6,0.23546365914786901,153,1
158,"(2,12)",,False,33,"[16, 2, 12, 13, 7]",5,0.09922027290448301,-154,1,6,0.169493177387914,155,1
159,"(2,12)",,False,33,"[16, 2, 12, 13, 7]",5,0.09922027290448301,-154,1,6,0.169493177387914,155,1
160,"(18,14)",,False,35,"[11, 3, 18, 9, 14]",5,0.057699805068226,-156,1,6,0.12291840712893301,157,1
161,"(18,14)",,False,35,"[11, 3, 18, 9, 14]",5,0.057699805068226,-156,1,6,0.12291840712893301,157,1
162,"(14,12)",,False,37,"[9, 14, 13, 18, 12]",5,0.03589529379003,-158,1,6,0.10020885547201301,159,1
163,"(14,12)",,False,37,"[9, 14, 13, 18, 12]",5,0.03589529379003,-158,1,6,0.10020885547201301,159,1
164,12:16,assassinate,True,30,"[4, 18, 12, 7, 9]",5,0.08450292397660801,-160,1,5,0.137037037037037,161,1
165,12:16,assassinate,True,30,"[4, 18, 12, 7, 9]",5,0.08450292397660801,-160,1,5,0.137037037037037,161,1
166,"(17,4)",,False,32,"[17, 19, 4, 12, 2]",6,0.13511556669451402,-158,3,5,0.10487329434697801,161,1
167,"(17,4)",,False,32,"[17, 19, 4, 12, 2]",6,0.13511556669451402,-158,3,5,0.10487329434697801,161,1
168,"(12,18)",,False,34,"[12, 15, 2, 18, 3]",6,0.147382344750765,-156,5,5,0.12119883040935601,161,1
169,"(12,18)",,False,34,"[12, 15, 2, 18, 3]",6,0.147382344750765,-156,5,5,0.12119883040935601,161,1
170,"(1,4)",,False,34,"[13, 1, 4, 11, 15]",6,0.15526315789473602,-154,7,5,0.15253411306042802,161,1
171,"(1,4)",,False,34,"[13, 1, 4, 11, 15]",6,0.15526315789473602,-154,7,5,0.15253411306042802,161,1
172,"(8,19)",,False,36,"[8, 11, 0, 4, 19]",7,0.20857699805068203,-152,9,5,0.13118908382066202,161,1
173,"(8,19)",,False,36,"[8, 11, 0, 4, 19]",7,0.20857699805068203,-152,9,5,0.13118908382066202,161,1
174,"(8,1)",,False,38,"[8, 3, 4, 1, 5]",7,0.19342105263157802,-150,11,6,0.147953216374269,161,1
175,"(8,1)",,False,38,"[8, 3, 4, 1, 5]",7,0.19342105263157802,-150,11,6,0.147953216374269,161,1
176,"(15,19)",,False,35,"[15, 10, 19, 4, 7]",7,0.225853986818899,-148,13,4,0.124723846653671,161,1
177,"(15,19)",,False,35,"[15, 10, 19, 4, 7]",7,0.225853986818899,-148,13,4,0.124723846653671,161,1
178,"(1,12)",,False,36,"[5, 1, 15, 10, 12]",7,0.233525944490856,-146,15,5,0.12418546365914701,161,1
179,"(1,12)",,False,36,"[5, 1, 15, 10, 12]",7,0.233525944490856,-146,15,5,0.12418546365914701,161,1
180,16:8,assassinate,True,33,"[4, 5, 16, 14, 19]",6,0.20608782056150401,-144,17,5,0.102344244449507,161,1
181,16:8,assassinate,True,33,"[4, 5, 16, 14, 19]",6,0.20608782056150401,-144,17,5,0.102344244449507,161,1
182,"(9,1)",,False,36,"[0, 3, 9, 16, 1]",6,0.14762600946811402,-142,19,6,0.11629072681704201,161,1
183,"(9,1)",,False,36,"[0, 3, 9, 16, 1]",6,0.14762600946811402,-142,19,6,0.11629072681704201,161,1
184,15:12,assassinate,True,28,"[9, 12, 15, 17, 19]",5,0.083820662768031,-142,20,6,0.13645224171539902,162,1
185,15:12,assassinate,True,28,"[9, 12, 15, 17, 19]",5,0.083820662768031,-142,20,6,0.13645224171539902,162,1
186,"(15,1)",,False,30,"[3, 15, 2, 11, 1]",6,0.18615984405458003,-142,21,7,0.23879142300194903,163,1
187,"(15,1)",,False,30,"[3, 15, 2, 11, 1]",6,0.18615984405458003,-142,21,7,0.23879142300194903,163,1
188,6:6,assassinate,True,26,"[10, 13, 6, 17, 7]",5,0.19103313840155903,-142,22,6,0.193622946254525,164,1
189,6:6,assassinate,True,26,"[10, 13, 6, 17, 7]",5,0.19103313840155903,-142,22,6,0.193622946254525,164,1
190,"(9,12)",,False,28,"[9, 12, 8, 7, 3]",5,0.138401559454191,-142,23,6,0.177387914230019,165,1
191,"(9,12)",,False,28,"[9, 12, 8, 7, 3]",5,0.138401559454191,-142,23,6,0.177387914230019,165,1
192,"(6,12)",,False,30,"[6, 4, 14, 12, 18]",5,0.155360623781676,-144,23,6,0.20838206627680303,167,1
193,"(6,12)",,False,30,"[6, 4, 14, 12, 18]",5,0.155360623781676,-144,23,6,0.20838206627680303,167,1
194,"(11,14)",,False,30,"[19, 2, 11, 14, 10]",5,0.14619883040935602,-144,24,6,0.20477582846003903,168,1
195,"(11,14)",,False,30,"[19, 2, 11, 14, 10]",5,0.14619883040935602,-144,24,6,0.20477582846003903,168,1
196,18:10,assassinate,True,27,"[15, 16, 18, 12, 2]",6,0.22436647173489202,-144,25,6,0.230604288499025,169,1
197,18:10,assassinate,True,27,"[15, 16, 18, 12, 2]",6,0.22436647173489202,-144,25,6,0.230604288499025,169,1
198,"(9,6)",,False,27,"[9, 5, 6, 12, 10]",6,0.21656920077972702,-142,27,6,0.195711500974658,169,1
199,"(9,6)",,False,27,"[9, 5, 6, 12, 10]",6,0.21656920077972702,-142,27,6,0.195711500974658,169,1
200,"(16,1)",,True,30,"[16, 4, 3, 1, 6]",6,0.18326371484266202,-142,28,7,0.18521303258145302,170,1
201,"(16,1)",,True,30,"[16, 4, 3, 1, 6]",6,0.18326371484266202,-142,28,7,0.18521303258145302,170,1
202,"(16,0)",,True,30,"[7, 3, 16, 4, 0]",5,0.149512670565302,-142,29,7,0.19269005847953202,171,1
203,"(16,0)",,True,30,"[7, 3, 16, 4, 0]",5,0.149512670565302,-142,29,7,0.19269005847953202,171,1
204,"(15,13)",,False,32,"[15, 17, 2, 16, 13]",6,0.21637426900584703,-140,31,7,0.2088693957115,171,1
205,"(15,13)",,False,32,"[15, 17, 2, 16, 13]",6,0.21637426900584703,-140,31,7,0.2088693957115,171,1
206,"(7,8)",,True,32,"[7, 0, 10, 8, 5]",6,0.26705653021442405,-138,33,7,0.261988304093567,171,1
207,"(7,8)",,True,32,"[7, 0, 10, 8, 5]",6,0.26705653021442405,-138,33,7,0.261988304093567,171,1
208,"(1,2)",,False,34,"[15, 1, 17, 2, 9]",6,0.266569200779727,-138,34,8,0.286549707602339,172,1
209,"(1,2)",,False,34,"[15, 1, 17, 2, 9]",6,0.266569200779727,-138,34,8,0.286549707602339,172,1
210,"(1,0)",,True,36,"[8, 1, 16, 0, 12]",7,0.290949596212754,-138,35,9,0.337712336396546,173,1
211,"(1,0)",,True,36,"[8, 1, 16, 0, 12]",7,0.290949596212754,-138,35,9,0.337712336396546,173,1
212,10:12,assassinate,True,31,"[10, 2, 8, 15, 6]",7,0.286173767752715,-140,35,8,0.34967975494291204,175,1
213,10:12,assassinate,True,31,"[10, 2, 8, 15, 6]",7,0.286173767752715,-140,35,8,0.34967975494291204,175,1
214,9:8,assassinate,True,28,"[7, 13, 19, 5, 9]",6,0.238206627680311,-142,35,8,0.36920077972709503,177,1
215,9:8,assassinate,True,28,"[7, 13, 19, 5, 9]",6,0.238206627680311,-142,35,8,0.36920077972709503,177,1
216,"(15,18)",,False,30,"[8, 15, 18, 7, 2]",6,0.18440545808966802,-144,35,8,0.298440545808966,179,1
217,"(15,18)",,False,30,"[8, 15, 18, 7, 2]",6,0.18440545808966802,-144,35,8,0.298440545808966,179,1
218,"(2,4)",,True,28,"[2, 7, 1, 16, 4]",6,0.21734892787524301,-146,35,7,0.283528265107212,181,1
219,"(2,4)",,True,28,"[2, 7, 1, 16, 4]",6,0.21734892787524301,-146,35,7,0.283528265107212,181,1
220,14:4,assassinate,True,27,"[14, 6, 17, 8, 7]",5,0.16432748538011602,-148,35,7,0.24600389863547703,183,1
221,14:4,assassinate,True,27,"[14, 6, 17, 8, 7]",5,0.16432748538011602,-148,35,7,0.24600389863547703,183,1
222,13:8,assassinate,True,24,"[14, 11, 7, 17, 13]",4,0.218810916179337,-150,35,7,0.31091617933723203,185,1
223,13:8,assassinate,True,24,"[14, 11, 7, 17, 13]",4,0.218810916179337,-150,35,7,0.31091617933723203,185,1
224,"(11,10)",,False,26,"[13, 0, 11, 9, 10]",4,0.16267056530214402,-152,35,7,0.28343079922027203,187,1
225,"(11,10)",,False,26,"[13, 0, 11, 9, 10]",4,0.16267056530214402,-152,35,7,0.28343079922027203,187,1
226,"(12,17)",,False,26,"[18, 8, 12, 17, 10]",5,0.21345029239766003,-152,36,7,0.24853801169590603,188,1
227,"(12,17)",,False,26,"[18, 8, 12, 17, 10]",5,0.21345029239766003,-152,36,7,0.24853801169590603,188,1
228,8:10,assassinate,True,20,"[8, 18, 2, 6, 15]",4,0.19834307992202702,-152,37,6,0.25584795321637405,189,1
229,8:10,assassinate,True,20,"[8, 18, 2, 6, 15]",4,0.19834307992202702,-152,37,6,0.25584795321637405,189,1
230,"(19,13)",,False,22,"[19, 15, 6, 13, 9]",5,0.251461988304093,-154,37,6,0.31091617933723203,191,1
231,"(19,13)",,False,22,"[19, 15, 6, 13, 9]",5,0.251461988304093,-154,37,6,0.31091617933723203,191,1
232,"(7,4)",,True,24,"[6, 7, 4, 5, 13]",5,0.26608187134502903,-156,37,6,0.32066276803118904,193,1
233,"(7,4)",,True,24,"[6, 7, 4, 5, 13]",5,0.26608187134502903,-156,37,6,0.32066276803118904,193,1
234,"(10,1)",,False,26,"[4, 10, 11, 1, 15]",5,0.16861598440545802,-156,38,7,0.297270955165691,194,1
235,"(10,1)",,False,26,"[4, 10, 11, 1, 15]",5,0.16861598440545802,-156,38,7,0.297270955165691,194,1
236,"(14,10)",,False,29,"[14, 16, 18, 4, 10]",7,0.298732943469785,-156,39,7,0.333820662768031,195,1
237,"(14,10)",,False,29,"[14, 16, 18, 4, 10]",7,0.298732943469785,-156,39,7,0.333820662768031,195,1
238,"(15,5)",,False,31,"[19, 15, 5, 4, 17]",7,0.25877192982456104,-158,39,7,0.295808966861598,197,1
239,"(15,5)",,False,31,"[19, 15, 5, 4, 17]",7,0.25877192982456104,-158,39,7,0.295808966861598,197,1
240,2:8,assassinate,True,28,"[14, 5, 15, 2, 16]",6,0.20662768031189002,-160,39,6,0.270955165692007,199,1
241,2:8,assassinate,True,28,"[14, 5, 15, 2, 16]",6,0.20662768031189002,-160,39,6,0.270955165692007,199,1
242,15:8,assassinate,True,23,"[6, 10, 0, 14, 15]",5,0.21929824561403502,-158,41,5,0.21929824561403502,199,1
243,15:8,assassinate,True,23,"[6, 10, 0, 14, 15]",5,0.21929824561403502,-158,41,5,0.21929824561403502,199,1
244,"(11,5)",,False,21,"[11, 16, 6, 5, 8]",5,0.210526315789473,-156,43,5,0.20662768031189002,199,1
245,"(11,5)",,False,21,"[11, 16, 6, 5, 8]",5,0.210526315789473,-156,43,5,0.20662768031189002,199,1
246,"(12,4)",,False,19,"[12, 9, 4, 11, 7]",5,0.19980506822612001,-156,44,5,0.218323586744639,200,1
247,"(12,4)",,False,19,"[12, 9, 4, 11, 7]",5,0.19980506822612001,-156,44,5,0.218323586744639,200,1
248,11:4,assassinate,True,18,"[15, 17, 12, 7, 11]",5,0.180311890838206,-154,46,5,0.17348927875243603,200,1
249,11:4,assassinate,True,18,"[15, 17, 12, 7, 11]",5,0.180311890838206,-154,46,5,0.17348927875243603,200,1
250,"(18,0)",,False,16,"[10, 4, 18, 13, 0]",3,0.08187134502923901,-154,47,4,0.087719298245614,201,1
251,"(18,0)",,False,16,"[10, 4, 18, 13, 0]",3,0.08187134502923901,-154,47,4,0.087719298245614,201,1
252,"(19,12)",,False,16,"[4, 6, 19, 2, 12]",3,0.08187134502923901,-154,48,4,0.096491228070175,202,1
253,"(19,12)",,False,16,"[4, 6, 19, 2, 12]",3,0.08187134502923901,-154,48,4,0.096491228070175,202,1
254,"(18,1)",,False,18,"[4, 18, 17, 2, 1]",3,0.09356725146198801,-156,48,5,0.17251461988304,204,1
255,"(18,1)",,False,18,"[4, 18, 17, 2, 1]",3,0.09356725146198801,-156,48,5,0.17251461988304,204,1
256,"(1,14)",,False,20,"[1, 14, 4, 16, 19]",3,0.078947368421052,-158,48,6,0.24171539961013602,206,1
257,"(1,14)",,False,20,"[1, 14, 4, 16, 19]",3,0.078947368421052,-158,48,6,0.24171539961013602,206,1
258,"(12,8)",,False,20,"[12, 8, 19, 16, 11]",3,0.078947368421052,-160,48,6,0.24171539961013602,208,1
259,"(12,8)",,False,20,"[12, 8, 19, 16, 11]",3,0.078947368421052,-160,48,6,0.24171539961013602,208,1
260,"(15,18)",,True,22,"[15, 9, 18, 8, 6]",3,0.10233918128654901,-162,48,6,0.335282651072124,210,1
261,"(15,18)",,True,22,"[15, 9, 18, 8, 6]",3,0.10233918128654901,-162,48,6,0.335282651072124,210,1
262,"(13,10)",,False,24,"[13, 19, 0, 16, 10]",3,0.077972709551656,-164,48,6,0.32066276803118904,212,1
263,"(13,10)",,False,24,"[13, 19, 0, 16, 10]",3,0.077972709551656,-164,48,6,0.32066276803118904,212,1
264,5:8,assassinate,True,21,"[2, 16, 7, 3, 5]",3,0.075243664717348,-166,48,6,0.31949317738791405,214,1
265,5:8,assassinate,True,21,"[2, 16, 7, 3, 5]",3,0.075243664717348,-166,48,6,0.31949317738791405,214,1
266,"(6,14)",,False,23,"[6, 5, 12, 13, 14]",4,0.14444444444444401,-168,48,6,0.336062378167641,216,1
267,"(6,14)",,False,23,"[6, 5, 12, 13, 14]",4,0.14444444444444401,-168,48,6,0.336062378167641,216,1
268,"(1,11)",,True,23,"[1, 8, 17, 19, 11]",4,0.101559454191033,-170,48,7,0.37992202729044805,218,1
269,"(1,11)",,True,23,"[1, 8, 17, 19, 11]",4,0.101559454191033,-170,48,7,0.37992202729044805,218,1
270,"(2,18)",,True,25,"[8, 2, 18, 13, 6]",4,0.121539961013645,-172,48,7,0.38576998050682204,220,1
271,"(2,18)",,True,25,"[8, 2, 18, 13, 6]",4,0.121539961013645,-172,48,7,0.38576998050682204,220,1
272,"(7,4)",,False,27,"[7, 9, 11, 4, 19]",4,0.116374269005847,-174,48,7,0.41296296296296303,222,1
273,"(7,4)",,False,27,"[7, 9, 11, 4, 19]",4,0.116374269005847,-174,48,7,0.41296296296296303,222,1
274,"(7,1)",,True,30,"[4, 7, 1, 10, 18]",6,0.263255360623781,-176,48,8,0.39541910331384,224,1
275,"(7,1)",,True,30,"[4, 7, 1, 10, 18]",6,0.263255360623781,-176,48,8,0.39541910331384,224,1
276,"(8,3)",,False,32,"[8, 2, 3, 18, 4]",6,0.240350877192982,-178,48,8,0.35204678362573005,226,1
277,"(8,3)",,False,32,"[8, 2, 3, 18, 4]",6,0.240350877192982,-178,48,8,0.35204678362573005,226,1
278,"(1,19)",,False,34,"[2, 1, 12, 19, 13]",6,0.205653021442495,-180,48,9,0.341130604288499,228,1
279,"(1,19)",,False,34,"[2, 1, 12, 19, 13]",6,0.205653021442495,-180,48,9,0.341130604288499,228,1
280,"(9,0)",,True,32,"[9, 3, 6, 8, 0]",5,0.136939571150097,-182,48,9,0.34746588693957103,230,1
281,"(9,0)",,True,32,"[9, 3, 6, 8, 0]",5,0.136939571150097,-182,48,9,0.34746588693957103,230,1
282,"(5,1)",,True,32,"[3, 16, 15, 5, 1]",5,0.06091617933723101,-184,48,10,0.35672514619883,232,1
283,"(5,1)",,True,32,"[3, 16, 15, 5, 1]",5,0.06091617933723101,-184,48,10,0.35672514619883,232,1
284,17:6,assassinate,True,30,"[13, 8, 17, 9, 3]",4,0.030701754385964,-186,48,10,0.34346978557504804,234,1
285,17:6,assassinate,True,30,"[13, 8, 17, 9, 3]",4,0.030701754385964,-186,48,10,0.34346978557504804,234,1
286,"(1,6)",,True,32,"[9, 1, 7, 15, 6]",5,0.13011695906432702,-188,48,11,0.46861598440545804,236,1
287,"(1,6)",,True,32,"[9, 1, 7, 15, 6]",5,0.13011695906432702,-188,48,11,0.46861598440545804,236,1
288,"(15,9)",,True,32,"[19, 15, 9, 11, 4]",5,0.13011695906432702,-190,48,11,0.43128654970760205,238,1
289,"(15,9)",,True,32,"[19, 15, 9, 11, 4]",5,0.13011695906432702,-190,48,11,0.43128654970760205,238,1
290,"(4,17)",,True,34,"[15, 9, 0, 4, 17]",5,0.13791423001949302,-192,48,11,0.49220272904483403,240,1
291,"(4,17)",,True,34,"[15, 9, 0, 4, 17]",5,0.13791423001949302,-192,48,11,0.49220272904483403,240,1
292,"(2,0)",,False,34,"[18, 2, 6, 11, 0]",4,0.036549707602339006,-194,48,11,0.41754385964912205,242,1
293,"(2,0)",,False,34,"[18, 2, 6, 11, 0]",4,0.036549707602339006,-194,48,11,0.41754385964912205,242,1
294,3:8,assassinate,True,31,"[4, 15, 3, 14, 17]",4,0.022417153996101002,-196,48,11,0.39857978279030903,244,1
295,3:8,assassinate,True,31,"[4, 15, 3, 14, 17]",4,0.022417153996101002,-196,48,11,0.39857978279030903,244,1
296,"(19,6)",,True,31,"[19, 4, 6, 18, 12]",4,0.022417153996101002,-198,48,10,0.350598719019771,246,1
297,"(19,6)",,True,31,"[19, 4, 6, 18, 12]",4,0.022417153996101002,-198,48,10,0.350598719019771,246,1
298,"(2,9)",,True,31,"[2, 16, 9, 3, 11]",4,0.022417153996101002,-200,48,10,0.347674742411584,248,1
299,"(2,9)",,True,31,"[2, 16, 9, 3, 11]",4,0.022417153996101002,-200,48,10,0.347674742411584,248,1
300,"(2,14)",,True,33,"[2, 17, 7, 14, 18]",4,0.022417153996101002,-202,48,10,0.31759955444165905,250,1
301,"(2,14)",,True,33,"[2, 17, 7, 14, 18]",4,0.022417153996101002,-202,48,10,0.31759955444165905,250,1
302,"(9,3)",,True,35,"[9, 10, 2, 3, 7]",4,0.030604288499025002,-204,48,10,0.33355611250348005,252,1
303,"(9,3)",,True,35,"[9, 10, 2, 3, 7]",4,0.030604288499025002,-204,48,10,0.33355611250348005,252,1
304,"(3,1)",,True,38,"[3, 14, 17, 8, 1]",4,0.025097465886939,-206,48,11,0.33779587858535204,254,1
305,"(3,1)",,True,38,"[3, 14, 17, 8, 1]",4,0.025097465886939,-206,48,11,0.33779587858535204,254,1
306,"(3,15)",,True,40,"[3, 15, 10, 14, 0]",4,0.024041585445094,-208,48,11,0.36321358952937904,256,1
307,"(3,15)",,True,40,"[3, 15, 10, 14, 0]",4,0.024041585445094,-208,48,11,0.36321358952937904,256,1
308,"(7,16)",,True,40,"[15, 7, 17, 16, 8]",4,0.032261208576998004,-210,48,11,0.353592314118629,258,1
309,"(7,16)",,True,40,"[15, 7, 17, 16, 8]",4,0.032261208576998004,-210,48,11,0.353592314118629,258,1
310,"(2,13)",,False,40,"[14, 5, 2, 13, 8]",5,0.064684860298895,-212,48,11,0.366945140629351,260,1
311,"(2,13)",,False,40,"[14, 5, 2, 13, 8]",5,0.064684860298895,-212,48,11,0.366945140629351,260,1
312,"(18,2)",,True,40,"[18, 14, 0, 6, 2]",5,0.148018193632228,-214,48,10,0.292634363686995,262,1
313,"(18,2)",,True,40,"[18, 14, 0, 6, 2]",5,0.148018193632228,-214,48,10,0.292634363686995,262,1
314,"(8,1)",,False,42,"[12, 8, 11, 1, 0]",5,0.14022092267706301,-216,48,11,0.29756335282651003,264,1
315,"(8,1)",,False,42,"[12, 8, 11, 1, 0]",5,0.14022092267706301,-216,48,11,0.29756335282651003,264,1
316,"(5,1)",,True,44,"[15, 19, 5, 1, 8]",5,0.056497725795971,-218,48,12,0.337315510999721,266,1
317,"(5,1)",,True,44,"[15, 19, 5, 1, 8]",5,0.056497725795971,-218,48,12,0.337315510999721,266,1
318,"(0,10)",,True,44,"[18, 0, 6, 14, 10]",4,0.024171539961013,-220,48,12,0.33449828274389604,268,1
319,"(0,10)",,True,44,"[18, 0, 6, 14, 10]",4,0.024171539961013,-220,48,12,0.33449828274389604,268,1
320,"(10,1)",,False,46,"[10, 15, 2, 13, 1]",4,0.023196881091617,-222,48,13,0.365900863269284,270,1
321,"(10,1)",,False,46,"[10, 15, 2, 13, 1]",4,0.023196881091617,-222,48,13,0.365900863269284,270,1
322,12:16,assassinate,True,37,"[13, 12, 4, 7, 2]",3,0.017251461988304,-224,48,11,0.380896686159844,272,1
323,12:16,assassinate,True,37,"[13, 12, 4, 7, 2]",3,0.017251461988304,-224,48,11,0.380896686159844,272,1
324,"(12,2)",,False,39,"[13, 12, 9, 15, 2]",3,0.017251461988304,-226,48,11,0.378362573099415,274,1
325,"(12,2)",,False,39,"[13, 12, 9, 15, 2]",3,0.017251461988304,-226,48,11,0.378362573099415,274,1
326,11:12,assassinate,True,32,"[9, 17, 4, 11, 7]",2,0.09941520467836201,-228,48,10,0.367446393762183,276,1
327,11:12,assassinate,True,32,"[9, 17, 4, 11, 7]",2,0.09941520467836201,-228,48,10,0.367446393762183,276,1
328,"(4,3)",,False,32,"[19, 4, 12, 3, 10]",2,0.09941520467836201,-230,48,10,0.38791423001949304,278,1
329,"(4,3)",,False,32,"[19, 4, 12, 3, 10]",2,0.09941520467836201,-230,48,10,0.38791423001949304,278,1
330,"(7,4)",,False,32,"[1, 18, 6, 7, 4]",2,0.19883040935672502,-232,48,10,0.5040378724589251,280,1
331,"(7,4)",,False,32,"[1, 18, 6, 7, 4]",2,0.19883040935672502,-232,48,10,0.5040378724589251,280,1
332,"(11,1)",,False,34,"[3, 11, 9, 13, 1]",3,0.050682261208576,-234,48,11,0.48343079922027304,282,1
333,"(11,1)",,False,34,"[3, 11, 9, 13, 1]",3,0.050682261208576,-234,48,11,0.48343079922027304,282,1
334,"(0,5)",,True,34,"[2, 9, 0, 14, 5]",2,0.005847953216374001,-236,48,11,0.519298245614035,284,1
335,"(0,5)",,True,34,"[2, 9, 0, 14, 5]",2,0.005847953216374001,-236,48,11,0.519298245614035,284,1
336,"(18,16)",,True,34,"[2, 18, 19, 16, 7]",2,0.008771929824561,-238,48,11,0.50214424951267,286,1
337,"(18,16)",,True,34,"[2, 18, 19, 16, 7]",2,0.008771929824561,-238,48,11,0.50214424951267,286,1
338,"(15,1)",,True,36,"[7, 15, 19, 4, 1]",2,0.005847953216374001,-240,48,12,0.521442495126705,288,1
339,"(15,1)",,True,36,"[7, 15, 19, 4, 1]",2,0.005847953216374001,-240,48,12,0.521442495126705,288,1
340,"(16,10)",,True,37,"[16, 3, 14, 6, 10]",2,0.005847953216374001,-242,48,12,0.5290448343079921,290,1
341,"(16,10)",,True,37,"[16, 3, 14, 6, 10]",2,0.005847953216374001,-242,48,12,0.5290448343079921,290,1
342,"(14,9)",,True,37,"[14, 10, 11, 9, 8]",2,0.005847953216374001,-244,48,12,0.484697855750487,292,1
343,"(14,9)",,True,37,"[14, 10, 11, 9, 8]",2,0.005847953216374001,-244,48,12,0.484697855750487,292,1
344,"(1,11)",,False,37,"[1, 8, 9, 16, 11]",2,0.005847953216374001,-246,48,12,0.484697855750487,294,1
345,"(1,11)",,False,37,"[1, 8, 9, 16, 11]",2,0.005847953216374001,-246,48,12,0.484697855750487,294,1
346,"(9,8)",,False,39,"[19, 9, 17, 8, 11]",3,0.015942634363686002,-248,48,12,0.48003341687552203,296,1
347,"(9,8)",,False,39,"[19, 9, 17, 8, 11]",3,0.015942634363686002,-248,48,12,0.48003341687552203,296,1
348,"(10,5)",,True,41,"[18, 16, 10, 4, 5]",3,0.015942634363686002,-250,48,12,0.40348092453355605,298,1
349,"(10,5)",,True,41,"[18, 16, 10, 4, 5]",3,0.015942634363686002,-250,48,12,0.40348092453355605,298,1
350,19:16,assassinate,True,34,"[2, 11, 19, 12, 15]",3,0.019353940406571003,-252,48,11,0.404204956836535,300,1
351,19:16,assassinate,True,34,"[2, 11, 19, 12, 15]",3,0.019353940406571003,-252,48,11,0.404204956836535,300,1
352,"(6,19)",,False,36,"[16, 6, 13, 19, 9]",3,0.019353940406571003,-254,48,11,0.44514062935115506,302,1
353,"(6,19)",,False,36,"[16, 6, 13, 19, 9]",3,0.019353940406571003,-254,48,11,0.44514062935115506,302,1
354,"(12,15)",,False,38,"[5, 11, 12, 3, 15]",3,0.017404622667780003,-256,48,11,0.447284878863826,304,1
355,"(12,15)",,False,38,"[5, 11, 12, 3, 15]",3,0.017404622667780003,-256,48,11,0.447284878863826,304,1
356,"(12,3)",,True,41,"[12, 10, 18, 3, 4]",3,0.014376218323586001,-258,48,11,0.426051239209133,306,1
357,"(12,3)",,True,41,"[12, 10, 18, 3, 4]",3,0.014376218323586001,-258,48,11,0.426051239209133,306,1
358,"(6,8)",,False,41,"[6, 12, 0, 9, 8]",3,0.013157894736842,-260,48,11,0.450222779170147,308,1
359,"(6,8)",,False,41,"[6, 12, 0, 9, 8]",3,0.013157894736842,-260,48,11,0.450222779170147,308,1
360,"(19,1)",,True,43,"[19, 0, 12, 1, 18]",3,0.014051332033788002,-262,48,12,0.394732200872551,310,1
361,"(19,1)",,True,43,"[19, 0, 12, 1, 18]",3,0.014051332033788002,-262,48,12,0.394732200872551,310,1
362,"(13,0)",,False,41,"[2, 17, 13, 5, 0]",2,0.005847953216374001,-264,48,11,0.35057783347257004,312,1
363,"(13,0)",,False,41,"[2, 17, 13, 5, 0]",2,0.005847953216374001,-264,48,11,0.35057783347257004,312,1
364,"(15,11)",,True,41,"[6, 3, 15, 7, 11]",2,0.005847953216374001,-266,48,11,0.35057783347257004,314,1
365,"(15,11)",,True,41,"[6, 3, 15, 7, 11]",2,0.005847953216374001,-266,48,11,0.35057783347257004,314,1
366,"(14,10)",,False,41,"[13, 14, 5, 0, 10]",2,0.005847953216374001,-268,48,10,0.30066833751044203,316,1
367,"(14,10)",,False,41,"[13, 14, 5, 0, 10]",2,0.005847953216374001,-268,48,10,0.30066833751044203,316,1
368,"(3,15)",,True,41,"[4, 3, 15, 12, 6]",2,0.005847953216374001,-270,48,10,0.282804232804232,318,1
369,"(3,15)",,True,41,"[4, 3, 15, 12, 6]",2,0.005847953216374001,-270,48,10,0.282804232804232,318,1
370,2:12,assassinate,True,36,"[12, 2, 19, 16, 14]",2,0.008980785296574001,-272,48,10,0.30967697020328605,320,1
371,2:12,assassinate,True,36,"[12, 2, 19, 16, 14]",2,0.008980785296574001,-272,48,10,0.30967697020328605,320,1
372,"(13,18)",,False,36,"[6, 12, 13, 18, 11]",2,0.010930103035366,-274,48,10,0.31260094681147305,322,1
373,"(13,18)",,False,36,"[6, 12, 13, 18, 11]",2,0.010930103035366,-274,48,10,0.31260094681147305,322,1
374,"(3,12)",,True,36,"[19, 3, 7, 17, 12]",2,0.010930103035366,-276,48,10,0.31299081035923104,324,1
375,"(3,12)",,True,36,"[19, 3, 7, 17, 12]",2,0.010930103035366,-276,48,10,0.31299081035923104,324,1
376,"(9,8)",,True,36,"[9, 19, 8, 12, 11]",2,0.012573099415204,-278,48,10,0.298732943469785,326,1
377,"(9,8)",,True,36,"[9, 19, 8, 12, 11]",2,0.012573099415204,-278,48,10,0.298732943469785,326,1
378,"(17,3)",,True,38,"[14, 17, 3, 18, 4]",2,0.010776942355889,-280,48,10,0.263204728994202,328,1
379,"(17,3)",,True,38,"[14, 17, 3, 18, 4]",2,0.010776942355889,-280,48,10,0.263204728994202,328,1
380,"(1,9)",,False,40,"[3, 8, 15, 1, 9]",2,0.0029239766081870003,-282,48,11,0.269484316852737,330,1
381,"(1,9)",,False,40,"[3, 8, 15, 1, 9]",2,0.0029239766081870003,-282,48,11,0.269484316852737,330,1
382,"(6,7)",,False,38,"[4, 0, 11, 6, 7]",2,0.010776942355889,-284,48,10,0.263204728994202,332,1
383,"(6,7)",,False,38,"[4, 0, 11, 6, 7]",2,0.010776942355889,-284,48,10,0.263204728994202,332,1
384,"(17,1)",,False,40,"[3, 8, 0, 17, 1]",2,0.013700918964076,-286,48,11,0.26067947646895,334,1
385,"(17,1)",,False,40,"[3, 8, 0, 17, 1]",2,0.013700918964076,-286,48,11,0.26067947646895,334,1
386,"(16,4)",,True,40,"[16, 8, 18, 4, 19]",2,0.013700918964076,-288,48,11,0.25912002227791703,336,1
387,"(16,4)",,True,40,"[16, 8, 18, 4, 19]",2,0.013700918964076,-288,48,11,0.25912002227791703,336,1
388,"(0,7)",,False,40,"[0, 15, 1, 7, 13]",2,0.013352826510721002,-290,48,11,0.263074352548036,338,1
389,"(0,7)",,False,40,"[0, 15, 1, 7, 13]",2,0.013352826510721002,-290,48,11,0.263074352548036,338,1
390,"(0,9)",,False,40,"[6, 0, 8, 19, 9]",1,0.0,-292,48,11,0.260038986354775,340,1
391,"(0,9)",,False,40,"[6, 0, 8, 19, 9]",1,0.0,-292,48,11,0.260038986354775,340,1
392,13:16,assassinate,True,31,"[2, 14, 1, 6, 13]",1,0.0,-294,48,10,0.34600389863547704,342,1
393,13:16,assassinate,True,31,"[2, 14, 1, 6, 13]",1,0.0,-294,48,10,0.34600389863547704,342,1
394,"(1,5)",,True,33,"[19, 17, 1, 9, 5]",1,0.0,-296,48,11,0.335672514619883,344,1
395,"(1,5)",,True,33,"[19, 17, 1, 9, 5]",1,0.0,-296,48,11,0.335672514619883,344,1
396,"(13,5)",,False,33,"[13, 11, 5, 6, 19]",1,0.0,-298,48,10,0.35321637426900504,346,1
397,"(13,5)",,False,33,"[13, 11, 5, 6, 19]",1,0.0,-298,48,10,0.35321637426900504,346,1
398,"(14,10)",,False,33,"[14, 15, 10, 17, 19]",2,0.025341130604288,-300,48,10,0.36978557504873305,348,1
399,"(14,10)",,False,33,"[14, 15, 10, 17, 19]",2,0.025341130604288,-300,48,10,0.36978557504873305,348,1
400,"(0,5)",,False,33,"[4, 0, 16, 3, 5]",1,0.0,-302,48,10,0.37037037037037,350,1
401,"(0,5)",,False,33,"[4, 0, 16, 3, 5]",1,0.0,-302,48,10,0.37037037037037,350,1
402,"(1,12)",,True,33,"[6, 1, 12, 7, 13]",1,0.0,-304,48,11,0.36257309941520405,352,1
403,"(1,12)",,True,33,"[6, 1, 12, 7, 13]",1,0.0,-304,48,11,0.36257309941520405,352,1
404,"(6,2)",,True,35,"[3, 6, 9, 2, 18]",1,0.0,-306,48,11,0.38820662768031106,354,1
405,"(6,2)",,True,35,"[3, 6, 9, 2, 18]",1,0.0,-306,48,11,0.38820662768031106,354,1
406,"(9,1)",,True,37,"[6, 9, 11, 1, 10]",1,0.0,-308,48,12,0.38294346978557503,356,1
407,"(9,1)",,True,37,"[6, 9, 11, 1, 10]",1,0.0,-308,48,12,0.38294346978557503,356,1
408,"(9,19)",,True,39,"[9, 19, 16, 14, 0]",1,0.0,-310,48,12,0.42836257309941506,358,1
409,"(9,19)",,True,39,"[9, 19, 16, 14, 0]",1,0.0,-310,48,12,0.42836257309941506,358,1
410,"(13,19)",,False,42,"[13, 19, 6, 18, 0]",1,0.0,-312,48,12,0.37085769980506805,360,1
411,"(13,19)",,False,42,"[13, 19, 6, 18, 0]",1,0.0,-312,48,12,0.37085769980506805,360,1
412,"(14,15)",,True,42,"[17, 14, 15, 1, 4]",1,0.0,-314,48,12,0.37085769980506805,362,1
413,"(14,15)",,True,42,"[17, 14, 15, 1, 4]",1,0.0,-314,48,12,0.37085769980506805,362,1
414,"(17,8)",,False,44,"[10, 17, 8, 3, 4]",2,0.0029239766081870003,-316,48,12,0.342105263157894,364,1
415,"(17,8)",,False,44,"[10, 17, 8, 3, 4]",2,0.0029239766081870003,-316,48,12,0.342105263157894,364,1
416,"(0,3)",,True,43,"[16, 0, 3, 4, 19]",1,0.0,-318,48,12,0.36403508771929804,366,1
417,"(0,3)",,True,43,"[16, 0, 3, 4, 19]",1,0.0,-318,48,12,0.36403508771929804,366,1
418,"(16,12)",,True,45,"[16, 14, 12, 4, 9]",1,0.0,-320,48,12,0.396003898635477,368,1
419,"(16,12)",,True,45,"[16, 14, 12, 4, 9]",1,0.0,-320,48,12,0.396003898635477,368,1
420,"(9,14)",,False,43,"[1, 16, 9, 17, 14]",1,0.0,-322,48,11,0.36624199387357204,370,1
421,"(9,14)",,False,43,"[1, 16, 9, 17, 14]",1,0.0,-322,48,11,0.36624199387357204,370,1
422,"(1,15)",,True,43,"[1, 15, 16, 17, 9]",1,0.0,-324,48,12,0.37116402116402103,372,1
423,"(1,15)",,True,43,"[1, 15, 16, 17, 9]",1,0.0,-324,48,12,0.37116402116402103,372,1
424,"(14,10)",,True,43,"[15, 14, 2, 11, 10]",1,0.0,-326,48,11,0.328733871716327,374,1
425,"(14,10)",,True,43,"[15, 14, 2, 11, 10]",1,0.0,-326,48,11,0.328733871716327,374,1
426,"(2,17)",,False,43,"[2, 5, 9, 19, 17]",2,0.005847953216374001,-328,48,11,0.306316717720226,376,1
427,"(2,17)",,False,43,"[2, 5, 9, 19, 17]",2,0.005847953216374001,-328,48,11,0.306316717720226,376,1
428,7:16,assassinate,True,36,"[0, 9, 16, 10, 7]",2,0.005847953216374001,-330,48,10,0.33157894736842103,378,1
429,7:16,assassinate,True,36,"[0, 9, 16, 10, 7]",2,0.005847953216374001,-330,48,10,0.33157894736842103,378,1
430,"(7,1)",,False,38,"[18, 5, 19, 7, 1]",2,0.005847953216374001,-332,48,11,0.350278473962684,380,1
431,"(7,1)",,False,38,"[18, 5, 19, 7, 1]",2,0.005847953216374001,-332,48,11,0.350278473962684,380,1
432,5:20,assassinate,True,29,"[5, 15, 13, 19, 0]",3,0.105263157894736,-334,48,10,0.49766081871345,382,1
433,5:20,assassinate,True,29,"[5, 15, 13, 19, 0]",3,0.105263157894736,-334,48,10,0.49766081871345,382,1
434,"(8,15)",,True,31,"[8, 0, 7, 15, 19]",3,0.022417153996101002,-336,48,10,0.47192982456140303,384,1
435,"(8,15)",,True,31,"[8, 0, 7, 15, 19]",3,0.022417153996101002,-336,48,10,0.47192982456140303,384,1
436,"(0,17)",,False,31,"[12, 18, 1, 0, 17]",3,0.031676413255360004,-338,48,10,0.47826510721247506,386,1
437,"(0,17)",,False,31,"[12, 18, 1, 0, 17]",3,0.031676413255360004,-338,48,10,0.47826510721247506,386,1
438,"(8,0)",,False,29,"[2, 8, 13, 0, 18]",2,0.041910331384015,-340,48,9,0.41033138401559405,388,1
439,"(8,0)",,False,29,"[2, 8, 13, 0, 18]",2,0.041910331384015,-340,48,9,0.41033138401559405,388,1
440,"(15,9)",,False,29,"[13, 4, 15, 9, 0]",2,0.040935672514619006,-342,48,9,0.402534113060428,390,1
441,"(15,9)",,False,29,"[13, 4, 15, 9, 0]",2,0.040935672514619006,-342,48,9,0.402534113060428,390,1
442,"(4,5)",,True,29,"[10, 4, 6, 16, 5]",2,0.057504873294346004,-344,48,8,0.39590643274853704,392,1
443,"(4,5)",,True,29,"[10, 4, 6, 16, 5]",2,0.057504873294346004,-344,48,8,0.39590643274853704,392,1
444,"(12,15)",,False,28,"[17, 1, 12, 15, 16]",2,0.061403508771929,-346,48,7,0.36179337231968806,394,1
445,"(12,15)",,False,28,"[17, 1, 12, 15, 16]",2,0.061403508771929,-346,48,7,0.36179337231968806,394,1
446,"(7,13)",,False,30,"[10, 19, 18, 7, 13]",2,0.040935672514619006,-348,48,7,0.38060428849902506,396,1
447,"(7,13)",,False,30,"[10, 19, 18, 7, 13]",2,0.040935672514619006,-348,48,7,0.38060428849902506,396,1
448,"(9,19)",,False,30,"[9, 11, 14, 8, 19]",2,0.040935672514619006,-350,48,7,0.36159844054580803,398,1
449,"(9,19)",,False,30,"[9, 11, 14, 8, 19]",2,0.040935672514619006,-350,48,7,0.36159844054580803,398,1
450,9:4,assassinate,True,29,"[11, 9, 5, 19, 6]",2,0.038011695906432004,-352,48,7,0.33918128654970703,400,1
451,9:4,assassinate,True,29,"[11, 9, 5, 19, 6]",2,0.038011695906432004,-352,48,7,0.33918128654970703,400,1
452,"(19,6)",,False,30,"[19, 0, 15, 8, 6]",2,0.038986354775828,-354,48,7,0.34230019493177305,402,1
453,"(19,6)",,False,30,"[19, 0, 15, 8, 6]",2,0.038986354775828,-354,48,7,0.34230019493177305,402,1
454,"(12,14)",,False,32,"[12, 8, 5, 13, 14]",2,0.018908382066276,-356,48,7,0.24892787524366403,404,1
455,"(12,14)",,False,32,"[12, 8, 5, 13, 14]",2,0.018908382066276,-356,48,7,0.24892787524366403,404,1
456,"(8,1)",,False,34,"[8, 19, 1, 11, 17]",3,0.050821498189919004,-358,48,8,0.250612642717905,406,1
457,"(8,1)",,False,34,"[8, 19, 1, 11, 17]",3,0.050821498189919004,-358,48,8,0.250612642717905,406,1
458,"(4,9)",,False,36,"[15, 4, 11, 8, 9]",3,0.055764411027568,-360,48,8,0.258618769145084,408,1
459,"(4,9)",,False,36,"[15, 4, 11, 8, 9]",3,0.055764411027568,-360,48,8,0.258618769145084,408,1
460,"(12,10)",,False,38,"[12, 11, 10, 0, 15]",3,0.025341130604288,-362,48,8,0.241812865497076,410,1
461,"(12,10)",,False,38,"[12, 11, 10, 0, 15]",3,0.025341130604288,-362,48,8,0.241812865497076,410,1
462,"(12,8)",,False,39,"[4, 12, 2, 5, 8]",3,0.027777777777777003,-364,48,8,0.205068226120857,412,1
463,"(12,8)",,False,39,"[4, 12, 2, 5, 8]",3,0.027777777777777003,-364,48,8,0.205068226120857,412,1
464,3:10,assassinate,True,36,"[6, 8, 3, 9, 14]",2,0.0,-366,48,8,0.20682261208576902,414,1
465,3:10,assassinate,True,36,"[6, 8, 3, 9, 14]",2,0.0,-366,48,8,0.20682261208576902,414,1
466,"(18,15)",,False,36,"[14, 16, 19, 18, 15]",2,0.0,-368,48,8,0.179922027290448,416,1
467,"(18,15)",,False,36,"[14, 16, 19, 18, 15]",2,0.0,-368,48,8,0.179922027290448,416,1
468,"(13,2)",,True,36,"[15, 13, 5, 7, 2]",2,0.0,-370,48,8,0.159356725146198,418,1
469,"(13,2)",,True,36,"[15, 13, 5, 7, 2]",2,0.0,-370,48,8,0.159356725146198,418,1
470,"(1,13)",,False,38,"[7, 1, 10, 13, 11]",2,0.0,-372,48,9,0.18040935672514602,420,1
471,"(1,13)",,False,38,"[7, 1, 10, 13, 11]",2,0.0,-372,48,9,0.18040935672514602,420,1
472,"(12,6)",,False,38,"[13, 15, 11, 12, 6]",2,0.0,-374,48,9,0.198927875243664,422,1
473,"(12,6)",,False,38,"[13, 15, 11, 12, 6]",2,0.0,-374,48,9,0.198927875243664,422,1
474,"(4,11)",,False,38,"[9, 4, 0, 11, 6]",2,0.0,-376,48,9,0.20428849902534102,424,1
475,"(4,11)",,False,38,"[9, 4, 0, 11, 6]",2,0.0,-376,48,9,0.20428849902534102,424,1
476,"(6,15)",,True,38,"[6, 0, 2, 15, 5]",2,0.0,-378,48,9,0.24615705931495402,426,1
477,"(6,15)",,True,38,"[6, 0, 2, 15, 5]",2,0.0,-378,48,9,0.24615705931495402,426,1
478,"(6,7)",,False,36,"[0, 18, 6, 7, 10]",2,0.0,-380,48,8,0.17227095516569202,428,1
479,"(6,7)",,False,36,"[0, 18, 6, 7, 10]",2,0.0,-380,48,8,0.17227095516569202,428,1
480,"(2,1)",,True,38,"[18, 5, 6, 2, 1]",2,0.0,-382,48,9,0.20216745567622701,430,1
481,"(2,1)",,True,38,"[18, 5, 6, 2, 1]",2,0.0,-382,48,9,0.20216745567622701,430,1
482,"(2,7)",,False,38,"[11, 0, 9, 2, 7]",2,0.0,-384,48,9,0.20216745567622701,432,1
483,"(2,7)",,False,38,"[11, 0, 9, 2, 7]",2,0.0,-384,48,9,0.20216745567622701,432,1
484,"(3,1)",,True,40,"[11, 15, 14, 3, 1]",2,0.0,-386,48,10,0.277898449828274,434,1
485,"(3,1)",,True,40,"[11, 15, 14, 3, 1]",2,0.0,-386,48,10,0.277898449828274,434,1
486,"(19,10)",,False,42,"[2, 19, 3, 17, 10]",3,0.009746588693957,-388,48,10,0.269451406293511,436,1
487,"(19,10)",,False,42,"[2, 19, 3, 17, 10]",3,0.009746588693957,-388,48,10,0.269451406293511,436,1
488,"(13,10)",,False,44,"[13, 3, 10, 18, 12]",3,0.009746588693957,-390,48,10,0.269423558897243,438,1
489,"(13,10)",,False,44,"[13, 3, 10, 18, 12]",3,0.009746588693957,-390,48,10,0.269423558897243,438,1
490,14:14,assassinate,True,36,"[5, 0, 4, 17, 14]",3,0.028265107212475,-392,48,10,0.302826510721247,440,1
491,14:14,assassinate,True,36,"[5, 0, 4, 17, 14]",3,0.028265107212475,-392,48,10,0.302826510721247,440,1
492,"(2,6)",,False,36,"[16, 2, 8, 5, 6]",3,0.028265107212475,-394,48,10,0.31566416040100204,442,1
493,"(2,6)",,False,36,"[16, 2, 8, 5, 6]",3,0.028265107212475,-394,48,10,0.31566416040100204,442,1
494,"(14,2)",,False,38,"[10, 18, 7, 14, 2]",4,0.051712614870509,-396,48,10,0.40987190197716505,444,1
495,"(14,2)",,False,38,"[10, 18, 7, 14, 2]",4,0.051712614870509,-396,48,10,0.40987190197716505,444,1
496,"(9,4)",,False,39,"[15, 9, 4, 18, 5]",6,0.08606237816764101,-398,48,10,0.40058479532163704,446,1
497,"(9,4)",,False,39,"[15, 9, 4, 18, 5]",6,0.08606237816764101,-398,48,10,0.40058479532163704,446,1
498,"(1,18)",,False,39,"[1, 17, 18, 15, 7]",6,0.12290448343079902,-400,48,11,0.42921191868560205,448,1
499,"(1,18)",,False,39,"[1, 17, 18, 15, 7]",6,0.12290448343079902,-400,48,11,0.42921191868560205,448,1
500,"(0,8)",,True,36,"[2, 0, 5, 7, 8]",5,0.13823447507658002,-402,48,9,0.383333333333333,450,1
501,"(0,8)",,True,36,"[2, 0, 5, 7, 8]",5,0.13823447507658002,-402,48,9,0.383333333333333,450,1
502,"(19,10)",,False,38,"[19, 2, 5, 14, 10]",5,0.10349484823169001,-404,48,9,0.373405736563631,452,1
503,"(19,10)",,False,38,"[19, 2, 5, 14, 10]",5,0.10349484823169001,-404,48,9,0.373405736563631,452,1
504,4:14,assassinate,True,30,"[19, 17, 4, 18, 6]",4,0.067251461988304,-406,48,7,0.17768031189083802,454,1
505,4:14,assassinate,True,30,"[19, 17, 4, 18, 6]",4,0.067251461988304,-406,48,7,0.17768031189083802,454,1
506,"(4,18)",,False,30,"[9, 6, 5, 4, 18]",4,0.079922027290448,-408,48,6,0.163352826510721,456,1
507,"(4,18)",,False,30,"[9, 6, 5, 4, 18]",4,0.079922027290448,-408,48,6,0.163352826510721,456,1
508,12:12,assassinate,True,25,"[18, 11, 19, 12, 2]",3,0.040935672514619006,-410,48,6,0.18859649122807,458,1
509,12:12,assassinate,True,25,"[18, 11, 19, 12, 2]",3,0.040935672514619006,-410,48,6,0.18859649122807,458,1
510,"(15,1)",,True,27,"[6, 8, 15, 4, 1]",3,0.040935672514619006,-412,48,7,0.17982456140350803,460,1
511,"(15,1)",,True,27,"[6, 8, 15, 4, 1]",3,0.040935672514619006,-412,48,7,0.17982456140350803,460,1
512,"(2,18)",,False,29,"[2, 11, 18, 10, 9]",3,0.047758284600389,-414,48,7,0.19907407407407401,462,1
513,"(2,18)",,False,29,"[2, 11, 18, 10, 9]",3,0.047758284600389,-414,48,7,0.19907407407407401,462,1
514,13:6,assassinate,True,25,"[5, 11, 15, 13, 8]",2,0.0,-416,48,7,0.153508771929824,464,1
515,13:6,assassinate,True,25,"[5, 11, 15, 13, 8]",2,0.0,-416,48,7,0.153508771929824,464,1
516,"(18,17)",,False,25,"[6, 18, 9, 2, 17]",2,0.0,-418,48,7,0.18901420217209602,466,1
517,"(18,17)",,False,25,"[6, 18, 9, 2, 17]",2,0.0,-418,48,7,0.18901420217209602,466,1
518,"(15,12)",,False,27,"[15, 7, 17, 12, 8]",2,0.0,-420,48,7,0.18589529379003,468,1
519,"(15,12)",,False,27,"[15, 7, 17, 12, 8]",2,0.0,-420,48,7,0.18589529379003,468,1
520,"(19,4)",,True,29,"[19, 9, 4, 10, 8]",2,0.0,-422,48,7,0.187844611528822,470,1
521,"(19,4)",,True,29,"[19, 9, 4, 10, 8]",2,0.0,-422,48,7,0.187844611528822,470,1
522,"(0,1)",,True,31,"[8, 0, 15, 12, 1]",3,0.08849902534113001,-424,48,8,0.25877192982456104,472,1
523,"(0,1)",,True,31,"[8, 0, 15, 12, 1]",3,0.08849902534113001,-424,48,8,0.25877192982456104,472,1
524,"(1,10)",,False,33,"[19, 1, 8, 10, 11]",4,0.03625730994152,-426,48,9,0.23538011695906402,474,1
525,"(1,10)",,False,33,"[19, 1, 8, 10, 11]",4,0.03625730994152,-426,48,9,0.23538011695906402,474,1
526,9:8,assassinate,True,28,"[4, 1, 10, 11, 9]",4,0.030214424951267003,-428,48,8,0.23138401559454103,476,1
527,9:8,assassinate,True,28,"[4, 1, 10, 11, 9]",4,0.030214424951267003,-428,48,8,0.23138401559454103,476,1
528,8:10,assassinate,True,24,"[12, 10, 18, 16, 8]",3,0.009746588693957,-430,48,7,0.22222222222222202,478,1
529,8:10,assassinate,True,24,"[12, 10, 18, 16, 8]",3,0.009746588693957,-430,48,7,0.22222222222222202,478,1
530,"(9,10)",,True,26,"[9, 2, 10, 7, 0]",3,0.009746588693957,-432,48,7,0.280701754385964,480,1
531,"(9,10)",,True,26,"[9, 2, 10, 7, 0]",3,0.009746588693957,-432,48,7,0.280701754385964,480,1
532,"(9,13)",,False,28,"[9, 13, 16, 7, 2]",3,0.009746588693957,-434,48,7,0.332358674463937,482,1
533,"(9,13)",,False,28,"[9, 13, 16, 7, 2]",3,0.009746588693957,-434,48,7,0.332358674463937,482,1
534,"(11,17)",,False,28,"[7, 10, 13, 11, 17]",4,0.06842105263157801,-436,48,7,0.309551656920077,484,1
535,"(11,17)",,False,28,"[7, 10, 13, 11, 17]",4,0.06842105263157801,-436,48,7,0.309551656920077,484,1
536,"(1,8)",,True,30,"[1, 10, 8, 2, 9]",5,0.13138401559454102,-438,48,8,0.368226120857699,486,1
537,"(1,8)",,True,30,"[1, 10, 8, 2, 9]",5,0.13138401559454102,-438,48,8,0.368226120857699,486,1
538,"(14,1)",,False,32,"[9, 4, 14, 5, 1]",5,0.10840991367307101,-440,48,9,0.505513784461152,488,1
539,"(14,1)",,False,32,"[9, 4, 14, 5, 1]",5,0.10840991367307101,-440,48,9,0.505513784461152,488,1
540,"(0,11)",,True,32,"[8, 15, 0, 11, 5]",4,0.061403508771929,-442,48,9,0.50682261208577,490,1
541,"(0,11)",,True,32,"[8, 15, 0, 11, 5]",4,0.061403508771929,-442,48,9,0.50682261208577,490,1
542,"(14,2)",,False,32,"[14, 17, 8, 19, 2]",4,0.054191033138401005,-444,48,9,0.432553606237816,492,1
543,"(14,2)",,False,32,"[14, 17, 8, 19, 2]",4,0.054191033138401005,-444,48,9,0.432553606237816,492,1
544,"(1,13)",,True,34,"[14, 1, 19, 10, 13]",4,0.05087719298245601,-446,48,10,0.476023391812865,494,1
545,"(1,13)",,True,34,"[14, 1, 19, 10, 13]",4,0.05087719298245601,-446,48,10,0.476023391812865,494,1
546,"(0,2)",,False,34,"[0, 19, 1, 2, 12]",3,0.019493177387914,-448,48,10,0.48635477582846,496,1
547,"(0,2)",,False,34,"[0, 19, 1, 2, 12]",3,0.019493177387914,-448,48,10,0.48635477582846,496,1
548,"(1,7)",,True,37,"[17, 1, 4, 13, 7]",5,0.081215665426191,-450,48,11,0.46807422596896203,498,1
549,"(1,7)",,True,37,"[17, 1, 4, 13, 7]",5,0.081215665426191,-450,48,11,0.46807422596896203,498,1
550,2:8,assassinate,True,35,"[4, 2, 14, 10, 19]",7,0.14892787524366402,-452,48,11,0.455360623781676,500,1
551,2:8,assassinate,True,35,"[4, 2, 14, 10, 19]",7,0.14892787524366402,-452,48,11,0.455360623781676,500,1
552,19:6,assassinate,True,31,"[9, 14, 18, 6, 19]",6,0.158855472013366,-454,48,10,0.410345307713728,502,1
553,19:6,assassinate,True,31,"[9, 14, 18, 6, 19]",6,0.158855472013366,-454,48,10,0.410345307713728,502,1
554,"(2,7)",,False,33,"[2, 18, 7, 0, 9]",6,0.17445001392369802,-456,48,10,0.44445836814257805,504,1
555,"(2,7)",,False,33,"[2, 18, 7, 0, 9]",6,0.17445001392369802,-456,48,10,0.44445836814257805,504,1
556,17:12,assassinate,True,26,"[9, 2, 14, 17, 10]",5,0.20428849902534102,-458,48,8,0.44792536897800006,506,1
557,17:12,assassinate,True,26,"[9, 2, 14, 17, 10]",5,0.20428849902534102,-458,48,8,0.44792536897800006,506,1
558,"(10,15)",,False,28,"[10, 6, 15, 9, 4]",6,0.189571150097465,-460,48,8,0.38352826510721205,508,1
559,"(10,15)",,False,28,"[10, 6, 15, 9, 4]",6,0.189571150097465,-460,48,8,0.38352826510721205,508,1
560,"(10,0)",,False,28,"[10, 6, 0, 16, 7]",6,0.18840155945419101,-462,48,8,0.396101364522417,510,1
561,"(10,0)",,False,28,"[10, 6, 0, 16, 7]",6,0.18840155945419101,-462,48,8,0.396101364522417,510,1
562,"(13,1)",,False,30,"[7, 6, 13, 1, 18]",7,0.219005847953216,-464,48,9,0.45633528265107204,512,1
563,"(13,1)",,False,30,"[7, 6, 13, 1, 18]",7,0.219005847953216,-464,48,9,0.45633528265107204,512,1
564,"(18,0)",,False,30,"[18, 12, 8, 13, 0]",6,0.18567251461988302,-466,48,9,0.45808966861598405,514,1
565,"(18,0)",,False,30,"[18, 12, 8, 13, 0]",6,0.18567251461988302,-466,48,9,0.45808966861598405,514,1
566,"(1,17)",,True,32,"[13, 14, 16, 1, 17]",7,0.144541910331384,-468,48,10,0.43235867446393705,516,1
567,"(1,17)",,True,32,"[13, 14, 16, 1, 17]",7,0.144541910331384,-468,48,10,0.43235867446393705,516,1
568,"(8,19)",,True,34,"[8, 19, 10, 6, 15]",8,0.21812865497076,-470,48,10,0.48888888888888804,518,1
569,"(8,19)",,True,34,"[8, 19, 10, 6, 15]",8,0.21812865497076,-470,48,10,0.48888888888888804,518,1
570,11:4,assassinate,True,31,"[11, 8, 14, 12, 4]",7,0.18167641325536002,-472,48,9,0.39161793372319603,520,1
571,11:4,assassinate,True,31,"[11, 8, 14, 12, 4]",7,0.18167641325536002,-472,48,9,0.39161793372319603,520,1
572,"(18,12)",,False,31,"[8, 14, 18, 12, 7]",7,0.180311890838206,-474,48,9,0.375730994152046,522,1
573,"(18,12)",,False,31,"[8, 14, 18, 12, 7]",7,0.180311890838206,-474,48,9,0.375730994152046,522,1
574,"(9,1)",,False,31,"[12, 9, 3, 14, 1]",7,0.14541910331384,-476,48,10,0.321150097465886,524,1
575,"(9,1)",,False,31,"[12, 9, 3, 14, 1]",7,0.14541910331384,-476,48,10,0.321150097465886,524,1
576,11:2,assassinate,True,31,"[6, 5, 11, 4, 2]",7,0.14541910331384,-478,48,10,0.321150097465886,526,1
577,11:2,assassinate,True,31,"[6, 5, 11, 4, 2]",7,0.14541910331384,-478,48,10,0.321150097465886,526,1
578,"(0,18)",,True,32,"[10, 12, 0, 14, 18]",6,0.096296296296296,-480,48,10,0.32348927875243605,528,1
579,"(0,18)",,True,32,"[10, 12, 0, 14, 18]",6,0.096296296296296,-480,48,10,0.32348927875243605,528,1
580,"(18,12)",,False,32,"[13, 4, 18, 1, 12]",7,0.20643274853801102,-482,48,10,0.40896686159844003,530,1
581,"(18,12)",,False,32,"[13, 4, 18, 1, 12]",7,0.20643274853801102,-482,48,10,0.40896686159844003,530,1
582,16:8,assassinate,True,29,"[0, 16, 15, 14, 1]",7,0.22729044834307902,-484,48,10,0.38635477582846,532,1
583,16:8,assassinate,True,29,"[0, 16, 15, 14, 1]",7,0.22729044834307902,-484,48,10,0.38635477582846,532,1
584,"(12,1)",,False,31,"[3, 7, 5, 12, 1]",8,0.21890838206627602,-486,48,11,0.37485380116959005,534,1
585,"(12,1)",,False,31,"[3, 7, 5, 12, 1]",8,0.21890838206627602,-486,48,11,0.37485380116959005,534,1
586,"(7,0)",,True,31,"[7, 19, 12, 15, 0]",8,0.21890838206627602,-488,48,11,0.37485380116959005,536,1
587,"(7,0)",,True,31,"[7, 19, 12, 15, 0]",8,0.21890838206627602,-488,48,11,0.37485380116959005,536,1
588,"(1,11)",,False,33,"[1, 11, 18, 0, 13]",9,0.180701754385964,-490,48,12,0.37378167641325505,538,1
589,"(1,11)",,False,33,"[1, 11, 18, 0, 13]",9,0.180701754385964,-490,48,12,0.37378167641325505,538,1
590,"(0,9)",,True,33,"[0, 9, 17, 4, 8]",8,0.124074074074074,-492,48,12,0.36910331384015505,540,1
591,"(0,9)",,True,33,"[0, 9, 17, 4, 8]",8,0.124074074074074,-492,48,12,0.36910331384015505,540,1
592,"(0,12)",,True,33,"[0, 7, 12, 15, 17]",7,0.08947368421052601,-494,48,12,0.39980506822612005,542,1
593,"(0,12)",,True,33,"[0, 7, 12, 15, 17]",7,0.08947368421052601,-494,48,12,0.39980506822612005,542,1
594,"(17,0)",,True,31,"[10, 14, 17, 0, 1]",6,0.10818713450292301,-496,48,11,0.408382066276803,544,1
595,"(17,0)",,True,31,"[10, 14, 17, 0, 1]",6,0.10818713450292301,-496,48,11,0.408382066276803,544,1
596,5:4,assassinate,True,30,"[15, 5, 7, 9, 17]",5,0.066276803118908,-498,48,11,0.367933723196881,546,1
597,5:4,assassinate,True,30,"[15, 5, 7, 9, 17]",5,0.066276803118908,-498,48,11,0.367933723196881,546,1
598,18:16,assassinate,True,23,"[2, 12, 4, 1, 18]",5,0.07602339181286501,-500,48,10,0.40058479532163704,548,1
599,18:16,assassinate,True,23,"[2, 12, 4, 1, 18]",5,0.07602339181286501,-500,48,10,0.40058479532163704,548,1
600,"(1,18)",,True,25,"[8, 14, 1, 18, 6]",5,0.091617933723196,-502,48,11,0.460038986354775,550,1
601,"(1,18)",,True,25,"[8, 14, 1, 18, 6]",5,0.091617933723196,-502,48,11,0.460038986354775,550,1
602,"(0,13)",,False,26,"[18, 0, 7, 4, 13]",4,0.043859649122807,-504,48,11,0.462962962962962,552,1
603,"(0,13)",,False,26,"[18, 0, 7, 4, 13]",4,0.043859649122807,-504,48,11,0.462962962962962,552,1
604,"(11,16)",,False,26,"[11, 9, 12, 16, 0]",4,0.051656920077972006,-506,48,10,0.440545808966861,554,1
605,"(11,16)",,False,26,"[11, 9, 12, 16, 0]",4,0.051656920077972006,-506,48,10,0.440545808966861,554,1
606,"(19,18)",,True,28,"[13, 19, 18, 6, 10]",4,0.053606237816764005,-508,48,10,0.48050682261208505,556,1
607,"(19,18)",,True,28,"[13, 19, 18, 6, 10]",4,0.053606237816764005,-508,48,10,0.48050682261208505,556,1
608,"(11,1)",,False,28,"[17, 11, 16, 1, 19]",4,0.053606237816764005,-510,48,10,0.48050682261208505,558,1
609,"(11,1)",,False,28,"[17, 11, 16, 1, 19]",4,0.053606237816764005,-510,48,10,0.48050682261208505,558,1
610,12:14,assassinate,True,23,"[8, 12, 16, 15, 14]",5,0.15886939571150002,-512,48,9,0.550682261208576,560,1
611,12:14,assassinate,True,23,"[8, 12, 16, 15, 14]",5,0.15886939571150002,-512,48,9,0.550682261208576,560,1
612,"(0,8)",,True,21,"[9, 2, 0, 8, 15]",4,0.062378167641325005,-514,48,9,0.43957115009746506,562,1
613,"(0,8)",,True,21,"[9, 2, 0, 8, 15]",4,0.062378167641325005,-514,48,9,0.43957115009746506,562,1
614,"(4,1)",,True,23,"[16, 4, 1, 2, 7]",4,0.030701754385964,-516,48,10,0.427875243664717,564,1
615,"(4,1)",,True,23,"[16, 4, 1, 2, 7]",4,0.030701754385964,-516,48,10,0.427875243664717,564,1
616,"(13,19)",,True,26,"[13, 9, 5, 0, 19]",4,0.033138401559454,-518,48,10,0.47270955165692,566,1
617,"(13,19)",,True,26,"[13, 9, 5, 0, 19]",4,0.033138401559454,-518,48,10,0.47270955165692,566,1
618,"(0,3)",,True,26,"[9, 18, 12, 0, 3]",4,0.10331384015594501,-520,48,10,0.577972709551656,568,1
619,"(0,3)",,True,26,"[9, 18, 12, 0, 3]",4,0.10331384015594501,-520,48,10,0.577972709551656,568,1
620,"(5,1)",,False,28,"[5, 10, 1, 14, 19]",4,0.11500974658869301,-522,48,11,0.6189083820662761,570,1
621,"(5,1)",,False,28,"[5, 10, 1, 14, 19]",4,0.11500974658869301,-522,48,11,0.6189083820662761,570,1
622,"(12,6)",,False,30,"[12, 13, 10, 6, 18]",4,0.12085769980506801,-524,48,11,0.6832358674463931,572,1
623,"(12,6)",,False,30,"[12, 13, 10, 6, 18]",4,0.12085769980506801,-524,48,11,0.6832358674463931,572,1
624,"(19,18)",,False,28,"[4, 19, 18, 17, 6]",4,0.110136452241715,-526,48,11,0.594541910331383,574,1
625,"(19,18)",,False,28,"[4, 19, 18, 17, 6]",4,0.110136452241715,-526,48,11,0.594541910331383,574,1
626,"(1,8)",,False,30,"[3, 6, 12, 1, 8]",4,0.024366471734892002,-528,48,12,0.566276803118908,576,1
627,"(1,8)",,False,30,"[3, 6, 12, 1, 8]",4,0.024366471734892002,-528,48,12,0.566276803118908,576,1
628,"(1,16)",,False,32,"[4, 7, 1, 8, 16]",4,0.025828460038986003,-530,48,13,0.6471734892787521,578,1
629,"(1,16)",,False,32,"[4, 7, 1, 8, 16]",4,0.025828460038986003,-530,48,13,0.6471734892787521,578,1
630,"(8,11)",,True,32,"[15, 17, 8, 12, 11]",4,0.015594541910331002,-532,48,13,0.584307992202729,580,1
631,"(8,11)",,True,32,"[15, 17, 8, 12, 11]",4,0.015594541910331002,-532,48,13,0.584307992202729,580,1
632,"(1,19)",,True,34,"[1, 19, 15, 16, 2]",4,0.015594541910331002,-534,48,14,0.6703703703703701,582,1
633,"(1,19)",,True,34,"[1, 19, 15, 16, 2]",4,0.015594541910331002,-534,48,14,0.6703703703703701,582,1
634,2:10,assassinate,True,31,"[19, 2, 14, 13, 5]",4,0.015594541910331002,-536,48,14,0.648148148148148,584,1
635,2:10,assassinate,True,31,"[19, 2, 14, 13, 5]",4,0.015594541910331002,-536,48,14,0.648148148148148,584,1
636,"(16,2)",,False,30,"[16, 10, 2, 8, 17]",4,0.19883040935672502,-538,48,12,0.7222222222222221,586,1
637,"(16,2)",,False,30,"[16, 10, 2, 8, 17]",4,0.19883040935672502,-538,48,12,0.7222222222222221,586,1
638,"(1,11)",,False,32,"[1, 19, 11, 9, 4]",4,0.067251461988304,-540,48,13,0.701754385964912,588,1
639,"(1,11)",,False,32,"[1, 19, 11, 9, 4]",4,0.067251461988304,-540,48,13,0.701754385964912,588,1
640,15:12,assassinate,True,27,"[7, 3, 17, 12, 15]",4,0.056042884990253006,-542,48,12,0.688109161793372,590,1
641,15:12,assassinate,True,27,"[7, 3, 17, 12, 15]",4,0.056042884990253006,-542,48,12,0.688109161793372,590,1
642,"(18,15)",,False,29,"[18, 13, 0, 15, 14]",4,0.05847953216374201,-544,48,12,0.7592592592592591,592,1
643,"(18,15)",,False,29,"[18, 13, 0, 15, 14]",4,0.05847953216374201,-544,48,12,0.7592592592592591,592,1
644,"(18,5)",,True,31,"[18, 9, 6, 5, 4]",4,0.05847953216374201,-546,48,12,0.7270955165692,594,1
645,"(18,5)",,True,31,"[18, 9, 6, 5, 4]",4,0.05847953216374201,-546,48,12,0.7270955165692,594,1
646,"(13,1)",,False,34,"[11, 4, 13, 3, 1]",6,0.07251461988304,-548,48,13,0.708674463937621,596,1
647,"(13,1)",,False,34,"[11, 4, 13, 3, 1]",6,0.07251461988304,-548,48,13,0.708674463937621,596,1
648,"(3,9)",,False,34,"[12, 16, 3, 8, 9]",7,0.11130604288499,-550,48,13,0.66793372319688,598,1
649,"(3,9)",,False,34,"[12, 16, 3, 8, 9]",7,0.11130604288499,-550,48,13,0.66793372319688,598,1
650,"(1,8)",,True,36,"[2, 1, 5, 8, 4]",7,0.06686159844054501,-552,48,14,0.66120857699805,600,1
651,"(1,8)",,True,36,"[2, 1, 5, 8, 4]",7,0.06686159844054501,-552,48,14,0.66120857699805,600,1
652,"(0,4)",,False,36,"[16, 15, 13, 0, 4]",6,0.041130604288499004,-554,48,14,0.6477582846003891,602,1
653,"(0,4)",,False,36,"[16, 15, 13, 0, 4]",6,0.041130604288499004,-554,48,14,0.6477582846003891,602,1
654,"(8,0)",,True,34,"[8, 5, 0, 4, 3]",5,0.072319688109161,-556,48,13,0.6434697855750481,604,1
655,"(8,0)",,True,34,"[8, 5, 0, 4, 3]",5,0.072319688109161,-556,48,13,0.6434697855750481,604,1
656,12:6,assassinate,True,32,"[18, 14, 12, 10, 6]",5,0.072319688109161,-558,48,13,0.59766081871345,606,1
657,12:6,assassinate,True,32,"[18, 14, 12, 10, 6]",5,0.072319688109161,-558,48,13,0.59766081871345,606,1
658,"(1,12)",,True,34,"[5, 1, 18, 12, 7]",5,0.075243664717348,-560,48,14,0.661013645224171,608,1
659,"(1,12)",,True,34,"[5, 1, 18, 12, 7]",5,0.075243664717348,-560,48,14,0.661013645224171,608,1
660,"(19,11)",,False,34,"[6, 19, 11, 15, 2]",5,0.09054580896686101,-562,48,13,0.589766081871345,610,1
661,"(19,11)",,False,34,"[6, 19, 11, 15, 2]",5,0.09054580896686101,-562,48,13,0.589766081871345,610,1
662,"(2,12)",,False,36,"[19, 3, 4, 2, 12]",5,0.089327485380116,-564,48,13,0.559495962127541,612,1
663,"(2,12)",,False,36,"[19, 3, 4, 2, 12]",5,0.089327485380116,-564,48,13,0.559495962127541,612,1
664,"(1,11)",,False,38,"[14, 5, 1, 6, 11]",5,0.032748538011695,-566,48,14,0.582553606237816,614,1
665,"(1,11)",,False,38,"[14, 5, 1, 6, 11]",5,0.032748538011695,-566,48,14,0.582553606237816,614,1
666,"(18,12)",,True,40,"[18, 12, 1, 6, 3]",5,0.032163742690058006,-568,48,14,0.53661932609301,616,1
667,"(18,12)",,True,40,"[18, 12, 1, 6, 3]",5,0.032163742690058006,-568,48,14,0.53661932609301,616,1
668,9:14,assassinate,True,34,"[6, 13, 9, 5, 11]",5,0.051183514341409005,-570,48,13,0.557825118351434,618,1
669,9:14,assassinate,True,34,"[6, 13, 9, 5, 11]",5,0.051183514341409005,-570,48,13,0.557825118351434,618,1
670,"(16,9)",,False,37,"[16, 9, 11, 15, 8]",7,0.11705653021442401,-572,48,13,0.5596491228070171,620,1
671,"(16,9)",,False,37,"[16, 9, 11, 15, 8]",7,0.11705653021442401,-572,48,13,0.5596491228070171,620,1
672,"(3,15)",,True,37,"[3, 0, 17, 15, 16]",7,0.132428292954608,-574,48,12,0.518880534670008,622,1
673,"(3,15)",,True,37,"[3, 0, 17, 15, 16]",7,0.132428292954608,-574,48,12,0.518880534670008,622,1
674,18:8,assassinate,True,34,"[8, 16, 18, 15, 13]",6,0.08206627680311801,-576,48,12,0.44688109161793305,624,1
675,18:8,assassinate,True,34,"[8, 16, 18, 15, 13]",6,0.08206627680311801,-576,48,12,0.44688109161793305,624,1
676,"(15,2)",,False,34,"[19, 15, 4, 2, 1]",7,0.142884990253411,-578,48,12,0.46052631578947306,626,1
677,"(15,2)",,False,34,"[19, 15, 4, 2, 1]",7,0.142884990253411,-578,48,12,0.46052631578947306,626,1
678,"(8,7)",,False,34,"[2, 18, 9, 8, 7]",7,0.192787524366471,-580,48,12,0.520857699805068,628,1
679,"(8,7)",,False,34,"[2, 18, 9, 8, 7]",7,0.192787524366471,-580,48,12,0.520857699805068,628,1
680,7:8,assassinate,True,31,"[13, 7, 6, 17, 3]",6,0.12556390977443602,-582,48,12,0.5468114731272621,630,1
681,7:8,assassinate,True,31,"[13, 7, 6, 17, 3]",6,0.12556390977443602,-582,48,12,0.5468114731272621,630,1
682,"(16,18)",,True,33,"[14, 16, 18, 0, 10]",7,0.150027847396268,-584,48,12,0.49554441659704807,632,1
683,"(16,18)",,True,33,"[14, 16, 18, 0, 10]",7,0.150027847396268,-584,48,12,0.49554441659704807,632,1
684,"(9,3)",,False,33,"[9, 14, 8, 12, 3]",7,0.15292397660818702,-586,48,11,0.44697855750487303,634,1
685,"(9,3)",,False,33,"[9, 14, 8, 12, 3]",7,0.15292397660818702,-586,48,11,0.44697855750487303,634,1
686,"(9,1)",,True,33,"[12, 9, 16, 1, 18]",7,0.20175438596491202,-588,48,11,0.416666666666666,636,1
687,"(9,1)",,True,33,"[12, 9, 16, 1, 18]",7,0.20175438596491202,-588,48,11,0.416666666666666,636,1
688,2:12,assassinate,True,29,"[5, 18, 2, 8, 1]",6,0.14132553606237802,-590,48,11,0.44834307992202704,638,1
689,2:12,assassinate,True,29,"[5, 18, 2, 8, 1]",6,0.14132553606237802,-590,48,11,0.44834307992202704,638,1
690,4:6,assassinate,True,27,"[3, 2, 14, 15, 4]",6,0.11598440545808901,-592,48,11,0.41423001949317706,640,1
691,4:6,assassinate,True,27,"[3, 2, 14, 15, 4]",6,0.11598440545808901,-592,48,11,0.41423001949317706,640,1
692,"(13,18)",,False,27,"[13, 18, 11, 2, 8]",6,0.13937621832358602,-594,48,11,0.42007797270955105,642,1
693,"(13,18)",,False,27,"[13, 18, 11, 2, 8]",6,0.13937621832358602,-594,48,11,0.42007797270955105,642,1
694,"(0,3)",,True,27,"[0, 5, 3, 11, 17]",5,0.08187134502923901,-596,48,11,0.5,644,1
695,"(0,3)",,True,27,"[0, 5, 3, 11, 17]",5,0.08187134502923901,-596,48,11,0.5,644,1
696,"(1,7)",,False,29,"[1, 17, 14, 0, 7]",5,0.044834307992202005,-598,48,12,0.519493177387914,646,1
697,"(1,7)",,False,29,"[1, 17, 14, 0, 7]",5,0.044834307992202005,-598,48,12,0.519493177387914,646,1
698,"(12,2)",,True,31,"[8, 12, 11, 2, 9]",6,0.116471734892787,-600,48,12,0.540935672514619,648,1
699,"(12,2)",,True,31,"[8, 12, 11, 2, 9]",6,0.116471734892787,-600,48,12,0.540935672514619,648,1
700,10:4,assassinate,True,31,"[12, 2, 19, 18, 10]",5,0.057992202729044005,-602,48,12,0.436647173489278,650,1
701,10:4,assassinate,True,31,"[12, 2, 19, 18, 10]",5,0.057992202729044005,-602,48,12,0.436647173489278,650,1
702,"(15,3)",,False,31,"[18, 0, 17, 15, 3]",5,0.044346978557504003,-604,48,12,0.40643274853801103,652,1
703,"(15,3)",,False,31,"[18, 0, 17, 15, 3]",5,0.044346978557504003,-604,48,12,0.40643274853801103,652,1
704,"(7,4)",,True,33,"[13, 2, 10, 7, 4]",5,0.044346978557504003,-606,48,12,0.44444444444444403,654,1
705,"(7,4)",,True,33,"[13, 2, 10, 7, 4]",5,0.044346978557504003,-606,48,12,0.44444444444444403,654,1
706,"(13,0)",,False,32,"[13, 12, 7, 0, 18]",4,0.022417153996101002,-608,48,12,0.37037037037037,656,1
707,"(13,0)",,False,32,"[13, 12, 7, 0, 18]",4,0.022417153996101002,-608,48,12,0.37037037037037,656,1
708,"(18,14)",,False,32,"[15, 18, 16, 14, 13]",5,0.036159844054580004,-610,48,12,0.413060428849902,658,1
709,"(18,14)",,False,32,"[15, 18, 16, 14, 13]",5,0.036159844054580004,-610,48,12,0.413060428849902,658,1
710,"(17,8)",,False,32,"[7, 17, 15, 2, 8]",5,0.029824561403508,-612,48,12,0.459356725146198,660,1
711,"(17,8)",,False,32,"[7, 17, 15, 2, 8]",5,0.029824561403508,-612,48,12,0.459356725146198,660,1
712,"(4,13)",,True,34,"[4, 17, 8, 2, 13]",6,0.09756335282651,-614,48,12,0.49931773879142305,662,1
713,"(4,13)",,True,34,"[4, 17, 8, 2, 13]",6,0.09756335282651,-614,48,12,0.49931773879142305,662,1
714,"(4,10)",,True,36,"[3, 4, 18, 10, 15]",6,0.10194931773879101,-616,48,12,0.5207602339181281,664,1
715,"(4,10)",,True,36,"[3, 4, 18, 10, 15]",6,0.10194931773879101,-616,48,12,0.5207602339181281,664,1
716,"(19,8)",,False,38,"[19, 10, 7, 6, 8]",6,0.07367028682818101,-618,48,12,0.49628237259816205,666,1
717,"(19,8)",,False,38,"[19, 10, 7, 6, 8]",6,0.07367028682818101,-618,48,12,0.49628237259816205,666,1
718,2:6,assassinate,True,36,"[10, 12, 13, 4, 2]",7,0.14756335282651,-620,48,12,0.417348927875243,668,1
719,2:6,assassinate,True,36,"[10, 12, 13, 4, 2]",7,0.14756335282651,-620,48,12,0.417348927875243,668,1
720,"(15,6)",,True,36,"[15, 16, 10, 6, 7]",7,0.21335282651072102,-622,48,11,0.373196881091617,670,1
721,"(15,6)",,True,36,"[15, 16, 10, 6, 7]",7,0.21335282651072102,-622,48,11,0.373196881091617,670,1
722,"(1,2)",,False,38,"[1, 15, 2, 14, 19]",7,0.191910331384015,-624,48,12,0.39756335282651,672,1
723,"(1,2)",,False,38,"[1, 15, 2, 14, 19]",7,0.191910331384015,-624,48,12,0.39756335282651,672,1
724,"(0,11)",,False,38,"[3, 0, 14, 17, 11]",6,0.16627680311890802,-626,48,12,0.41764132553606204,674,1
725,"(0,11)",,False,38,"[3, 0, 14, 17, 11]",6,0.16627680311890802,-626,48,12,0.41764132553606204,674,1
726,"(16,10)",,False,41,"[16, 10, 6, 2, 4]",8,0.208994708994709,-628,48,12,0.353453077137287,676,1
727,"(16,10)",,False,41,"[16, 10, 6, 2, 4]",8,0.208994708994709,-628,48,12,0.353453077137287,676,1
728,"(0,13)",,False,41,"[0, 7, 13, 11, 5]",7,0.16730715678084102,-630,48,12,0.40416318574213306,678,1
729,"(0,13)",,False,41,"[0, 7, 13, 11, 5]",7,0.16730715678084102,-630,48,12,0.40416318574213306,678,1
730,"(13,7)",,True,41,"[15, 4, 13, 14, 7]",7,0.16623503202450501,-632,48,12,0.403773322194374,680,1
731,"(13,7)",,True,41,"[15, 4, 13, 14, 7]",7,0.16623503202450501,-632,48,12,0.403773322194374,680,1
732,"(9,16)",,False,41,"[12, 9, 13, 16, 15]",8,0.191785018100807,-634,48,12,0.41526037315510905,682,1
733,"(9,16)",,False,41,"[12, 9, 13, 16, 15]",8,0.191785018100807,-634,48,12,0.41526037315510905,682,1
734,10:6,assassinate,True,39,"[19, 10, 4, 8, 11]",8,0.18412698412698403,-636,48,12,0.37595377332219404,684,1
735,10:6,assassinate,True,39,"[19, 10, 4, 8, 11]",8,0.18412698412698403,-636,48,12,0.37595377332219404,684,1
736,15:10,assassinate,True,35,"[12, 15, 11, 7, 6]",7,0.145808966861598,-638,48,12,0.346881091617933,686,1
737,15:10,assassinate,True,35,"[12, 15, 11, 7, 6]",7,0.145808966861598,-638,48,12,0.346881091617933,686,1
738,"(16,15)",,False,35,"[16, 3, 12, 14, 15]",7,0.15019493177387902,-640,48,11,0.32602339181286505,688,1
739,"(16,15)",,False,35,"[16, 3, 12, 14, 15]",7,0.15019493177387902,-640,48,11,0.32602339181286505,688,1
740,"(9,5)",,False,37,"[10, 9, 2, 15, 5]",8,0.15165692007797202,-642,48,11,0.273391812865497,690,1
741,"(9,5)",,False,37,"[10, 9, 2, 15, 5]",8,0.15165692007797202,-642,48,11,0.273391812865497,690,1
742,5:4,assassinate,True,37,"[10, 3, 5, 18, 4]",7,0.07808409913673,-644,48,11,0.218685602896129,692,1
743,5:4,assassinate,True,37,"[10, 3, 5, 18, 4]",7,0.07808409913673,-644,48,11,0.218685602896129,692,1
744,"(17,5)",,True,39,"[4, 17, 5, 12, 9]",7,0.075647451963241,-646,48,11,0.23428014480646,694,1
745,"(17,5)",,True,39,"[4, 17, 5, 12, 9]",7,0.075647451963241,-646,48,11,0.23428014480646,694,1
746,11:14,assassinate,True,31,"[9, 14, 16, 11, 2]",7,0.1270955165692,-648,48,9,0.2817738791423,696,1
747,11:14,assassinate,True,31,"[9, 14, 16, 11, 2]",7,0.1270955165692,-648,48,9,0.2817738791423,696,1
748,"(11,14)",,False,33,"[18, 11, 3, 14, 15]",7,0.135087719298245,-650,48,9,0.29756335282651003,698,1
749,"(11,14)",,False,33,"[18, 11, 3, 14, 15]",7,0.135087719298245,-650,48,9,0.29756335282651003,698,1
750,8:10,assassinate,True,29,"[16, 8, 17, 19, 18]",6,0.08323586744639301,-652,48,9,0.31442495126705605,700,1
751,8:10,assassinate,True,29,"[16, 8, 17, 19, 18]",6,0.08323586744639301,-652,48,9,0.31442495126705605,700,1
752,"(3,8)",,False,29,"[15, 5, 3, 8, 9]",6,0.125730994152046,-654,48,8,0.32748538011695905,702,1
753,"(3,8)",,False,29,"[15, 5, 3, 8, 9]",6,0.125730994152046,-654,48,8,0.32748538011695905,702,1
754,"(2,12)",,False,31,"[7, 9, 11, 2, 12]",6,0.07709551656920001,-656,48,8,0.21851851851851803,704,1
755,"(2,12)",,False,31,"[7, 9, 11, 2, 12]",6,0.07709551656920001,-656,48,8,0.21851851851851803,704,1
756,"(1,18)",,True,31,"[8, 1, 2, 4, 18]",6,0.073879142300194,-658,48,8,0.26861598440545803,706,1
757,"(1,18)",,True,31,"[8, 1, 2, 4, 18]",6,0.073879142300194,-658,48,8,0.26861598440545803,706,1
758,"(10,14)",,False,33,"[15, 12, 10, 7, 14]",6,0.06315789473684201,-660,48,8,0.261793372319688,708,1
759,"(10,14)",,False,33,"[15, 12, 10, 7, 14]",6,0.06315789473684201,-660,48,8,0.261793372319688,708,1
760,"(17,1)",,False,35,"[17, 1, 12, 14, 4]",6,0.054873294346978005,-662,48,9,0.248148148148148,710,1
761,"(17,1)",,False,35,"[17, 1, 12, 14, 4]",6,0.054873294346978005,-662,48,9,0.248148148148148,710,1
762,"(12,1)",,False,37,"[12, 1, 19, 6, 14]",7,0.09551656920077901,-664,48,10,0.23898635477582802,712,1
763,"(12,1)",,False,37,"[12, 1, 19, 6, 14]",7,0.09551656920077901,-664,48,10,0.23898635477582802,712,1
764,"(18,14)",,False,37,"[18, 11, 2, 14, 15]",7,0.10233918128654901,-666,48,10,0.259454191033138,714,1
765,"(18,14)",,False,37,"[18, 11, 2, 14, 15]",7,0.10233918128654901,-666,48,10,0.259454191033138,714,1
766,"(3,9)",,False,37,"[10, 3, 5, 9, 8]",7,0.09571150097465801,-668,48,10,0.27251461988304004,716,1
767,"(3,9)",,False,37,"[10, 3, 5, 9, 8]",7,0.09571150097465801,-668,48,10,0.27251461988304004,716,1
768,"(17,14)",,False,35,"[18, 12, 8, 17, 14]",7,0.17192982456140302,-670,48,9,0.27797270955165604,718,1
769,"(17,14)",,False,35,"[18, 12, 8, 17, 14]",7,0.17192982456140302,-670,48,9,0.27797270955165604,718,1
770,"(3,1)",,True,35,"[12, 3, 4, 8, 1]",7,0.196978557504873,-672,48,9,0.308479532163742,720,1
771,"(3,1)",,True,35,"[12, 3, 4, 8, 1]",7,0.196978557504873,-672,48,9,0.308479532163742,720,1
772,"(14,3)",,True,33,"[15, 19, 10, 14, 3]",7,0.263937621832358,-674,48,8,0.346783625730994,722,1
773,"(14,3)",,True,33,"[15, 19, 10, 14, 3]",7,0.263937621832358,-674,48,8,0.346783625730994,722,1
774,"(9,0)",,True,33,"[9, 0, 4, 14, 8]",7,0.21237816764132503,-676,48,8,0.311111111111111,724,1
775,"(9,0)",,True,33,"[9, 0, 4, 14, 8]",7,0.21237816764132503,-676,48,8,0.311111111111111,724,1
776,"(9,14)",,False,35,"[9, 17, 14, 2, 19]",7,0.211403508771929,-678,48,8,0.337914230019493,726,1
777,"(9,14)",,False,35,"[9, 17, 14, 2, 19]",7,0.211403508771929,-678,48,8,0.337914230019493,726,1
778,11:4,assassinate,True,34,"[17, 4, 11, 18, 19]",7,0.19483430799220203,-680,48,8,0.309649122807017,728,1
779,11:4,assassinate,True,34,"[17, 4, 11, 18, 19]",7,0.19483430799220203,-680,48,8,0.309649122807017,728,1
780,"(2,0)",,False,32,"[2, 7, 0, 10, 8]",6,0.14639376218323502,-682,48,8,0.22797270955165602,730,1
781,"(2,0)",,False,32,"[2, 7, 0, 10, 8]",6,0.14639376218323502,-682,48,8,0.22797270955165602,730,1
782,"(13,5)",,False,32,"[17, 6, 2, 13, 5]",6,0.135477582846003,-684,48,8,0.253118908382066,732,1
783,"(13,5)",,False,32,"[17, 6, 2, 13, 5]",6,0.135477582846003,-684,48,8,0.253118908382066,732,1
784,6:4,assassinate,True,31,"[6, 7, 18, 15, 2]",6,0.09551656920077901,-686,48,8,0.18391812865497,734,1
785,6:4,assassinate,True,31,"[6, 7, 18, 15, 2]",6,0.09551656920077901,-686,48,8,0.18391812865497,734,1
786,"(11,18)",,False,33,"[11, 19, 13, 18, 16]",7,0.194931773879142,-688,48,8,0.23918128654970702,736,1
787,"(11,18)",,False,33,"[11, 19, 13, 18, 16]",7,0.194931773879142,-688,48,8,0.23918128654970702,736,1
788,"(13,0)",,False,33,"[8, 14, 13, 19, 0]",7,0.20302144249512602,-688,49,8,0.279629629629629,737,1
789,"(13,0)",,False,33,"[8, 14, 13, 19, 0]",7,0.20302144249512602,-688,49,8,0.279629629629629,737,1
790,18:10,assassinate,True,29,"[13, 4, 19, 2, 18]",7,0.179629629629629,-686,51,7,0.162962962962962,737,1
791,18:10,assassinate,True,29,"[13, 4, 19, 2, 18]",7,0.179629629629629,-686,51,7,0.162962962962962,737,1
792,"(1,10)",,True,31,"[0, 19, 1, 2, 10]",7,0.17475633528265103,-684,53,8,0.14785575048732902,737,1
793,"(1,10)",,True,31,"[0, 19, 1, 2, 10]",7,0.17475633528265103,-684,53,8,0.14785575048732902,737,1
794,9:4,assassinate,True,30,"[11, 7, 4, 9, 5]",7,0.168713450292397,-682,55,8,0.134697855750487,737,1
795,9:4,assassinate,True,30,"[11, 7, 4, 9, 5]",7,0.168713450292397,-682,55,8,0.134697855750487,737,1
796,7:6,assassinate,True,28,"[4, 5, 7, 15, 8]",6,0.12183235867446301,-682,56,8,0.12426900584795302,738,1
797,7:6,assassinate,True,28,"[4, 5, 7, 15, 8]",6,0.12183235867446301,-682,56,8,0.12426900584795302,738,1
798,"(0,16)",,True,28,"[0, 16, 9, 18, 13]",6,0.11793372319688102,-682,57,8,0.130604288499025,739,1
799,"(0,16)",,True,28,"[0, 16, 9, 18, 13]",6,0.11793372319688102,-682,57,8,0.130604288499025,739,1
