,actionDetail,actionType,bonusActivated,graphEdgeCount,nodeList,p1Degree,p1Score,p1WinAdvantage,p1WinCount,p2Degree,p2Score,p2WinCount,player
0,"(4,18)",,True,2,"[4, 18, 17, 6, 12]",0,-0.001,0,0,0,-0.001,0,1
1,"(4,18)",,True,2,"[4, 18, 17, 6, 12]",0,-0.001,0,0,0,-0.001,0,1
2,"(1,3)",,False,4,"[1, 3, 5, 8, 14]",0,-0.001,-1,0,1,0.0,1,1
3,"(1,3)",,False,4,"[1, 3, 5, 8, 14]",0,-0.001,-1,0,1,0.0,1,1
4,"(8,2)",,False,6,"[8, 2, 3, 19, 16]",1,0.0,-1,0,1,0.0,1,1
5,"(8,2)",,False,6,"[8, 2, 3, 19, 16]",1,0.0,-1,0,1,0.0,1,1
6,"(10,0)",,False,6,"[16, 10, 0, 15, 2]",0,-0.001,-2,0,1,0.0,2,1
7,"(10,0)",,False,6,"[16, 10, 0, 15, 2]",0,-0.001,-2,0,1,0.0,2,1
8,"(18,9)",,False,8,"[18, 9, 0, 8, 3]",0,-0.001,-4,0,1,0.0,4,1
9,"(18,9)",,False,8,"[18, 9, 0, 8, 3]",0,-0.001,-4,0,1,0.0,4,1
10,"(18,1)",,False,10,"[18, 14, 7, 9, 1]",0,-0.001,-6,0,2,0.029239766081871003,6,1
11,"(18,1)",,False,10,"[18, 14, 7, 9, 1]",0,-0.001,-6,0,2,0.029239766081871003,6,1
12,"(5,1)",,False,12,"[5, 4, 18, 1, 16]",0,-0.001,-8,0,3,0.134502923976608,8,1
13,"(5,1)",,False,12,"[5, 4, 18, 1, 16]",0,-0.001,-8,0,3,0.134502923976608,8,1
14,"(8,3)",,False,12,"[8, 3, 15, 9, 2]",0,-0.001,-10,0,2,0.087719298245614,10,1
15,"(8,3)",,False,12,"[8, 3, 15, 9, 2]",0,-0.001,-10,0,2,0.087719298245614,10,1
16,"(13,8)",,False,14,"[18, 15, 13, 11, 8]",1,0.0,-12,0,2,0.14619883040935602,12,1
17,"(13,8)",,False,14,"[18, 15, 13, 11, 8]",1,0.0,-12,0,2,0.14619883040935602,12,1
18,"(14,1)",,False,16,"[14, 13, 18, 1, 19]",1,0.0,-14,0,3,0.27485380116959,14,1
19,"(14,1)",,False,16,"[14, 13, 18, 1, 19]",1,0.0,-14,0,3,0.27485380116959,14,1
20,2:4,assassinate,True,15,"[11, 19, 17, 2, 7]",2,0.040935672514619006,-16,0,3,0.26315789473684204,16,1
21,2:4,assassinate,True,15,"[11, 19, 17, 2, 7]",2,0.040935672514619006,-16,0,3,0.26315789473684204,16,1
22,"(18,17)",,False,17,"[18, 6, 17, 4, 5]",3,0.08966861598440501,-18,0,3,0.12475633528265101,18,1
23,"(18,17)",,False,17,"[18, 6, 17, 4, 5]",3,0.08966861598440501,-18,0,3,0.12475633528265101,18,1
24,"(1,10)",,False,19,"[1, 10, 2, 5, 13]",4,0.118908382066276,-18,1,4,0.17153996101364502,19,1
25,"(1,10)",,False,19,"[1, 10, 2, 5, 13]",4,0.118908382066276,-18,1,4,0.17153996101364502,19,1
26,"(3,12)",,False,21,"[3, 17, 2, 0, 12]",4,0.12085769980506801,-18,2,4,0.200779727095516,20,1
27,"(3,12)",,False,21,"[3, 17, 2, 0, 12]",4,0.12085769980506801,-18,2,4,0.200779727095516,20,1
28,"(2,10)",,False,23,"[6, 2, 16, 10, 15]",4,0.122807017543859,-20,2,4,0.18421052631578902,22,1
29,"(2,10)",,False,23,"[6, 2, 16, 10, 15]",4,0.122807017543859,-20,2,4,0.18421052631578902,22,1
30,"(0,10)",,False,23,"[1, 15, 7, 0, 10]",3,0.052631578947368,-22,2,4,0.22222222222222202,24,1
31,"(0,10)",,False,23,"[1, 15, 7, 0, 10]",3,0.052631578947368,-22,2,4,0.22222222222222202,24,1
32,"(1,7)",,True,25,"[0, 9, 4, 1, 7]",4,0.12670565302144202,-24,2,5,0.230019493177387,26,1
33,"(1,7)",,True,25,"[0, 9, 4, 1, 7]",4,0.12670565302144202,-24,2,5,0.230019493177387,26,1
34,"(0,2)",,False,23,"[7, 18, 0, 2, 14]",3,0.052631578947368,-26,2,4,0.22222222222222202,28,1
35,"(0,2)",,False,23,"[7, 18, 0, 2, 14]",3,0.052631578947368,-26,2,4,0.22222222222222202,28,1
36,"(1,16)",,True,25,"[1, 16, 14, 2, 19]",3,0.07261208576998,-28,2,5,0.23343079922027202,30,1
37,"(1,16)",,True,25,"[1, 16, 14, 2, 19]",3,0.07261208576998,-28,2,5,0.23343079922027202,30,1
38,"(15,14)",,False,27,"[16, 2, 11, 15, 14]",3,0.07261208576998,-30,2,5,0.239278752436647,32,1
39,"(15,14)",,False,27,"[16, 2, 11, 15, 14]",3,0.07261208576998,-30,2,5,0.239278752436647,32,1
40,"(15,7)",,False,27,"[18, 6, 15, 7, 17]",3,0.09941520467836201,-32,2,4,0.23099415204678303,34,1
41,"(15,7)",,False,27,"[18, 6, 15, 7, 17]",3,0.09941520467836201,-32,2,4,0.23099415204678303,34,1
42,"(4,3)",,False,29,"[6, 0, 14, 4, 3]",3,0.121345029239766,-32,3,4,0.135477582846003,35,1
43,"(4,3)",,False,29,"[6, 0, 14, 4, 3]",3,0.121345029239766,-32,3,4,0.135477582846003,35,1
44,"(2,1)",,False,31,"[6, 2, 12, 4, 1]",3,0.07212475633528201,-34,3,5,0.19395711500974602,37,1
45,"(2,1)",,False,31,"[6, 2, 12, 4, 1]",3,0.07212475633528201,-34,3,5,0.19395711500974602,37,1
46,"(15,13)",,False,31,"[11, 15, 13, 16, 17]",3,0.071345029239766,-36,3,5,0.20916179337231902,39,1
47,"(15,13)",,False,31,"[11, 15, 13, 16, 17]",3,0.071345029239766,-36,3,5,0.20916179337231902,39,1
48,"(8,2)",,False,29,"[8, 3, 2, 7, 10]",3,0.08479532163742601,-38,3,5,0.31091617933723104,41,1
49,"(8,2)",,False,29,"[8, 3, 2, 7, 10]",3,0.08479532163742601,-38,3,5,0.31091617933723104,41,1
50,"(19,7)",,False,31,"[19, 6, 9, 14, 7]",3,0.061403508771929,-40,3,5,0.264814814814814,43,1
51,"(19,7)",,False,31,"[19, 6, 9, 14, 7]",3,0.061403508771929,-40,3,5,0.264814814814814,43,1
52,"(14,15)",,False,29,"[10, 5, 14, 16, 15]",3,0.061403508771929,-42,3,5,0.26169590643274804,45,1
53,"(14,15)",,False,29,"[10, 5, 14, 16, 15]",3,0.061403508771929,-42,3,5,0.26169590643274804,45,1
54,"(4,13)",,False,31,"[4, 6, 13, 8, 9]",4,0.06588693957115001,-44,3,5,0.25194931773879103,47,1
55,"(4,13)",,False,31,"[4, 6, 13, 8, 9]",4,0.06588693957115001,-44,3,5,0.25194931773879103,47,1
56,"(6,1)",,False,31,"[19, 13, 9, 6, 1]",4,0.087719298245614,-46,3,5,0.297270955165691,49,1
57,"(6,1)",,False,31,"[19, 13, 9, 6, 1]",4,0.087719298245614,-46,3,5,0.297270955165691,49,1
58,"(3,7)",,False,33,"[4, 3, 7, 0, 18]",4,0.10233918128654901,-48,3,5,0.20721247563352801,51,1
59,"(3,7)",,False,33,"[4, 3, 7, 0, 18]",4,0.10233918128654901,-48,3,5,0.20721247563352801,51,1
60,"(13,18)",,False,35,"[4, 13, 18, 15, 3]",4,0.05838206627680301,-50,3,5,0.126413255360623,53,1
61,"(13,18)",,False,35,"[4, 13, 18, 15, 3]",4,0.05838206627680301,-50,3,5,0.126413255360623,53,1
62,"(5,11)",,False,35,"[5, 11, 7, 3, 4]",4,0.048830409356725,-48,5,4,0.021150097465886003,53,1
63,"(5,11)",,False,35,"[5, 11, 7, 3, 4]",4,0.048830409356725,-48,5,4,0.021150097465886003,53,1
64,"(9,14)",,False,37,"[9, 15, 10, 0, 14]",4,0.063937621832358,-46,7,4,0.027875243664717,53,1
65,"(9,14)",,False,37,"[9, 15, 10, 0, 14]",4,0.063937621832358,-46,7,4,0.027875243664717,53,1
66,"(6,7)",,False,39,"[14, 12, 11, 6, 7]",4,0.049122807017543006,-44,9,4,0.014278752436647,53,1
67,"(6,7)",,False,39,"[14, 12, 11, 6, 7]",4,0.049122807017543006,-44,9,4,0.014278752436647,53,1
68,"(17,1)",,False,41,"[5, 16, 14, 17, 1]",5,0.07056530214424901,-42,11,5,0.070530492898913,53,1
69,"(17,1)",,False,41,"[5, 16, 14, 17, 1]",5,0.07056530214424901,-42,11,5,0.070530492898913,53,1
70,"(1,14)",,True,41,"[17, 1, 14, 16, 4]",5,0.077680311890838,-42,12,6,0.147918407128933,54,1
71,"(1,14)",,True,41,"[17, 1, 14, 16, 4]",5,0.077680311890838,-42,12,6,0.147918407128933,54,1
72,"(3,10)",,False,43,"[15, 4, 17, 3, 10]",5,0.06842105263157801,-44,12,6,0.104664438874965,56,1
73,"(3,10)",,False,43,"[15, 4, 17, 3, 10]",5,0.06842105263157801,-44,12,6,0.104664438874965,56,1
74,"(16,11)",,False,45,"[12, 7, 16, 10, 11]",5,0.056975772765246006,-46,12,6,0.097465886939571,58,1
75,"(16,11)",,False,45,"[12, 7, 16, 10, 11]",5,0.056975772765246006,-46,12,6,0.097465886939571,58,1
76,"(8,11)",,False,45,"[5, 16, 8, 4, 11]",5,0.075201893622946,-48,12,6,0.09238373712057901,60,1
77,"(8,11)",,False,45,"[5, 16, 8, 4, 11]",5,0.075201893622946,-48,12,6,0.09238373712057901,60,1
78,"(4,13)",,False,43,"[4, 13, 14, 15, 0]",5,0.07879230905546601,-48,13,5,0.078920786815523,61,1
79,"(4,13)",,False,43,"[4, 13, 14, 15, 0]",5,0.07879230905546601,-48,13,5,0.078920786815523,61,1
80,"(5,0)",,False,41,"[19, 5, 15, 0, 17]",4,0.054970760233918003,-48,14,5,0.07456140350877101,62,1
81,"(5,0)",,False,41,"[19, 5, 15, 0, 17]",4,0.054970760233918003,-48,14,5,0.07456140350877101,62,1
82,"(12,14)",,False,43,"[18, 8, 12, 14, 19]",4,0.053021442495126005,-50,14,5,0.07602339181286501,64,1
83,"(12,14)",,False,43,"[18, 8, 12, 14, 19]",4,0.053021442495126005,-50,14,5,0.07602339181286501,64,1
84,"(0,11)",,False,41,"[0, 13, 11, 18, 15]",3,0.044346978557504003,-48,16,4,0.006237816764132,64,1
85,"(0,11)",,False,41,"[0, 13, 11, 18, 15]",3,0.044346978557504003,-48,16,4,0.006237816764132,64,1
86,"(10,8)",,False,41,"[10, 19, 8, 14, 4]",3,0.044346978557504003,-46,18,4,0.006822612085769001,64,1
87,"(10,8)",,False,41,"[10, 19, 8, 14, 4]",3,0.044346978557504003,-46,18,4,0.006822612085769001,64,1
88,"(17,15)",,False,43,"[5, 17, 16, 4, 15]",3,0.038499025341130005,-44,20,4,0.005360623781676,64,1
89,"(17,15)",,False,43,"[5, 17, 16, 4, 15]",3,0.038499025341130005,-44,20,4,0.005360623781676,64,1
90,"(12,1)",,False,45,"[10, 13, 11, 12, 1]",4,0.06598440545808901,-42,22,5,0.046783625730994004,64,1
91,"(12,1)",,False,45,"[10, 13, 11, 12, 1]",4,0.06598440545808901,-42,22,5,0.046783625730994004,64,1
92,"(1,8)",,False,47,"[12, 1, 8, 18, 2]",5,0.07662211083263701,-40,24,6,0.060347628330084,64,1
93,"(1,8)",,False,47,"[12, 1, 8, 18, 2]",5,0.07662211083263701,-40,24,6,0.060347628330084,64,1
94,"(11,0)",,False,45,"[2, 11, 8, 12, 0]",4,0.12057922584238301,-38,26,6,0.061663417803768,64,1
95,"(11,0)",,False,45,"[2, 11, 8, 12, 0]",4,0.12057922584238301,-38,26,6,0.061663417803768,64,1
96,"(2,3)",,False,45,"[12, 2, 13, 3, 17]",5,0.14249048547294102,-36,28,6,0.079239766081871,64,1
97,"(2,3)",,False,45,"[12, 2, 13, 3, 17]",5,0.14249048547294102,-36,28,6,0.079239766081871,64,1
98,"(6,1)",,False,45,"[6, 9, 1, 0, 4]",5,0.076499118165784,-36,29,7,0.13488814629165502,65,1
99,"(6,1)",,False,45,"[6, 9, 1, 0, 4]",5,0.076499118165784,-36,29,7,0.13488814629165502,65,1
100,"(0,6)",,False,45,"[2, 0, 8, 19, 6]",5,0.059428664253225,-38,29,7,0.171966954423094,67,1
101,"(0,6)",,False,45,"[2, 0, 8, 19, 6]",5,0.059428664253225,-38,29,7,0.171966954423094,67,1
102,"(16,19)",,False,45,"[16, 9, 12, 19, 5]",5,0.046978557504873,-40,29,6,0.156220095693779,69,1
103,"(16,19)",,False,45,"[16, 9, 12, 19, 5]",5,0.046978557504873,-40,29,6,0.156220095693779,69,1
104,"(1,9)",,False,45,"[5, 10, 3, 1, 9]",5,0.043546365914786,-42,29,7,0.174248120300751,71,1
105,"(1,9)",,False,45,"[5, 10, 3, 1, 9]",5,0.043546365914786,-42,29,7,0.174248120300751,71,1
106,"(19,5)",,False,43,"[7, 13, 19, 5, 8]",5,0.041353383458646004,-44,29,6,0.16267056530214402,73,1
107,"(19,5)",,False,43,"[7, 13, 19, 5, 8]",5,0.041353383458646004,-44,29,6,0.16267056530214402,73,1
108,"(15,9)",,False,45,"[15, 10, 14, 9, 13]",5,0.036535783904204006,-46,29,6,0.15722639933166202,75,1
109,"(15,9)",,False,45,"[15, 10, 14, 9, 13]",5,0.036535783904204006,-46,29,6,0.15722639933166202,75,1
110,"(7,13)",,False,45,"[0, 6, 12, 7, 13]",5,0.044472291840712004,-48,29,6,0.15449735449735402,77,1
111,"(7,13)",,False,45,"[0, 6, 12, 7, 13]",5,0.044472291840712004,-48,29,6,0.15449735449735402,77,1
112,"(12,14)",,False,45,"[19, 12, 17, 6, 14]",6,0.067167919799498,-50,29,6,0.18628515733778803,79,1
113,"(12,14)",,False,45,"[19, 12, 17, 6, 14]",6,0.067167919799498,-50,29,6,0.18628515733778803,79,1
114,"(1,13)",,False,47,"[8, 18, 1, 13, 3]",6,0.056237816764132004,-52,29,7,0.20155945419103302,81,1
115,"(1,13)",,False,47,"[8, 18, 1, 13, 3]",6,0.056237816764132004,-52,29,7,0.20155945419103302,81,1
116,"(1,17)",,True,49,"[8, 1, 14, 6, 17]",6,0.050111389585073,-54,29,8,0.192411584516847,83,1
117,"(1,17)",,True,49,"[8, 1, 14, 6, 17]",6,0.050111389585073,-54,29,8,0.192411584516847,83,1
118,"(8,19)",,False,51,"[12, 13, 8, 2, 19]",6,0.041047062099693006,-56,29,8,0.13675856307435202,85,1
119,"(8,19)",,False,51,"[12, 13, 8, 2, 19]",6,0.041047062099693006,-56,29,8,0.13675856307435202,85,1
120,"(16,0)",,False,51,"[5, 16, 14, 0, 12]",6,0.06506544138123001,-58,29,8,0.13209412419938701,87,1
121,"(16,0)",,False,51,"[5, 16, 14, 0, 12]",6,0.06506544138123001,-58,29,8,0.13209412419938701,87,1
122,"(6,16)",,False,51,"[6, 18, 0, 16, 1]",6,0.06506544138123001,-60,29,8,0.13209412419938701,89,1
123,"(6,16)",,False,51,"[6, 18, 0, 16, 1]",6,0.06506544138123001,-60,29,8,0.13209412419938701,89,1
124,"(16,9)",,False,49,"[15, 16, 9, 6, 8]",6,0.080590364800891,-62,29,8,0.1395850737956,91,1
125,"(16,9)",,False,49,"[15, 16, 9, 6, 8]",6,0.080590364800891,-62,29,8,0.1395850737956,91,1
126,"(0,2)",,False,49,"[12, 0, 8, 2, 5]",5,0.053652650143878,-64,29,8,0.14276431820291402,93,1
127,"(0,2)",,False,49,"[12, 0, 8, 2, 5]",5,0.053652650143878,-64,29,8,0.14276431820291402,93,1
128,"(15,8)",,False,49,"[6, 15, 8, 12, 9]",5,0.047284878863826006,-66,29,7,0.102534113060428,95,1
129,"(15,8)",,False,49,"[6, 15, 8, 12, 9]",5,0.047284878863826006,-66,29,7,0.102534113060428,95,1
130,"(10,9)",,False,51,"[18, 10, 0, 3, 9]",5,0.050208855472013,-68,29,7,0.09230019493177301,97,1
131,"(10,9)",,False,51,"[18, 10, 0, 3, 9]",5,0.050208855472013,-68,29,7,0.09230019493177301,97,1
132,"(12,4)",,False,49,"[12, 7, 4, 3, 10]",5,0.06604688359074301,-70,29,7,0.12166991552956401,99,1
133,"(12,4)",,False,49,"[12, 7, 4, 3, 10]",5,0.06604688359074301,-70,29,7,0.12166991552956401,99,1
134,"(2,10)",,False,49,"[0, 13, 2, 10, 12]",5,0.065405517159903,-72,29,7,0.11072588879606401,101,1
135,"(2,10)",,False,49,"[0, 13, 2, 10, 12]",5,0.065405517159903,-72,29,7,0.11072588879606401,101,1
136,"(7,14)",,False,51,"[11, 7, 14, 6, 2]",5,0.03567757778284,-74,29,7,0.10728715728715701,103,1
137,"(7,14)",,False,51,"[11, 7, 14, 6, 2]",5,0.03567757778284,-74,29,7,0.10728715728715701,103,1
138,"(4,5)",,False,51,"[4, 9, 5, 8, 3]",5,0.03567757778284,-76,29,7,0.11195159616212201,105,1
139,"(4,5)",,False,51,"[4, 9, 5, 8, 3]",5,0.03567757778284,-76,29,7,0.11195159616212201,105,1
140,4:14,assassinate,True,45,"[6, 7, 4, 19, 8]",4,0.019205842890053,-78,29,7,0.12201842991316601,107,1
141,4:14,assassinate,True,45,"[6, 7, 4, 19, 8]",4,0.019205842890053,-78,29,7,0.12201842991316601,107,1
142,"(1,2)",,False,47,"[19, 1, 2, 18, 15]",4,0.018838763575605003,-80,29,8,0.15142021720969,109,1
143,"(1,2)",,False,47,"[19, 1, 2, 18, 15]",4,0.018838763575605003,-80,29,8,0.15142021720969,109,1
144,"(6,14)",,True,47,"[13, 6, 14, 12, 2]",4,0.037747145641882,-82,29,8,0.21136173767752703,111,1
145,"(6,14)",,True,47,"[13, 6, 14, 12, 2]",4,0.037747145641882,-82,29,8,0.21136173767752703,111,1
146,"(8,4)",,False,47,"[10, 8, 4, 16, 9]",4,0.038295233032075,-84,29,8,0.22743474848738002,113,1
147,"(8,4)",,False,47,"[10, 8, 4, 16, 9]",4,0.038295233032075,-84,29,8,0.22743474848738002,113,1
148,"(7,1)",,False,49,"[7, 18, 1, 10, 17]",4,0.022333611807296,-86,29,9,0.225271512113617,115,1
149,"(7,1)",,False,49,"[7, 18, 1, 10, 17]",4,0.022333611807296,-86,29,9,0.225271512113617,115,1
150,"(1,13)",,False,49,"[1, 6, 13, 16, 11]",4,0.022333611807296,-88,29,9,0.225271512113617,117,1
151,"(1,13)",,False,49,"[1, 6, 13, 16, 11]",4,0.022333611807296,-88,29,9,0.225271512113617,117,1
152,"(11,5)",,False,49,"[11, 10, 5, 15, 0]",4,0.022812080706817003,-90,29,9,0.220252651831599,119,1
153,"(11,5)",,False,49,"[11, 10, 5, 15, 0]",4,0.022812080706817003,-90,29,9,0.220252651831599,119,1
154,"(5,12)",,False,49,"[5, 8, 12, 3, 11]",4,0.026223386749702003,-92,29,9,0.204977283924652,121,1
155,"(5,12)",,False,49,"[5, 8, 12, 3, 11]",4,0.026223386749702003,-92,29,9,0.204977283924652,121,1
156,"(1,18)",,False,51,"[19, 1, 12, 18, 9]",5,0.058792815371762,-94,29,10,0.21050543024227203,123,1
157,"(1,18)",,False,51,"[19, 1, 12, 18, 9]",5,0.058792815371762,-94,29,10,0.21050543024227203,123,1
158,"(0,17)",,True,51,"[14, 0, 17, 18, 12]",4,0.043845725424672,-96,29,10,0.196162122477911,125,1
159,"(0,17)",,True,51,"[14, 0, 17, 18, 12]",4,0.043845725424672,-96,29,10,0.196162122477911,125,1
160,11:10,assassinate,True,47,"[11, 14, 9, 16, 6]",4,0.038714842662211,-98,29,10,0.177148890745382,127,1
161,11:10,assassinate,True,47,"[11, 14, 9, 16, 6]",4,0.038714842662211,-98,29,10,0.177148890745382,127,1
162,"(11,7)",,False,47,"[19, 4, 11, 3, 7]",4,0.06455722639933101,-100,29,9,0.20289380859556203,129,1
163,"(11,7)",,False,47,"[19, 4, 11, 3, 7]",4,0.06455722639933101,-100,29,9,0.20289380859556203,129,1
164,"(5,18)",,False,49,"[5, 8, 3, 18, 10]",4,0.054768866610971,-102,29,9,0.19392230576441102,131,1
165,"(5,18)",,False,49,"[5, 8, 3, 18, 10]",4,0.054768866610971,-102,29,9,0.19392230576441102,131,1
166,"(0,7)",,False,49,"[12, 13, 0, 7, 10]",4,0.028752436647173002,-104,29,9,0.21623503202450503,133,1
167,"(0,7)",,False,49,"[12, 13, 0, 7, 10]",4,0.028752436647173002,-104,29,9,0.21623503202450503,133,1
168,"(10,6)",,False,51,"[10, 6, 19, 8, 13]",4,0.018337510442773,-106,29,9,0.189557226399331,135,1
169,"(10,6)",,False,51,"[10, 6, 19, 8, 13]",4,0.018337510442773,-106,29,9,0.189557226399331,135,1
170,"(7,4)",,False,51,"[7, 14, 10, 0, 4]",4,0.027109440267335003,-108,29,9,0.15353029037239502,137,1
171,"(7,4)",,False,51,"[7, 14, 10, 0, 4]",4,0.027109440267335003,-108,29,9,0.15353029037239502,137,1
172,"(13,19)",,False,51,"[13, 5, 19, 15, 4]",4,0.027005012531328,-110,29,9,0.14978882391163,139,1
173,"(13,19)",,False,51,"[13, 5, 19, 15, 4]",4,0.027005012531328,-110,29,9,0.14978882391163,139,1
174,17:14,assassinate,True,45,"[17, 16, 14, 2, 15]",4,0.032115009746588,-112,29,9,0.15803861505615802,141,1
175,17:14,assassinate,True,45,"[17, 16, 14, 2, 15]",4,0.032115009746588,-112,29,9,0.15803861505615802,141,1
176,"(11,5)",,False,47,"[15, 14, 8, 11, 5]",4,0.025097465886939,-114,29,9,0.140610786224821,143,1
177,"(11,5)",,False,47,"[15, 14, 8, 11, 5]",4,0.025097465886939,-114,29,9,0.140610786224821,143,1
178,"(19,0)",,False,47,"[3, 15, 19, 2, 0]",3,0.012314439946018002,-116,29,9,0.145733993102414,145,1
179,"(19,0)",,False,47,"[3, 15, 19, 2, 0]",3,0.012314439946018002,-116,29,9,0.145733993102414,145,1
180,"(4,6)",,False,47,"[4, 8, 10, 12, 6]",3,0.007516119358224001,-118,29,8,0.12159565580618201,147,1
181,"(4,6)",,False,47,"[4, 8, 10, 12, 6]",3,0.007516119358224001,-118,29,8,0.12159565580618201,147,1
182,"(6,17)",,False,47,"[7, 6, 17, 5, 2]",3,0.011902084270505,-120,29,7,0.12398357003620102,149,1
183,"(6,17)",,False,47,"[7, 6, 17, 5, 2]",3,0.011902084270505,-120,29,7,0.12398357003620102,149,1
184,"(9,8)",,False,47,"[7, 9, 5, 8, 14]",3,0.006808331369734,-122,29,7,0.097762925833101,151,1
185,"(9,8)",,False,47,"[7, 9, 5, 8, 14]",3,0.006808331369734,-122,29,7,0.097762925833101,151,1
186,"(5,10)",,False,45,"[8, 3, 5, 7, 10]",3,0.008820662768031,-124,29,6,0.086605402394876,153,1
187,"(5,10)",,False,45,"[8, 3, 5, 7, 10]",3,0.008820662768031,-124,29,6,0.086605402394876,153,1
188,"(12,2)",,False,45,"[7, 19, 12, 2, 6]",3,0.009704817599554001,-126,29,6,0.089042049568365,155,1
189,"(12,2)",,False,45,"[7, 19, 12, 2, 6]",3,0.009704817599554001,-126,29,6,0.089042049568365,155,1
190,"(18,13)",,False,45,"[18, 13, 9, 17, 7]",3,0.009600389863547,-128,29,6,0.079913166755271,157,1
191,"(18,13)",,False,45,"[18, 13, 9, 17, 7]",3,0.009600389863547,-128,29,6,0.079913166755271,157,1
192,"(11,7)",,False,45,"[11, 0, 7, 3, 16]",3,0.010331384015594,-130,29,6,0.074965190754664,159,1
193,"(11,7)",,False,45,"[11, 0, 7, 3, 16]",3,0.010331384015594,-130,29,6,0.074965190754664,159,1
194,"(12,9)",,False,45,"[0, 12, 3, 5, 9]",3,0.009844054580896001,-132,29,6,0.10084934558618701,161,1
195,"(12,9)",,False,45,"[0, 12, 3, 5, 9]",3,0.009844054580896001,-132,29,6,0.10084934558618701,161,1
196,"(14,3)",,False,45,"[14, 3, 0, 15, 4]",3,0.010013459574863002,-134,29,6,0.06763204307063901,163,1
197,"(14,3)",,False,45,"[14, 3, 0, 15, 4]",3,0.010013459574863002,-134,29,6,0.06763204307063901,163,1
198,"(1,5)",,False,47,"[14, 0, 4, 1, 5]",3,0.012798199201707001,-136,29,7,0.059890466908010004,165,1
199,"(1,5)",,False,47,"[14, 0, 4, 1, 5]",3,0.012798199201707001,-136,29,7,0.059890466908010004,165,1
200,"(8,0)",,False,45,"[8, 0, 16, 18, 13]",2,0.0,-138,29,6,0.042430149447693,167,1
201,"(8,0)",,False,45,"[8, 0, 16, 18, 13]",2,0.0,-138,29,6,0.042430149447693,167,1
202,"(12,0)",,False,45,"[12, 8, 0, 16, 6]",2,0.0,-140,29,6,0.042430149447693,169,1
203,"(12,0)",,False,45,"[12, 8, 0, 16, 6]",2,0.0,-140,29,6,0.042430149447693,169,1
204,"(3,10)",,False,45,"[3, 17, 10, 18, 11]",2,0.0,-142,29,6,0.036248027476097004,171,1
205,"(3,10)",,False,45,"[3, 17, 10, 18, 11]",2,0.0,-142,29,6,0.036248027476097004,171,1
206,"(5,18)",,False,45,"[0, 5, 8, 18, 7]",2,0.0,-144,29,6,0.038977072310405,173,1
207,"(5,18)",,False,45,"[0, 5, 8, 18, 7]",2,0.0,-144,29,6,0.038977072310405,173,1
208,"(5,14)",,False,45,"[6, 5, 14, 7, 15]",3,0.023879142300194,-146,29,6,0.03401559454191,175,1
209,"(5,14)",,False,45,"[6, 5, 14, 7, 15]",3,0.023879142300194,-146,29,6,0.03401559454191,175,1
210,"(19,17)",,False,45,"[12, 10, 16, 19, 17]",3,0.028654970760233003,-146,30,6,0.032934187320152006,176,1
211,"(19,17)",,False,45,"[12, 10, 16, 19, 17]",3,0.028654970760233003,-146,30,6,0.032934187320152006,176,1
212,"(13,9)",,False,45,"[4, 13, 9, 18, 3]",3,0.028654970760233003,-146,31,6,0.035672514619883,177,1
213,"(13,9)",,False,45,"[4, 13, 9, 18, 3]",3,0.028654970760233003,-146,31,6,0.035672514619883,177,1
214,"(15,17)",,False,47,"[18, 15, 17, 11, 0]",4,0.042300194931773005,-144,33,6,0.031578947368421005,177,1
215,"(15,17)",,False,47,"[18, 15, 17, 11, 0]",4,0.042300194931773005,-144,33,6,0.031578947368421005,177,1
216,"(8,1)",,False,47,"[13, 8, 17, 18, 1]",4,0.053606237816764005,-144,34,7,0.06939571150097401,178,1
217,"(8,1)",,False,47,"[13, 8, 17, 18, 1]",4,0.053606237816764005,-144,34,7,0.06939571150097401,178,1
218,"(1,2)",,False,47,"[1, 5, 11, 2, 6]",4,0.04766081871345,-146,34,8,0.097382344750765,180,1
219,"(1,2)",,False,47,"[1, 5, 11, 2, 6]",4,0.04766081871345,-146,34,8,0.097382344750765,180,1
220,"(3,15)",,False,49,"[3, 11, 15, 16, 8]",5,0.045711500974658,-148,34,8,0.08919521024784101,182,1
221,"(3,15)",,False,49,"[3, 11, 15, 16, 8]",5,0.045711500974658,-148,34,8,0.08919521024784101,182,1
222,"(8,19)",,False,47,"[11, 8, 18, 19, 15]",5,0.048570500324886,-150,34,7,0.082456140350877,184,1
223,"(8,19)",,False,47,"[11, 8, 18, 19, 15]",5,0.048570500324886,-150,34,7,0.082456140350877,184,1
224,"(11,6)",,False,49,"[9, 11, 13, 6, 18]",6,0.06345029239766001,-152,34,7,0.08244221665274201,186,1
225,"(11,6)",,False,49,"[9, 11, 13, 6, 18]",6,0.06345029239766001,-152,34,7,0.08244221665274201,186,1
226,"(1,15)",,False,51,"[9, 11, 1, 15, 10]",7,0.07649679754942901,-152,35,8,0.10490114174324601,187,1
227,"(1,15)",,False,51,"[9, 11, 1, 15, 10]",7,0.07649679754942901,-152,35,8,0.10490114174324601,187,1
228,"(1,8)",,True,51,"[14, 4, 16, 1, 8]",7,0.07649679754942901,-152,36,8,0.10490114174324601,188,1
229,"(1,8)",,True,51,"[14, 4, 16, 1, 8]",7,0.07649679754942901,-152,36,8,0.10490114174324601,188,1
230,"(8,3)",,False,51,"[15, 4, 8, 2, 3]",8,0.098231690336953,-154,36,8,0.11179337231968801,190,1
231,"(8,3)",,False,51,"[15, 4, 8, 2, 3]",8,0.098231690336953,-154,36,8,0.11179337231968801,190,1
232,"(9,14)",,False,51,"[19, 9, 14, 6, 16]",8,0.09767474241158401,-156,36,8,0.10627030539311201,192,1
233,"(9,14)",,False,51,"[19, 9, 14, 6, 16]",8,0.09767474241158401,-156,36,8,0.10627030539311201,192,1
234,"(10,0)",,False,49,"[10, 3, 7, 0, 4]",7,0.06737677527151201,-156,37,7,0.09476933073424301,193,1
235,"(10,0)",,False,49,"[10, 3, 7, 0, 4]",7,0.06737677527151201,-156,37,7,0.09476933073424301,193,1
236,"(1,11)",,False,51,"[1, 9, 11, 15, 8]",7,0.06172375382901601,-158,37,8,0.10619604566972901,195,1
237,"(1,11)",,False,51,"[1, 9, 11, 15, 8]",7,0.06172375382901601,-158,37,8,0.10619604566972901,195,1
238,"(8,2)",,False,51,"[8, 15, 6, 2, 11]",8,0.09416597048175901,-160,37,8,0.120351805439524,197,1
239,"(8,2)",,False,51,"[8, 15, 6, 2, 11]",8,0.09416597048175901,-160,37,8,0.120351805439524,197,1
240,"(9,10)",,False,49,"[17, 4, 9, 10, 2]",8,0.11205792258423801,-162,37,8,0.130056623039079,199,1
241,"(9,10)",,False,49,"[17, 4, 9, 10, 2]",8,0.11205792258423801,-162,37,8,0.130056623039079,199,1
242,"(2,3)",,False,49,"[2, 3, 18, 8, 19]",8,0.106112503480924,-160,39,7,0.102499303815093,199,1
243,"(2,3)",,False,49,"[2, 3, 18, 8, 19]",8,0.106112503480924,-160,39,7,0.102499303815093,199,1
244,"(12,14)",,False,51,"[10, 12, 19, 14, 16]",9,0.14894179894179801,-158,41,7,0.09679058758006101,199,1
245,"(12,14)",,False,51,"[10, 12, 19, 14, 16]",9,0.14894179894179801,-158,41,7,0.09679058758006101,199,1
246,"(6,7)",,False,53,"[6, 7, 11, 18, 3]",9,0.12105263157894701,-156,43,7,0.071164021164021,199,1
247,"(6,7)",,False,53,"[6, 7, 11, 18, 3]",9,0.12105263157894701,-156,43,7,0.071164021164021,199,1
248,"(10,1)",,False,55,"[6, 10, 15, 1, 12]",10,0.14509484991941102,-154,45,8,0.09044918694041501,199,1
249,"(10,1)",,False,55,"[6, 10, 15, 1, 12]",10,0.14509484991941102,-154,45,8,0.09044918694041501,199,1
250,"(7,0)",,False,53,"[8, 7, 0, 19, 18]",9,0.13110938768833502,-152,47,8,0.107889868416184,199,1
251,"(7,0)",,False,53,"[8, 7, 0, 19, 18]",9,0.13110938768833502,-152,47,8,0.107889868416184,199,1
252,"(17,14)",,False,55,"[17, 14, 18, 4, 10]",10,0.155909814681744,-150,49,8,0.093307115236939,199,1
253,"(17,14)",,False,55,"[17, 14, 18, 4, 10]",10,0.155909814681744,-150,49,8,0.093307115236939,199,1
254,"(0,13)",,False,53,"[12, 16, 0, 13, 4]",9,0.138597124123439,-148,51,7,0.07348505944997101,199,1
255,"(0,13)",,False,53,"[12, 16, 0, 13, 4]",9,0.138597124123439,-148,51,7,0.07348505944997101,199,1
256,"(8,0)",,False,53,"[14, 5, 8, 0, 13]",9,0.126902905411677,-146,53,7,0.07454051796157,199,1
257,"(8,0)",,False,53,"[14, 5, 8, 0, 13]",9,0.126902905411677,-146,53,7,0.07454051796157,199,1
258,"(6,3)",,False,55,"[13, 6, 9, 3, 16]",10,0.13900956093938502,-144,55,7,0.06997354497354501,199,1
259,"(6,3)",,False,55,"[13, 6, 9, 3, 16]",10,0.13900956093938502,-144,55,7,0.06997354497354501,199,1
260,"(13,2)",,False,57,"[10, 13, 9, 2, 16]",11,0.15288916736285102,-142,57,7,0.06520235774621701,199,1
261,"(13,2)",,False,57,"[10, 13, 9, 2, 16]",11,0.15288916736285102,-142,57,7,0.06520235774621701,199,1
262,"(17,12)",,False,59,"[5, 17, 6, 12, 19]",11,0.14293372319688102,-140,59,7,0.045549057829759,199,1
263,"(17,12)",,False,59,"[5, 17, 6, 12, 19]",11,0.14293372319688102,-140,59,7,0.045549057829759,199,1
264,"(13,11)",,False,59,"[13, 2, 9, 19, 11]",11,0.138888888888888,-138,61,7,0.039701104613385,199,1
265,"(13,11)",,False,59,"[13, 2, 9, 19, 11]",11,0.138888888888888,-138,61,7,0.039701104613385,199,1
266,"(1,4)",,False,59,"[2, 1, 10, 4, 9]",11,0.13848793964893,-136,63,8,0.061920925078819,199,1
267,"(1,4)",,False,59,"[2, 1, 10, 4, 9]",11,0.13848793964893,-136,63,8,0.061920925078819,199,1
268,"(7,13)",,False,61,"[19, 5, 8, 7, 13]",12,0.15174034676098602,-134,65,8,0.058014694856800005,199,1
269,"(7,13)",,False,61,"[19, 5, 8, 7, 13]",12,0.15174034676098602,-134,65,8,0.058014694856800005,199,1
270,"(3,11)",,False,63,"[8, 18, 3, 13, 11]",12,0.140920677762783,-132,67,8,0.050314889788574006,199,1
271,"(3,11)",,False,63,"[8, 18, 3, 13, 11]",12,0.140920677762783,-132,67,8,0.050314889788574006,199,1
272,"(17,0)",,True,61,"[17, 3, 18, 0, 11]",11,0.1270955165692,-130,69,8,0.054710851202079004,199,1
273,"(17,0)",,True,61,"[17, 3, 18, 0, 11]",11,0.1270955165692,-130,69,8,0.054710851202079004,199,1
274,"(8,1)",,False,61,"[11, 3, 7, 8, 1]",11,0.12336744639376201,-128,71,8,0.08736192332683501,199,1
275,"(8,1)",,False,61,"[11, 3, 7, 8, 1]",11,0.12336744639376201,-128,71,8,0.08736192332683501,199,1
276,"(4,8)",,False,59,"[3, 4, 8, 15, 7]",11,0.13011695906432702,-128,72,8,0.14155295646523702,200,1
277,"(4,8)",,False,59,"[3, 4, 8, 15, 7]",11,0.13011695906432702,-128,72,8,0.14155295646523702,200,1
278,"(1,12)",,False,61,"[10, 8, 1, 19, 12]",12,0.147417153996101,-128,73,9,0.15559099769626,201,1
279,"(1,12)",,False,61,"[10, 8, 1, 19, 12]",12,0.147417153996101,-128,73,9,0.15559099769626,201,1
280,"(12,10)",,False,61,"[6, 11, 12, 8, 10]",13,0.175598719019771,-126,75,9,0.16047990346235902,201,1
281,"(12,10)",,False,61,"[6, 11, 12, 8, 10]",13,0.175598719019771,-126,75,9,0.16047990346235902,201,1
282,"(17,13)",,False,61,"[17, 16, 15, 18, 13]",13,0.170888711678185,-124,77,9,0.161386526079508,201,1
283,"(17,13)",,False,61,"[17, 16, 15, 18, 13]",13,0.170888711678185,-124,77,9,0.161386526079508,201,1
284,"(3,5)",,False,63,"[10, 3, 6, 18, 5]",14,0.17852501624431402,-122,79,9,0.15740740740740702,201,1
285,"(3,5)",,False,63,"[10, 3, 6, 18, 5]",14,0.17852501624431402,-122,79,9,0.15740740740740702,201,1
286,"(0,9)",,False,63,"[6, 13, 0, 9, 12]",13,0.155310414082343,-120,81,9,0.12270955165692,201,1
287,"(0,9)",,False,63,"[6, 13, 0, 9, 12]",13,0.155310414082343,-120,81,9,0.12270955165692,201,1
288,"(3,5)",,False,63,"[12, 3, 7, 5, 9]",13,0.155310414082343,-118,83,9,0.12270955165692,201,1
289,"(3,5)",,False,63,"[12, 3, 7, 5, 9]",13,0.155310414082343,-118,83,9,0.12270955165692,201,1
290,"(11,17)",,False,63,"[11, 17, 19, 12, 18]",13,0.16094571445448602,-116,85,9,0.12460570618465301,201,1
291,"(11,17)",,False,63,"[11, 17, 19, 12, 18]",13,0.16094571445448602,-116,85,9,0.12460570618465301,201,1
292,"(0,17)",,False,61,"[0, 19, 6, 17, 8]",12,0.159271228754146,-114,87,9,0.126036216271673,201,1
293,"(0,17)",,False,61,"[0, 19, 6, 17, 8]",12,0.159271228754146,-114,87,9,0.126036216271673,201,1
294,"(1,4)",,True,61,"[13, 1, 4, 10, 16]",12,0.169971224357189,-112,89,10,0.14620726901428602,201,1
295,"(1,4)",,True,61,"[13, 1, 4, 10, 16]",12,0.169971224357189,-112,89,10,0.14620726901428602,201,1
296,"(0,14)",,False,59,"[16, 0, 7, 8, 14]",11,0.129139768613452,-112,90,10,0.156287182602972,202,1
297,"(0,14)",,False,59,"[16, 0, 7, 8, 14]",11,0.129139768613452,-112,90,10,0.156287182602972,202,1
298,"(10,18)",,False,59,"[10, 4, 18, 7, 2]",12,0.174898785425101,-110,92,10,0.168260978787294,202,1
299,"(10,18)",,False,59,"[10, 4, 18, 7, 2]",12,0.174898785425101,-110,92,10,0.168260978787294,202,1
300,"(5,0)",,False,59,"[5, 1, 12, 0, 19]",12,0.162730901327392,-108,94,10,0.15988582567529902,202,1
301,"(5,0)",,False,59,"[5, 1, 12, 0, 19]",12,0.162730901327392,-108,94,10,0.15988582567529902,202,1
302,"(8,7)",,False,59,"[9, 18, 14, 8, 7]",12,0.162730901327392,-106,96,10,0.15988582567529902,202,1
303,"(8,7)",,False,59,"[9, 18, 14, 8, 7]",12,0.162730901327392,-106,96,10,0.15988582567529902,202,1
304,3:10,assassinate,True,53,"[4, 6, 15, 12, 3]",11,0.149665831244778,-106,97,10,0.168783068783068,203,1
305,3:10,assassinate,True,53,"[4, 6, 15, 12, 3]",11,0.149665831244778,-106,97,10,0.168783068783068,203,1
306,"(2,19)",,False,55,"[2, 6, 19, 14, 9]",12,0.155360623781676,-104,99,10,0.15212711265342801,203,1
307,"(2,19)",,False,55,"[2, 6, 19, 14, 9]",12,0.155360623781676,-104,99,10,0.15212711265342801,203,1
308,"(19,0)",,False,53,"[19, 0, 13, 7, 1]",11,0.137726795621532,-102,101,9,0.128250112460638,203,1
309,"(19,0)",,False,53,"[19, 0, 13, 7, 1]",11,0.137726795621532,-102,101,9,0.128250112460638,203,1
310,"(15,0)",,False,53,"[9, 15, 19, 7, 0]",10,0.11954887218045102,-100,103,9,0.110038986354775,203,1
311,"(15,0)",,False,53,"[9, 15, 19, 7, 0]",10,0.11954887218045102,-100,103,9,0.110038986354775,203,1
312,"(15,5)",,False,55,"[15, 12, 2, 6, 5]",11,0.142185007974481,-98,105,9,0.09984051036682601,203,1
313,"(15,5)",,False,55,"[15, 12, 2, 6, 5]",11,0.142185007974481,-98,105,9,0.09984051036682601,203,1
314,11:14,assassinate,True,49,"[11, 16, 1, 13, 6]",10,0.12332978911926201,-98,106,9,0.128982810561757,204,1
315,11:14,assassinate,True,49,"[11, 16, 1, 13, 6]",10,0.12332978911926201,-98,106,9,0.128982810561757,204,1
316,"(2,0)",,False,49,"[2, 16, 3, 6, 0]",9,0.087754740386319,-98,107,9,0.133368775474038,205,1
317,"(2,0)",,False,49,"[2, 16, 3, 6, 0]",9,0.087754740386319,-98,107,9,0.133368775474038,205,1
318,"(4,3)",,False,49,"[4, 17, 6, 15, 3]",9,0.09857345383661101,-98,108,8,0.11251107566897,206,1
319,"(4,3)",,False,49,"[4, 17, 6, 15, 3]",9,0.09857345383661101,-98,108,8,0.11251107566897,206,1
320,"(0,10)",,False,49,"[1, 0, 10, 6, 16]",8,0.08650097465886901,-98,109,8,0.11271929824561401,207,1
321,"(0,10)",,False,49,"[1, 0, 10, 6, 16]",8,0.08650097465886901,-98,109,8,0.11271929824561401,207,1
322,"(5,1)",,False,51,"[5, 9, 16, 1, 7]",8,0.13304093567251402,-98,110,9,0.13986354775828402,208,1
323,"(5,1)",,False,51,"[5, 9, 16, 1, 7]",8,0.13304093567251402,-98,110,9,0.13986354775828402,208,1
324,"(2,16)",,False,51,"[10, 17, 2, 16, 14]",8,0.13397382344750702,-98,111,9,0.14551656920077902,209,1
325,"(2,16)",,False,51,"[10, 17, 2, 16, 14]",8,0.13397382344750702,-98,111,9,0.14551656920077902,209,1
326,"(2,13)",,False,51,"[16, 2, 12, 13, 0]",8,0.128070175438596,-98,112,9,0.173053002877564,210,1
327,"(2,13)",,False,51,"[16, 2, 12, 13, 0]",8,0.128070175438596,-98,112,9,0.173053002877564,210,1
328,"(8,6)",,False,51,"[8, 6, 14, 2, 12]",8,0.09254681316084801,-100,112,9,0.17533016041787902,212,1
329,"(8,6)",,False,51,"[8, 6, 14, 2, 12]",8,0.09254681316084801,-100,112,9,0.17533016041787902,212,1
330,"(1,11)",,False,53,"[1, 8, 0, 11, 2]",8,0.07193678641047001,-102,112,10,0.21735588972431003,214,1
331,"(1,11)",,False,53,"[1, 8, 0, 11, 2]",8,0.07193678641047001,-102,112,10,0.21735588972431003,214,1
332,"(11,8)",,False,53,"[11, 3, 17, 8, 14]",9,0.11072884230778901,-104,112,10,0.211849700007594,216,1
333,"(11,8)",,False,53,"[11, 3, 17, 8, 14]",9,0.11072884230778901,-104,112,10,0.211849700007594,216,1
334,"(10,15)",,False,51,"[10, 9, 4, 15, 19]",9,0.13150996177311902,-106,112,10,0.23073487591031402,218,1
335,"(10,15)",,False,51,"[10, 9, 4, 15, 19]",9,0.13150996177311902,-106,112,10,0.23073487591031402,218,1
336,"(18,6)",,False,53,"[10, 17, 18, 19, 6]",9,0.115105946684894,-108,112,10,0.215542011594643,220,1
337,"(18,6)",,False,53,"[10, 17, 18, 19, 6]",9,0.115105946684894,-108,112,10,0.215542011594643,220,1
338,"(14,16)",,False,53,"[14, 5, 16, 6, 3]",9,0.108333966228703,-110,112,10,0.213026252499936,222,1
339,"(14,16)",,False,53,"[14, 5, 16, 6, 3]",9,0.108333966228703,-110,112,10,0.213026252499936,222,1
340,"(9,3)",,False,53,"[9, 5, 3, 6, 17]",9,0.10836012590398501,-112,112,10,0.21529180695847303,224,1
341,"(9,3)",,False,53,"[9, 5, 3, 6, 17]",9,0.10836012590398501,-112,112,10,0.21529180695847303,224,1
342,"(15,6)",,False,53,"[3, 2, 16, 15, 6]",9,0.10214889074538101,-114,112,10,0.21842105263157802,226,1
343,"(15,6)",,False,53,"[3, 2, 16, 15, 6]",9,0.10214889074538101,-114,112,10,0.21842105263157802,226,1
344,"(13,18)",,False,55,"[13, 18, 19, 14, 17]",10,0.14347569259849902,-116,112,10,0.16032916888180002,228,1
345,"(13,18)",,False,55,"[13, 18, 19, 14, 17]",10,0.14347569259849902,-116,112,10,0.16032916888180002,228,1
346,"(8,2)",,False,57,"[12, 9, 8, 2, 16]",11,0.14673552568289402,-114,114,10,0.14192024674480802,228,1
347,"(8,2)",,False,57,"[12, 9, 8, 2, 16]",11,0.14673552568289402,-114,114,10,0.14192024674480802,228,1
348,"(19,1)",,False,59,"[9, 15, 19, 6, 1]",12,0.160272313781085,-114,115,11,0.16839447102604901,229,1
349,"(19,1)",,False,59,"[9, 15, 19, 6, 1]",12,0.160272313781085,-114,115,11,0.16839447102604901,229,1
350,"(19,14)",,False,57,"[8, 11, 19, 14, 16]",12,0.178774587985114,-116,115,11,0.19287465296237202,231,1
351,"(19,14)",,False,57,"[8, 11, 19, 14, 16]",12,0.178774587985114,-116,115,11,0.19287465296237202,231,1
352,"(1,7)",,False,57,"[2, 1, 17, 4, 7]",12,0.169529252423989,-118,115,12,0.22479241031872602,233,1
353,"(1,7)",,False,57,"[2, 1, 17, 4, 7]",12,0.169529252423989,-118,115,12,0.22479241031872602,233,1
354,"(0,2)",,False,55,"[17, 9, 0, 3, 2]",11,0.139428537674151,-118,116,11,0.21688142916213002,234,1
355,"(0,2)",,False,55,"[17, 9, 0, 3, 2]",11,0.139428537674151,-118,116,11,0.21688142916213002,234,1
356,"(14,1)",,False,55,"[16, 14, 9, 11, 1]",11,0.15082276398065803,-120,116,11,0.22170831118199502,236,1
357,"(14,1)",,False,55,"[16, 14, 9, 11, 1]",11,0.15082276398065803,-120,116,11,0.22170831118199502,236,1
358,"(4,8)",,False,55,"[4, 6, 5, 16, 8]",11,0.14796081111870502,-122,116,10,0.19584440900230302,238,1
359,"(4,8)",,False,55,"[4, 6, 5, 16, 8]",11,0.14796081111870502,-122,116,10,0.19584440900230302,238,1
360,"(0,11)",,False,53,"[5, 0, 11, 4, 12]",10,0.10094681147312701,-124,116,9,0.219850552306692,240,1
361,"(0,11)",,False,53,"[5, 0, 11, 4, 12]",10,0.10094681147312701,-124,116,9,0.219850552306692,240,1
362,"(8,12)",,False,55,"[8, 15, 12, 19, 7]",10,0.093406690775111,-126,116,9,0.19106069369227202,242,1
363,"(8,12)",,False,55,"[8, 15, 12, 19, 7]",10,0.093406690775111,-126,116,9,0.19106069369227202,242,1
364,"(9,12)",,False,57,"[3, 9, 13, 12, 17]",11,0.14430413640939901,-124,118,9,0.12650536597905002,242,1
365,"(9,12)",,False,57,"[3, 9, 13, 12, 17]",11,0.14430413640939901,-124,118,9,0.12650536597905002,242,1
366,"(5,0)",,False,57,"[5, 3, 0, 4, 2]",11,0.163747753221437,-122,120,9,0.12988278777752402,242,1
367,"(5,0)",,False,57,"[5, 3, 0, 4, 2]",11,0.163747753221437,-122,120,9,0.12988278777752402,242,1
368,"(18,0)",,False,57,"[5, 18, 3, 2, 0]",10,0.14036100351889802,-120,122,9,0.114697096276043,242,1
369,"(18,0)",,False,57,"[5, 18, 3, 2, 0]",10,0.14036100351889802,-120,122,9,0.114697096276043,242,1
370,"(16,0)",,False,55,"[16, 8, 7, 0, 9]",9,0.126181404690176,-120,123,9,0.13862075221724302,243,1
371,"(16,0)",,False,55,"[16, 8, 7, 0, 9]",9,0.126181404690176,-120,123,9,0.13862075221724302,243,1
372,6:12,assassinate,True,48,"[6, 2, 10, 16, 14]",8,0.111969739162721,-122,123,9,0.142406943284136,245,1
373,6:12,assassinate,True,48,"[6, 2, 10, 16, 14]",8,0.111969739162721,-122,123,9,0.142406943284136,245,1
374,"(2,5)",,False,48,"[9, 2, 5, 10, 3]",8,0.169973544973544,-122,124,9,0.17518100807574402,246,1
375,"(2,5)",,False,48,"[9, 2, 5, 10, 3]",8,0.169973544973544,-122,124,9,0.17518100807574402,246,1
376,"(6,5)",,False,50,"[6, 9, 17, 7, 5]",9,0.151162628794207,-122,125,9,0.15549289891395102,247,1
377,"(6,5)",,False,50,"[6, 9, 17, 7, 5]",9,0.151162628794207,-122,125,9,0.15549289891395102,247,1
378,"(6,4)",,False,52,"[2, 6, 4, 9, 18]",9,0.13217070453912502,-122,126,9,0.13757309941520401,248,1
379,"(6,4)",,False,52,"[2, 6, 4, 9, 18]",9,0.13217070453912502,-122,126,9,0.13757309941520401,248,1
380,"(3,1)",,False,54,"[3, 1, 9, 11, 6]",9,0.12135895293790001,-122,127,10,0.14898357003620102,249,1
381,"(3,1)",,False,54,"[3, 1, 9, 11, 6]",9,0.12135895293790001,-122,127,10,0.14898357003620102,249,1
382,"(0,11)",,False,54,"[10, 0, 11, 5, 12]",8,0.09037872458925,-124,127,10,0.15698969646338,251,1
383,"(0,11)",,False,54,"[10, 0, 11, 5, 12]",8,0.09037872458925,-124,127,10,0.15698969646338,251,1
384,"(0,16)",,False,52,"[3, 0, 13, 16, 19]",7,0.056226213682354004,-126,127,9,0.13441600634583,253,1
385,"(0,16)",,False,52,"[3, 0, 13, 16, 19]",7,0.056226213682354004,-126,127,9,0.13441600634583,253,1
386,"(16,2)",,True,50,"[3, 16, 6, 2, 12]",7,0.072384665367121,-128,127,9,0.16458739441195502,255,1
387,"(16,2)",,True,50,"[3, 16, 6, 2, 12]",7,0.072384665367121,-128,127,9,0.16458739441195502,255,1
388,"(8,19)",,False,50,"[8, 10, 9, 18, 19]",7,0.050468764503852,-130,127,8,0.141251276338995,257,1
389,"(8,19)",,False,50,"[8, 10, 9, 18, 19]",7,0.050468764503852,-130,127,8,0.141251276338995,257,1
390,"(10,12)",,False,52,"[10, 12, 2, 3, 6]",7,0.039629376471481,-132,127,8,0.12239795616988601,259,1
391,"(10,12)",,False,52,"[10, 12, 2, 3, 6]",7,0.039629376471481,-132,127,8,0.12239795616988601,259,1
392,"(12,19)",,False,52,"[16, 12, 10, 17, 19]",7,0.029824561403508,-134,127,7,0.10024366471734801,261,1
393,"(12,19)",,False,52,"[16, 12, 10, 17, 19]",7,0.029824561403508,-134,127,7,0.10024366471734801,261,1
394,"(13,5)",,False,52,"[3, 13, 5, 15, 7]",7,0.033560753736192,-136,127,7,0.098700454840805,263,1
395,"(13,5)",,False,52,"[3, 13, 5, 15, 7]",7,0.033560753736192,-136,127,7,0.098700454840805,263,1
396,"(8,10)",,False,54,"[8, 12, 18, 2, 10]",7,0.033908846189547,-138,127,7,0.083542610735593,265,1
397,"(8,10)",,False,54,"[8, 12, 18, 2, 10]",7,0.033908846189547,-138,127,7,0.083542610735593,265,1
398,4:16,assassinate,True,47,"[6, 11, 2, 4, 9]",7,0.04540285899935,-140,127,7,0.106546458739441,267,1
399,4:16,assassinate,True,47,"[6, 11, 2, 4, 9]",7,0.04540285899935,-140,127,7,0.106546458739441,267,1
400,"(0,4)",,False,47,"[2, 17, 18, 0, 4]",7,0.04540285899935,-140,128,7,0.106546458739441,268,1
401,"(0,4)",,False,47,"[2, 17, 18, 0, 4]",7,0.04540285899935,-140,128,7,0.106546458739441,268,1
402,"(11,1)",,False,47,"[18, 16, 12, 11, 1]",7,0.05502645502645501,-142,128,7,0.116722361459203,270,1
403,"(11,1)",,False,47,"[18, 16, 12, 11, 1]",7,0.05502645502645501,-142,128,7,0.116722361459203,270,1
404,"(4,1)",,False,49,"[12, 4, 19, 1, 7]",8,0.08892601875058001,-144,128,8,0.21864847303443702,272,1
405,"(4,1)",,False,49,"[12, 4, 19, 1, 7]",8,0.08892601875058001,-144,128,8,0.21864847303443702,272,1
406,"(19,2)",,False,51,"[4, 19, 10, 12, 2]",8,0.072951317688159,-146,128,8,0.19439824308245301,274,1
407,"(19,2)",,False,51,"[4, 19, 10, 12, 2]",8,0.072951317688159,-146,128,8,0.19439824308245301,274,1
408,"(4,1)",,False,51,"[18, 4, 5, 1, 0]",8,0.072951317688159,-148,128,8,0.19439824308245301,276,1
409,"(4,1)",,False,51,"[18, 4, 5, 1, 0]",8,0.072951317688159,-148,128,8,0.19439824308245301,276,1
410,"(1,19)",,False,53,"[1, 14, 19, 10, 13]",8,0.06527239816713501,-150,128,9,0.167890053416369,278,1
411,"(1,19)",,False,53,"[1, 14, 19, 10, 13]",8,0.06527239816713501,-150,128,9,0.167890053416369,278,1
412,"(10,3)",,False,55,"[10, 3, 15, 5, 2]",8,0.051434140907825006,-152,128,9,0.153877749930381,280,1
413,"(10,3)",,False,55,"[10, 3, 15, 5, 2]",8,0.051434140907825006,-152,128,9,0.153877749930381,280,1
414,"(10,1)",,False,57,"[10, 2, 7, 0, 1]",8,0.049136730715678006,-154,128,10,0.14170147591200202,282,1
415,"(10,1)",,False,57,"[10, 2, 7, 0, 1]",8,0.049136730715678006,-154,128,10,0.14170147591200202,282,1
416,"(8,4)",,False,59,"[6, 8, 2, 12, 4]",9,0.062385129490392,-156,128,10,0.13486494012809802,284,1
417,"(8,4)",,False,59,"[6, 8, 2, 12, 4]",9,0.062385129490392,-156,128,10,0.13486494012809802,284,1
418,"(6,19)",,False,59,"[4, 6, 19, 17, 13]",10,0.08123317553142101,-158,128,10,0.17022649215631602,286,1
419,"(6,19)",,False,59,"[4, 6, 19, 17, 13]",10,0.08123317553142101,-158,128,10,0.17022649215631602,286,1
420,"(0,13)",,False,57,"[8, 0, 5, 13, 4]",9,0.059825489650051,-160,128,9,0.148018193632228,288,1
421,"(0,13)",,False,57,"[8, 0, 5, 13, 4]",9,0.059825489650051,-160,128,9,0.148018193632228,288,1
422,"(1,11)",,False,59,"[19, 1, 11, 0, 12]",10,0.12311333890281201,-160,129,10,0.13518518518518502,289,1
423,"(1,11)",,False,59,"[19, 1, 11, 0, 12]",10,0.12311333890281201,-160,129,10,0.13518518518518502,289,1
424,"(3,1)",,False,61,"[18, 19, 3, 13, 1]",10,0.10974658869395701,-160,130,11,0.140302144249512,290,1
425,"(3,1)",,False,61,"[18, 19, 3, 13, 1]",10,0.10974658869395701,-160,130,11,0.140302144249512,290,1
426,"(0,5)",,False,61,"[0, 2, 5, 6, 14]",9,0.05399610136452201,-162,130,11,0.15666945140629301,292,1
427,"(0,5)",,False,61,"[0, 2, 5, 6, 14]",9,0.05399610136452201,-162,130,11,0.15666945140629301,292,1
428,9:14,assassinate,True,55,"[19, 6, 9, 3, 14]",8,0.036800334168755,-164,130,11,0.17346839320523502,294,1
429,9:14,assassinate,True,55,"[19, 6, 9, 3, 14]",8,0.036800334168755,-164,130,11,0.17346839320523502,294,1
430,8:10,assassinate,True,51,"[2, 8, 9, 10, 17]",8,0.06661793372319601,-166,130,11,0.12597465886939502,296,1
431,8:10,assassinate,True,51,"[2, 8, 9, 10, 17]",8,0.06661793372319601,-166,130,11,0.12597465886939502,296,1
432,"(16,8)",,False,51,"[13, 5, 16, 3, 8]",8,0.07436647173489201,-168,130,11,0.149422166527429,298,1
433,"(16,8)",,False,51,"[13, 5, 16, 3, 8]",8,0.07436647173489201,-168,130,11,0.149422166527429,298,1
434,"(5,17)",,False,53,"[5, 15, 14, 10, 17]",9,0.09980506822612001,-170,130,11,0.131286549707602,300,1
435,"(5,17)",,False,53,"[5, 15, 14, 10, 17]",9,0.09980506822612001,-170,130,11,0.131286549707602,300,1
436,"(5,2)",,False,53,"[7, 19, 10, 5, 2]",9,0.11219715956558,-172,130,11,0.136675020885547,302,1
437,"(5,2)",,False,53,"[7, 19, 10, 5, 2]",9,0.11219715956558,-172,130,11,0.136675020885547,302,1
438,"(16,2)",,False,53,"[7, 16, 8, 10, 2]",9,0.119451406293511,-174,130,11,0.14903230297967102,304,1
439,"(16,2)",,False,53,"[7, 16, 8, 10, 2]",9,0.119451406293511,-174,130,11,0.14903230297967102,304,1
440,"(15,7)",,False,55,"[17, 15, 8, 14, 7]",9,0.10293093845725401,-176,130,11,0.14305207463102101,306,1
441,"(15,7)",,False,55,"[17, 15, 8, 14, 7]",9,0.10293093845725401,-176,130,11,0.14305207463102101,306,1
442,"(4,0)",,False,53,"[7, 17, 4, 0, 1]",8,0.094825025526779,-178,130,10,0.136083263714842,308,1
443,"(4,0)",,False,53,"[7, 17, 4, 0, 1]",8,0.094825025526779,-178,130,10,0.136083263714842,308,1
444,"(5,11)",,False,53,"[5, 7, 10, 11, 13]",8,0.09766081871345,-180,130,10,0.142703982177666,310,1
445,"(5,11)",,False,53,"[5, 7, 10, 11, 13]",8,0.09766081871345,-180,130,10,0.142703982177666,310,1
446,"(2,7)",,False,53,"[2, 7, 13, 10, 15]",8,0.09922027290448301,-182,130,10,0.16268448900027802,312,1
447,"(2,7)",,False,53,"[2, 7, 13, 10, 15]",8,0.09922027290448301,-182,130,10,0.16268448900027802,312,1
448,"(18,7)",,False,53,"[14, 3, 2, 18, 7]",8,0.098391812865497,-184,130,10,0.16554580896686102,314,1
449,"(18,7)",,False,53,"[14, 3, 2, 18, 7]",8,0.098391812865497,-184,130,10,0.16554580896686102,314,1
450,"(1,15)",,False,53,"[5, 12, 13, 1, 15]",8,0.09670008354218801,-186,130,10,0.165942634363686,316,1
451,"(1,15)",,False,53,"[5, 12, 13, 1, 15]",8,0.09670008354218801,-186,130,10,0.165942634363686,316,1
452,"(6,1)",,False,55,"[6, 3, 7, 18, 1]",9,0.09531931681054401,-188,130,11,0.18567947646895003,318,1
453,"(6,1)",,False,55,"[6, 3, 7, 18, 1]",9,0.09531931681054401,-188,130,11,0.18567947646895003,318,1
454,"(8,1)",,False,55,"[13, 8, 4, 1, 5]",9,0.11308595562981501,-190,130,11,0.188130047340573,320,1
455,"(8,1)",,False,55,"[13, 8, 4, 1, 5]",9,0.11308595562981501,-190,130,11,0.188130047340573,320,1
456,"(6,0)",,False,53,"[6, 2, 13, 0, 8]",8,0.08261394226306501,-192,130,10,0.187649679754942,322,1
457,"(6,0)",,False,53,"[6, 2, 13, 0, 8]",8,0.08261394226306501,-192,130,10,0.187649679754942,322,1
458,"(15,11)",,False,55,"[15, 2, 12, 11, 17]",8,0.07082436731559501,-194,130,10,0.17045264676843602,324,1
459,"(15,11)",,False,55,"[15, 2, 12, 11, 17]",8,0.07082436731559501,-194,130,10,0.17045264676843602,324,1
460,"(7,1)",,False,57,"[19, 7, 6, 1, 16]",8,0.062316143895091006,-196,130,11,0.171872231082757,326,1
461,"(7,1)",,False,57,"[19, 7, 6, 1, 16]",8,0.062316143895091006,-196,130,11,0.171872231082757,326,1
462,"(5,17)",,False,55,"[8, 14, 5, 13, 17]",8,0.068037096107271,-198,130,10,0.139878315316911,328,1
463,"(5,17)",,False,55,"[8, 14, 5, 13, 17]",8,0.068037096107271,-198,130,10,0.139878315316911,328,1
464,"(7,15)",,False,55,"[17, 19, 7, 15, 9]",8,0.073605942465591,-200,130,10,0.141344733888593,330,1
465,"(7,15)",,False,55,"[17, 19, 7, 15, 9]",8,0.073605942465591,-200,130,10,0.141344733888593,330,1
466,"(12,8)",,False,55,"[9, 12, 15, 10, 8]",8,0.071037020159827,-202,130,10,0.144551825692176,332,1
467,"(12,8)",,False,55,"[9, 12, 15, 10, 8]",8,0.071037020159827,-202,130,10,0.144551825692176,332,1
468,"(13,11)",,False,57,"[13, 2, 16, 11, 4]",8,0.064777684953123,-204,130,10,0.129520560660911,334,1
469,"(13,11)",,False,57,"[13, 2, 16, 11, 4]",8,0.064777684953123,-204,130,10,0.129520560660911,334,1
470,"(12,1)",,False,59,"[11, 12, 15, 1, 8]",9,0.09700997508015001,-206,130,11,0.145510499896464,336,1
471,"(12,1)",,False,59,"[11, 12, 15, 1, 8]",9,0.09700997508015001,-206,130,11,0.145510499896464,336,1
472,"(6,12)",,False,59,"[3, 4, 6, 19, 12]",9,0.072818442116687,-206,131,10,0.090390149162078,337,1
473,"(6,12)",,False,59,"[3, 4, 6, 19, 12]",9,0.072818442116687,-206,131,10,0.090390149162078,337,1
474,"(8,7)",,False,59,"[15, 2, 8, 7, 4]",9,0.072818442116687,-208,131,10,0.090390149162078,339,1
475,"(8,7)",,False,59,"[15, 2, 8, 7, 4]",9,0.072818442116687,-208,131,10,0.090390149162078,339,1
476,"(1,19)",,False,61,"[12, 16, 1, 19, 0]",9,0.059974009096816,-210,131,11,0.100269191497261,341,1
477,"(1,19)",,False,61,"[12, 16, 1, 19, 0]",9,0.059974009096816,-210,131,11,0.100269191497261,341,1
478,"(5,2)",,False,61,"[3, 5, 2, 17, 10]",10,0.115506358488814,-210,132,11,0.12057922584238301,342,1
479,"(5,2)",,False,61,"[3, 5, 2, 17, 10]",10,0.115506358488814,-210,132,11,0.12057922584238301,342,1
480,"(8,0)",,False,61,"[8, 14, 2, 0, 13]",9,0.062716977629258,-210,133,11,0.11760883690708201,343,1
481,"(8,0)",,False,61,"[8, 14, 2, 0, 13]",9,0.062716977629258,-210,133,11,0.11760883690708201,343,1
482,"(8,15)",,False,63,"[8, 17, 19, 7, 15]",9,0.061208576998050004,-212,133,11,0.09557922584238301,345,1
483,"(8,15)",,False,63,"[8, 17, 19, 7, 15]",9,0.061208576998050004,-212,133,11,0.09557922584238301,345,1
484,"(0,19)",,False,63,"[5, 10, 11, 0, 19]",9,0.06531606794764601,-214,133,11,0.09369256474519601,347,1
485,"(0,19)",,False,63,"[5, 10, 11, 0, 19]",9,0.06531606794764601,-214,133,11,0.09369256474519601,347,1
486,"(2,19)",,False,63,"[2, 17, 9, 4, 19]",10,0.089522417153996,-216,133,11,0.09938039543302701,349,1
487,"(2,19)",,False,63,"[2, 17, 9, 4, 19]",10,0.089522417153996,-216,133,11,0.09938039543302701,349,1
488,"(2,0)",,False,63,"[7, 3, 2, 17, 0]",10,0.079741019214703,-216,134,11,0.108047897521581,350,1
489,"(2,0)",,False,63,"[7, 3, 2, 17, 0]",10,0.079741019214703,-216,134,11,0.108047897521581,350,1
490,"(3,17)",,False,63,"[2, 3, 13, 17, 9]",10,0.084321915900863,-218,134,11,0.11019214703425201,352,1
491,"(3,17)",,False,63,"[2, 3, 13, 17, 9]",10,0.084321915900863,-218,134,11,0.11019214703425201,352,1
492,"(14,7)",,False,61,"[14, 4, 2, 8, 7]",10,0.097284878863826,-220,134,10,0.103648008911166,354,1
493,"(14,7)",,False,61,"[14, 4, 2, 8, 7]",10,0.097284878863826,-220,134,10,0.103648008911166,354,1
494,"(0,10)",,False,61,"[15, 0, 12, 19, 10]",10,0.11809616634178001,-218,136,10,0.10406571985519301,354,1
495,"(0,10)",,False,61,"[15, 0, 12, 19, 10]",10,0.11809616634178001,-218,136,10,0.10406571985519301,354,1
496,"(10,3)",,False,61,"[6, 7, 10, 13, 3]",10,0.11872737399053102,-216,138,10,0.10845632600018501,354,1
497,"(10,3)",,False,61,"[6, 7, 10, 13, 3]",10,0.11872737399053102,-216,138,10,0.10845632600018501,354,1
498,"(13,6)",,False,63,"[13, 5, 2, 19, 6]",10,0.11282836721433201,-214,140,10,0.093390884618954,354,1
499,"(13,6)",,False,63,"[13, 5, 2, 19, 6]",10,0.11282836721433201,-214,140,10,0.093390884618954,354,1
500,"(17,6)",,False,65,"[17, 6, 10, 9, 4]",11,0.13477506898559502,-212,142,10,0.07698919014708401,354,1
501,"(17,6)",,False,65,"[17, 6, 10, 9, 4]",11,0.13477506898559502,-212,142,10,0.07698919014708401,354,1
502,"(19,13)",,False,67,"[19, 7, 14, 13, 4]",11,0.125125313283208,-210,144,10,0.070050125313283,354,1
503,"(19,13)",,False,67,"[19, 7, 14, 13, 4]",11,0.125125313283208,-210,144,10,0.070050125313283,354,1
504,"(9,1)",,False,67,"[16, 9, 11, 14, 1]",11,0.130538418696313,-208,146,11,0.09481699262401001,354,1
505,"(9,1)",,False,67,"[16, 9, 11, 14, 1]",11,0.130538418696313,-208,146,11,0.09481699262401001,354,1
506,"(9,5)",,False,67,"[3, 11, 9, 5, 7]",11,0.13191525823104702,-206,148,11,0.111136637891023,354,1
507,"(9,5)",,False,67,"[3, 11, 9, 5, 7]",11,0.13191525823104702,-206,148,11,0.111136637891023,354,1
508,"(7,3)",,False,65,"[15, 10, 18, 7, 3]",11,0.14965468254941902,-204,150,11,0.12705648802140002,354,1
509,"(7,3)",,False,65,"[15, 10, 18, 7, 3]",11,0.14965468254941902,-204,150,11,0.12705648802140002,354,1
510,"(0,18)",,False,63,"[5, 1, 0, 18, 4]",10,0.122426257952573,-202,152,10,0.116631857421331,354,1
511,"(0,18)",,False,63,"[5, 1, 0, 18, 4]",10,0.122426257952573,-202,152,10,0.116631857421331,354,1
512,"(11,14)",,False,63,"[3, 7, 11, 12, 14]",10,0.127529293318766,-200,154,9,0.074477861319966,354,1
513,"(11,14)",,False,63,"[3, 7, 11, 12, 14]",10,0.127529293318766,-200,154,9,0.074477861319966,354,1
514,"(17,12)",,False,65,"[17, 12, 14, 11, 3]",11,0.15025361253431402,-198,156,9,0.065153624802747,354,1
515,"(17,12)",,False,65,"[17, 12, 14, 11, 3]",11,0.15025361253431402,-198,156,9,0.065153624802747,354,1
516,"(1,18)",,False,65,"[0, 1, 18, 12, 2]",11,0.16415929749263,-196,158,10,0.081512899056758,354,1
517,"(1,18)",,False,65,"[0, 1, 18, 12, 2]",11,0.16415929749263,-196,158,10,0.081512899056758,354,1
518,"(0,9)",,False,65,"[0, 10, 9, 3, 7]",10,0.09705495933566101,-194,160,10,0.073730622853429,354,1
519,"(0,9)",,False,65,"[0, 10, 9, 3, 7]",10,0.09705495933566101,-194,160,10,0.073730622853429,354,1
520,"(1,4)",,False,65,"[18, 13, 1, 4, 2]",10,0.105242093838585,-192,162,10,0.069831987375847,354,1
521,"(1,4)",,False,65,"[18, 13, 1, 4, 2]",10,0.105242093838585,-192,162,10,0.069831987375847,354,1
522,"(8,0)",,False,63,"[10, 11, 8, 3, 0]",9,0.077930938457254,-190,164,10,0.07353569107955,354,1
523,"(8,0)",,False,63,"[10, 11, 8, 3, 0]",9,0.077930938457254,-190,164,10,0.07353569107955,354,1
524,"(2,12)",,False,63,"[8, 2, 11, 12, 13]",9,0.09235652261968001,-188,166,10,0.08447781912694101,354,1
525,"(2,12)",,False,63,"[8, 2, 11, 12, 13]",9,0.09235652261968001,-188,166,10,0.08447781912694101,354,1
526,"(10,1)",,False,65,"[10, 13, 5, 3, 1]",9,0.087373737373737,-188,167,11,0.09110106917124401,355,1
527,"(10,1)",,False,65,"[10, 13, 5, 3, 1]",9,0.087373737373737,-188,167,11,0.09110106917124401,355,1
528,"(8,1)",,False,67,"[8, 7, 0, 14, 1]",9,0.08571681729576401,-188,168,12,0.11888812941444502,356,1
529,"(8,1)",,False,67,"[8, 7, 0, 14, 1]",9,0.08571681729576401,-188,168,12,0.11888812941444502,356,1
530,"(3,13)",,False,69,"[3, 4, 10, 14, 13]",9,0.080391635654793,-190,168,12,0.103514877508685,358,1
531,"(3,13)",,False,69,"[3, 4, 10, 14, 13]",9,0.080391635654793,-190,168,12,0.103514877508685,358,1
532,"(1,17)",,False,71,"[1, 5, 13, 2, 17]",10,0.096393762183235,-190,169,13,0.12212475633528201,359,1
533,"(1,17)",,False,71,"[1, 5, 13, 2, 17]",10,0.096393762183235,-190,169,13,0.12212475633528201,359,1
534,16:20,assassinate,True,60,"[3, 16, 17, 1, 4]",10,0.105458089668615,-192,169,12,0.149563618642566,361,1
535,16:20,assassinate,True,60,"[3, 16, 17, 1, 4]",10,0.105458089668615,-192,169,12,0.149563618642566,361,1
536,"(19,0)",,False,60,"[19, 0, 8, 2, 18]",9,0.062173953402023,-194,169,12,0.14025214551530302,363,1
537,"(19,0)",,False,60,"[19, 0, 8, 2, 18]",9,0.062173953402023,-194,169,12,0.14025214551530302,363,1
538,"(6,2)",,False,62,"[6, 17, 12, 5, 2]",9,0.054490392648287006,-196,169,12,0.12305068226120801,365,1
539,"(6,2)",,False,62,"[6, 17, 12, 5, 2]",9,0.054490392648287006,-196,169,12,0.12305068226120801,365,1
540,"(0,12)",,False,60,"[0, 12, 9, 15, 17]",8,0.047169059011164007,-198,169,11,0.092038809144072,367,1
541,"(0,12)",,False,60,"[0, 12, 9, 15, 17]",8,0.047169059011164007,-198,169,11,0.092038809144072,367,1
542,"(11,2)",,False,62,"[12, 8, 5, 11, 2]",8,0.051893027280024005,-200,169,11,0.09043010080161701,369,1
543,"(11,2)",,False,62,"[12, 8, 5, 11, 2]",8,0.051893027280024005,-200,169,11,0.09043010080161701,369,1
544,"(13,1)",,False,64,"[3, 13, 4, 18, 1]",8,0.051854805363577006,-202,169,12,0.09831227901403301,371,1
545,"(13,1)",,False,64,"[3, 13, 4, 18, 1]",8,0.051854805363577006,-202,169,12,0.09831227901403301,371,1
546,"(0,7)",,False,62,"[18, 0, 10, 7, 15]",7,0.03942781791079,-204,169,11,0.08931970448998301,373,1
547,"(0,7)",,False,62,"[18, 0, 10, 7, 15]",7,0.03942781791079,-204,169,11,0.08931970448998301,373,1
548,"(19,4)",,False,62,"[15, 2, 19, 14, 4]",7,0.038908825093035004,-206,169,11,0.085567502672765,375,1
549,"(19,4)",,False,62,"[15, 2, 19, 14, 4]",7,0.038908825093035004,-206,169,11,0.085567502672765,375,1
550,"(10,0)",,False,62,"[1, 15, 10, 3, 0]",7,0.038908825093035004,-208,169,11,0.085567502672765,377,1
551,"(10,0)",,False,62,"[1, 15, 10, 3, 0]",7,0.038908825093035004,-208,169,11,0.085567502672765,377,1
552,"(10,9)",,False,60,"[19, 0, 10, 4, 9]",7,0.05336257309941501,-210,169,11,0.095589400852558,379,1
553,"(10,9)",,False,60,"[19, 0, 10, 4, 9]",7,0.05336257309941501,-210,169,11,0.095589400852558,379,1
554,"(14,11)",,False,62,"[12, 14, 11, 6, 13]",7,0.041304861480300006,-212,169,11,0.085504846031161,381,1
555,"(14,11)",,False,62,"[12, 14, 11, 6, 13]",7,0.041304861480300006,-212,169,11,0.085504846031161,381,1
556,"(6,0)",,True,62,"[2, 15, 10, 6, 0]",6,0.031070943351645,-214,169,11,0.06961790646001101,383,1
557,"(6,0)",,True,62,"[2, 15, 10, 6, 0]",6,0.031070943351645,-214,169,11,0.06961790646001101,383,1
558,"(9,18)",,False,64,"[14, 9, 6, 18, 17]",6,0.026765632028789003,-216,169,11,0.065652021792372,385,1
559,"(9,18)",,False,64,"[14, 9, 6, 18, 17]",6,0.026765632028789003,-216,169,11,0.065652021792372,385,1
560,"(19,11)",,False,66,"[7, 19, 6, 16, 11]",7,0.037954930060193,-218,169,11,0.064689501531606,387,1
561,"(19,11)",,False,66,"[7, 19, 6, 16, 11]",7,0.037954930060193,-218,169,11,0.064689501531606,387,1
562,"(16,1)",,False,68,"[16, 19, 7, 1, 15]",7,0.033350827210476004,-220,169,12,0.12176506080014801,389,1
563,"(16,1)",,False,68,"[16, 19, 7, 1, 15]",7,0.033350827210476004,-220,169,12,0.12176506080014801,389,1
564,"(1,19)",,False,70,"[0, 1, 13, 12, 19]",7,0.031545720361509,-222,169,13,0.13231732529978102,391,1
565,"(1,19)",,False,70,"[0, 1, 13, 12, 19]",7,0.031545720361509,-222,169,13,0.13231732529978102,391,1
566,"(2,7)",,False,70,"[2, 8, 7, 5, 10]",7,0.031893812814865,-224,169,13,0.12359054201159402,393,1
567,"(2,7)",,False,70,"[2, 8, 7, 5, 10]",7,0.031893812814865,-224,169,13,0.12359054201159402,393,1
568,"(19,13)",,False,68,"[14, 6, 2, 19, 13]",7,0.039474251238957,-226,169,12,0.10555593357450901,395,1
569,"(19,13)",,False,68,"[14, 6, 2, 19, 13]",7,0.039474251238957,-226,169,12,0.10555593357450901,395,1
570,"(5,1)",,False,70,"[15, 18, 5, 19, 1]",8,0.045506815166257,-228,169,13,0.12580254855796602,397,1
571,"(5,1)",,False,70,"[15, 18, 5, 19, 1]",8,0.045506815166257,-228,169,13,0.12580254855796602,397,1
572,"(19,6)",,False,72,"[19, 8, 5, 17, 6]",9,0.06290510888034101,-230,169,13,0.12103178326088501,399,1
573,"(19,6)",,False,72,"[19, 8, 5, 17, 6]",9,0.06290510888034101,-230,169,13,0.12103178326088501,399,1
574,"(18,8)",,False,72,"[3, 11, 18, 6, 8]",9,0.06410375686691401,-232,169,13,0.12001151869572901,401,1
575,"(18,8)",,False,72,"[3, 11, 18, 6, 8]",9,0.06410375686691401,-232,169,13,0.12001151869572901,401,1
576,"(4,18)",,False,72,"[4, 18, 14, 3, 7]",9,0.06658749794714701,-234,169,13,0.12053299202422,403,1
577,"(4,18)",,False,72,"[4, 18, 14, 3, 7]",9,0.06658749794714701,-234,169,13,0.12053299202422,403,1
578,"(0,17)",,False,72,"[12, 19, 0, 17, 15]",8,0.050298645474084004,-236,169,13,0.11498975358624401,405,1
579,"(0,17)",,False,72,"[12, 19, 0, 17, 15]",8,0.050298645474084004,-236,169,13,0.11498975358624401,405,1
580,"(8,13)",,False,72,"[8, 7, 11, 13, 2]",9,0.06101356408373901,-238,169,13,0.12156680226855601,407,1
581,"(8,13)",,False,72,"[8, 7, 11, 13, 2]",9,0.06101356408373901,-238,169,13,0.12156680226855601,407,1
582,"(14,0)",,False,72,"[14, 11, 8, 0, 9]",8,0.040042300130019005,-240,169,13,0.118300088475527,409,1
583,"(14,0)",,False,72,"[14, 11, 8, 0, 9]",8,0.040042300130019005,-240,169,13,0.118300088475527,409,1
584,"(18,7)",,False,72,"[18, 12, 7, 2, 10]",8,0.040042300130019005,-242,169,13,0.118300088475527,411,1
585,"(18,7)",,False,72,"[18, 12, 7, 2, 10]",8,0.040042300130019005,-242,169,13,0.118300088475527,411,1
586,"(1,11)",,False,72,"[17, 1, 19, 12, 11]",8,0.050894281157439006,-244,169,14,0.13152799929115702,413,1
587,"(1,11)",,False,72,"[17, 1, 19, 12, 11]",8,0.050894281157439006,-244,169,14,0.13152799929115702,413,1
588,"(6,0)",,False,72,"[6, 2, 0, 15, 14]",8,0.052702574916197,-246,169,14,0.12939274061565,415,1
589,"(6,0)",,False,72,"[6, 2, 0, 15, 14]",8,0.052702574916197,-246,169,14,0.12939274061565,415,1
590,"(8,15)",,False,72,"[7, 11, 19, 8, 15]",8,0.053146495174358,-248,169,14,0.137282972731889,417,1
591,"(8,15)",,False,72,"[7, 11, 19, 8, 15]",8,0.053146495174358,-248,169,14,0.137282972731889,417,1
592,"(0,9)",,False,72,"[6, 0, 8, 7, 9]",7,0.032400184954364,-250,169,14,0.129966069362354,419,1
593,"(0,9)",,False,72,"[6, 0, 8, 7, 9]",7,0.032400184954364,-250,169,14,0.129966069362354,419,1
594,"(1,2)",,False,72,"[12, 1, 2, 11, 18]",7,0.031767550188602,-252,169,14,0.133184813886568,421,1
595,"(1,2)",,False,72,"[12, 1, 2, 11, 18]",7,0.031767550188602,-252,169,14,0.133184813886568,421,1
596,"(13,12)",,False,70,"[13, 2, 18, 12, 10]",7,0.032888407888407,-254,169,13,0.103408985426529,423,1
597,"(13,12)",,False,70,"[13, 2, 18, 12, 10]",7,0.032888407888407,-254,169,13,0.103408985426529,423,1
598,"(17,0)",,False,68,"[17, 8, 12, 11, 0]",6,0.025976643468903,-256,169,12,0.07959199574266601,425,1
599,"(17,0)",,False,68,"[17, 8, 12, 11, 0]",6,0.025976643468903,-256,169,12,0.07959199574266601,425,1
600,"(19,5)",,False,70,"[6, 8, 19, 7, 5]",6,0.017466050747784,-258,169,12,0.07134666732189901,427,1
601,"(19,5)",,False,70,"[6, 8, 19, 7, 5]",6,0.017466050747784,-258,169,12,0.07134666732189901,427,1
602,"(9,1)",,False,72,"[5, 19, 9, 6, 1]",6,0.017361623011777003,-260,169,13,0.10248005635002501,429,1
603,"(9,1)",,False,72,"[5, 19, 9, 6, 1]",6,0.017361623011777003,-260,169,13,0.10248005635002501,429,1
604,"(0,10)",,False,72,"[6, 0, 18, 10, 12]",5,0.010629514963880001,-262,169,13,0.09763005742107901,431,1
605,"(0,10)",,False,72,"[6, 0, 18, 10, 12]",5,0.010629514963880001,-262,169,13,0.09763005742107901,431,1
606,"(5,0)",,False,72,"[5, 0, 7, 12, 10]",4,0.006237816764132,-264,169,13,0.088463145042092,433,1
607,"(5,0)",,False,72,"[5, 0, 7, 12, 10]",4,0.006237816764132,-264,169,13,0.088463145042092,433,1
608,"(1,19)",,False,74,"[15, 5, 17, 1, 19]",5,0.015065441381230001,-266,169,14,0.10072403230297901,435,1
609,"(1,19)",,False,74,"[15, 5, 17, 1, 19]",5,0.015065441381230001,-266,169,14,0.10072403230297901,435,1
610,"(11,16)",,False,74,"[11, 17, 4, 16, 13]",5,0.015093288777499,-268,169,14,0.11769702032859901,437,1
611,"(11,16)",,False,74,"[11, 17, 4, 16, 13]",5,0.015093288777499,-268,169,14,0.11769702032859901,437,1
612,"(14,11)",,False,72,"[8, 4, 14, 11, 7]",5,0.016181868813447003,-270,169,13,0.11501860712387,439,1
613,"(14,11)",,False,72,"[8, 4, 14, 11, 7]",5,0.016181868813447003,-270,169,13,0.11501860712387,439,1
614,"(16,5)",,False,72,"[14, 12, 13, 16, 5]",5,0.015942634363686002,-272,169,13,0.115016708437761,441,1
615,"(16,5)",,False,72,"[14, 12, 13, 16, 5]",5,0.015942634363686002,-272,169,13,0.115016708437761,441,1
616,"(12,17)",,False,72,"[12, 7, 17, 13, 3]",6,0.035588972431077004,-274,169,13,0.11803815093288701,443,1
617,"(12,17)",,False,72,"[12, 7, 17, 13, 3]",6,0.035588972431077004,-274,169,13,0.11803815093288701,443,1
618,"(0,6)",,False,72,"[0, 6, 12, 7, 16]",6,0.028822055137844003,-276,169,13,0.11413951545530401,445,1
619,"(0,6)",,False,72,"[0, 6, 12, 7, 16]",6,0.028822055137844003,-276,169,13,0.11413951545530401,445,1
620,"(13,17)",,False,72,"[13, 9, 15, 6, 17]",6,0.027513227513227004,-278,169,13,0.09440963519910801,447,1
621,"(13,17)",,False,72,"[13, 9, 15, 6, 17]",6,0.027513227513227004,-278,169,13,0.09440963519910801,447,1
622,"(0,8)",,False,72,"[6, 0, 12, 8, 15]",5,0.013032581453634002,-280,169,13,0.088335421888053,449,1
623,"(0,8)",,False,72,"[6, 0, 12, 8, 15]",5,0.013032581453634002,-280,169,13,0.088335421888053,449,1
624,"(6,1)",,False,74,"[11, 6, 18, 1, 2]",6,0.020431128325865,-282,169,14,0.11302973342447001,451,1
625,"(6,1)",,False,74,"[11, 6, 18, 1, 2]",6,0.020431128325865,-282,169,14,0.11302973342447001,451,1
626,"(7,17)",,False,74,"[7, 17, 9, 16, 3]",6,0.020050125313283002,-284,169,14,0.12094472291840701,453,1
627,"(7,17)",,False,74,"[7, 17, 9, 16, 3]",6,0.020050125313283002,-284,169,14,0.12094472291840701,453,1
628,"(9,4)",,False,74,"[12, 9, 4, 2, 14]",6,0.019766296082085,-286,169,14,0.120606002184949,455,1
629,"(9,4)",,False,74,"[12, 9, 4, 2, 14]",6,0.019766296082085,-286,169,14,0.120606002184949,455,1
630,"(3,0)",,False,74,"[3, 7, 0, 12, 5]",5,0.013220405325668,-288,169,14,0.106801288380235,457,1
631,"(3,0)",,False,74,"[3, 7, 0, 12, 5]",5,0.013220405325668,-288,169,14,0.106801288380235,457,1
632,"(9,19)",,False,74,"[9, 5, 3, 8, 19]",5,0.012575630996683,-290,169,14,0.106993493835599,459,1
633,"(9,19)",,False,74,"[9, 5, 3, 8, 19]",5,0.012575630996683,-290,169,14,0.106993493835599,459,1
634,"(11,9)",,False,74,"[14, 8, 11, 4, 9]",5,0.011654135338345,-292,169,14,0.11769702032859901,461,1
635,"(11,9)",,False,74,"[14, 8, 11, 4, 9]",5,0.011654135338345,-292,169,14,0.11769702032859901,461,1
636,"(1,8)",,False,76,"[5, 10, 16, 1, 8]",5,0.010641989589358001,-294,169,15,0.142400873979821,463,1
637,"(1,8)",,False,76,"[5, 10, 16, 1, 8]",5,0.010641989589358001,-294,169,15,0.142400873979821,463,1
638,"(10,1)",,False,76,"[10, 6, 3, 11, 1]",5,0.011519182571814002,-296,169,15,0.14529700319174002,465,1
639,"(10,1)",,False,76,"[10, 6, 3, 11, 1]",5,0.011519182571814002,-296,169,15,0.14529700319174002,465,1
640,"(7,4)",,False,76,"[7, 3, 11, 4, 1]",6,0.019511385300858,-298,169,15,0.15156266735214102,467,1
641,"(7,4)",,False,76,"[7, 3, 11, 4, 1]",6,0.019511385300858,-298,169,15,0.15156266735214102,467,1
642,"(5,7)",,False,76,"[5, 7, 10, 17, 6]",6,0.02360495255232,-300,169,15,0.142303408092881,469,1
643,"(5,7)",,False,76,"[5, 7, 10, 17, 6]",6,0.02360495255232,-300,169,15,0.142303408092881,469,1
644,"(6,1)",,False,78,"[6, 1, 15, 16, 18]",7,0.030980228348649004,-302,169,16,0.16608187134502903,471,1
645,"(6,1)",,False,78,"[6, 1, 15, 16, 18]",7,0.030980228348649004,-302,169,16,0.16608187134502903,471,1
646,"(11,16)",,False,78,"[11, 15, 7, 16, 1]",7,0.030458089668615,-304,169,16,0.16320662768031102,473,1
647,"(11,16)",,False,78,"[11, 15, 7, 16, 1]",7,0.030458089668615,-304,169,16,0.16320662768031102,473,1
648,"(19,17)",,False,78,"[3, 19, 15, 17, 4]",7,0.030367585630743002,-306,169,16,0.157463102199944,475,1
649,"(19,17)",,False,78,"[3, 19, 15, 17, 4]",7,0.030367585630743002,-306,169,16,0.157463102199944,475,1
650,"(19,4)",,False,80,"[6, 7, 19, 1, 4]",7,0.029239766081871003,-308,169,16,0.146881091617933,477,1
651,"(19,4)",,False,80,"[6, 7, 19, 1, 4]",7,0.029239766081871003,-308,169,16,0.146881091617933,477,1
652,"(14,9)",,False,80,"[0, 14, 9, 16, 13]",7,0.028967304625199003,-310,169,16,0.16136395281132102,479,1
653,"(14,9)",,False,80,"[0, 14, 9, 16, 13]",7,0.028967304625199003,-310,169,16,0.16136395281132102,479,1
654,19:22,assassinate,True,70,"[19, 4, 14, 16, 7]",6,0.022880116959064,-312,169,15,0.17801796157059302,481,1
655,19:22,assassinate,True,70,"[19, 4, 14, 16, 7]",6,0.022880116959064,-312,169,15,0.17801796157059302,481,1
656,"(10,15)",,False,68,"[10, 15, 8, 1, 5]",6,0.024853801169590004,-314,169,14,0.162712336396546,483,1
657,"(10,15)",,False,68,"[10, 15, 8, 1, 5]",6,0.024853801169590004,-314,169,14,0.162712336396546,483,1
658,"(18,9)",,True,68,"[18, 4, 17, 5, 9]",6,0.035575048732943,-316,169,14,0.19947089947089902,485,1
659,"(18,9)",,True,68,"[18, 4, 17, 5, 9]",6,0.035575048732943,-316,169,14,0.19947089947089902,485,1
660,"(16,6)",,True,68,"[17, 5, 16, 2, 6]",7,0.043460925039872006,-318,169,14,0.21401989823042403,487,1
661,"(16,6)",,True,68,"[17, 5, 16, 2, 6]",7,0.043460925039872006,-318,169,14,0.21401989823042403,487,1
662,"(8,3)",,False,68,"[10, 8, 0, 18, 3]",8,0.08507386051245701,-320,169,14,0.21991283570230902,489,1
663,"(8,3)",,False,68,"[10, 8, 0, 18, 3]",8,0.08507386051245701,-320,169,14,0.21991283570230902,489,1
664,"(14,8)",,False,66,"[15, 0, 17, 14, 8]",8,0.08416917715163301,-322,169,13,0.12751196172248802,491,1
665,"(14,8)",,False,66,"[15, 0, 17, 14, 8]",8,0.08416917715163301,-322,169,13,0.12751196172248802,491,1
666,"(1,19)",,False,66,"[18, 8, 12, 1, 19]",8,0.056454056015459005,-324,169,13,0.15740614161666702,493,1
667,"(1,19)",,False,66,"[18, 8, 12, 1, 19]",8,0.056454056015459005,-324,169,13,0.15740614161666702,493,1
668,"(4,0)",,False,66,"[4, 9, 0, 12, 17]",7,0.0395850737956,-326,169,13,0.149747052817228,495,1
669,"(4,0)",,False,66,"[4, 9, 0, 12, 17]",7,0.0395850737956,-326,169,13,0.149747052817228,495,1
670,"(9,18)",,False,68,"[4, 9, 18, 14, 6]",7,0.036939571150097,-328,169,13,0.15482920263622002,497,1
671,"(9,18)",,False,68,"[4, 9, 18, 14, 6]",7,0.036939571150097,-328,169,13,0.15482920263622002,497,1
672,"(11,8)",,False,68,"[16, 18, 10, 11, 8]",7,0.036939571150097,-330,169,13,0.15482920263622002,499,1
673,"(11,8)",,False,68,"[16, 18, 10, 11, 8]",7,0.036939571150097,-330,169,13,0.15482920263622002,499,1
674,"(4,8)",,False,68,"[4, 7, 8, 11, 18]",7,0.035477582846003004,-332,169,13,0.15894407736513,501,1
675,"(4,8)",,False,68,"[4, 7, 8, 11, 18]",7,0.035477582846003004,-332,169,13,0.15894407736513,501,1
676,"(1,10)",,False,70,"[7, 1, 5, 10, 11]",8,0.0588693957115,-334,169,14,0.165155945419103,503,1
677,"(1,10)",,False,70,"[7, 1, 5, 10, 11]",8,0.0588693957115,-334,169,14,0.165155945419103,503,1
678,"(4,18)",,False,68,"[1, 4, 10, 18, 14]",8,0.061111111111111005,-336,169,13,0.167975494291283,505,1
679,"(4,18)",,False,68,"[1, 4, 10, 18, 14]",8,0.061111111111111005,-336,169,13,0.167975494291283,505,1
680,"(18,11)",,False,68,"[14, 18, 19, 7, 11]",9,0.07573099415204601,-338,169,13,0.170760233918128,507,1
681,"(18,11)",,False,68,"[14, 18, 19, 7, 11]",9,0.07573099415204601,-338,169,13,0.170760233918128,507,1
682,"(1,9)",,False,68,"[1, 8, 18, 19, 9]",9,0.08352826510721201,-340,169,13,0.198621553884711,509,1
683,"(1,9)",,False,68,"[1, 8, 18, 19, 9]",9,0.08352826510721201,-340,169,13,0.198621553884711,509,1
684,"(0,15)",,False,68,"[0, 5, 15, 12, 17]",8,0.075048732943469,-342,169,13,0.19277360066833701,511,1
685,"(0,15)",,False,68,"[0, 5, 15, 12, 17]",8,0.075048732943469,-342,169,13,0.19277360066833701,511,1
686,"(0,2)",,False,66,"[17, 0, 5, 16, 2]",7,0.061036137351926006,-344,169,12,0.174353180932128,513,1
687,"(0,2)",,False,66,"[17, 0, 5, 16, 2]",7,0.061036137351926006,-344,169,12,0.174353180932128,513,1
688,"(13,1)",,False,68,"[18, 13, 14, 0, 1]",7,0.059405458089668,-346,169,13,0.155104195674371,515,1
689,"(13,1)",,False,68,"[18, 13, 14, 0, 1]",7,0.059405458089668,-346,169,13,0.155104195674371,515,1
690,"(14,13)",,False,68,"[15, 14, 16, 13, 9]",7,0.060030125819599,-348,169,13,0.150826772318,517,1
691,"(14,13)",,False,68,"[15, 14, 16, 13, 9]",7,0.060030125819599,-348,169,13,0.150826772318,517,1
692,"(6,7)",,False,70,"[16, 4, 18, 6, 7]",8,0.060865547707652005,-350,169,13,0.144838316329544,519,1
693,"(6,7)",,False,70,"[16, 4, 18, 6, 7]",8,0.060865547707652005,-350,169,13,0.144838316329544,519,1
694,"(1,15)",,False,72,"[8, 14, 17, 1, 15]",8,0.058863066757803006,-352,169,14,0.153446326253343,521,1
695,"(1,15)",,False,72,"[8, 14, 17, 1, 15]",8,0.058863066757803006,-352,169,14,0.153446326253343,521,1
696,"(5,8)",,False,70,"[5, 14, 3, 10, 8]",8,0.06443254601149301,-354,169,13,0.14428622060201002,523,1
697,"(5,8)",,False,70,"[5, 14, 3, 10, 8]",8,0.06443254601149301,-354,169,13,0.14428622060201002,523,1
698,"(5,19)",,False,68,"[7, 5, 12, 3, 19]",8,0.078845261301401,-356,169,13,0.16226044910255402,525,1
699,"(5,19)",,False,68,"[7, 5, 12, 3, 19]",8,0.078845261301401,-356,169,13,0.16226044910255402,525,1
700,"(7,16)",,False,70,"[7, 12, 5, 16, 8]",8,0.060597183842797005,-358,169,13,0.14699472067893102,527,1
701,"(7,16)",,False,70,"[7, 12, 5, 16, 8]",8,0.060597183842797005,-358,169,13,0.14699472067893102,527,1
702,"(14,6)",,False,68,"[14, 6, 7, 11, 18]",8,0.066346843539825,-360,169,12,0.123580837615925,529,1
703,"(14,6)",,False,68,"[14, 6, 7, 11, 18]",8,0.066346843539825,-360,169,12,0.123580837615925,529,1
704,"(18,3)",,False,68,"[4, 18, 6, 3, 16]",8,0.06488485523573201,-362,169,12,0.11942250407162601,531,1
705,"(18,3)",,False,68,"[4, 18, 6, 3, 16]",8,0.06488485523573201,-362,169,12,0.11942250407162601,531,1
706,"(9,5)",,False,68,"[3, 9, 10, 7, 5]",8,0.064657012902626,-364,169,12,0.131548779355796,533,1
707,"(9,5)",,False,68,"[3, 9, 10, 7, 5]",8,0.064657012902626,-364,169,12,0.131548779355796,533,1
708,"(12,1)",,False,70,"[18, 12, 10, 1, 4]",8,0.06313004734057301,-366,169,13,0.14459169810047,535,1
709,"(12,1)",,False,70,"[18, 12, 10, 1, 4]",8,0.06313004734057301,-366,169,13,0.14459169810047,535,1
710,"(11,2)",,False,70,"[11, 5, 17, 12, 2]",9,0.074745141721405,-368,169,13,0.145366821192414,537,1
711,"(11,2)",,False,70,"[11, 5, 17, 12, 2]",9,0.074745141721405,-368,169,13,0.145366821192414,537,1
712,11:10,assassinate,True,66,"[5, 3, 11, 2, 10]",8,0.056780840991367,-370,169,13,0.117590271976236,539,1
713,11:10,assassinate,True,66,"[5, 3, 11, 2, 10]",8,0.056780840991367,-370,169,13,0.117590271976236,539,1
714,16:8,assassinate,True,63,"[15, 2, 5, 9, 16]",7,0.038652186020607,-372,169,13,0.11072588879606401,541,1
715,16:8,assassinate,True,63,"[15, 2, 5, 9, 16]",7,0.038652186020607,-372,169,13,0.11072588879606401,541,1
716,"(9,18)",,False,63,"[2, 3, 9, 8, 18]",8,0.138206627680311,-370,171,13,0.129047154924347,541,1
717,"(9,18)",,False,63,"[2, 3, 9, 8, 18]",8,0.138206627680311,-370,171,13,0.129047154924347,541,1
718,"(1,0)",,False,63,"[1, 3, 0, 19, 12]",9,0.14182678919521002,-368,173,13,0.109189640768588,541,1
719,"(1,0)",,False,63,"[1, 3, 0, 19, 12]",9,0.14182678919521002,-368,173,13,0.109189640768588,541,1
720,"(6,2)",,False,63,"[19, 15, 6, 2, 11]",9,0.139571150097465,-366,175,13,0.09939558492190001,541,1
721,"(6,2)",,False,63,"[19, 15, 6, 2, 11]",9,0.139571150097465,-366,175,13,0.09939558492190001,541,1
722,"(1,2)",,False,63,"[1, 2, 19, 4, 15]",9,0.139571150097465,-364,177,13,0.11233639654692201,541,1
723,"(1,2)",,False,63,"[1, 2, 19, 4, 15]",9,0.139571150097465,-364,177,13,0.11233639654692201,541,1
724,"(17,16)",,False,65,"[4, 17, 16, 10, 7]",9,0.071539961013645,-364,178,13,0.089042049568365,542,1
725,"(17,16)",,False,65,"[4, 17, 16, 10, 7]",9,0.071539961013645,-364,178,13,0.089042049568365,542,1
726,"(8,1)",,False,67,"[4, 19, 8, 1, 6]",9,0.08226120857699801,-364,179,14,0.133876357560568,543,1
727,"(8,1)",,False,67,"[4, 19, 8, 1, 6]",9,0.08226120857699801,-364,179,14,0.133876357560568,543,1
728,"(0,8)",,False,67,"[0, 8, 2, 19, 1]",8,0.060196431249062,-366,179,14,0.144957479168005,545,1
729,"(0,8)",,False,67,"[0, 8, 2, 19, 1]",8,0.060196431249062,-366,179,14,0.144957479168005,545,1
730,"(15,2)",,False,67,"[18, 15, 3, 4, 2]",9,0.09606387764282501,-368,179,14,0.16074695285221602,547,1
731,"(15,2)",,False,67,"[18, 15, 3, 4, 2]",9,0.09606387764282501,-368,179,14,0.16074695285221602,547,1
732,"(11,16)",,False,67,"[14, 10, 11, 16, 5]",9,0.07974958764432401,-370,179,14,0.16900156373840503,549,1
733,"(11,16)",,False,67,"[14, 10, 11, 16, 5]",9,0.07974958764432401,-370,179,14,0.16900156373840503,549,1
734,"(9,7)",,False,69,"[13, 9, 19, 4, 7]",9,0.071173303629443,-372,179,14,0.141720040842847,551,1
735,"(9,7)",,False,69,"[13, 9, 19, 4, 7]",9,0.071173303629443,-372,179,14,0.141720040842847,551,1
736,3:20,assassinate,True,60,"[1, 18, 15, 7, 3]",8,0.05720361509835101,-374,179,13,0.15304430118671603,553,1
737,3:20,assassinate,True,60,"[1, 18, 15, 7, 3]",8,0.05720361509835101,-374,179,13,0.15304430118671603,553,1
738,"(11,1)",,True,62,"[12, 0, 18, 11, 1]",8,0.09439128123338601,-376,179,14,0.20399237845058202,555,1
739,"(11,1)",,True,62,"[12, 0, 18, 11, 1]",8,0.09439128123338601,-376,179,14,0.20399237845058202,555,1
740,"(1,16)",,False,62,"[8, 4, 1, 16, 13]",8,0.107504873294346,-378,179,15,0.28290169869117204,557,1
741,"(1,16)",,False,62,"[8, 4, 1, 16, 13]",8,0.107504873294346,-378,179,15,0.28290169869117204,557,1
742,"(17,5)",,False,62,"[17, 11, 1, 5, 0]",8,0.107504873294346,-380,179,15,0.27997772208298505,559,1
743,"(17,5)",,False,62,"[17, 11, 1, 5, 0]",8,0.107504873294346,-380,179,15,0.27997772208298505,559,1
744,"(8,15)",,True,62,"[6, 3, 8, 7, 15]",8,0.09995822890559701,-382,179,15,0.27383491408259203,561,1
745,"(8,15)",,True,62,"[6, 3, 8, 7, 15]",8,0.09995822890559701,-382,179,15,0.27383491408259203,561,1
746,"(18,2)",,False,62,"[5, 7, 18, 13, 2]",8,0.09697855750487301,-384,179,15,0.256304978131603,563,1
747,"(18,2)",,False,62,"[5, 7, 18, 13, 2]",8,0.09697855750487301,-384,179,15,0.256304978131603,563,1
748,"(14,3)",,False,62,"[14, 15, 2, 0, 3]",8,0.104051796157059,-386,179,15,0.26651350598719004,565,1
749,"(14,3)",,False,62,"[14, 15, 2, 0, 3]",8,0.104051796157059,-386,179,15,0.26651350598719004,565,1
750,"(3,7)",,False,64,"[12, 6, 3, 13, 7]",9,0.11752297410192102,-388,179,15,0.24277360066833703,567,1
751,"(3,7)",,False,64,"[12, 6, 3, 13, 7]",9,0.11752297410192102,-388,179,15,0.24277360066833703,567,1
752,"(6,0)",,False,64,"[1, 6, 5, 14, 0]",9,0.11606794764689501,-390,179,15,0.23611111111111102,569,1
753,"(6,0)",,False,64,"[1, 6, 5, 14, 0]",9,0.11606794764689501,-390,179,15,0.23611111111111102,569,1
754,"(16,0)",,False,64,"[16, 1, 4, 0, 18]",9,0.11421609579504301,-392,179,15,0.23131761026497802,571,1
755,"(16,0)",,False,64,"[16, 1, 4, 0, 18]",9,0.11421609579504301,-392,179,15,0.23131761026497802,571,1
756,"(1,7)",,False,64,"[0, 10, 6, 1, 7]",9,0.156954887218045,-394,179,16,0.270265407107512,573,1
757,"(1,7)",,False,64,"[0, 10, 6, 1, 7]",9,0.156954887218045,-394,179,16,0.270265407107512,573,1
758,"(5,4)",,False,64,"[5, 8, 4, 6, 18]",9,0.156954887218045,-396,179,16,0.273328620697041,575,1
759,"(5,4)",,False,64,"[5, 8, 4, 6, 18]",9,0.156954887218045,-396,179,16,0.273328620697041,575,1
760,"(1,3)",,False,66,"[10, 1, 16, 7, 3]",10,0.147619047619047,-398,179,17,0.28696741854636504,577,1
761,"(1,3)",,False,66,"[10, 1, 16, 7, 3]",10,0.147619047619047,-398,179,17,0.28696741854636504,577,1
762,"(0,9)",,False,66,"[15, 0, 17, 13, 9]",9,0.042251461988304005,-400,179,17,0.253898635477582,579,1
763,"(0,9)",,False,66,"[15, 0, 17, 13, 9]",9,0.042251461988304005,-400,179,17,0.253898635477582,579,1
764,"(18,9)",,False,68,"[12, 18, 15, 9, 0]",9,0.041764132553606004,-402,179,17,0.280214424951267,581,1
765,"(18,9)",,False,68,"[12, 18, 15, 9, 0]",9,0.041764132553606004,-402,179,17,0.280214424951267,581,1
766,"(9,1)",,False,70,"[9, 1, 4, 10, 6]",9,0.041764132553606004,-404,179,18,0.30769980506822603,583,1
767,"(9,1)",,False,70,"[9, 1, 4, 10, 6]",9,0.041764132553606004,-404,179,18,0.30769980506822603,583,1
768,"(1,14)",,True,72,"[3, 1, 16, 14, 8]",9,0.040058479532163,-406,179,19,0.326705653021442,585,1
769,"(1,14)",,True,72,"[3, 1, 16, 14, 8]",9,0.040058479532163,-406,179,19,0.326705653021442,585,1
770,"(18,17)",,False,72,"[18, 12, 17, 14, 1]",9,0.039766081871345005,-408,179,19,0.33479532163742604,587,1
771,"(18,17)",,False,72,"[18, 12, 17, 14, 1]",9,0.039766081871345005,-408,179,19,0.33479532163742604,587,1
772,"(2,15)",,False,70,"[2, 15, 4, 12, 17]",9,0.080828333459912,-410,179,18,0.29875193033087705,589,1
773,"(2,15)",,False,70,"[2, 15, 4, 12, 17]",9,0.080828333459912,-410,179,18,0.29875193033087705,589,1
774,"(15,9)",,False,70,"[14, 15, 9, 19, 1]",9,0.07773031062504701,-412,179,18,0.304585959849117,591,1
775,"(15,9)",,False,70,"[14, 15, 9, 19, 1]",9,0.07773031062504701,-412,179,18,0.304585959849117,591,1
776,"(4,12)",,False,70,"[4, 12, 9, 16, 8]",9,0.078635351003772,-414,179,18,0.307718791929318,593,1
777,"(4,12)",,False,70,"[4, 12, 9, 16, 8]",9,0.078635351003772,-414,179,18,0.307718791929318,593,1
778,"(11,10)",,False,70,"[11, 2, 10, 15, 4]",9,0.06283300844704301,-416,179,18,0.29589715028311503,595,1
779,"(11,10)",,False,70,"[11, 2, 10, 15, 4]",9,0.06283300844704301,-416,179,18,0.29589715028311503,595,1
780,"(12,8)",,False,70,"[4, 6, 12, 8, 16]",9,0.06348278102664001,-418,179,18,0.266494941056344,597,1
781,"(12,8)",,False,70,"[4, 6, 12, 8, 16]",9,0.06348278102664001,-418,179,18,0.266494941056344,597,1
782,"(18,12)",,False,70,"[8, 18, 6, 3, 12]",9,0.06368235403323101,-420,179,18,0.25624245799684303,599,1
783,"(18,12)",,False,70,"[8, 18, 6, 3, 12]",9,0.06368235403323101,-420,179,18,0.25624245799684303,599,1
784,"(5,18)",,False,70,"[5, 1, 10, 18, 15]",9,0.06368235403323101,-422,179,18,0.260433491135245,601,1
785,"(5,18)",,False,70,"[5, 1, 10, 18, 15]",9,0.06368235403323101,-422,179,18,0.260433491135245,601,1
786,"(12,0)",,False,70,"[12, 18, 2, 17, 0]",8,0.052473777035180004,-424,179,18,0.252775457161422,603,1
787,"(12,0)",,False,70,"[12, 18, 2, 17, 0]",8,0.052473777035180004,-424,179,18,0.252775457161422,603,1
788,"(10,7)",,False,70,"[3, 1, 10, 14, 7]",8,0.056654261917419006,-426,179,18,0.25983519404572003,605,1
789,"(10,7)",,False,70,"[3, 1, 10, 14, 7]",8,0.056654261917419006,-426,179,18,0.25983519404572003,605,1
790,"(18,9)",,False,70,"[18, 9, 12, 11, 16]",9,0.068934963671805,-428,179,18,0.26558568137515504,607,1
791,"(18,9)",,False,70,"[18, 9, 12, 11, 16]",9,0.068934963671805,-428,179,18,0.26558568137515504,607,1
792,"(5,11)",,False,72,"[15, 14, 5, 4, 11]",10,0.06839320523531,-430,179,18,0.25544416597048103,609,1
793,"(5,11)",,False,72,"[15, 14, 5, 4, 11]",10,0.06839320523531,-430,179,18,0.25544416597048103,609,1
794,"(0,9)",,False,72,"[13, 14, 0, 9, 17]",9,0.05521442495126701,-432,179,18,0.23460735171261402,611,1
795,"(0,9)",,False,72,"[13, 14, 0, 9, 17]",9,0.05521442495126701,-432,179,18,0.23460735171261402,611,1
796,"(15,12)",,False,72,"[15, 12, 19, 8, 13]",9,0.05526315789473601,-434,179,18,0.23728766360345302,613,1
797,"(15,12)",,False,72,"[15, 12, 19, 8, 13]",9,0.05526315789473601,-434,179,18,0.23728766360345302,613,1
798,"(11,0)",,False,72,"[3, 19, 9, 11, 0]",8,0.026218323586744002,-436,179,18,0.23056251740462202,615,1
799,"(11,0)",,False,72,"[3, 19, 9, 11, 0]",8,0.026218323586744002,-436,179,18,0.23056251740462202,615,1
