,actionDetail,actionType,bonusActivated,graphEdgeCount,nodeList,p1Degree,p1Score,p1WinAdvantage,p1WinCount,p2Degree,p2Score,p2WinCount,player
0,"(2,3)",,False,2,"[2, 0, 3, 12, 14]",0,-0.001,0,0,0,-0.001,0,1
1,"(2,3)",,False,2,"[2, 0, 3, 12, 14]",0,-0.001,0,0,0,-0.001,0,1
2,"(4,12)",,False,4,"[4, 12, 18, 2, 17]",0,-0.001,0,0,0,-0.001,0,1
3,"(4,12)",,False,4,"[4, 12, 18, 2, 17]",0,-0.001,0,0,0,-0.001,0,1
4,"(5,19)",,False,6,"[5, 19, 7, 0, 8]",0,-0.001,0,0,0,-0.001,0,1
5,"(5,19)",,False,6,"[5, 19, 7, 0, 8]",0,-0.001,0,0,0,-0.001,0,1
6,"(7,4)",,False,8,"[7, 4, 2, 5, 16]",0,-0.001,0,0,0,-0.001,0,1
7,"(7,4)",,False,8,"[7, 4, 2, 5, 16]",0,-0.001,0,0,0,-0.001,0,1
8,"(14,1)",,False,10,"[14, 1, 4, 18, 3]",0,-0.001,-1,0,1,0.0,1,1
9,"(14,1)",,False,10,"[14, 1, 4, 18, 3]",0,-0.001,-1,0,1,0.0,1,1
10,"(2,12)",,False,10,"[2, 12, 13, 3, 15]",0,-0.001,-3,0,1,0.0,3,1
11,"(2,12)",,False,10,"[2, 12, 13, 3, 15]",0,-0.001,-3,0,1,0.0,3,1
12,"(1,12)",,False,12,"[1, 15, 12, 4, 6]",0,-0.001,-5,0,2,0.105263157894736,5,1
13,"(1,12)",,False,12,"[1, 15, 12, 4, 6]",0,-0.001,-5,0,2,0.105263157894736,5,1
14,"(7,1)",,False,14,"[7, 1, 17, 14, 6]",1,0.0,-7,0,3,0.23391812865497003,7,1
15,"(7,1)",,False,14,"[7, 1, 17, 14, 6]",1,0.0,-7,0,3,0.23391812865497003,7,1
16,"(6,17)",,False,14,"[6, 16, 5, 19, 17]",1,0.0,-9,0,3,0.269005847953216,9,1
17,"(6,17)",,False,14,"[6, 16, 5, 19, 17]",1,0.0,-9,0,3,0.269005847953216,9,1
18,"(18,1)",,True,16,"[18, 2, 11, 1, 17]",1,0.0,-11,0,4,0.228070175438596,11,1
19,"(18,1)",,True,16,"[18, 2, 11, 1, 17]",1,0.0,-11,0,4,0.228070175438596,11,1
20,11:6,assassinate,True,14,"[9, 2, 8, 0, 11]",1,0.0,-13,0,4,0.23976608187134502,13,1
21,11:6,assassinate,True,14,"[9, 2, 8, 0, 11]",1,0.0,-13,0,4,0.23976608187134502,13,1
22,"(8,1)",,False,16,"[8, 6, 13, 1, 10]",1,0.0,-15,0,5,0.321637426900584,15,1
23,"(8,1)",,False,16,"[8, 6, 13, 1, 10]",1,0.0,-15,0,5,0.321637426900584,15,1
24,"(16,18)",,False,18,"[4, 16, 0, 18, 3]",2,0.020467836257309,-17,0,5,0.304093567251461,17,1
25,"(16,18)",,False,18,"[4, 16, 0, 18, 3]",2,0.020467836257309,-17,0,5,0.304093567251461,17,1
26,"(5,3)",,False,16,"[7, 5, 12, 3, 0]",2,0.029239766081871003,-19,0,4,0.37426900584795303,19,1
27,"(5,3)",,False,16,"[7, 5, 12, 3, 0]",2,0.029239766081871003,-19,0,4,0.37426900584795303,19,1
28,"(8,0)",,False,16,"[5, 18, 8, 15, 0]",1,0.0,-21,0,4,0.385964912280701,21,1
29,"(8,0)",,False,16,"[5, 18, 8, 15, 0]",1,0.0,-21,0,4,0.385964912280701,21,1
30,"(4,12)",,False,18,"[4, 15, 10, 12, 16]",2,0.10233918128654901,-23,0,4,0.25438596491228,23,1
31,"(4,12)",,False,18,"[4, 15, 10, 12, 16]",2,0.10233918128654901,-23,0,4,0.25438596491228,23,1
32,"(18,8)",,False,18,"[18, 12, 7, 8, 10]",2,0.09356725146198801,-25,0,4,0.210526315789473,25,1
33,"(18,8)",,False,18,"[18, 12, 7, 8, 10]",2,0.09356725146198801,-25,0,4,0.210526315789473,25,1
34,"(9,8)",,True,18,"[9, 13, 7, 4, 8]",2,0.16374269005847902,-25,1,3,0.210526315789473,26,1
35,"(9,8)",,True,18,"[9, 13, 7, 4, 8]",2,0.16374269005847902,-25,1,3,0.210526315789473,26,1
36,"(5,4)",,False,20,"[5, 4, 15, 8, 6]",3,0.135477582846003,-23,3,3,0.09844054580896601,26,1
37,"(5,4)",,False,20,"[5, 4, 15, 8, 6]",3,0.135477582846003,-23,3,3,0.09844054580896601,26,1
38,"(0,18)",,False,20,"[6, 7, 0, 18, 13]",2,0.079922027290448,-23,4,3,0.150097465886939,27,1
39,"(0,18)",,False,20,"[6, 7, 0, 18, 13]",2,0.079922027290448,-23,4,3,0.150097465886939,27,1
40,"(1,9)",,False,22,"[1, 16, 8, 17, 9]",2,0.05653021442495101,-25,4,4,0.148148148148148,29,1
41,"(1,9)",,False,22,"[1, 16, 8, 17, 9]",2,0.05653021442495101,-25,4,4,0.148148148148148,29,1
42,"(14,13)",,False,24,"[0, 14, 17, 13, 7]",2,0.049707602339181006,-27,4,4,0.160818713450292,31,1
43,"(14,13)",,False,24,"[0, 14, 17, 13, 7]",2,0.049707602339181006,-27,4,4,0.160818713450292,31,1
44,"(4,5)",,False,24,"[6, 4, 0, 12, 5]",2,0.054580896686159,-29,4,4,0.159844054580896,33,1
45,"(4,5)",,False,24,"[6, 4, 0, 12, 5]",2,0.054580896686159,-29,4,4,0.159844054580896,33,1
46,"(9,8)",,False,24,"[9, 14, 8, 10, 2]",2,0.039961013645224,-31,4,4,0.15886939571150002,35,1
47,"(9,8)",,False,24,"[9, 14, 8, 10, 2]",2,0.039961013645224,-31,4,4,0.15886939571150002,35,1
48,3:4,assassinate,True,23,"[14, 3, 7, 6, 5]",2,0.035087719298245,-33,4,4,0.155945419103313,37,1
49,3:4,assassinate,True,23,"[14, 3, 7, 6, 5]",2,0.035087719298245,-33,4,4,0.155945419103313,37,1
50,"(15,18)",,False,25,"[0, 4, 6, 15, 18]",2,0.035087719298245,-35,4,4,0.11208576998050601,39,1
51,"(15,18)",,False,25,"[0, 4, 6, 15, 18]",2,0.035087719298245,-35,4,4,0.11208576998050601,39,1
52,"(8,17)",,False,25,"[18, 14, 8, 6, 17]",2,0.035087719298245,-37,4,4,0.11208576998050601,41,1
53,"(8,17)",,False,25,"[18, 14, 8, 6, 17]",2,0.035087719298245,-37,4,4,0.11208576998050601,41,1
54,"(14,4)",,True,27,"[15, 14, 16, 12, 4]",2,0.029239766081871003,-39,4,4,0.10233918128654901,43,1
55,"(14,4)",,True,27,"[15, 14, 16, 12, 4]",2,0.029239766081871003,-39,4,4,0.10233918128654901,43,1
56,"(3,15)",,False,29,"[17, 3, 15, 6, 4]",3,0.040935672514619006,-41,4,4,0.09454191033138401,45,1
57,"(3,15)",,False,29,"[17, 3, 15, 6, 4]",3,0.040935672514619006,-41,4,4,0.09454191033138401,45,1
58,"(11,8)",,False,29,"[16, 14, 11, 12, 8]",3,0.105263157894736,-39,6,3,0.087719298245614,45,1
59,"(11,8)",,False,29,"[16, 14, 11, 12, 8]",3,0.105263157894736,-39,6,3,0.087719298245614,45,1
60,"(9,14)",,False,31,"[9, 19, 14, 16, 8]",4,0.082358674463937,-37,8,3,0.045808966861598,45,1
61,"(9,14)",,False,31,"[9, 19, 14, 16, 8]",4,0.082358674463937,-37,8,3,0.045808966861598,45,1
62,4:8,assassinate,True,28,"[10, 0, 17, 19, 4]",5,0.14912280701754302,-35,10,3,0.028265107212475,45,1
63,4:8,assassinate,True,28,"[10, 0, 17, 19, 4]",5,0.14912280701754302,-35,10,3,0.028265107212475,45,1
64,"(8,15)",,False,30,"[8, 18, 16, 10, 15]",5,0.150097465886939,-33,12,3,0.023391812865497002,45,1
65,"(8,15)",,False,30,"[8, 18, 16, 10, 15]",5,0.150097465886939,-33,12,3,0.023391812865497002,45,1
66,"(12,11)",,True,30,"[18, 12, 11, 6, 0]",5,0.11471734892787501,-31,14,2,0.006042884990253,45,1
67,"(12,11)",,True,30,"[18, 12, 11, 6, 0]",5,0.11471734892787501,-31,14,2,0.006042884990253,45,1
68,"(0,2)",,False,28,"[0, 12, 5, 6, 2]",4,0.08401559454191,-29,16,2,0.010916179337231002,45,1
69,"(0,2)",,False,28,"[0, 12, 5, 6, 2]",4,0.08401559454191,-29,16,2,0.010916179337231002,45,1
70,"(18,2)",,False,28,"[14, 11, 8, 18, 2]",4,0.062670565302144,-27,18,2,0.010038986354775,45,1
71,"(18,2)",,False,28,"[14, 11, 8, 18, 2]",4,0.062670565302144,-27,18,2,0.010038986354775,45,1
72,"(18,3)",,False,30,"[17, 10, 18, 3, 5]",5,0.15721247563352803,-25,20,2,0.010038986354775,45,1
73,"(18,3)",,False,30,"[17, 10, 18, 3, 5]",5,0.15721247563352803,-25,20,2,0.010038986354775,45,1
74,"(0,4)",,True,30,"[10, 0, 4, 13, 19]",4,0.053118908382066,-23,22,2,0.011208576998050002,45,1
75,"(0,4)",,True,30,"[10, 0, 4, 13, 19]",4,0.053118908382066,-23,22,2,0.011208576998050002,45,1
76,"(3,13)",,False,32,"[0, 4, 3, 17, 13]",5,0.06812865497076001,-21,24,2,0.008187134502923,45,1
77,"(3,13)",,False,32,"[0, 4, 3, 17, 13]",5,0.06812865497076001,-21,24,2,0.008187134502923,45,1
78,"(14,15)",,False,34,"[14, 15, 8, 13, 11]",5,0.047619047619047006,-19,26,2,0.006752993595098001,45,1
79,"(14,15)",,False,34,"[14, 15, 8, 13, 11]",5,0.047619047619047006,-19,26,2,0.006752993595098001,45,1
80,8:10,assassinate,True,30,"[17, 13, 4, 16, 8]",5,0.054873294346978005,-17,28,1,0.0,45,1
81,8:10,assassinate,True,30,"[17, 13, 4, 16, 8]",5,0.054873294346978005,-17,28,1,0.0,45,1
82,"(17,18)",,False,32,"[11, 17, 16, 18, 9]",6,0.101656920077972,-15,30,1,0.0,45,1
83,"(17,18)",,False,32,"[11, 17, 16, 18, 9]",6,0.101656920077972,-15,30,1,0.0,45,1
84,"(14,4)",,True,32,"[14, 3, 4, 19, 0]",6,0.072319688109161,-13,32,1,0.0,45,1
85,"(14,4)",,True,32,"[14, 3, 4, 19, 0]",6,0.072319688109161,-13,32,1,0.0,45,1
86,"(12,14)",,False,32,"[9, 12, 6, 7, 14]",6,0.077387914230019,-11,34,1,0.0,45,1
87,"(12,14)",,False,32,"[9, 12, 6, 7, 14]",6,0.077387914230019,-11,34,1,0.0,45,1
88,"(2,7)",,False,34,"[8, 16, 2, 10, 7]",7,0.09766081871345,-9,36,1,0.0,45,1
89,"(2,7)",,False,34,"[8, 16, 2, 10, 7]",7,0.09766081871345,-9,36,1,0.0,45,1
90,"(8,9)",,False,34,"[18, 8, 9, 7, 6]",7,0.09766081871345,-7,38,1,0.0,45,1
91,"(8,9)",,False,34,"[18, 8, 9, 7, 6]",7,0.09766081871345,-7,38,1,0.0,45,1
92,"(0,15)",,False,34,"[0, 7, 14, 11, 15]",7,0.132943469785575,-5,40,1,0.0,45,1
93,"(0,15)",,False,34,"[0, 7, 14, 11, 15]",7,0.132943469785575,-5,40,1,0.0,45,1
94,8:2,assassinate,True,34,"[4, 8, 2, 16, 18]",7,0.132943469785575,-3,42,1,0.0,45,1
95,8:2,assassinate,True,34,"[4, 8, 2, 16, 18]",7,0.132943469785575,-3,42,1,0.0,45,1
96,"(13,0)",,False,32,"[2, 18, 13, 0, 1]",6,0.228265107212475,-1,44,1,0.0,45,1
97,"(13,0)",,False,32,"[2, 18, 13, 0, 1]",6,0.228265107212475,-1,44,1,0.0,45,1
98,"(5,2)",,False,34,"[8, 17, 5, 2, 4]",7,0.134210526315789,1,46,2,0.0,45,1
99,"(5,2)",,False,34,"[8, 17, 5, 2, 4]",7,0.134210526315789,1,46,2,0.0,45,1
100,"(12,4)",,False,36,"[12, 6, 11, 4, 15]",8,0.23245614035087703,3,48,2,0.0,45,1
101,"(12,4)",,False,36,"[12, 6, 11, 4, 15]",8,0.23245614035087703,3,48,2,0.0,45,1
102,10:4,assassinate,True,35,"[10, 13, 7, 3, 2]",8,0.22563352826510702,5,50,2,0.0,45,1
103,10:4,assassinate,True,35,"[10, 13, 7, 3, 2]",8,0.22563352826510702,5,50,2,0.0,45,1
104,5:4,assassinate,True,32,"[3, 6, 15, 9, 5]",7,0.153508771929824,7,52,2,0.0,45,1
105,5:4,assassinate,True,32,"[3, 6, 15, 9, 5]",7,0.153508771929824,7,52,2,0.0,45,1
106,"(6,8)",,False,34,"[9, 16, 6, 8, 19]",7,0.144184535412605,9,54,2,0.0,45,1
107,"(6,8)",,False,34,"[9, 16, 6, 8, 19]",7,0.144184535412605,9,54,2,0.0,45,1
108,"(2,0)",,False,34,"[19, 2, 0, 11, 6]",7,0.13986354775828402,11,56,2,0.0,45,1
109,"(2,0)",,False,34,"[19, 2, 0, 11, 6]",7,0.13986354775828402,11,56,2,0.0,45,1
110,"(1,19)",,False,34,"[6, 1, 12, 19, 7]",7,0.126775271512113,13,58,3,0.031189083820662003,45,1
111,"(1,19)",,False,34,"[6, 1, 12, 19, 7]",7,0.126775271512113,13,58,3,0.031189083820662003,45,1
112,"(17,14)",,False,34,"[3, 12, 17, 14, 10]",7,0.11493316624895501,15,60,3,0.022319688109161,45,1
113,"(17,14)",,False,34,"[3, 12, 17, 14, 10]",7,0.11493316624895501,15,60,3,0.022319688109161,45,1
114,"(16,18)",,False,34,"[16, 19, 13, 18, 7]",7,0.11670843776106901,17,62,3,0.022319688109161,45,1
115,"(16,18)",,False,34,"[16, 19, 13, 18, 7]",7,0.11670843776106901,17,62,3,0.022319688109161,45,1
116,"(4,15)",,False,34,"[3, 0, 4, 12, 15]",7,0.11943748259537701,19,64,3,0.022807017543859002,45,1
117,"(4,15)",,False,34,"[3, 0, 4, 12, 15]",7,0.11943748259537701,19,64,3,0.022807017543859002,45,1
118,"(9,6)",,False,34,"[16, 3, 9, 6, 11]",7,0.108716235032024,21,66,3,0.021832358674463002,45,1
119,"(9,6)",,False,34,"[16, 3, 9, 6, 11]",7,0.108716235032024,21,66,3,0.021832358674463002,45,1
120,10:2,assassinate,True,34,"[5, 9, 10, 12, 8]",7,0.108716235032024,23,68,3,0.021832358674463002,45,1
121,10:2,assassinate,True,34,"[5, 9, 10, 12, 8]",7,0.108716235032024,23,68,3,0.021832358674463002,45,1
122,"(15,5)",,False,36,"[3, 16, 15, 5, 18]",7,0.11351991088833101,25,70,3,0.021832358674463002,45,1
123,"(15,5)",,False,36,"[3, 16, 15, 5, 18]",7,0.11351991088833101,25,70,3,0.021832358674463002,45,1
124,"(7,0)",,False,34,"[7, 13, 15, 6, 0]",6,0.11832358674463901,27,72,3,0.019883040935672003,45,1
125,"(7,0)",,False,34,"[7, 13, 15, 6, 0]",6,0.11832358674463901,27,72,3,0.019883040935672003,45,1
126,"(11,1)",,False,34,"[11, 12, 1, 9, 19]",6,0.1270955165692,29,74,4,0.049122807017543006,45,1
127,"(11,1)",,False,34,"[11, 12, 1, 9, 19]",6,0.1270955165692,29,74,4,0.049122807017543006,45,1
128,"(6,11)",,False,36,"[6, 13, 4, 11, 2]",7,0.125355054302422,31,76,4,0.034990253411306,45,1
129,"(6,11)",,False,36,"[6, 13, 4, 11, 2]",7,0.125355054302422,31,76,4,0.034990253411306,45,1
130,"(8,6)",,False,38,"[10, 8, 19, 6, 13]",7,0.073663324979114,33,78,4,0.034990253411306,45,1
131,"(8,6)",,False,38,"[10, 8, 19, 6, 13]",7,0.073663324979114,33,78,4,0.034990253411306,45,1
132,"(17,18)",,False,38,"[17, 15, 11, 18, 14]",7,0.118281815650236,35,80,4,0.050584795321637004,45,1
133,"(17,18)",,False,38,"[17, 15, 11, 18, 14]",7,0.118281815650236,35,80,4,0.050584795321637004,45,1
134,"(19,17)",,False,38,"[19, 5, 2, 8, 17]",7,0.13511556669451402,37,82,4,0.1088693957115,45,1
135,"(19,17)",,False,38,"[19, 5, 2, 8, 17]",7,0.13511556669451402,37,82,4,0.1088693957115,45,1
136,"(8,4)",,False,38,"[19, 8, 4, 18, 16]",7,0.11179337231968801,39,84,4,0.1088693957115,45,1
137,"(8,4)",,False,38,"[19, 8, 4, 18, 16]",7,0.11179337231968801,39,84,4,0.1088693957115,45,1
138,"(8,1)",,False,40,"[8, 1, 6, 4, 16]",7,0.08475355054302401,39,85,5,0.12290448343079902,46,1
139,"(8,1)",,False,40,"[8, 1, 6, 4, 16]",7,0.08475355054302401,39,85,5,0.12290448343079902,46,1
140,10:2,assassinate,True,40,"[18, 3, 6, 10, 7]",8,0.124101921470342,41,87,5,0.036452241715399,46,1
141,10:2,assassinate,True,40,"[18, 3, 6, 10, 7]",8,0.124101921470342,41,87,5,0.036452241715399,46,1
142,"(0,8)",,False,38,"[16, 9, 0, 3, 8]",7,0.110331384015594,43,89,5,0.047465886939571,46,1
143,"(0,8)",,False,38,"[16, 9, 0, 3, 8]",7,0.110331384015594,43,89,5,0.047465886939571,46,1
144,"(19,17)",,False,38,"[18, 19, 17, 10, 5]",7,0.076817042606516,45,91,4,0.017850181008075002,46,1
145,"(19,17)",,False,38,"[18, 19, 17, 10, 5]",7,0.076817042606516,45,91,4,0.017850181008075002,46,1
146,"(14,0)",,False,36,"[8, 16, 14, 0, 9]",6,0.059343434343434004,47,93,4,0.044812156654261005,46,1
147,"(14,0)",,False,36,"[8, 16, 14, 0, 9]",6,0.059343434343434004,47,93,4,0.044812156654261005,46,1
148,"(1,4)",,False,38,"[14, 1, 17, 4, 0]",7,0.11283300844704301,49,95,5,0.061890838206627004,46,1
149,"(1,4)",,False,38,"[14, 1, 17, 4, 0]",7,0.11283300844704301,49,95,5,0.061890838206627004,46,1
150,"(3,1)",,False,40,"[2, 3, 6, 1, 5]",8,0.15559268541724602,51,97,6,0.11398635477582801,46,1
151,"(3,1)",,False,40,"[2, 3, 6, 1, 5]",8,0.15559268541724602,51,97,6,0.11398635477582801,46,1
152,"(0,17)",,False,40,"[0, 17, 13, 14, 12]",7,0.12251461988304001,53,99,6,0.10248538011695901,46,1
153,"(0,17)",,False,40,"[0, 17, 13, 14, 12]",7,0.12251461988304001,53,99,6,0.10248538011695901,46,1
154,"(11,9)",,False,42,"[14, 11, 8, 3, 9]",7,0.112169312169312,55,101,6,0.09211222500696101,46,1
155,"(11,9)",,False,42,"[14, 11, 8, 3, 9]",7,0.112169312169312,55,101,6,0.09211222500696101,46,1
156,"(10,3)",,False,44,"[9, 6, 15, 10, 3]",7,0.11067757778284001,57,103,6,0.098179160021265,46,1
157,"(10,3)",,False,44,"[9, 6, 15, 10, 3]",7,0.11067757778284001,57,103,6,0.098179160021265,46,1
158,"(6,5)",,False,46,"[17, 7, 6, 10, 5]",8,0.14073188020556401,59,105,6,0.10128878593790801,46,1
159,"(6,5)",,False,46,"[17, 7, 6, 10, 5]",8,0.14073188020556401,59,105,6,0.10128878593790801,46,1
160,"(5,0)",,False,44,"[17, 4, 14, 5, 0]",7,0.11124844940634401,61,107,6,0.094572922204501,46,1
161,"(5,0)",,False,44,"[17, 4, 14, 5, 0]",7,0.11124844940634401,61,107,6,0.094572922204501,46,1
162,"(18,2)",,False,44,"[18, 2, 15, 11, 12]",7,0.10565302144249501,63,109,5,0.07011046133853101,46,1
163,"(18,2)",,False,44,"[18, 2, 15, 11, 12]",7,0.10565302144249501,63,109,5,0.07011046133853101,46,1
164,"(3,12)",,False,46,"[3, 10, 6, 12, 9]",7,0.10704539125591701,65,111,5,0.06909403137473301,46,1
165,"(3,12)",,False,46,"[3, 10, 6, 12, 9]",7,0.10704539125591701,65,111,5,0.06909403137473301,46,1
166,"(10,14)",,False,46,"[15, 10, 14, 7, 19]",7,0.11697066740926301,67,113,4,0.04701800798292,46,1
167,"(10,14)",,False,46,"[15, 10, 14, 7, 19]",7,0.11697066740926301,67,113,4,0.04701800798292,46,1
168,"(19,14)",,False,46,"[19, 3, 10, 16, 14]",7,0.11177730651414801,69,115,3,0.018713450292397002,46,1
169,"(19,14)",,False,46,"[19, 3, 10, 16, 14]",7,0.11177730651414801,69,115,3,0.018713450292397002,46,1
170,"(17,18)",,False,46,"[17, 13, 18, 8, 5]",7,0.10875336489371501,71,117,3,0.017251461988304,46,1
171,"(17,18)",,False,46,"[17, 13, 18, 8, 5]",7,0.10875336489371501,71,117,3,0.017251461988304,46,1
172,"(1,5)",,False,46,"[1, 0, 5, 4, 13]",7,0.11593799313097501,73,119,4,0.033625730994152,46,1
173,"(1,5)",,False,46,"[1, 0, 5, 4, 13]",7,0.11593799313097501,73,119,4,0.033625730994152,46,1
174,"(9,16)",,False,48,"[9, 6, 5, 16, 17]",7,0.09533556112503401,75,121,4,0.033625730994152,46,1
175,"(9,16)",,False,48,"[9, 6, 5, 16, 17]",7,0.09533556112503401,75,121,4,0.033625730994152,46,1
176,"(16,11)",,False,48,"[16, 12, 11, 2, 15]",7,0.08773322194374801,77,123,4,0.033730158730158,46,1
177,"(16,11)",,False,48,"[16, 12, 11, 2, 15]",7,0.08773322194374801,77,123,4,0.033730158730158,46,1
178,"(0,16)",,False,46,"[0, 16, 6, 4, 13]",6,0.070676691729323,79,125,4,0.033347257031467,46,1
179,"(0,16)",,False,46,"[0, 16, 6, 4, 13]",6,0.070676691729323,79,125,4,0.033347257031467,46,1
180,"(14,12)",,False,46,"[13, 7, 14, 12, 9]",6,0.07332219437482501,81,127,4,0.034321915900863004,46,1
181,"(14,12)",,False,46,"[13, 7, 14, 12, 9]",6,0.07332219437482501,81,127,4,0.034321915900863004,46,1
182,"(2,11)",,False,46,"[17, 12, 2, 11, 7]",6,0.07545252018936201,83,129,4,0.033284600389863,46,1
183,"(2,11)",,False,46,"[17, 12, 2, 11, 7]",6,0.07545252018936201,83,129,4,0.033284600389863,46,1
184,"(6,9)",,False,48,"[6, 17, 16, 9, 12]",7,0.08248398774714501,85,131,4,0.025559268541724002,46,1
185,"(6,9)",,False,48,"[6, 17, 16, 9, 12]",7,0.08248398774714501,85,131,4,0.025559268541724002,46,1
186,"(0,6)",,False,46,"[10, 0, 9, 6, 2]",6,0.089534020235774,87,133,3,0.019012809802283002,46,1
187,"(0,6)",,False,46,"[10, 0, 9, 6, 2]",6,0.089534020235774,87,133,3,0.019012809802283002,46,1
188,"(1,11)",,True,48,"[1, 3, 11, 8, 6]",7,0.081885268727373,89,135,4,0.030165692007797004,46,1
189,"(1,11)",,True,48,"[1, 3, 11, 8, 6]",7,0.081885268727373,89,135,4,0.030165692007797004,46,1
190,"(19,5)",,False,50,"[8, 9, 19, 5, 10]",8,0.088610414926204,91,137,4,0.02724171539961,46,1
191,"(19,5)",,False,50,"[8, 9, 19, 5, 10]",8,0.088610414926204,91,137,4,0.02724171539961,46,1
192,"(11,5)",,False,50,"[14, 11, 5, 8, 13]",8,0.08589529379003001,93,139,4,0.026928432191590003,46,1
193,"(11,5)",,False,50,"[14, 11, 5, 8, 13]",8,0.08589529379003001,93,139,4,0.026928432191590003,46,1
194,"(0,11)",,False,48,"[0, 11, 7, 19, 4]",7,0.07706070732386501,95,141,4,0.039000278473962,46,1
195,"(0,11)",,False,48,"[0, 11, 7, 19, 4]",7,0.07706070732386501,95,141,4,0.039000278473962,46,1
196,"(0,6)",,False,48,"[0, 14, 6, 8, 10]",6,0.065329991645781,97,143,4,0.040949596212754,46,1
197,"(0,6)",,False,48,"[0, 14, 6, 8, 10]",6,0.065329991645781,97,143,4,0.040949596212754,46,1
198,"(12,7)",,False,48,"[0, 12, 7, 14, 17]",6,0.07776385407964301,99,145,4,0.042397660818713004,46,1
199,"(12,7)",,False,48,"[0, 12, 7, 14, 17]",6,0.07776385407964301,99,145,4,0.042397660818713004,46,1
200,"(19,18)",,False,50,"[12, 19, 18, 6, 14]",6,0.06672932330827,101,147,4,0.038387635756056006,46,1
201,"(19,18)",,False,50,"[12, 19, 18, 6, 14]",6,0.06672932330827,101,147,4,0.038387635756056006,46,1
202,"(5,0)",,False,48,"[10, 17, 7, 5, 0]",5,0.055332776385407005,103,149,4,0.038861041492620006,46,1
203,"(5,0)",,False,48,"[10, 17, 7, 5, 0]",5,0.055332776385407005,103,149,4,0.038861041492620006,46,1
204,"(13,15)",,False,46,"[13, 8, 15, 10, 0]",5,0.05635616819827301,105,151,4,0.039494569757727006,46,1
205,"(13,15)",,False,46,"[13, 8, 15, 10, 0]",5,0.05635616819827301,105,151,4,0.039494569757727006,46,1
206,"(19,7)",,False,48,"[19, 14, 11, 7, 17]",5,0.044353940406571,107,153,4,0.022570314675577,46,1
207,"(19,7)",,False,48,"[19, 14, 11, 7, 17]",5,0.044353940406571,107,153,4,0.022570314675577,46,1
208,"(7,3)",,False,48,"[8, 7, 3, 14, 4]",5,0.04377863851548,109,155,4,0.022384665367121002,46,1
209,"(7,3)",,False,48,"[8, 7, 3, 14, 4]",5,0.04377863851548,109,155,4,0.022384665367121002,46,1
210,"(11,4)",,False,48,"[11, 10, 16, 4, 12]",5,0.049394319131161005,111,157,4,0.039919242550821,46,1
211,"(11,4)",,False,48,"[11, 10, 16, 4, 12]",5,0.049394319131161005,111,157,4,0.039919242550821,46,1
212,"(5,7)",,False,50,"[5, 6, 14, 19, 7]",5,0.046732783136291006,113,159,4,0.036385154806207,46,1
213,"(5,7)",,False,50,"[5, 6, 14, 19, 7]",5,0.046732783136291006,113,159,4,0.036385154806207,46,1
214,"(1,7)",,True,50,"[0, 15, 4, 1, 7]",5,0.043098697923259,113,160,5,0.048178527125895,47,1
215,"(1,7)",,True,50,"[0, 15, 4, 1, 7]",5,0.043098697923259,113,160,5,0.048178527125895,47,1
216,"(1,15)",,False,52,"[13, 1, 4, 15, 9]",5,0.039921563167177,111,160,6,0.06322751322751301,49,1
217,"(1,15)",,False,52,"[13, 1, 4, 15, 9]",5,0.039921563167177,111,160,6,0.06322751322751301,49,1
218,"(11,16)",,False,52,"[4, 11, 16, 6, 14]",5,0.039023484637519,109,160,6,0.066608651257774,51,1
219,"(11,16)",,False,52,"[4, 11, 16, 6, 14]",5,0.039023484637519,109,160,6,0.066608651257774,51,1
220,"(4,18)",,False,52,"[19, 2, 5, 4, 18]",5,0.037842501877589,107,160,6,0.07126844890002701,53,1
221,"(4,18)",,False,52,"[19, 2, 5, 4, 18]",5,0.037842501877589,107,160,6,0.07126844890002701,53,1
222,"(8,6)",,False,50,"[10, 7, 8, 5, 6]",5,0.045043163464216,105,160,6,0.092209690893901,55,1
223,"(8,6)",,False,50,"[10, 7, 8, 5, 6]",5,0.045043163464216,105,160,6,0.092209690893901,55,1
224,"(8,1)",,False,52,"[8, 12, 1, 5, 16]",5,0.048941798941798,103,160,7,0.13123781676413201,57,1
225,"(8,1)",,False,52,"[8, 12, 1, 5, 16]",5,0.048941798941798,103,160,7,0.13123781676413201,57,1
226,"(0,19)",,False,52,"[0, 19, 12, 17, 6]",4,0.040309106098579,101,160,7,0.13370231133389002,59,1
227,"(0,19)",,False,52,"[0, 19, 12, 17, 6]",4,0.040309106098579,101,160,7,0.13370231133389002,59,1
228,"(18,0)",,True,52,"[6, 14, 1, 18, 0]",4,0.028165742639426002,99,160,7,0.125131642236905,61,1
229,"(18,0)",,True,52,"[6, 14, 1, 18, 0]",4,0.028165742639426002,99,160,7,0.125131642236905,61,1
230,"(9,1)",,False,54,"[16, 9, 12, 13, 1]",4,0.015455304928989002,97,160,8,0.135073795600111,63,1
231,"(9,1)",,False,54,"[16, 9, 12, 13, 1]",4,0.015455304928989002,97,160,8,0.135073795600111,63,1
232,"(4,15)",,False,54,"[4, 9, 5, 15, 3]",5,0.055912930474333,95,160,8,0.14544695071010802,65,1
233,"(4,15)",,False,54,"[4, 9, 5, 15, 3]",5,0.055912930474333,95,160,8,0.14544695071010802,65,1
234,"(2,1)",,True,56,"[12, 11, 0, 2, 1]",5,0.048958043256288004,93,160,9,0.12110136452241702,67,1
235,"(2,1)",,True,56,"[12, 11, 0, 2, 1]",5,0.048958043256288004,93,160,9,0.12110136452241702,67,1
236,"(15,10)",,False,56,"[6, 15, 16, 17, 10]",5,0.056024320059407,91,160,8,0.10311890838206601,69,1
237,"(15,10)",,False,56,"[6, 15, 16, 17, 10]",5,0.056024320059407,91,160,8,0.10311890838206601,69,1
238,"(11,13)",,False,56,"[11, 3, 6, 13, 4]",5,0.060758377425044,89,160,8,0.113617376775271,71,1
239,"(11,13)",,False,56,"[11, 3, 6, 13, 4]",5,0.060758377425044,89,160,8,0.113617376775271,71,1
240,"(2,10)",,True,56,"[0, 16, 2, 10, 6]",5,0.057695163835514006,87,160,8,0.11133389028125801,73,1
241,"(2,10)",,True,56,"[0, 16, 2, 10, 6]",5,0.057695163835514006,87,160,8,0.11133389028125801,73,1
242,"(17,4)",,False,58,"[11, 17, 8, 2, 4]",5,0.044968903740833004,85,160,8,0.09693678641047,75,1
243,"(17,4)",,False,58,"[11, 17, 8, 2, 4]",5,0.044968903740833004,85,160,8,0.09693678641047,75,1
244,"(18,3)",,False,60,"[18, 8, 9, 3, 13]",5,0.036879235124849,83,160,8,0.07953216374269001,77,1
245,"(18,3)",,False,60,"[18, 8, 9, 3, 13]",5,0.036879235124849,83,160,8,0.07953216374269001,77,1
246,"(4,1)",,False,62,"[7, 15, 9, 4, 1]",5,0.027954144620811004,81,160,9,0.09526657552973301,79,1
247,"(4,1)",,False,62,"[7, 15, 9, 4, 1]",5,0.027954144620811004,81,160,9,0.09526657552973301,79,1
248,"(9,10)",,False,62,"[2, 11, 19, 9, 10]",5,0.025981620718462002,79,160,9,0.094465962887015,81,1
249,"(9,10)",,False,62,"[2, 11, 19, 9, 10]",5,0.025981620718462002,79,160,9,0.094465962887015,81,1
250,"(13,12)",,False,62,"[16, 13, 14, 12, 4]",6,0.035664286980076,77,160,9,0.08986734513050301,83,1
251,"(13,12)",,False,62,"[16, 13, 14, 12, 4]",6,0.035664286980076,77,160,9,0.08986734513050301,83,1
252,3:12,assassinate,True,55,"[14, 11, 0, 15, 3]",5,0.028098022834864,75,160,9,0.097375382901698,85,1
253,3:12,assassinate,True,55,"[14, 11, 0, 15, 3]",5,0.028098022834864,75,160,9,0.097375382901698,85,1
254,"(1,10)",,False,57,"[0, 1, 10, 16, 2]",5,0.02356817970853,73,160,10,0.11904846290811201,87,1
255,"(1,10)",,False,57,"[0, 1, 10, 16, 2]",5,0.02356817970853,73,160,10,0.11904846290811201,87,1
256,"(1,18)",,False,59,"[1, 14, 18, 7, 8]",5,0.012735542560103001,71,160,11,0.131876830122444,89,1
257,"(1,18)",,False,59,"[1, 14, 18, 7, 8]",5,0.012735542560103001,71,160,11,0.131876830122444,89,1
258,"(18,0)",,False,57,"[18, 0, 14, 15, 16]",4,0.005912930474333,69,160,10,0.11854172468207501,91,1
259,"(18,0)",,False,57,"[18, 0, 14, 15, 16]",4,0.005912930474333,69,160,10,0.11854172468207501,91,1
260,"(1,10)",,True,57,"[1, 18, 8, 10, 4]",4,0.005912930474333,67,160,10,0.11854172468207501,93,1
261,"(1,10)",,True,57,"[1, 18, 8, 10, 4]",4,0.005912930474333,67,160,10,0.11854172468207501,93,1
262,"(12,15)",,False,55,"[12, 5, 15, 13, 0]",4,0.014534231200897,65,160,9,0.100868543412403,95,1
263,"(12,15)",,False,55,"[12, 5, 15, 13, 0]",4,0.014534231200897,65,160,9,0.100868543412403,95,1
264,"(14,19)",,False,55,"[14, 19, 16, 17, 9]",5,0.119797389095634,63,160,9,0.139286347181084,97,1
265,"(14,19)",,False,55,"[14, 19, 16, 17, 9]",5,0.119797389095634,63,160,9,0.139286347181084,97,1
266,"(9,10)",,False,53,"[9, 17, 5, 10, 14]",5,0.12250829092934301,63,161,8,0.138121186805397,98,1
267,"(9,10)",,False,53,"[9, 17, 5, 10, 14]",5,0.12250829092934301,63,161,8,0.138121186805397,98,1
268,"(3,7)",,False,55,"[10, 11, 13, 3, 7]",5,0.046793541091786,61,161,8,0.111765946853666,100,1
269,"(3,7)",,False,55,"[10, 11, 13, 3, 7]",5,0.046793541091786,61,161,8,0.111765946853666,100,1
270,14:10,assassinate,True,49,"[6, 9, 14, 17, 8]",5,0.050877825877825,59,161,7,0.13874242945450302,102,1
271,14:10,assassinate,True,49,"[6, 9, 14, 17, 8]",5,0.050877825877825,59,161,7,0.13874242945450302,102,1
272,"(5,8)",,True,51,"[5, 13, 18, 8, 12]",6,0.071746495869302,57,161,7,0.13880534670008302,104,1
273,"(5,8)",,True,51,"[5, 13, 18, 8, 12]",6,0.071746495869302,57,161,7,0.13880534670008302,104,1
274,"(4,8)",,False,49,"[4, 17, 8, 16, 5]",6,0.075960735171261,55,161,7,0.14713335626648302,106,1
275,"(4,8)",,False,49,"[4, 17, 8, 16, 5]",6,0.075960735171261,55,161,7,0.14713335626648302,106,1
276,"(0,3)",,True,47,"[12, 0, 18, 5, 3]",5,0.039146477304372006,53,161,7,0.135599415204678,108,1
277,"(0,3)",,True,47,"[12, 0, 18, 5, 3]",5,0.039146477304372006,53,161,7,0.135599415204678,108,1
278,"(9,6)",,False,47,"[9, 7, 6, 10, 18]",6,0.13582567529935902,51,161,7,0.15556947925368902,110,1
279,"(9,6)",,False,47,"[9, 7, 6, 10, 18]",6,0.13582567529935902,51,161,7,0.15556947925368902,110,1
280,"(1,14)",,False,49,"[1, 11, 14, 5, 4]",7,0.17642021720969,51,162,8,0.21439014202172002,111,1
281,"(1,14)",,False,49,"[1, 11, 14, 5, 4]",7,0.17642021720969,51,162,8,0.21439014202172002,111,1
282,"(5,12)",,False,49,"[14, 5, 8, 4, 12]",7,0.18310359231411802,49,162,8,0.21369395711500902,113,1
283,"(5,12)",,False,49,"[14, 5, 8, 4, 12]",7,0.18310359231411802,49,162,8,0.21369395711500902,113,1
284,"(18,9)",,False,49,"[18, 14, 9, 10, 19]",7,0.18310359231411802,47,162,8,0.21369395711500902,115,1
285,"(18,9)",,False,49,"[18, 14, 9, 10, 19]",7,0.18310359231411802,47,162,8,0.21369395711500902,115,1
286,"(2,1)",,False,51,"[0, 2, 18, 1, 8]",7,0.175436275874872,45,162,9,0.23056251740462202,117,1
287,"(2,1)",,False,51,"[0, 2, 18, 1, 8]",7,0.175436275874872,45,162,9,0.23056251740462202,117,1
288,"(7,6)",,False,51,"[17, 10, 7, 15, 6]",7,0.175540703610879,43,162,9,0.23223336118072901,119,1
289,"(7,6)",,False,51,"[17, 10, 7, 15, 6]",7,0.175540703610879,43,162,9,0.23223336118072901,119,1
290,"(16,8)",,True,53,"[0, 16, 12, 18, 8]",8,0.208790494755407,45,164,9,0.208173210804789,119,1
291,"(16,8)",,True,53,"[0, 16, 12, 18, 8]",8,0.208790494755407,45,164,9,0.208173210804789,119,1
292,"(9,1)",,False,55,"[12, 9, 4, 1, 8]",9,0.202364708066462,45,165,10,0.213253040007425,120,1
293,"(9,1)",,False,55,"[12, 9, 4, 1, 8]",9,0.202364708066462,45,165,10,0.213253040007425,120,1
294,"(0,15)",,True,55,"[8, 10, 6, 0, 15]",8,0.16608651257774001,45,166,10,0.194671864847303,121,1
295,"(0,15)",,True,55,"[8, 10, 6, 0, 15]",8,0.16608651257774001,45,166,10,0.194671864847303,121,1
296,"(1,12)",,False,57,"[8, 1, 0, 12, 9]",8,0.16001113895850702,43,166,11,0.20474333983105902,123,1
297,"(1,12)",,False,57,"[8, 1, 0, 12, 9]",8,0.16001113895850702,43,166,11,0.20474333983105902,123,1
298,"(8,13)",,False,57,"[8, 16, 6, 13, 18]",9,0.177343822519261,41,166,11,0.181736749280608,125,1
299,"(8,13)",,False,57,"[8, 16, 6, 13, 18]",9,0.177343822519261,41,166,11,0.181736749280608,125,1
300,"(1,3)",,False,59,"[1, 16, 0, 3, 9]",10,0.130560196788266,41,167,12,0.22156084656084601,126,1
301,"(1,3)",,False,59,"[1, 16, 0, 3, 9]",10,0.130560196788266,41,167,12,0.22156084656084601,126,1
302,"(6,9)",,False,59,"[16, 6, 5, 10, 9]",11,0.14585769980506802,39,167,12,0.20635152696556203,128,1
303,"(6,9)",,False,59,"[16, 6, 5, 10, 9]",11,0.14585769980506802,39,167,12,0.20635152696556203,128,1
304,"(5,18)",,False,61,"[5, 13, 18, 16, 8]",12,0.166798941798941,37,167,12,0.196983409702707,130,1
305,"(5,18)",,False,61,"[5, 13, 18, 16, 8]",12,0.166798941798941,37,167,12,0.196983409702707,130,1
306,"(1,6)",,False,63,"[14, 1, 3, 4, 6]",13,0.19525735797665603,37,168,13,0.20646327356853603,131,1
307,"(1,6)",,False,63,"[14, 1, 3, 4, 6]",13,0.19525735797665603,37,168,13,0.20646327356853603,131,1
308,"(0,10)",,False,63,"[13, 0, 1, 12, 10]",12,0.160033347572047,37,169,13,0.21122595536940203,132,1
309,"(0,10)",,False,63,"[13, 0, 1, 12, 10]",12,0.160033347572047,37,169,13,0.21122595536940203,132,1
310,"(7,12)",,True,61,"[18, 17, 7, 16, 12]",12,0.17136259662059403,35,169,13,0.23327181074859002,134,1
311,"(7,12)",,True,61,"[18, 17, 7, 16, 12]",12,0.17136259662059403,35,169,13,0.23327181074859002,134,1
312,"(15,1)",,False,61,"[5, 12, 15, 1, 2]",12,0.147880279717225,33,169,14,0.26700196947874905,136,1
313,"(15,1)",,False,61,"[5, 12, 15, 1, 2]",12,0.147880279717225,33,169,14,0.26700196947874905,136,1
314,11:8,assassinate,True,58,"[15, 4, 11, 9, 19]",11,0.10376973578727901,31,169,14,0.265876602280111,138,1
315,11:8,assassinate,True,58,"[15, 4, 11, 9, 19]",11,0.10376973578727901,31,169,14,0.265876602280111,138,1
316,"(12,11)",,False,60,"[12, 13, 11, 9, 2]",12,0.127859466146359,29,169,14,0.322690929450475,140,1
317,"(12,11)",,False,60,"[12, 13, 11, 9, 2]",12,0.127859466146359,29,169,14,0.322690929450475,140,1
318,"(16,3)",,True,60,"[18, 10, 12, 16, 3]",12,0.12175447074284701,27,169,14,0.31805919813293104,142,1
319,"(16,3)",,True,60,"[18, 10, 12, 16, 3]",12,0.12175447074284701,27,169,14,0.31805919813293104,142,1
320,"(10,17)",,False,62,"[10, 11, 17, 2, 15]",13,0.141888138244935,25,169,14,0.29450030088982304,144,1
321,"(10,17)",,False,62,"[10, 11, 17, 2, 15]",13,0.141888138244935,25,169,14,0.29450030088982304,144,1
322,"(0,3)",,False,62,"[0, 3, 4, 13, 19]",12,0.12085973690720801,23,169,14,0.269695507260006,146,1
323,"(0,3)",,False,62,"[0, 3, 4, 13, 19]",12,0.12085973690720801,23,169,14,0.269695507260006,146,1
324,9:12,assassinate,True,57,"[14, 18, 5, 16, 9]",12,0.12036910457963002,21,169,13,0.26237437026910704,148,1
325,9:12,assassinate,True,57,"[14, 18, 5, 16, 9]",12,0.12036910457963002,21,169,13,0.26237437026910704,148,1
326,"(2,18)",,False,57,"[2, 11, 13, 18, 10]",12,0.12247908037381701,19,169,13,0.217083793399582,150,1
327,"(2,18)",,False,57,"[2, 11, 13, 18, 10]",12,0.12247908037381701,19,169,13,0.217083793399582,150,1
328,"(3,0)",,True,55,"[3, 17, 15, 0, 2]",11,0.09058758006126401,17,169,13,0.20092360530957,152,1
329,"(3,0)",,True,55,"[3, 17, 15, 0, 2]",11,0.09058758006126401,17,169,13,0.20092360530957,152,1
330,19:18,assassinate,True,47,"[2, 1, 19, 8, 18]",10,0.09454064454064401,15,169,12,0.211079466342624,154,1
331,19:18,assassinate,True,47,"[2, 1, 19, 8, 18]",10,0.09454064454064401,15,169,12,0.211079466342624,154,1
332,"(8,13)",,False,49,"[8, 16, 13, 3, 12]",10,0.09083694083694001,13,169,12,0.189720513404723,156,1
333,"(8,13)",,False,49,"[8, 16, 13, 3, 12]",10,0.09083694083694001,13,169,12,0.189720513404723,156,1
334,"(19,7)",,False,51,"[19, 6, 11, 7, 8]",10,0.09061542745753201,11,169,12,0.19857978279030902,158,1
335,"(19,7)",,False,51,"[19, 6, 11, 7, 8]",10,0.09061542745753201,11,169,12,0.19857978279030902,158,1
336,"(18,9)",,False,51,"[3, 15, 18, 8, 9]",10,0.094931773879142,9,169,11,0.16590318388564,160,1
337,"(18,9)",,False,51,"[3, 15, 18, 8, 9]",10,0.094931773879142,9,169,11,0.16590318388564,160,1
338,"(14,0)",,False,49,"[5, 14, 1, 13, 0]",9,0.059356725146198004,7,169,10,0.160542560103963,162,1
339,"(14,0)",,False,49,"[5, 14, 1, 13, 0]",9,0.059356725146198004,7,169,10,0.160542560103963,162,1
340,"(2,7)",,False,49,"[2, 7, 16, 12, 10]",10,0.133674463937621,5,169,10,0.159535412605588,164,1
341,"(2,7)",,False,49,"[2, 7, 16, 12, 10]",10,0.133674463937621,5,169,10,0.159535412605588,164,1
342,"(0,6)",,False,49,"[0, 3, 10, 6, 16]",9,0.10853522695627901,5,170,10,0.146823076209041,165,1
343,"(0,6)",,False,49,"[0, 3, 10, 6, 16]",9,0.10853522695627901,5,170,10,0.146823076209041,165,1
344,"(12,4)",,False,49,"[12, 16, 15, 4, 7]",9,0.10717070453912501,3,170,10,0.15606377053745402,167,1
345,"(12,4)",,False,49,"[12, 16, 15, 4, 7]",9,0.10717070453912501,3,170,10,0.15606377053745402,167,1
346,17:20,assassinate,True,38,"[12, 17, 15, 7, 10]",8,0.148454469507101,1,170,10,0.24855193539404002,169,1
347,17:20,assassinate,True,38,"[12, 17, 15, 7, 10]",8,0.148454469507101,1,170,10,0.24855193539404002,169,1
348,"(16,19)",,False,40,"[14, 16, 19, 3, 6]",8,0.11089529379003,-1,170,10,0.22488164856585902,171,1
349,"(16,19)",,False,40,"[14, 16, 19, 3, 6]",8,0.11089529379003,-1,170,10,0.22488164856585902,171,1
350,"(12,5)",,False,40,"[16, 10, 12, 7, 5]",9,0.15291701475912,-3,170,10,0.21321823076209,173,1
351,"(12,5)",,False,40,"[16, 10, 12, 7, 5]",9,0.15291701475912,-3,170,10,0.21321823076209,173,1
352,"(2,11)",,True,42,"[2, 18, 16, 11, 15]",9,0.16100668337510401,-5,170,10,0.22634363686995201,175,1
353,"(2,11)",,True,42,"[2, 18, 16, 11, 15]",9,0.16100668337510401,-5,170,10,0.22634363686995201,175,1
354,"(17,6)",,False,44,"[17, 11, 6, 8, 14]",9,0.16197438039543302,-7,170,10,0.24918314304279202,177,1
355,"(17,6)",,False,44,"[17, 11, 6, 8, 14]",9,0.16197438039543302,-7,170,10,0.24918314304279202,177,1
356,"(0,19)",,False,44,"[0, 19, 10, 5, 18]",8,0.095001392369813,-9,170,10,0.20676227606052103,179,1
357,"(0,19)",,False,44,"[0, 19, 10, 5, 18]",8,0.095001392369813,-9,170,10,0.20676227606052103,179,1
358,"(3,15)",,False,46,"[16, 3, 18, 15, 6]",8,0.077527151211361,-11,170,10,0.188313376032674,181,1
359,"(3,15)",,False,46,"[16, 3, 18, 15, 6]",8,0.077527151211361,-11,170,10,0.188313376032674,181,1
360,"(17,1)",,False,48,"[17, 18, 0, 5, 1]",8,0.07333611807296,-13,170,11,0.22408335653949601,183,1
361,"(17,1)",,False,48,"[17, 18, 0, 5, 1]",8,0.07333611807296,-13,170,11,0.22408335653949601,183,1
362,"(19,6)",,False,48,"[19, 13, 15, 6, 10]",8,0.09223057644110201,-15,170,10,0.181532535041306,185,1
363,"(19,6)",,False,48,"[19, 13, 15, 6, 10]",8,0.09223057644110201,-15,170,10,0.181532535041306,185,1
364,"(14,1)",,False,48,"[14, 1, 10, 15, 6]",8,0.069312169312169,-17,170,10,0.22071382159101402,187,1
365,"(14,1)",,False,48,"[14, 1, 10, 15, 6]",8,0.069312169312169,-17,170,10,0.22071382159101402,187,1
366,"(16,19)",,False,48,"[16, 9, 3, 8, 19]",9,0.10544202386307601,-19,170,10,0.20534955622674902,189,1
367,"(16,19)",,False,48,"[16, 9, 3, 8, 19]",9,0.10544202386307601,-19,170,10,0.20534955622674902,189,1
368,"(10,0)",,False,48,"[10, 3, 0, 12, 13]",8,0.07202729044834301,-21,170,10,0.205425601039636,191,1
369,"(10,0)",,False,48,"[10, 3, 0, 12, 13]",8,0.07202729044834301,-21,170,10,0.205425601039636,191,1
370,"(9,2)",,False,50,"[9, 18, 2, 12, 11]",8,0.06863686995265901,-23,170,10,0.17964355332776302,193,1
371,"(9,2)",,False,50,"[9, 18, 2, 12, 11]",8,0.06863686995265901,-23,170,10,0.17964355332776302,193,1
372,7:10,assassinate,True,46,"[7, 18, 15, 11, 16]",7,0.043797625376572,-25,170,10,0.17468545100124003,195,1
373,7:10,assassinate,True,46,"[7, 18, 15, 11, 16]",7,0.043797625376572,-25,170,10,0.17468545100124003,195,1
374,"(14,13)",,False,46,"[2, 4, 14, 9, 13]",7,0.04625452520189301,-27,170,10,0.16881091617933702,197,1
375,"(14,13)",,False,46,"[2, 4, 14, 9, 13]",7,0.04625452520189301,-27,170,10,0.16881091617933702,197,1
376,"(1,12)",,False,48,"[1, 16, 17, 4, 12]",7,0.038831766024748006,-29,170,11,0.19171093688637503,199,1
377,"(1,12)",,False,48,"[1, 16, 17, 4, 12]",7,0.038831766024748006,-29,170,11,0.19171093688637503,199,1
378,"(1,3)",,False,50,"[1, 3, 5, 8, 9]",7,0.033997029611064,-31,170,12,0.202775457161422,201,1
379,"(1,3)",,False,50,"[1, 3, 5, 8, 9]",7,0.033997029611064,-31,170,12,0.202775457161422,201,1
380,"(3,7)",,False,50,"[3, 7, 18, 13, 8]",7,0.035459017915158,-33,170,11,0.19546551564095402,203,1
381,"(3,7)",,False,50,"[3, 7, 18, 13, 8]",7,0.035459017915158,-33,170,11,0.19546551564095402,203,1
382,"(14,5)",,False,48,"[8, 7, 17, 14, 5]",7,0.06422537826046501,-35,170,10,0.18215446022463502,205,1
383,"(14,5)",,False,48,"[8, 7, 17, 14, 5]",7,0.06422537826046501,-35,170,10,0.18215446022463502,205,1
384,"(10,14)",,False,50,"[10, 3, 14, 18, 16]",7,0.052110754742333,-37,170,10,0.16183884341779,207,1
385,"(10,14)",,False,50,"[10, 3, 14, 18, 16]",7,0.052110754742333,-37,170,10,0.16183884341779,207,1
386,"(6,10)",,True,50,"[16, 8, 6, 7, 10]",7,0.042178516739920006,-39,170,10,0.15878238071220502,209,1
387,"(6,10)",,True,50,"[16, 8, 6, 7, 10]",7,0.042178516739920006,-39,170,10,0.15878238071220502,209,1
388,"(6,5)",,False,50,"[6, 5, 10, 4, 18]",7,0.040458518090097005,-41,170,10,0.16175481438639303,211,1
389,"(6,5)",,False,50,"[6, 5, 10, 4, 18]",7,0.040458518090097005,-41,170,10,0.16175481438639303,211,1
390,"(19,2)",,False,50,"[11, 19, 14, 2, 4]",7,0.03827945933209,-43,170,10,0.19770580296896,213,1
391,"(19,2)",,False,50,"[11, 19, 14, 2, 4]",7,0.03827945933209,-43,170,10,0.19770580296896,213,1
392,"(7,12)",,False,52,"[7, 12, 3, 8, 11]",8,0.06216556348135201,-45,170,10,0.21027890238416502,215,1
393,"(7,12)",,False,52,"[7, 12, 3, 8, 11]",8,0.06216556348135201,-45,170,10,0.21027890238416502,215,1
394,"(1,3)",,False,52,"[10, 1, 3, 17, 2]",8,0.056108754792965,-47,170,10,0.20338667180772402,217,1
395,"(1,3)",,False,52,"[10, 1, 3, 17, 2]",8,0.056108754792965,-47,170,10,0.20338667180772402,217,1
396,15:16,assassinate,True,45,"[5, 17, 18, 15, 9]",8,0.12373294346978501,-49,170,9,0.16345029239766,219,1
397,15:16,assassinate,True,45,"[5, 17, 18, 15, 9]",8,0.12373294346978501,-49,170,9,0.16345029239766,219,1
398,"(15,1)",,False,47,"[5, 15, 7, 1, 3]",9,0.17490253411306,-49,171,10,0.23849902534113002,220,1
399,"(15,1)",,False,47,"[5, 15, 7, 1, 3]",9,0.17490253411306,-49,171,10,0.23849902534113002,220,1
400,"(1,19)",,False,49,"[7, 1, 12, 19, 2]",9,0.13017265385686402,-51,171,11,0.276858813700918,222,1
401,"(1,19)",,False,49,"[7, 1, 12, 19, 2]",9,0.13017265385686402,-51,171,11,0.276858813700918,222,1
402,"(6,10)",,False,47,"[1, 6, 4, 10, 18]",9,0.13441938178780202,-53,171,11,0.293455861876914,224,1
403,"(6,10)",,False,47,"[1, 6, 4, 10, 18]",9,0.13441938178780202,-53,171,11,0.293455861876914,224,1
404,"(11,10)",,False,49,"[4, 16, 11, 10, 3]",9,0.109245335561125,-55,171,11,0.272493734335839,226,1
405,"(11,10)",,False,49,"[4, 16, 11, 10, 3]",9,0.109245335561125,-55,171,11,0.272493734335839,226,1
406,"(0,2)",,False,49,"[0, 1, 3, 2, 11]",8,0.069228627123363,-57,171,11,0.265594541910331,228,1
407,"(0,2)",,False,49,"[0, 1, 3, 2, 11]",8,0.069228627123363,-57,171,11,0.265594541910331,228,1
408,"(13,2)",,False,49,"[13, 5, 17, 19, 2]",8,0.06455026455026401,-59,171,11,0.24672793093845702,230,1
409,"(13,2)",,False,49,"[13, 5, 17, 19, 2]",8,0.06455026455026401,-59,171,11,0.24672793093845702,230,1
410,"(1,7)",,False,51,"[4, 1, 7, 17, 10]",8,0.061640211640211,-61,171,12,0.282316903369534,232,1
411,"(1,7)",,False,51,"[4, 1, 7, 17, 10]",8,0.061640211640211,-61,171,12,0.282316903369534,232,1
412,"(6,10)",,False,49,"[19, 11, 6, 10, 18]",8,0.09330270119743801,-63,171,11,0.26737677527151205,234,1
413,"(6,10)",,False,49,"[19, 11, 6, 10, 18]",8,0.09330270119743801,-63,171,11,0.26737677527151205,234,1
414,"(2,4)",,False,51,"[3, 2, 19, 4, 5]",9,0.10142021720969001,-65,171,11,0.252074631021999,236,1
415,"(2,4)",,False,51,"[3, 2, 19, 4, 5]",9,0.10142021720969001,-65,171,11,0.252074631021999,236,1
416,"(11,2)",,False,51,"[13, 11, 10, 2, 17]",9,0.09593428014480601,-67,171,11,0.263213589529379,238,1
417,"(11,2)",,False,51,"[13, 11, 10, 2, 17]",9,0.09593428014480601,-67,171,11,0.263213589529379,238,1
418,"(1,14)",,True,53,"[1, 10, 7, 14, 11]",10,0.11948621553884702,-69,171,12,0.265685045948203,240,1
419,"(1,14)",,True,53,"[1, 10, 7, 14, 11]",10,0.11948621553884702,-69,171,12,0.265685045948203,240,1
420,"(6,17)",,False,53,"[18, 15, 6, 17, 5]",10,0.12302283486494,-71,171,12,0.252220829852408,242,1
421,"(6,17)",,False,53,"[18, 15, 6, 17, 5]",10,0.12302283486494,-71,171,12,0.252220829852408,242,1
422,8:18,assassinate,True,43,"[8, 17, 10, 11, 5]",9,0.127645502645502,-73,171,11,0.288617376775271,244,1
423,8:18,assassinate,True,43,"[8, 17, 10, 11, 5]",9,0.127645502645502,-73,171,11,0.288617376775271,244,1
424,"(9,2)",,False,43,"[18, 6, 9, 3, 2]",9,0.13638262322472802,-75,171,11,0.26587301587301504,246,1
425,"(9,2)",,False,43,"[18, 6, 9, 3, 2]",9,0.13638262322472802,-75,171,11,0.26587301587301504,246,1
426,"(5,3)",,False,45,"[19, 5, 7, 3, 15]",9,0.133333333333333,-77,171,11,0.230214424951267,248,1
427,"(5,3)",,False,45,"[19, 5, 7, 3, 15]",9,0.133333333333333,-77,171,11,0.230214424951267,248,1
428,"(8,1)",,False,47,"[2, 8, 6, 10, 1]",10,0.170565302144249,-79,171,12,0.3083402951824,250,1
429,"(8,1)",,False,47,"[2, 8, 6, 10, 1]",10,0.170565302144249,-79,171,12,0.3083402951824,250,1
430,"(11,1)",,False,47,"[11, 2, 10, 5, 1]",10,0.20667641325536001,-81,171,12,0.31194653299916403,252,1
431,"(11,1)",,False,47,"[11, 2, 10, 5, 1]",10,0.20667641325536001,-81,171,12,0.31194653299916403,252,1
432,"(9,1)",,False,49,"[9, 1, 0, 11, 16]",11,0.230304928989139,-83,171,13,0.300194931773879,254,1
433,"(9,1)",,False,49,"[9, 1, 0, 11, 16]",11,0.230304928989139,-83,171,13,0.300194931773879,254,1
434,"(18,3)",,False,51,"[18, 1, 17, 3, 11]",11,0.22439663974751603,-85,171,13,0.27270955165692,256,1
435,"(18,3)",,False,51,"[18, 1, 17, 3, 11]",11,0.22439663974751603,-85,171,13,0.27270955165692,256,1
436,"(9,18)",,False,51,"[9, 5, 14, 6, 18]",11,0.22596073517126103,-87,171,13,0.265288220551378,258,1
437,"(9,18)",,False,51,"[9, 5, 14, 6, 18]",11,0.22596073517126103,-87,171,13,0.265288220551378,258,1
438,"(0,6)",,False,51,"[7, 0, 4, 9, 6]",10,0.19233500417710903,-89,171,13,0.28322194374825904,260,1
439,"(0,6)",,False,51,"[7, 0, 4, 9, 6]",10,0.19233500417710903,-89,171,13,0.28322194374825904,260,1
440,"(1,13)",,False,51,"[1, 13, 0, 11, 15]",10,0.28950849345586105,-87,173,13,0.238478139793929,260,1
441,"(1,13)",,False,51,"[1, 13, 0, 11, 15]",10,0.28950849345586105,-87,173,13,0.238478139793929,260,1
442,"(13,10)",,False,51,"[8, 13, 17, 10, 18]",11,0.304372041214146,-85,175,13,0.23535923141186202,260,1
443,"(13,10)",,False,51,"[8, 13, 17, 10, 18]",11,0.304372041214146,-85,175,13,0.23535923141186202,260,1
444,"(19,10)",,False,51,"[19, 17, 10, 8, 14]",11,0.23721804511278102,-83,177,13,0.23614592035644602,260,1
445,"(19,10)",,False,51,"[19, 17, 10, 8, 14]",11,0.23721804511278102,-83,177,13,0.23614592035644602,260,1
446,"(1,6)",,False,51,"[7, 19, 1, 6, 4]",11,0.22522974101921403,-83,178,13,0.28790030632135905,261,1
447,"(1,6)",,False,51,"[7, 19, 1, 6, 4]",11,0.22522974101921403,-83,178,13,0.28790030632135905,261,1
448,"(15,2)",,False,51,"[15, 2, 3, 11, 1]",11,0.225912002227791,-85,178,13,0.29746588693957104,263,1
449,"(15,2)",,False,51,"[15, 2, 3, 11, 1]",11,0.225912002227791,-85,178,13,0.29746588693957104,263,1
450,"(18,0)",,False,51,"[15, 13, 18, 0, 1]",10,0.199888610414926,-87,178,13,0.294486215538847,265,1
451,"(18,0)",,False,51,"[15, 13, 18, 0, 1]",10,0.199888610414926,-87,178,13,0.294486215538847,265,1
452,"(3,17)",,False,53,"[6, 15, 3, 17, 4]",10,0.17368421052631502,-89,178,13,0.26921006219251803,267,1
453,"(3,17)",,False,53,"[6, 15, 3, 17, 4]",10,0.17368421052631502,-89,178,13,0.26921006219251803,267,1
454,"(1,8)",,False,53,"[1, 11, 8, 15, 18]",10,0.17368421052631502,-91,178,13,0.26921006219251803,269,1
455,"(1,8)",,False,53,"[1, 11, 8, 15, 18]",10,0.17368421052631502,-91,178,13,0.26921006219251803,269,1
456,"(3,0)",,True,53,"[17, 3, 5, 12, 0]",9,0.145029239766081,-93,178,13,0.26638355147127,271,1
457,"(3,0)",,True,53,"[17, 3, 5, 12, 0]",9,0.145029239766081,-93,178,13,0.26638355147127,271,1
458,"(0,8)",,True,51,"[0, 19, 9, 8, 7]",8,0.12160957950431601,-95,178,12,0.25133519826502204,273,1
459,"(0,8)",,True,51,"[0, 19, 9, 8, 7]",8,0.12160957950431601,-95,178,12,0.25133519826502204,273,1
460,"(0,19)",,False,51,"[3, 0, 14, 9, 19]",7,0.08181565023670201,-97,178,12,0.23707733137557602,275,1
461,"(0,19)",,False,51,"[3, 0, 14, 9, 19]",7,0.08181565023670201,-97,178,12,0.23707733137557602,275,1
462,"(2,18)",,False,51,"[2, 15, 18, 4, 7]",8,0.109189640768588,-99,178,12,0.230168012624152,277,1
463,"(2,18)",,False,51,"[2, 15, 18, 4, 7]",8,0.109189640768588,-99,178,12,0.230168012624152,277,1
464,"(1,19)",,False,53,"[1, 8, 10, 19, 12]",9,0.14771651350598702,-101,178,13,0.2621646709366,279,1
465,"(1,19)",,False,53,"[1, 8, 10, 19, 12]",9,0.14771651350598702,-101,178,13,0.2621646709366,279,1
466,"(17,0)",,False,53,"[15, 18, 17, 4, 0]",8,0.09503936609199701,-103,178,13,0.254888483835852,281,1
467,"(17,0)",,False,53,"[15, 18, 17, 4, 0]",8,0.09503936609199701,-103,178,13,0.254888483835852,281,1
468,"(1,16)",,False,55,"[1, 13, 14, 7, 16]",9,0.10999025341130601,-105,178,14,0.27629363813574304,283,1
469,"(1,16)",,False,55,"[1, 13, 14, 7, 16]",9,0.10999025341130601,-105,178,14,0.27629363813574304,283,1
470,"(5,18)",,False,55,"[19, 5, 18, 17, 4]",10,0.12542467279309302,-107,178,14,0.274895572263993,285,1
471,"(5,18)",,False,55,"[19, 5, 18, 17, 4]",10,0.12542467279309302,-107,178,14,0.274895572263993,285,1
472,"(12,1)",,False,55,"[10, 12, 1, 15, 9]",10,0.13968253968253902,-109,178,15,0.323315232525758,287,1
473,"(12,1)",,False,55,"[10, 12, 1, 15, 9]",10,0.13968253968253902,-109,178,15,0.323315232525758,287,1
474,"(2,0)",,False,53,"[11, 2, 0, 7, 17]",9,0.157128933444722,-111,178,15,0.342044927132646,289,1
475,"(2,0)",,False,53,"[11, 2, 0, 7, 17]",9,0.157128933444722,-111,178,15,0.342044927132646,289,1
476,"(1,4)",,False,55,"[1, 4, 14, 16, 11]",9,0.14494569757727602,-113,178,16,0.354340396445659,291,1
477,"(1,4)",,False,55,"[1, 4, 14, 16, 11]",9,0.14494569757727602,-113,178,16,0.354340396445659,291,1
478,"(6,7)",,False,57,"[19, 15, 6, 13, 7]",10,0.13266499582289001,-115,178,16,0.335568086883876,293,1
479,"(6,7)",,False,57,"[19, 15, 6, 13, 7]",10,0.13266499582289001,-115,178,16,0.335568086883876,293,1
480,"(6,1)",,False,59,"[6, 2, 17, 1, 4]",10,0.08843404808317001,-117,178,17,0.35812215724496405,295,1
481,"(6,1)",,False,59,"[6, 2, 17, 1, 4]",10,0.08843404808317001,-117,178,17,0.35812215724496405,295,1
482,"(3,17)",,False,59,"[19, 3, 16, 14, 17]",10,0.09106562703053901,-119,178,17,0.357356353847581,297,1
483,"(3,17)",,False,59,"[19, 3, 16, 14, 17]",10,0.09106562703053901,-119,178,17,0.357356353847581,297,1
484,"(13,8)",,False,57,"[6, 14, 1, 13, 8]",10,0.09951267056530201,-121,178,16,0.317070453912559,299,1
485,"(13,8)",,False,57,"[6, 14, 1, 13, 8]",10,0.09951267056530201,-121,178,16,0.317070453912559,299,1
486,"(19,1)",,False,59,"[17, 6, 19, 1, 4]",10,0.090926390049197,-123,178,17,0.360670194003527,301,1
487,"(19,1)",,False,59,"[17, 6, 19, 1, 4]",10,0.090926390049197,-123,178,17,0.360670194003527,301,1
488,"(0,5)",,False,59,"[17, 0, 18, 6, 5]",9,0.056488443330548005,-125,178,17,0.36162164670936603,303,1
489,"(0,5)",,False,59,"[17, 0, 18, 6, 5]",9,0.056488443330548005,-125,178,17,0.36162164670936603,303,1
490,"(16,2)",,False,59,"[16, 2, 15, 18, 14]",9,0.056488443330548005,-127,178,17,0.358552363815521,305,1
491,"(16,2)",,False,59,"[16, 2, 15, 18, 14]",9,0.056488443330548005,-127,178,17,0.358552363815521,305,1
492,"(15,0)",,False,57,"[13, 16, 7, 15, 0]",8,0.043817878028404006,-129,178,16,0.325563909774436,307,1
493,"(15,0)",,False,57,"[13, 16, 7, 15, 0]",8,0.043817878028404006,-129,178,16,0.325563909774436,307,1
494,"(12,1)",,False,57,"[15, 12, 0, 1, 11]",8,0.043817878028404006,-131,178,16,0.325563909774436,309,1
495,"(12,1)",,False,57,"[15, 12, 0, 1, 11]",8,0.043817878028404006,-131,178,16,0.325563909774436,309,1
496,"(2,5)",,False,55,"[15, 16, 11, 2, 5]",8,0.06313004734057301,-133,178,15,0.29616465405939,311,1
497,"(2,5)",,False,55,"[15, 16, 11, 2, 5]",8,0.06313004734057301,-133,178,15,0.29616465405939,311,1
498,"(12,14)",,False,57,"[16, 12, 13, 6, 14]",8,0.055407036108790005,-135,178,15,0.284269174620051,313,1
499,"(12,14)",,False,57,"[16, 12, 13, 6, 14]",8,0.055407036108790005,-135,178,15,0.284269174620051,313,1
500,"(4,10)",,False,57,"[4, 11, 10, 19, 6]",8,0.060809430984869,-137,178,15,0.279193986650126,315,1
501,"(4,10)",,False,57,"[4, 11, 10, 19, 6]",8,0.060809430984869,-137,178,15,0.279193986650126,315,1
502,"(9,13)",,False,57,"[19, 8, 9, 13, 5]",8,0.060396361273554,-139,178,15,0.28260001856493,317,1
503,"(9,13)",,False,57,"[19, 8, 9, 13, 5]",8,0.060396361273554,-139,178,15,0.28260001856493,317,1
504,"(14,0)",,False,55,"[2, 14, 13, 0, 3]",7,0.048992852501624,-141,178,14,0.25413997957857604,319,1
505,"(14,0)",,False,55,"[2, 14, 13, 0, 3]",7,0.048992852501624,-141,178,14,0.25413997957857604,319,1
506,"(12,4)",,False,57,"[19, 12, 15, 2, 4]",7,0.041233133338396004,-143,178,14,0.234870636186425,321,1
507,"(12,4)",,False,57,"[19, 12, 15, 2, 4]",7,0.041233133338396004,-143,178,14,0.234870636186425,321,1
508,3:20,assassinate,True,48,"[2, 3, 7, 6, 8]",7,0.05181226486696001,-145,178,13,0.273418158686476,323,1
509,3:20,assassinate,True,48,"[2, 3, 7, 6, 8]",7,0.05181226486696001,-145,178,13,0.273418158686476,323,1
510,"(3,18)",,False,50,"[19, 3, 18, 12, 8]",7,0.051313468857328,-147,178,13,0.28166016894087004,325,1
511,"(3,18)",,False,50,"[19, 3, 18, 12, 8]",7,0.051313468857328,-147,178,13,0.28166016894087004,325,1
512,"(3,0)",,False,50,"[4, 3, 8, 0, 14]",7,0.051313468857328,-149,178,13,0.28166016894087004,327,1
513,"(3,0)",,False,50,"[4, 3, 8, 0, 14]",7,0.051313468857328,-149,178,13,0.28166016894087004,327,1
514,11:16,assassinate,True,43,"[3, 16, 5, 19, 11]",7,0.08768216838392201,-151,178,12,0.30993919985148005,329,1
515,11:16,assassinate,True,43,"[3, 16, 5, 19, 11]",7,0.08768216838392201,-151,178,12,0.30993919985148005,329,1
516,"(3,0)",,True,41,"[6, 13, 3, 10, 0]",6,0.034437946718648,-153,178,12,0.28097790773229303,331,1
517,"(3,0)",,True,41,"[6, 13, 3, 10, 0]",6,0.034437946718648,-153,178,12,0.28097790773229303,331,1
518,"(3,0)",,False,41,"[3, 17, 9, 7, 0]",6,0.034437946718648,-155,178,12,0.28097790773229303,333,1
519,"(3,0)",,False,41,"[3, 17, 9, 7, 0]",6,0.034437946718648,-155,178,12,0.28097790773229303,333,1
520,"(14,2)",,False,39,"[14, 2, 17, 5, 3]",6,0.043729694606887005,-157,178,11,0.25578297595841404,335,1
521,"(14,2)",,False,39,"[14, 2, 17, 5, 3]",6,0.043729694606887005,-157,178,11,0.25578297595841404,335,1
522,"(10,6)",,False,39,"[4, 2, 10, 5, 6]",6,0.050162443144899004,-159,178,10,0.20666016894087003,337,1
523,"(10,6)",,False,39,"[4, 2, 10, 5, 6]",6,0.050162443144899004,-159,178,10,0.20666016894087003,337,1
524,"(15,14)",,False,39,"[13, 9, 6, 15, 14]",6,0.04977257959714,-161,178,9,0.20237166991552902,339,1
525,"(15,14)",,False,39,"[13, 9, 6, 15, 14]",6,0.04977257959714,-161,178,9,0.20237166991552902,339,1
526,"(10,9)",,False,39,"[10, 7, 9, 0, 8]",6,0.052729044834307,-163,178,9,0.235087719298245,341,1
527,"(10,9)",,False,39,"[10, 7, 9, 0, 8]",6,0.052729044834307,-163,178,9,0.235087719298245,341,1
528,12:12,assassinate,True,34,"[12, 16, 1, 2, 0]",5,0.049220272904483005,-165,178,9,0.23986354775828403,343,1
529,12:12,assassinate,True,34,"[12, 16, 1, 2, 0]",5,0.049220272904483005,-165,178,9,0.23986354775828403,343,1
530,"(8,9)",,False,34,"[2, 8, 16, 0, 9]",5,0.048078529657477005,-167,178,9,0.23628515733778802,345,1
531,"(8,9)",,False,34,"[2, 8, 16, 0, 9]",5,0.048078529657477005,-167,178,9,0.23628515733778802,345,1
532,"(5,1)",,False,36,"[5, 2, 17, 1, 18]",6,0.087719298245614,-169,178,10,0.256822612085769,347,1
533,"(5,1)",,False,36,"[5, 2, 17, 1, 18]",6,0.087719298245614,-169,178,10,0.256822612085769,347,1
534,"(8,16)",,False,36,"[8, 13, 19, 16, 9]",6,0.09210526315789401,-171,178,10,0.23391812865497003,349,1
535,"(8,16)",,False,36,"[8, 13, 19, 16, 9]",6,0.09210526315789401,-171,178,10,0.23391812865497003,349,1
536,"(15,18)",,False,36,"[17, 8, 15, 18, 5]",6,0.12170704539125501,-173,178,9,0.194806460595934,351,1
537,"(15,18)",,False,36,"[17, 8, 15, 18, 5]",6,0.12170704539125501,-173,178,9,0.194806460595934,351,1
538,"(19,13)",,True,38,"[9, 8, 16, 19, 13]",6,0.17560568086883802,-175,178,9,0.20523531049846802,353,1
539,"(19,13)",,True,38,"[9, 8, 16, 19, 13]",6,0.17560568086883802,-175,178,9,0.20523531049846802,353,1
540,"(8,11)",,False,40,"[3, 2, 8, 11, 16]",6,0.11595655806182101,-175,179,9,0.18515733778891602,354,1
541,"(8,11)",,False,40,"[3, 2, 8, 11, 16]",6,0.11595655806182101,-175,179,9,0.18515733778891602,354,1
542,"(1,12)",,True,40,"[6, 1, 12, 2, 9]",6,0.189055973266499,-175,180,10,0.27531328320802,355,1
543,"(1,12)",,True,40,"[6, 1, 12, 2, 9]",6,0.189055973266499,-175,180,10,0.27531328320802,355,1
544,"(15,5)",,False,40,"[12, 19, 15, 17, 5]",6,0.184489633173843,-177,180,9,0.24174641148325302,357,1
545,"(15,5)",,False,40,"[12, 19, 15, 17, 5]",6,0.184489633173843,-177,180,9,0.24174641148325302,357,1
546,"(15,0)",,True,40,"[15, 19, 18, 0, 12]",5,0.144435583909268,-179,180,9,0.221717171717171,359,1
547,"(15,0)",,True,40,"[15, 19, 18, 0, 12]",5,0.144435583909268,-179,180,9,0.221717171717171,359,1
548,"(8,4)",,False,42,"[9, 8, 4, 7, 5]",5,0.08195108984582601,-181,180,9,0.16077441077441001,361,1
549,"(8,4)",,False,42,"[9, 8, 4, 7, 5]",5,0.08195108984582601,-181,180,9,0.16077441077441001,361,1
550,"(13,18)",,False,42,"[6, 16, 13, 14, 18]",5,0.09862661704766901,-183,180,9,0.18273081694134302,363,1
551,"(13,18)",,False,42,"[6, 16, 13, 14, 18]",5,0.09862661704766901,-183,180,9,0.18273081694134302,363,1
552,"(10,14)",,False,40,"[7, 10, 14, 1, 15]",5,0.13993316624895502,-185,180,9,0.242063492063492,365,1
553,"(10,14)",,False,40,"[7, 10, 14, 1, 15]",5,0.13993316624895502,-185,180,9,0.242063492063492,365,1
554,"(2,17)",,False,42,"[14, 2, 15, 0, 17]",6,0.166443887496519,-187,180,9,0.195767195767195,367,1
555,"(2,17)",,False,42,"[14, 2, 15, 0, 17]",6,0.166443887496519,-187,180,9,0.195767195767195,367,1
556,"(4,2)",,False,44,"[14, 4, 2, 16, 18]",6,0.135743204164256,-189,180,9,0.170881262986526,369,1
557,"(4,2)",,False,44,"[14, 4, 2, 16, 18]",6,0.135743204164256,-189,180,9,0.170881262986526,369,1
558,10:16,assassinate,True,37,"[16, 4, 10, 11, 7]",5,0.10686438318017201,-191,180,8,0.19568365357839002,371,1
559,10:16,assassinate,True,37,"[16, 4, 10, 11, 7]",5,0.10686438318017201,-191,180,8,0.19568365357839002,371,1
560,"(11,2)",,False,39,"[19, 5, 11, 2, 7]",6,0.10717070453912501,-193,180,8,0.186187691450849,373,1
561,"(11,2)",,False,39,"[19, 5, 11, 2, 7]",6,0.10717070453912501,-193,180,8,0.186187691450849,373,1
562,"(12,13)",,False,37,"[12, 0, 17, 10, 13]",6,0.126413255360623,-195,180,7,0.189717348927875,375,1
563,"(12,13)",,False,37,"[12, 0, 17, 10, 13]",6,0.126413255360623,-195,180,7,0.189717348927875,375,1
564,"(0,6)",,False,37,"[0, 16, 8, 6, 18]",6,0.11854636591478601,-195,181,7,0.13259537733221902,376,1
565,"(0,6)",,False,37,"[0, 16, 8, 6, 18]",6,0.11854636591478601,-195,181,7,0.13259537733221902,376,1
566,4:10,assassinate,True,31,"[16, 10, 2, 5, 4]",5,0.06676413255360601,-195,182,6,0.12329434697855701,377,1
567,4:10,assassinate,True,31,"[16, 10, 2, 5, 4]",5,0.06676413255360601,-195,182,6,0.12329434697855701,377,1
568,"(15,12)",,False,33,"[2, 16, 15, 9, 12]",6,0.10157337788916701,-197,182,6,0.11765524923419601,379,1
569,"(15,12)",,False,33,"[2, 16, 15, 9, 12]",6,0.10157337788916701,-197,182,6,0.11765524923419601,379,1
570,"(7,0)",,False,33,"[7, 8, 12, 1, 0]",6,0.064912280701754,-197,183,6,0.12563352826510701,380,1
571,"(7,0)",,False,33,"[7, 8, 12, 1, 0]",6,0.064912280701754,-197,183,6,0.12563352826510701,380,1
572,"(11,10)",,False,35,"[19, 11, 6, 10, 13]",6,0.055555555555555004,-199,183,6,0.134502923976608,382,1
573,"(11,10)",,False,35,"[19, 11, 6, 10, 13]",6,0.055555555555555004,-199,183,6,0.134502923976608,382,1
574,"(18,10)",,False,37,"[18, 7, 14, 10, 2]",7,0.100389863547758,-197,185,6,0.073976608187134,382,1
575,"(18,10)",,False,37,"[18, 7, 14, 10, 2]",7,0.100389863547758,-197,185,6,0.073976608187134,382,1
576,19:6,assassinate,True,35,"[17, 19, 15, 14, 9]",6,0.06842105263157801,-197,186,6,0.075438596491228,383,1
577,19:6,assassinate,True,35,"[17, 19, 15, 14, 9]",6,0.06842105263157801,-197,186,6,0.075438596491228,383,1
578,"(14,18)",,False,35,"[14, 7, 13, 10, 18]",6,0.06939571150097401,-199,186,6,0.079678362573099,385,1
579,"(14,18)",,False,35,"[14, 7, 13, 10, 18]",6,0.06939571150097401,-199,186,6,0.079678362573099,385,1
580,"(5,6)",,False,35,"[5, 8, 17, 6, 9]",6,0.07553606237816701,-199,187,6,0.083576998050682,386,1
581,"(5,6)",,False,35,"[5, 8, 17, 6, 9]",6,0.07553606237816701,-199,187,6,0.083576998050682,386,1
582,"(19,5)",,False,33,"[18, 19, 5, 9, 10]",6,0.067362851573377,-197,189,5,0.06224589250905001,386,1
583,"(19,5)",,False,33,"[18, 19, 5, 9, 10]",6,0.067362851573377,-197,189,5,0.06224589250905001,386,1
584,"(13,16)",,False,33,"[13, 16, 14, 6, 3]",7,0.170300751879699,-195,191,5,0.09413812308549101,386,1
585,"(13,16)",,False,33,"[13, 16, 14, 6, 3]",7,0.170300751879699,-195,191,5,0.09413812308549101,386,1
586,"(16,5)",,False,31,"[6, 13, 16, 5, 14]",7,0.22612085769980503,-193,193,4,0.07602339181286501,386,1
587,"(16,5)",,False,31,"[6, 13, 16, 5, 14]",7,0.22612085769980503,-193,193,4,0.07602339181286501,386,1
588,"(11,12)",,False,31,"[4, 11, 5, 3, 12]",7,0.18927875243664702,-191,195,4,0.06978557504873201,386,1
589,"(11,12)",,False,31,"[4, 11, 5, 3, 12]",7,0.18927875243664702,-191,195,4,0.06978557504873201,386,1
590,"(0,19)",,True,31,"[4, 0, 2, 18, 19]",7,0.18927875243664702,-189,197,4,0.06978557504873201,386,1
591,"(0,19)",,True,31,"[4, 0, 2, 18, 19]",7,0.18927875243664702,-189,197,4,0.06978557504873201,386,1
592,"(0,16)",,False,31,"[18, 0, 16, 15, 19]",7,0.18927875243664702,-187,199,4,0.06978557504873201,386,1
593,"(0,16)",,False,31,"[18, 0, 16, 15, 19]",7,0.18927875243664702,-187,199,4,0.06978557504873201,386,1
594,"(7,8)",,False,31,"[7, 8, 10, 19, 14]",8,0.21169590643274802,-185,201,4,0.063937621832358,386,1
595,"(7,8)",,False,31,"[7, 8, 10, 19, 14]",8,0.21169590643274802,-185,201,4,0.063937621832358,386,1
596,"(13,1)",,False,31,"[13, 9, 3, 1, 15]",8,0.238011695906432,-183,203,5,0.140935672514619,386,1
597,"(13,1)",,False,31,"[13, 9, 3, 1, 15]",8,0.238011695906432,-183,203,5,0.140935672514619,386,1
598,"(10,19)",,False,33,"[0, 10, 2, 13, 19]",8,0.270467836257309,-181,205,5,0.149707602339181,386,1
599,"(10,19)",,False,33,"[0, 10, 2, 13, 19]",8,0.270467836257309,-181,205,5,0.149707602339181,386,1
600,"(17,19)",,False,33,"[8, 13, 17, 0, 19]",8,0.298440545808966,-179,207,5,0.153703703703703,386,1
601,"(17,19)",,False,33,"[8, 13, 17, 0, 19]",8,0.298440545808966,-179,207,5,0.153703703703703,386,1
602,"(5,17)",,False,33,"[5, 9, 17, 3, 16]",8,0.301364522417154,-177,209,5,0.162962962962962,386,1
603,"(5,17)",,False,33,"[5, 9, 17, 3, 16]",8,0.301364522417154,-177,209,5,0.162962962962962,386,1
604,"(14,19)",,False,35,"[8, 18, 15, 14, 19]",9,0.288805346700083,-175,211,5,0.073844333054859,386,1
605,"(14,19)",,False,35,"[8, 18, 15, 14, 19]",9,0.288805346700083,-175,211,5,0.073844333054859,386,1
606,"(2,7)",,False,37,"[2, 5, 6, 7, 8]",9,0.24406850459482002,-173,213,5,0.071846282372598,386,1
607,"(2,7)",,False,37,"[2, 5, 6, 7, 8]",9,0.24406850459482002,-173,213,5,0.071846282372598,386,1
608,"(4,1)",,False,37,"[3, 5, 4, 1, 13]",9,0.25233918128654903,-171,215,6,0.112475633528265,386,1
609,"(4,1)",,False,37,"[3, 5, 4, 1, 13]",9,0.25233918128654903,-171,215,6,0.112475633528265,386,1
610,"(5,10)",,False,37,"[6, 17, 5, 10, 19]",9,0.22692843219159,-169,217,6,0.10810359231411801,386,1
611,"(5,10)",,False,37,"[6, 17, 5, 10, 19]",9,0.22692843219159,-169,217,6,0.10810359231411801,386,1
612,"(18,2)",,False,37,"[5, 14, 18, 15, 2]",9,0.24525201893622903,-167,219,5,0.07982456140350801,386,1
613,"(18,2)",,False,37,"[5, 14, 18, 15, 2]",9,0.24525201893622903,-167,219,5,0.07982456140350801,386,1
614,"(4,7)",,False,37,"[4, 16, 8, 7, 18]",9,0.24385964912280603,-165,221,5,0.09064327485380101,386,1
615,"(4,7)",,False,37,"[4, 16, 8, 7, 18]",9,0.24385964912280603,-165,221,5,0.09064327485380101,386,1
616,"(4,18)",,False,37,"[4, 6, 2, 18, 11]",9,0.25302144249512604,-163,223,5,0.09814814814814801,386,1
617,"(4,18)",,False,37,"[4, 6, 2, 18, 11]",9,0.25302144249512604,-163,223,5,0.09814814814814801,386,1
618,"(1,2)",,False,39,"[14, 1, 10, 12, 2]",9,0.21004025214551503,-161,225,6,0.09073947495000101,386,1
619,"(1,2)",,False,39,"[14, 1, 10, 12, 2]",9,0.21004025214551503,-161,225,6,0.09073947495000101,386,1
620,"(13,9)",,False,39,"[19, 13, 18, 8, 9]",9,0.201072124756335,-159,227,5,0.051656920077972006,386,1
621,"(13,9)",,False,39,"[19, 13, 18, 8, 9]",9,0.201072124756335,-159,227,5,0.051656920077972006,386,1
622,"(4,0)",,False,37,"[16, 6, 4, 0, 1]",8,0.159844054580896,-157,229,4,0.046296296296296,386,1
623,"(4,0)",,False,37,"[16, 6, 4, 0, 1]",8,0.159844054580896,-157,229,4,0.046296296296296,386,1
624,"(5,7)",,False,37,"[9, 11, 5, 7, 14]",8,0.157894736842105,-155,231,4,0.063840155945419,386,1
625,"(5,7)",,False,37,"[9, 11, 5, 7, 14]",8,0.157894736842105,-155,231,4,0.063840155945419,386,1
626,5:8,assassinate,True,34,"[16, 14, 5, 12, 2]",7,0.16588693957115,-153,233,4,0.08226120857699801,386,1
627,5:8,assassinate,True,34,"[16, 14, 5, 12, 2]",7,0.16588693957115,-153,233,4,0.08226120857699801,386,1
628,10:6,assassinate,True,32,"[10, 6, 0, 5, 16]",7,0.16198830409356701,-151,235,4,0.063742690058479,386,1
629,10:6,assassinate,True,32,"[10, 6, 0, 5, 16]",7,0.16198830409356701,-151,235,4,0.063742690058479,386,1
630,"(11,12)",,False,32,"[9, 19, 11, 4, 12]",7,0.149025341130604,-149,237,4,0.066471734892787,386,1
631,"(11,12)",,False,32,"[9, 19, 11, 4, 12]",7,0.149025341130604,-149,237,4,0.066471734892787,386,1
632,"(8,13)",,False,34,"[10, 8, 5, 4, 13]",7,0.128719948018193,-147,239,4,0.06361273554256,386,1
633,"(8,13)",,False,34,"[10, 8, 5, 4, 13]",7,0.128719948018193,-147,239,4,0.06361273554256,386,1
634,"(10,4)",,False,36,"[3, 18, 10, 4, 17]",7,0.132975958414554,-145,241,4,0.086679662118258,386,1
635,"(10,4)",,False,36,"[3, 18, 10, 4, 17]",7,0.132975958414554,-145,241,4,0.086679662118258,386,1
636,"(1,2)",,False,38,"[12, 1, 19, 4, 2]",7,0.132039695197589,-143,243,5,0.09101541733120601,386,1
637,"(1,2)",,False,38,"[12, 1, 19, 4, 2]",7,0.132039695197589,-143,243,5,0.09101541733120601,386,1
638,"(3,12)",,False,40,"[19, 3, 12, 13, 4]",7,0.10575048732943401,-141,245,5,0.057504873294346004,386,1
639,"(3,12)",,False,40,"[19, 3, 12, 13, 4]",7,0.10575048732943401,-141,245,5,0.057504873294346004,386,1
640,"(0,11)",,False,38,"[7, 6, 3, 0, 11]",6,0.093957115009746,-139,247,5,0.073976608187134,386,1
641,"(0,11)",,False,38,"[7, 6, 3, 0, 11]",6,0.093957115009746,-139,247,5,0.073976608187134,386,1
642,"(0,13)",,False,38,"[2, 0, 1, 4, 13]",5,0.07066276803118901,-139,248,5,0.09039961013645201,387,1
643,"(0,13)",,False,38,"[2, 0, 1, 4, 13]",5,0.07066276803118901,-139,248,5,0.09039961013645201,387,1
644,"(15,1)",,False,40,"[15, 4, 12, 8, 1]",5,0.057017543859649,-141,248,6,0.103460038986354,389,1
645,"(15,1)",,False,40,"[15, 4, 12, 8, 1]",5,0.057017543859649,-141,248,6,0.103460038986354,389,1
646,"(17,1)",,False,42,"[17, 7, 19, 0, 1]",5,0.043107769423558005,-143,248,7,0.113213589529378,391,1
647,"(17,1)",,False,42,"[17, 7, 19, 0, 1]",5,0.043107769423558005,-143,248,7,0.113213589529378,391,1
648,"(1,5)",,False,44,"[6, 1, 14, 5, 18]",5,0.044848231690336006,-145,248,8,0.20578529657477002,393,1
649,"(1,5)",,False,44,"[6, 1, 14, 5, 18]",5,0.044848231690336006,-145,248,8,0.20578529657477002,393,1
650,"(2,16)",,False,46,"[2, 0, 16, 8, 6]",5,0.036069340016708,-147,248,8,0.16256613756613703,395,1
651,"(2,16)",,False,46,"[2, 0, 16, 8, 6]",5,0.036069340016708,-147,248,8,0.16256613756613703,395,1
652,9:8,assassinate,True,41,"[8, 19, 6, 17, 9]",4,0.015942634363686002,-149,248,7,0.15114174324700602,397,1
653,9:8,assassinate,True,41,"[8, 19, 6, 17, 9]",4,0.015942634363686002,-149,248,7,0.15114174324700602,397,1
654,"(3,1)",,False,43,"[13, 3, 11, 1, 4]",5,0.12012670565302101,-151,248,8,0.20587580061264202,399,1
655,"(3,1)",,False,43,"[13, 3, 11, 1, 4]",5,0.12012670565302101,-151,248,8,0.20587580061264202,399,1
656,9:2,assassinate,True,43,"[16, 15, 9, 6, 10]",4,0.014643089204492001,-153,248,8,0.162104334911352,401,1
657,9:2,assassinate,True,43,"[16, 15, 9, 6, 10]",4,0.014643089204492001,-153,248,8,0.162104334911352,401,1
658,"(12,3)",,False,43,"[19, 10, 16, 12, 3]",4,0.018664717348927003,-155,248,8,0.15371994801819303,403,1
659,"(12,3)",,False,43,"[19, 10, 16, 12, 3]",4,0.018664717348927003,-155,248,8,0.15371994801819303,403,1
660,"(18,17)",,False,41,"[11, 18, 7, 17, 3]",4,0.045321637426900006,-157,248,7,0.137552213868003,405,1
661,"(18,17)",,False,41,"[11, 18, 7, 17, 3]",4,0.045321637426900006,-157,248,7,0.137552213868003,405,1
662,"(14,1)",,True,43,"[17, 14, 8, 1, 6]",4,0.029824561403508,-159,248,8,0.180757449178501,407,1
663,"(14,1)",,True,43,"[17, 14, 8, 1, 6]",4,0.029824561403508,-159,248,8,0.180757449178501,407,1
664,"(5,9)",,False,45,"[15, 5, 3, 9, 2]",4,0.031091617933723004,-161,248,8,0.21148705096073503,409,1
665,"(5,9)",,False,45,"[15, 5, 3, 9, 2]",4,0.031091617933723004,-161,248,8,0.21148705096073503,409,1
666,"(1,6)",,False,45,"[2, 13, 1, 6, 17]",4,0.029629629629629003,-163,248,8,0.205263157894736,411,1
667,"(1,6)",,False,45,"[2, 13, 1, 6, 17]",4,0.029629629629629003,-163,248,8,0.205263157894736,411,1
668,"(17,0)",,False,45,"[17, 12, 6, 2, 0]",4,0.040657198551935,-165,248,8,0.23276246170983003,413,1
669,"(17,0)",,False,45,"[17, 12, 6, 2, 0]",4,0.040657198551935,-165,248,8,0.23276246170983003,413,1
670,"(1,15)",,False,47,"[14, 1, 4, 7, 15]",5,0.045140629351155,-167,248,9,0.240295182400445,415,1
671,"(1,15)",,False,47,"[14, 1, 4, 7, 15]",5,0.045140629351155,-167,248,9,0.240295182400445,415,1
672,"(18,14)",,False,47,"[16, 4, 18, 14, 19]",5,0.045140629351155,-169,248,9,0.240295182400445,417,1
673,"(18,14)",,False,47,"[16, 4, 18, 14, 19]",5,0.045140629351155,-169,248,9,0.240295182400445,417,1
674,"(5,17)",,False,47,"[4, 19, 5, 17, 6]",5,0.044541910331384,-171,248,9,0.259454191033138,419,1
675,"(5,17)",,False,47,"[4, 19, 5, 17, 6]",5,0.044541910331384,-171,248,9,0.259454191033138,419,1
676,"(13,0)",,True,45,"[13, 6, 0, 7, 3]",4,0.027290448343079,-173,248,8,0.245934280144806,421,1
677,"(13,0)",,True,45,"[13, 6, 0, 7, 3]",4,0.027290448343079,-173,248,8,0.245934280144806,421,1
678,"(2,16)",,False,45,"[17, 2, 7, 1, 16]",4,0.024561403508771004,-175,248,8,0.223823447507657,423,1
679,"(2,16)",,False,45,"[17, 2, 7, 1, 16]",4,0.024561403508771004,-175,248,8,0.223823447507657,423,1
680,"(7,13)",,False,45,"[0, 17, 2, 7, 13]",4,0.025893437296946,-177,248,8,0.208103592314118,425,1
681,"(7,13)",,False,45,"[0, 17, 2, 7, 13]",4,0.025893437296946,-177,248,8,0.208103592314118,425,1
682,"(18,9)",,False,45,"[10, 18, 9, 17, 15]",5,0.06185834957764701,-179,248,8,0.22222222222222202,427,1
683,"(18,9)",,False,45,"[10, 18, 9, 17, 15]",5,0.06185834957764701,-179,248,8,0.22222222222222202,427,1
684,"(4,8)",,False,45,"[2, 4, 18, 6, 8]",5,0.06467557783347201,-181,248,7,0.19377610693400102,429,1
685,"(4,8)",,False,45,"[2, 4, 18, 6, 8]",5,0.06467557783347201,-181,248,7,0.19377610693400102,429,1
686,"(1,10)",,False,47,"[5, 1, 10, 15, 12]",5,0.05969785575048701,-183,248,8,0.19883040935672502,431,1
687,"(1,10)",,False,47,"[5, 1, 10, 15, 12]",5,0.05969785575048701,-183,248,8,0.19883040935672502,431,1
688,"(5,2)",,False,47,"[5, 18, 2, 3, 10]",5,0.055994152046783006,-185,248,8,0.20219298245614,433,1
689,"(5,2)",,False,47,"[5, 18, 2, 3, 10]",5,0.055994152046783006,-185,248,8,0.20219298245614,433,1
690,"(8,19)",,False,49,"[8, 14, 19, 6, 4]",5,0.038937621832358,-187,248,8,0.17461013645224102,435,1
691,"(8,19)",,False,49,"[8, 14, 19, 6, 4]",5,0.038937621832358,-187,248,8,0.17461013645224102,435,1
692,"(1,4)",,False,51,"[7, 1, 4, 15, 18]",5,0.034635199108883005,-189,248,9,0.181683375104427,437,1
693,"(1,4)",,False,51,"[7, 1, 4, 15, 18]",5,0.034635199108883005,-189,248,9,0.181683375104427,437,1
694,"(7,2)",,False,49,"[16, 13, 4, 7, 2]",5,0.034238373712057,-191,248,8,0.154859370648844,439,1
695,"(7,2)",,False,49,"[16, 13, 4, 7, 2]",5,0.034238373712057,-191,248,8,0.154859370648844,439,1
696,"(17,11)",,False,47,"[15, 18, 17, 14, 11]",5,0.043820409609883,-193,248,7,0.12948406369459,441,1
697,"(17,11)",,False,47,"[15, 18, 17, 14, 11]",5,0.043820409609883,-193,248,7,0.12948406369459,441,1
698,"(9,18)",,False,47,"[9, 18, 11, 4, 2]",5,0.043820409609883,-195,248,7,0.12948406369459,443,1
699,"(9,18)",,False,47,"[9, 18, 11, 4, 2]",5,0.043820409609883,-195,248,7,0.12948406369459,443,1
700,"(13,3)",,False,47,"[0, 13, 3, 5, 4]",5,0.052979671400724,-197,248,7,0.13226120857699802,445,1
701,"(13,3)",,False,47,"[0, 13, 3, 5, 4]",5,0.052979671400724,-197,248,7,0.13226120857699802,445,1
702,19:8,assassinate,True,44,"[19, 4, 14, 13, 18]",4,0.035672514619883,-199,248,7,0.09806460595934201,447,1
703,19:8,assassinate,True,44,"[19, 4, 14, 13, 18]",4,0.035672514619883,-199,248,7,0.09806460595934201,447,1
704,"(0,8)",,False,42,"[7, 0, 8, 14, 17]",3,0.020286828181565002,-201,248,7,0.10341130604288401,449,1
705,"(0,8)",,False,42,"[7, 0, 8, 14, 17]",3,0.020286828181565002,-201,248,7,0.10341130604288401,449,1
706,"(13,16)",,False,42,"[13, 0, 14, 7, 16]",3,0.009356725146198001,-203,248,6,0.076510721247563,451,1
707,"(13,16)",,False,42,"[13, 0, 14, 7, 16]",3,0.009356725146198001,-203,248,6,0.076510721247563,451,1
708,"(5,19)",,True,44,"[5, 3, 19, 18, 14]",3,0.008187134502923,-205,248,6,0.08226120857699801,453,1
709,"(5,19)",,True,44,"[5, 3, 19, 18, 14]",3,0.008187134502923,-205,248,6,0.08226120857699801,453,1
710,"(15,10)",,False,44,"[14, 3, 15, 19, 10]",3,0.014132553606237,-207,248,6,0.08859649122807,455,1
711,"(15,10)",,False,44,"[14, 3, 15, 19, 10]",3,0.014132553606237,-207,248,6,0.08859649122807,455,1
712,"(7,12)",,False,44,"[18, 7, 19, 13, 12]",3,0.016276803118908,-209,248,6,0.082456140350877,457,1
713,"(7,12)",,False,44,"[18, 7, 19, 13, 12]",3,0.016276803118908,-209,248,6,0.082456140350877,457,1
714,"(5,4)",,False,44,"[8, 5, 17, 19, 4]",4,0.068497632971317,-211,248,6,0.11658312447786101,459,1
715,"(5,4)",,False,44,"[8, 5, 17, 19, 4]",4,0.068497632971317,-211,248,6,0.11658312447786101,459,1
716,"(7,6)",,False,44,"[8, 7, 16, 10, 6]",5,0.098004269934094,-209,250,6,0.088318017265385,459,1
717,"(7,6)",,False,44,"[8, 7, 16, 10, 6]",5,0.098004269934094,-209,250,6,0.088318017265385,459,1
718,"(13,0)",,False,44,"[16, 14, 7, 13, 0]",5,0.107602339181286,-207,252,6,0.07339181286549701,459,1
719,"(13,0)",,False,44,"[16, 14, 7, 13, 0]",5,0.107602339181286,-207,252,6,0.07339181286549701,459,1
720,"(15,19)",,False,44,"[9, 15, 19, 11, 18]",5,0.081481481481481,-205,254,5,0.043762183235867,459,1
721,"(15,19)",,False,44,"[9, 15, 19, 11, 18]",5,0.081481481481481,-205,254,5,0.043762183235867,459,1
722,"(12,1)",,False,44,"[2, 12, 6, 17, 1]",5,0.065650236702868,-203,256,5,0.042314118629908005,459,1
723,"(12,1)",,False,44,"[2, 12, 6, 17, 1]",5,0.065650236702868,-203,256,5,0.042314118629908005,459,1
724,"(2,11)",,False,44,"[2, 4, 7, 11, 14]",6,0.10058479532163701,-201,258,5,0.049707602339181006,459,1
725,"(2,11)",,False,44,"[2, 4, 7, 11, 14]",6,0.10058479532163701,-201,258,5,0.049707602339181006,459,1
726,"(18,17)",,False,46,"[18, 17, 11, 13, 6]",6,0.086995265942634,-199,260,5,0.03948760790866,459,1
727,"(18,17)",,False,46,"[18, 17, 11, 13, 6]",6,0.086995265942634,-199,260,5,0.03948760790866,459,1
728,"(16,17)",,False,46,"[13, 16, 0, 5, 17]",6,0.07563352826510701,-197,262,4,0.015984405458089,459,1
729,"(16,17)",,False,46,"[13, 16, 0, 5, 17]",6,0.07563352826510701,-197,262,4,0.015984405458089,459,1
730,"(1,14)",,False,46,"[2, 17, 1, 8, 14]",6,0.08830409356725101,-195,264,4,0.020175438596491003,459,1
731,"(1,14)",,False,46,"[2, 17, 1, 8, 14]",6,0.08830409356725101,-195,264,4,0.020175438596491003,459,1
732,"(4,9)",,False,48,"[11, 4, 5, 9, 6]",7,0.09853801169590601,-193,266,4,0.017543859649122,459,1
733,"(4,9)",,False,48,"[11, 4, 5, 9, 6]",7,0.09853801169590601,-193,266,4,0.017543859649122,459,1
734,"(1,16)",,False,50,"[1, 4, 11, 3, 16]",7,0.09337231968810901,-191,268,5,0.032219437482595,459,1
735,"(1,16)",,False,50,"[1, 4, 11, 3, 16]",7,0.09337231968810901,-191,268,5,0.032219437482595,459,1
736,"(1,6)",,False,52,"[19, 1, 6, 13, 2]",8,0.106655527708159,-189,270,6,0.053863826232247,459,1
737,"(1,6)",,False,52,"[19, 1, 6, 13, 2]",8,0.106655527708159,-189,270,6,0.053863826232247,459,1
738,"(1,11)",,True,52,"[1, 14, 2, 11, 9]",8,0.10587580061264201,-187,272,6,0.055991831430427005,459,1
739,"(1,11)",,True,52,"[1, 14, 2, 11, 9]",8,0.10587580061264201,-187,272,6,0.055991831430427005,459,1
740,"(7,4)",,False,50,"[6, 7, 16, 4, 2]",8,0.128070175438596,-185,274,6,0.06184906711222501,459,1
741,"(7,4)",,False,50,"[6, 7, 16, 4, 2]",8,0.128070175438596,-185,274,6,0.06184906711222501,459,1
742,"(19,18)",,False,52,"[13, 5, 9, 19, 18]",9,0.140452984312633,-183,276,6,0.056585909217488004,459,1
743,"(19,18)",,False,52,"[13, 5, 9, 19, 18]",9,0.140452984312633,-183,276,6,0.056585909217488004,459,1
744,"(0,8)",,False,52,"[5, 0, 19, 17, 8]",9,0.12891952102478402,-181,278,6,0.054260651629072,459,1
745,"(0,8)",,False,52,"[5, 0, 19, 17, 8]",9,0.12891952102478402,-181,278,6,0.054260651629072,459,1
746,"(7,5)",,False,54,"[17, 7, 19, 5, 2]",9,0.122584238373712,-179,280,6,0.046950710108604,459,1
747,"(7,5)",,False,54,"[17, 7, 19, 5, 2]",9,0.122584238373712,-179,280,6,0.046950710108604,459,1
748,"(18,1)",,False,56,"[5, 17, 18, 1, 11]",10,0.147236145920356,-177,282,7,0.057323865218602006,459,1
749,"(18,1)",,False,56,"[5, 17, 18, 1, 11]",10,0.147236145920356,-177,282,7,0.057323865218602006,459,1
750,13:12,assassinate,True,49,"[2, 6, 13, 8, 16]",9,0.133184813886568,-175,284,7,0.07282094124199301,459,1
751,13:12,assassinate,True,49,"[2, 6, 13, 8, 16]",9,0.133184813886568,-175,284,7,0.07282094124199301,459,1
752,"(1,18)",,False,49,"[1, 18, 10, 16, 12]",9,0.133184813886568,-173,286,7,0.07282094124199301,459,1
753,"(1,18)",,False,49,"[1, 18, 10, 16, 12]",9,0.133184813886568,-173,286,7,0.07282094124199301,459,1
754,"(1,15)",,False,49,"[17, 1, 2, 14, 15]",9,0.130751379874186,-171,288,7,0.064265364265364,459,1
755,"(1,15)",,False,49,"[17, 1, 2, 14, 15]",9,0.130751379874186,-171,288,7,0.064265364265364,459,1
756,"(13,1)",,False,49,"[13, 17, 9, 1, 12]",9,0.16328784925276102,-169,290,7,0.14805068226120802,459,1
757,"(13,1)",,False,49,"[13, 17, 9, 1, 12]",9,0.16328784925276102,-169,290,7,0.14805068226120802,459,1
758,"(3,12)",,False,51,"[17, 3, 2, 12, 15]",9,0.13968253968253902,-167,292,7,0.13538011695906402,459,1
759,"(3,12)",,False,51,"[17, 3, 2, 12, 15]",9,0.13968253968253902,-167,292,7,0.13538011695906402,459,1
760,"(15,17)",,False,49,"[4, 15, 17, 11, 5]",9,0.15,-165,294,7,0.144541910331384,459,1
761,"(15,17)",,False,49,"[4, 15, 17, 11, 5]",9,0.15,-165,294,7,0.144541910331384,459,1
762,"(1,19)",,False,49,"[15, 1, 17, 19, 13]",9,0.18474658869395702,-163,296,8,0.16145224171539901,459,1
763,"(1,19)",,False,49,"[15, 1, 17, 19, 13]",9,0.18474658869395702,-163,296,8,0.16145224171539901,459,1
764,"(10,1)",,False,51,"[10, 18, 5, 11, 1]",9,0.190095609393855,-161,298,9,0.175652093195952,459,1
765,"(10,1)",,False,51,"[10, 18, 5, 11, 1]",9,0.190095609393855,-161,298,9,0.175652093195952,459,1
766,"(1,2)",,False,53,"[14, 1, 2, 19, 13]",9,0.18854543766824403,-161,299,10,0.194718277174417,460,1
767,"(1,2)",,False,53,"[14, 1, 2, 19, 13]",9,0.18854543766824403,-161,299,10,0.194718277174417,460,1
768,"(0,15)",,False,53,"[18, 17, 0, 15, 3]",8,0.17157244964262502,-159,301,10,0.15659519168291,460,1
769,"(0,15)",,False,53,"[18, 17, 0, 15, 3]",8,0.17157244964262502,-159,301,10,0.15659519168291,460,1
770,"(9,1)",,False,55,"[9, 1, 10, 12, 0]",8,0.143418732015223,-159,302,11,0.175299359509885,461,1
771,"(9,1)",,False,55,"[9, 1, 10, 12, 0]",8,0.143418732015223,-159,302,11,0.175299359509885,461,1
772,"(10,4)",,False,55,"[10, 4, 17, 16, 11]",9,0.163334683510122,-161,302,11,0.187935748462064,463,1
773,"(10,4)",,False,55,"[10, 4, 17, 16, 11]",9,0.163334683510122,-161,302,11,0.187935748462064,463,1
774,"(6,1)",,False,57,"[0, 19, 6, 1, 13]",9,0.09378581132967001,-163,302,12,0.215435052277157,465,1
775,"(6,1)",,False,57,"[0, 19, 6, 1, 13]",9,0.09378581132967001,-163,302,12,0.215435052277157,465,1
776,"(2,10)",,False,55,"[2, 11, 14, 12, 10]",9,0.102483059500603,-165,302,11,0.20314675577833402,467,1
777,"(2,10)",,False,55,"[2, 11, 14, 12, 10]",9,0.102483059500603,-165,302,11,0.20314675577833402,467,1
778,"(7,14)",,False,55,"[9, 8, 7, 13, 14]",9,0.10270626060099701,-167,302,11,0.20677198045619002,469,1
779,"(7,14)",,False,55,"[9, 8, 7, 13, 14]",9,0.10270626060099701,-167,302,11,0.20677198045619002,469,1
780,"(1,8)",,False,55,"[1, 15, 8, 11, 3]",9,0.16158325105693502,-167,303,11,0.195858965595807,470,1
781,"(1,8)",,False,55,"[1, 15, 8, 11, 3]",9,0.16158325105693502,-167,303,11,0.195858965595807,470,1
782,3:14,assassinate,True,49,"[8, 3, 4, 0, 15]",8,0.14264552861044,-169,303,11,0.20079235254673802,472,1
783,3:14,assassinate,True,49,"[8, 3, 4, 0, 15]",8,0.14264552861044,-169,303,11,0.20079235254673802,472,1
784,"(12,3)",,False,51,"[9, 12, 3, 18, 6]",9,0.194692312236171,-169,304,11,0.206835237536991,473,1
785,"(12,3)",,False,51,"[9, 12, 3, 18, 6]",9,0.194692312236171,-169,304,11,0.206835237536991,473,1
786,"(0,19)",,False,49,"[3, 0, 19, 4, 8]",8,0.17596832991569802,-169,305,10,0.21464393306498503,474,1
787,"(0,19)",,False,49,"[3, 0, 19, 4, 8]",8,0.17596832991569802,-169,305,10,0.21464393306498503,474,1
788,"(3,17)",,False,51,"[12, 7, 8, 3, 17]",8,0.156482114376851,-171,305,10,0.177495506442874,476,1
789,"(3,17)",,False,51,"[12, 7, 8, 3, 17]",8,0.156482114376851,-171,305,10,0.177495506442874,476,1
790,"(1,3)",,True,53,"[1, 3, 14, 17, 18]",9,0.16073116292414502,-171,306,11,0.17827987477110202,477,1
791,"(1,3)",,True,53,"[1, 3, 14, 17, 18]",9,0.16073116292414502,-171,306,11,0.17827987477110202,477,1
792,"(0,6)",,False,51,"[0, 6, 9, 17, 15]",8,0.055468005029408005,-173,306,11,0.15907909504400702,479,1
793,"(0,6)",,False,51,"[0, 6, 9, 17, 15]",8,0.055468005029408005,-173,306,11,0.15907909504400702,479,1
794,"(1,5)",,False,53,"[15, 1, 9, 5, 10]",9,0.081630633823616,-175,306,12,0.18883867918955602,481,1
795,"(1,5)",,False,53,"[15, 1, 9, 5, 10]",9,0.081630633823616,-175,306,12,0.18883867918955602,481,1
796,"(17,5)",,False,53,"[15, 17, 5, 7, 0]",9,0.089427904778781,-177,306,12,0.194199302971232,483,1
797,"(17,5)",,False,53,"[15, 17, 5, 7, 0]",9,0.089427904778781,-177,306,12,0.194199302971232,483,1
798,"(6,4)",,False,55,"[8, 5, 6, 9, 4]",9,0.09361893791718301,-179,306,12,0.19878019965739202,485,1
799,"(6,4)",,False,55,"[8, 5, 6, 9, 4]",9,0.09361893791718301,-179,306,12,0.19878019965739202,485,1
