,actionDetail,actionType,bonusActivated,graphEdgeCount,nodeList,p1Degree,p1Score,p1WinAdvantage,p1WinCount,p2Degree,p2Score,p2WinCount,player
0,"(2,15)",,False,2,"[2, 15, 6, 8, 13]",1,0.0,2,2,0,-0.001,0,1
1,"(2,15)",,False,2,"[2, 15, 6, 8, 13]",1,0.0,2,2,0,-0.001,0,1
2,"(18,1)",,True,4,"[18, 19, 2, 3, 1]",2,0.005847953216374001,4,4,1,0.0,0,1
3,"(18,1)",,True,4,"[18, 19, 2, 3, 1]",2,0.005847953216374001,4,4,1,0.0,0,1
4,"(14,2)",,True,6,"[14, 2, 5, 16, 19]",2,0.017543859649122,6,6,1,0.0,0,1
5,"(14,2)",,True,6,"[14, 2, 5, 16, 19]",2,0.017543859649122,6,6,1,0.0,0,1
6,"(19,8)",,False,8,"[19, 8, 3, 16, 18]",3,0.040935672514619006,8,8,1,0.0,0,1
7,"(19,8)",,False,8,"[19, 8, 3, 16, 18]",3,0.040935672514619006,8,8,1,0.0,0,1
8,14:2,assassinate,True,8,"[14, 16, 4, 7, 8]",3,0.06432748538011601,10,10,1,0.0,0,1
9,14:2,assassinate,True,8,"[14, 16, 4, 7, 8]",3,0.06432748538011601,10,10,1,0.0,0,1
10,"(0,9)",,False,8,"[2, 0, 8, 4, 9]",2,0.029239766081871003,12,12,1,0.0,0,1
11,"(0,9)",,False,8,"[2, 0, 8, 4, 9]",2,0.029239766081871003,12,12,1,0.0,0,1
12,"(8,1)",,False,10,"[8, 0, 1, 9, 12]",3,0.09941520467836201,12,13,2,0.122807017543859,1,1
13,"(8,1)",,False,10,"[8, 0, 1, 9, 12]",3,0.09941520467836201,12,13,2,0.122807017543859,1,1
14,"(13,0)",,False,10,"[13, 9, 0, 4, 11]",2,0.005847953216374001,12,14,2,0.017543859649122,2,1
15,"(13,0)",,False,10,"[13, 9, 0, 4, 11]",2,0.005847953216374001,12,14,2,0.017543859649122,2,1
16,"(3,17)",,False,13,"[19, 3, 17, 6, 2]",4,0.157894736842105,14,16,2,0.017543859649122,2,1
17,"(3,17)",,False,13,"[19, 3, 17, 6, 2]",4,0.157894736842105,14,16,2,0.017543859649122,2,1
18,13:6,assassinate,True,12,"[13, 7, 19, 16, 1]",3,0.040935672514619006,14,17,2,0.052631578947368,3,1
19,13:6,assassinate,True,12,"[13, 7, 19, 16, 1]",3,0.040935672514619006,14,17,2,0.052631578947368,3,1
20,"(8,4)",,False,14,"[8, 2, 4, 19, 13]",3,0.228070175438596,16,19,2,0.210526315789473,3,1
21,"(8,4)",,False,14,"[8, 2, 4, 19, 13]",3,0.228070175438596,16,19,2,0.210526315789473,3,1
22,"(1,14)",,False,16,"[8, 1, 19, 5, 14]",3,0.087719298245614,16,20,3,0.19298245614035,4,1
23,"(1,14)",,False,16,"[8, 1, 19, 5, 14]",3,0.087719298245614,16,20,3,0.19298245614035,4,1
24,"(1,5)",,True,18,"[1, 5, 10, 8, 0]",3,0.11111111111111101,14,20,4,0.21637426900584703,6,1
25,"(1,5)",,True,18,"[1, 5, 10, 8, 0]",3,0.11111111111111101,14,20,4,0.21637426900584703,6,1
26,11:6,assassinate,True,16,"[11, 6, 16, 7, 10]",2,0.08187134502923901,12,20,4,0.36257309941520405,8,1
27,11:6,assassinate,True,16,"[11, 6, 16, 7, 10]",2,0.08187134502923901,12,20,4,0.36257309941520405,8,1
28,"(1,2)",,True,18,"[0, 18, 14, 1, 2]",2,0.08187134502923901,10,20,5,0.307504873294346,10,1
29,"(1,2)",,True,18,"[0, 18, 14, 1, 2]",2,0.08187134502923901,10,20,5,0.307504873294346,10,1
30,"(8,16)",,False,20,"[8, 19, 7, 16, 6]",2,0.005847953216374001,8,20,5,0.16861598440545802,12,1
31,"(8,16)",,False,20,"[8, 19, 7, 16, 6]",2,0.005847953216374001,8,20,5,0.16861598440545802,12,1
32,"(18,12)",,True,20,"[17, 14, 18, 16, 12]",2,0.005847953216374001,6,20,4,0.13157894736842102,14,1
33,"(18,12)",,True,20,"[17, 14, 18, 16, 12]",2,0.005847953216374001,6,20,4,0.13157894736842102,14,1
34,"(5,2)",,True,22,"[5, 2, 3, 4, 14]",2,0.017543859649122,4,20,4,0.17933723196881002,16,1
35,"(5,2)",,True,22,"[5, 2, 3, 4, 14]",2,0.017543859649122,4,20,4,0.17933723196881002,16,1
36,15:6,assassinate,True,20,"[15, 5, 6, 3, 4]",2,0.017543859649122,2,20,4,0.23976608187134502,18,1
37,15:6,assassinate,True,20,"[15, 5, 6, 3, 4]",2,0.017543859649122,2,20,4,0.23976608187134502,18,1
38,"(18,12)",,False,21,"[6, 18, 12, 17, 3]",2,0.017543859649122,0,20,4,0.17933723196881002,20,1
39,"(18,12)",,False,21,"[6, 18, 12, 17, 3]",2,0.017543859649122,0,20,4,0.17933723196881002,20,1
40,"(1,10)",,True,23,"[1, 10, 8, 4, 18]",2,0.017543859649122,-2,20,5,0.20808966861598402,22,1
41,"(1,10)",,True,23,"[1, 10, 8, 4, 18]",2,0.017543859649122,-2,20,5,0.20808966861598402,22,1
42,"(13,1)",,True,25,"[13, 9, 1, 18, 11]",3,0.06432748538011601,-4,20,6,0.262670565302144,24,1
43,"(13,1)",,True,25,"[13, 9, 1, 18, 11]",3,0.06432748538011601,-4,20,6,0.262670565302144,24,1
44,"(0,16)",,True,22,"[0, 10, 6, 17, 16]",2,0.034113060428849006,-6,20,4,0.216861598440545,26,1
45,"(0,16)",,True,22,"[0, 10, 6, 17, 16]",2,0.034113060428849006,-6,20,4,0.216861598440545,26,1
46,"(17,4)",,False,24,"[8, 17, 5, 15, 4]",3,0.06569200779727001,-8,20,4,0.19707602339181202,28,1
47,"(17,4)",,False,24,"[8, 17, 5, 15, 4]",3,0.06569200779727001,-8,20,4,0.19707602339181202,28,1
48,9:6,assassinate,True,22,"[4, 14, 17, 9, 2]",2,0.017543859649122,-10,20,4,0.16959064327485301,30,1
49,9:6,assassinate,True,22,"[4, 14, 17, 9, 2]",2,0.017543859649122,-10,20,4,0.16959064327485301,30,1
50,"(8,2)",,True,22,"[8, 3, 2, 16, 19]",2,0.026315789473684,-12,20,4,0.16959064327485301,32,1
51,"(8,2)",,True,22,"[8, 3, 2, 16, 19]",2,0.026315789473684,-12,20,4,0.16959064327485301,32,1
52,"(18,6)",,True,24,"[12, 18, 11, 6, 5]",2,0.017056530214424,-14,20,4,0.13401559454191,34,1
53,"(18,6)",,True,24,"[12, 18, 11, 6, 5]",2,0.017056530214424,-14,20,4,0.13401559454191,34,1
54,"(6,15)",,True,26,"[4, 6, 8, 17, 15]",2,0.027485380116959002,-16,20,4,0.11871345029239701,36,1
55,"(6,15)",,True,26,"[4, 6, 8, 17, 15]",2,0.027485380116959002,-16,20,4,0.11871345029239701,36,1
56,"(1,5)",,True,28,"[10, 1, 17, 19, 5]",2,0.025146198830409004,-18,20,5,0.13937621832358602,38,1
57,"(1,5)",,True,28,"[10, 1, 17, 19, 5]",2,0.025146198830409004,-18,20,5,0.13937621832358602,38,1
58,12:8,assassinate,True,25,"[14, 16, 3, 12, 8]",1,0.0,-20,20,5,0.125730994152046,40,1
59,12:8,assassinate,True,25,"[14, 16, 3, 12, 8]",1,0.0,-20,20,5,0.125730994152046,40,1
60,"(12,1)",,True,27,"[13, 12, 15, 17, 1]",1,0.0,-22,20,6,0.161078622482131,42,1
61,"(12,1)",,True,27,"[13, 12, 15, 17, 1]",1,0.0,-22,20,6,0.161078622482131,42,1
62,"(12,11)",,True,29,"[12, 18, 5, 11, 6]",1,0.0,-24,20,6,0.23710201429499603,44,1
63,"(12,11)",,True,29,"[12, 18, 5, 11, 6]",1,0.0,-24,20,6,0.23710201429499603,44,1
64,8:16,assassinate,True,22,"[14, 8, 17, 7, 11]",2,0.09941520467836201,-26,20,5,0.360623781676413,46,1
65,8:16,assassinate,True,22,"[14, 8, 17, 7, 11]",2,0.09941520467836201,-26,20,5,0.360623781676413,46,1
66,"(8,10)",,True,24,"[13, 8, 14, 3, 10]",2,0.105263157894736,-28,20,5,0.41423001949317706,48,1
67,"(8,10)",,True,24,"[13, 8, 14, 3, 10]",2,0.105263157894736,-28,20,5,0.41423001949317706,48,1
68,4:10,assassinate,True,20,"[8, 4, 11, 9, 14]",2,0.09941520467836201,-30,20,5,0.580896686159843,50,1
69,4:10,assassinate,True,20,"[8, 4, 11, 9, 14]",2,0.09941520467836201,-30,20,5,0.580896686159843,50,1
70,"(11,13)",,True,20,"[11, 13, 8, 4, 5]",2,0.09941520467836201,-32,20,4,0.569200779727095,52,1
71,"(11,13)",,True,20,"[11, 13, 8, 4, 5]",2,0.09941520467836201,-32,20,4,0.569200779727095,52,1
72,"(7,10)",,False,22,"[7, 10, 0, 16, 12]",2,0.09941520467836201,-34,20,4,0.335282651072124,54,1
73,"(7,10)",,False,22,"[7, 10, 0, 16, 12]",2,0.09941520467836201,-34,20,4,0.335282651072124,54,1
74,"(2,5)",,False,22,"[2, 1, 11, 19, 5]",2,0.09941520467836201,-36,20,4,0.29532163742690004,56,1
75,"(2,5)",,False,22,"[2, 1, 11, 19, 5]",2,0.09941520467836201,-36,20,4,0.29532163742690004,56,1
76,"(9,10)",,True,24,"[6, 9, 14, 10, 18]",2,0.005847953216374001,-38,20,4,0.23469785575048702,58,1
77,"(9,10)",,True,24,"[6, 9, 14, 10, 18]",2,0.005847953216374001,-38,20,4,0.23469785575048702,58,1
78,"(1,17)",,False,24,"[5, 1, 13, 17, 16]",2,0.005847953216374001,-40,20,4,0.29317738791423,60,1
79,"(1,17)",,False,24,"[5, 1, 13, 17, 16]",2,0.005847953216374001,-40,20,4,0.29317738791423,60,1
80,"(11,1)",,False,26,"[15, 11, 1, 19, 17]",2,0.005847953216374001,-42,20,5,0.28947368421052605,62,1
81,"(11,1)",,False,26,"[15, 11, 1, 19, 17]",2,0.005847953216374001,-42,20,5,0.28947368421052605,62,1
82,8:4,assassinate,True,25,"[18, 17, 12, 8, 15]",2,0.005847953216374001,-44,20,5,0.262183235867446,64,1
83,8:4,assassinate,True,25,"[18, 17, 12, 8, 15]",2,0.005847953216374001,-44,20,5,0.262183235867446,64,1
84,"(7,18)",,False,27,"[7, 18, 0, 5, 15]",2,0.018518518518518,-46,20,5,0.205653021442495,66,1
85,"(7,18)",,False,27,"[7, 18, 0, 5, 15]",2,0.018518518518518,-46,20,5,0.205653021442495,66,1
86,3:6,assassinate,True,25,"[11, 12, 14, 3, 0]",2,0.018518518518518,-48,20,5,0.197855750487329,68,1
87,3:6,assassinate,True,25,"[11, 12, 14, 3, 0]",2,0.018518518518518,-48,20,5,0.197855750487329,68,1
88,"(7,1)",,False,27,"[10, 7, 1, 2, 5]",2,0.011695906432748001,-50,20,6,0.207602339181286,70,1
89,"(7,1)",,False,27,"[10, 7, 1, 2, 5]",2,0.011695906432748001,-50,20,6,0.207602339181286,70,1
90,"(7,17)",,False,25,"[15, 6, 5, 7, 17]",2,0.017543859649122,-52,20,5,0.19395711500974602,72,1
91,"(7,17)",,False,25,"[15, 6, 5, 7, 17]",2,0.017543859649122,-52,20,5,0.19395711500974602,72,1
92,"(1,0)",,True,27,"[1, 18, 0, 17, 6]",3,0.039961013645224,-54,20,6,0.216861598440545,74,1
93,"(1,0)",,True,27,"[1, 18, 0, 17, 6]",3,0.039961013645224,-54,20,6,0.216861598440545,74,1
94,"(1,3)",,False,27,"[1, 0, 3, 9, 6]",3,0.048732943469785,-56,20,7,0.27729044834307903,76,1
95,"(1,3)",,False,27,"[1, 0, 3, 9, 6]",3,0.048732943469785,-56,20,7,0.27729044834307903,76,1
96,"(16,8)",,False,29,"[16, 15, 8, 0, 19]",3,0.042884990253411005,-58,20,7,0.270467836257309,78,1
97,"(16,8)",,False,29,"[16, 15, 8, 0, 19]",3,0.042884990253411005,-58,20,7,0.270467836257309,78,1
98,"(11,4)",,False,29,"[11, 19, 7, 16, 4]",3,0.048732943469785,-60,20,6,0.260721247563352,80,1
99,"(11,4)",,False,29,"[11, 19, 7, 16, 4]",3,0.048732943469785,-60,20,6,0.260721247563352,80,1
100,"(17,8)",,False,31,"[17, 13, 19, 0, 8]",3,0.047270955165692005,-62,20,6,0.25487329434697803,82,1
101,"(17,8)",,False,31,"[17, 13, 19, 0, 8]",3,0.047270955165692005,-62,20,6,0.25487329434697803,82,1
102,"(0,14)",,False,31,"[4, 0, 14, 12, 18]",2,0.008771929824561,-64,20,6,0.22720690615427402,84,1
103,"(0,14)",,False,31,"[4, 0, 14, 12, 18]",2,0.008771929824561,-64,20,6,0.22720690615427402,84,1
104,"(15,1)",,False,33,"[19, 15, 12, 6, 1]",2,0.014619883040935,-66,20,7,0.300306321358952,86,1
105,"(15,1)",,False,33,"[19, 15, 12, 6, 1]",2,0.014619883040935,-66,20,7,0.300306321358952,86,1
106,"(12,11)",,True,33,"[17, 0, 12, 11, 8]",2,0.014619883040935,-68,20,7,0.299331662489557,88,1
107,"(12,11)",,True,33,"[17, 0, 12, 11, 8]",2,0.014619883040935,-68,20,7,0.299331662489557,88,1
108,"(9,0)",,False,33,"[9, 16, 0, 12, 3]",2,0.021345029239766,-70,20,7,0.31005291005291,90,1
109,"(9,0)",,False,33,"[9, 16, 0, 12, 3]",2,0.021345029239766,-70,20,7,0.31005291005291,90,1
110,"(15,8)",,True,33,"[14, 18, 15, 8, 3]",2,0.016471734892787002,-72,20,6,0.236368699526594,92,1
111,"(15,8)",,True,33,"[14, 18, 15, 8, 3]",2,0.016471734892787002,-72,20,6,0.236368699526594,92,1
112,7:10,assassinate,True,27,"[2, 19, 8, 15, 7]",2,0.055555555555555004,-74,20,5,0.23732943469785503,94,1
113,7:10,assassinate,True,27,"[2, 19, 8, 15, 7]",2,0.055555555555555004,-74,20,5,0.23732943469785503,94,1
114,16:10,assassinate,True,23,"[8, 7, 16, 5, 9]",2,0.175438596491228,-76,20,5,0.367543859649122,96,1
115,16:10,assassinate,True,23,"[8, 7, 16, 5, 9]",2,0.175438596491228,-76,20,5,0.367543859649122,96,1
116,"(15,1)",,True,23,"[4, 15, 17, 5, 1]",2,0.175438596491228,-78,20,5,0.38645224171539905,98,1
117,"(15,1)",,True,23,"[4, 15, 17, 5, 1]",2,0.175438596491228,-78,20,5,0.38645224171539905,98,1
118,"(1,14)",,False,25,"[7, 1, 14, 9, 15]",3,0.024171539961013,-80,20,6,0.314035087719298,100,1
119,"(1,14)",,False,25,"[7, 1, 14, 9, 15]",3,0.024171539961013,-80,20,6,0.314035087719298,100,1
120,10:6,assassinate,True,23,"[5, 10, 4, 19, 17]",3,0.013645224171539001,-82,20,6,0.24853801169590603,102,1
121,10:6,assassinate,True,23,"[5, 10, 4, 19, 17]",3,0.013645224171539001,-82,20,6,0.24853801169590603,102,1
122,"(19,1)",,False,25,"[19, 13, 9, 0, 1]",4,0.051169590643274004,-84,20,7,0.265594541910331,104,1
123,"(19,1)",,False,25,"[19, 13, 9, 0, 1]",4,0.051169590643274004,-84,20,7,0.265594541910331,104,1
124,"(16,8)",,True,25,"[16, 3, 8, 7, 19]",4,0.065302144249512,-86,20,6,0.262183235867446,106,1
125,"(16,8)",,True,25,"[16, 3, 8, 7, 19]",4,0.065302144249512,-86,20,6,0.262183235867446,106,1
126,"(10,14)",,False,27,"[16, 10, 14, 5, 13]",4,0.069200779727095,-88,20,6,0.242690058479532,108,1
127,"(10,14)",,False,27,"[16, 10, 14, 5, 13]",4,0.069200779727095,-88,20,6,0.242690058479532,108,1
128,"(0,14)",,False,28,"[18, 12, 1, 0, 14]",5,0.17641325536062302,-90,20,6,0.332358674463937,110,1
129,"(0,14)",,False,28,"[18, 12, 1, 0, 14]",5,0.17641325536062302,-90,20,6,0.332358674463937,110,1
130,13:6,assassinate,True,24,"[19, 9, 17, 13, 2]",4,0.138401559454191,-92,20,6,0.28947368421052605,112,1
131,13:6,assassinate,True,24,"[19, 9, 17, 13, 2]",4,0.138401559454191,-92,20,6,0.28947368421052605,112,1
132,"(8,4)",,True,24,"[14, 8, 4, 19, 0]",4,0.12865497076023302,-94,20,5,0.190058479532163,114,1
133,"(8,4)",,True,24,"[14, 8, 4, 19, 0]",4,0.12865497076023302,-94,20,5,0.190058479532163,114,1
134,3:4,assassinate,True,23,"[11, 3, 13, 4, 8]",4,0.12183235867446301,-94,21,5,0.162768031189083,115,1
135,3:4,assassinate,True,23,"[11, 3, 13, 4, 8]",4,0.12183235867446301,-94,21,5,0.162768031189083,115,1
136,"(19,15)",,False,23,"[14, 19, 15, 16, 8]",4,0.16130604288499,-94,22,5,0.24756335282651,116,1
137,"(19,15)",,False,23,"[14, 19, 15, 16, 8]",4,0.16130604288499,-94,22,5,0.24756335282651,116,1
138,"(10,1)",,False,25,"[19, 10, 1, 11, 8]",5,0.18781676413255302,-94,23,6,0.24678362573099402,117,1
139,"(10,1)",,False,25,"[19, 10, 1, 11, 8]",5,0.18781676413255302,-94,23,6,0.24678362573099402,117,1
140,2:2,assassinate,True,23,"[6, 2, 3, 13, 14]",5,0.19200779727095502,-96,23,6,0.24658869395711502,119,1
141,2:2,assassinate,True,23,"[6, 2, 3, 13, 14]",5,0.19200779727095502,-96,23,6,0.24658869395711502,119,1
142,"(19,12)",,False,23,"[5, 19, 6, 14, 12]",5,0.25730994152046704,-98,23,6,0.27485380116959,121,1
143,"(19,12)",,False,23,"[5, 19, 6, 14, 12]",5,0.25730994152046704,-98,23,6,0.27485380116959,121,1
144,"(2,11)",,False,26,"[2, 6, 5, 8, 11]",5,0.16569200779727,-96,25,6,0.152046783625731,121,1
145,"(2,11)",,False,26,"[2, 6, 5, 8, 11]",5,0.16569200779727,-96,25,6,0.152046783625731,121,1
146,"(0,19)",,False,24,"[15, 10, 3, 0, 19]",4,0.153508771929824,-96,26,5,0.178362573099415,122,1
147,"(0,19)",,False,24,"[15, 10, 3, 0, 19]",4,0.153508771929824,-96,26,5,0.178362573099415,122,1
148,"(16,2)",,False,26,"[16, 6, 10, 2, 14]",4,0.15438596491228002,-96,27,5,0.175243664717348,123,1
149,"(16,2)",,False,26,"[16, 6, 10, 2, 14]",4,0.15438596491228002,-96,27,5,0.175243664717348,123,1
150,"(0,17)",,True,26,"[1, 11, 0, 17, 16]",3,0.125730994152046,-96,28,5,0.183040935672514,124,1
151,"(0,17)",,True,26,"[1, 11, 0, 17, 16]",3,0.125730994152046,-96,28,5,0.183040935672514,124,1
152,"(14,10)",,False,24,"[0, 14, 10, 6, 2]",3,0.122807017543859,-94,30,4,0.10721247563352801,124,1
153,"(14,10)",,False,24,"[0, 14, 10, 6, 2]",3,0.122807017543859,-94,30,4,0.10721247563352801,124,1
154,"(0,7)",,False,24,"[0, 14, 6, 7, 10]",3,0.054580896686159,-92,32,4,0.026315789473684,124,1
155,"(0,7)",,False,24,"[0, 14, 6, 7, 10]",3,0.054580896686159,-92,32,4,0.026315789473684,124,1
156,"(0,18)",,False,22,"[17, 3, 0, 5, 18]",2,0.0,-92,33,4,0.031189083820662003,125,1
157,"(0,18)",,False,22,"[17, 3, 0, 5, 18]",2,0.0,-92,33,4,0.031189083820662003,125,1
158,"(13,1)",,True,24,"[16, 11, 13, 1, 14]",3,0.011695906432748001,-92,34,5,0.10721247563352801,126,1
159,"(13,1)",,True,24,"[16, 11, 13, 1, 14]",3,0.011695906432748001,-92,34,5,0.10721247563352801,126,1
160,"(7,1)",,False,26,"[14, 7, 15, 6, 1]",3,0.011695906432748001,-94,34,6,0.205653021442495,128,1
161,"(7,1)",,False,26,"[14, 7, 15, 6, 1]",3,0.011695906432748001,-94,34,6,0.205653021442495,128,1
162,"(17,10)",,False,26,"[6, 17, 5, 10, 14]",3,0.010233918128654,-96,34,6,0.21491228070175403,130,1
163,"(17,10)",,False,26,"[6, 17, 5, 10, 14]",3,0.010233918128654,-96,34,6,0.21491228070175403,130,1
164,14:6,assassinate,True,24,"[5, 3, 14, 4, 16]",3,0.010233918128654,-98,34,6,0.177387914230019,132,1
165,14:6,assassinate,True,24,"[5, 3, 14, 4, 16]",3,0.010233918128654,-98,34,6,0.177387914230019,132,1
166,"(1,14)",,True,24,"[12, 1, 14, 6, 13]",3,0.013645224171539001,-100,34,6,0.255360623781676,134,1
167,"(1,14)",,True,24,"[12, 1, 14, 6, 13]",3,0.013645224171539001,-100,34,6,0.255360623781676,134,1
168,"(14,2)",,False,26,"[4, 14, 2, 8, 7]",3,0.015594541910331002,-102,34,6,0.23976608187134502,136,1
169,"(14,2)",,False,26,"[4, 14, 2, 8, 7]",3,0.015594541910331002,-102,34,6,0.23976608187134502,136,1
170,"(2,3)",,True,26,"[2, 10, 3, 19, 0]",3,0.014132553606237,-104,34,5,0.18567251461988302,138,1
171,"(2,3)",,True,26,"[2, 10, 3, 19, 0]",3,0.014132553606237,-104,34,5,0.18567251461988302,138,1
172,"(9,11)",,True,26,"[9, 6, 17, 14, 11]",3,0.022222222222222,-106,34,4,0.098635477582846,140,1
173,"(9,11)",,True,26,"[9, 6, 17, 14, 11]",3,0.022222222222222,-106,34,4,0.098635477582846,140,1
174,"(15,0)",,False,26,"[15, 10, 12, 18, 0]",3,0.062378167641325005,-108,34,4,0.132553606237816,142,1
175,"(15,0)",,False,26,"[15, 10, 12, 18, 0]",3,0.062378167641325005,-108,34,4,0.132553606237816,142,1
176,"(15,4)",,True,28,"[6, 17, 9, 15, 4]",3,0.057504873294346004,-110,34,4,0.12670565302144202,144,1
177,"(15,4)",,True,28,"[6, 17, 9, 15, 4]",3,0.057504873294346004,-110,34,4,0.12670565302144202,144,1
178,"(10,1)",,True,30,"[15, 11, 10, 5, 1]",3,0.051656920077972006,-112,34,5,0.147173489278752,146,1
179,"(10,1)",,True,30,"[15, 11, 10, 5, 1]",3,0.051656920077972006,-112,34,5,0.147173489278752,146,1
180,"(1,18)",,True,32,"[1, 18, 6, 10, 15]",3,0.028654970760233003,-114,34,6,0.23118908382066203,148,1
181,"(1,18)",,True,32,"[1, 18, 6, 10, 15]",3,0.028654970760233003,-114,34,6,0.23118908382066203,148,1
182,"(0,16)",,False,32,"[0, 12, 18, 3, 16]",2,0.0,-116,34,6,0.281871345029239,150,1
183,"(0,16)",,False,32,"[0, 12, 18, 3, 16]",2,0.0,-116,34,6,0.281871345029239,150,1
184,"(15,19)",,True,32,"[9, 15, 2, 19, 17]",2,0.0,-118,34,6,0.29849624060150304,152,1
185,"(15,19)",,True,32,"[9, 15, 2, 19, 17]",2,0.0,-118,34,6,0.29849624060150304,152,1
186,6:6,assassinate,True,30,"[18, 2, 0, 9, 6]",2,0.0,-120,34,6,0.31198830409356704,154,1
187,6:6,assassinate,True,30,"[18, 2, 0, 9, 6]",2,0.0,-120,34,6,0.31198830409356704,154,1
188,"(18,2)",,False,30,"[7, 18, 14, 2, 0]",2,0.0,-122,34,6,0.282163742690058,156,1
189,"(18,2)",,False,30,"[7, 18, 14, 2, 0]",2,0.0,-122,34,6,0.282163742690058,156,1
190,"(13,6)",,True,32,"[12, 13, 16, 6, 4]",3,0.041423001949317,-124,34,6,0.26998050682261204,158,1
191,"(13,6)",,True,32,"[12, 13, 16, 6, 4]",3,0.041423001949317,-124,34,6,0.26998050682261204,158,1
192,"(19,17)",,False,32,"[19, 14, 17, 12, 2]",3,0.047465886939571,-126,34,6,0.281091617933723,160,1
193,"(19,17)",,False,32,"[19, 14, 17, 12, 2]",3,0.047465886939571,-126,34,6,0.281091617933723,160,1
194,"(1,2)",,False,34,"[6, 14, 1, 3, 2]",3,0.027387914230019003,-128,34,7,0.30360623781676405,162,1
195,"(1,2)",,False,34,"[6, 14, 1, 3, 2]",3,0.027387914230019003,-128,34,7,0.30360623781676405,162,1
196,"(0,15)",,False,34,"[12, 13, 0, 14, 15]",2,0.0,-130,34,7,0.29502923976608103,164,1
197,"(0,15)",,False,34,"[12, 13, 0, 14, 15]",2,0.0,-130,34,7,0.29502923976608103,164,1
198,"(13,18)",,True,34,"[13, 16, 17, 0, 18]",2,0.0,-132,34,7,0.263742690058479,166,1
199,"(13,18)",,True,34,"[13, 16, 17, 0, 18]",2,0.0,-132,34,7,0.263742690058479,166,1
200,"(12,2)",,False,34,"[12, 3, 1, 0, 2]",2,0.0,-134,34,7,0.24074074074074,168,1
201,"(12,2)",,False,34,"[12, 3, 1, 0, 2]",2,0.0,-134,34,7,0.24074074074074,168,1
202,17:10,assassinate,True,30,"[19, 17, 18, 12, 5]",2,0.0,-136,34,7,0.252436647173489,170,1
203,17:10,assassinate,True,30,"[19, 17, 18, 12, 5]",2,0.0,-136,34,7,0.252436647173489,170,1
204,"(18,10)",,False,28,"[18, 4, 16, 10, 12]",2,0.0,-138,34,6,0.19541910331384002,172,1
205,"(18,10)",,False,28,"[18, 4, 16, 10, 12]",2,0.0,-138,34,6,0.19541910331384002,172,1
206,"(10,9)",,False,31,"[15, 10, 9, 8, 12]",2,0.0,-140,34,6,0.11959064327485301,174,1
207,"(10,9)",,False,31,"[15, 10, 9, 8, 12]",2,0.0,-140,34,6,0.11959064327485301,174,1
208,"(17,14)",,False,31,"[6, 17, 14, 0, 3]",2,0.0,-142,34,5,0.106237816764132,176,1
209,"(17,14)",,False,31,"[6, 17, 14, 0, 3]",2,0.0,-142,34,5,0.106237816764132,176,1
210,13:18,assassinate,True,23,"[4, 8, 5, 2, 13]",1,0.0,-144,34,4,0.12865497076023302,178,1
211,13:18,assassinate,True,23,"[4, 8, 5, 2, 13]",1,0.0,-144,34,4,0.12865497076023302,178,1
212,"(13,18)",,False,25,"[16, 13, 10, 18, 19]",2,0.0,-146,34,4,0.09454191033138401,180,1
213,"(13,18)",,False,25,"[16, 13, 10, 18, 19]",2,0.0,-146,34,4,0.09454191033138401,180,1
214,"(6,15)",,False,27,"[4, 6, 3, 15, 16]",2,0.0,-148,34,4,0.05896686159844,182,1
215,"(6,15)",,False,27,"[4, 6, 3, 15, 16]",2,0.0,-148,34,4,0.05896686159844,182,1
216,2:12,assassinate,True,20,"[11, 9, 4, 5, 2]",1,0.0,-150,34,2,0.087719298245614,184,1
217,2:12,assassinate,True,20,"[11, 9, 4, 5, 2]",1,0.0,-150,34,2,0.087719298245614,184,1
218,"(4,14)",,True,20,"[4, 14, 0, 17, 16]",1,0.0,-152,34,2,0.09356725146198801,186,1
219,"(4,14)",,True,20,"[4, 14, 0, 17, 16]",1,0.0,-152,34,2,0.09356725146198801,186,1
220,"(4,1)",,True,22,"[13, 11, 4, 1, 15]",1,0.0,-154,34,3,0.127680311890838,188,1
221,"(4,1)",,True,22,"[13, 11, 4, 1, 15]",1,0.0,-154,34,3,0.127680311890838,188,1
222,"(3,10)",,True,24,"[0, 3, 11, 10, 15]",1,0.0,-156,34,3,0.11452241715399601,190,1
223,"(3,10)",,True,24,"[0, 3, 11, 10, 15]",1,0.0,-156,34,3,0.11452241715399601,190,1
224,"(19,10)",,False,26,"[19, 0, 10, 16, 8]",1,0.0,-158,34,3,0.10331384015594501,192,1
225,"(19,10)",,False,26,"[19, 0, 10, 16, 8]",1,0.0,-158,34,3,0.10331384015594501,192,1
226,"(10,17)",,True,26,"[14, 10, 9, 5, 17]",1,0.0,-160,34,3,0.10087719298245601,194,1
227,"(10,17)",,True,26,"[14, 10, 9, 5, 17]",1,0.0,-160,34,3,0.10087719298245601,194,1
228,"(10,6)",,False,26,"[10, 8, 5, 19, 6]",1,0.0,-162,34,2,0.09941520467836201,196,1
229,"(10,6)",,False,26,"[10, 8, 5, 19, 6]",1,0.0,-162,34,2,0.09941520467836201,196,1
230,"(5,7)",,False,28,"[18, 5, 7, 13, 6]",2,0.017933723196881,-162,35,2,0.018713450292397002,197,1
231,"(5,7)",,False,28,"[18, 5, 7, 13, 6]",2,0.017933723196881,-162,35,2,0.018713450292397002,197,1
232,"(15,11)",,True,30,"[7, 8, 15, 17, 11]",2,0.019493177387914,-160,37,2,0.016569200779727,197,1
233,"(15,11)",,True,30,"[7, 8, 15, 17, 11]",2,0.019493177387914,-160,37,2,0.016569200779727,197,1
234,"(10,8)",,False,32,"[10, 5, 15, 8, 12]",2,0.017265385686438,-158,39,2,0.013190383365821,197,1
235,"(10,8)",,False,32,"[10, 5, 15, 8, 12]",2,0.017265385686438,-158,39,2,0.013190383365821,197,1
236,"(17,18)",,False,34,"[17, 18, 14, 8, 5]",2,0.017348927875243,-156,41,2,0.013060428849902002,197,1
237,"(17,18)",,False,34,"[17, 18, 14, 8, 5]",2,0.017348927875243,-156,41,2,0.013060428849902002,197,1
238,3:14,assassinate,True,28,"[6, 4, 9, 1, 3]",1,0.0,-156,42,2,0.09356725146198801,198,1
239,3:14,assassinate,True,28,"[6, 4, 9, 1, 3]",1,0.0,-156,42,2,0.09356725146198801,198,1
240,"(2,13)",,True,30,"[2, 13, 5, 10, 19]",1,0.0,-158,42,2,0.09941520467836201,200,1
241,"(2,13)",,True,30,"[2, 13, 5, 10, 19]",1,0.0,-158,42,2,0.09941520467836201,200,1
242,"(15,3)",,True,32,"[15, 14, 5, 3, 11]",1,0.0,-160,42,2,0.105263157894736,202,1
243,"(15,3)",,True,32,"[15, 14, 5, 3, 11]",1,0.0,-160,42,2,0.105263157894736,202,1
244,"(13,1)",,True,34,"[18, 8, 13, 1, 19]",1,0.0,-162,42,3,0.12085769980506801,204,1
245,"(13,1)",,True,34,"[18, 8, 13, 1, 19]",1,0.0,-162,42,3,0.12085769980506801,204,1
246,"(18,13)",,False,34,"[3, 9, 7, 18, 13]",1,0.0,-164,42,3,0.12085769980506801,206,1
247,"(18,13)",,False,34,"[3, 9, 7, 18, 13]",1,0.0,-164,42,3,0.12085769980506801,206,1
248,"(6,1)",,False,34,"[6, 1, 9, 10, 12]",1,0.0,-166,42,4,0.147173489278752,208,1
249,"(6,1)",,False,34,"[6, 1, 9, 10, 12]",1,0.0,-166,42,4,0.147173489278752,208,1
250,"(13,4)",,True,34,"[19, 13, 6, 18, 4]",1,0.0,-168,42,3,0.125730994152046,210,1
251,"(13,4)",,True,34,"[19, 13, 6, 18, 4]",1,0.0,-168,42,3,0.125730994152046,210,1
252,18:6,assassinate,True,30,"[9, 6, 13, 4, 18]",0,-0.001,-170,42,2,0.027777777777777003,212,1
253,18:6,assassinate,True,30,"[9, 6, 13, 4, 18]",0,-0.001,-170,42,2,0.027777777777777003,212,1
254,"(19,5)",,False,30,"[19, 8, 2, 15, 5]",0,-0.001,-172,42,2,0.027777777777777003,214,1
255,"(19,5)",,False,30,"[19, 8, 2, 15, 5]",0,-0.001,-172,42,2,0.027777777777777003,214,1
256,12:12,assassinate,True,25,"[18, 16, 2, 12, 11]",0,-0.001,-174,42,2,0.029239766081871003,216,1
257,12:12,assassinate,True,25,"[18, 16, 2, 12, 11]",0,-0.001,-174,42,2,0.029239766081871003,216,1
258,"(18,6)",,False,27,"[18, 6, 5, 3, 16]",0,-0.001,-176,42,2,0.026315789473684,218,1
259,"(18,6)",,False,27,"[18, 6, 5, 3, 16]",0,-0.001,-176,42,2,0.026315789473684,218,1
260,"(13,1)",,True,29,"[11, 19, 13, 16, 1]",0,-0.001,-178,42,3,0.038011695906432004,220,1
261,"(13,1)",,True,29,"[11, 19, 13, 16, 1]",0,-0.001,-178,42,3,0.038011695906432004,220,1
262,"(9,1)",,True,31,"[9, 5, 1, 7, 13]",0,-0.001,-180,42,4,0.050779727095516,222,1
263,"(9,1)",,True,31,"[9, 5, 1, 7, 13]",0,-0.001,-180,42,4,0.050779727095516,222,1
264,"(13,8)",,False,31,"[2, 12, 13, 8, 9]",0,-0.001,-182,42,4,0.073586744639376,224,1
265,"(13,8)",,False,31,"[2, 12, 13, 8, 9]",0,-0.001,-182,42,4,0.073586744639376,224,1
266,"(12,2)",,False,34,"[12, 2, 5, 17, 14]",0,-0.001,-184,42,4,0.06432748538011601,226,1
267,"(12,2)",,False,34,"[12, 2, 5, 17, 14]",0,-0.001,-184,42,4,0.06432748538011601,226,1
268,"(19,12)",,False,34,"[19, 3, 4, 12, 17]",0,-0.001,-186,42,4,0.06432748538011601,228,1
269,"(19,12)",,False,34,"[19, 3, 4, 12, 17]",0,-0.001,-186,42,4,0.06432748538011601,228,1
270,4:16,assassinate,True,27,"[4, 7, 12, 3, 6]",0,-0.001,-188,42,3,0.07602339181286501,230,1
271,4:16,assassinate,True,27,"[4, 7, 12, 3, 6]",0,-0.001,-188,42,3,0.07602339181286501,230,1
272,"(2,3)",,False,29,"[2, 15, 8, 3, 19]",0,-0.001,-190,42,3,0.019493177387914,232,1
273,"(2,3)",,False,29,"[2, 15, 8, 3, 19]",0,-0.001,-190,42,3,0.019493177387914,232,1
274,"(4,17)",,False,31,"[4, 17, 0, 16, 3]",0,-0.001,-192,42,3,0.010721247563352,234,1
275,"(4,17)",,False,31,"[4, 17, 0, 16, 3]",0,-0.001,-192,42,3,0.010721247563352,234,1
276,"(16,8)",,False,31,"[2, 3, 16, 8, 10]",0,-0.001,-194,42,3,0.014619883040935,236,1
277,"(16,8)",,False,31,"[2, 3, 16, 8, 10]",0,-0.001,-194,42,3,0.014619883040935,236,1
278,"(6,4)",,True,31,"[11, 3, 6, 4, 19]",0,-0.001,-196,42,3,0.032163742690058006,238,1
279,"(6,4)",,True,31,"[11, 3, 6, 4, 19]",0,-0.001,-196,42,3,0.032163742690058006,238,1
280,"(1,16)",,False,33,"[13, 2, 10, 1, 16]",0,-0.001,-198,42,4,0.036744639376218004,240,1
281,"(1,16)",,False,33,"[13, 2, 10, 1, 16]",0,-0.001,-198,42,4,0.036744639376218004,240,1
282,"(16,14)",,False,35,"[7, 16, 8, 14, 15]",0,-0.001,-200,42,4,0.040935672514619006,242,1
283,"(16,14)",,False,35,"[7, 16, 8, 14, 15]",0,-0.001,-200,42,4,0.040935672514619006,242,1
284,"(14,1)",,False,37,"[14, 1, 10, 16, 8]",0,-0.001,-202,42,5,0.07270955165692,244,1
285,"(14,1)",,False,37,"[14, 1, 10, 16, 8]",0,-0.001,-202,42,5,0.07270955165692,244,1
286,"(17,14)",,False,37,"[17, 14, 11, 9, 8]",0,-0.001,-204,42,5,0.069980506822612,246,1
287,"(17,14)",,False,37,"[17, 14, 11, 9, 8]",0,-0.001,-204,42,5,0.069980506822612,246,1
288,16:10,assassinate,True,32,"[16, 19, 4, 8, 5]",0,-0.001,-206,42,4,0.098927875243664,248,1
289,16:10,assassinate,True,32,"[16, 19, 4, 8, 5]",0,-0.001,-206,42,4,0.098927875243664,248,1
290,"(16,14)",,False,34,"[6, 17, 16, 10, 14]",0,-0.001,-208,42,4,0.055068226120857,250,1
291,"(16,14)",,False,34,"[6, 17, 16, 10, 14]",0,-0.001,-208,42,4,0.055068226120857,250,1
292,"(3,14)",,False,36,"[3, 15, 18, 0, 14]",0,-0.001,-210,42,4,0.049220272904483005,252,1
293,"(3,14)",,False,36,"[3, 15, 18, 0, 14]",0,-0.001,-210,42,4,0.049220272904483005,252,1
294,"(0,18)",,False,38,"[17, 0, 12, 18, 19]",1,0.0,-212,42,4,0.026315789473684,254,1
295,"(0,18)",,False,38,"[17, 0, 12, 18, 19]",1,0.0,-212,42,4,0.026315789473684,254,1
296,"(12,13)",,True,40,"[12, 7, 13, 11, 17]",2,0.014327485380116,-214,42,4,0.026803118908382002,256,1
297,"(12,13)",,True,40,"[12, 7, 13, 11, 17]",2,0.014327485380116,-214,42,4,0.026803118908382002,256,1
298,"(4,7)",,False,42,"[4, 0, 17, 7, 5]",2,0.013157894736842,-216,42,4,0.023976608187134003,258,1
299,"(4,7)",,False,42,"[4, 0, 17, 7, 5]",2,0.013157894736842,-216,42,4,0.023976608187134003,258,1
300,"(17,1)",,True,44,"[17, 9, 14, 1, 2]",2,0.012670565302144,-218,42,5,0.043483709273182,260,1
301,"(17,1)",,True,44,"[17, 9, 14, 1, 2]",2,0.012670565302144,-218,42,5,0.043483709273182,260,1
302,"(17,8)",,False,44,"[17, 2, 4, 11, 8]",3,0.021512113617376,-220,42,5,0.07769423558897201,262,1
303,"(17,8)",,False,44,"[17, 2, 4, 11, 8]",3,0.021512113617376,-220,42,5,0.07769423558897201,262,1
304,"(4,17)",,False,42,"[1, 15, 10, 4, 17]",3,0.028613199665831004,-222,42,5,0.12584238373712,264,1
305,"(4,17)",,False,42,"[1, 15, 10, 4, 17]",3,0.028613199665831004,-222,42,5,0.12584238373712,264,1
306,"(18,4)",,False,44,"[18, 6, 10, 4, 9]",4,0.055513784461152,-224,42,5,0.079838485101642,266,1
307,"(18,4)",,False,44,"[18, 6, 10, 4, 9]",4,0.055513784461152,-224,42,5,0.079838485101642,266,1
308,"(0,8)",,True,44,"[5, 0, 19, 12, 8]",3,0.022417153996101002,-226,42,5,0.10508214981899101,268,1
309,"(0,8)",,True,44,"[5, 0, 19, 12, 8]",3,0.022417153996101002,-226,42,5,0.10508214981899101,268,1
310,19:16,assassinate,True,37,"[11, 17, 12, 18, 19]",3,0.020955165692007,-228,42,5,0.11594263436368601,270,1
311,19:16,assassinate,True,37,"[11, 17, 12, 18, 19]",3,0.020955165692007,-228,42,5,0.11594263436368601,270,1
312,"(8,13)",,False,37,"[8, 13, 9, 18, 11]",4,0.12670565302144202,-230,42,5,0.15488721804511202,272,1
313,"(8,13)",,False,37,"[8, 13, 9, 18, 11]",4,0.12670565302144202,-230,42,5,0.15488721804511202,272,1
314,"(18,3)",,False,37,"[18, 8, 14, 3, 10]",4,0.12475633528265101,-230,43,5,0.135588972431077,273,1
315,"(18,3)",,False,37,"[18, 8, 14, 3, 10]",4,0.12475633528265101,-230,43,5,0.135588972431077,273,1
316,"(19,18)",,False,39,"[13, 19, 18, 14, 11]",4,0.046505151768309,-230,44,5,0.11122250069618402,274,1
317,"(19,18)",,False,39,"[13, 19, 18, 14, 11]",4,0.046505151768309,-230,44,5,0.11122250069618402,274,1
318,4:10,assassinate,True,35,"[4, 3, 6, 7, 18]",4,0.082358674463937,-232,44,5,0.09955444165970401,276,1
319,4:10,assassinate,True,35,"[4, 3, 6, 7, 18]",4,0.082358674463937,-232,44,5,0.09955444165970401,276,1
320,"(6,14)",,False,34,"[6, 12, 11, 14, 10]",4,0.20321637426900502,-230,46,5,0.138888888888888,276,1
321,"(6,14)",,False,34,"[6, 12, 11, 14, 10]",4,0.20321637426900502,-230,46,5,0.138888888888888,276,1
322,2:10,assassinate,True,30,"[2, 16, 8, 13, 3]",4,0.19298245614035,-228,48,5,0.19249512670565302,276,1
323,2:10,assassinate,True,30,"[2, 16, 8, 13, 3]",4,0.19298245614035,-228,48,5,0.19249512670565302,276,1
324,"(17,18)",,False,30,"[13, 3, 5, 17, 18]",4,0.145224171539961,-228,49,4,0.179239766081871,277,1
325,"(17,18)",,False,30,"[13, 3, 5, 17, 18]",4,0.145224171539961,-228,49,4,0.179239766081871,277,1
326,6:8,assassinate,True,25,"[15, 8, 0, 10, 6]",4,0.23099415204678303,-226,51,2,0.16374269005847902,277,1
327,6:8,assassinate,True,25,"[15, 8, 0, 10, 6]",4,0.23099415204678303,-226,51,2,0.16374269005847902,277,1
328,"(6,13)",,True,27,"[9, 3, 6, 13, 7]",4,0.26608187134502903,-224,53,2,0.26315789473684204,277,1
329,"(6,13)",,True,27,"[9, 3, 6, 13, 7]",4,0.26608187134502903,-224,53,2,0.26315789473684204,277,1
330,8:16,assassinate,True,20,"[14, 2, 13, 8, 15]",4,0.21345029239766003,-222,55,2,0.210526315789473,277,1
331,8:16,assassinate,True,20,"[14, 2, 13, 8, 15]",4,0.21345029239766003,-222,55,2,0.210526315789473,277,1
332,"(12,5)",,True,22,"[12, 14, 5, 0, 6]",4,0.33333333333333304,-222,56,2,0.380116959064327,278,1
333,"(12,5)",,True,22,"[12, 14, 5, 0, 6]",4,0.33333333333333304,-222,56,2,0.380116959064327,278,1
334,7:4,assassinate,True,21,"[7, 12, 16, 14, 4]",4,0.309941520467836,-220,58,2,0.304093567251461,278,1
335,7:4,assassinate,True,21,"[7, 12, 16, 14, 4]",4,0.309941520467836,-220,58,2,0.304093567251461,278,1
336,"(17,11)",,False,23,"[17, 16, 11, 15, 6]",4,0.11988304093567201,-218,60,2,0.08187134502923901,278,1
337,"(17,11)",,False,23,"[17, 16, 11, 15, 6]",4,0.11988304093567201,-218,60,2,0.08187134502923901,278,1
338,"(17,1)",,False,25,"[17, 16, 10, 6, 1]",4,0.16666666666666602,-218,61,3,0.212475633528265,279,1
339,"(17,1)",,False,25,"[17, 16, 10, 6, 1]",4,0.16666666666666602,-218,61,3,0.212475633528265,279,1
340,"(4,9)",,False,27,"[8, 4, 9, 6, 3]",4,0.069200779727095,-220,61,3,0.180311890838206,281,1
341,"(4,9)",,False,27,"[8, 4, 9, 6, 3]",4,0.069200779727095,-220,61,3,0.180311890838206,281,1
342,"(0,18)",,False,27,"[13, 0, 6, 18, 12]",3,0.051656920077972006,-222,61,3,0.091617933723196,283,1
343,"(0,18)",,False,27,"[13, 0, 6, 18, 12]",3,0.051656920077972006,-222,61,3,0.091617933723196,283,1
344,"(7,14)",,True,27,"[7, 15, 18, 14, 8]",3,0.053606237816764005,-220,63,2,0.049707602339181006,283,1
345,"(7,14)",,True,27,"[7, 15, 18, 14, 8]",3,0.053606237816764005,-220,63,2,0.049707602339181006,283,1
346,"(0,9)",,True,27,"[6, 0, 9, 5, 13]",3,0.053606237816764005,-218,65,2,0.049707602339181006,283,1
347,"(0,9)",,True,27,"[6, 0, 9, 5, 13]",3,0.053606237816764005,-218,65,2,0.049707602339181006,283,1
348,"(13,14)",,False,27,"[13, 7, 14, 6, 18]",3,0.047758284600389,-218,66,2,0.067251461988304,284,1
349,"(13,14)",,False,27,"[13, 7, 14, 6, 18]",3,0.047758284600389,-218,66,2,0.067251461988304,284,1
350,11:14,assassinate,True,21,"[19, 7, 8, 11, 5]",3,0.10233918128654901,-218,67,2,0.11988304093567201,285,1
351,11:14,assassinate,True,21,"[19, 7, 8, 11, 5]",3,0.10233918128654901,-218,67,2,0.11988304093567201,285,1
352,"(3,6)",,False,23,"[2, 16, 3, 6, 9]",3,0.08576998050682201,-216,69,2,0.026315789473684,285,1
353,"(3,6)",,False,23,"[2, 16, 3, 6, 9]",3,0.08576998050682201,-216,69,2,0.026315789473684,285,1
354,10:2,assassinate,True,23,"[0, 10, 11, 8, 15]",4,0.11306042884990201,-214,71,2,0.026315789473684,285,1
355,10:2,assassinate,True,23,"[0, 10, 11, 8, 15]",4,0.11306042884990201,-214,71,2,0.026315789473684,285,1
356,"(4,14)",,False,25,"[12, 7, 11, 4, 14]",4,0.092787524366471,-212,73,2,0.027290448343079,285,1
357,"(4,14)",,False,25,"[12, 7, 11, 4, 14]",4,0.092787524366471,-212,73,2,0.027290448343079,285,1
358,"(19,0)",,False,23,"[19, 6, 7, 0, 18]",3,0.07602339181286501,-210,75,2,0.046783625730994004,285,1
359,"(19,0)",,False,23,"[19, 6, 7, 0, 18]",3,0.07602339181286501,-210,75,2,0.046783625730994004,285,1
360,11:2,assassinate,True,24,"[16, 7, 5, 11, 9]",4,0.13430799220272902,-208,77,2,0.034502923976608,285,1
361,11:2,assassinate,True,24,"[16, 7, 5, 11, 9]",4,0.13430799220272902,-208,77,2,0.034502923976608,285,1
362,19:4,assassinate,True,23,"[2, 13, 19, 18, 3]",3,0.06676413255360601,-206,79,2,0.030701754385964,285,1
363,19:4,assassinate,True,23,"[2, 13, 19, 18, 3]",3,0.06676413255360601,-206,79,2,0.030701754385964,285,1
364,"(17,0)",,False,21,"[11, 17, 19, 5, 0]",2,0.014619883040935,-206,80,2,0.05847953216374201,286,1
365,"(17,0)",,False,21,"[11, 17, 19, 5, 0]",2,0.014619883040935,-206,80,2,0.05847953216374201,286,1
366,9:10,assassinate,True,17,"[16, 4, 18, 9, 12]",2,0.087719298245614,-205,81,2,0.087719298245614,286,1
367,9:10,assassinate,True,17,"[16, 4, 18, 9, 12]",2,0.087719298245614,-205,81,2,0.087719298245614,286,1
368,13:8,assassinate,True,14,"[6, 10, 14, 9, 13]",1,0.0,-205,82,2,0.023391812865497002,287,1
369,13:8,assassinate,True,14,"[6, 10, 14, 9, 13]",1,0.0,-205,82,2,0.023391812865497002,287,1
370,"(12,1)",,True,14,"[12, 2, 1, 18, 17]",1,0.0,-207,82,3,0.06432748538011601,289,1
371,"(12,1)",,True,14,"[12, 2, 1, 18, 17]",1,0.0,-207,82,3,0.06432748538011601,289,1
372,"(18,17)",,True,14,"[19, 18, 14, 10, 17]",1,0.0,-209,82,3,0.046783625730994004,291,1
373,"(18,17)",,True,14,"[19, 18, 14, 10, 17]",1,0.0,-209,82,3,0.046783625730994004,291,1
374,"(14,11)",,True,16,"[14, 11, 8, 9, 2]",1,0.0,-211,82,3,0.017543859649122,293,1
375,"(14,11)",,True,16,"[14, 11, 8, 9, 2]",1,0.0,-211,82,3,0.017543859649122,293,1
376,"(1,13)",,False,18,"[1, 18, 14, 13, 5]",1,0.0,-213,82,4,0.09356725146198801,295,1
377,"(1,13)",,False,18,"[1, 18, 14, 13, 5]",1,0.0,-213,82,4,0.09356725146198801,295,1
378,"(10,6)",,True,20,"[10, 6, 2, 5, 19]",1,0.0,-215,82,4,0.09941520467836201,297,1
379,"(10,6)",,True,20,"[10, 6, 2, 5, 19]",1,0.0,-215,82,4,0.09941520467836201,297,1
380,17:10,assassinate,True,16,"[3, 17, 5, 8, 4]",1,0.0,-217,82,3,0.14619883040935602,299,1
381,17:10,assassinate,True,16,"[3, 17, 5, 8, 4]",1,0.0,-217,82,3,0.14619883040935602,299,1
382,"(15,12)",,True,18,"[16, 19, 15, 10, 12]",1,0.0,-219,82,3,0.242690058479532,301,1
383,"(15,12)",,True,18,"[16, 19, 15, 10, 12]",1,0.0,-219,82,3,0.242690058479532,301,1
384,11:4,assassinate,True,17,"[7, 10, 9, 11, 1]",1,0.0,-221,82,3,0.26608187134502903,303,1
385,11:4,assassinate,True,17,"[7, 10, 9, 11, 1]",1,0.0,-221,82,3,0.26608187134502903,303,1
386,"(11,4)",,True,17,"[6, 14, 11, 4, 3]",1,0.0,-223,82,3,0.29824561403508704,305,1
387,"(11,4)",,True,17,"[6, 14, 11, 4, 3]",1,0.0,-223,82,3,0.29824561403508704,305,1
388,"(4,15)",,False,17,"[13, 4, 14, 15, 5]",1,0.0,-225,82,3,0.21637426900584703,307,1
389,"(4,15)",,False,17,"[13, 4, 14, 15, 5]",1,0.0,-225,82,3,0.21637426900584703,307,1
390,"(1,17)",,True,19,"[6, 1, 7, 17, 3]",1,0.0,-227,82,4,0.304093567251461,309,1
391,"(1,17)",,True,19,"[6, 1, 7, 17, 3]",1,0.0,-227,82,4,0.304093567251461,309,1
392,"(17,9)",,False,21,"[13, 17, 18, 5, 9]",2,0.08187134502923901,-229,82,4,0.23976608187134502,311,1
393,"(17,9)",,False,21,"[13, 17, 18, 5, 9]",2,0.08187134502923901,-229,82,4,0.23976608187134502,311,1
394,"(2,0)",,False,21,"[15, 12, 2, 0, 8]",2,0.19883040935672502,-229,83,4,0.555555555555555,312,1
395,"(2,0)",,False,21,"[15, 12, 2, 0, 8]",2,0.19883040935672502,-229,83,4,0.555555555555555,312,1
396,"(4,12)",,False,23,"[4, 12, 6, 2, 17]",2,0.19883040935672502,-231,83,4,0.280701754385964,314,1
397,"(4,12)",,False,23,"[4, 12, 6, 2, 17]",2,0.19883040935672502,-231,83,4,0.280701754385964,314,1
398,15:6,assassinate,True,21,"[15, 18, 6, 17, 7]",2,0.18713450292397601,-233,83,4,0.29532163742690004,316,1
399,15:6,assassinate,True,21,"[15, 18, 6, 17, 7]",2,0.18713450292397601,-233,83,4,0.29532163742690004,316,1
400,"(1,10)",,False,23,"[1, 9, 13, 10, 7]",3,0.22709551656920002,-235,83,5,0.342105263157894,318,1
401,"(1,10)",,False,23,"[1, 9, 13, 10, 7]",3,0.22709551656920002,-235,83,5,0.342105263157894,318,1
402,"(11,4)",,False,23,"[14, 11, 0, 4, 2]",4,0.32261208576998,-237,83,5,0.41617933723196804,320,1
403,"(11,4)",,False,23,"[14, 11, 0, 4, 2]",4,0.32261208576998,-237,83,5,0.41617933723196804,320,1
404,"(8,1)",,False,25,"[8, 9, 5, 14, 1]",4,0.31091617933723104,-239,83,6,0.409844054580896,322,1
405,"(8,1)",,False,25,"[8, 9, 5, 14, 1]",4,0.31091617933723104,-239,83,6,0.409844054580896,322,1
406,4:6,assassinate,True,23,"[5, 11, 9, 4, 1]",3,0.27485380116959,-241,83,6,0.401559454191033,324,1
407,4:6,assassinate,True,23,"[5, 11, 9, 4, 1]",3,0.27485380116959,-241,83,6,0.401559454191033,324,1
408,"(18,2)",,False,23,"[6, 18, 11, 2, 4]",3,0.27485380116959,-243,83,6,0.43177387914230003,326,1
409,"(18,2)",,False,23,"[6, 18, 11, 2, 4]",3,0.27485380116959,-243,83,6,0.43177387914230003,326,1
410,"(16,14)",,False,25,"[9, 7, 16, 14, 11]",3,0.13937621832358602,-245,83,6,0.33771929824561403,328,1
411,"(16,14)",,False,25,"[9, 7, 16, 14, 11]",3,0.13937621832358602,-245,83,6,0.33771929824561403,328,1
412,"(1,6)",,False,27,"[1, 6, 0, 17, 5]",3,0.137426900584795,-247,83,7,0.346101364522417,330,1
413,"(1,6)",,False,27,"[1, 6, 0, 17, 5]",3,0.137426900584795,-247,83,7,0.346101364522417,330,1
414,"(1,15)",,False,27,"[2, 16, 9, 1, 15]",3,0.056042884990253006,-249,83,7,0.33011695906432703,332,1
415,"(1,15)",,False,27,"[2, 16, 9, 1, 15]",3,0.056042884990253006,-249,83,7,0.33011695906432703,332,1
416,"(9,3)",,False,25,"[9, 3, 12, 13, 8]",3,0.142300194931773,-251,83,6,0.338206627680311,334,1
417,"(9,3)",,False,25,"[9, 3, 12, 13, 8]",3,0.142300194931773,-251,83,6,0.338206627680311,334,1
418,15:2,assassinate,True,25,"[11, 5, 15, 19, 14]",2,0.046783625730994004,-253,83,6,0.259259259259259,336,1
419,15:2,assassinate,True,25,"[11, 5, 15, 19, 14]",2,0.046783625730994004,-253,83,6,0.259259259259259,336,1
420,"(17,1)",,True,25,"[17, 9, 1, 11, 16]",2,0.041910331384015,-255,83,6,0.265107212475633,338,1
421,"(17,1)",,True,25,"[17, 9, 1, 11, 16]",2,0.041910331384015,-255,83,6,0.265107212475633,338,1
422,"(16,15)",,False,24,"[16, 15, 11, 9, 17]",2,0.043859649122807,-257,83,4,0.17153996101364502,340,1
423,"(16,15)",,False,24,"[16, 15, 11, 9, 17]",2,0.043859649122807,-257,83,4,0.17153996101364502,340,1
424,"(19,0)",,True,24,"[19, 5, 4, 10, 0]",1,0.0,-259,83,4,0.20370370370370303,342,1
425,"(19,0)",,True,24,"[19, 5, 4, 10, 0]",1,0.0,-259,83,4,0.20370370370370303,342,1
426,"(16,19)",,True,24,"[16, 5, 19, 17, 15]",1,0.0,-261,83,4,0.225146198830409,344,1
427,"(16,19)",,True,24,"[16, 5, 19, 17, 15]",1,0.0,-261,83,4,0.225146198830409,344,1
428,3:10,assassinate,True,20,"[3, 16, 9, 0, 15]",1,0.0,-263,83,4,0.277777777777777,346,1
429,3:10,assassinate,True,20,"[3, 16, 9, 0, 15]",1,0.0,-263,83,4,0.277777777777777,346,1
430,"(1,2)",,True,22,"[14, 1, 15, 2, 16]",1,0.0,-265,83,5,0.312865497076023,348,1
431,"(1,2)",,True,22,"[14, 1, 15, 2, 16]",1,0.0,-265,83,5,0.312865497076023,348,1
432,"(1,19)",,False,24,"[17, 1, 19, 2, 4]",1,0.0,-267,83,6,0.26608187134502903,350,1
433,"(1,19)",,False,24,"[17, 1, 19, 2, 4]",1,0.0,-267,83,6,0.26608187134502903,350,1
434,"(2,3)",,True,26,"[2, 3, 16, 5, 17]",1,0.0,-269,83,6,0.24951267056530202,352,1
435,"(2,3)",,True,26,"[2, 3, 16, 5, 17]",1,0.0,-269,83,6,0.24951267056530202,352,1
436,"(1,13)",,False,28,"[1, 6, 2, 11, 13]",2,0.023391812865497002,-271,83,7,0.325536062378167,354,1
437,"(1,13)",,False,28,"[1, 6, 2, 11, 13]",2,0.023391812865497002,-271,83,7,0.325536062378167,354,1
438,6:12,assassinate,True,21,"[4, 14, 3, 9, 6]",2,0.023391812865497002,-273,83,5,0.33333333333333304,356,1
439,6:12,assassinate,True,21,"[4, 14, 3, 9, 6]",2,0.023391812865497002,-273,83,5,0.33333333333333304,356,1
440,10:8,assassinate,True,18,"[17, 10, 12, 15, 4]",2,0.070175438596491,-275,83,4,0.28947368421052605,358,1
441,10:8,assassinate,True,18,"[17, 10, 12, 15, 4]",2,0.070175438596491,-275,83,4,0.28947368421052605,358,1
442,"(10,4)",,True,20,"[10, 16, 5, 4, 7]",2,0.070175438596491,-277,83,4,0.35672514619883,360,1
443,"(10,4)",,True,20,"[10, 16, 5, 4, 7]",2,0.070175438596491,-277,83,4,0.35672514619883,360,1
444,"(11,1)",,True,22,"[16, 13, 11, 1, 9]",2,0.029239766081871003,-279,83,5,0.293372319688109,362,1
445,"(11,1)",,True,22,"[16, 13, 11, 1, 9]",2,0.029239766081871003,-279,83,5,0.293372319688109,362,1
446,"(6,1)",,False,22,"[14, 6, 1, 17, 15]",2,0.09454191033138401,-281,83,5,0.32066276803118904,364,1
447,"(6,1)",,False,22,"[14, 6, 1, 17, 15]",2,0.09454191033138401,-281,83,5,0.32066276803118904,364,1
448,"(9,13)",,False,24,"[9, 3, 18, 13, 10]",2,0.07602339181286501,-283,83,5,0.28265107212475604,366,1
449,"(9,13)",,False,24,"[9, 3, 18, 13, 10]",2,0.07602339181286501,-283,83,5,0.28265107212475604,366,1
450,"(10,14)",,True,24,"[10, 7, 14, 0, 17]",2,0.08089668615984401,-285,83,4,0.19395711500974602,368,1
451,"(10,14)",,True,24,"[10, 7, 14, 0, 17]",2,0.08089668615984401,-285,83,4,0.19395711500974602,368,1
452,"(2,7)",,False,26,"[2, 7, 12, 9, 15]",3,0.11208576998050601,-285,84,4,0.140350877192982,369,1
453,"(2,7)",,False,26,"[2, 7, 12, 9, 15]",3,0.11208576998050601,-285,84,4,0.140350877192982,369,1
454,16:12,assassinate,True,21,"[15, 9, 14, 16, 2]",3,0.074074074074074,-285,85,4,0.12183235867446301,370,1
455,16:12,assassinate,True,21,"[15, 9, 14, 16, 2]",3,0.074074074074074,-285,85,4,0.12183235867446301,370,1
456,8:6,assassinate,True,19,"[8, 13, 14, 10, 15]",2,0.005847953216374001,-287,85,4,0.11695906432748501,372,1
457,8:6,assassinate,True,19,"[8, 13, 14, 10, 15]",2,0.005847953216374001,-287,85,4,0.11695906432748501,372,1
458,"(16,1)",,True,21,"[16, 1, 12, 17, 5]",2,0.005847953216374001,-289,85,5,0.280701754385964,374,1
459,"(16,1)",,True,21,"[16, 1, 12, 17, 5]",2,0.005847953216374001,-289,85,5,0.280701754385964,374,1
460,"(6,5)",,False,23,"[6, 13, 11, 19, 5]",2,0.011695906432748001,-291,85,5,0.269005847953216,376,1
461,"(6,5)",,False,23,"[6, 13, 11, 19, 5]",2,0.011695906432748001,-291,85,5,0.269005847953216,376,1
462,7:8,assassinate,True,20,"[15, 3, 18, 8, 7]",2,0.011695906432748001,-293,85,5,0.300194931773879,378,1
463,7:8,assassinate,True,20,"[15, 3, 18, 8, 7]",2,0.011695906432748001,-293,85,5,0.300194931773879,378,1
464,"(15,13)",,False,23,"[15, 13, 4, 7, 19]",2,0.021442495126705003,-295,85,5,0.321637426900584,380,1
465,"(15,13)",,False,23,"[15, 13, 4, 7, 19]",2,0.021442495126705003,-295,85,5,0.321637426900584,380,1
466,"(2,1)",,True,24,"[11, 2, 1, 19, 14]",2,0.012670565302144,-297,85,6,0.42202729044834303,382,1
467,"(2,1)",,True,24,"[11, 2, 1, 19, 14]",2,0.012670565302144,-297,85,6,0.42202729044834303,382,1
468,"(11,18)",,False,24,"[9, 11, 18, 4, 10]",2,0.005847953216374001,-299,85,6,0.453216374269005,384,1
469,"(11,18)",,False,24,"[9, 11, 18, 4, 10]",2,0.005847953216374001,-299,85,6,0.453216374269005,384,1
470,3:6,assassinate,True,22,"[3, 18, 15, 6, 12]",2,0.005847953216374001,-301,85,6,0.35672514619883,386,1
471,3:6,assassinate,True,22,"[3, 18, 15, 6, 12]",2,0.005847953216374001,-301,85,6,0.35672514619883,386,1
472,"(0,11)",,False,22,"[0, 18, 6, 11, 9]",1,0.0,-303,85,6,0.312865497076023,388,1
473,"(0,11)",,False,22,"[0, 18, 6, 11, 9]",1,0.0,-303,85,6,0.312865497076023,388,1
474,"(6,19)",,True,24,"[6, 17, 9, 19, 11]",1,0.0,-305,85,6,0.264132553606237,390,1
475,"(6,19)",,True,24,"[6, 17, 9, 19, 11]",1,0.0,-305,85,6,0.264132553606237,390,1
476,"(16,12)",,False,24,"[16, 13, 12, 18, 15]",1,0.0,-307,85,6,0.26120857699805,392,1
477,"(16,12)",,False,24,"[16, 13, 12, 18, 15]",1,0.0,-307,85,6,0.26120857699805,392,1
478,"(3,16)",,False,26,"[3, 17, 0, 7, 16]",1,0.0,-309,85,6,0.28947368421052605,394,1
479,"(3,16)",,False,26,"[3, 17, 0, 7, 16]",1,0.0,-309,85,6,0.28947368421052605,394,1
480,"(1,2)",,False,26,"[1, 2, 16, 18, 10]",1,0.0,-311,85,6,0.28947368421052605,396,1
481,"(1,2)",,False,26,"[1, 2, 16, 18, 10]",1,0.0,-311,85,6,0.28947368421052605,396,1
482,"(13,16)",,False,27,"[13, 11, 9, 6, 16]",1,0.0,-313,85,6,0.252436647173489,398,1
483,"(13,16)",,False,27,"[13, 11, 9, 6, 16]",1,0.0,-313,85,6,0.252436647173489,398,1
484,"(8,11)",,False,29,"[8, 11, 0, 15, 4]",1,0.0,-315,85,6,0.212670565302144,400,1
485,"(8,11)",,False,29,"[8, 11, 0, 15, 4]",1,0.0,-315,85,6,0.212670565302144,400,1
486,"(13,6)",,False,29,"[18, 11, 13, 4, 6]",1,0.0,-317,85,6,0.251461988304093,402,1
487,"(13,6)",,False,29,"[18, 11, 13, 4, 6]",1,0.0,-317,85,6,0.251461988304093,402,1
488,2:14,assassinate,True,23,"[14, 19, 2, 17, 6]",1,0.0,-319,85,5,0.270955165692007,404,1
489,2:14,assassinate,True,23,"[14, 19, 2, 17, 6]",1,0.0,-319,85,5,0.270955165692007,404,1
490,"(1,12)",,True,25,"[5, 10, 1, 12, 2]",2,0.023391812865497002,-321,85,6,0.31237816764132503,406,1
491,"(1,12)",,True,25,"[5, 10, 1, 12, 2]",2,0.023391812865497002,-321,85,6,0.31237816764132503,406,1
492,"(1,7)",,True,27,"[16, 18, 1, 0, 7]",2,0.011695906432748001,-323,85,7,0.38645224171539905,408,1
493,"(1,7)",,True,27,"[16, 18, 1, 0, 7]",2,0.011695906432748001,-323,85,7,0.38645224171539905,408,1
494,"(6,5)",,True,27,"[9, 6, 19, 5, 15]",2,0.011695906432748001,-325,85,7,0.328460038986354,410,1
495,"(6,5)",,True,27,"[9, 6, 19, 5, 15]",2,0.011695906432748001,-325,85,7,0.328460038986354,410,1
496,"(10,4)",,False,25,"[10, 13, 7, 4, 18]",2,0.011695906432748001,-327,85,7,0.29142300194931703,412,1
497,"(10,4)",,False,25,"[10, 13, 7, 4, 18]",2,0.011695906432748001,-327,85,7,0.29142300194931703,412,1
498,3:10,assassinate,True,21,"[3, 4, 5, 18, 2]",2,0.175438596491228,-329,85,7,0.49610136452241704,414,1
499,3:10,assassinate,True,21,"[3, 4, 5, 18, 2]",2,0.175438596491228,-329,85,7,0.49610136452241704,414,1
500,"(4,5)",,False,21,"[4, 3, 17, 8, 5]",2,0.175438596491228,-331,85,7,0.5263157894736841,416,1
501,"(4,5)",,False,21,"[4, 3, 17, 8, 5]",2,0.175438596491228,-331,85,7,0.5263157894736841,416,1
502,"(2,19)",,True,23,"[0, 2, 19, 18, 8]",2,0.280701754385964,-333,85,7,0.6549707602339181,418,1
503,"(2,19)",,True,23,"[0, 2, 19, 18, 8]",2,0.280701754385964,-333,85,7,0.6549707602339181,418,1
504,"(4,11)",,False,23,"[16, 4, 11, 0, 14]",2,0.280701754385964,-335,85,7,0.6549707602339181,420,1
505,"(4,11)",,False,23,"[16, 4, 11, 0, 14]",2,0.280701754385964,-335,85,7,0.6549707602339181,420,1
506,"(2,7)",,True,25,"[2, 6, 4, 19, 7]",2,0.280701754385964,-337,85,7,0.433723196881091,422,1
507,"(2,7)",,True,25,"[2, 6, 4, 19, 7]",2,0.280701754385964,-337,85,7,0.433723196881091,422,1
508,6:8,assassinate,True,22,"[4, 6, 16, 18, 15]",1,0.0,-339,85,6,0.21345029239766003,424,1
509,6:8,assassinate,True,22,"[4, 6, 16, 18, 15]",1,0.0,-339,85,6,0.21345029239766003,424,1
510,"(15,3)",,False,24,"[5, 11, 15, 4, 3]",1,0.0,-341,85,6,0.31384015594541903,426,1
511,"(15,3)",,False,24,"[5, 11, 15, 4, 3]",1,0.0,-341,85,6,0.31384015594541903,426,1
512,"(9,14)",,True,26,"[4, 9, 14, 3, 19]",2,0.039376218323586,-343,85,6,0.24307992202729,428,1
513,"(9,14)",,True,26,"[4, 9, 14, 3, 19]",2,0.039376218323586,-343,85,6,0.24307992202729,428,1
514,16:10,assassinate,True,22,"[18, 17, 16, 3, 10]",2,0.09941520467836201,-345,85,5,0.398635477582845,430,1
515,16:10,assassinate,True,22,"[18, 17, 16, 3, 10]",2,0.09941520467836201,-345,85,5,0.398635477582845,430,1
516,"(14,11)",,False,22,"[8, 10, 12, 14, 11]",2,0.09941520467836201,-347,85,5,0.389863547758284,432,1
517,"(14,11)",,False,22,"[8, 10, 12, 14, 11]",2,0.09941520467836201,-347,85,5,0.389863547758284,432,1
518,"(10,1)",,True,22,"[5, 10, 1, 8, 7]",2,0.09941520467836201,-349,85,5,0.31481481481481405,434,1
519,"(10,1)",,True,22,"[5, 10, 1, 8, 7]",2,0.09941520467836201,-349,85,5,0.31481481481481405,434,1
520,"(6,1)",,False,24,"[2, 6, 19, 1, 14]",3,0.090155945419103,-351,85,6,0.36159844054580803,436,1
521,"(6,1)",,False,24,"[2, 6, 19, 1, 14]",3,0.090155945419103,-351,85,6,0.36159844054580803,436,1
522,"(16,10)",,False,26,"[16, 10, 12, 15, 14]",3,0.08576998050682201,-353,85,6,0.342105263157894,438,1
523,"(16,10)",,False,26,"[16, 10, 12, 15, 14]",3,0.08576998050682201,-353,85,6,0.342105263157894,438,1
524,"(9,1)",,True,28,"[2, 14, 19, 9, 1]",3,0.032163742690058006,-355,85,7,0.460038986354775,440,1
525,"(9,1)",,True,28,"[2, 14, 19, 9, 1]",3,0.032163742690058006,-355,85,7,0.460038986354775,440,1
526,"(6,16)",,False,30,"[18, 6, 16, 19, 3]",4,0.06822612085769901,-357,85,7,0.41695906432748503,442,1
527,"(6,16)",,False,30,"[18, 6, 16, 19, 3]",4,0.06822612085769901,-357,85,7,0.41695906432748503,442,1
528,"(18,9)",,False,32,"[18, 17, 16, 2, 9]",4,0.07066276803118901,-359,85,7,0.33508771929824505,444,1
529,"(18,9)",,False,32,"[18, 17, 16, 2, 9]",4,0.07066276803118901,-359,85,7,0.33508771929824505,444,1
530,"(16,8)",,False,32,"[16, 8, 19, 11, 15]",4,0.10867446393762101,-361,85,6,0.17680311890838202,446,1
531,"(16,8)",,False,32,"[16, 8, 19, 11, 15]",4,0.10867446393762101,-361,85,6,0.17680311890838202,446,1
532,"(7,11)",,True,32,"[9, 7, 11, 2, 0]",5,0.15779727095516502,-363,85,6,0.250194931773879,448,1
533,"(7,11)",,True,32,"[9, 7, 11, 2, 0]",5,0.15779727095516502,-363,85,6,0.250194931773879,448,1
534,"(18,6)",,False,34,"[18, 7, 4, 10, 6]",5,0.10790866054023901,-365,85,6,0.19821776663881902,450,1
535,"(18,6)",,False,34,"[18, 7, 4, 10, 6]",5,0.10790866054023901,-365,85,6,0.19821776663881902,450,1
536,"(6,9)",,False,34,"[6, 9, 16, 3, 19]",5,0.091228070175438,-367,85,5,0.182261208576998,452,1
537,"(6,9)",,False,34,"[6, 9, 16, 3, 19]",5,0.091228070175438,-367,85,5,0.182261208576998,452,1
538,"(3,15)",,False,32,"[12, 3, 15, 6, 14]",5,0.100389863547758,-369,85,4,0.130604288499025,454,1
539,"(3,15)",,False,32,"[12, 3, 15, 6, 14]",5,0.100389863547758,-369,85,4,0.130604288499025,454,1
540,"(8,0)",,False,30,"[8, 1, 5, 0, 10]",4,0.09356725146198801,-367,87,3,0.0,454,1
541,"(8,0)",,False,30,"[8, 1, 5, 0, 10]",4,0.09356725146198801,-367,87,3,0.0,454,1
542,17:4,assassinate,True,29,"[15, 11, 18, 4, 17]",4,0.145224171539961,-365,89,3,0.0,454,1
543,17:4,assassinate,True,29,"[15, 11, 18, 4, 17]",4,0.145224171539961,-365,89,3,0.0,454,1
544,"(5,2)",,False,31,"[15, 5, 16, 2, 18]",4,0.123781676413255,-363,91,3,0.0,454,1
545,"(5,2)",,False,31,"[15, 5, 16, 2, 18]",4,0.123781676413255,-363,91,3,0.0,454,1
546,"(12,6)",,False,33,"[12, 6, 5, 8, 10]",5,0.191088833194096,-361,93,3,0.0,454,1
547,"(12,6)",,False,33,"[12, 6, 5, 8, 10]",5,0.191088833194096,-361,93,3,0.0,454,1
548,"(13,17)",,False,33,"[13, 17, 16, 11, 8]",5,0.150737956001113,-359,95,3,0.0,454,1
549,"(13,17)",,False,33,"[13, 17, 16, 11, 8]",5,0.150737956001113,-359,95,3,0.0,454,1
550,"(19,10)",,False,36,"[15, 19, 10, 7, 11]",7,0.24113060428849803,-357,97,3,0.0,454,1
551,"(19,10)",,False,36,"[15, 19, 10, 7, 11]",7,0.24113060428849803,-357,97,3,0.0,454,1
552,"(0,13)",,True,34,"[0, 19, 8, 13, 15]",6,0.21003898635477503,-355,99,3,0.0,454,1
553,"(0,13)",,True,34,"[0, 19, 8, 13, 15]",6,0.21003898635477503,-355,99,3,0.0,454,1
554,"(8,11)",,False,34,"[8, 5, 11, 4, 15]",6,0.24784182678919503,-353,101,3,0.0,454,1
555,"(8,11)",,False,34,"[8, 5, 11, 4, 15]",6,0.24784182678919503,-353,101,3,0.0,454,1
556,"(17,3)",,False,34,"[17, 15, 3, 4, 5]",6,0.24714564188248303,-351,103,3,0.0,454,1
557,"(17,3)",,False,34,"[17, 15, 3, 4, 5]",6,0.24714564188248303,-351,103,3,0.0,454,1
558,"(1,9)",,False,36,"[3, 1, 6, 9, 15]",6,0.22027290448343,-349,105,4,0.08479532163742601,454,1
559,"(1,9)",,False,36,"[3, 1, 6, 9, 15]",6,0.22027290448343,-349,105,4,0.08479532163742601,454,1
560,4:6,assassinate,True,34,"[13, 14, 17, 4, 5]",5,0.18947368421052602,-347,107,4,0.037962962962962005,454,1
561,4:6,assassinate,True,34,"[13, 14, 17, 4, 5]",5,0.18947368421052602,-347,107,4,0.037962962962962005,454,1
562,"(2,3)",,True,34,"[11, 2, 3, 15, 4]",5,0.173099415204678,-345,109,4,0.036939571150097,454,1
563,"(2,3)",,True,34,"[11, 2, 3, 15, 4]",5,0.173099415204678,-345,109,4,0.036939571150097,454,1
564,"(7,1)",,True,36,"[5, 11, 7, 10, 1]",5,0.206335282651072,-343,111,5,0.097758284600389,454,1
565,"(7,1)",,True,36,"[5, 11, 7, 10, 1]",5,0.206335282651072,-343,111,5,0.097758284600389,454,1
566,"(19,6)",,False,36,"[19, 15, 8, 11, 6]",5,0.215399610136452,-341,113,5,0.087524366471734,454,1
567,"(19,6)",,False,36,"[19, 15, 8, 11, 6]",5,0.215399610136452,-341,113,5,0.087524366471734,454,1
568,10:8,assassinate,True,33,"[12, 19, 5, 8, 10]",5,0.219395711500974,-339,115,5,0.07222222222222201,454,1
569,10:8,assassinate,True,33,"[12, 19, 5, 8, 10]",5,0.219395711500974,-339,115,5,0.07222222222222201,454,1
570,2:12,assassinate,True,28,"[2, 18, 10, 19, 11]",5,0.179922027290448,-337,117,5,0.10107212475633501,454,1
571,2:12,assassinate,True,28,"[2, 18, 10, 19, 11]",5,0.179922027290448,-337,117,5,0.10107212475633501,454,1
572,"(15,12)",,False,29,"[15, 13, 16, 2, 12]",5,0.185769980506822,-335,119,5,0.11179337231968801,454,1
573,"(15,12)",,False,29,"[15, 13, 16, 2, 12]",5,0.185769980506822,-335,119,5,0.11179337231968801,454,1
574,"(16,8)",,False,29,"[14, 16, 10, 8, 12]",5,0.19200779727095502,-333,121,5,0.14912280701754302,454,1
575,"(16,8)",,False,29,"[14, 16, 10, 8, 12]",5,0.19200779727095502,-333,121,5,0.14912280701754302,454,1
576,14:2,assassinate,True,29,"[10, 0, 19, 14, 8]",6,0.265594541910331,-331,123,5,0.096491228070175,454,1
577,14:2,assassinate,True,29,"[10, 0, 19, 14, 8]",6,0.265594541910331,-331,123,5,0.096491228070175,454,1
578,4:4,assassinate,True,28,"[7, 4, 6, 2, 12]",5,0.188109161793372,-329,125,5,0.096491228070175,454,1
579,4:4,assassinate,True,28,"[7, 4, 6, 2, 12]",5,0.188109161793372,-329,125,5,0.096491228070175,454,1
580,"(9,10)",,True,28,"[9, 7, 0, 10, 2]",5,0.21101364522417101,-327,127,5,0.10185185185185101,454,1
581,"(9,10)",,True,28,"[9, 7, 0, 10, 2]",5,0.21101364522417101,-327,127,5,0.10185185185185101,454,1
582,15:8,assassinate,True,25,"[11, 5, 8, 4, 15]",4,0.21637426900584703,-325,129,5,0.142300194931773,454,1
583,15:8,assassinate,True,25,"[11, 5, 8, 4, 15]",4,0.21637426900584703,-325,129,5,0.142300194931773,454,1
584,"(5,1)",,False,27,"[5, 8, 1, 7, 11]",4,0.207602339181286,-323,131,6,0.160818713450292,454,1
585,"(5,1)",,False,27,"[5, 8, 1, 7, 11]",4,0.207602339181286,-323,131,6,0.160818713450292,454,1
586,"(13,5)",,False,27,"[8, 9, 13, 5, 16]",4,0.24171539961013602,-323,132,6,0.26315789473684204,455,1
587,"(13,5)",,False,27,"[8, 9, 13, 5, 16]",4,0.24171539961013602,-323,132,6,0.26315789473684204,455,1
588,"(1,19)",,True,29,"[11, 1, 19, 3, 8]",4,0.22738791423001903,-323,133,7,0.28918128654970704,456,1
589,"(1,19)",,True,29,"[11, 1, 19, 3, 8]",4,0.22738791423001903,-323,133,7,0.28918128654970704,456,1
590,6:8,assassinate,True,26,"[3, 2, 13, 8, 6]",4,0.223684210526315,-323,134,7,0.27436647173489204,457,1
591,6:8,assassinate,True,26,"[3, 2, 13, 8, 6]",4,0.223684210526315,-323,134,7,0.27436647173489204,457,1
592,"(1,18)",,True,28,"[1, 5, 8, 0, 18]",4,0.194444444444444,-323,135,8,0.377680311890838,458,1
593,"(1,18)",,True,28,"[1, 5, 8, 0, 18]",4,0.194444444444444,-323,135,8,0.377680311890838,458,1
594,"(15,5)",,False,30,"[4, 6, 15, 5, 7]",4,0.196198830409356,-325,135,8,0.453898635477582,460,1
595,"(15,5)",,False,30,"[4, 6, 15, 5, 7]",4,0.196198830409356,-325,135,8,0.453898635477582,460,1
596,"(10,2)",,False,30,"[7, 10, 19, 2, 5]",4,0.19376218323586702,-327,135,8,0.45341130604288404,462,1
597,"(10,2)",,False,30,"[7, 10, 19, 2, 5]",4,0.19376218323586702,-327,135,8,0.45341130604288404,462,1
598,13:12,assassinate,True,25,"[7, 13, 5, 16, 17]",3,0.13937621832358602,-329,135,7,0.45711500974658803,464,1
599,13:12,assassinate,True,25,"[7, 13, 5, 16, 17]",3,0.13937621832358602,-329,135,7,0.45711500974658803,464,1
600,"(2,13)",,False,27,"[2, 8, 13, 4, 16]",3,0.15107212475633502,-331,135,7,0.460038986354775,466,1
601,"(2,13)",,False,27,"[2, 8, 13, 4, 16]",3,0.15107212475633502,-331,135,7,0.460038986354775,466,1
602,"(11,8)",,False,25,"[11, 8, 6, 19, 15]",3,0.36257309941520405,-329,137,6,0.307017543859649,466,1
603,"(11,8)",,False,25,"[11, 8, 6, 19, 15]",3,0.36257309941520405,-329,137,6,0.307017543859649,466,1
604,"(18,16)",,False,27,"[7, 18, 2, 9, 16]",4,0.20467836257309902,-329,138,6,0.347953216374269,467,1
605,"(18,16)",,False,27,"[7, 18, 2, 9, 16]",4,0.20467836257309902,-329,138,6,0.347953216374269,467,1
606,"(3,5)",,False,29,"[10, 3, 11, 5, 8]",5,0.228070175438596,-329,139,6,0.24171539961013602,468,1
607,"(3,5)",,False,29,"[10, 3, 11, 5, 8]",5,0.228070175438596,-329,139,6,0.24171539961013602,468,1
608,"(3,7)",,True,31,"[17, 3, 8, 15, 7]",5,0.17933723196881002,-327,141,6,0.17592592592592501,468,1
609,"(3,7)",,True,31,"[17, 3, 8, 15, 7]",5,0.17933723196881002,-327,141,6,0.17592592592592501,468,1
610,"(18,13)",,True,33,"[19, 17, 6, 18, 13]",5,0.153021442495126,-327,142,6,0.15692007797270902,469,1
611,"(18,13)",,True,33,"[19, 17, 6, 18, 13]",5,0.153021442495126,-327,142,6,0.15692007797270902,469,1
612,"(18,6)",,False,33,"[7, 19, 9, 18, 6]",5,0.157894736842105,-327,143,6,0.164717348927875,470,1
613,"(18,6)",,False,33,"[7, 19, 9, 18, 6]",5,0.157894736842105,-327,143,6,0.164717348927875,470,1
614,"(2,10)",,False,33,"[19, 2, 8, 10, 11]",5,0.154970760233918,-325,145,6,0.130604288499025,470,1
615,"(2,10)",,False,33,"[19, 2, 8, 10, 11]",5,0.154970760233918,-325,145,6,0.130604288499025,470,1
616,2:8,assassinate,True,28,"[5, 18, 14, 13, 2]",4,0.125730994152046,-323,147,5,0.09356725146198801,470,1
617,2:8,assassinate,True,28,"[5, 18, 14, 13, 2]",4,0.125730994152046,-323,147,5,0.09356725146198801,470,1
618,"(19,13)",,True,30,"[17, 19, 15, 13, 6]",4,0.125730994152046,-323,148,5,0.134697855750487,471,1
619,"(19,13)",,True,30,"[17, 19, 15, 13, 6]",4,0.125730994152046,-323,148,5,0.134697855750487,471,1
620,"(6,4)",,False,32,"[6, 4, 19, 13, 7]",4,0.08625730994152,-321,150,5,0.053327763854079,471,1
621,"(6,4)",,False,32,"[6, 4, 19, 13, 7]",4,0.08625730994152,-321,150,5,0.053327763854079,471,1
622,"(11,4)",,True,34,"[17, 13, 11, 15, 4]",4,0.088888888888888,-319,152,5,0.05653021442495101,471,1
623,"(11,4)",,True,34,"[17, 13, 11, 15, 4]",4,0.088888888888888,-319,152,5,0.05653021442495101,471,1
624,"(16,1)",,False,34,"[7, 16, 1, 12, 4]",4,0.082846003898635,-319,153,6,0.178362573099415,472,1
625,"(16,1)",,False,34,"[7, 16, 1, 12, 4]",4,0.082846003898635,-319,153,6,0.178362573099415,472,1
626,13:4,assassinate,True,33,"[6, 13, 5, 17, 14]",4,0.082846003898635,-319,154,6,0.145224171539961,473,1
627,13:4,assassinate,True,33,"[6, 13, 5, 17, 14]",4,0.082846003898635,-319,154,6,0.145224171539961,473,1
628,9:14,assassinate,True,27,"[2, 13, 9, 10, 12]",3,0.041812865497076,-321,154,5,0.151183514341409,475,1
629,9:14,assassinate,True,27,"[2, 13, 9, 10, 12]",3,0.041812865497076,-321,154,5,0.151183514341409,475,1
630,"(1,12)",,False,29,"[4, 8, 1, 12, 3]",3,0.024853801169590004,-323,154,6,0.17680311890838202,477,1
631,"(1,12)",,False,29,"[4, 8, 1, 12, 3]",3,0.024853801169590004,-323,154,6,0.17680311890838202,477,1
632,"(5,18)",,True,29,"[5, 13, 7, 15, 18]",3,0.026315789473684,-325,154,6,0.198245614035087,479,1
633,"(5,18)",,True,29,"[5, 13, 7, 15, 18]",3,0.026315789473684,-325,154,6,0.198245614035087,479,1
634,"(16,18)",,False,29,"[15, 2, 16, 17, 18]",4,0.13986354775828402,-327,154,6,0.23859649122807003,481,1
635,"(16,18)",,False,29,"[15, 2, 16, 17, 18]",4,0.13986354775828402,-327,154,6,0.23859649122807003,481,1
636,"(16,0)",,True,29,"[14, 16, 5, 0, 15]",3,0.10721247563352801,-329,154,6,0.266861598440545,483,1
637,"(16,0)",,True,29,"[14, 16, 5, 0, 15]",3,0.10721247563352801,-329,154,6,0.266861598440545,483,1
638,"(1,6)",,False,31,"[11, 1, 7, 6, 14]",3,0.10721247563352801,-331,154,7,0.28732943469785505,485,1
639,"(1,6)",,False,31,"[11, 1, 7, 6, 14]",3,0.10721247563352801,-331,154,7,0.28732943469785505,485,1
640,"(2,6)",,False,29,"[3, 10, 2, 6, 8]",3,0.19298245614035,-329,156,6,0.188109161793372,485,1
641,"(2,6)",,False,29,"[3, 10, 2, 6, 8]",3,0.19298245614035,-329,156,6,0.188109161793372,485,1
642,10:6,assassinate,True,27,"[10, 5, 6, 9, 8]",2,0.005847953216374001,-329,157,6,0.12319688109161701,486,1
643,10:6,assassinate,True,27,"[10, 5, 6, 9, 8]",2,0.005847953216374001,-329,157,6,0.12319688109161701,486,1
644,"(9,19)",,False,29,"[9, 5, 19, 3, 6]",2,0.005847953216374001,-331,157,6,0.163157894736842,488,1
645,"(9,19)",,False,29,"[9, 5, 19, 3, 6]",2,0.005847953216374001,-331,157,6,0.163157894736842,488,1
646,"(16,18)",,False,31,"[19, 16, 2, 5, 18]",2,0.018031189083820003,-333,157,6,0.21725146198830403,490,1
647,"(16,18)",,False,31,"[19, 16, 2, 5, 18]",2,0.018031189083820003,-333,157,6,0.21725146198830403,490,1
648,"(1,13)",,True,33,"[18, 1, 7, 3, 13]",2,0.010233918128654,-335,157,7,0.237816764132553,492,1
649,"(1,13)",,True,33,"[18, 1, 7, 3, 13]",2,0.010233918128654,-335,157,7,0.237816764132553,492,1
650,7:8,assassinate,True,30,"[5, 2, 7, 9, 13]",2,0.010721247563352,-337,157,7,0.27485380116959,494,1
651,7:8,assassinate,True,30,"[5, 2, 7, 9, 13]",2,0.010721247563352,-337,157,7,0.27485380116959,494,1
652,"(4,9)",,False,30,"[17, 4, 5, 2, 9]",2,0.010233918128654,-339,157,7,0.23284600389863502,496,1
653,"(4,9)",,False,30,"[17, 4, 5, 2, 9]",2,0.010233918128654,-339,157,7,0.23284600389863502,496,1
654,"(10,1)",,False,32,"[17, 18, 10, 1, 13]",3,0.020955165692007,-341,157,8,0.31842105263157805,498,1
655,"(10,1)",,False,32,"[17, 18, 10, 1, 13]",3,0.020955165692007,-341,157,8,0.31842105263157805,498,1
656,"(1,2)",,False,34,"[1, 2, 5, 6, 8]",3,0.017543859649122,-343,157,9,0.317641325536062,500,1
657,"(1,2)",,False,34,"[1, 2, 5, 6, 8]",3,0.017543859649122,-343,157,9,0.317641325536062,500,1
658,"(17,13)",,False,32,"[15, 9, 19, 17, 13]",3,0.011695906432748001,-345,157,8,0.307797270955165,502,1
659,"(17,13)",,False,32,"[15, 9, 19, 17, 13]",3,0.011695906432748001,-345,157,8,0.307797270955165,502,1
660,"(11,7)",,True,32,"[3, 17, 11, 7, 6]",3,0.10818713450292301,-347,157,7,0.30077972709551604,504,1
661,"(11,7)",,True,32,"[3, 17, 11, 7, 6]",3,0.10818713450292301,-347,157,7,0.30077972709551604,504,1
662,"(13,2)",,True,34,"[13, 2, 6, 0, 17]",3,0.014619883040935,-349,157,7,0.23469785575048702,506,1
663,"(13,2)",,True,34,"[13, 2, 6, 0, 17]",3,0.014619883040935,-349,157,7,0.23469785575048702,506,1
664,"(13,1)",,False,34,"[2, 13, 16, 6, 1]",3,0.011695906432748001,-351,157,8,0.294152046783625,508,1
665,"(13,1)",,False,34,"[2, 13, 16, 6, 1]",3,0.011695906432748001,-351,157,8,0.294152046783625,508,1
666,"(1,9)",,True,36,"[8, 7, 1, 9, 17]",4,0.032163742690058006,-353,157,9,0.324074074074074,510,1
667,"(1,9)",,True,36,"[8, 7, 1, 9, 17]",4,0.032163742690058006,-353,157,9,0.324074074074074,510,1
668,"(16,10)",,False,34,"[9, 19, 16, 3, 10]",4,0.035087719298245,-355,157,8,0.303898635477582,512,1
669,"(16,10)",,False,34,"[9, 19, 16, 3, 10]",4,0.035087719298245,-355,157,8,0.303898635477582,512,1
670,"(12,16)",,False,32,"[2, 5, 12, 16, 4]",4,0.125730994152046,-357,157,7,0.28947368421052605,514,1
671,"(12,16)",,False,32,"[2, 5, 12, 16, 4]",4,0.125730994152046,-357,157,7,0.28947368421052605,514,1
672,"(15,11)",,False,30,"[14, 15, 8, 11, 0]",4,0.21345029239766003,-357,158,6,0.24074074074074,515,1
673,"(15,11)",,False,30,"[14, 15, 8, 11, 0]",4,0.21345029239766003,-357,158,6,0.24074074074074,515,1
674,"(10,9)",,False,32,"[16, 10, 6, 12, 9]",4,0.132066276803118,-357,159,6,0.186874593892137,516,1
675,"(10,9)",,False,32,"[16, 10, 6, 12, 9]",4,0.132066276803118,-357,159,6,0.186874593892137,516,1
676,"(1,7)",,False,34,"[3, 1, 6, 17, 7]",4,0.137426900584795,-357,160,7,0.20444798865851502,517,1
677,"(1,7)",,False,34,"[3, 1, 6, 17, 7]",4,0.137426900584795,-357,160,7,0.20444798865851502,517,1
678,"(17,6)",,False,34,"[5, 17, 2, 6, 18]",4,0.14366471734892702,-359,160,7,0.19649122807017502,519,1
679,"(17,6)",,False,34,"[5, 17, 2, 6, 18]",4,0.14366471734892702,-359,160,7,0.19649122807017502,519,1
680,"(14,16)",,False,34,"[10, 14, 16, 15, 4]",4,0.14658869395711502,-361,160,7,0.20243664717348903,521,1
681,"(14,16)",,False,34,"[10, 14, 16, 15, 4]",4,0.14658869395711502,-361,160,7,0.20243664717348903,521,1
682,"(13,7)",,False,34,"[14, 13, 17, 7, 2]",4,0.11981342244500101,-361,161,6,0.14639376218323502,522,1
683,"(13,7)",,False,34,"[14, 13, 17, 7, 2]",4,0.11981342244500101,-361,161,6,0.14639376218323502,522,1
684,"(0,13)",,True,34,"[16, 6, 0, 9, 13]",3,0.06961849067112201,-363,161,6,0.16345029239766,524,1
685,"(0,13)",,True,34,"[16, 6, 0, 9, 13]",3,0.06961849067112201,-363,161,6,0.16345029239766,524,1
686,"(19,1)",,False,36,"[3, 19, 1, 12, 5]",3,0.07722547108512001,-365,161,7,0.21513970110461303,526,1
687,"(19,1)",,False,36,"[3, 19, 1, 12, 5]",3,0.07722547108512001,-365,161,7,0.21513970110461303,526,1
688,"(1,18)",,False,36,"[1, 7, 19, 14, 18]",3,0.11999443052074601,-367,161,8,0.252297410192147,528,1
689,"(1,18)",,False,36,"[1, 7, 19, 14, 18]",3,0.11999443052074601,-367,161,8,0.252297410192147,528,1
690,19:12,assassinate,True,31,"[19, 2, 8, 18, 6]",3,0.11228070175438501,-369,161,7,0.22222222222222202,530,1
691,19:12,assassinate,True,31,"[19, 2, 8, 18, 6]",3,0.11228070175438501,-369,161,7,0.22222222222222202,530,1
692,"(0,13)",,True,29,"[5, 6, 4, 0, 13]",2,0.08060428849902501,-371,161,7,0.20370370370370303,532,1
693,"(0,13)",,True,29,"[5, 6, 4, 0, 13]",2,0.08060428849902501,-371,161,7,0.20370370370370303,532,1
694,"(16,9)",,False,31,"[15, 14, 16, 7, 9]",2,0.012865497076023,-373,161,7,0.177777777777777,534,1
695,"(16,9)",,False,31,"[15, 14, 16, 7, 9]",2,0.012865497076023,-373,161,7,0.177777777777777,534,1
696,"(1,14)",,False,31,"[12, 1, 11, 14, 0]",2,0.077777777777777,-375,161,8,0.251656920077972,536,1
697,"(1,14)",,False,31,"[12, 1, 11, 14, 0]",2,0.077777777777777,-375,161,8,0.251656920077972,536,1
698,"(0,10)",,False,31,"[0, 6, 17, 10, 12]",2,0.105263157894736,-377,161,8,0.334502923976608,538,1
699,"(0,10)",,False,31,"[0, 6, 17, 10, 12]",2,0.105263157894736,-377,161,8,0.334502923976608,538,1
700,4:10,assassinate,True,27,"[9, 4, 10, 17, 3]",2,0.09356725146198801,-379,161,8,0.342105263157894,540,1
701,4:10,assassinate,True,27,"[9, 4, 10, 17, 3]",2,0.09356725146198801,-379,161,8,0.342105263157894,540,1
702,"(16,18)",,False,25,"[14, 16, 7, 18, 5]",2,0.08187134502923901,-381,161,8,0.34015594541910305,542,1
703,"(16,18)",,False,25,"[14, 16, 7, 18, 5]",2,0.08187134502923901,-381,161,8,0.34015594541910305,542,1
704,"(11,12)",,False,25,"[11, 12, 1, 18, 5]",2,0.08187134502923901,-383,161,8,0.39181286549707606,544,1
705,"(11,12)",,False,25,"[11, 12, 1, 18, 5]",2,0.08187134502923901,-383,161,8,0.39181286549707606,544,1
706,"(0,19)",,True,25,"[0, 19, 8, 4, 17]",1,0.0,-385,161,8,0.321637426900584,546,1
707,"(0,19)",,True,25,"[0, 19, 8, 4, 17]",1,0.0,-385,161,8,0.321637426900584,546,1
708,3:8,assassinate,True,22,"[6, 15, 3, 1, 5]",1,0.0,-387,161,8,0.311890838206627,548,1
709,3:8,assassinate,True,22,"[6, 15, 3, 1, 5]",1,0.0,-387,161,8,0.311890838206627,548,1
710,"(3,2)",,True,24,"[0, 12, 3, 2, 14]",1,0.0,-389,161,8,0.356920077972709,550,1
711,"(3,2)",,True,24,"[0, 12, 3, 2, 14]",1,0.0,-389,161,8,0.356920077972709,550,1
712,"(11,13)",,True,26,"[11, 13, 15, 12, 14]",1,0.0,-391,161,8,0.41081871345029203,552,1
713,"(11,13)",,True,26,"[11, 13, 15, 12, 14]",1,0.0,-391,161,8,0.41081871345029203,552,1
714,"(3,4)",,True,28,"[5, 3, 8, 4, 15]",1,0.0,-393,161,8,0.44395711500974605,554,1
715,"(3,4)",,True,28,"[5, 3, 8, 4, 15]",1,0.0,-393,161,8,0.44395711500974605,554,1
716,"(19,17)",,False,30,"[8, 0, 16, 19, 17]",1,0.0,-395,161,8,0.46811473127262504,556,1
717,"(19,17)",,False,30,"[8, 0, 16, 19, 17]",1,0.0,-395,161,8,0.46811473127262504,556,1
718,"(17,1)",,True,32,"[15, 17, 1, 6, 5]",2,0.060428849902534006,-397,161,9,0.5012531328320801,558,1
719,"(17,1)",,True,32,"[15, 17, 1, 6, 5]",2,0.060428849902534006,-397,161,9,0.5012531328320801,558,1
720,"(17,10)",,False,32,"[17, 5, 13, 10, 2]",2,0.014619883040935,-399,161,8,0.383333333333333,560,1
721,"(17,10)",,False,32,"[17, 5, 13, 10, 2]",2,0.014619883040935,-399,161,8,0.383333333333333,560,1
722,"(11,17)",,False,32,"[11, 3, 13, 9, 17]",2,0.014619883040935,-401,161,8,0.383333333333333,562,1
723,"(11,17)",,False,32,"[11, 3, 13, 9, 17]",2,0.014619883040935,-401,161,8,0.383333333333333,562,1
724,"(12,6)",,False,32,"[12, 8, 10, 11, 6]",2,0.020467836257309,-403,161,8,0.346783625730994,564,1
725,"(12,6)",,False,32,"[12, 8, 10, 11, 6]",2,0.020467836257309,-403,161,8,0.346783625730994,564,1
726,"(4,18)",,True,34,"[6, 13, 2, 4, 18]",2,0.011403508771929001,-405,161,8,0.318434976329713,566,1
727,"(4,18)",,True,34,"[6, 13, 2, 4, 18]",2,0.011403508771929001,-405,161,8,0.318434976329713,566,1
728,16:12,assassinate,True,29,"[16, 17, 19, 4, 2]",2,0.011403508771929001,-407,161,7,0.32534113060428804,568,1
729,16:12,assassinate,True,29,"[16, 17, 19, 4, 2]",2,0.011403508771929001,-407,161,7,0.32534113060428804,568,1
730,"(16,1)",,True,31,"[16, 1, 5, 6, 0]",3,0.142007797270955,-409,161,8,0.397465886939571,570,1
731,"(16,1)",,True,31,"[16, 1, 5, 6, 0]",3,0.142007797270955,-409,161,8,0.397465886939571,570,1
732,11:6,assassinate,True,29,"[5, 6, 14, 8, 11]",3,0.134502923976608,-411,161,8,0.34990253411306005,572,1
733,11:6,assassinate,True,29,"[5, 6, 14, 8, 11]",3,0.134502923976608,-411,161,8,0.34990253411306005,572,1
734,3:6,assassinate,True,27,"[12, 3, 8, 5, 16]",2,0.011111111111111,-413,161,8,0.251072124756335,574,1
735,3:6,assassinate,True,27,"[12, 3, 8, 5, 16]",2,0.011111111111111,-413,161,8,0.251072124756335,574,1
736,"(16,11)",,True,29,"[12, 16, 11, 18, 6]",3,0.11052631578947301,-415,161,8,0.366081871345029,576,1
737,"(16,11)",,True,29,"[12, 16, 11, 18, 6]",3,0.11052631578947301,-415,161,8,0.366081871345029,576,1
738,"(1,10)",,False,31,"[8, 1, 15, 5, 10]",3,0.10428849902534101,-417,161,9,0.368908382066276,578,1
739,"(1,10)",,False,31,"[8, 1, 15, 5, 10]",3,0.10428849902534101,-417,161,9,0.368908382066276,578,1
740,"(15,1)",,False,33,"[16, 15, 1, 14, 12]",3,0.10428849902534101,-419,161,10,0.369298245614034,580,1
741,"(15,1)",,False,33,"[16, 15, 1, 14, 12]",3,0.10428849902534101,-419,161,10,0.369298245614034,580,1
742,"(1,0)",,False,33,"[1, 10, 5, 8, 0]",4,0.15204678362573001,-421,161,10,0.383040935672514,582,1
743,"(1,0)",,False,33,"[1, 10, 5, 8, 0]",4,0.15204678362573001,-421,161,10,0.383040935672514,582,1
744,"(14,2)",,False,35,"[6, 14, 19, 2, 16]",4,0.09802283486494001,-423,161,10,0.270398217766638,584,1
745,"(14,2)",,False,35,"[6, 14, 19, 2, 16]",4,0.09802283486494001,-423,161,10,0.270398217766638,584,1
746,"(1,3)",,False,37,"[1, 3, 2, 17, 8]",5,0.13411306042884902,-425,161,11,0.355165692007797,586,1
747,"(1,3)",,False,37,"[1, 3, 2, 17, 8]",5,0.13411306042884902,-425,161,11,0.355165692007797,586,1
748,"(10,0)",,False,37,"[10, 4, 0, 17, 11]",5,0.135672514619883,-427,161,11,0.343664717348927,588,1
749,"(10,0)",,False,37,"[10, 4, 0, 17, 11]",5,0.135672514619883,-427,161,11,0.343664717348927,588,1
750,"(18,10)",,False,37,"[11, 18, 4, 17, 10]",5,0.118810916179337,-429,161,10,0.292592592592592,590,1
751,"(18,10)",,False,37,"[11, 18, 4, 17, 10]",5,0.118810916179337,-429,161,10,0.292592592592592,590,1
752,2:4,assassinate,True,36,"[6, 16, 2, 12, 3]",5,0.071345029239766,-431,161,10,0.266276803118908,592,1
753,2:4,assassinate,True,36,"[6, 16, 2, 12, 3]",5,0.071345029239766,-431,161,10,0.266276803118908,592,1
754,15:22,assassinate,True,26,"[17, 13, 1, 7, 15]",5,0.209941520467836,-433,161,9,0.45048732943469705,594,1
755,15:22,assassinate,True,26,"[17, 13, 1, 7, 15]",5,0.209941520467836,-433,161,9,0.45048732943469705,594,1
756,"(13,1)",,True,26,"[13, 1, 5, 9, 0]",5,0.23333333333333303,-435,161,9,0.5284600389863541,596,1
757,"(13,1)",,True,26,"[13, 1, 5, 9, 0]",5,0.23333333333333303,-435,161,9,0.5284600389863541,596,1
758,"(15,16)",,True,28,"[15, 16, 4, 0, 17]",5,0.24191033138401502,-437,161,9,0.573196881091617,598,1
759,"(15,16)",,True,28,"[15, 16, 4, 0, 17]",5,0.24191033138401502,-437,161,9,0.573196881091617,598,1
760,"(9,6)",,False,30,"[12, 9, 0, 6, 16]",5,0.22854358117516002,-439,161,9,0.525563909774436,600,1
761,"(9,6)",,False,30,"[12, 9, 0, 6, 16]",5,0.22854358117516002,-439,161,9,0.525563909774436,600,1
762,"(4,6)",,False,32,"[4, 3, 0, 6, 16]",5,0.20739348370927302,-441,161,9,0.487552213868003,602,1
763,"(4,6)",,False,32,"[4, 3, 0, 6, 16]",5,0.20739348370927302,-441,161,9,0.487552213868003,602,1
764,"(2,1)",,False,34,"[16, 2, 0, 3, 1]",5,0.11908939014202101,-443,161,10,0.48628515733778804,604,1
765,"(2,1)",,False,34,"[16, 2, 0, 3, 1]",5,0.11908939014202101,-443,161,10,0.48628515733778804,604,1
766,"(14,1)",,True,36,"[14, 3, 7, 1, 9]",5,0.08323586744639301,-445,161,11,0.45711500974658803,606,1
767,"(14,1)",,True,36,"[14, 3, 7, 1, 9]",5,0.08323586744639301,-445,161,11,0.45711500974658803,606,1
768,"(0,11)",,True,36,"[15, 13, 0, 18, 11]",5,0.07553606237816701,-447,161,11,0.460428849902534,608,1
769,"(0,11)",,True,36,"[15, 13, 0, 18, 11]",5,0.07553606237816701,-447,161,11,0.460428849902534,608,1
770,"(2,0)",,True,36,"[13, 1, 2, 0, 11]",4,0.057309941520467006,-449,161,11,0.432943469785574,610,1
771,"(2,0)",,True,36,"[13, 1, 2, 0, 11]",4,0.057309941520467006,-449,161,11,0.432943469785574,610,1
772,"(19,1)",,False,38,"[2, 10, 19, 1, 14]",5,0.072417153996101,-451,161,12,0.45945419103313806,612,1
773,"(19,1)",,False,38,"[2, 10, 19, 1, 14]",5,0.072417153996101,-451,161,12,0.45945419103313806,612,1
774,"(8,1)",,True,40,"[13, 8, 1, 3, 0]",6,0.071052631578947,-453,161,13,0.463854079643553,614,1
775,"(8,1)",,True,40,"[13, 8, 1, 3, 0]",6,0.071052631578947,-453,161,13,0.463854079643553,614,1
776,"(12,10)",,False,40,"[11, 12, 19, 15, 10]",6,0.07495126705653,-455,161,13,0.472138680033416,616,1
777,"(12,10)",,False,40,"[11, 12, 19, 15, 10]",6,0.07495126705653,-455,161,13,0.472138680033416,616,1
778,"(3,2)",,False,42,"[3, 17, 7, 2, 9]",6,0.07202729044834301,-457,161,13,0.44327485380116904,618,1
779,"(3,2)",,False,42,"[3, 17, 7, 2, 9]",6,0.07202729044834301,-457,161,13,0.44327485380116904,618,1
780,"(5,12)",,False,42,"[3, 5, 7, 12, 15]",6,0.070077972709551,-459,161,13,0.443762183235867,620,1
781,"(5,12)",,False,42,"[3, 5, 7, 12, 15]",6,0.070077972709551,-459,161,13,0.443762183235867,620,1
782,"(1,7)",,True,42,"[1, 12, 2, 7, 11]",6,0.070077972709551,-461,161,13,0.443762183235867,622,1
783,"(1,7)",,True,42,"[1, 12, 2, 7, 11]",6,0.070077972709551,-461,161,13,0.443762183235867,622,1
784,"(19,0)",,True,42,"[19, 1, 2, 0, 6]",5,0.051629072681704004,-463,161,13,0.43895850737955905,624,1
785,"(19,0)",,True,42,"[19, 1, 2, 0, 6]",5,0.051629072681704004,-463,161,13,0.43895850737955905,624,1
786,18:8,assassinate,True,37,"[14, 18, 15, 6, 9]",4,0.012085769980506,-465,161,12,0.341033138401559,626,1
787,18:8,assassinate,True,37,"[14, 18, 15, 6, 9]",4,0.012085769980506,-465,161,12,0.341033138401559,626,1
788,"(2,13)",,True,37,"[9, 15, 2, 13, 18]",4,0.012085769980506,-467,161,11,0.301559454191033,628,1
789,"(2,13)",,True,37,"[9, 15, 2, 13, 18]",4,0.012085769980506,-467,161,11,0.301559454191033,628,1
790,12:14,assassinate,True,31,"[6, 2, 17, 12, 8]",5,0.11130604288499,-469,161,10,0.41793372319688105,630,1
791,12:14,assassinate,True,31,"[6, 2, 17, 12, 8]",5,0.11130604288499,-469,161,10,0.41793372319688105,630,1
792,"(1,12)",,False,33,"[1, 13, 4, 12, 6]",6,0.1817738791423,-471,161,11,0.452436647173489,632,1
793,"(1,12)",,False,33,"[1, 13, 4, 12, 6]",6,0.1817738791423,-471,161,11,0.452436647173489,632,1
794,"(19,5)",,False,35,"[2, 9, 19, 5, 11]",7,0.20224171539961003,-473,161,11,0.41442495126705603,634,1
795,"(19,5)",,False,35,"[2, 9, 19, 5, 11]",7,0.20224171539961003,-473,161,11,0.41442495126705603,634,1
796,"(0,13)",,True,35,"[3, 14, 5, 0, 13]",7,0.15526315789473602,-475,161,11,0.44298245614035003,636,1
797,"(0,13)",,True,35,"[3, 14, 5, 0, 13]",7,0.15526315789473602,-475,161,11,0.44298245614035003,636,1
798,18:2,assassinate,True,35,"[19, 4, 14, 18, 16]",6,0.047465886939571,-477,161,11,0.37953216374269,638,1
799,18:2,assassinate,True,35,"[19, 4, 14, 18, 16]",6,0.047465886939571,-477,161,11,0.37953216374269,638,1
