,actionDetail,actionType,bonusActivated,graphEdgeCount,nodeList,p1Degree,p1Score,p1WinAdvantage,p1WinCount,p2Degree,p2Score,p2WinCount,player
0,"(4,14)",,False,2,"[4, 14, 18, 16, 9]",0,-0.001,0,0,0,-0.001,0,1
1,"(4,14)",,False,2,"[4, 14, 18, 16, 9]",0,-0.001,0,0,0,-0.001,0,1
2,"(18,10)",,False,4,"[18, 10, 14, 4, 11]",1,0.0,2,2,0,-0.001,0,1
3,"(18,10)",,False,4,"[18, 10, 14, 4, 11]",1,0.0,2,2,0,-0.001,0,1
4,"(19,15)",,False,4,"[19, 15, 13, 10, 7]",1,0.0,4,4,0,-0.001,0,1
5,"(19,15)",,False,4,"[19, 15, 13, 10, 7]",1,0.0,4,4,0,-0.001,0,1
6,"(15,11)",,False,6,"[15, 11, 16, 6, 3]",1,0.0,6,6,0,-0.001,0,1
7,"(15,11)",,False,6,"[15, 11, 16, 6, 3]",1,0.0,6,6,0,-0.001,0,1
8,"(1,13)",,False,8,"[1, 13, 18, 15, 19]",1,0.0,7,7,1,0.0,0,1
9,"(1,13)",,False,8,"[1, 13, 18, 15, 19]",1,0.0,7,7,1,0.0,0,1
10,"(3,2)",,False,10,"[3, 2, 4, 15, 5]",1,0.0,7,7,1,0.0,0,1
11,"(3,2)",,False,10,"[3, 2, 4, 15, 5]",1,0.0,7,7,1,0.0,0,1
12,"(1,18)",,False,10,"[1, 19, 18, 16, 3]",1,0.0,6,7,2,0.029239766081871003,1,1
13,"(1,18)",,False,10,"[1, 19, 18, 16, 3]",1,0.0,6,7,2,0.029239766081871003,1,1
14,"(13,3)",,False,12,"[13, 4, 3, 16, 5]",2,0.052631578947368,5,7,2,0.122807017543859,2,1
15,"(13,3)",,False,12,"[13, 4, 3, 16, 5]",2,0.052631578947368,5,7,2,0.122807017543859,2,1
16,"(13,3)",,False,12,"[4, 0, 9, 13, 3]",2,0.052631578947368,6,8,2,0.052631578947368,2,1
17,"(13,3)",,False,12,"[4, 0, 9, 13, 3]",2,0.052631578947368,6,8,2,0.052631578947368,2,1
18,"(3,13)",,False,12,"[3, 15, 19, 7, 13]",2,0.052631578947368,7,9,2,0.052631578947368,2,1
19,"(3,13)",,False,12,"[3, 15, 19, 7, 13]",2,0.052631578947368,7,9,2,0.052631578947368,2,1
20,"(15,16)",,False,12,"[13, 4, 15, 19, 16]",2,0.0029239766081870003,7,10,2,0.017543859649122,3,1
21,"(15,16)",,False,12,"[13, 4, 15, 19, 16]",2,0.0029239766081870003,7,10,2,0.017543859649122,3,1
22,"(13,10)",,False,14,"[13, 6, 10, 11, 16]",3,0.032163742690058006,7,11,2,0.052631578947368,4,1
23,"(13,10)",,False,14,"[13, 6, 10, 11, 16]",3,0.032163742690058006,7,11,2,0.052631578947368,4,1
24,"(19,1)",,False,16,"[19, 5, 1, 16, 2]",3,0.067251461988304,7,12,3,0.20467836257309902,5,1
25,"(19,1)",,False,16,"[19, 5, 1, 16, 2]",3,0.067251461988304,7,12,3,0.20467836257309902,5,1
26,"(9,1)",,False,18,"[9, 13, 11, 10, 1]",3,0.067251461988304,5,12,4,0.18713450292397601,7,1
27,"(9,1)",,False,18,"[9, 13, 11, 10, 1]",3,0.067251461988304,5,12,4,0.18713450292397601,7,1
28,"(6,9)",,False,20,"[3, 6, 11, 15, 9]",4,0.178362573099415,3,12,4,0.245614035087719,9,1
29,"(6,9)",,False,20,"[3, 6, 11, 15, 9]",4,0.178362573099415,3,12,4,0.245614035087719,9,1
30,"(1,8)",,False,20,"[0, 1, 12, 10, 8]",4,0.130604288499025,3,13,4,0.27582846003898603,10,1
31,"(1,8)",,False,20,"[0, 1, 12, 10, 8]",4,0.130604288499025,3,13,4,0.27582846003898603,10,1
32,"(7,9)",,False,20,"[7, 10, 3, 0, 9]",4,0.12670565302144202,1,13,4,0.30896686159844,12,1
33,"(7,9)",,False,20,"[7, 10, 3, 0, 9]",4,0.12670565302144202,1,13,4,0.30896686159844,12,1
34,"(17,5)",,False,22,"[17, 5, 10, 2, 12]",5,0.19688109161793302,1,14,4,0.22709551656920002,13,1
35,"(17,5)",,False,22,"[17, 5, 10, 2, 12]",5,0.19688109161793302,1,14,4,0.22709551656920002,13,1
36,"(12,10)",,False,24,"[17, 12, 11, 2, 10]",5,0.23586744639376203,3,16,4,0.197855750487329,13,1
37,"(12,10)",,False,24,"[17, 12, 11, 2, 10]",5,0.23586744639376203,3,16,4,0.197855750487329,13,1
38,"(5,19)",,False,24,"[5, 18, 1, 17, 19]",5,0.26705653021442405,5,18,4,0.24463937621832302,13,1
39,"(5,19)",,False,24,"[5, 18, 1, 17, 19]",5,0.26705653021442405,5,18,4,0.24463937621832302,13,1
40,"(11,9)",,False,26,"[11, 9, 10, 14, 4]",5,0.18187134502923902,7,20,4,0.146491228070175,13,1
41,"(11,9)",,False,26,"[11, 9, 10, 14, 4]",5,0.18187134502923902,7,20,4,0.146491228070175,13,1
42,"(2,0)",,False,24,"[19, 7, 14, 2, 0]",4,0.124171539961013,7,21,4,0.25594541910331303,14,1
43,"(2,0)",,False,24,"[19, 7, 14, 2, 0]",4,0.124171539961013,7,21,4,0.25594541910331303,14,1
44,"(3,4)",,False,26,"[3, 5, 7, 10, 4]",4,0.123781676413255,5,21,4,0.18128654970760202,16,1
45,"(3,4)",,False,26,"[3, 5, 7, 10, 4]",4,0.123781676413255,5,21,4,0.18128654970760202,16,1
46,"(7,9)",,False,26,"[7, 9, 8, 5, 18]",5,0.181578947368421,7,23,4,0.11803118908382002,16,1
47,"(7,9)",,False,26,"[7, 9, 8, 5, 18]",5,0.181578947368421,7,23,4,0.11803118908382002,16,1
48,"(5,19)",,False,28,"[5, 19, 10, 2, 0]",5,0.181189083820662,9,25,4,0.096198830409356,16,1
49,"(5,19)",,False,28,"[5, 19, 10, 2, 0]",5,0.181189083820662,9,25,4,0.096198830409356,16,1
50,"(1,14)",,False,30,"[1, 10, 4, 14, 16]",5,0.187037037037037,11,27,5,0.17514619883040902,16,1
51,"(1,14)",,False,30,"[1, 10, 4, 14, 16]",5,0.187037037037037,11,27,5,0.17514619883040902,16,1
52,"(1,3)",,False,30,"[17, 1, 9, 2, 3]",5,0.167836257309941,11,28,6,0.23235867446393701,17,1
53,"(1,3)",,False,30,"[17, 1, 9, 2, 3]",5,0.167836257309941,11,28,6,0.23235867446393701,17,1
54,"(16,19)",,False,32,"[4, 16, 19, 18, 8]",5,0.11081871345029201,9,28,6,0.204580896686159,19,1
55,"(16,19)",,False,32,"[4, 16, 19, 18, 8]",5,0.11081871345029201,9,28,6,0.204580896686159,19,1
56,"(14,13)",,False,32,"[19, 14, 13, 5, 2]",5,0.129629629629629,9,29,5,0.15692007797270902,20,1
57,"(14,13)",,False,32,"[19, 14, 13, 5, 2]",5,0.129629629629629,9,29,5,0.15692007797270902,20,1
58,"(0,18)",,False,30,"[13, 10, 3, 0, 18]",4,0.083820662768031,9,30,4,0.10818713450292301,21,1
59,"(0,18)",,False,30,"[13, 10, 3, 0, 18]",4,0.083820662768031,9,30,4,0.10818713450292301,21,1
60,"(13,3)",,False,30,"[17, 13, 3, 2, 16]",4,0.073586744639376,9,31,4,0.097465886939571,22,1
61,"(13,3)",,False,30,"[17, 13, 3, 2, 16]",4,0.073586744639376,9,31,4,0.097465886939571,22,1
62,"(14,0)",,False,30,"[5, 4, 14, 18, 0]",4,0.073586744639376,9,32,4,0.097465886939571,23,1
63,"(14,0)",,False,30,"[5, 4, 14, 18, 0]",4,0.073586744639376,9,32,4,0.097465886939571,23,1
64,"(4,0)",,False,30,"[4, 1, 2, 6, 0]",3,0.019005847953216002,9,33,4,0.10373619233268301,24,1
65,"(4,0)",,False,30,"[4, 1, 2, 6, 0]",3,0.019005847953216002,9,33,4,0.10373619233268301,24,1
66,"(15,1)",,False,30,"[15, 14, 17, 9, 1]",3,0.09356725146198801,7,33,5,0.17300194931773802,26,1
67,"(15,1)",,False,30,"[15, 14, 17, 9, 1]",3,0.09356725146198801,7,33,5,0.17300194931773802,26,1
68,11:8,assassinate,True,27,"[11, 0, 6, 16, 17]",2,0.087719298245614,5,33,5,0.19522417153996002,28,1
69,11:8,assassinate,True,27,"[11, 0, 6, 16, 17]",2,0.087719298245614,5,33,5,0.19522417153996002,28,1
70,"(4,13)",,False,27,"[4, 3, 6, 13, 0]",2,0.087719298245614,3,33,5,0.182261208576998,30,1
71,"(4,13)",,False,27,"[4, 3, 6, 13, 0]",2,0.087719298245614,3,33,5,0.182261208576998,30,1
72,"(19,16)",,False,29,"[19, 12, 7, 16, 10]",2,0.008771929824561,1,33,5,0.10233918128654901,32,1
73,"(19,16)",,False,29,"[19, 12, 7, 16, 10]",2,0.008771929824561,1,33,5,0.10233918128654901,32,1
74,"(17,2)",,False,29,"[17, 14, 2, 16, 4]",2,0.008771929824561,-1,33,5,0.105165692007797,34,1
75,"(17,2)",,False,29,"[17, 14, 2, 16, 4]",2,0.008771929824561,-1,33,5,0.105165692007797,34,1
76,"(18,15)",,False,31,"[18, 8, 15, 12, 19]",2,0.008771929824561,-3,33,5,0.11047062099693601,36,1
77,"(18,15)",,False,31,"[18, 8, 15, 12, 19]",2,0.008771929824561,-3,33,5,0.11047062099693601,36,1
78,"(1,11)",,False,33,"[1, 5, 6, 2, 11]",2,0.008771929824561,-5,33,6,0.16115288220551302,38,1
79,"(1,11)",,False,33,"[1, 5, 6, 2, 11]",2,0.008771929824561,-5,33,6,0.16115288220551302,38,1
80,"(4,1)",,False,35,"[4, 18, 17, 10, 1]",2,0.008771929824561,-7,33,7,0.18820662768031102,40,1
81,"(4,1)",,False,35,"[4, 18, 17, 10, 1]",2,0.008771929824561,-7,33,7,0.18820662768031102,40,1
82,"(7,11)",,False,37,"[17, 7, 11, 14, 15]",2,0.016569200779727,-9,33,7,0.28304093567251404,42,1
83,"(7,11)",,False,37,"[17, 7, 11, 14, 15]",2,0.016569200779727,-9,33,7,0.28304093567251404,42,1
84,"(5,1)",,False,39,"[5, 1, 10, 9, 0]",2,0.015162907268170002,-11,33,8,0.284461152882205,44,1
85,"(5,1)",,False,39,"[5, 1, 10, 9, 0]",2,0.015162907268170002,-11,33,8,0.284461152882205,44,1
86,"(15,10)",,False,37,"[2, 15, 11, 6, 10]",2,0.015162907268170002,-13,33,7,0.297521581732108,46,1
87,"(15,10)",,False,37,"[2, 15, 11, 6, 10]",2,0.015162907268170002,-13,33,7,0.297521581732108,46,1
88,"(1,13)",,False,39,"[11, 1, 2, 13, 19]",2,0.015162907268170002,-15,33,8,0.24011417432470003,48,1
89,"(1,13)",,False,39,"[11, 1, 2, 13, 19]",2,0.015162907268170002,-15,33,8,0.24011417432470003,48,1
90,"(1,3)",,False,41,"[1, 3, 7, 11, 19]",2,0.014327485380116,-17,33,9,0.26637426900584704,50,1
91,"(1,3)",,False,41,"[1, 3, 7, 11, 19]",2,0.014327485380116,-17,33,9,0.26637426900584704,50,1
92,"(8,4)",,False,39,"[0, 2, 19, 8, 4]",2,0.014619883040935,-19,33,8,0.253801169590643,52,1
93,"(8,4)",,False,39,"[0, 2, 19, 8, 4]",2,0.014619883040935,-19,33,8,0.253801169590643,52,1
94,"(2,5)",,False,39,"[14, 11, 3, 2, 5]",2,0.017543859649122,-21,33,8,0.24678362573099402,54,1
95,"(2,5)",,False,39,"[14, 11, 3, 2, 5]",2,0.017543859649122,-21,33,8,0.24678362573099402,54,1
96,"(16,1)",,False,41,"[7, 16, 3, 1, 2]",2,0.007309941520467001,-23,33,9,0.26005291005291004,56,1
97,"(16,1)",,False,41,"[7, 16, 3, 1, 2]",2,0.007309941520467001,-23,33,9,0.26005291005291004,56,1
98,"(5,19)",,False,41,"[5, 4, 15, 19, 17]",2,0.004873294346978,-25,33,9,0.260721247563352,58,1
99,"(5,19)",,False,41,"[5, 4, 15, 19, 17]",2,0.004873294346978,-25,33,9,0.260721247563352,58,1
100,"(8,2)",,False,41,"[15, 8, 5, 10, 2]",2,0.004873294346978,-27,33,9,0.25701754385964903,60,1
101,"(8,2)",,False,41,"[15, 8, 5, 10, 2]",2,0.004873294346978,-27,33,9,0.25701754385964903,60,1
102,"(14,13)",,False,41,"[14, 4, 13, 12, 15]",2,0.004873294346978,-29,33,9,0.25303536619326,62,1
103,"(14,13)",,False,41,"[14, 4, 13, 12, 15]",2,0.004873294346978,-29,33,9,0.25303536619326,62,1
104,"(9,8)",,False,41,"[9, 6, 8, 10, 3]",2,0.007797270955165,-31,33,9,0.27030539311241003,64,1
105,"(9,8)",,False,41,"[9, 6, 8, 10, 3]",2,0.007797270955165,-31,33,9,0.27030539311241003,64,1
106,"(19,4)",,False,41,"[19, 14, 7, 13, 4]",2,0.007797270955165,-33,33,9,0.27351712614870505,66,1
107,"(19,4)",,False,41,"[19, 14, 7, 13, 4]",2,0.007797270955165,-33,33,9,0.27351712614870505,66,1
108,"(2,4)",,False,41,"[2, 16, 14, 19, 4]",2,0.007066276803118001,-35,33,9,0.24535412605588003,68,1
109,"(2,4)",,False,41,"[2, 16, 14, 19, 4]",2,0.007066276803118001,-35,33,9,0.24535412605588003,68,1
110,"(7,8)",,False,41,"[14, 7, 5, 8, 2]",2,0.010185185185185,-37,33,9,0.24652371669915502,70,1
111,"(7,8)",,False,41,"[14, 7, 5, 8, 2]",2,0.010185185185185,-37,33,9,0.24652371669915502,70,1
112,"(5,4)",,False,41,"[2, 5, 4, 14, 17]",2,0.010428849902534001,-39,33,9,0.237440824282929,72,1
113,"(5,4)",,False,41,"[2, 5, 4, 14, 17]",2,0.010428849902534001,-39,33,9,0.237440824282929,72,1
114,"(19,6)",,False,41,"[19, 6, 7, 2, 11]",2,0.012540610786224001,-41,33,9,0.251315789473684,74,1
115,"(19,6)",,False,41,"[19, 6, 7, 2, 11]",2,0.012540610786224001,-41,33,9,0.251315789473684,74,1
116,"(3,14)",,False,41,"[2, 16, 3, 5, 14]",2,0.012540610786224001,-43,33,9,0.251315789473684,76,1
117,"(3,14)",,False,41,"[2, 16, 3, 5, 14]",2,0.012540610786224001,-43,33,9,0.251315789473684,76,1
118,"(8,18)",,False,41,"[1, 4, 8, 18, 17]",2,0.011078622482131002,-45,33,9,0.25630047340573603,78,1
119,"(8,18)",,False,41,"[1, 4, 8, 18, 17]",2,0.011078622482131002,-45,33,9,0.25630047340573603,78,1
120,"(9,3)",,False,39,"[9, 2, 3, 5, 13]",2,0.034600389863547,-47,33,8,0.240121136173767,80,1
121,"(9,3)",,False,39,"[9, 2, 3, 5, 13]",2,0.034600389863547,-47,33,8,0.240121136173767,80,1
122,"(1,12)",,False,41,"[1, 0, 15, 16, 12]",2,0.021498189919242003,-49,33,9,0.23622250069618403,82,1
123,"(1,12)",,False,41,"[1, 0, 15, 16, 12]",2,0.021498189919242003,-49,33,9,0.23622250069618403,82,1
124,"(17,18)",,False,43,"[12, 6, 17, 18, 7]",3,0.055806182121971006,-51,33,9,0.21127123363965403,84,1
125,"(17,18)",,False,43,"[12, 6, 17, 18, 7]",3,0.055806182121971006,-51,33,9,0.21127123363965403,84,1
126,"(1,18)",,False,45,"[1, 12, 0, 11, 18]",4,0.069451406293511,-53,33,10,0.23697438039543303,86,1
127,"(1,18)",,False,45,"[1, 12, 0, 11, 18]",4,0.069451406293511,-53,33,10,0.23697438039543303,86,1
128,"(12,0)",,False,45,"[8, 4, 12, 15, 0]",4,0.069451406293511,-55,33,10,0.23697438039543303,88,1
129,"(12,0)",,False,45,"[8, 4, 12, 15, 0]",4,0.069451406293511,-55,33,10,0.23697438039543303,88,1
130,"(6,16)",,False,45,"[6, 14, 16, 18, 7]",4,0.061069340016708,-57,33,9,0.18189223057644102,90,1
131,"(6,16)",,False,45,"[6, 14, 16, 18, 7]",4,0.061069340016708,-57,33,9,0.18189223057644102,90,1
132,"(0,16)",,False,45,"[0, 5, 16, 7, 19]",3,0.028947368421052003,-59,33,9,0.18581871345029202,92,1
133,"(0,16)",,False,45,"[0, 5, 16, 7, 19]",3,0.028947368421052003,-59,33,9,0.18581871345029202,92,1
134,"(11,7)",,False,45,"[11, 16, 14, 7, 4]",3,0.028654970760233003,-61,33,9,0.16996426250812202,94,1
135,"(11,7)",,False,45,"[11, 16, 14, 7, 4]",3,0.028654970760233003,-61,33,9,0.16996426250812202,94,1
136,"(14,4)",,False,47,"[11, 14, 17, 6, 4]",4,0.056697298802561004,-63,33,9,0.15246681518611302,96,1
137,"(14,4)",,False,47,"[11, 14, 17, 6, 4]",4,0.056697298802561004,-63,33,9,0.15246681518611302,96,1
138,"(10,4)",,False,45,"[12, 10, 3, 7, 4]",4,0.074074074074074,-65,33,8,0.13058340295182402,98,1
139,"(10,4)",,False,45,"[12, 10, 3, 7, 4]",4,0.074074074074074,-65,33,8,0.13058340295182402,98,1
140,"(15,2)",,False,45,"[15, 17, 19, 6, 2]",4,0.057024505708716006,-67,33,7,0.11953494848231601,100,1
141,"(15,2)",,False,45,"[15, 17, 19, 6, 2]",4,0.057024505708716006,-67,33,7,0.11953494848231601,100,1
142,"(4,7)",,False,47,"[4, 10, 9, 7, 12]",5,0.08100111389585,-69,33,7,0.093107769423558,102,1
143,"(4,7)",,False,47,"[4, 10, 9, 7, 12]",5,0.08100111389585,-69,33,7,0.093107769423558,102,1
144,"(5,10)",,False,47,"[16, 5, 11, 10, 15]",5,0.073064605959342,-67,35,6,0.069604566972988,102,1
145,"(5,10)",,False,47,"[16, 5, 11, 10, 15]",5,0.073064605959342,-67,35,6,0.069604566972988,102,1
146,"(8,12)",,False,47,"[5, 8, 6, 14, 12]",5,0.07351712614870501,-67,36,6,0.07456140350877101,103,1
147,"(8,12)",,False,47,"[5, 8, 6, 14, 12]",5,0.07351712614870501,-67,36,6,0.07456140350877101,103,1
148,"(12,1)",,False,47,"[12, 15, 14, 7, 1]",5,0.07351712614870501,-67,37,6,0.07456140350877101,104,1
149,"(12,1)",,False,47,"[12, 15, 14, 7, 1]",5,0.07351712614870501,-67,37,6,0.07456140350877101,104,1
150,"(15,4)",,False,45,"[16, 17, 11, 15, 4]",5,0.08142578668894401,-67,38,6,0.08649401280980201,105,1
151,"(15,4)",,False,45,"[16, 17, 11, 15, 4]",5,0.08142578668894401,-67,38,6,0.08649401280980201,105,1
152,"(5,2)",,False,47,"[5, 11, 15, 2, 18]",5,0.05306321358952901,-67,39,6,0.06574306135709601,106,1
153,"(5,2)",,False,47,"[5, 11, 15, 2, 18]",5,0.05306321358952901,-67,39,6,0.06574306135709601,106,1
154,"(9,4)",,False,47,"[17, 9, 4, 7, 3]",5,0.05898310591293,-67,40,6,0.062361923326835,107,1
155,"(9,4)",,False,47,"[17, 9, 4, 7, 3]",5,0.05898310591293,-67,40,6,0.062361923326835,107,1
156,"(8,6)",,False,49,"[5, 18, 8, 17, 6]",5,0.048900027847396006,-65,42,6,0.043959435626102,107,1
157,"(8,6)",,False,49,"[5, 18, 8, 17, 6]",5,0.048900027847396006,-65,42,6,0.043959435626102,107,1
158,"(1,18)",,False,51,"[4, 19, 1, 18, 0]",5,0.044994430520746004,-65,43,7,0.067411584516847,108,1
159,"(1,18)",,False,51,"[4, 19, 1, 18, 0]",5,0.044994430520746004,-65,43,7,0.067411584516847,108,1
160,"(6,2)",,False,51,"[6, 2, 9, 8, 4]",5,0.041211825860948,-67,43,6,0.057948111018286,110,1
161,"(6,2)",,False,51,"[6, 2, 9, 8, 4]",5,0.041211825860948,-67,43,6,0.057948111018286,110,1
162,"(3,15)",,False,51,"[5, 3, 2, 6, 15]",5,0.049691358024691004,-67,44,6,0.062658962220365,111,1
163,"(3,15)",,False,51,"[5, 3, 2, 6, 15]",5,0.049691358024691004,-67,44,6,0.062658962220365,111,1
164,"(9,0)",,False,49,"[9, 6, 4, 18, 0]",4,0.033730158730158,-69,44,6,0.065947275596398,113,1
165,"(9,0)",,False,49,"[9, 6, 4, 18, 0]",4,0.033730158730158,-69,44,6,0.065947275596398,113,1
166,"(18,5)",,False,49,"[16, 18, 5, 8, 6]",5,0.062733221943748,-71,44,6,0.07719762368885101,115,1
167,"(18,5)",,False,49,"[16, 18, 5, 8, 6]",5,0.062733221943748,-71,44,6,0.07719762368885101,115,1
168,"(12,10)",,False,49,"[13, 12, 8, 10, 3]",5,0.064845615722808,-71,45,6,0.069038336582196,116,1
169,"(12,10)",,False,49,"[13, 12, 8, 10, 3]",5,0.064845615722808,-71,45,6,0.069038336582196,116,1
170,"(1,13)",,False,49,"[1, 13, 19, 14, 7]",5,0.067970853058572,-71,46,7,0.09939896036387201,117,1
171,"(1,13)",,False,49,"[1, 13, 19, 14, 7]",5,0.067970853058572,-71,46,7,0.09939896036387201,117,1
172,"(12,0)",,False,49,"[10, 18, 12, 0, 16]",4,0.043330548593706004,-73,46,7,0.100160122528543,119,1
173,"(12,0)",,False,49,"[10, 18, 12, 0, 16]",4,0.043330548593706004,-73,46,7,0.100160122528543,119,1
174,"(5,1)",,False,51,"[5, 4, 1, 18, 11]",4,0.042014759120022005,-75,46,8,0.11073142257352701,121,1
175,"(5,1)",,False,51,"[5, 4, 1, 18, 11]",4,0.042014759120022005,-75,46,8,0.11073142257352701,121,1
176,"(2,0)",,False,51,"[2, 15, 0, 3, 4]",3,0.01735588972431,-77,46,8,0.11169590643274802,123,1
177,"(2,0)",,False,51,"[2, 15, 0, 3, 4]",3,0.01735588972431,-77,46,8,0.11169590643274802,123,1
178,"(3,2)",,False,51,"[14, 3, 8, 2, 11]",3,0.016429963798384,-79,46,8,0.10930103035366101,125,1
179,"(3,2)",,False,51,"[14, 3, 8, 2, 11]",3,0.016429963798384,-79,46,8,0.10930103035366101,125,1
180,6:18,assassinate,True,43,"[17, 9, 1, 0, 6]",3,0.020857699805068002,-81,46,8,0.12579681527049902,127,1
181,6:18,assassinate,True,43,"[17, 9, 1, 0, 6]",3,0.020857699805068002,-81,46,8,0.12579681527049902,127,1
182,"(12,16)",,False,43,"[7, 12, 16, 4, 19]",3,0.023196881091617,-83,46,8,0.13414175168561102,129,1
183,"(12,16)",,False,43,"[7, 12, 16, 4, 19]",3,0.023196881091617,-83,46,8,0.13414175168561102,129,1
184,"(4,7)",,False,43,"[18, 5, 4, 7, 2]",3,0.019883040935672003,-85,46,8,0.127126528442317,131,1
185,"(4,7)",,False,43,"[18, 5, 4, 7, 2]",3,0.019883040935672003,-85,46,8,0.127126528442317,131,1
186,"(6,10)",,False,45,"[14, 9, 6, 10, 8]",4,0.043162393162393,-87,46,8,0.13212455186139302,133,1
187,"(6,10)",,False,45,"[14, 9, 6, 10, 8]",4,0.043162393162393,-87,46,8,0.13212455186139302,133,1
188,"(19,6)",,False,47,"[18, 9, 19, 8, 6]",5,0.06936572199730001,-89,46,8,0.130335405335405,135,1
189,"(19,6)",,False,47,"[18, 9, 19, 8, 6]",5,0.06936572199730001,-89,46,8,0.130335405335405,135,1
190,"(16,1)",,False,49,"[4, 16, 1, 15, 7]",5,0.052589807852965006,-91,46,9,0.150953140426824,137,1
191,"(16,1)",,False,49,"[4, 16, 1, 15, 7]",5,0.052589807852965006,-91,46,9,0.150953140426824,137,1
192,"(5,13)",,False,49,"[5, 16, 4, 17, 13]",6,0.080669265756985,-93,46,9,0.15370222694784103,139,1
193,"(5,13)",,False,49,"[5, 16, 4, 17, 13]",6,0.080669265756985,-93,46,9,0.15370222694784103,139,1
194,"(7,1)",,False,49,"[7, 1, 5, 15, 0]",6,0.08713450292397601,-95,46,9,0.15646059593428002,141,1
195,"(7,1)",,False,49,"[7, 1, 5, 15, 0]",6,0.08713450292397601,-95,46,9,0.15646059593428002,141,1
196,"(15,9)",,False,49,"[15, 18, 9, 0, 19]",6,0.09941520467836201,-97,46,9,0.16722361459203502,143,1
197,"(15,9)",,False,49,"[15, 18, 9, 0, 19]",6,0.09941520467836201,-97,46,9,0.16722361459203502,143,1
198,"(6,8)",,False,49,"[5, 14, 6, 10, 8]",6,0.095200965376403,-99,46,9,0.163568643831801,145,1
199,"(6,8)",,False,49,"[5, 14, 6, 10, 8]",6,0.095200965376403,-99,46,9,0.163568643831801,145,1
200,"(1,8)",,False,51,"[1, 5, 12, 8, 18]",6,0.091924255082149,-101,46,10,0.165278938085955,147,1
201,"(1,8)",,False,51,"[1, 5, 12, 8, 18]",6,0.091924255082149,-101,46,10,0.165278938085955,147,1
202,"(15,9)",,False,51,"[10, 6, 15, 2, 9]",6,0.091924255082149,-103,46,10,0.165278938085955,149,1
203,"(15,9)",,False,51,"[10, 6, 15, 2, 9]",6,0.091924255082149,-103,46,10,0.165278938085955,149,1
204,"(3,1)",,False,51,"[7, 14, 3, 18, 1]",6,0.09675577833472501,-105,46,10,0.16950710108604802,151,1
205,"(3,1)",,False,51,"[7, 14, 3, 18, 1]",6,0.09675577833472501,-105,46,10,0.16950710108604802,151,1
206,"(17,0)",,False,51,"[17, 0, 7, 4, 15]",5,0.05928710665552701,-107,46,10,0.164877471456418,153,1
207,"(17,0)",,False,51,"[17, 0, 7, 4, 15]",5,0.05928710665552701,-107,46,10,0.164877471456418,153,1
208,"(13,7)",,False,49,"[13, 15, 1, 9, 7]",5,0.06330177295089501,-109,46,9,0.16307203193168102,155,1
209,"(13,7)",,False,49,"[13, 15, 1, 9, 7]",5,0.06330177295089501,-109,46,9,0.16307203193168102,155,1
210,"(14,1)",,False,49,"[8, 14, 1, 19, 2]",5,0.059904390606144005,-111,46,9,0.14679522881277202,157,1
211,"(14,1)",,False,49,"[8, 14, 1, 19, 2]",5,0.059904390606144005,-111,46,9,0.14679522881277202,157,1
212,"(0,14)",,False,49,"[10, 0, 14, 17, 5]",4,0.048206374522163004,-113,46,9,0.129412546517809,159,1
213,"(0,14)",,False,49,"[10, 0, 14, 17, 5]",4,0.048206374522163004,-113,46,9,0.129412546517809,159,1
214,"(0,16)",,False,49,"[12, 0, 8, 19, 16]",3,0.017460317460317003,-115,46,9,0.123628515733778,161,1
215,"(0,16)",,False,49,"[12, 0, 8, 19, 16]",3,0.017460317460317003,-115,46,9,0.123628515733778,161,1
216,"(7,18)",,False,49,"[19, 7, 5, 11, 18]",3,0.017460317460317003,-117,46,9,0.114213564213564,163,1
217,"(7,18)",,False,49,"[19, 7, 5, 11, 18]",3,0.017460317460317003,-117,46,9,0.114213564213564,163,1
218,"(2,5)",,False,47,"[13, 2, 19, 12, 5]",3,0.017460317460317003,-119,46,8,0.10435811751601201,165,1
219,"(2,5)",,False,47,"[13, 2, 19, 12, 5]",3,0.017460317460317003,-119,46,8,0.10435811751601201,165,1
220,"(1,19)",,False,49,"[18, 11, 1, 15, 19]",3,0.01735588972431,-121,46,9,0.10978139793929201,167,1
221,"(1,19)",,False,49,"[18, 11, 1, 15, 19]",3,0.01735588972431,-121,46,9,0.10978139793929201,167,1
222,"(8,14)",,False,47,"[18, 9, 3, 8, 14]",3,0.01735588972431,-123,46,8,0.097312093364724,169,1
223,"(8,14)",,False,47,"[18, 9, 3, 8, 14]",3,0.01735588972431,-123,46,8,0.097312093364724,169,1
224,"(17,1)",,False,49,"[18, 9, 15, 17, 1]",3,0.01735588972431,-125,46,9,0.11102524830595001,171,1
225,"(17,1)",,False,49,"[18, 9, 15, 17, 1]",3,0.01735588972431,-125,46,9,0.11102524830595001,171,1
226,"(0,6)",,False,49,"[19, 0, 6, 16, 12]",2,0.005847953216374001,-127,46,9,0.11271349670472401,173,1
227,"(0,6)",,False,49,"[19, 0, 6, 16, 12]",2,0.005847953216374001,-127,46,9,0.11271349670472401,173,1
228,"(17,9)",,False,47,"[2, 17, 7, 11, 9]",2,0.005847953216374001,-129,46,8,0.10322101550171701,175,1
229,"(17,9)",,False,47,"[2, 17, 7, 11, 9]",2,0.005847953216374001,-129,46,8,0.10322101550171701,175,1
230,"(0,13)",,False,47,"[12, 0, 19, 13, 4]",1,0.0,-131,46,8,0.07900074259723301,177,1
231,"(0,13)",,False,47,"[12, 0, 19, 13, 4]",1,0.0,-131,46,8,0.07900074259723301,177,1
232,"(3,17)",,False,47,"[12, 19, 9, 3, 17]",1,0.0,-133,46,8,0.06969507101086,179,1
233,"(3,17)",,False,47,"[12, 19, 9, 3, 17]",1,0.0,-133,46,8,0.06969507101086,179,1
234,"(11,8)",,False,47,"[3, 13, 11, 8, 10]",1,0.0,-135,46,8,0.07645502645502601,181,1
235,"(11,8)",,False,47,"[3, 13, 11, 8, 10]",1,0.0,-135,46,8,0.07645502645502601,181,1
236,"(10,5)",,False,47,"[12, 13, 19, 10, 5]",1,0.0,-137,46,8,0.067174881648565,183,1
237,"(10,5)",,False,47,"[12, 13, 19, 10, 5]",1,0.0,-137,46,8,0.067174881648565,183,1
238,"(15,9)",,False,47,"[4, 15, 19, 9, 14]",1,0.0,-139,46,8,0.07637612549893201,185,1
239,"(15,9)",,False,47,"[4, 15, 19, 9, 14]",1,0.0,-139,46,8,0.07637612549893201,185,1
240,"(15,8)",,False,47,"[15, 5, 12, 8, 2]",1,0.0,-141,46,8,0.124761398445608,187,1
241,"(15,8)",,False,47,"[15, 5, 12, 8, 2]",1,0.0,-141,46,8,0.124761398445608,187,1
242,"(16,17)",,False,49,"[16, 10, 17, 11, 14]",1,0.0,-143,46,8,0.11540652234666601,189,1
243,"(16,17)",,False,49,"[16, 10, 17, 11, 14]",1,0.0,-143,46,8,0.11540652234666601,189,1
244,"(9,7)",,False,47,"[10, 3, 9, 7, 0]",1,0.0,-145,46,7,0.10658654211285701,191,1
245,"(9,7)",,False,47,"[10, 3, 9, 7, 0]",1,0.0,-145,46,7,0.10658654211285701,191,1
246,"(5,7)",,False,45,"[10, 12, 5, 0, 7]",1,0.0,-147,46,6,0.09830362944398001,193,1
247,"(5,7)",,False,45,"[10, 12, 5, 0, 7]",1,0.0,-147,46,6,0.09830362944398001,193,1
248,"(16,1)",,False,47,"[16, 2, 19, 7, 1]",1,0.0,-149,46,7,0.099803169540011,195,1
249,"(16,1)",,False,47,"[16, 2, 19, 7, 1]",1,0.0,-149,46,7,0.099803169540011,195,1
250,"(9,14)",,False,47,"[8, 9, 7, 16, 14]",1,0.0,-151,46,7,0.09945697577276501,197,1
251,"(9,14)",,False,47,"[8, 9, 7, 16, 14]",1,0.0,-151,46,7,0.09945697577276501,197,1
252,"(17,8)",,False,47,"[17, 8, 5, 13, 0]",1,0.0,-153,46,7,0.08915808038615,199,1
253,"(17,8)",,False,47,"[17, 8, 5, 13, 0]",1,0.0,-153,46,7,0.08915808038615,199,1
254,"(18,5)",,False,47,"[16, 18, 9, 5, 4]",1,0.0,-155,46,7,0.101044277360066,201,1
255,"(18,5)",,False,47,"[16, 18, 9, 5, 4]",1,0.0,-155,46,7,0.101044277360066,201,1
256,"(6,10)",,False,47,"[3, 6, 10, 12, 17]",1,0.0,-157,46,7,0.093191311612364,203,1
257,"(6,10)",,False,47,"[3, 6, 10, 12, 17]",1,0.0,-157,46,7,0.093191311612364,203,1
258,"(1,7)",,False,49,"[1, 8, 16, 7, 19]",1,0.0,-159,46,8,0.11078390420495601,205,1
259,"(1,7)",,False,49,"[1, 8, 16, 7, 19]",1,0.0,-159,46,8,0.11078390420495601,205,1
260,"(14,7)",,False,47,"[8, 18, 0, 14, 7]",1,0.0,-161,46,7,0.10175438596491201,207,1
261,"(14,7)",,False,47,"[8, 18, 0, 14, 7]",1,0.0,-161,46,7,0.10175438596491201,207,1
262,"(6,1)",,False,49,"[16, 6, 8, 15, 1]",1,0.0,-163,46,8,0.11901977165135001,209,1
263,"(6,1)",,False,49,"[16, 6, 8, 15, 1]",1,0.0,-163,46,8,0.11901977165135001,209,1
264,"(6,2)",,False,49,"[4, 6, 10, 17, 2]",1,0.0,-165,46,8,0.11901977165135001,211,1
265,"(6,2)",,False,49,"[4, 6, 10, 17, 2]",1,0.0,-165,46,8,0.11901977165135001,211,1
266,"(13,15)",,False,47,"[17, 18, 13, 15, 5]",1,0.0,-167,46,7,0.10402394876079,213,1
267,"(13,15)",,False,47,"[17, 18, 13, 15, 5]",1,0.0,-167,46,7,0.10402394876079,213,1
268,"(13,1)",,False,49,"[14, 9, 13, 1, 15]",1,0.0,-169,46,8,0.122326649958228,215,1
269,"(13,1)",,False,49,"[14, 9, 13, 1, 15]",1,0.0,-169,46,8,0.122326649958228,215,1
270,"(10,16)",,False,49,"[9, 10, 16, 5, 3]",1,0.0,-171,46,8,0.11638123085491502,217,1
271,"(10,16)",,False,49,"[9, 10, 16, 5, 3]",1,0.0,-171,46,8,0.11638123085491502,217,1
272,"(4,1)",,False,51,"[4, 7, 17, 10, 1]",1,0.0,-173,46,9,0.128065534205885,219,1
273,"(4,1)",,False,51,"[4, 7, 17, 10, 1]",1,0.0,-173,46,9,0.128065534205885,219,1
274,"(8,9)",,False,51,"[11, 5, 3, 8, 9]",1,0.0,-175,46,9,0.13170426065162902,221,1
275,"(8,9)",,False,51,"[11, 5, 3, 8, 9]",1,0.0,-175,46,9,0.13170426065162902,221,1
276,"(13,6)",,False,51,"[17, 13, 9, 4, 6]",1,0.0,-177,46,9,0.14005847953216302,223,1
277,"(13,6)",,False,51,"[17, 13, 9, 4, 6]",1,0.0,-177,46,9,0.14005847953216302,223,1
278,"(12,11)",,False,49,"[12, 11, 9, 5, 2]",1,0.0,-179,46,8,0.12446393762183201,225,1
279,"(12,11)",,False,49,"[12, 11, 9, 5, 2]",1,0.0,-179,46,8,0.12446393762183201,225,1
280,"(5,9)",,False,47,"[5, 9, 13, 11, 8]",1,0.0,-181,46,7,0.08795457304229201,227,1
281,"(5,9)",,False,47,"[5, 9, 13, 11, 8]",1,0.0,-181,46,7,0.08795457304229201,227,1
282,"(4,19)",,False,47,"[15, 6, 4, 12, 19]",1,0.0,-183,46,7,0.09755913352404501,229,1
283,"(4,19)",,False,47,"[15, 6, 4, 12, 19]",1,0.0,-183,46,7,0.09755913352404501,229,1
284,"(0,1)",,False,49,"[15, 0, 14, 1, 17]",2,0.004304743339831,-185,46,8,0.15492941106976102,231,1
285,"(0,1)",,False,49,"[15, 0, 14, 1, 17]",2,0.004304743339831,-185,46,8,0.15492941106976102,231,1
286,"(19,16)",,False,49,"[19, 11, 15, 6, 16]",2,0.004304743339831,-187,46,8,0.15179193775685001,233,1
287,"(19,16)",,False,49,"[19, 11, 15, 6, 16]",2,0.004304743339831,-187,46,8,0.15179193775685001,233,1
288,"(7,17)",,False,47,"[14, 7, 17, 16, 12]",2,0.004385964912280001,-189,46,7,0.143363459152932,235,1
289,"(7,17)",,False,47,"[14, 7, 17, 16, 12]",2,0.004385964912280001,-189,46,7,0.143363459152932,235,1
290,"(3,11)",,False,47,"[17, 3, 4, 5, 11]",2,0.0047340573656360005,-191,46,7,0.137134502923976,237,1
291,"(3,11)",,False,47,"[17, 3, 4, 5, 11]",2,0.0047340573656360005,-191,46,7,0.137134502923976,237,1
292,"(11,0)",,True,47,"[11, 0, 12, 1, 4]",1,0.0,-193,46,7,0.15875800612642701,239,1
293,"(11,0)",,True,47,"[11, 0, 12, 1, 4]",1,0.0,-193,46,7,0.15875800612642701,239,1
294,"(18,11)",,False,47,"[6, 14, 18, 11, 9]",1,0.0,-195,46,7,0.154258752942963,241,1
295,"(18,11)",,False,47,"[6, 14, 18, 11, 9]",1,0.0,-195,46,7,0.154258752942963,241,1
296,"(15,4)",,True,45,"[15, 3, 4, 2, 18]",1,0.0,-197,46,6,0.156168198273461,243,1
297,"(15,4)",,True,45,"[15, 3, 4, 2, 18]",1,0.0,-197,46,6,0.156168198273461,243,1
298,"(8,3)",,False,45,"[15, 16, 8, 3, 5]",1,0.0,-199,46,6,0.148350041771094,245,1
299,"(8,3)",,False,45,"[15, 16, 8, 3, 5]",1,0.0,-199,46,6,0.148350041771094,245,1
300,"(17,15)",,False,45,"[17, 8, 19, 15, 5]",2,0.0,-201,46,6,0.10996936786410401,247,1
301,"(17,15)",,False,45,"[17, 8, 19, 15, 5]",2,0.0,-201,46,6,0.10996936786410401,247,1
302,"(3,19)",,False,45,"[12, 2, 5, 3, 19]",3,0.017543859649122,-203,46,6,0.09973544973544901,249,1
303,"(3,19)",,False,45,"[12, 2, 5, 3, 19]",3,0.017543859649122,-203,46,6,0.09973544973544901,249,1
304,"(3,1)",,False,47,"[3, 1, 15, 17, 12]",3,0.016569200779727,-205,46,7,0.14275271512113602,251,1
305,"(3,1)",,False,47,"[3, 1, 15, 17, 12]",3,0.016569200779727,-205,46,7,0.14275271512113602,251,1
306,"(4,12)",,False,47,"[3, 2, 4, 10, 12]",3,0.016569200779727,-207,46,7,0.15053606237816702,253,1
307,"(4,12)",,False,47,"[3, 2, 4, 10, 12]",3,0.016569200779727,-207,46,7,0.15053606237816702,253,1
308,"(9,2)",,False,49,"[19, 9, 16, 5, 2]",3,0.008479532163742,-209,46,7,0.144574398960363,255,1
309,"(9,2)",,False,49,"[19, 9, 16, 5, 2]",3,0.008479532163742,-209,46,7,0.144574398960363,255,1
310,"(7,10)",,False,49,"[7, 10, 5, 15, 16]",3,0.008479532163742,-211,46,7,0.10968161143599701,257,1
311,"(7,10)",,False,49,"[7, 10, 5, 15, 16]",3,0.008479532163742,-211,46,7,0.10968161143599701,257,1
312,"(6,1)",,False,51,"[3, 19, 6, 18, 1]",3,0.009454191033138,-213,46,8,0.13294811101828602,259,1
313,"(6,1)",,False,51,"[3, 19, 6, 18, 1]",3,0.009454191033138,-213,46,8,0.13294811101828602,259,1
314,"(0,17)",,False,51,"[0, 5, 17, 16, 19]",2,0.003467000835421,-215,46,8,0.15495683653578302,261,1
315,"(0,17)",,False,51,"[0, 5, 17, 16, 19]",2,0.003467000835421,-215,46,8,0.15495683653578302,261,1
316,"(4,8)",,False,51,"[3, 9, 16, 4, 8]",3,0.009941520467836001,-217,46,8,0.114902998236331,263,1
317,"(4,8)",,False,51,"[3, 9, 16, 4, 8]",3,0.009941520467836001,-217,46,8,0.114902998236331,263,1
318,2:10,assassinate,True,47,"[3, 11, 13, 18, 2]",2,0.0,-219,46,8,0.11087440824282901,265,1
319,2:10,assassinate,True,47,"[3, 11, 13, 18, 2]",2,0.0,-219,46,8,0.11087440824282901,265,1
320,"(16,17)",,False,47,"[8, 14, 16, 17, 12]",3,0.011417432470064002,-221,46,8,0.11975772765246401,267,1
321,"(16,17)",,False,47,"[8, 14, 16, 17, 12]",3,0.011417432470064002,-221,46,8,0.11975772765246401,267,1
322,"(6,16)",,False,47,"[6, 16, 8, 3, 15]",3,0.007309941520467001,-223,46,8,0.116722361459203,269,1
323,"(6,16)",,False,47,"[6, 16, 8, 3, 15]",3,0.007309941520467001,-223,46,8,0.116722361459203,269,1
324,"(11,3)",,False,47,"[17, 12, 11, 16, 3]",3,0.007309941520467001,-225,46,7,0.09016986911723701,271,1
325,"(11,3)",,False,47,"[17, 12, 11, 16, 3]",3,0.007309941520467001,-225,46,7,0.09016986911723701,271,1
326,"(4,6)",,False,47,"[4, 6, 9, 19, 10]",4,0.11306042884990201,-227,46,7,0.136424394319131,273,1
327,"(4,6)",,False,47,"[4, 6, 9, 19, 10]",4,0.11306042884990201,-227,46,7,0.136424394319131,273,1
328,"(17,0)",,False,47,"[5, 17, 0, 13, 4]",3,0.110136452241715,-229,46,7,0.21136173767752703,275,1
329,"(17,0)",,False,47,"[5, 17, 0, 13, 4]",3,0.110136452241715,-229,46,7,0.21136173767752703,275,1
330,"(1,11)",,False,47,"[1, 10, 6, 18, 11]",3,0.11846535530746001,-231,46,7,0.234029518240044,277,1
331,"(1,11)",,False,47,"[1, 10, 6, 18, 11]",3,0.11846535530746001,-231,46,7,0.234029518240044,277,1
332,"(4,5)",,False,49,"[4, 16, 5, 3, 15]",3,0.11700336700336701,-233,46,7,0.2140768588137,279,1
333,"(4,5)",,False,49,"[4, 16, 5, 3, 15]",3,0.11700336700336701,-233,46,7,0.2140768588137,279,1
334,"(14,18)",,False,49,"[7, 14, 11, 18, 6]",3,0.116494941056344,-235,46,7,0.19763297131718102,281,1
335,"(14,18)",,False,49,"[7, 14, 11, 18, 6]",3,0.116494941056344,-235,46,7,0.19763297131718102,281,1
336,"(16,8)",,False,49,"[17, 10, 16, 12, 8]",3,0.10994152046783601,-237,46,7,0.19523809523809502,283,1
337,"(16,8)",,False,49,"[17, 10, 16, 12, 8]",3,0.10994152046783601,-237,46,7,0.19523809523809502,283,1
338,"(18,1)",,False,51,"[18, 7, 10, 1, 5]",4,0.11423001949317702,-239,46,8,0.16447368421052602,285,1
339,"(18,1)",,False,51,"[18, 7, 10, 1, 5]",4,0.11423001949317702,-239,46,8,0.16447368421052602,285,1
340,"(10,9)",,False,51,"[17, 10, 14, 0, 9]",4,0.11423001949317702,-241,46,8,0.150363281942229,287,1
341,"(10,9)",,False,51,"[17, 10, 14, 0, 9]",4,0.11423001949317702,-241,46,8,0.150363281942229,287,1
342,"(12,8)",,False,51,"[7, 12, 18, 5, 8]",4,0.11243386243386201,-239,48,7,0.10790866054023901,287,1
343,"(12,8)",,False,51,"[7, 12, 18, 5, 8]",4,0.11243386243386201,-239,48,7,0.10790866054023901,287,1
344,"(7,19)",,False,51,"[7, 19, 17, 5, 6]",4,0.112573099415204,-237,50,7,0.11176552492341901,287,1
345,"(7,19)",,False,51,"[7, 19, 17, 5, 6]",4,0.112573099415204,-237,50,7,0.11176552492341901,287,1
346,"(5,9)",,False,53,"[5, 9, 18, 7, 3]",5,0.156042884990253,-235,52,7,0.121915900863269,287,1
347,"(5,9)",,False,53,"[5, 9, 18, 7, 3]",5,0.156042884990253,-235,52,7,0.121915900863269,287,1
348,"(19,16)",,False,53,"[13, 19, 15, 6, 16]",5,0.125055694792536,-233,54,6,0.07437343358395901,287,1
349,"(19,16)",,False,53,"[13, 19, 15, 6, 16]",5,0.125055694792536,-233,54,6,0.07437343358395901,287,1
350,"(0,13)",,False,53,"[16, 0, 15, 12, 13]",5,0.125055694792536,-231,56,6,0.07437343358395901,287,1
351,"(0,13)",,False,53,"[16, 0, 15, 12, 13]",5,0.125055694792536,-231,56,6,0.07437343358395901,287,1
352,"(2,13)",,False,53,"[10, 2, 4, 5, 13]",5,0.048057644110275,-231,57,6,0.05127401837928101,288,1
353,"(2,13)",,False,53,"[10, 2, 4, 5, 13]",5,0.048057644110275,-231,57,6,0.05127401837928101,288,1
354,"(19,3)",,False,55,"[19, 9, 6, 4, 3]",6,0.05756056808688301,-229,59,6,0.039431913116123006,288,1
355,"(19,3)",,False,55,"[19, 9, 6, 4, 3]",6,0.05756056808688301,-229,59,6,0.039431913116123006,288,1
356,"(13,8)",,False,55,"[0, 13, 8, 14, 5]",6,0.055416318574213,-227,61,6,0.039431913116123006,288,1
357,"(13,8)",,False,55,"[0, 13, 8, 14, 5]",6,0.055416318574213,-227,61,6,0.039431913116123006,288,1
358,"(3,17)",,False,55,"[18, 14, 13, 3, 17]",6,0.054594820384294,-225,63,6,0.044555834029518,288,1
359,"(3,17)",,False,55,"[18, 14, 13, 3, 17]",6,0.054594820384294,-225,63,6,0.044555834029518,288,1
360,"(11,1)",,False,57,"[5, 11, 19, 1, 6]",7,0.06575698505523,-223,65,7,0.050941099186713,288,1
361,"(11,1)",,False,57,"[5, 11, 19, 1, 6]",7,0.06575698505523,-223,65,7,0.050941099186713,288,1
362,"(1,2)",,False,57,"[11, 14, 1, 2, 15]",7,0.054611064698784004,-223,66,8,0.07665584902427,289,1
363,"(1,2)",,False,57,"[11, 14, 1, 2, 15]",7,0.054611064698784004,-223,66,8,0.07665584902427,289,1
364,"(16,2)",,False,57,"[16, 2, 19, 15, 11]",7,0.05488067812629201,-225,66,8,0.078787878787878,291,1
365,"(16,2)",,False,57,"[16, 2, 19, 15, 11]",7,0.05488067812629201,-225,66,8,0.078787878787878,291,1
366,"(0,12)",,False,57,"[0, 12, 2, 8, 7]",6,0.035255225606102,-227,66,8,0.083285233285233,293,1
367,"(0,12)",,False,57,"[0, 12, 2, 8, 7]",6,0.035255225606102,-227,66,8,0.083285233285233,293,1
368,"(7,6)",,False,59,"[7, 11, 4, 6, 10]",7,0.04710351377018,-229,66,8,0.07786024891288,295,1
369,"(7,6)",,False,59,"[7, 11, 4, 6, 10]",7,0.04710351377018,-229,66,8,0.07786024891288,295,1
370,"(13,6)",,False,59,"[14, 13, 8, 3, 6]",7,0.046783625730994004,-231,66,8,0.08196881091617901,297,1
371,"(13,6)",,False,59,"[14, 13, 8, 3, 6]",7,0.046783625730994004,-231,66,8,0.08196881091617901,297,1
372,"(1,7)",,False,59,"[12, 1, 14, 7, 19]",7,0.054038505354294004,-233,66,9,0.11773014185294801,299,1
373,"(1,7)",,False,59,"[12, 1, 14, 7, 19]",7,0.054038505354294004,-233,66,9,0.11773014185294801,299,1
374,"(12,6)",,False,59,"[12, 15, 14, 0, 6]",7,0.053948001316422,-235,66,9,0.11695041475743201,301,1
375,"(12,6)",,False,59,"[12, 15, 14, 0, 6]",7,0.053948001316422,-235,66,9,0.11695041475743201,301,1
376,"(3,4)",,False,57,"[3, 9, 4, 17, 19]",7,0.07199248120300701,-237,66,8,0.091360345307713,303,1
377,"(3,4)",,False,57,"[3, 9, 4, 17, 19]",7,0.07199248120300701,-237,66,8,0.091360345307713,303,1
378,5:12,assassinate,True,50,"[7, 12, 10, 0, 5]",6,0.05621925183328601,-239,66,7,0.08318481388656801,305,1
379,5:12,assassinate,True,50,"[7, 12, 10, 0, 5]",6,0.05621925183328601,-239,66,7,0.08318481388656801,305,1
380,"(19,1)",,False,52,"[9, 7, 19, 3, 1]",6,0.049150654413812,-241,66,8,0.09324763930027001,307,1
381,"(19,1)",,False,52,"[9, 7, 19, 3, 1]",6,0.049150654413812,-241,66,8,0.09324763930027001,307,1
382,"(16,1)",,True,52,"[16, 18, 1, 9, 19]",6,0.048050682261208004,-243,66,9,0.138847750689855,309,1
383,"(16,1)",,True,52,"[16, 18, 1, 9, 19]",6,0.048050682261208004,-243,66,9,0.138847750689855,309,1
384,"(0,11)",,False,52,"[0, 14, 7, 11, 12]",6,0.138401559454191,-245,66,9,0.17435782216483903,311,1
385,"(0,11)",,False,52,"[0, 14, 7, 11, 12]",6,0.138401559454191,-245,66,9,0.17435782216483903,311,1
386,"(11,1)",,False,52,"[11, 10, 1, 9, 6]",6,0.14391534391534302,-247,66,9,0.17940220922677003,313,1
387,"(11,1)",,False,52,"[11, 10, 1, 9, 6]",6,0.14391534391534302,-247,66,9,0.17940220922677003,313,1
388,"(5,1)",,False,54,"[3, 10, 9, 5, 1]",6,0.067121507472384,-249,66,10,0.215640954237445,315,1
389,"(5,1)",,False,54,"[3, 10, 9, 5, 1]",6,0.067121507472384,-249,66,10,0.215640954237445,315,1
390,"(12,13)",,False,54,"[15, 12, 10, 13, 2]",6,0.05990903183885601,-251,66,10,0.19070825211176,317,1
391,"(12,13)",,False,54,"[15, 12, 10, 13, 2]",6,0.05990903183885601,-251,66,10,0.19070825211176,317,1
392,"(12,8)",,False,54,"[12, 11, 14, 8, 7]",6,0.05805717998700401,-253,66,10,0.180929174788823,319,1
393,"(12,8)",,False,54,"[12, 11, 14, 8, 7]",6,0.05805717998700401,-253,66,10,0.180929174788823,319,1
394,"(16,0)",,True,54,"[15, 4, 16, 0, 2]",5,0.039097744360902006,-255,66,10,0.18799819413854502,321,1
395,"(16,0)",,True,54,"[15, 4, 16, 0, 2]",5,0.039097744360902006,-255,66,10,0.18799819413854502,321,1
396,"(0,19)",,False,52,"[11, 0, 19, 16, 1]",4,0.033639654692286004,-257,66,9,0.17366564559547001,323,1
397,"(0,19)",,False,52,"[11, 0, 19, 16, 1]",4,0.033639654692286004,-257,66,9,0.17366564559547001,323,1
398,"(12,19)",,False,54,"[16, 6, 14, 12, 19]",4,0.033152325257588,-259,66,9,0.17163974751694,325,1
399,"(12,19)",,False,54,"[16, 6, 14, 12, 19]",4,0.033152325257588,-259,66,9,0.17163974751694,325,1
400,"(18,12)",,False,52,"[9, 18, 12, 3, 7]",4,0.036726074445372,-261,66,9,0.17265617748073803,327,1
401,"(18,12)",,False,52,"[9, 18, 12, 3, 7]",4,0.036726074445372,-261,66,9,0.17265617748073803,327,1
402,"(13,4)",,False,52,"[13, 4, 8, 16, 0]",4,0.041493042370235,-263,66,9,0.170267841320472,329,1
403,"(13,4)",,False,52,"[13, 4, 8, 16, 0]",4,0.041493042370235,-263,66,9,0.170267841320472,329,1
404,"(4,17)",,False,54,"[4, 7, 11, 17, 15]",4,0.038415483152325,-265,66,9,0.16397981485700702,331,1
405,"(4,17)",,False,54,"[4, 7, 11, 17, 15]",4,0.038415483152325,-265,66,9,0.16397981485700702,331,1
406,"(4,1)",,False,54,"[10, 4, 1, 9, 15]",4,0.088996797549429,-267,66,10,0.24162362978152402,333,1
407,"(4,1)",,False,54,"[10, 4, 1, 9, 15]",4,0.088996797549429,-267,66,10,0.24162362978152402,333,1
408,"(3,0)",,False,54,"[1, 8, 17, 3, 0]",3,0.061161320810443,-269,66,10,0.29821802628820104,335,1
409,"(3,0)",,False,54,"[1, 8, 17, 3, 0]",3,0.061161320810443,-269,66,10,0.29821802628820104,335,1
410,"(18,19)",,False,54,"[6, 15, 18, 19, 0]",3,0.061421229842282,-271,66,10,0.296400091136933,337,1
411,"(18,19)",,False,54,"[6, 15, 18, 19, 0]",3,0.061421229842282,-271,66,10,0.296400091136933,337,1
412,"(7,6)",,False,54,"[7, 15, 12, 6, 17]",4,0.07964319630986301,-273,66,10,0.24654549479110802,339,1
413,"(7,6)",,False,54,"[7, 15, 12, 6, 17]",4,0.07964319630986301,-273,66,10,0.24654549479110802,339,1
414,"(14,1)",,False,56,"[17, 0, 14, 1, 8]",4,0.05295182400445501,-275,66,11,0.21817042606516202,341,1
415,"(14,1)",,False,56,"[17, 0, 14, 1, 8]",4,0.05295182400445501,-275,66,11,0.21817042606516202,341,1
416,"(2,5)",,False,56,"[2, 17, 12, 3, 5]",4,0.018689083820662002,-277,66,10,0.151524644945697,343,1
417,"(2,5)",,False,56,"[2, 17, 12, 3, 5]",4,0.018689083820662002,-277,66,10,0.151524644945697,343,1
418,"(15,3)",,False,56,"[15, 0, 9, 7, 3]",5,0.033138401559454,-279,66,10,0.15238559361366302,345,1
419,"(15,3)",,False,56,"[15, 0, 9, 7, 3]",5,0.033138401559454,-279,66,10,0.15238559361366302,345,1
420,"(17,6)",,False,56,"[19, 17, 6, 8, 13]",5,0.033436532507739,-281,66,10,0.154836909068075,347,1
421,"(17,6)",,False,56,"[19, 17, 6, 8, 13]",5,0.033436532507739,-281,66,10,0.154836909068075,347,1
422,"(1,15)",,False,58,"[1, 4, 12, 17, 15]",6,0.053392405095191005,-283,66,11,0.175324056748205,349,1
423,"(1,15)",,False,58,"[1, 4, 12, 17, 15]",6,0.053392405095191005,-283,66,11,0.175324056748205,349,1
424,"(1,7)",,False,60,"[17, 1, 4, 7, 9]",7,0.061353547266859,-285,66,12,0.215610865456066,351,1
425,"(1,7)",,False,60,"[17, 1, 4, 7, 9]",7,0.061353547266859,-285,66,12,0.215610865456066,351,1
426,"(8,7)",,False,60,"[8, 4, 7, 14, 18]",7,0.061353547266859,-287,66,12,0.215610865456066,353,1
427,"(8,7)",,False,60,"[8, 4, 7, 14, 18]",7,0.061353547266859,-287,66,12,0.215610865456066,353,1
428,"(13,7)",,False,60,"[12, 3, 18, 13, 7]",7,0.063349033057359,-289,66,12,0.25876097224883204,355,1
429,"(13,7)",,False,60,"[12, 3, 18, 13, 7]",7,0.063349033057359,-289,66,12,0.25876097224883204,355,1
430,"(17,15)",,False,58,"[16, 7, 17, 10, 15]",7,0.093935000900945,-291,66,12,0.27552668063503905,357,1
431,"(17,15)",,False,58,"[16, 7, 17, 10, 15]",7,0.093935000900945,-291,66,12,0.27552668063503905,357,1
432,"(17,4)",,False,58,"[16, 6, 17, 14, 4]",7,0.09470244238046001,-293,66,12,0.266036005045292,359,1
433,"(17,4)",,False,58,"[16, 6, 17, 14, 4]",7,0.09470244238046001,-293,66,12,0.266036005045292,359,1
434,"(13,19)",,False,58,"[11, 16, 13, 19, 1]",7,0.087446557570396,-295,66,12,0.256596147230822,361,1
435,"(13,19)",,False,58,"[11, 16, 13, 19, 1]",7,0.087446557570396,-295,66,12,0.256596147230822,361,1
436,"(4,6)",,False,58,"[11, 12, 9, 4, 6]",7,0.096714007240323,-297,66,11,0.229643553327763,363,1
437,"(4,6)",,False,58,"[11, 12, 9, 4, 6]",7,0.096714007240323,-297,66,11,0.229643553327763,363,1
438,"(14,3)",,False,56,"[14, 18, 8, 11, 3]",7,0.112037669932406,-299,66,10,0.215275562643983,365,1
439,"(14,3)",,False,56,"[14, 18, 8, 11, 3]",7,0.112037669932406,-299,66,10,0.215275562643983,365,1
440,13:22,assassinate,True,46,"[11, 13, 8, 10, 16]",7,0.12243107769423502,-301,66,10,0.25155017172561,367,1
441,13:22,assassinate,True,46,"[11, 13, 8, 10, 16]",7,0.12243107769423502,-301,66,10,0.25155017172561,367,1
442,"(1,12)",,False,48,"[19, 1, 9, 12, 15]",7,0.115399610136452,-303,66,11,0.259974009096816,369,1
443,"(1,12)",,False,48,"[19, 1, 9, 12, 15]",7,0.115399610136452,-303,66,11,0.259974009096816,369,1
444,"(7,15)",,False,48,"[7, 2, 11, 15, 10]",7,0.107602339181286,-305,66,10,0.202956465237166,371,1
445,"(7,15)",,False,48,"[7, 2, 11, 15, 10]",7,0.107602339181286,-305,66,10,0.202956465237166,371,1
446,"(2,1)",,False,50,"[2, 9, 19, 1, 14]",7,0.074672793093845,-307,66,11,0.202455212104334,373,1
447,"(2,1)",,False,50,"[2, 9, 19, 1, 14]",7,0.074672793093845,-307,66,11,0.202455212104334,373,1
448,"(13,15)",,False,50,"[9, 7, 16, 13, 15]",7,0.11306042884990201,-309,66,10,0.21270305393112401,375,1
449,"(13,15)",,False,50,"[9, 7, 16, 13, 15]",7,0.11306042884990201,-309,66,10,0.21270305393112401,375,1
450,"(15,7)",,False,50,"[6, 15, 7, 3, 8]",7,0.11306042884990201,-311,66,10,0.21270305393112401,377,1
451,"(15,7)",,False,50,"[6, 15, 7, 3, 8]",7,0.11306042884990201,-311,66,10,0.21270305393112401,377,1
452,"(5,0)",,False,50,"[8, 5, 0, 16, 6]",6,0.08855472013366701,-313,66,10,0.22875707787988403,379,1
453,"(5,0)",,False,50,"[8, 5, 0, 16, 6]",6,0.08855472013366701,-313,66,10,0.22875707787988403,379,1
454,"(6,2)",,False,52,"[8, 6, 2, 4, 18]",6,0.06080478975215801,-315,66,10,0.195743989603638,381,1
455,"(6,2)",,False,52,"[8, 6, 2, 4, 18]",6,0.06080478975215801,-315,66,10,0.195743989603638,381,1
456,"(15,9)",,False,52,"[8, 13, 15, 16, 9]",6,0.065107212475633,-317,66,10,0.19652371669915503,383,1
457,"(15,9)",,False,52,"[8, 13, 15, 16, 9]",6,0.065107212475633,-317,66,10,0.19652371669915503,383,1
458,"(16,5)",,False,52,"[4, 16, 2, 10, 5]",6,0.076589622203657,-319,66,10,0.191019214703425,385,1
459,"(16,5)",,False,52,"[4, 16, 2, 10, 5]",6,0.076589622203657,-319,66,10,0.191019214703425,385,1
460,"(2,0)",,False,50,"[9, 17, 2, 0, 13]",5,0.037074166898728,-321,66,9,0.17010582010582,387,1
461,"(2,0)",,False,50,"[9, 17, 2, 0, 13]",5,0.037074166898728,-321,66,9,0.17010582010582,387,1
462,"(1,6)",,False,52,"[1, 6, 5, 0, 9]",5,0.025614963334261002,-323,66,10,0.199828274389677,389,1
463,"(1,6)",,False,52,"[1, 6, 5, 0, 9]",5,0.025614963334261002,-323,66,10,0.199828274389677,389,1
464,"(13,1)",,False,52,"[13, 19, 2, 1, 10]",5,0.022723475355054003,-325,66,10,0.20349484823169,391,1
465,"(13,1)",,False,52,"[13, 19, 2, 1, 10]",5,0.022723475355054003,-325,66,10,0.20349484823169,391,1
466,"(11,3)",,False,52,"[7, 8, 11, 12, 3]",6,0.038025619604566005,-327,66,10,0.197591200222779,393,1
467,"(11,3)",,False,52,"[7, 8, 11, 12, 3]",6,0.038025619604566005,-327,66,10,0.197591200222779,393,1
468,"(6,13)",,False,54,"[6, 13, 3, 11, 14]",7,0.050612642717905006,-329,66,10,0.19204956836535703,395,1
469,"(6,13)",,False,54,"[6, 13, 3, 11, 14]",7,0.050612642717905006,-329,66,10,0.19204956836535703,395,1
470,"(4,0)",,False,52,"[4, 13, 8, 0, 9]",6,0.033133760326742,-331,66,9,0.16089529379003,397,1
471,"(4,0)",,False,52,"[4, 13, 8, 0, 9]",6,0.033133760326742,-331,66,9,0.16089529379003,397,1
472,"(18,11)",,False,50,"[12, 18, 17, 11, 10]",6,0.058987747145641006,-333,66,9,0.181488443330548,399,1
473,"(18,11)",,False,50,"[12, 18, 17, 11, 10]",6,0.058987747145641006,-333,66,9,0.181488443330548,399,1
474,"(6,3)",,False,50,"[8, 17, 6, 3, 11]",6,0.057583774250440006,-335,66,9,0.16457579133017702,401,1
475,"(6,3)",,False,50,"[8, 17, 6, 3, 11]",6,0.057583774250440006,-335,66,9,0.16457579133017702,401,1
476,"(7,6)",,False,52,"[13, 7, 11, 6, 12]",6,0.034929917386057004,-337,66,9,0.148925554627309,403,1
477,"(7,6)",,False,52,"[13, 7, 11, 6, 12]",6,0.034929917386057004,-337,66,9,0.148925554627309,403,1
478,"(19,0)",,False,50,"[6, 12, 19, 0, 1]",5,0.020783440081685003,-339,66,8,0.11778752436647101,405,1
479,"(19,0)",,False,50,"[6, 12, 19, 0, 1]",5,0.020783440081685003,-339,66,8,0.11778752436647101,405,1
480,"(1,16)",,False,52,"[13, 1, 3, 11, 16]",5,0.021038707880813003,-341,66,9,0.147173489278752,407,1
481,"(1,16)",,False,52,"[13, 1, 3, 11, 16]",5,0.021038707880813003,-341,66,9,0.147173489278752,407,1
482,"(7,1)",,False,52,"[16, 9, 7, 1, 5]",5,0.016508864754478002,-343,66,9,0.15129258331012702,409,1
483,"(7,1)",,False,52,"[16, 9, 7, 1, 5]",5,0.016508864754478002,-343,66,9,0.15129258331012702,409,1
484,10:12,assassinate,True,47,"[10, 7, 9, 8, 11]",5,0.018411770166156003,-345,66,9,0.162403694421238,411,1
485,10:12,assassinate,True,47,"[10, 7, 9, 8, 11]",5,0.018411770166156003,-345,66,9,0.162403694421238,411,1
486,"(8,0)",,False,47,"[18, 2, 8, 0, 12]",5,0.025211176088369,-347,66,9,0.137459389213775,413,1
487,"(8,0)",,False,47,"[18, 2, 8, 0, 12]",5,0.025211176088369,-347,66,9,0.137459389213775,413,1
488,"(9,11)",,False,45,"[9, 11, 14, 3, 7]",5,0.037440824282929004,-349,66,8,0.112580061264271,415,1
489,"(9,11)",,False,45,"[9, 11, 14, 3, 7]",5,0.037440824282929004,-349,66,8,0.112580061264271,415,1
490,"(19,11)",,False,43,"[17, 19, 11, 8, 6]",5,0.050946811473127004,-351,66,7,0.102791701475912,417,1
491,"(19,11)",,False,43,"[17, 19, 11, 8, 6]",5,0.050946811473127004,-351,66,7,0.102791701475912,417,1
492,"(3,16)",,False,43,"[3, 5, 17, 16, 18]",5,0.050185649308456,-353,66,7,0.109417061171447,419,1
493,"(3,16)",,False,43,"[3, 5, 17, 16, 18]",5,0.050185649308456,-353,66,7,0.109417061171447,419,1
494,"(2,9)",,False,43,"[2, 11, 14, 9, 19]",6,0.163977072310405,-351,68,7,0.15470388935301202,419,1
495,"(2,9)",,False,43,"[2, 11, 14, 9, 19]",6,0.163977072310405,-351,68,7,0.15470388935301202,419,1
496,"(2,6)",,False,41,"[18, 2, 3, 19, 6]",6,0.169330734243014,-351,69,7,0.220625638169497,420,1
497,"(2,6)",,False,41,"[18, 2, 3, 19, 6]",6,0.169330734243014,-351,69,7,0.220625638169497,420,1
498,"(19,17)",,False,43,"[2, 8, 7, 19, 17]",6,0.14974009096816102,-351,70,7,0.162438503666573,421,1
499,"(19,17)",,False,43,"[2, 8, 7, 19, 17]",6,0.14974009096816102,-351,70,7,0.162438503666573,421,1
500,"(17,8)",,False,45,"[12, 17, 16, 8, 2]",6,0.14106562703053901,-353,70,7,0.15171725610322,423,1
501,"(17,8)",,False,45,"[12, 17, 16, 8, 2]",6,0.14106562703053901,-353,70,7,0.15171725610322,423,1
502,"(16,4)",,False,43,"[2, 18, 16, 4, 5]",6,0.142527615334632,-353,71,6,0.156465237166991,424,1
503,"(16,4)",,False,43,"[2, 18, 16, 4, 5]",6,0.142527615334632,-353,71,6,0.156465237166991,424,1
504,"(18,2)",,False,43,"[18, 7, 19, 3, 2]",6,0.138327721661055,-351,73,5,0.048171776241951,424,1
505,"(18,2)",,False,43,"[18, 7, 19, 3, 2]",6,0.138327721661055,-351,73,5,0.048171776241951,424,1
506,"(19,14)",,False,43,"[0, 19, 9, 14, 17]",6,0.143395947781912,-349,75,5,0.055969047197117004,424,1
507,"(19,14)",,False,43,"[0, 19, 9, 14, 17]",6,0.143395947781912,-349,75,5,0.055969047197117004,424,1
508,"(7,13)",,False,45,"[7, 9, 13, 12, 18]",7,0.158795557918364,-347,77,5,0.043006084234154,424,1
509,"(7,13)",,False,45,"[7, 9, 13, 12, 18]",7,0.158795557918364,-347,77,5,0.043006084234154,424,1
510,"(1,6)",,False,45,"[1, 17, 12, 6, 15]",7,0.16120857699805002,-345,79,6,0.064035087719298,424,1
511,"(1,6)",,False,45,"[1, 17, 12, 6, 15]",7,0.16120857699805002,-345,79,6,0.064035087719298,424,1
512,"(1,9)",,False,47,"[13, 1, 8, 6, 9]",7,0.16122250069618402,-343,81,7,0.068212197159565,424,1
513,"(1,9)",,False,47,"[13, 1, 8, 6, 9]",7,0.16122250069618402,-343,81,7,0.068212197159565,424,1
514,"(7,5)",,False,49,"[7, 3, 11, 9, 5]",7,0.144880720319316,-341,83,7,0.057769423558897005,424,1
515,"(7,5)",,False,49,"[7, 3, 11, 9, 5]",7,0.144880720319316,-341,83,7,0.057769423558897005,424,1
516,"(14,8)",,False,49,"[3, 5, 14, 19, 8]",7,0.14447693307342402,-339,85,7,0.064230019493177,424,1
517,"(14,8)",,False,49,"[3, 5, 14, 19, 8]",7,0.14447693307342402,-339,85,7,0.064230019493177,424,1
518,"(13,19)",,False,49,"[13, 11, 19, 7, 8]",7,0.144964262508122,-337,87,7,0.071345029239766,424,1
519,"(13,19)",,False,49,"[13, 11, 19, 7, 8]",7,0.144964262508122,-337,87,7,0.071345029239766,424,1
520,"(10,15)",,False,51,"[17, 11, 2, 10, 15]",7,0.09665831244778601,-335,89,7,0.046693121693121,424,1
521,"(10,15)",,False,51,"[17, 11, 2, 10, 15]",7,0.09665831244778601,-335,89,7,0.046693121693121,424,1
522,"(4,0)",,False,51,"[4, 0, 15, 14, 7]",6,0.066699155295646,-333,91,7,0.056221572449642,424,1
523,"(4,0)",,False,51,"[4, 0, 15, 14, 7]",6,0.066699155295646,-333,91,7,0.056221572449642,424,1
524,"(10,1)",,False,51,"[5, 2, 8, 10, 1]",6,0.037134502923976,-333,92,7,0.07616959064327401,425,1
525,"(10,1)",,False,51,"[5, 2, 8, 10, 1]",6,0.037134502923976,-333,92,7,0.07616959064327401,425,1
526,"(1,17)",,False,53,"[7, 1, 17, 18, 11]",6,0.034851016429963,-335,92,8,0.09044834307992201,427,1
527,"(1,17)",,False,53,"[7, 1, 17, 18, 11]",6,0.034851016429963,-335,92,8,0.09044834307992201,427,1
528,"(0,6)",,False,53,"[0, 6, 18, 16, 8]",6,0.041228070175438,-337,92,8,0.09618553960659201,429,1
529,"(0,6)",,False,53,"[0, 6, 18, 16, 8]",6,0.041228070175438,-337,92,8,0.09618553960659201,429,1
530,"(16,18)",,False,55,"[16, 19, 18, 11, 8]",6,0.040643274853801,-339,92,8,0.09064622836552601,431,1
531,"(16,18)",,False,55,"[16, 19, 18, 11, 8]",6,0.040643274853801,-339,92,8,0.09064622836552601,431,1
532,"(13,6)",,False,53,"[13, 19, 6, 17, 16]",6,0.06467557783347201,-339,93,7,0.06585213032581401,432,1
533,"(13,6)",,False,53,"[13, 19, 6, 17, 16]",6,0.06467557783347201,-339,93,7,0.06585213032581401,432,1
534,"(10,1)",,False,55,"[5, 10, 19, 14, 1]",6,0.040253411306042,-339,94,8,0.09381091617933701,433,1
535,"(10,1)",,False,55,"[5, 10, 19, 14, 1]",6,0.040253411306042,-339,94,8,0.09381091617933701,433,1
536,"(1,3)",,False,57,"[17, 15, 6, 1, 3]",7,0.06395850737956,-341,94,9,0.09240694328413601,435,1
537,"(1,3)",,False,57,"[17, 15, 6, 1, 3]",7,0.06395850737956,-341,94,9,0.09240694328413601,435,1
538,"(18,14)",,False,55,"[13, 18, 6, 14, 7]",7,0.09067344286642501,-339,96,8,0.07027290448343,435,1
539,"(18,14)",,False,55,"[13, 18, 6, 14, 7]",7,0.09067344286642501,-339,96,8,0.07027290448343,435,1
540,"(7,9)",,False,57,"[14, 3, 7, 9, 5]",7,0.081646245242736,-337,98,8,0.060465979764225006,435,1
541,"(7,9)",,False,57,"[14, 3, 7, 9, 5]",7,0.081646245242736,-337,98,8,0.060465979764225006,435,1
542,"(1,10)",,False,59,"[11, 13, 2, 1, 10]",7,0.058129119094031005,-337,99,9,0.091446208112874,436,1
543,"(1,10)",,False,59,"[11, 13, 2, 1, 10]",7,0.058129119094031005,-337,99,9,0.091446208112874,436,1
544,"(5,0)",,False,59,"[18, 2, 17, 5, 0]",6,0.038499025341130005,-339,99,9,0.088638895217842,438,1
545,"(5,0)",,False,59,"[18, 2, 17, 5, 0]",6,0.038499025341130005,-339,99,9,0.088638895217842,438,1
546,"(1,12)",,False,61,"[1, 12, 9, 4, 7]",6,0.037686809616634,-341,99,10,0.098392445760866,440,1
547,"(1,12)",,False,61,"[1, 12, 9, 4, 7]",6,0.037686809616634,-341,99,10,0.098392445760866,440,1
548,"(16,1)",,False,63,"[6, 16, 9, 1, 19]",6,0.036211108579529,-343,99,11,0.12947330447330402,442,1
549,"(16,1)",,False,63,"[6, 16, 9, 1, 19]",6,0.036211108579529,-343,99,11,0.12947330447330402,442,1
550,"(10,0)",,False,61,"[16, 10, 0, 17, 12]",5,0.022196695442309,-345,99,10,0.127575088978597,444,1
551,"(10,0)",,False,61,"[16, 10, 0, 17, 12]",5,0.022196695442309,-345,99,10,0.127575088978597,444,1
552,"(3,12)",,False,59,"[13, 6, 3, 5, 12]",5,0.022528965511421,-347,99,9,0.10317697247521801,446,1
553,"(3,12)",,False,59,"[13, 6, 3, 5, 12]",5,0.022528965511421,-347,99,9,0.10317697247521801,446,1
554,"(2,1)",,False,59,"[2, 0, 4, 9, 1]",5,0.020751373382952,-349,99,9,0.080649856965646,448,1
555,"(2,1)",,False,59,"[2, 0, 4, 9, 1]",5,0.020751373382952,-349,99,9,0.080649856965646,448,1
556,"(8,0)",,False,59,"[8, 7, 13, 0, 15]",4,0.006530214424951001,-351,99,9,0.07585630743525401,450,1
557,"(8,0)",,False,59,"[8, 7, 13, 0, 15]",4,0.006530214424951001,-351,99,9,0.07585630743525401,450,1
558,"(9,14)",,False,57,"[15, 11, 9, 13, 14]",4,0.011208576998050002,-353,99,9,0.08271372876636,452,1
559,"(9,14)",,False,57,"[15, 11, 9, 13, 14]",4,0.011208576998050002,-353,99,9,0.08271372876636,452,1
560,"(7,6)",,False,55,"[7, 16, 15, 6, 11]",4,0.013157894736842,-355,99,8,0.079490392648287,454,1
561,"(7,6)",,False,55,"[7, 16, 15, 6, 11]",4,0.013157894736842,-355,99,8,0.079490392648287,454,1
562,13:10,assassinate,True,51,"[2, 14, 13, 18, 17]",3,0.004385964912280001,-357,99,8,0.085092360530957,456,1
563,13:10,assassinate,True,51,"[2, 14, 13, 18, 17]",3,0.004385964912280001,-357,99,8,0.085092360530957,456,1
564,"(3,7)",,False,51,"[14, 11, 18, 3, 7]",4,0.014814814814814002,-359,99,8,0.08533138401559401,458,1
565,"(3,7)",,False,51,"[14, 11, 18, 3, 7]",4,0.014814814814814002,-359,99,8,0.08533138401559401,458,1
566,"(2,13)",,False,53,"[3, 2, 11, 0, 13]",4,0.014480646059593,-361,99,8,0.084946161700547,460,1
567,"(2,13)",,False,53,"[3, 2, 11, 0, 13]",4,0.014480646059593,-361,99,8,0.084946161700547,460,1
568,"(1,13)",,False,55,"[12, 1, 19, 3, 13]",4,0.015455304928989002,-363,99,9,0.129783423204475,462,1
569,"(1,13)",,False,55,"[12, 1, 19, 3, 13]",4,0.015455304928989002,-363,99,9,0.129783423204475,462,1
570,"(10,17)",,False,57,"[10, 6, 15, 5, 17]",4,0.013505987190197001,-365,99,9,0.10385749727854901,464,1
571,"(10,17)",,False,57,"[10, 6, 15, 5, 17]",4,0.013505987190197001,-365,99,9,0.10385749727854901,464,1
572,"(0,9)",,False,55,"[19, 0, 15, 9, 10]",3,0.007658033973823,-367,99,8,0.09642625081221501,466,1
573,"(0,9)",,False,55,"[19, 0, 15, 9, 10]",3,0.007658033973823,-367,99,8,0.09642625081221501,466,1
574,"(2,13)",,False,55,"[2, 13, 15, 0, 5]",3,0.007504873294346,-369,99,8,0.109913673071567,468,1
575,"(2,13)",,False,55,"[2, 13, 15, 0, 5]",3,0.007504873294346,-369,99,8,0.109913673071567,468,1
576,"(4,1)",,False,57,"[4, 13, 1, 17, 2]",4,0.009551656920077001,-371,99,9,0.11920077972709502,470,1
577,"(4,1)",,False,57,"[4, 13, 1, 17, 2]",4,0.009551656920077001,-371,99,9,0.11920077972709502,470,1
578,"(12,18)",,False,57,"[12, 8, 14, 11, 18]",4,0.009217488164856001,-373,99,9,0.10378724589250901,472,1
579,"(12,18)",,False,57,"[12, 8, 14, 11, 18]",4,0.009217488164856001,-373,99,9,0.10378724589250901,472,1
580,"(1,16)",,False,59,"[13, 1, 15, 16, 2]",4,0.006335282651072,-375,99,10,0.104317612212349,474,1
581,"(1,16)",,False,59,"[13, 1, 15, 16, 2]",4,0.006335282651072,-375,99,10,0.104317612212349,474,1
582,"(2,6)",,False,59,"[13, 2, 7, 3, 6]",4,0.006335282651072,-377,99,10,0.11856092250829,476,1
583,"(2,6)",,False,59,"[13, 2, 7, 3, 6]",4,0.006335282651072,-377,99,10,0.11856092250829,476,1
584,"(11,1)",,False,59,"[11, 17, 1, 4, 16]",4,0.010233918128654,-379,99,11,0.12961633882686502,478,1
585,"(11,1)",,False,59,"[11, 17, 1, 4, 16]",4,0.010233918128654,-379,99,11,0.12961633882686502,478,1
586,"(16,18)",,False,57,"[16, 9, 14, 3, 18]",4,0.010765550239234001,-381,99,10,0.110949089896458,480,1
587,"(16,18)",,False,57,"[16, 9, 14, 3, 18]",4,0.010765550239234001,-381,99,10,0.110949089896458,480,1
588,"(11,6)",,False,55,"[4, 8, 11, 6, 16]",4,0.010765550239234001,-383,99,9,0.10848227471034401,482,1
589,"(11,6)",,False,55,"[4, 8, 11, 6, 16]",4,0.010765550239234001,-383,99,9,0.10848227471034401,482,1
590,"(6,14)",,False,55,"[18, 11, 7, 6, 14]",5,0.024714564188248002,-385,99,9,0.116666666666666,484,1
591,"(6,14)",,False,55,"[18, 11, 7, 6, 14]",5,0.024714564188248002,-385,99,9,0.116666666666666,484,1
592,"(1,4)",,False,57,"[1, 19, 17, 6, 4]",5,0.018877710982974,-387,99,10,0.12177390510723801,486,1
593,"(1,4)",,False,57,"[1, 19, 17, 6, 4]",5,0.018877710982974,-387,99,10,0.12177390510723801,486,1
594,"(18,3)",,False,55,"[12, 18, 9, 3, 7]",5,0.019502881783583,-389,99,9,0.11561310684117701,488,1
595,"(18,3)",,False,55,"[12, 18, 9, 3, 7]",5,0.019502881783583,-389,99,9,0.11561310684117701,488,1
596,"(12,14)",,False,53,"[12, 10, 14, 13, 8]",5,0.030845405406808003,-391,99,8,0.10720754229526101,490,1
597,"(12,14)",,False,53,"[12, 10, 14, 13, 8]",5,0.030845405406808003,-391,99,8,0.10720754229526101,490,1
598,4:14,assassinate,True,47,"[4, 6, 10, 16, 11]",4,0.019183058656742,-393,99,7,0.10058985848459501,492,1
599,4:14,assassinate,True,47,"[4, 6, 10, 16, 11]",4,0.019183058656742,-393,99,7,0.10058985848459501,492,1
600,"(6,8)",,False,47,"[10, 19, 16, 6, 8]",4,0.032429558745348,-395,99,7,0.11168704589757202,494,1
601,"(6,8)",,False,47,"[10, 19, 16, 6, 8]",4,0.032429558745348,-395,99,7,0.11168704589757202,494,1
602,"(1,8)",,False,47,"[2, 16, 1, 5, 8]",4,0.031454899875952,-397,99,7,0.11316295789979901,496,1
603,"(1,8)",,False,47,"[2, 16, 1, 5, 8]",4,0.031454899875952,-397,99,7,0.11316295789979901,496,1
604,"(2,1)",,False,49,"[17, 3, 2, 13, 1]",4,0.027370193159666004,-399,99,8,0.11786874593892101,498,1
605,"(2,1)",,False,49,"[17, 3, 2, 13, 1]",4,0.027370193159666004,-399,99,8,0.11786874593892101,498,1
606,"(18,2)",,False,49,"[0, 5, 11, 18, 2]",4,0.027370193159666004,-401,99,8,0.125104427736006,500,1
607,"(18,2)",,False,49,"[0, 5, 11, 18, 2]",4,0.027370193159666004,-401,99,8,0.125104427736006,500,1
608,"(4,12)",,False,51,"[16, 4, 19, 12, 17]",4,0.020169109642793,-403,99,8,0.12306270727323301,502,1
609,"(4,12)",,False,51,"[16, 4, 19, 12, 17]",4,0.020169109642793,-403,99,8,0.12306270727323301,502,1
610,"(10,15)",,False,49,"[3, 10, 13, 6, 15]",4,0.018707121338700002,-405,99,7,0.05813650287334401,504,1
611,"(10,15)",,False,49,"[3, 10, 13, 6, 15]",4,0.018707121338700002,-405,99,7,0.05813650287334401,504,1
612,"(7,19)",,False,51,"[5, 18, 7, 19, 9]",5,0.045111710901184,-407,99,7,0.056417753786174,506,1
613,"(7,19)",,False,51,"[5, 18, 7, 19, 9]",5,0.045111710901184,-407,99,7,0.056417753786174,506,1
614,"(13,17)",,False,51,"[15, 9, 13, 12, 17]",5,0.050341130604288006,-409,99,7,0.067460317460317,508,1
615,"(13,17)",,False,51,"[15, 9, 13, 12, 17]",5,0.050341130604288006,-409,99,7,0.067460317460317,508,1
616,"(15,7)",,False,51,"[19, 15, 12, 10, 7]",5,0.050649772579597005,-411,99,7,0.067460317460317,510,1
617,"(15,7)",,False,51,"[19, 15, 12, 10, 7]",5,0.050649772579597005,-411,99,7,0.067460317460317,510,1
618,"(0,4)",,False,49,"[2, 0, 15, 4, 11]",4,0.022085938752605002,-413,99,6,0.053563200931621,512,1
619,"(0,4)",,False,49,"[2, 0, 15, 4, 11]",4,0.022085938752605002,-413,99,6,0.053563200931621,512,1
620,"(3,1)",,False,49,"[3, 1, 5, 18, 15]",4,0.021753668683493002,-415,99,6,0.05238601554391,514,1
621,"(3,1)",,False,49,"[3, 1, 5, 18, 15]",4,0.021753668683493002,-415,99,6,0.05238601554391,514,1
622,"(0,16)",,False,49,"[17, 0, 5, 16, 15]",4,0.028984498282743004,-417,99,6,0.054998607630186006,516,1
623,"(0,16)",,False,49,"[17, 0, 5, 16, 15]",4,0.028984498282743004,-417,99,6,0.054998607630186006,516,1
624,"(11,17)",,False,47,"[11, 5, 13, 17, 2]",4,0.028285992759676002,-419,99,5,0.03362108976144,518,1
625,"(11,17)",,False,47,"[11, 5, 13, 17, 2]",4,0.028285992759676002,-419,99,5,0.03362108976144,518,1
626,"(7,10)",,False,49,"[7, 10, 6, 12, 16]",4,0.010452056066091,-421,99,5,0.026803118908382002,520,1
627,"(7,10)",,False,49,"[7, 10, 6, 12, 16]",4,0.010452056066091,-421,99,5,0.026803118908382002,520,1
628,"(17,4)",,False,49,"[17, 4, 11, 6, 16]",4,0.017321080478975,-423,99,5,0.029569293604381004,522,1
629,"(17,4)",,False,49,"[17, 4, 11, 6, 16]",4,0.017321080478975,-423,99,5,0.029569293604381004,522,1
630,12:10,assassinate,True,45,"[14, 9, 4, 12, 6]",4,0.017216652742968002,-425,99,5,0.033296203471642,524,1
631,12:10,assassinate,True,45,"[14, 9, 4, 12, 6]",4,0.017216652742968002,-425,99,5,0.033296203471642,524,1
632,"(12,3)",,False,45,"[18, 5, 12, 3, 17]",4,0.020349484823169003,-427,99,5,0.047985705003248,526,1
633,"(12,3)",,False,45,"[18, 5, 12, 3, 17]",4,0.020349484823169003,-427,99,5,0.047985705003248,526,1
634,"(11,12)",,False,45,"[16, 11, 12, 5, 17]",4,0.018678641047062003,-429,99,5,0.044755407036108,528,1
635,"(11,12)",,False,45,"[16, 11, 12, 5, 17]",4,0.018678641047062003,-429,99,5,0.044755407036108,528,1
636,"(1,6)",,False,45,"[16, 1, 6, 7, 9]",4,0.017592592592592,-429,100,5,0.046895015316067004,529,1
637,"(1,6)",,False,45,"[16, 1, 6, 7, 9]",4,0.017592592592592,-429,100,5,0.046895015316067004,529,1
638,"(13,18)",,False,45,"[13, 18, 9, 2, 5]",4,0.023343079922027003,-427,102,4,0.019994430520746002,529,1
639,"(13,18)",,False,45,"[13, 18, 9, 2, 5]",4,0.023343079922027003,-427,102,4,0.019994430520746002,529,1
640,"(18,11)",,False,45,"[5, 18, 10, 11, 3]",4,0.028216374269005,-425,104,4,0.025048732943469,529,1
641,"(18,11)",,False,45,"[5, 18, 10, 11, 3]",4,0.028216374269005,-425,104,4,0.025048732943469,529,1
642,"(10,12)",,False,45,"[11, 10, 12, 17, 19]",4,0.023343079922027003,-423,106,4,0.019994430520746002,529,1
643,"(10,12)",,False,45,"[11, 10, 12, 17, 19]",4,0.023343079922027003,-423,106,4,0.019994430520746002,529,1
644,"(7,0)",,False,45,"[14, 4, 7, 3, 0]",3,0.001949317738791,-423,107,4,0.019994430520746002,530,1
645,"(7,0)",,False,45,"[14, 4, 7, 3, 0]",3,0.001949317738791,-423,107,4,0.019994430520746002,530,1
646,"(1,7)",,False,47,"[16, 1, 7, 18, 9]",4,0.016787760647409,-423,108,5,0.043456283807160004,531,1
647,"(1,7)",,False,47,"[16, 1, 7, 18, 9]",4,0.016787760647409,-423,108,5,0.043456283807160004,531,1
648,"(3,17)",,False,49,"[7, 14, 3, 11, 17]",4,0.009498493709020001,-425,108,5,0.038596491228070004,533,1
649,"(3,17)",,False,49,"[7, 14, 3, 11, 17]",4,0.009498493709020001,-425,108,5,0.038596491228070004,533,1
650,"(15,7)",,False,49,"[4, 15, 14, 16, 7]",4,0.009444908567715,-427,108,5,0.046059593428014,535,1
651,"(15,7)",,False,49,"[4, 15, 14, 16, 7]",4,0.009444908567715,-427,108,5,0.046059593428014,535,1
652,"(18,17)",,False,49,"[4, 6, 8, 18, 17]",5,0.019205842890053,-429,108,5,0.04919326936870701,537,1
653,"(18,17)",,False,49,"[4, 6, 8, 18, 17]",5,0.019205842890053,-429,108,5,0.04919326936870701,537,1
654,"(7,13)",,False,47,"[16, 7, 9, 13, 5]",5,0.021307542360173,-431,108,5,0.049182786024891005,539,1
655,"(7,13)",,False,47,"[16, 7, 9, 13, 5]",5,0.021307542360173,-431,108,5,0.049182786024891005,539,1
656,"(3,14)",,False,49,"[9, 2, 3, 6, 14]",6,0.057374983690773006,-429,110,5,0.056005398110661006,539,1
657,"(3,14)",,False,49,"[9, 2, 3, 6, 14]",6,0.057374983690773006,-429,110,5,0.056005398110661006,539,1
658,"(0,18)",,False,49,"[0, 13, 4, 18, 10]",6,0.057374983690773006,-427,112,5,0.056005398110661006,539,1
659,"(0,18)",,False,49,"[0, 13, 4, 18, 10]",6,0.057374983690773006,-427,112,5,0.056005398110661006,539,1
660,"(17,0)",,False,49,"[18, 17, 13, 0, 2]",5,0.04912787018050101,-427,113,5,0.05946311648066,540,1
661,"(17,0)",,False,49,"[18, 17, 13, 0, 2]",5,0.04912787018050101,-427,113,5,0.05946311648066,540,1
662,"(1,14)",,False,51,"[15, 1, 8, 9, 14]",6,0.051199969621022,-427,114,6,0.081716350575999,541,1
663,"(1,14)",,False,51,"[15, 1, 8, 9, 14]",6,0.051199969621022,-427,114,6,0.081716350575999,541,1
664,"(15,9)",,False,49,"[0, 5, 15, 9, 18]",6,0.069576719576719,-425,116,5,0.063686995265942,541,1
665,"(15,9)",,False,49,"[0, 5, 15, 9, 18]",6,0.069576719576719,-425,116,5,0.063686995265942,541,1
666,"(1,9)",,False,51,"[4, 1, 13, 17, 9]",6,0.06355725171514601,-423,118,6,0.062023746234272,541,1
667,"(1,9)",,False,51,"[4, 1, 13, 17, 9]",6,0.06355725171514601,-423,118,6,0.062023746234272,541,1
668,"(5,12)",,False,51,"[13, 15, 5, 16, 12]",6,0.059452081381905005,-421,120,5,0.033707585461971,541,1
669,"(5,12)",,False,51,"[13, 15, 5, 16, 12]",6,0.059452081381905005,-421,120,5,0.033707585461971,541,1
670,"(16,4)",,False,51,"[14, 5, 16, 18, 4]",6,0.078321191479086,-419,122,5,0.046228917281548,541,1
671,"(16,4)",,False,51,"[14, 5, 16, 18, 4]",6,0.078321191479086,-419,122,5,0.046228917281548,541,1
672,"(7,0)",,False,51,"[9, 5, 7, 0, 4]",5,0.06207184628237201,-417,124,5,0.033945976051239,541,1
673,"(7,0)",,False,51,"[9, 5, 7, 0, 4]",5,0.06207184628237201,-417,124,5,0.033945976051239,541,1
674,"(14,2)",,False,51,"[4, 14, 9, 3, 2]",6,0.08403648008911101,-415,126,5,0.026094259866189,541,1
675,"(14,2)",,False,51,"[4, 14, 9, 3, 2]",6,0.08403648008911101,-415,126,5,0.026094259866189,541,1
676,"(2,1)",,False,51,"[2, 5, 18, 1, 11]",6,0.109823169033695,-413,128,6,0.05863037222686301,541,1
677,"(2,1)",,False,51,"[2, 5, 18, 1, 11]",6,0.109823169033695,-413,128,6,0.05863037222686301,541,1
678,"(11,6)",,False,53,"[2, 18, 11, 8, 6]",7,0.097893190591848,-411,130,6,0.047055845198260005,541,1
679,"(11,6)",,False,53,"[2, 18, 11, 8, 6]",7,0.097893190591848,-411,130,6,0.047055845198260005,541,1
680,"(10,1)",,False,55,"[10, 12, 17, 14, 1]",7,0.08214180231724001,-409,132,7,0.06575276575276501,541,1
681,"(10,1)",,False,55,"[10, 12, 17, 14, 1]",7,0.08214180231724001,-409,132,7,0.06575276575276501,541,1
682,"(0,6)",,False,53,"[7, 9, 0, 6, 15]",6,0.060774621739534004,-407,134,6,0.039390142021720004,541,1
683,"(0,6)",,False,53,"[7, 9, 0, 6, 15]",6,0.060774621739534004,-407,134,6,0.039390142021720004,541,1
684,"(10,3)",,False,55,"[5, 10, 3, 6, 16]",7,0.07004168670835301,-405,136,6,0.028381559960507,541,1
685,"(10,3)",,False,55,"[5, 10, 3, 6, 16]",7,0.07004168670835301,-405,136,6,0.028381559960507,541,1
686,"(13,0)",,False,53,"[7, 18, 13, 15, 0]",6,0.048489278752436006,-403,138,5,0.026565344986397003,541,1
687,"(13,0)",,False,53,"[7, 18, 13, 15, 0]",6,0.048489278752436006,-403,138,5,0.026565344986397003,541,1
688,"(1,9)",,False,55,"[18, 3, 13, 1, 9]",6,0.049057829759584004,-401,140,6,0.043858578069104,541,1
689,"(1,9)",,False,55,"[18, 3, 13, 1, 9]",6,0.049057829759584004,-401,140,6,0.043858578069104,541,1
690,"(0,5)",,False,53,"[17, 7, 0, 5, 3]",5,0.041081871345029004,-401,141,6,0.070544416597048,542,1
691,"(0,5)",,False,53,"[17, 7, 0, 5, 3]",5,0.041081871345029004,-401,141,6,0.070544416597048,542,1
692,"(0,5)",,False,53,"[15, 4, 16, 0, 5]",5,0.041081871345029004,-401,142,6,0.070544416597048,543,1
693,"(0,5)",,False,53,"[15, 4, 16, 0, 5]",5,0.041081871345029004,-401,142,6,0.070544416597048,543,1
694,"(4,15)",,False,53,"[8, 4, 18, 0, 15]",5,0.043588137009189,-403,142,6,0.073155109997215,545,1
695,"(4,15)",,False,53,"[8, 4, 18, 0, 15]",5,0.043588137009189,-403,142,6,0.073155109997215,545,1
696,"(6,2)",,False,53,"[6, 18, 2, 16, 11]",5,0.039222343608308,-405,142,6,0.06963830516462001,547,1
697,"(6,2)",,False,53,"[6, 18, 2, 16, 11]",5,0.039222343608308,-405,142,6,0.06963830516462001,547,1
698,"(0,10)",,False,53,"[5, 16, 0, 10, 12]",4,0.030617920091604002,-407,142,6,0.066225100435626,549,1
699,"(0,10)",,False,53,"[5, 16, 0, 10, 12]",4,0.030617920091604002,-407,142,6,0.066225100435626,549,1
700,"(3,0)",,False,53,"[3, 0, 15, 14, 18]",3,0.012443144899285,-409,142,6,0.09310241415504501,551,1
701,"(3,0)",,False,53,"[3, 0, 15, 14, 18]",3,0.012443144899285,-409,142,6,0.09310241415504501,551,1
702,"(6,0)",,False,53,"[11, 16, 6, 4, 0]",2,0.004061078622482,-411,142,6,0.11357025041235501,553,1
703,"(6,0)",,False,53,"[11, 16, 6, 4, 0]",2,0.004061078622482,-411,142,6,0.11357025041235501,553,1
704,"(1,3)",,False,55,"[1, 18, 17, 16, 3]",3,0.016179337231968002,-413,142,7,0.081927039821776,555,1
705,"(1,3)",,False,55,"[1, 18, 17, 16, 3]",3,0.016179337231968002,-413,142,7,0.081927039821776,555,1
706,"(8,11)",,False,55,"[7, 17, 8, 11, 15]",3,0.016601689408706002,-415,142,7,0.08477675670658101,557,1
707,"(8,11)",,False,55,"[7, 17, 8, 11, 15]",3,0.016601689408706002,-415,142,7,0.08477675670658101,557,1
708,"(5,0)",,False,55,"[5, 0, 4, 19, 1]",3,0.019525666016894,-417,142,7,0.07660354590179101,559,1
709,"(5,0)",,False,55,"[5, 0, 4, 19, 1]",3,0.019525666016894,-417,142,7,0.07660354590179101,559,1
710,"(14,19)",,False,57,"[14, 19, 8, 6, 4]",3,0.006866914761651001,-419,142,7,0.06864383180172601,561,1
711,"(14,19)",,False,57,"[14, 19, 8, 6, 4]",3,0.006866914761651001,-419,142,7,0.06864383180172601,561,1
712,"(9,5)",,False,55,"[8, 9, 5, 7, 0]",3,0.006866914761651001,-421,142,6,0.057616262879420004,563,1
713,"(9,5)",,False,55,"[8, 9, 5, 7, 0]",3,0.006866914761651001,-421,142,6,0.057616262879420004,563,1
714,"(17,7)",,False,57,"[12, 17, 7, 19, 6]",3,0.006866914761651001,-423,142,6,0.049331662489557004,565,1
715,"(17,7)",,False,57,"[12, 17, 7, 19, 6]",3,0.006866914761651001,-423,142,6,0.049331662489557004,565,1
716,"(3,10)",,False,57,"[17, 18, 7, 3, 10]",3,0.005555555555555001,-425,142,6,0.05988350505894301,567,1
717,"(3,10)",,False,57,"[17, 18, 7, 3, 10]",3,0.005555555555555001,-425,142,6,0.05988350505894301,567,1
718,"(14,0)",,False,57,"[14, 0, 1, 13, 2]",2,0.0,-427,142,6,0.06284925276153301,569,1
719,"(14,0)",,False,57,"[14, 0, 1, 13, 2]",2,0.0,-427,142,6,0.06284925276153301,569,1
720,"(2,13)",,False,57,"[0, 2, 14, 15, 13]",2,0.0,-429,142,6,0.060273368606701,571,1
721,"(2,13)",,False,57,"[0, 2, 14, 15, 13]",2,0.0,-429,142,6,0.060273368606701,571,1
722,"(17,8)",,False,57,"[7, 17, 8, 4, 2]",2,0.0,-431,142,6,0.061025248305950006,573,1
723,"(17,8)",,False,57,"[7, 17, 8, 4, 2]",2,0.0,-431,142,6,0.061025248305950006,573,1
724,"(0,3)",,False,57,"[2, 0, 14, 17, 3]",1,0.0,-433,142,6,0.128784925276153,575,1
725,"(0,3)",,False,57,"[2, 0, 14, 17, 3]",1,0.0,-433,142,6,0.128784925276153,575,1
726,"(2,19)",,False,57,"[2, 10, 16, 19, 17]",2,0.002534113060428,-435,142,6,0.066081871345029,577,1
727,"(2,19)",,False,57,"[2, 10, 16, 19, 17]",2,0.002534113060428,-435,142,6,0.066081871345029,577,1
728,"(1,12)",,False,59,"[6, 1, 12, 2, 3]",2,0.0014619883040930001,-437,142,7,0.076475912002227,579,1
729,"(1,12)",,False,59,"[6, 1, 12, 2, 3]",2,0.0014619883040930001,-437,142,7,0.076475912002227,579,1
730,"(10,17)",,False,59,"[13, 12, 8, 10, 17]",2,0.0014619883040930001,-439,142,7,0.076475912002227,581,1
731,"(10,17)",,False,59,"[13, 12, 8, 10, 17]",2,0.0014619883040930001,-439,142,7,0.076475912002227,581,1
732,"(2,16)",,False,59,"[0, 2, 11, 7, 16]",2,0.0014619883040930001,-441,142,7,0.074477861319966,583,1
733,"(2,16)",,False,59,"[0, 2, 11, 7, 16]",2,0.0014619883040930001,-441,142,7,0.074477861319966,583,1
734,"(0,19)",,False,59,"[0, 19, 9, 3, 11]",2,0.0,-443,142,7,0.07028682818156501,585,1
735,"(0,19)",,False,59,"[0, 19, 9, 3, 11]",2,0.0,-443,142,7,0.07028682818156501,585,1
736,"(13,1)",,False,59,"[5, 12, 2, 13, 1]",2,0.0,-445,142,7,0.06801030353661901,587,1
737,"(13,1)",,False,59,"[5, 12, 2, 13, 1]",2,0.0,-445,142,7,0.06801030353661901,587,1
738,"(1,6)",,False,61,"[1, 12, 6, 4, 17]",2,0.0,-447,142,8,0.08320802005012501,589,1
739,"(1,6)",,False,61,"[1, 12, 6, 4, 17]",2,0.0,-447,142,8,0.08320802005012501,589,1
740,"(8,9)",,False,63,"[19, 10, 8, 9, 16]",2,0.0,-449,142,8,0.080583402951824,591,1
741,"(8,9)",,False,63,"[19, 10, 8, 9, 16]",2,0.0,-449,142,8,0.080583402951824,591,1
742,"(18,13)",,False,63,"[5, 18, 14, 13, 16]",2,0.0,-451,142,8,0.093098129940235,593,1
743,"(18,13)",,False,63,"[5, 18, 14, 13, 16]",2,0.0,-451,142,8,0.093098129940235,593,1
744,"(1,3)",,False,65,"[8, 14, 1, 16, 3]",2,0.0,-453,142,9,0.11140161008582,595,1
745,"(1,3)",,False,65,"[8, 14, 1, 16, 3]",2,0.0,-453,142,9,0.11140161008582,595,1
746,"(3,17)",,False,63,"[3, 17, 0, 5, 19]",2,0.0,-455,142,8,0.09134768740031801,597,1
747,"(3,17)",,False,63,"[3, 17, 0, 5, 19]",2,0.0,-455,142,8,0.09134768740031801,597,1
748,"(18,3)",,False,61,"[7, 18, 10, 19, 3]",2,0.0,-457,142,8,0.10029999240525501,599,1
749,"(18,3)",,False,61,"[7, 18, 10, 19, 3]",2,0.0,-457,142,8,0.10029999240525501,599,1
750,"(12,11)",,False,59,"[14, 12, 10, 11, 15]",2,0.0,-459,142,7,0.092397660818713,601,1
751,"(12,11)",,False,59,"[14, 12, 10, 11, 15]",2,0.0,-459,142,7,0.092397660818713,601,1
752,"(6,16)",,False,59,"[6, 16, 8, 4, 0]",2,0.0,-461,142,7,0.08473034437946701,603,1
753,"(6,16)",,False,59,"[6, 16, 8, 4, 0]",2,0.0,-461,142,7,0.08473034437946701,603,1
754,"(2,18)",,False,57,"[2, 18, 19, 8, 3]",2,0.0,-463,142,6,0.05081959950381,605,1
755,"(2,18)",,False,57,"[2, 18, 19, 8, 3]",2,0.0,-463,142,6,0.05081959950381,605,1
756,"(13,17)",,False,57,"[2, 5, 13, 17, 4]",2,0.0,-465,142,6,0.056286549707602,607,1
757,"(13,17)",,False,57,"[2, 5, 13, 17, 4]",2,0.0,-465,142,6,0.056286549707602,607,1
758,"(14,8)",,False,57,"[14, 8, 5, 4, 15]",2,0.0,-467,142,6,0.056286549707602,609,1
759,"(14,8)",,False,57,"[14, 8, 5, 4, 15]",2,0.0,-467,142,6,0.056286549707602,609,1
760,"(4,12)",,False,57,"[13, 4, 12, 9, 2]",2,0.0,-469,142,6,0.06027822080453601,611,1
761,"(4,12)",,False,57,"[13, 4, 12, 9, 2]",2,0.0,-469,142,6,0.06027822080453601,611,1
762,"(3,11)",,False,59,"[16, 3, 13, 4, 11]",2,0.0,-471,142,6,0.06222310827573901,613,1
763,"(3,11)",,False,59,"[16, 3, 13, 4, 11]",2,0.0,-471,142,6,0.06222310827573901,613,1
764,"(2,11)",,False,59,"[2, 14, 17, 11, 4]",2,0.0,-473,142,5,0.035976726327603,615,1
765,"(2,11)",,False,59,"[2, 14, 17, 11, 4]",2,0.0,-473,142,5,0.035976726327603,615,1
766,"(16,12)",,False,61,"[16, 12, 9, 0, 8]",3,0.006379585326953,-475,142,5,0.019050150629097002,617,1
767,"(16,12)",,False,61,"[16, 12, 9, 0, 8]",3,0.006379585326953,-475,142,5,0.019050150629097002,617,1
768,"(7,2)",,False,63,"[7, 0, 19, 2, 6]",3,0.006752993595098001,-477,142,5,0.017388589318413,619,1
769,"(7,2)",,False,63,"[7, 0, 19, 2, 6]",3,0.006752993595098001,-477,142,5,0.017388589318413,619,1
770,"(3,4)",,False,63,"[17, 5, 3, 4, 8]",3,0.006335282651072,-479,142,5,0.018518518518518,621,1
771,"(3,4)",,False,63,"[17, 5, 3, 4, 8]",3,0.006335282651072,-479,142,5,0.018518518518518,621,1
772,"(16,19)",,False,63,"[16, 19, 15, 8, 14]",3,0.011793372319688002,-481,142,4,0.015269655620532,623,1
773,"(16,19)",,False,63,"[16, 19, 15, 8, 14]",3,0.011793372319688002,-481,142,4,0.015269655620532,623,1
774,"(4,2)",,False,63,"[5, 0, 14, 4, 2]",3,0.018476747424115002,-479,144,4,0.016040100250626,623,1
775,"(4,2)",,False,63,"[5, 0, 14, 4, 2]",3,0.018476747424115002,-479,144,4,0.016040100250626,623,1
776,"(13,10)",,False,65,"[13, 7, 5, 11, 10]",3,0.018337510442773,-477,146,4,0.014132553606237,623,1
777,"(13,10)",,False,65,"[13, 7, 5, 11, 10]",3,0.018337510442773,-477,146,4,0.014132553606237,623,1
778,"(6,11)",,False,67,"[7, 19, 6, 11, 14]",3,0.012489557226399,-477,147,4,0.013645224171539001,624,1
779,"(6,11)",,False,67,"[7, 19, 6, 11, 14]",3,0.012489557226399,-477,147,4,0.013645224171539001,624,1
780,"(3,8)",,False,67,"[14, 3, 15, 19, 8]",3,0.012489557226399,-479,147,4,0.014814814814814002,626,1
781,"(3,8)",,False,67,"[14, 3, 15, 19, 8]",3,0.012489557226399,-479,147,4,0.014814814814814002,626,1
782,"(11,10)",,False,67,"[13, 11, 16, 8, 10]",3,0.013181100900399001,-481,147,4,0.014619883040935,628,1
783,"(11,10)",,False,67,"[13, 11, 16, 8, 10]",3,0.013181100900399001,-481,147,4,0.014619883040935,628,1
784,"(6,10)",,False,69,"[6, 17, 11, 0, 10]",3,0.011092546180265,-479,149,4,0.00896686159844,628,1
785,"(6,10)",,False,69,"[6, 17, 11, 0, 10]",3,0.011092546180265,-479,149,4,0.00896686159844,628,1
786,"(6,11)",,False,67,"[6, 8, 2, 13, 11]",3,0.011426714935486,-477,151,4,0.009802283486494002,628,1
787,"(6,11)",,False,67,"[6, 8, 2, 13, 11]",3,0.011426714935486,-477,151,4,0.009802283486494002,628,1
788,"(12,9)",,False,69,"[14, 10, 12, 9, 16]",4,0.018859649122807,-475,153,4,0.009370502791555001,628,1
789,"(12,9)",,False,69,"[14, 10, 12, 9, 16]",4,0.018859649122807,-475,153,4,0.009370502791555001,628,1
790,"(18,2)",,False,69,"[11, 12, 5, 18, 2]",4,0.019688109161793,-473,155,3,0.0029239766081870003,628,1
791,"(18,2)",,False,69,"[11, 12, 5, 18, 2]",4,0.019688109161793,-473,155,3,0.0029239766081870003,628,1
792,"(6,3)",,False,67,"[2, 5, 16, 6, 3]",4,0.021312540610786003,-471,157,3,0.004385964912280001,628,1
793,"(6,3)",,False,67,"[2, 5, 16, 6, 3]",4,0.021312540610786003,-471,157,3,0.004385964912280001,628,1
794,"(8,2)",,False,69,"[14, 8, 2, 19, 10]",5,0.034679290819641,-469,159,3,0.004093567251461001,628,1
795,"(8,2)",,False,69,"[14, 8, 2, 19, 10]",5,0.034679290819641,-469,159,3,0.004093567251461001,628,1
796,"(8,18)",,False,69,"[8, 16, 18, 11, 17]",5,0.030084470435347004,-467,161,3,0.004093567251461001,628,1
797,"(8,18)",,False,69,"[8, 16, 18, 11, 17]",5,0.030084470435347004,-467,161,3,0.004093567251461001,628,1
798,"(19,1)",,False,69,"[8, 2, 9, 19, 1]",5,0.022774528914879,-465,163,4,0.01239637555427,628,1
799,"(19,1)",,False,69,"[8, 2, 9, 19, 1]",5,0.022774528914879,-465,163,4,0.01239637555427,628,1
