,actionDetail,actionType,bonusActivated,graphEdgeCount,nodeList,p1Degree,p1Score,p1WinAdvantage,p1WinCount,p2Degree,p2Score,p2WinCount,player
0,"(14,19)",,True,2,"[14, 19, 11, 7, 16]",0,-0.001,0,0,0,-0.001,0,1
1,"(14,19)",,True,2,"[14, 19, 11, 7, 16]",0,-0.001,0,0,0,-0.001,0,1
2,"(15,1)",,True,4,"[15, 17, 1, 0, 8]",0,-0.001,-1,0,1,0.0,1,1
3,"(15,1)",,True,4,"[15, 17, 1, 0, 8]",0,-0.001,-1,0,1,0.0,1,1
4,"(2,10)",,True,6,"[2, 10, 12, 9, 7]",1,0.0,-1,0,1,0.0,1,1
5,"(2,10)",,True,6,"[2, 10, 12, 9, 7]",1,0.0,-1,0,1,0.0,1,1
6,"(7,14)",,True,8,"[7, 14, 11, 9, 12]",1,0.0,-1,0,1,0.0,1,1
7,"(7,14)",,True,8,"[7, 14, 11, 9, 12]",1,0.0,-1,0,1,0.0,1,1
8,"(11,15)",,True,10,"[11, 15, 2, 5, 6]",1,0.0,-1,0,1,0.0,1,1
9,"(11,15)",,True,10,"[11, 15, 2, 5, 6]",1,0.0,-1,0,1,0.0,1,1
10,"(0,13)",,True,10,"[0, 8, 7, 12, 13]",0,-0.001,-2,0,1,0.0,2,1
11,"(0,13)",,True,10,"[0, 8, 7, 12, 13]",0,-0.001,-2,0,1,0.0,2,1
12,"(10,14)",,True,12,"[10, 14, 15, 2, 0]",0,-0.001,-4,0,1,0.0,4,1
13,"(10,14)",,True,12,"[10, 14, 15, 2, 0]",0,-0.001,-4,0,1,0.0,4,1
14,"(9,12)",,True,14,"[0, 9, 12, 19, 16]",0,-0.001,-6,0,1,0.0,6,1
15,"(9,12)",,True,14,"[0, 9, 12, 19, 16]",0,-0.001,-6,0,1,0.0,6,1
16,"(19,4)",,True,16,"[19, 4, 0, 18, 5]",0,-0.001,-8,0,1,0.0,8,1
17,"(19,4)",,True,16,"[19, 4, 0, 18, 5]",0,-0.001,-8,0,1,0.0,8,1
18,"(16,17)",,True,18,"[16, 17, 19, 2, 7]",1,0.0,-8,0,1,0.0,8,1
19,"(16,17)",,True,18,"[16, 17, 19, 2, 7]",1,0.0,-8,0,1,0.0,8,1
20,3:6,assassinate,True,14,"[8, 12, 3, 7, 6]",0,-0.001,-9,0,1,0.0,9,1
21,3:6,assassinate,True,14,"[8, 12, 3, 7, 6]",0,-0.001,-9,0,1,0.0,9,1
22,"(19,18)",,True,16,"[19, 18, 9, 17, 16]",0,-0.001,-11,0,1,0.0,11,1
23,"(19,18)",,True,16,"[19, 18, 9, 17, 16]",0,-0.001,-11,0,1,0.0,11,1
24,"(0,15)",,True,16,"[0, 6, 2, 8, 15]",0,-0.001,-12,0,1,0.0,12,1
25,"(0,15)",,True,16,"[0, 6, 2, 8, 15]",0,-0.001,-12,0,1,0.0,12,1
26,"(18,5)",,True,18,"[18, 5, 14, 2, 19]",0,-0.001,-14,0,1,0.0,14,1
27,"(18,5)",,True,18,"[18, 5, 14, 2, 19]",0,-0.001,-14,0,1,0.0,14,1
28,"(12,9)",,True,16,"[12, 0, 9, 16, 4]",0,-0.001,-14,0,0,-0.001,14,1
29,"(12,9)",,True,16,"[12, 0, 9, 16, 4]",0,-0.001,-14,0,0,-0.001,14,1
30,"(11,8)",,True,18,"[11, 8, 19, 17, 12]",1,0.0,-12,2,0,-0.001,14,1
31,"(11,8)",,True,18,"[11, 8, 19, 17, 12]",1,0.0,-12,2,0,-0.001,14,1
32,"(0,10)",,True,18,"[0, 7, 19, 10, 18]",1,0.0,-10,4,0,-0.001,14,1
33,"(0,10)",,True,18,"[0, 7, 19, 10, 18]",1,0.0,-10,4,0,-0.001,14,1
34,"(16,13)",,True,20,"[16, 13, 9, 17, 4]",1,0.0,-8,6,0,-0.001,14,1
35,"(16,13)",,True,20,"[16, 13, 9, 17, 4]",1,0.0,-8,6,0,-0.001,14,1
36,"(0,5)",,True,20,"[0, 9, 5, 16, 14]",0,-0.001,-7,7,0,-0.001,14,1
37,"(0,5)",,True,20,"[0, 9, 5, 16, 14]",0,-0.001,-7,7,0,-0.001,14,1
38,"(14,1)",,True,22,"[14, 0, 1, 18, 8]",0,-0.001,-8,7,1,0.0,15,1
39,"(14,1)",,True,22,"[14, 0, 1, 18, 8]",0,-0.001,-8,7,1,0.0,15,1
40,"(11,1)",,True,24,"[11, 19, 8, 10, 1]",1,0.0,-9,7,2,0.048732943469785,16,1
41,"(11,1)",,True,24,"[11, 19, 8, 10, 1]",1,0.0,-9,7,2,0.048732943469785,16,1
42,"(1,6)",,True,26,"[11, 10, 1, 6, 17]",1,0.0,-11,7,3,0.21783625730994102,18,1
43,"(1,6)",,True,26,"[11, 10, 1, 6, 17]",1,0.0,-11,7,3,0.21783625730994102,18,1
44,10:6,assassinate,True,24,"[8, 7, 2, 10, 1]",1,0.0,-13,7,3,0.23538011695906402,20,1
45,10:6,assassinate,True,24,"[8, 7, 2, 10, 1]",1,0.0,-13,7,3,0.23538011695906402,20,1
46,"(1,18)",,True,26,"[2, 1, 8, 15, 18]",1,0.0,-15,7,4,0.226803118908382,22,1
47,"(1,18)",,True,26,"[2, 1, 8, 15, 18]",1,0.0,-15,7,4,0.226803118908382,22,1
48,"(15,6)",,True,26,"[7, 15, 6, 11, 4]",1,0.0,-17,7,3,0.074756335282651,24,1
49,"(15,6)",,True,26,"[7, 15, 6, 11, 4]",1,0.0,-17,7,3,0.074756335282651,24,1
50,14:8,assassinate,True,23,"[9, 3, 16, 14, 13]",2,0.09356725146198801,-17,8,2,0.137621832358674,25,1
51,14:8,assassinate,True,23,"[9, 3, 16, 14, 13]",2,0.09356725146198801,-17,8,2,0.137621832358674,25,1
52,13:6,assassinate,True,21,"[13, 15, 3, 6, 17]",2,0.087719298245614,-19,8,2,0.122807017543859,27,1
53,13:6,assassinate,True,21,"[13, 15, 3, 6, 17]",2,0.087719298245614,-19,8,2,0.122807017543859,27,1
54,8:8,assassinate,True,18,"[7, 12, 8, 16, 14]",2,0.08187134502923901,-19,9,2,0.09356725146198801,28,1
55,8:8,assassinate,True,18,"[7, 12, 8, 16, 14]",2,0.08187134502923901,-19,9,2,0.09356725146198801,28,1
56,"(14,12)",,True,20,"[14, 8, 0, 7, 12]",3,0.18128654970760202,-17,11,2,0.11695906432748501,28,1
57,"(14,12)",,True,20,"[14, 8, 0, 7, 12]",3,0.18128654970760202,-17,11,2,0.11695906432748501,28,1
58,2:6,assassinate,True,16,"[19, 2, 1, 3, 14]",2,0.005847953216374001,-15,13,1,0.0,28,1
59,2:6,assassinate,True,16,"[19, 2, 1, 3, 14]",2,0.005847953216374001,-15,13,1,0.0,28,1
60,16:4,assassinate,True,15,"[17, 16, 18, 11, 15]",2,0.005847953216374001,-13,15,1,0.0,28,1
61,16:4,assassinate,True,15,"[17, 16, 18, 11, 15]",2,0.005847953216374001,-13,15,1,0.0,28,1
62,"(15,2)",,True,15,"[15, 2, 18, 9, 0]",2,0.005847953216374001,-11,17,1,0.0,28,1
63,"(15,2)",,True,15,"[15, 2, 18, 9, 0]",2,0.005847953216374001,-11,17,1,0.0,28,1
64,"(2,8)",,True,17,"[2, 8, 0, 11, 7]",2,0.005847953216374001,-9,19,1,0.0,28,1
65,"(2,8)",,True,17,"[2, 8, 0, 11, 7]",2,0.005847953216374001,-9,19,1,0.0,28,1
66,"(3,10)",,True,19,"[8, 11, 3, 10, 7]",2,0.0,-8,20,1,0.0,28,1
67,"(3,10)",,True,19,"[8, 11, 3, 10, 7]",2,0.0,-8,20,1,0.0,28,1
68,"(7,1)",,True,21,"[7, 18, 0, 1, 14]",2,0.0,-9,20,2,0.450292397660818,29,1
69,"(7,1)",,True,21,"[7, 18, 0, 1, 14]",2,0.0,-9,20,2,0.450292397660818,29,1
70,"(11,18)",,True,22,"[8, 5, 14, 11, 18]",2,0.0,-11,20,2,0.043859649122807,31,1
71,"(11,18)",,True,22,"[8, 5, 14, 11, 18]",2,0.0,-11,20,2,0.043859649122807,31,1
72,15:8,assassinate,True,19,"[15, 2, 16, 19, 11]",3,0.10233918128654901,-9,22,2,0.08187134502923901,31,1
73,15:8,assassinate,True,19,"[15, 2, 16, 19, 11]",3,0.10233918128654901,-9,22,2,0.08187134502923901,31,1
74,3:4,assassinate,True,18,"[8, 2, 10, 3, 17]",3,0.062378167641325005,-9,23,2,0.07602339181286501,32,1
75,3:4,assassinate,True,18,"[8, 2, 10, 3, 17]",3,0.062378167641325005,-9,23,2,0.07602339181286501,32,1
76,"(1,2)",,True,20,"[0, 13, 1, 2, 11]",4,0.14571150097465801,-9,24,3,0.23976608187134502,33,1
77,"(1,2)",,True,20,"[0, 13, 1, 2, 11]",4,0.14571150097465801,-9,24,3,0.23976608187134502,33,1
78,"(16,1)",,True,22,"[12, 16, 19, 1, 15]",4,0.141812865497076,-9,25,4,0.21442495126705602,34,1
79,"(16,1)",,True,22,"[12, 16, 19, 1, 15]",4,0.141812865497076,-9,25,4,0.21442495126705602,34,1
80,"(5,0)",,True,22,"[5, 11, 13, 18, 0]",3,0.069200779727095,-11,25,4,0.138401559454191,36,1
81,"(5,0)",,True,22,"[5, 11, 13, 18, 0]",3,0.069200779727095,-11,25,4,0.138401559454191,36,1
82,18:12,assassinate,True,16,"[14, 9, 18, 6, 2]",3,0.154970760233918,-9,27,4,0.09064327485380101,36,1
83,18:12,assassinate,True,16,"[14, 9, 18, 6, 2]",3,0.154970760233918,-9,27,4,0.09064327485380101,36,1
84,"(12,1)",,True,18,"[12, 1, 7, 8, 11]",3,0.33625730994152003,-8,28,5,0.33625730994152003,36,1
85,"(12,1)",,True,18,"[12, 1, 7, 8, 11]",3,0.33625730994152003,-8,28,5,0.33625730994152003,36,1
86,"(3,1)",,True,20,"[8, 2, 3, 1, 18]",3,0.079922027290448,-8,29,6,0.518518518518518,37,1
87,"(3,1)",,True,20,"[8, 2, 3, 1, 18]",3,0.079922027290448,-8,29,6,0.518518518518518,37,1
88,19:10,assassinate,True,16,"[19, 9, 18, 14, 5]",2,0.032163742690058006,-10,29,6,0.46491228070175405,39,1
89,19:10,assassinate,True,16,"[19, 9, 18, 14, 5]",2,0.032163742690058006,-10,29,6,0.46491228070175405,39,1
90,"(4,12)",,True,16,"[4, 12, 13, 5, 0]",2,0.087719298245614,-12,29,5,0.49707602339181206,41,1
91,"(4,12)",,True,16,"[4, 12, 13, 5, 0]",2,0.087719298245614,-12,29,5,0.49707602339181206,41,1
92,"(13,1)",,True,19,"[13, 2, 1, 16, 3]",2,0.09356725146198801,-14,29,6,0.49415204678362507,43,1
93,"(13,1)",,True,19,"[13, 2, 1, 16, 3]",2,0.09356725146198801,-14,29,6,0.49415204678362507,43,1
94,"(1,18)",,True,22,"[15, 14, 1, 4, 18]",2,0.09941520467836201,-16,29,7,0.44834307992202704,45,1
95,"(1,18)",,True,22,"[15, 14, 1, 4, 18]",2,0.09941520467836201,-16,29,7,0.44834307992202704,45,1
96,"(1,9)",,True,25,"[6, 1, 11, 9, 17]",2,0.09941520467836201,-18,29,8,0.441325536062378,47,1
97,"(1,9)",,True,25,"[6, 1, 11, 9, 17]",2,0.09941520467836201,-18,29,8,0.441325536062378,47,1
98,"(1,0)",,True,28,"[1, 6, 3, 0, 13]",3,0.10838206627680301,-20,29,9,0.433625730994151,49,1
99,"(1,0)",,True,28,"[1, 6, 3, 0, 13]",3,0.10838206627680301,-20,29,9,0.433625730994151,49,1
100,"(1,0)",,True,28,"[1, 18, 10, 0, 4]",3,0.10838206627680301,-22,29,9,0.433625730994151,51,1
101,"(1,0)",,True,28,"[1, 18, 10, 0, 4]",3,0.10838206627680301,-22,29,9,0.433625730994151,51,1
102,10:10,assassinate,True,24,"[18, 10, 11, 6, 8]",2,0.09356725146198801,-24,29,9,0.45955165692007705,53,1
103,10:10,assassinate,True,24,"[18, 10, 11, 6, 8]",2,0.09356725146198801,-24,29,9,0.45955165692007705,53,1
104,"(14,19)",,True,27,"[14, 19, 5, 11, 3]",4,0.11461988304093501,-26,29,9,0.44590643274853803,55,1
105,"(14,19)",,True,27,"[14, 19, 5, 11, 3]",4,0.11461988304093501,-26,29,9,0.44590643274853803,55,1
106,"(0,5)",,True,27,"[0, 8, 19, 5, 10]",3,0.09941520467836201,-28,29,9,0.44590643274853803,57,1
107,"(0,5)",,True,27,"[0, 8, 19, 5, 10]",3,0.09941520467836201,-28,29,9,0.44590643274853803,57,1
108,"(6,12)",,True,27,"[2, 6, 17, 12, 19]",4,0.118908382066276,-30,29,9,0.419590643274853,59,1
109,"(6,12)",,True,27,"[2, 6, 17, 12, 19]",4,0.118908382066276,-30,29,9,0.419590643274853,59,1
110,"(0,15)",,True,27,"[12, 2, 0, 19, 15]",3,0.09941520467836201,-32,29,9,0.412280701754385,61,1
111,"(0,15)",,True,27,"[12, 2, 0, 19, 15]",3,0.09941520467836201,-32,29,9,0.412280701754385,61,1
112,3:20,assassinate,True,18,"[15, 18, 17, 10, 3]",3,0.07602339181286501,-34,29,8,0.36549707602339104,63,1
113,3:20,assassinate,True,18,"[15, 18, 17, 10, 3]",3,0.07602339181286501,-34,29,8,0.36549707602339104,63,1
114,"(1,7)",,True,18,"[1, 15, 5, 13, 7]",3,0.0029239766081870003,-36,29,9,0.33479532163742604,65,1
115,"(1,7)",,True,18,"[1, 15, 5, 13, 7]",3,0.0029239766081870003,-36,29,9,0.33479532163742604,65,1
116,"(0,14)",,True,19,"[0, 4, 17, 14, 9]",4,0.078947368421052,-38,29,9,0.388888888888888,67,1
117,"(0,14)",,True,19,"[0, 4, 17, 14, 9]",4,0.078947368421052,-38,29,9,0.388888888888888,67,1
118,"(14,1)",,True,22,"[5, 0, 12, 14, 1]",4,0.08089668615984401,-40,29,10,0.344639376218323,69,1
119,"(14,1)",,True,22,"[5, 0, 12, 14, 1]",4,0.08089668615984401,-40,29,10,0.344639376218323,69,1
120,"(3,13)",,True,24,"[19, 3, 8, 13, 2]",4,0.16861598440545802,-42,29,10,0.46890838206627605,71,1
121,"(3,13)",,True,24,"[19, 3, 8, 13, 2]",4,0.16861598440545802,-42,29,10,0.46890838206627605,71,1
122,"(1,17)",,True,26,"[18, 16, 1, 17, 5]",4,0.058507379560011,-44,29,11,0.47304372041214104,73,1
123,"(1,17)",,True,26,"[18, 16, 1, 17, 5]",4,0.058507379560011,-44,29,11,0.47304372041214104,73,1
124,"(1,15)",,True,28,"[1, 19, 6, 15, 13]",4,0.06338067390698901,-46,29,12,0.5393205235310491,75,1
125,"(1,15)",,True,28,"[1, 19, 6, 15, 13]",4,0.06338067390698901,-46,29,12,0.5393205235310491,75,1
126,"(6,15)",,True,30,"[11, 6, 13, 15, 3]",4,0.066207184628237,-48,29,12,0.604037872458925,77,1
127,"(6,15)",,True,30,"[11, 6, 13, 15, 3]",4,0.066207184628237,-48,29,12,0.604037872458925,77,1
128,"(13,2)",,True,30,"[17, 14, 0, 13, 2]",4,0.06978557504873201,-50,29,11,0.544639376218323,79,1
129,"(13,2)",,True,30,"[17, 14, 0, 13, 2]",4,0.06978557504873201,-50,29,11,0.544639376218323,79,1
130,"(1,19)",,True,32,"[1, 15, 11, 19, 6]",4,0.067836257309941,-52,29,12,0.510526315789473,81,1
131,"(1,19)",,True,32,"[1, 15, 11, 19, 6]",4,0.067836257309941,-52,29,12,0.510526315789473,81,1
132,"(4,12)",,True,31,"[16, 4, 12, 9, 5]",4,0.052631578947368,-54,29,11,0.45224171539961006,83,1
133,"(4,12)",,True,31,"[16, 4, 12, 9, 5]",4,0.052631578947368,-54,29,11,0.45224171539961006,83,1
134,"(0,11)",,True,31,"[19, 0, 5, 9, 11]",3,0.042884990253411005,-56,29,11,0.45516569200779705,85,1
135,"(0,11)",,True,31,"[19, 0, 5, 9, 11]",3,0.042884990253411005,-56,29,11,0.45516569200779705,85,1
136,3:8,assassinate,True,28,"[3, 4, 0, 17, 11]",3,0.046783625730994004,-58,29,11,0.43567251461988304,87,1
137,3:8,assassinate,True,28,"[3, 4, 0, 17, 11]",3,0.046783625730994004,-58,29,11,0.43567251461988304,87,1
138,"(3,14)",,True,30,"[5, 3, 0, 14, 11]",3,0.07212475633528201,-60,29,11,0.48732943469785506,89,1
139,"(3,14)",,True,30,"[5, 3, 0, 14, 11]",3,0.07212475633528201,-60,29,11,0.48732943469785506,89,1
140,"(18,8)",,True,32,"[18, 9, 7, 8, 13]",3,0.06695906432748501,-62,29,11,0.51120857699805,91,1
141,"(18,8)",,True,32,"[18, 9, 7, 8, 13]",3,0.06695906432748501,-62,29,11,0.51120857699805,91,1
142,"(7,0)",,True,32,"[7, 19, 12, 0, 13]",2,0.038401559454191006,-64,29,11,0.475243664717348,93,1
143,"(7,0)",,True,32,"[7, 19, 12, 0, 13]",2,0.038401559454191006,-64,29,11,0.475243664717348,93,1
144,"(10,1)",,True,34,"[17, 10, 8, 14, 1]",2,0.0,-66,29,12,0.478947368421052,95,1
145,"(10,1)",,True,34,"[17, 10, 8, 14, 1]",2,0.0,-66,29,12,0.478947368421052,95,1
146,8:6,assassinate,True,32,"[13, 16, 8, 19, 10]",2,0.0,-68,29,12,0.45847953216374204,97,1
147,8:6,assassinate,True,32,"[13, 16, 8, 19, 10]",2,0.0,-68,29,12,0.45847953216374204,97,1
148,"(9,1)",,True,34,"[9, 7, 6, 1, 14]",2,0.0,-70,29,13,0.48732943469785506,99,1
149,"(9,1)",,True,34,"[9, 7, 6, 1, 14]",2,0.0,-70,29,13,0.48732943469785506,99,1
150,2:18,assassinate,True,27,"[5, 2, 16, 12, 17]",2,0.0,-72,29,12,0.5711500974658861,101,1
151,2:18,assassinate,True,27,"[5, 2, 16, 12, 17]",2,0.0,-72,29,12,0.5711500974658861,101,1
152,"(8,1)",,True,29,"[8, 1, 9, 18, 12]",3,0.043859649122807,-74,29,13,0.646198830409356,103,1
153,"(8,1)",,True,29,"[8, 1, 9, 18, 12]",3,0.043859649122807,-74,29,13,0.646198830409356,103,1
154,"(5,19)",,True,29,"[18, 0, 5, 6, 19]",3,0.043859649122807,-76,29,13,0.646198830409356,105,1
155,"(5,19)",,True,29,"[18, 0, 5, 6, 19]",3,0.043859649122807,-76,29,13,0.646198830409356,105,1
156,"(1,2)",,True,31,"[1, 9, 2, 11, 7]",4,0.101364522417153,-78,29,14,0.7222222222222221,107,1
157,"(1,2)",,True,31,"[1, 9, 2, 11, 7]",4,0.101364522417153,-78,29,14,0.7222222222222221,107,1
158,4:4,assassinate,True,30,"[4, 8, 9, 18, 17]",4,0.055555555555555004,-80,29,14,0.6491228070175431,109,1
159,4:4,assassinate,True,30,"[4, 8, 9, 18, 17]",4,0.055555555555555004,-80,29,14,0.6491228070175431,109,1
160,"(19,12)",,True,32,"[2, 9, 1, 19, 12]",4,0.055555555555555004,-82,29,14,0.607797270955165,111,1
161,"(19,12)",,True,32,"[2, 9, 1, 19, 12]",4,0.055555555555555004,-82,29,14,0.607797270955165,111,1
162,"(19,11)",,True,32,"[19, 11, 6, 7, 3]",4,0.05653021442495101,-84,29,14,0.6103313840155941,113,1
163,"(19,11)",,True,32,"[19, 11, 6, 7, 3]",4,0.05653021442495101,-84,29,14,0.6103313840155941,113,1
164,"(11,16)",,True,32,"[11, 7, 16, 8, 13]",4,0.046783625730994004,-86,29,14,0.5840155945419101,115,1
165,"(11,16)",,True,32,"[11, 7, 16, 8, 13]",4,0.046783625730994004,-86,29,14,0.5840155945419101,115,1
166,"(4,11)",,True,32,"[12, 6, 4, 11, 13]",4,0.140350877192982,-88,29,13,0.643274853801169,117,1
167,"(4,11)",,True,32,"[12, 6, 4, 11, 13]",4,0.140350877192982,-88,29,13,0.643274853801169,117,1
168,"(4,1)",,True,34,"[4, 1, 16, 7, 9]",4,0.137426900584795,-90,29,14,0.6339181286549701,119,1
169,"(4,1)",,True,34,"[4, 1, 16, 7, 9]",4,0.137426900584795,-90,29,14,0.6339181286549701,119,1
170,"(10,18)",,True,36,"[10, 11, 15, 18, 9]",4,0.065302144249512,-92,29,14,0.5970760233918121,121,1
171,"(10,18)",,True,36,"[10, 11, 15, 18, 9]",4,0.065302144249512,-92,29,14,0.5970760233918121,121,1
172,"(8,7)",,True,37,"[13, 8, 7, 12, 4]",4,0.065302144249512,-94,29,14,0.574101921470342,123,1
173,"(8,7)",,True,37,"[13, 8, 7, 12, 4]",4,0.065302144249512,-94,29,14,0.574101921470342,123,1
174,"(17,10)",,True,35,"[17, 10, 7, 6, 16]",4,0.062378167641325005,-96,29,13,0.502172096908938,125,1
175,"(17,10)",,True,35,"[17, 10, 7, 6, 16]",4,0.062378167641325005,-96,29,13,0.502172096908938,125,1
176,"(5,1)",,True,37,"[16, 5, 1, 7, 12]",4,0.06033138401559401,-98,29,14,0.48713450292397603,127,1
177,"(5,1)",,True,37,"[16, 5, 1, 7, 12]",4,0.06033138401559401,-98,29,14,0.48713450292397603,127,1
178,"(14,10)",,True,37,"[14, 7, 9, 10, 8]",5,0.09064327485380101,-100,29,14,0.507797270955165,129,1
179,"(14,10)",,True,37,"[14, 7, 9, 10, 8]",5,0.09064327485380101,-100,29,14,0.507797270955165,129,1
180,3:4,assassinate,True,36,"[13, 3, 6, 10, 17]",4,0.040448343079922004,-102,29,14,0.45516569200779705,131,1
181,3:4,assassinate,True,36,"[13, 3, 6, 10, 17]",4,0.040448343079922004,-102,29,14,0.45516569200779705,131,1
182,"(1,6)",,True,36,"[1, 4, 6, 14, 11]",4,0.035087719298245,-104,29,14,0.44824561403508706,133,1
183,"(1,6)",,True,36,"[1, 4, 6, 14, 11]",4,0.035087719298245,-104,29,14,0.44824561403508706,133,1
184,"(11,5)",,True,36,"[18, 10, 11, 5, 4]",4,0.035282651072124,-106,29,14,0.46883876357560506,135,1
185,"(11,5)",,True,36,"[18, 10, 11, 5, 4]",4,0.035282651072124,-106,29,14,0.46883876357560506,135,1
186,"(16,11)",,True,34,"[16, 18, 10, 11, 13]",4,0.074074074074074,-108,29,13,0.474171539961013,137,1
187,"(16,11)",,True,34,"[16, 18, 10, 11, 13]",4,0.074074074074074,-108,29,13,0.474171539961013,137,1
188,"(9,3)",,True,36,"[9, 3, 18, 2, 7]",4,0.08196881091617901,-110,29,13,0.52943469785575,139,1
189,"(9,3)",,True,36,"[9, 3, 18, 2, 7]",4,0.08196881091617901,-110,29,13,0.52943469785575,139,1
190,"(5,15)",,True,35,"[5, 12, 15, 8, 4]",4,0.114035087719298,-112,29,13,0.5565302144249511,141,1
191,"(5,15)",,True,35,"[5, 12, 15, 8, 4]",4,0.114035087719298,-112,29,13,0.5565302144249511,141,1
192,"(2,4)",,True,37,"[9, 2, 14, 13, 4]",4,0.11929824561403501,-114,29,13,0.600974658869395,143,1
193,"(2,4)",,True,37,"[9, 2, 14, 13, 4]",4,0.11929824561403501,-114,29,13,0.600974658869395,143,1
194,"(11,18)",,True,40,"[11, 19, 18, 15, 9]",4,0.046157059314954,-116,29,13,0.5049011417432471,145,1
195,"(11,18)",,True,40,"[11, 19, 18, 15, 9]",4,0.046157059314954,-116,29,13,0.5049011417432471,145,1
196,"(9,5)",,True,41,"[9, 17, 15, 5, 11]",4,0.044736842105263006,-118,29,13,0.47251461988304005,147,1
197,"(9,5)",,True,41,"[9, 17, 15, 5, 11]",4,0.044736842105263006,-118,29,13,0.47251461988304005,147,1
198,"(14,12)",,True,39,"[2, 14, 13, 12, 15]",4,0.045321637426900006,-120,29,12,0.467641325536062,149,1
199,"(14,12)",,True,39,"[2, 14, 13, 12, 15]",4,0.045321637426900006,-120,29,12,0.467641325536062,149,1
200,"(18,1)",,True,41,"[13, 18, 12, 1, 10]",4,0.016624895572263,-122,29,13,0.45327206906154205,151,1
201,"(18,1)",,True,41,"[13, 18, 12, 1, 10]",4,0.016624895572263,-122,29,13,0.45327206906154205,151,1
202,"(9,4)",,True,41,"[9, 3, 4, 7, 17]",5,0.054611908559276,-124,29,13,0.474096225412014,153,1
203,"(9,4)",,True,41,"[9, 3, 4, 7, 17]",5,0.054611908559276,-124,29,13,0.474096225412014,153,1
204,"(9,16)",,True,41,"[3, 9, 13, 5, 16]",5,0.052467659046606004,-126,29,13,0.46698121566542605,155,1
205,"(9,16)",,True,41,"[3, 9, 13, 5, 16]",5,0.052467659046606004,-126,29,13,0.46698121566542605,155,1
206,"(7,0)",,True,41,"[15, 7, 16, 10, 0]",4,0.016917293233082,-128,29,13,0.45441381230854905,157,1
207,"(7,0)",,True,41,"[15, 7, 16, 10, 0]",4,0.016917293233082,-128,29,13,0.45441381230854905,157,1
208,"(11,12)",,True,42,"[11, 12, 17, 6, 8]",6,0.060387078808131,-130,29,13,0.446714007240322,159,1
209,"(11,12)",,True,42,"[11, 12, 17, 6, 8]",6,0.060387078808131,-130,29,13,0.446714007240322,159,1
210,"(6,15)",,True,42,"[16, 6, 15, 11, 19]",6,0.057852965747702004,-132,29,13,0.410456697298802,161,1
211,"(6,15)",,True,42,"[16, 6, 15, 11, 19]",6,0.057852965747702004,-132,29,13,0.410456697298802,161,1
212,"(7,19)",,True,44,"[7, 0, 15, 19, 9]",6,0.05756056808688301,-134,29,13,0.381119465329991,163,1
213,"(7,19)",,True,44,"[7, 0, 15, 19, 9]",6,0.05756056808688301,-134,29,13,0.381119465329991,163,1
214,"(0,17)",,True,45,"[10, 16, 0, 7, 17]",5,0.039828738512949005,-136,29,13,0.36250348092453305,165,1
215,"(0,17)",,True,45,"[10, 16, 0, 7, 17]",5,0.039828738512949005,-136,29,13,0.36250348092453305,165,1
216,"(9,13)",,True,45,"[15, 14, 9, 13, 5]",5,0.034857978279030005,-138,29,13,0.372152603731551,167,1
217,"(9,13)",,True,45,"[15, 14, 9, 13, 5]",5,0.034857978279030005,-138,29,13,0.372152603731551,167,1
218,8:8,assassinate,True,43,"[3, 7, 16, 19, 8]",5,0.032846003898635005,-140,29,13,0.36189083820662704,169,1
219,8:8,assassinate,True,43,"[3, 7, 16, 19, 8]",5,0.032846003898635005,-140,29,13,0.36189083820662704,169,1
220,"(17,8)",,True,43,"[10, 6, 11, 17, 8]",5,0.055235310498468006,-142,29,12,0.392314118629908,171,1
221,"(17,8)",,True,43,"[10, 6, 11, 17, 8]",5,0.055235310498468006,-142,29,12,0.392314118629908,171,1
222,"(11,14)",,True,43,"[17, 3, 11, 0, 14]",5,0.049818991924255006,-144,29,12,0.32538290169869105,173,1
223,"(11,14)",,True,43,"[17, 3, 11, 0, 14]",5,0.049818991924255006,-144,29,12,0.32538290169869105,173,1
224,"(8,19)",,True,46,"[18, 8, 15, 19, 14]",7,0.140225563909774,-146,29,12,0.31925879513598804,175,1
225,"(8,19)",,True,46,"[18, 8, 15, 19, 14]",7,0.140225563909774,-146,29,12,0.31925879513598804,175,1
226,"(17,8)",,True,48,"[11, 12, 17, 16, 8]",7,0.13413394597605102,-148,29,12,0.281149633342615,177,1
227,"(17,8)",,True,48,"[11, 12, 17, 16, 8]",7,0.13413394597605102,-148,29,12,0.281149633342615,177,1
228,"(15,1)",,True,51,"[5, 12, 15, 1, 19]",7,0.12474241158451602,-150,29,13,0.288707880813143,179,1
229,"(15,1)",,True,51,"[5, 12, 15, 1, 19]",7,0.12474241158451602,-150,29,13,0.288707880813143,179,1
230,"(0,5)",,True,51,"[8, 0, 12, 5, 16]",7,0.12474241158451602,-152,29,13,0.288707880813143,181,1
231,"(0,5)",,True,51,"[8, 0, 12, 5, 16]",7,0.12474241158451602,-152,29,13,0.288707880813143,181,1
232,11:18,assassinate,True,43,"[16, 19, 11, 13, 0]",7,0.12956001113895801,-154,29,12,0.31287477954144605,183,1
233,11:18,assassinate,True,43,"[16, 19, 11, 13, 0]",7,0.12956001113895801,-154,29,12,0.31287477954144605,183,1
234,"(11,1)",,True,45,"[11, 13, 1, 6, 8]",7,0.138429406850459,-156,29,13,0.40585723568179705,185,1
235,"(11,1)",,True,45,"[11, 13, 1, 6, 8]",7,0.138429406850459,-156,29,13,0.40585723568179705,185,1
236,6:10,assassinate,True,41,"[7, 17, 6, 12, 11]",7,0.140086326928432,-158,29,13,0.39448621553884705,187,1
237,6:10,assassinate,True,41,"[7, 17, 6, 12, 11]",7,0.140086326928432,-158,29,13,0.39448621553884705,187,1
238,"(11,6)",,True,41,"[19, 11, 12, 6, 4]",7,0.17059314954051702,-160,29,12,0.45754664438874904,189,1
239,"(11,6)",,True,41,"[19, 11, 12, 6, 4]",7,0.17059314954051702,-160,29,12,0.45754664438874904,189,1
240,"(5,11)",,True,41,"[14, 7, 5, 11, 2]",7,0.16265664160401,-162,29,11,0.336772486772486,191,1
241,"(5,11)",,True,41,"[14, 7, 5, 11, 2]",7,0.16265664160401,-162,29,11,0.336772486772486,191,1
242,"(5,11)",,True,41,"[5, 11, 7, 19, 2]",7,0.16265664160401,-164,29,11,0.336772486772486,193,1
243,"(5,11)",,True,41,"[5, 11, 7, 19, 2]",7,0.16265664160401,-164,29,11,0.336772486772486,193,1
244,"(12,5)",,True,41,"[12, 18, 2, 5, 14]",7,0.16895015316067902,-166,29,11,0.35917571707045304,195,1
245,"(12,5)",,True,41,"[12, 18, 2, 5, 14]",7,0.16895015316067902,-166,29,11,0.35917571707045304,195,1
246,"(15,11)",,True,43,"[12, 16, 18, 15, 11]",7,0.184984670949583,-168,29,11,0.298364776873548,197,1
247,"(15,11)",,True,43,"[12, 16, 18, 15, 11]",7,0.184984670949583,-168,29,11,0.298364776873548,197,1
248,"(3,0)",,True,41,"[18, 3, 0, 9, 5]",6,0.06991552956465201,-170,29,11,0.36690569015130403,199,1
249,"(3,0)",,True,41,"[18, 3, 0, 9, 5]",6,0.06991552956465201,-170,29,11,0.36690569015130403,199,1
250,2:6,assassinate,True,39,"[7, 8, 11, 2, 10]",5,0.038823911630929006,-172,29,11,0.31612596305578705,201,1
251,2:6,assassinate,True,39,"[7, 8, 11, 2, 10]",5,0.038823911630929006,-172,29,11,0.31612596305578705,201,1
252,6:4,assassinate,True,38,"[17, 16, 10, 7, 6]",5,0.038823911630929006,-174,29,11,0.287860855843312,203,1
253,6:4,assassinate,True,38,"[17, 16, 10, 7, 6]",5,0.038823911630929006,-174,29,11,0.287860855843312,203,1
254,"(2,4)",,True,38,"[2, 18, 19, 9, 4]",5,0.04522417153996101,-176,29,10,0.31920077972709504,205,1
255,"(2,4)",,True,38,"[2, 18, 19, 9, 4]",5,0.04522417153996101,-176,29,10,0.31920077972709504,205,1
256,"(15,4)",,True,38,"[16, 15, 4, 17, 19]",6,0.102729044834307,-178,29,10,0.31237816764132503,207,1
257,"(15,4)",,True,38,"[16, 15, 4, 17, 19]",6,0.102729044834307,-178,29,10,0.31237816764132503,207,1
258,7:8,assassinate,True,36,"[8, 19, 11, 13, 7]",5,0.05721247563352801,-180,29,10,0.24025341130604203,209,1
259,7:8,assassinate,True,36,"[8, 19, 11, 13, 7]",5,0.05721247563352801,-180,29,10,0.24025341130604203,209,1
260,"(14,12)",,True,37,"[4, 3, 14, 8, 12]",5,0.05721247563352801,-182,29,10,0.23265107212475603,211,1
261,"(14,12)",,True,37,"[4, 3, 14, 8, 12]",5,0.05721247563352801,-182,29,10,0.23265107212475603,211,1
262,19:10,assassinate,True,31,"[11, 17, 19, 5, 13]",5,0.129629629629629,-184,29,9,0.23810916179337202,213,1
263,19:10,assassinate,True,31,"[11, 17, 19, 5, 13]",5,0.129629629629629,-184,29,9,0.23810916179337202,213,1
264,"(19,12)",,True,30,"[14, 3, 19, 2, 12]",5,0.16393762183235802,-186,29,7,0.21812865497076,215,1
265,"(19,12)",,True,30,"[14, 3, 19, 2, 12]",5,0.16393762183235802,-186,29,7,0.21812865497076,215,1
266,4:6,assassinate,True,26,"[4, 14, 17, 9, 16]",4,0.10350877192982401,-188,29,6,0.22592592592592503,217,1
267,4:6,assassinate,True,26,"[4, 14, 17, 9, 16]",4,0.10350877192982401,-188,29,6,0.22592592592592503,217,1
268,"(1,7)",,True,28,"[1, 11, 2, 8, 7]",5,0.13441938178780202,-190,29,7,0.27697020328599203,219,1
269,"(1,7)",,True,28,"[1, 11, 2, 8, 7]",5,0.13441938178780202,-190,29,7,0.27697020328599203,219,1
270,10:8,assassinate,True,25,"[10, 11, 1, 5, 0]",4,0.10565302144249501,-192,29,7,0.276023391812865,221,1
271,10:8,assassinate,True,25,"[10, 11, 1, 5, 0]",4,0.10565302144249501,-192,29,7,0.276023391812865,221,1
272,"(0,17)",,True,22,"[18, 0, 16, 8, 17]",3,0.08615984405458,-192,30,5,0.15204678362573001,222,1
273,"(0,17)",,True,22,"[18, 0, 16, 8, 17]",3,0.08615984405458,-192,30,5,0.15204678362573001,222,1
274,"(10,1)",,True,25,"[10, 4, 12, 1, 5]",3,0.097465886939571,-194,30,6,0.20175438596491202,224,1
275,"(10,1)",,True,25,"[10, 4, 12, 1, 5]",3,0.097465886939571,-194,30,6,0.20175438596491202,224,1
276,11:10,assassinate,True,21,"[16, 11, 1, 3, 7]",2,0.16374269005847902,-196,30,6,0.35672514619883,226,1
277,11:10,assassinate,True,21,"[16, 11, 1, 3, 7]",2,0.16374269005847902,-196,30,6,0.35672514619883,226,1
278,"(6,19)",,True,21,"[2, 6, 15, 19, 9]",2,0.07309941520467801,-198,30,6,0.26608187134502903,228,1
279,"(6,19)",,True,21,"[2, 6, 15, 19, 9]",2,0.07309941520467801,-198,30,6,0.26608187134502903,228,1
280,13:12,assassinate,True,16,"[2, 9, 14, 13, 19]",3,0.127680311890838,-200,30,6,0.27290448343079904,230,1
281,13:12,assassinate,True,16,"[2, 9, 14, 13, 19]",3,0.127680311890838,-200,30,6,0.27290448343079904,230,1
282,"(1,0)",,True,16,"[8, 9, 1, 0, 4]",2,0.040935672514619006,-202,30,5,0.26315789473684204,232,1
283,"(1,0)",,True,16,"[8, 9, 1, 0, 4]",2,0.040935672514619006,-202,30,5,0.26315789473684204,232,1
284,"(7,10)",,True,18,"[17, 7, 10, 2, 12]",2,0.040935672514619006,-204,30,5,0.415204678362573,234,1
285,"(7,10)",,True,18,"[17, 7, 10, 2, 12]",2,0.040935672514619006,-204,30,5,0.415204678362573,234,1
286,"(2,5)",,True,20,"[12, 11, 2, 5, 3]",2,0.066276803118908,-206,30,5,0.39376218323586704,236,1
287,"(2,5)",,True,20,"[12, 11, 2, 5, 3]",2,0.066276803118908,-206,30,5,0.39376218323586704,236,1
288,"(3,13)",,True,21,"[4, 9, 3, 16, 13]",2,0.035087719298245,-208,30,5,0.40935672514619803,238,1
289,"(3,13)",,True,21,"[4, 9, 3, 16, 13]",2,0.035087719298245,-208,30,5,0.40935672514619803,238,1
290,19:6,assassinate,True,19,"[16, 19, 0, 5, 9]",2,0.017543859649122,-210,30,5,0.456140350877192,240,1
291,19:6,assassinate,True,19,"[16, 19, 0, 5, 9]",2,0.017543859649122,-210,30,5,0.456140350877192,240,1
292,"(6,1)",,True,21,"[6, 14, 1, 2, 11]",2,0.055555555555555004,-212,30,6,0.42202729044834303,242,1
293,"(6,1)",,True,21,"[6, 14, 1, 2, 11]",2,0.055555555555555004,-212,30,6,0.42202729044834303,242,1
294,"(9,1)",,True,23,"[9, 10, 14, 4, 1]",3,0.08674463937621801,-214,30,7,0.44395711500974605,244,1
295,"(9,1)",,True,23,"[9, 10, 14, 4, 1]",3,0.08674463937621801,-214,30,7,0.44395711500974605,244,1
296,"(13,1)",,True,25,"[13, 1, 0, 16, 6]",3,0.076510721247563,-216,30,8,0.45126705653021404,246,1
297,"(13,1)",,True,25,"[13, 1, 0, 16, 6]",3,0.076510721247563,-216,30,8,0.45126705653021404,246,1
298,"(0,18)",,True,26,"[2, 0, 13, 18, 14]",4,0.09590643274853801,-218,30,8,0.43021442495126705,248,1
299,"(0,18)",,True,26,"[2, 0, 13, 18, 14]",4,0.09590643274853801,-218,30,8,0.43021442495126705,248,1
300,"(19,10)",,True,28,"[19, 7, 13, 17, 10]",4,0.10116959064327401,-220,30,8,0.433333333333333,250,1
301,"(19,10)",,True,28,"[19, 7, 13, 17, 10]",4,0.10116959064327401,-220,30,8,0.433333333333333,250,1
302,"(1,3)",,True,31,"[18, 5, 1, 3, 4]",4,0.09844054580896601,-222,30,9,0.32787524366471704,252,1
303,"(1,3)",,True,31,"[18, 5, 1, 3, 4]",4,0.09844054580896601,-222,30,9,0.32787524366471704,252,1
304,"(2,1)",,True,33,"[3, 2, 1, 18, 6]",4,0.060818713450292,-224,30,10,0.320175438596491,254,1
305,"(2,1)",,True,33,"[3, 2, 1, 18, 6]",4,0.060818713450292,-224,30,10,0.320175438596491,254,1
306,7:6,assassinate,True,31,"[7, 13, 9, 16, 6]",4,0.060818713450292,-226,30,10,0.308089668615984,256,1
307,7:6,assassinate,True,31,"[7, 13, 9, 16, 6]",4,0.060818713450292,-226,30,10,0.308089668615984,256,1
308,"(15,1)",,True,34,"[16, 15, 14, 2, 1]",4,0.049902534113060004,-228,30,11,0.300048732943469,258,1
309,"(15,1)",,True,34,"[16, 15, 14, 2, 1]",4,0.049902534113060004,-228,30,11,0.300048732943469,258,1
310,"(1,19)",,True,34,"[2, 13, 18, 1, 19]",4,0.050341130604288006,-230,30,11,0.30799220272904404,260,1
311,"(1,19)",,True,34,"[2, 13, 18, 1, 19]",4,0.050341130604288006,-230,30,11,0.30799220272904404,260,1
312,7:2,assassinate,True,35,"[18, 7, 3, 11, 12]",5,0.07749930381509301,-232,30,11,0.29379003063213505,262,1
313,7:2,assassinate,True,35,"[18, 7, 3, 11, 12]",5,0.07749930381509301,-232,30,11,0.29379003063213505,262,1
314,"(0,2)",,True,33,"[0, 2, 1, 14, 15]",4,0.049429128376496004,-234,30,10,0.31032210155017104,264,1
315,"(0,2)",,True,33,"[0, 2, 1, 14, 15]",4,0.049429128376496004,-234,30,10,0.31032210155017104,264,1
316,"(17,0)",,True,33,"[17, 11, 13, 0, 7]",3,0.016569200779727,-236,30,10,0.28625730994152004,266,1
317,"(17,0)",,True,33,"[17, 11, 13, 0, 7]",3,0.016569200779727,-236,30,10,0.28625730994152004,266,1
318,"(19,7)",,True,33,"[19, 18, 13, 4, 7]",3,0.016569200779727,-238,30,10,0.32173489278752404,268,1
319,"(19,7)",,True,33,"[19, 18, 13, 4, 7]",3,0.016569200779727,-238,30,10,0.32173489278752404,268,1
320,"(14,10)",,True,34,"[14, 1, 10, 19, 15]",5,0.06474519632414301,-240,30,10,0.325758841548315,270,1
321,"(14,10)",,True,34,"[14, 1, 10, 19, 15]",5,0.06474519632414301,-240,30,10,0.325758841548315,270,1
322,"(0,12)",,True,32,"[16, 0, 17, 12, 9]",4,0.057309941520467006,-242,30,10,0.35800612642717905,272,1
323,"(0,12)",,True,32,"[16, 0, 17, 12, 9]",4,0.057309941520467006,-242,30,10,0.35800612642717905,272,1
324,"(9,0)",,True,32,"[9, 14, 1, 0, 13]",3,0.040559732664995005,-244,30,10,0.34236981342244405,274,1
325,"(9,0)",,True,32,"[9, 14, 1, 0, 13]",3,0.040559732664995005,-244,30,10,0.34236981342244405,274,1
326,"(18,15)",,True,35,"[5, 18, 17, 15, 0]",5,0.165316067947646,-246,30,10,0.314759120022277,276,1
327,"(18,15)",,True,35,"[5, 18, 17, 15, 0]",5,0.165316067947646,-246,30,10,0.314759120022277,276,1
328,"(16,1)",,True,36,"[17, 16, 9, 1, 5]",5,0.22254710851202003,-248,30,11,0.355620532813515,278,1
329,"(16,1)",,True,36,"[17, 16, 9, 1, 5]",5,0.22254710851202003,-248,30,11,0.355620532813515,278,1
330,"(6,1)",,True,38,"[16, 6, 1, 7, 11]",5,0.141812865497076,-250,30,12,0.387566137566137,280,1
331,"(6,1)",,True,38,"[16, 6, 1, 7, 11]",5,0.141812865497076,-250,30,12,0.387566137566137,280,1
332,11:2,assassinate,True,36,"[6, 11, 7, 12, 3]",4,0.042397660818713004,-252,30,11,0.31098579782790303,282,1
333,11:2,assassinate,True,36,"[6, 11, 7, 12, 3]",4,0.042397660818713004,-252,30,11,0.31098579782790303,282,1
334,18:12,assassinate,True,29,"[7, 3, 19, 18, 6]",4,0.06432748538011601,-254,30,10,0.32027290448343004,284,1
335,18:12,assassinate,True,29,"[7, 3, 19, 18, 6]",4,0.06432748538011601,-254,30,10,0.32027290448343004,284,1
336,"(2,5)",,True,27,"[19, 9, 14, 2, 5]",4,0.13118908382066202,-256,30,9,0.296881091617933,286,1
337,"(2,5)",,True,27,"[19, 9, 14, 2, 5]",4,0.13118908382066202,-256,30,9,0.296881091617933,286,1
338,"(2,18)",,True,29,"[3, 2, 7, 18, 9]",4,0.158479532163742,-258,30,9,0.324756335282651,288,1
339,"(2,18)",,True,29,"[3, 2, 7, 18, 9]",4,0.158479532163742,-258,30,9,0.324756335282651,288,1
340,"(11,1)",,True,31,"[12, 11, 5, 16, 1]",4,0.160818713450292,-260,30,10,0.38576998050682204,290,1
341,"(11,1)",,True,31,"[12, 11, 5, 16, 1]",4,0.160818713450292,-260,30,10,0.38576998050682204,290,1
342,"(8,1)",,True,33,"[14, 9, 8, 17, 1]",4,0.170175438596491,-262,30,11,0.46140350877192904,292,1
343,"(8,1)",,True,33,"[14, 9, 8, 17, 1]",4,0.170175438596491,-262,30,11,0.46140350877192904,292,1
344,"(4,13)",,True,36,"[4, 8, 13, 5, 18]",4,0.134697855750487,-264,30,11,0.42943469785575006,294,1
345,"(4,13)",,True,36,"[4, 8, 13, 5, 18]",4,0.134697855750487,-264,30,11,0.42943469785575006,294,1
346,"(1,3)",,True,39,"[1, 7, 3, 5, 14]",4,0.12027543606490901,-266,30,12,0.442611579453684,296,1
347,"(1,3)",,True,39,"[1, 7, 3, 5, 14]",4,0.12027543606490901,-266,30,12,0.442611579453684,296,1
348,"(2,18)",,True,39,"[11, 2, 18, 15, 3]",5,0.138262322472848,-268,30,12,0.41785018100807503,298,1
349,"(2,18)",,True,39,"[11, 2, 18, 15, 3]",5,0.138262322472848,-268,30,12,0.41785018100807503,298,1
350,"(0,6)",,True,37,"[3, 0, 12, 16, 6]",4,0.11487050960735101,-270,30,11,0.33968253968253903,300,1
351,"(0,6)",,True,37,"[3, 0, 12, 16, 6]",4,0.11487050960735101,-270,30,11,0.33968253968253903,300,1
352,"(19,0)",,True,37,"[16, 19, 17, 18, 0]",3,0.103174603174603,-272,30,11,0.327889167362851,302,1
353,"(19,0)",,True,37,"[16, 19, 17, 18, 0]",3,0.103174603174603,-272,30,11,0.327889167362851,302,1
354,"(13,3)",,True,37,"[13, 3, 17, 15, 18]",3,0.10331384015594501,-274,30,11,0.32855750487329405,304,1
355,"(13,3)",,True,37,"[13, 3, 17, 15, 18]",3,0.10331384015594501,-274,30,11,0.32855750487329405,304,1
356,9:6,assassinate,True,33,"[9, 15, 2, 16, 17]",3,0.096491228070175,-276,30,10,0.30465051517683,306,1
357,9:6,assassinate,True,33,"[9, 15, 2, 16, 17]",3,0.096491228070175,-276,30,10,0.30465051517683,306,1
358,"(8,1)",,True,35,"[8, 1, 0, 6, 5]",3,0.011695906432748001,-278,30,11,0.31849067112225,308,1
359,"(8,1)",,True,35,"[8, 1, 0, 6, 5]",3,0.011695906432748001,-278,30,11,0.31849067112225,308,1
360,10:16,assassinate,True,28,"[1, 5, 8, 4, 10]",3,0.011695906432748001,-280,30,10,0.34736842105263105,310,1
361,10:16,assassinate,True,28,"[1, 5, 8, 4, 10]",3,0.011695906432748001,-280,30,10,0.34736842105263105,310,1
362,"(14,6)",,True,29,"[4, 14, 6, 18, 7]",4,0.105263157894736,-282,30,9,0.348343079922027,312,1
363,"(14,6)",,True,29,"[4, 14, 6, 18, 7]",4,0.105263157894736,-282,30,9,0.348343079922027,312,1
364,"(9,1)",,True,31,"[18, 8, 9, 1, 12]",4,0.025898078529657004,-284,30,10,0.35732386521860204,314,1
365,"(9,1)",,True,31,"[18, 8, 9, 1, 12]",4,0.025898078529657004,-284,30,10,0.35732386521860204,314,1
366,"(1,11)",,True,33,"[9, 15, 1, 11, 7]",4,0.023391812865497002,-286,30,11,0.40750487329434604,316,1
367,"(1,11)",,True,33,"[9, 15, 1, 11, 7]",4,0.023391812865497002,-286,30,11,0.40750487329434604,316,1
368,"(10,11)",,True,35,"[10, 11, 18, 0, 7]",5,0.053021442495126005,-288,30,11,0.488693957115009,318,1
369,"(10,11)",,True,35,"[10, 11, 18, 0, 7]",5,0.053021442495126005,-288,30,11,0.488693957115009,318,1
370,16:12,assassinate,True,30,"[13, 9, 8, 16, 6]",5,0.061793372319688004,-290,30,10,0.5046783625730991,320,1
371,16:12,assassinate,True,30,"[13, 9, 8, 16, 6]",5,0.061793372319688004,-290,30,10,0.5046783625730991,320,1
372,10:4,assassinate,True,29,"[10, 9, 2, 16, 5]",5,0.061793372319688004,-292,30,10,0.41111111111111104,322,1
373,10:4,assassinate,True,29,"[10, 9, 2, 16, 5]",5,0.061793372319688004,-292,30,10,0.41111111111111104,322,1
374,"(6,0)",,True,29,"[6, 13, 8, 17, 0]",5,0.061793372319688004,-294,30,10,0.41111111111111104,324,1
375,"(6,0)",,True,29,"[6, 13, 8, 17, 0]",5,0.061793372319688004,-294,30,10,0.41111111111111104,324,1
376,"(7,19)",,True,29,"[10, 18, 7, 19, 8]",6,0.11500974658869301,-296,30,10,0.37524366471734805,326,1
377,"(7,19)",,True,29,"[10, 18, 7, 19, 8]",6,0.11500974658869301,-296,30,10,0.37524366471734805,326,1
378,"(18,5)",,True,29,"[17, 18, 5, 16, 3]",6,0.11500974658869301,-298,30,10,0.37524366471734805,328,1
379,"(18,5)",,True,29,"[17, 18, 5, 16, 3]",6,0.11500974658869301,-298,30,10,0.37524366471734805,328,1
380,"(7,1)",,True,31,"[7, 6, 3, 17, 1]",6,0.11452241715399601,-300,30,11,0.40350877192982404,330,1
381,"(7,1)",,True,31,"[7, 6, 3, 17, 1]",6,0.11452241715399601,-300,30,11,0.40350877192982404,330,1
382,"(15,16)",,True,33,"[9, 3, 15, 6, 16]",6,0.11452241715399601,-302,30,11,0.43957115009746506,332,1
383,"(15,16)",,True,33,"[9, 3, 15, 6, 16]",6,0.11452241715399601,-302,30,11,0.43957115009746506,332,1
384,"(0,2)",,True,33,"[0, 15, 1, 2, 8]",5,0.096198830409356,-304,30,11,0.441228070175438,334,1
385,"(0,2)",,True,33,"[0, 15, 1, 2, 8]",5,0.096198830409356,-304,30,11,0.441228070175438,334,1
386,"(17,1)",,True,35,"[17, 5, 15, 16, 1]",5,0.088791423001949,-306,30,12,0.46218323586744603,336,1
387,"(17,1)",,True,35,"[17, 5, 15, 16, 1]",5,0.088791423001949,-306,30,12,0.46218323586744603,336,1
388,19:14,assassinate,True,29,"[12, 4, 7, 15, 19]",4,0.049707602339181006,-308,30,11,0.520565302144249,338,1
389,19:14,assassinate,True,29,"[12, 4, 7, 15, 19]",4,0.049707602339181006,-308,30,11,0.520565302144249,338,1
390,"(9,0)",,True,29,"[9, 7, 3, 0, 15]",3,0.041812865497076,-310,30,11,0.49688109161793304,340,1
391,"(9,0)",,True,29,"[9, 7, 3, 0, 15]",3,0.041812865497076,-310,30,11,0.49688109161793304,340,1
392,8:6,assassinate,True,25,"[3, 11, 7, 9, 8]",2,0.019005847953216002,-312,30,10,0.46725146198830403,342,1
393,8:6,assassinate,True,25,"[3, 11, 7, 9, 8]",2,0.019005847953216002,-312,30,10,0.46725146198830403,342,1
394,"(15,12)",,True,24,"[1, 15, 7, 12, 13]",2,0.019005847953216002,-314,30,9,0.303898635477582,344,1
395,"(15,12)",,True,24,"[1, 15, 7, 12, 13]",2,0.019005847953216002,-314,30,9,0.303898635477582,344,1
396,"(17,14)",,True,24,"[7, 13, 17, 12, 14]",2,0.087719298245614,-316,30,9,0.43810916179337206,346,1
397,"(17,14)",,True,24,"[7, 13, 17, 12, 14]",2,0.087719298245614,-316,30,9,0.43810916179337206,346,1
398,"(4,0)",,True,24,"[1, 3, 2, 4, 0]",2,0.087719298245614,-318,30,9,0.499512670565302,348,1
399,"(4,0)",,True,24,"[1, 3, 2, 4, 0]",2,0.087719298245614,-318,30,9,0.499512670565302,348,1
400,"(10,16)",,True,24,"[10, 5, 8, 16, 12]",2,0.011695906432748001,-320,30,9,0.27436647173489204,350,1
401,"(10,16)",,True,24,"[10, 5, 8, 16, 12]",2,0.011695906432748001,-320,30,9,0.27436647173489204,350,1
402,18:8,assassinate,True,21,"[6, 15, 18, 16, 5]",2,0.011695906432748001,-322,30,9,0.29385964912280704,352,1
403,18:8,assassinate,True,21,"[6, 15, 18, 16, 5]",2,0.011695906432748001,-322,30,9,0.29385964912280704,352,1
404,"(2,5)",,True,23,"[1, 2, 5, 14, 11]",2,0.011695906432748001,-324,30,9,0.237621832358674,354,1
405,"(2,5)",,True,23,"[1, 2, 5, 14, 11]",2,0.011695906432748001,-324,30,9,0.237621832358674,354,1
406,"(15,17)",,True,25,"[6, 15, 16, 17, 5]",2,0.087719298245614,-326,30,9,0.40866054023948706,356,1
407,"(15,17)",,True,25,"[6, 15, 16, 17, 5]",2,0.087719298245614,-326,30,9,0.40866054023948706,356,1
408,"(18,9)",,True,27,"[2, 18, 11, 15, 9]",3,0.134502923976608,-328,30,9,0.401350598719019,358,1
409,"(18,9)",,True,27,"[2, 18, 11, 15, 9]",3,0.134502923976608,-328,30,9,0.401350598719019,358,1
410,"(11,6)",,True,30,"[3, 11, 12, 6, 2]",3,0.054302422723475005,-330,30,9,0.35478975215817304,360,1
411,"(11,6)",,True,30,"[3, 11, 12, 6, 2]",3,0.054302422723475005,-330,30,9,0.35478975215817304,360,1
412,"(1,3)",,True,32,"[1, 12, 3, 14, 17]",3,0.047953216374269005,-332,30,10,0.32358674463937603,362,1
413,"(1,3)",,True,32,"[1, 12, 3, 14, 17]",3,0.047953216374269005,-332,30,10,0.32358674463937603,362,1
414,"(10,13)",,True,35,"[7, 0, 10, 13, 15]",3,0.03104984683932,-334,30,10,0.28925090504037804,364,1
415,"(10,13)",,True,35,"[7, 0, 10, 13, 15]",3,0.03104984683932,-334,30,10,0.28925090504037804,364,1
416,"(2,5)",,True,33,"[10, 11, 2, 3, 5]",3,0.03104984683932,-336,30,9,0.204455583402951,366,1
417,"(2,5)",,True,33,"[10, 11, 2, 3, 5]",3,0.03104984683932,-336,30,9,0.204455583402951,366,1
418,4:12,assassinate,True,29,"[17, 9, 13, 4, 19]",2,0.008145363408521001,-338,30,9,0.21073517126148703,368,1
419,4:12,assassinate,True,29,"[17, 9, 13, 4, 19]",2,0.008145363408521001,-338,30,9,0.21073517126148703,368,1
420,"(7,19)",,True,28,"[15, 7, 19, 5, 3]",2,0.008145363408521001,-340,30,7,0.133639654692286,370,1
421,"(7,19)",,True,28,"[15, 7, 19, 5, 3]",2,0.008145363408521001,-340,30,7,0.133639654692286,370,1
422,3:6,assassinate,True,24,"[12, 3, 11, 5, 8]",1,0.0,-342,30,7,0.12329434697855701,372,1
423,3:6,assassinate,True,24,"[12, 3, 11, 5, 8]",1,0.0,-342,30,7,0.12329434697855701,372,1
424,"(14,2)",,True,26,"[13, 14, 2, 9, 10]",1,0.0,-344,30,7,0.150306321358952,374,1
425,"(14,2)",,True,26,"[13, 14, 2, 9, 10]",1,0.0,-344,30,7,0.150306321358952,374,1
426,"(9,7)",,True,26,"[9, 13, 11, 7, 5]",1,0.0,-346,30,6,0.153703703703703,376,1
427,"(9,7)",,True,26,"[9, 13, 11, 7, 5]",1,0.0,-346,30,6,0.153703703703703,376,1
428,"(8,1)",,True,28,"[8, 14, 5, 3, 1]",2,0.09356725146198801,-348,30,7,0.24727095516569103,378,1
429,"(8,1)",,True,28,"[8, 14, 5, 3, 1]",2,0.09356725146198801,-348,30,7,0.24727095516569103,378,1
430,"(17,6)",,True,28,"[2, 18, 17, 6, 16]",2,0.0,-350,30,6,0.121539961013645,380,1
431,"(17,6)",,True,28,"[2, 18, 17, 6, 16]",2,0.0,-350,30,6,0.121539961013645,380,1
432,11:8,assassinate,True,25,"[11, 10, 16, 7, 19]",3,0.042884990253411005,-352,30,5,0.148148148148148,382,1
433,11:8,assassinate,True,25,"[11, 10, 16, 7, 19]",3,0.042884990253411005,-352,30,5,0.148148148148148,382,1
434,17:10,assassinate,True,21,"[5, 14, 2, 17, 6]",2,0.08187134502923901,-354,30,5,0.29142300194931703,384,1
435,17:10,assassinate,True,21,"[5, 14, 2, 17, 6]",2,0.08187134502923901,-354,30,5,0.29142300194931703,384,1
436,"(3,7)",,True,23,"[3, 11, 7, 13, 0]",3,0.10233918128654901,-356,30,5,0.16861598440545802,386,1
437,"(3,7)",,True,23,"[3, 11, 7, 13, 0]",3,0.10233918128654901,-356,30,5,0.16861598440545802,386,1
438,"(1,0)",,True,26,"[16, 1, 12, 0, 15]",5,0.19980506822612001,-354,32,6,0.19736842105263103,386,1
439,"(1,0)",,True,26,"[16, 1, 12, 0, 15]",5,0.19980506822612001,-354,32,6,0.19736842105263103,386,1
440,19:6,assassinate,True,24,"[16, 4, 3, 5, 19]",5,0.188109161793372,-352,34,6,0.17787524366471702,386,1
441,19:6,assassinate,True,24,"[16, 4, 3, 5, 19]",5,0.188109161793372,-352,34,6,0.17787524366471702,386,1
442,4:2,assassinate,True,24,"[4, 15, 5, 3, 6]",4,0.106237816764132,-352,35,6,0.107699805068226,387,1
443,4:2,assassinate,True,24,"[4, 15, 5, 3, 6]",4,0.106237816764132,-352,35,6,0.107699805068226,387,1
444,6:2,assassinate,True,24,"[10, 11, 6, 7, 9]",3,0.015594541910331002,-352,36,6,0.056042884990253006,388,1
445,6:2,assassinate,True,24,"[10, 11, 6, 7, 9]",3,0.015594541910331002,-352,36,6,0.056042884990253006,388,1
446,"(19,6)",,True,26,"[19, 6, 7, 4, 0]",3,0.009746588693957,-354,36,6,0.047270955165692005,390,1
447,"(19,6)",,True,26,"[19, 6, 7, 4, 0]",3,0.009746588693957,-354,36,6,0.047270955165692005,390,1
448,16:8,assassinate,True,23,"[12, 8, 2, 19, 16]",3,0.01308827624617,-356,36,6,0.11514898357003601,392,1
449,16:8,assassinate,True,23,"[12, 8, 2, 19, 16]",3,0.01308827624617,-356,36,6,0.11514898357003601,392,1
450,9:6,assassinate,True,21,"[8, 9, 6, 16, 4]",3,0.01308827624617,-358,36,6,0.06056808688387601,394,1
451,9:6,assassinate,True,21,"[8, 9, 6, 16, 4]",3,0.01308827624617,-358,36,6,0.06056808688387601,394,1
452,"(19,5)",,True,21,"[13, 0, 19, 6, 5]",3,0.019103313840155,-360,36,5,0.037621832358674,396,1
453,"(19,5)",,True,21,"[13, 0, 19, 6, 5]",3,0.019103313840155,-360,36,5,0.037621832358674,396,1
454,"(2,0)",,True,22,"[13, 2, 10, 8, 0]",2,0.0,-360,37,5,0.049902534113060004,397,1
455,"(2,0)",,True,22,"[13, 2, 10, 8, 0]",2,0.0,-360,37,5,0.049902534113060004,397,1
456,"(3,1)",,True,24,"[9, 19, 0, 3, 1]",3,0.09356725146198801,-362,37,6,0.330604288499025,399,1
457,"(3,1)",,True,24,"[9, 19, 0, 3, 1]",3,0.09356725146198801,-362,37,6,0.330604288499025,399,1
458,"(5,18)",,True,26,"[5, 7, 18, 0, 11]",4,0.142690058479532,-364,37,6,0.27329434697855703,401,1
459,"(5,18)",,True,26,"[5, 7, 18, 0, 11]",4,0.142690058479532,-364,37,6,0.27329434697855703,401,1
460,"(0,4)",,True,26,"[0, 4, 5, 16, 2]",4,0.142690058479532,-366,37,6,0.27329434697855703,403,1
461,"(0,4)",,True,26,"[0, 4, 5, 16, 2]",4,0.142690058479532,-366,37,6,0.27329434697855703,403,1
462,"(3,9)",,True,28,"[3, 9, 18, 2, 6]",5,0.281091617933723,-364,39,6,0.1953216374269,403,1
463,"(3,9)",,True,28,"[3, 9, 18, 2, 6]",5,0.281091617933723,-364,39,6,0.1953216374269,403,1
464,"(1,19)",,True,30,"[5, 1, 15, 0, 19]",5,0.26023391812865404,-362,41,7,0.22709551656920002,403,1
465,"(1,19)",,True,30,"[5, 1, 15, 0, 19]",5,0.26023391812865404,-362,41,7,0.22709551656920002,403,1
466,7:6,assassinate,True,28,"[6, 7, 14, 8, 17]",4,0.109161793372319,-362,42,7,0.12183235867446301,404,1
467,7:6,assassinate,True,28,"[6, 7, 14, 8, 17]",4,0.109161793372319,-362,42,7,0.12183235867446301,404,1
468,4:2,assassinate,True,26,"[6, 4, 16, 10, 7]",4,0.105263157894736,-360,44,6,0.045808966861598,404,1
469,4:2,assassinate,True,26,"[6, 4, 16, 10, 7]",4,0.105263157894736,-360,44,6,0.045808966861598,404,1
470,13:12,assassinate,True,19,"[13, 0, 6, 11, 2]",3,0.05847953216374201,-358,46,5,0.040935672514619006,404,1
471,13:12,assassinate,True,19,"[13, 0, 6, 11, 2]",3,0.05847953216374201,-358,46,5,0.040935672514619006,404,1
472,"(1,17)",,True,21,"[1, 12, 14, 16, 17]",3,0.012670565302144,-358,47,6,0.075048732943469,405,1
473,"(1,17)",,True,21,"[1, 12, 14, 16, 17]",3,0.012670565302144,-358,47,6,0.075048732943469,405,1
474,"(4,14)",,True,23,"[4, 18, 14, 7, 3]",3,0.012670565302144,-360,47,6,0.096491228070175,407,1
475,"(4,14)",,True,23,"[4, 18, 14, 7, 3]",3,0.012670565302144,-360,47,6,0.096491228070175,407,1
476,8:14,assassinate,True,17,"[13, 5, 6, 18, 8]",3,0.09064327485380101,-360,48,5,0.13157894736842102,408,1
477,8:14,assassinate,True,17,"[13, 5, 6, 18, 8]",3,0.09064327485380101,-360,48,5,0.13157894736842102,408,1
478,"(14,17)",,True,19,"[8, 5, 14, 16, 17]",3,0.06822612085769901,-362,48,5,0.183235867446393,410,1
479,"(14,17)",,True,19,"[8, 5, 14, 16, 17]",3,0.06822612085769901,-362,48,5,0.183235867446393,410,1
480,"(5,19)",,True,19,"[3, 5, 2, 6, 19]",3,0.06822612085769901,-364,48,5,0.148148148148148,412,1
481,"(5,19)",,True,19,"[3, 5, 2, 6, 19]",3,0.06822612085769901,-364,48,5,0.148148148148148,412,1
482,14:10,assassinate,True,15,"[10, 7, 12, 14, 13]",2,0.0,-366,48,5,0.11111111111111101,414,1
483,14:10,assassinate,True,15,"[10, 7, 12, 14, 13]",2,0.0,-366,48,5,0.11111111111111101,414,1
484,"(19,12)",,True,17,"[11, 19, 12, 6, 16]",2,0.0,-368,48,5,0.140350877192982,416,1
485,"(19,12)",,True,17,"[11, 19, 12, 6, 16]",2,0.0,-368,48,5,0.140350877192982,416,1
486,"(7,15)",,True,19,"[7, 10, 15, 18, 12]",2,0.0,-370,48,5,0.17153996101364502,418,1
487,"(7,15)",,True,19,"[7, 10, 15, 18, 12]",2,0.0,-370,48,5,0.17153996101364502,418,1
488,"(16,19)",,True,22,"[16, 14, 19, 15, 6]",4,0.17251461988304,-372,48,5,0.25730994152046704,420,1
489,"(16,19)",,True,22,"[16, 14, 19, 15, 6]",4,0.17251461988304,-372,48,5,0.25730994152046704,420,1
490,"(12,14)",,True,24,"[6, 12, 14, 10, 19]",4,0.142690058479532,-372,49,5,0.167446393762183,421,1
491,"(12,14)",,True,24,"[6, 12, 14, 10, 19]",4,0.142690058479532,-372,49,5,0.167446393762183,421,1
492,16:6,assassinate,True,22,"[19, 16, 14, 8, 0]",4,0.143274853801169,-372,50,5,0.16666666666666602,422,1
493,16:6,assassinate,True,22,"[19, 16, 14, 8, 0]",4,0.143274853801169,-372,50,5,0.16666666666666602,422,1
494,13:4,assassinate,True,21,"[14, 6, 13, 16, 4]",3,0.052631578947368,-372,51,5,0.122807017543859,423,1
495,13:4,assassinate,True,21,"[14, 6, 13, 16, 4]",3,0.052631578947368,-372,51,5,0.122807017543859,423,1
496,"(3,5)",,True,24,"[3, 8, 6, 10, 5]",3,0.035087719298245,-374,51,5,0.08187134502923901,425,1
497,"(3,5)",,True,24,"[3, 8, 6, 10, 5]",3,0.035087719298245,-374,51,5,0.08187134502923901,425,1
498,"(6,1)",,True,26,"[18, 6, 1, 19, 15]",3,0.029239766081871003,-376,51,6,0.112573099415204,427,1
499,"(6,1)",,True,26,"[18, 6, 1, 19, 15]",3,0.029239766081871003,-376,51,6,0.112573099415204,427,1
500,7:14,assassinate,True,20,"[5, 7, 17, 10, 12]",2,0.0,-378,51,6,0.109161793372319,429,1
501,7:14,assassinate,True,20,"[5, 7, 17, 10, 12]",2,0.0,-378,51,6,0.109161793372319,429,1
502,"(18,16)",,True,23,"[19, 18, 0, 16, 3]",2,0.0,-380,51,6,0.112865497076023,431,1
503,"(18,16)",,True,23,"[19, 18, 0, 16, 3]",2,0.0,-380,51,6,0.112865497076023,431,1
504,12:10,assassinate,True,17,"[12, 6, 11, 0, 5]",2,0.0,-382,51,5,0.154970760233918,433,1
505,12:10,assassinate,True,17,"[12, 6, 11, 0, 5]",2,0.0,-382,51,5,0.154970760233918,433,1
506,"(8,18)",,True,20,"[0, 8, 2, 18, 10]",4,0.0588693957115,-384,51,5,0.08343079922027201,435,1
507,"(8,18)",,True,20,"[0, 8, 2, 18, 10]",4,0.0588693957115,-384,51,5,0.08343079922027201,435,1
508,"(3,5)",,True,20,"[8, 4, 15, 3, 5]",5,0.090058479532163,-384,52,5,0.10194931773879101,436,1
509,"(3,5)",,True,20,"[8, 4, 15, 3, 5]",5,0.090058479532163,-384,52,5,0.10194931773879101,436,1
510,19:6,assassinate,True,16,"[19, 4, 14, 13, 1]",4,0.09064327485380101,-384,53,4,0.09941520467836201,437,1
511,19:6,assassinate,True,16,"[19, 4, 14, 13, 1]",4,0.09064327485380101,-384,53,4,0.09941520467836201,437,1
512,"(1,10)",,True,18,"[1, 18, 10, 12, 11]",4,0.175438596491228,-384,54,5,0.19590643274853803,438,1
513,"(1,10)",,True,18,"[1, 18, 10, 12, 11]",4,0.175438596491228,-384,54,5,0.19590643274853803,438,1
514,14:6,assassinate,True,16,"[15, 6, 2, 1, 14]",3,0.12865497076023302,-384,55,5,0.190058479532163,439,1
515,14:6,assassinate,True,16,"[15, 6, 2, 1, 14]",3,0.12865497076023302,-384,55,5,0.190058479532163,439,1
516,8:4,assassinate,True,12,"[15, 0, 8, 6, 19]",3,0.070175438596491,-382,57,3,0.040935672514619006,439,1
517,8:4,assassinate,True,12,"[15, 0, 8, 6, 19]",3,0.070175438596491,-382,57,3,0.040935672514619006,439,1
518,"(6,1)",,True,12,"[16, 14, 15, 6, 1]",3,0.105263157894736,-382,58,3,0.16374269005847902,440,1
519,"(6,1)",,True,12,"[16, 14, 15, 6, 1]",3,0.105263157894736,-382,58,3,0.16374269005847902,440,1
520,5:8,assassinate,True,9,"[5, 8, 10, 12, 16]",2,0.08187134502923901,-382,59,2,0.105263157894736,441,1
521,5:8,assassinate,True,9,"[5, 8, 10, 12, 16]",2,0.08187134502923901,-382,59,2,0.105263157894736,441,1
522,4:4,assassinate,True,8,"[9, 6, 3, 4, 8]",2,0.040935672514619006,-384,59,2,0.070175438596491,443,1
523,4:4,assassinate,True,8,"[9, 6, 3, 4, 8]",2,0.040935672514619006,-384,59,2,0.070175438596491,443,1
524,"(2,11)",,True,8,"[2, 11, 10, 19, 9]",1,0.0,-384,59,1,0.0,443,1
525,"(2,11)",,True,8,"[2, 11, 10, 19, 9]",1,0.0,-384,59,1,0.0,443,1
526,"(10,18)",,True,10,"[10, 18, 11, 5, 16]",1,0.0,-384,59,1,0.0,443,1
527,"(10,18)",,True,10,"[10, 18, 11, 5, 16]",1,0.0,-384,59,1,0.0,443,1
528,"(0,17)",,True,10,"[0, 14, 17, 3, 10]",1,0.0,-383,60,1,0.0,443,1
529,"(0,17)",,True,10,"[0, 14, 17, 3, 10]",1,0.0,-383,60,1,0.0,443,1
530,"(7,9)",,True,12,"[7, 9, 15, 4, 12]",1,0.0,-383,60,1,0.0,443,1
531,"(7,9)",,True,12,"[7, 9, 15, 4, 12]",1,0.0,-383,60,1,0.0,443,1
532,"(14,15)",,True,14,"[14, 15, 9, 17, 16]",1,0.0,-383,60,1,0.0,443,1
533,"(14,15)",,True,14,"[14, 15, 9, 17, 16]",1,0.0,-383,60,1,0.0,443,1
534,"(3,17)",,True,16,"[0, 3, 17, 7, 9]",1,0.0,-383,60,1,0.0,443,1
535,"(3,17)",,True,16,"[0, 3, 17, 7, 9]",1,0.0,-383,60,1,0.0,443,1
536,"(14,1)",,True,18,"[11, 16, 14, 1, 12]",1,0.0,-384,60,2,0.16374269005847902,444,1
537,"(14,1)",,True,18,"[11, 16, 14, 1, 12]",1,0.0,-384,60,2,0.16374269005847902,444,1
538,"(16,4)",,True,18,"[16, 2, 4, 6, 8]",1,0.0,-386,60,2,0.15204678362573001,446,1
539,"(16,4)",,True,18,"[16, 2, 4, 6, 8]",1,0.0,-386,60,2,0.15204678362573001,446,1
540,"(17,9)",,True,20,"[17, 9, 0, 2, 8]",1,0.0,-388,60,2,0.15204678362573001,448,1
541,"(17,9)",,True,20,"[17, 9, 0, 2, 8]",1,0.0,-388,60,2,0.15204678362573001,448,1
542,"(4,13)",,True,22,"[4, 11, 12, 13, 18]",1,0.0,-390,60,2,0.175438596491228,450,1
543,"(4,13)",,True,22,"[4, 11, 12, 13, 18]",1,0.0,-390,60,2,0.175438596491228,450,1
544,"(0,11)",,True,23,"[17, 4, 0, 18, 11]",2,0.050682261208576,-392,60,3,0.22027290448343,452,1
545,"(0,11)",,True,23,"[17, 4, 0, 18, 11]",2,0.050682261208576,-392,60,3,0.22027290448343,452,1
546,"(12,15)",,True,25,"[12, 15, 13, 4, 10]",3,0.18615984405458003,-394,60,3,0.276803118908382,454,1
547,"(12,15)",,True,25,"[12, 15, 13, 4, 10]",3,0.18615984405458003,-394,60,3,0.276803118908382,454,1
548,"(0,2)",,True,23,"[15, 13, 0, 2, 9]",2,0.023391812865497002,-394,61,2,0.044834307992202005,455,1
549,"(0,2)",,True,23,"[15, 13, 0, 2, 9]",2,0.023391812865497002,-394,61,2,0.044834307992202005,455,1
550,13:6,assassinate,True,21,"[10, 13, 12, 4, 19]",1,0.0,-396,61,2,0.07602339181286501,457,1
551,13:6,assassinate,True,21,"[10, 13, 12, 4, 19]",1,0.0,-396,61,2,0.07602339181286501,457,1
552,"(14,1)",,True,23,"[14, 7, 1, 8, 5]",1,0.0,-398,61,3,0.321637426900584,459,1
553,"(14,1)",,True,23,"[14, 7, 1, 8, 5]",1,0.0,-398,61,3,0.321637426900584,459,1
554,"(13,14)",,True,25,"[13, 14, 2, 0, 17]",1,0.0,-400,61,3,0.40350877192982404,461,1
555,"(13,14)",,True,25,"[13, 14, 2, 0, 17]",1,0.0,-400,61,3,0.40350877192982404,461,1
556,"(12,6)",,True,25,"[12, 15, 6, 13, 18]",1,0.0,-402,61,2,0.09941520467836201,463,1
557,"(12,6)",,True,25,"[12, 15, 6, 13, 18]",1,0.0,-402,61,2,0.09941520467836201,463,1
558,"(14,8)",,True,27,"[6, 14, 12, 7, 8]",2,0.011695906432748001,-402,62,2,0.036062378167641004,464,1
559,"(14,8)",,True,27,"[6, 14, 12, 7, 8]",2,0.011695906432748001,-402,62,2,0.036062378167641004,464,1
560,"(1,10)",,True,29,"[13, 8, 1, 4, 10]",2,0.020467836257309,-404,62,3,0.100389863547758,466,1
561,"(1,10)",,True,29,"[13, 8, 1, 4, 10]",2,0.020467836257309,-404,62,3,0.100389863547758,466,1
562,11:12,assassinate,True,24,"[17, 10, 2, 6, 11]",2,0.020467836257309,-404,63,3,0.11208576998050601,467,1
563,11:12,assassinate,True,24,"[17, 10, 2, 6, 11]",2,0.020467836257309,-404,63,3,0.11208576998050601,467,1
564,"(12,0)",,True,22,"[14, 12, 0, 19, 16]",1,0.0,-406,63,2,0.09356725146198801,469,1
565,"(12,0)",,True,22,"[14, 12, 0, 19, 16]",1,0.0,-406,63,2,0.09356725146198801,469,1
566,"(12,7)",,True,22,"[12, 7, 10, 5, 6]",1,0.0,-408,63,2,0.087719298245614,471,1
567,"(12,7)",,True,22,"[12, 7, 10, 5, 6]",1,0.0,-408,63,2,0.087719298245614,471,1
568,"(4,9)",,True,22,"[4, 9, 18, 3, 2]",1,0.0,-410,63,2,0.087719298245614,473,1
569,"(4,9)",,True,22,"[4, 9, 18, 3, 2]",1,0.0,-410,63,2,0.087719298245614,473,1
570,"(2,10)",,True,24,"[2, 10, 15, 8, 4]",2,0.0,-410,63,2,0.0,473,1
571,"(2,10)",,True,24,"[2, 10, 15, 8, 4]",2,0.0,-410,63,2,0.0,473,1
572,6:4,assassinate,True,23,"[6, 7, 11, 4, 12]",3,0.09356725146198801,-408,65,2,0.0,473,1
573,6:4,assassinate,True,23,"[6, 7, 11, 4, 12]",3,0.09356725146198801,-408,65,2,0.0,473,1
574,14:10,assassinate,True,19,"[3, 15, 9, 14, 7]",2,0.005847953216374001,-406,67,1,0.0,473,1
575,14:10,assassinate,True,19,"[3, 15, 9, 14, 7]",2,0.005847953216374001,-406,67,1,0.0,473,1
576,"(9,7)",,True,19,"[9, 7, 6, 5, 13]",2,0.005847953216374001,-404,69,1,0.0,473,1
577,"(9,7)",,True,19,"[9, 7, 6, 5, 13]",2,0.005847953216374001,-404,69,1,0.0,473,1
578,"(6,5)",,True,19,"[6, 5, 2, 15, 16]",2,0.005847953216374001,-402,71,1,0.0,473,1
579,"(6,5)",,True,19,"[6, 5, 2, 15, 16]",2,0.005847953216374001,-402,71,1,0.0,473,1
580,"(0,7)",,True,20,"[0, 16, 11, 7, 10]",3,0.134502923976608,-400,73,1,0.0,473,1
581,"(0,7)",,True,20,"[0, 16, 11, 7, 10]",3,0.134502923976608,-400,73,1,0.0,473,1
582,19:2,assassinate,True,20,"[9, 5, 4, 19, 14]",2,0.08187134502923901,-398,75,1,0.0,473,1
583,19:2,assassinate,True,20,"[9, 5, 4, 19, 14]",2,0.08187134502923901,-398,75,1,0.0,473,1
584,9:10,assassinate,True,16,"[9, 6, 10, 7, 19]",2,0.052631578947368,-396,77,1,0.0,473,1
585,9:10,assassinate,True,16,"[9, 6, 10, 7, 19]",2,0.052631578947368,-396,77,1,0.0,473,1
586,10:6,assassinate,True,15,"[6, 7, 10, 14, 12]",2,0.035087719298245,-394,79,1,0.0,473,1
587,10:6,assassinate,True,15,"[6, 7, 10, 14, 12]",2,0.035087719298245,-394,79,1,0.0,473,1
588,"(1,18)",,True,18,"[15, 17, 1, 11, 18]",2,0.008771929824561,-394,80,2,0.035087719298245,474,1
589,"(1,18)",,True,18,"[15, 17, 1, 11, 18]",2,0.008771929824561,-394,80,2,0.035087719298245,474,1
590,"(6,1)",,True,20,"[6, 14, 10, 11, 1]",2,0.017543859649122,-395,80,3,0.10233918128654901,475,1
591,"(6,1)",,True,20,"[6, 14, 10, 11, 1]",2,0.017543859649122,-395,80,3,0.10233918128654901,475,1
592,"(19,0)",,True,20,"[19, 12, 5, 17, 0]",2,0.017543859649122,-396,80,3,0.10233918128654901,476,1
593,"(19,0)",,True,20,"[19, 12, 5, 17, 0]",2,0.017543859649122,-396,80,3,0.10233918128654901,476,1
594,3:10,assassinate,True,14,"[19, 3, 13, 7, 18]",1,0.0,-398,80,3,0.134502923976608,478,1
595,3:10,assassinate,True,14,"[19, 3, 13, 7, 18]",1,0.0,-398,80,3,0.134502923976608,478,1
596,"(14,6)",,True,16,"[14, 6, 12, 2, 8]",1,0.0,-400,80,3,0.345029239766081,480,1
597,"(14,6)",,True,16,"[14, 6, 12, 2, 8]",1,0.0,-400,80,3,0.345029239766081,480,1
598,"(12,1)",,True,18,"[10, 12, 14, 3, 1]",1,0.0,-402,80,4,0.24853801169590603,482,1
599,"(12,1)",,True,18,"[10, 12, 14, 3, 1]",1,0.0,-402,80,4,0.24853801169590603,482,1
600,18:12,assassinate,True,13,"[0, 3, 15, 17, 18]",1,0.0,-404,80,3,0.25730994152046704,484,1
601,18:12,assassinate,True,13,"[0, 3, 15, 17, 18]",1,0.0,-404,80,3,0.25730994152046704,484,1
602,"(1,16)",,True,13,"[1, 7, 16, 11, 19]",1,0.0,-406,80,4,0.29824561403508704,486,1
603,"(1,16)",,True,13,"[1, 7, 16, 11, 19]",1,0.0,-406,80,4,0.29824561403508704,486,1
604,7:4,assassinate,True,13,"[11, 7, 14, 1, 4]",2,0.09356725146198801,-408,80,4,0.245614035087719,488,1
605,7:4,assassinate,True,13,"[11, 7, 14, 1, 4]",2,0.09356725146198801,-408,80,4,0.245614035087719,488,1
606,"(17,16)",,True,15,"[4, 13, 17, 9, 16]",2,0.014619883040935,-410,80,4,0.12865497076023302,490,1
607,"(17,16)",,True,15,"[4, 13, 17, 9, 16]",2,0.014619883040935,-410,80,4,0.12865497076023302,490,1
608,14:6,assassinate,True,11,"[14, 17, 12, 13, 2]",2,0.140350877192982,-412,80,3,0.19883040935672502,492,1
609,14:6,assassinate,True,11,"[14, 17, 12, 13, 2]",2,0.140350877192982,-412,80,3,0.19883040935672502,492,1
610,"(8,1)",,True,13,"[8, 18, 15, 1, 3]",3,0.008771929824561,-414,80,4,0.18421052631578902,494,1
611,"(8,1)",,True,13,"[8, 18, 15, 1, 3]",3,0.008771929824561,-414,80,4,0.18421052631578902,494,1
612,"(3,1)",,True,15,"[3, 1, 16, 7, 18]",4,0.096491228070175,-415,80,5,0.15204678362573001,495,1
613,"(3,1)",,True,15,"[3, 1, 16, 7, 18]",4,0.096491228070175,-415,80,5,0.15204678362573001,495,1
614,15:8,assassinate,True,12,"[10, 15, 8, 14, 4]",4,0.043859649122807,-415,81,5,0.137426900584795,496,1
615,15:8,assassinate,True,12,"[10, 15, 8, 14, 4]",4,0.043859649122807,-415,81,5,0.137426900584795,496,1
616,"(0,17)",,True,12,"[0, 7, 10, 17, 12]",3,0.008771929824561,-417,81,5,0.143274853801169,498,1
617,"(0,17)",,True,12,"[0, 7, 10, 17, 12]",3,0.008771929824561,-417,81,5,0.143274853801169,498,1
618,13:4,assassinate,True,11,"[3, 13, 4, 10, 7]",3,0.008771929824561,-419,81,5,0.10818713450292301,500,1
619,13:4,assassinate,True,11,"[3, 13, 4, 10, 7]",3,0.008771929824561,-419,81,5,0.10818713450292301,500,1
620,"(16,11)",,True,13,"[16, 11, 6, 7, 10]",3,0.014619883040935,-421,81,5,0.14912280701754302,502,1
621,"(16,11)",,True,13,"[16, 11, 6, 7, 10]",3,0.014619883040935,-421,81,5,0.14912280701754302,502,1
622,"(6,11)",,True,15,"[2, 18, 6, 11, 15]",4,0.040935672514619006,-423,81,5,0.141812865497076,504,1
623,"(6,11)",,True,15,"[2, 18, 6, 11, 15]",4,0.040935672514619006,-423,81,5,0.141812865497076,504,1
624,"(1,19)",,True,17,"[1, 19, 12, 6, 3]",4,0.045614035087719,-425,81,6,0.23713450292397603,506,1
625,"(1,19)",,True,17,"[1, 19, 12, 6, 3]",4,0.045614035087719,-425,81,6,0.23713450292397603,506,1
626,"(7,6)",,True,19,"[7, 0, 14, 13, 6]",4,0.06315789473684201,-427,81,6,0.29853801169590605,508,1
627,"(7,6)",,True,19,"[7, 0, 14, 13, 6]",4,0.06315789473684201,-427,81,6,0.29853801169590605,508,1
628,"(14,19)",,True,21,"[11, 14, 6, 19, 5]",5,0.125536062378167,-429,81,6,0.36189083820662704,510,1
629,"(14,19)",,True,21,"[11, 14, 6, 19, 5]",5,0.125536062378167,-429,81,6,0.36189083820662704,510,1
630,"(18,15)",,True,21,"[6, 18, 2, 15, 13]",5,0.12865497076023302,-431,81,5,0.36695906432748504,512,1
631,"(18,15)",,True,21,"[6, 18, 2, 15, 13]",5,0.12865497076023302,-431,81,5,0.36695906432748504,512,1
632,"(7,1)",,True,23,"[12, 15, 7, 1, 6]",5,0.060428849902534006,-433,81,6,0.30068226120857705,514,1
633,"(7,1)",,True,23,"[12, 15, 7, 1, 6]",5,0.060428849902534006,-433,81,6,0.30068226120857705,514,1
634,"(10,8)",,True,24,"[15, 10, 9, 8, 7]",5,0.083820662768031,-435,81,6,0.34454191033138404,516,1
635,"(10,8)",,True,24,"[15, 10, 9, 8, 7]",5,0.083820662768031,-435,81,6,0.34454191033138404,516,1
636,"(5,13)",,True,26,"[5, 14, 3, 13, 18]",5,0.11500974658869301,-437,81,6,0.42251461988304,518,1
637,"(5,13)",,True,26,"[5, 14, 3, 13, 18]",5,0.11500974658869301,-437,81,6,0.42251461988304,518,1
638,"(11,18)",,True,26,"[14, 11, 18, 10, 15]",5,0.11500974658869301,-439,81,6,0.42251461988304,520,1
639,"(11,18)",,True,26,"[14, 11, 18, 10, 15]",5,0.11500974658869301,-439,81,6,0.42251461988304,520,1
640,13:4,assassinate,True,25,"[8, 5, 17, 13, 3]",5,0.109161793372319,-441,81,6,0.340643274853801,522,1
641,13:4,assassinate,True,25,"[8, 5, 17, 13, 3]",5,0.109161793372319,-441,81,6,0.340643274853801,522,1
642,16:10,assassinate,True,21,"[9, 16, 5, 3, 4]",5,0.154970760233918,-443,81,6,0.447368421052631,524,1
643,16:10,assassinate,True,21,"[9, 16, 5, 3, 4]",5,0.154970760233918,-443,81,6,0.447368421052631,524,1
644,4:4,assassinate,True,21,"[3, 15, 10, 4, 13]",6,0.23684210526315702,-442,82,6,0.23684210526315702,524,1
645,4:4,assassinate,True,21,"[3, 15, 10, 4, 13]",6,0.23684210526315702,-442,82,6,0.23684210526315702,524,1
646,"(1,10)",,True,21,"[1, 10, 2, 4, 17]",6,0.277777777777777,-440,84,6,0.21345029239766003,524,1
647,"(1,10)",,True,21,"[1, 10, 2, 4, 17]",6,0.277777777777777,-440,84,6,0.21345029239766003,524,1
648,8:6,assassinate,True,17,"[18, 8, 13, 6, 3]",5,0.251461988304093,-438,86,5,0.14619883040935602,524,1
649,8:6,assassinate,True,17,"[18, 8, 13, 6, 3]",5,0.251461988304093,-438,86,5,0.14619883040935602,524,1
650,6:8,assassinate,True,15,"[18, 6, 8, 16, 14]",4,0.251461988304093,-438,87,4,0.321637426900584,525,1
651,6:8,assassinate,True,15,"[18, 6, 8, 16, 14]",4,0.251461988304093,-438,87,4,0.321637426900584,525,1
652,"(11,4)",,True,17,"[11, 4, 8, 15, 16]",4,0.178362573099415,-440,87,4,0.20175438596491202,527,1
653,"(11,4)",,True,17,"[11, 4, 8, 15, 16]",4,0.178362573099415,-440,87,4,0.20175438596491202,527,1
654,"(0,19)",,True,18,"[18, 8, 14, 0, 19]",3,0.08187134502923901,-440,88,4,0.11500974658869301,528,1
655,"(0,19)",,True,18,"[18, 8, 14, 0, 19]",3,0.08187134502923901,-440,88,4,0.11500974658869301,528,1
656,"(8,10)",,True,20,"[9, 2, 5, 8, 10]",3,0.087719298245614,-440,89,4,0.167641325536062,529,1
657,"(8,10)",,True,20,"[9, 2, 5, 8, 10]",3,0.087719298245614,-440,89,4,0.167641325536062,529,1
658,7:10,assassinate,True,16,"[7, 13, 11, 4, 8]",2,0.12865497076023302,-442,89,3,0.29824561403508704,531,1
659,7:10,assassinate,True,16,"[7, 13, 11, 4, 8]",2,0.12865497076023302,-442,89,3,0.29824561403508704,531,1
660,17:2,assassinate,True,14,"[19, 3, 4, 7, 17]",2,0.005847953216374001,-441,90,2,0.005847953216374001,531,1
661,17:2,assassinate,True,14,"[19, 3, 4, 7, 17]",2,0.005847953216374001,-441,90,2,0.005847953216374001,531,1
662,14:4,assassinate,True,13,"[4, 3, 11, 14, 9]",2,0.005847953216374001,-440,91,2,0.005847953216374001,531,1
663,14:4,assassinate,True,13,"[4, 3, 11, 14, 9]",2,0.005847953216374001,-440,91,2,0.005847953216374001,531,1
664,"(4,18)",,True,15,"[4, 18, 6, 15, 9]",2,0.005847953216374001,-440,91,2,0.005847953216374001,531,1
665,"(4,18)",,True,15,"[4, 18, 6, 15, 9]",2,0.005847953216374001,-440,91,2,0.005847953216374001,531,1
666,"(3,1)",,True,17,"[10, 3, 6, 1, 12]",2,0.06432748538011601,-441,91,3,0.23976608187134502,532,1
667,"(3,1)",,True,17,"[10, 3, 6, 1, 12]",2,0.06432748538011601,-441,91,3,0.23976608187134502,532,1
668,11:12,assassinate,True,12,"[2, 11, 4, 6, 8]",2,0.023391812865497002,-441,92,3,0.07602339181286501,533,1
669,11:12,assassinate,True,12,"[2, 11, 4, 6, 8]",2,0.023391812865497002,-441,92,3,0.07602339181286501,533,1
670,"(7,9)",,True,12,"[7, 9, 2, 11, 6]",2,0.070175438596491,-441,92,2,0.070175438596491,533,1
671,"(7,9)",,True,12,"[7, 9, 2, 11, 6]",2,0.070175438596491,-441,92,2,0.070175438596491,533,1
672,"(19,4)",,True,14,"[7, 13, 19, 2, 4]",2,0.175438596491228,-442,92,2,0.210526315789473,534,1
673,"(19,4)",,True,14,"[7, 13, 19, 2, 4]",2,0.175438596491228,-442,92,2,0.210526315789473,534,1
674,"(1,19)",,True,14,"[1, 9, 19, 5, 18]",2,0.175438596491228,-442,93,3,0.25730994152046704,535,1
675,"(1,19)",,True,14,"[1, 9, 19, 5, 18]",2,0.175438596491228,-442,93,3,0.25730994152046704,535,1
676,18:4,assassinate,True,13,"[0, 5, 18, 12, 17]",3,0.15204678362573001,-440,95,3,0.105263157894736,535,1
677,18:4,assassinate,True,13,"[0, 5, 18, 12, 17]",3,0.15204678362573001,-440,95,3,0.105263157894736,535,1
678,6:4,assassinate,True,12,"[1, 6, 17, 7, 13]",3,0.23976608187134502,-439,96,3,0.23976608187134502,535,1
679,6:4,assassinate,True,12,"[1, 6, 17, 7, 13]",3,0.23976608187134502,-439,96,3,0.23976608187134502,535,1
680,13:6,assassinate,True,10,"[7, 17, 13, 19, 5]",2,0.08187134502923901,-439,97,3,0.134502923976608,536,1
681,13:6,assassinate,True,10,"[7, 17, 13, 19, 5]",2,0.08187134502923901,-439,97,3,0.134502923976608,536,1
682,"(18,3)",,True,12,"[18, 2, 4, 12, 3]",2,0.09356725146198801,-441,97,3,0.18128654970760202,538,1
683,"(18,3)",,True,12,"[18, 2, 4, 12, 3]",2,0.09356725146198801,-441,97,3,0.18128654970760202,538,1
684,"(6,18)",,True,14,"[4, 6, 18, 8, 17]",2,0.09941520467836201,-443,97,3,0.26315789473684204,540,1
685,"(6,18)",,True,14,"[4, 6, 18, 8, 17]",2,0.09941520467836201,-443,97,3,0.26315789473684204,540,1
686,7:6,assassinate,True,12,"[2, 7, 18, 8, 4]",1,0.0,-445,97,3,0.087719298245614,542,1
687,7:6,assassinate,True,12,"[2, 7, 18, 8, 4]",1,0.0,-445,97,3,0.087719298245614,542,1
688,"(15,3)",,True,14,"[15, 5, 10, 11, 3]",2,0.0,-447,97,3,0.07309941520467801,544,1
689,"(15,3)",,True,14,"[15, 5, 10, 11, 3]",2,0.0,-447,97,3,0.07309941520467801,544,1
690,"(1,2)",,True,16,"[17, 1, 13, 2, 7]",2,0.0,-449,97,4,0.21345029239766003,546,1
691,"(1,2)",,True,16,"[17, 1, 13, 2, 7]",2,0.0,-449,97,4,0.21345029239766003,546,1
692,"(19,6)",,True,16,"[19, 8, 16, 6, 18]",3,0.038011695906432004,-451,97,4,0.30116959064327403,548,1
693,"(19,6)",,True,16,"[19, 8, 16, 6, 18]",3,0.038011695906432004,-451,97,4,0.30116959064327403,548,1
694,6:6,assassinate,True,14,"[18, 6, 11, 2, 16]",3,0.038011695906432004,-451,98,4,0.16959064327485301,549,1
695,6:6,assassinate,True,14,"[18, 6, 11, 2, 16]",3,0.038011695906432004,-451,98,4,0.16959064327485301,549,1
696,"(4,19)",,True,14,"[7, 4, 15, 19, 10]",3,0.029239766081871003,-453,98,4,0.20467836257309902,551,1
697,"(4,19)",,True,14,"[7, 4, 15, 19, 10]",3,0.029239766081871003,-453,98,4,0.20467836257309902,551,1
698,"(4,12)",,True,14,"[4, 11, 0, 12, 17]",3,0.157894736842105,-455,98,3,0.210526315789473,553,1
699,"(4,12)",,True,14,"[4, 11, 0, 12, 17]",3,0.157894736842105,-455,98,3,0.210526315789473,553,1
700,4:8,assassinate,True,11,"[8, 3, 4, 17, 13]",4,0.134502923976608,-453,100,3,0.08187134502923901,553,1
701,4:8,assassinate,True,11,"[8, 3, 4, 17, 13]",4,0.134502923976608,-453,100,3,0.08187134502923901,553,1
702,5:2,assassinate,True,11,"[4, 10, 5, 6, 0]",4,0.11111111111111101,-451,102,3,0.070175438596491,553,1
703,5:2,assassinate,True,11,"[4, 10, 5, 6, 0]",4,0.11111111111111101,-451,102,3,0.070175438596491,553,1
704,"(0,15)",,True,11,"[11, 5, 10, 0, 15]",3,0.023391812865497002,-451,103,3,0.035087719298245,554,1
705,"(0,15)",,True,11,"[11, 5, 10, 0, 15]",3,0.023391812865497002,-451,103,3,0.035087719298245,554,1
706,"(7,1)",,True,14,"[7, 0, 13, 11, 1]",5,0.33333333333333304,-449,105,4,0.23391812865497003,554,1
707,"(7,1)",,True,14,"[7, 0, 13, 11, 1]",5,0.33333333333333304,-449,105,4,0.23391812865497003,554,1
708,"(0,3)",,True,14,"[0, 3, 18, 5, 14]",4,0.228070175438596,-449,106,4,0.304093567251461,555,1
709,"(0,3)",,True,14,"[0, 3, 18, 5, 14]",4,0.228070175438596,-449,106,4,0.304093567251461,555,1
710,6:4,assassinate,True,13,"[16, 5, 6, 3, 8]",3,0.052631578947368,-451,106,4,0.18128654970760202,557,1
711,6:4,assassinate,True,13,"[16, 5, 6, 3, 8]",3,0.052631578947368,-451,106,4,0.18128654970760202,557,1
712,"(8,7)",,True,16,"[14, 8, 4, 7, 2]",3,0.06432748538011601,-453,106,4,0.19883040935672502,559,1
713,"(8,7)",,True,16,"[14, 8, 4, 7, 2]",3,0.06432748538011601,-453,106,4,0.19883040935672502,559,1
714,"(14,19)",,True,18,"[17, 14, 18, 11, 19]",3,0.048732943469785,-455,106,4,0.22027290448343,561,1
715,"(14,19)",,True,18,"[17, 14, 18, 11, 19]",3,0.048732943469785,-455,106,4,0.22027290448343,561,1
716,19:12,assassinate,True,13,"[19, 2, 18, 6, 12]",2,0.11695906432748501,-457,106,3,0.27485380116959,563,1
717,19:12,assassinate,True,13,"[19, 2, 18, 6, 12]",2,0.11695906432748501,-457,106,3,0.27485380116959,563,1
718,"(4,1)",,True,13,"[4, 0, 5, 1, 19]",2,0.070175438596491,-459,106,3,0.11111111111111101,565,1
719,"(4,1)",,True,13,"[4, 0, 5, 1, 19]",2,0.070175438596491,-459,106,3,0.11111111111111101,565,1
720,"(2,1)",,True,15,"[5, 2, 1, 10, 18]",2,0.140350877192982,-461,106,4,0.39181286549707606,567,1
721,"(2,1)",,True,15,"[5, 2, 1, 10, 18]",2,0.140350877192982,-461,106,4,0.39181286549707606,567,1
722,"(7,12)",,True,15,"[7, 17, 10, 15, 12]",2,0.140350877192982,-463,106,4,0.37426900584795303,569,1
723,"(7,12)",,True,15,"[7, 17, 10, 15, 12]",2,0.140350877192982,-463,106,4,0.37426900584795303,569,1
724,"(1,16)",,True,17,"[5, 2, 1, 14, 16]",2,0.0,-465,106,5,0.29239766081871305,571,1
725,"(1,16)",,True,17,"[5, 2, 1, 14, 16]",2,0.0,-465,106,5,0.29239766081871305,571,1
726,"(1,9)",,True,19,"[19, 8, 1, 9, 15]",3,0.15204678362573001,-467,106,6,0.450292397660818,573,1
727,"(1,9)",,True,19,"[19, 8, 1, 9, 15]",3,0.15204678362573001,-467,106,6,0.450292397660818,573,1
728,"(2,3)",,True,21,"[14, 2, 3, 15, 7]",4,0.157894736842105,-469,106,6,0.39766081871345005,575,1
729,"(2,3)",,True,21,"[14, 2, 3, 15, 7]",4,0.157894736842105,-469,106,6,0.39766081871345005,575,1
730,"(2,12)",,True,23,"[2, 6, 13, 15, 12]",4,0.110136452241715,-471,106,6,0.37134502923976603,577,1
731,"(2,12)",,True,23,"[2, 6, 13, 15, 12]",4,0.110136452241715,-471,106,6,0.37134502923976603,577,1
732,19:4,assassinate,True,23,"[17, 11, 8, 19, 18]",5,0.14025341130604202,-471,107,6,0.21042884990253402,578,1
733,19:4,assassinate,True,23,"[17, 11, 8, 19, 18]",5,0.14025341130604202,-471,107,6,0.21042884990253402,578,1
734,"(16,0)",,True,23,"[9, 13, 16, 10, 0]",5,0.185185185185185,-471,108,6,0.286549707602339,579,1
735,"(16,0)",,True,23,"[9, 13, 16, 10, 0]",5,0.185185185185185,-471,108,6,0.286549707602339,579,1
736,"(13,1)",,True,26,"[4, 14, 10, 13, 1]",7,0.251461988304093,-471,109,7,0.293372319688109,580,1
737,"(13,1)",,True,26,"[4, 14, 10, 13, 1]",7,0.251461988304093,-471,109,7,0.293372319688109,580,1
738,"(0,2)",,True,24,"[0, 19, 14, 6, 2]",6,0.34892787524366403,-471,110,6,0.41325536062378104,581,1
739,"(0,2)",,True,24,"[0, 19, 14, 6, 2]",6,0.34892787524366403,-471,110,6,0.41325536062378104,581,1
740,"(1,7)",,True,27,"[1, 14, 17, 7, 15]",6,0.19736842105263103,-471,111,7,0.43859649122807004,582,1
741,"(1,7)",,True,27,"[1, 14, 17, 7, 15]",6,0.19736842105263103,-471,111,7,0.43859649122807004,582,1
742,8:6,assassinate,True,26,"[16, 8, 11, 6, 10]",6,0.15545808966861502,-473,111,7,0.297758284600389,584,1
743,8:6,assassinate,True,26,"[16, 8, 11, 6, 10]",6,0.15545808966861502,-473,111,7,0.297758284600389,584,1
744,"(16,8)",,True,28,"[6, 16, 2, 3, 8]",6,0.180311890838206,-475,111,7,0.28996101364522403,586,1
745,"(16,8)",,True,28,"[6, 16, 2, 3, 8]",6,0.180311890838206,-475,111,7,0.28996101364522403,586,1
746,18:4,assassinate,True,28,"[15, 4, 19, 7, 18]",8,0.318713450292397,-473,113,7,0.22904483430799202,586,1
747,18:4,assassinate,True,28,"[15, 4, 19, 7, 18]",8,0.318713450292397,-473,113,7,0.22904483430799202,586,1
748,"(0,13)",,True,28,"[0, 18, 11, 13, 14]",8,0.32651072124756303,-471,115,7,0.252436647173489,586,1
749,"(0,13)",,True,28,"[0, 18, 11, 13, 14]",8,0.32651072124756303,-471,115,7,0.252436647173489,586,1
750,"(15,1)",,True,30,"[11, 16, 15, 0, 1]",8,0.35960038986354703,-469,117,8,0.31666666666666604,586,1
751,"(15,1)",,True,30,"[11, 16, 15, 0, 1]",8,0.35960038986354703,-469,117,8,0.31666666666666604,586,1
752,8:6,assassinate,True,26,"[16, 19, 5, 8, 4]",7,0.354413812308549,-467,119,7,0.27119186856028904,586,1
753,8:6,assassinate,True,26,"[16, 19, 5, 8, 4]",7,0.354413812308549,-467,119,7,0.27119186856028904,586,1
754,"(18,4)",,True,28,"[0, 18, 10, 2, 4]",7,0.38365357839042,-465,121,7,0.315051517683096,586,1
755,"(18,4)",,True,28,"[0, 18, 10, 2, 4]",7,0.38365357839042,-465,121,7,0.315051517683096,586,1
756,"(0,3)",,True,28,"[0, 18, 5, 10, 3]",6,0.353773322194374,-465,122,7,0.42392091339459703,587,1
757,"(0,3)",,True,28,"[0, 18, 5, 10, 3]",6,0.353773322194374,-465,122,7,0.42392091339459703,587,1
758,"(10,1)",,True,30,"[10, 17, 18, 12, 1]",7,0.327680311890838,-463,124,8,0.30945419103313804,587,1
759,"(10,1)",,True,30,"[10, 17, 18, 12, 1]",7,0.327680311890838,-463,124,8,0.30945419103313804,587,1
760,"(4,6)",,True,30,"[19, 4, 13, 6, 18]",7,0.31773879142300104,-461,126,7,0.300877192982456,587,1
761,"(4,6)",,True,30,"[19, 4, 13, 6, 18]",7,0.31773879142300104,-461,126,7,0.300877192982456,587,1
762,15:10,assassinate,True,26,"[7, 9, 13, 15, 6]",6,0.255360623781676,-461,127,6,0.288011695906432,588,1
763,15:10,assassinate,True,26,"[7, 9, 13, 15, 6]",6,0.255360623781676,-461,127,6,0.288011695906432,588,1
764,5:6,assassinate,True,24,"[3, 5, 18, 13, 1]",5,0.180311890838206,-461,128,6,0.25194931773879103,589,1
765,5:6,assassinate,True,24,"[3, 5, 18, 13, 1]",5,0.180311890838206,-461,128,6,0.25194931773879103,589,1
766,17:6,assassinate,True,22,"[17, 13, 14, 2, 5]",4,0.13157894736842102,-463,128,6,0.24512670565302103,591,1
767,17:6,assassinate,True,22,"[17, 13, 14, 2, 5]",4,0.13157894736842102,-463,128,6,0.24512670565302103,591,1
768,"(9,17)",,True,24,"[9, 17, 2, 10, 19]",4,0.141812865497076,-465,128,6,0.27485380116959,593,1
769,"(9,17)",,True,24,"[9, 17, 2, 10, 19]",4,0.141812865497076,-465,128,6,0.27485380116959,593,1
770,"(10,1)",,True,26,"[18, 10, 12, 14, 1]",5,0.111598440545808,-467,128,7,0.21588693957115002,595,1
771,"(10,1)",,True,26,"[18, 10, 12, 14, 1]",5,0.111598440545808,-467,128,7,0.21588693957115002,595,1
772,"(16,19)",,True,28,"[11, 10, 16, 19, 3]",5,0.10906432748538,-469,128,7,0.215594541910331,597,1
773,"(16,19)",,True,28,"[11, 10, 16, 19, 3]",5,0.10906432748538,-469,128,7,0.215594541910331,597,1
774,"(10,15)",,True,30,"[10, 15, 4, 9, 3]",6,0.17534113060428802,-471,128,7,0.22095516569200702,599,1
775,"(10,15)",,True,30,"[10, 15, 4, 9, 3]",6,0.17534113060428802,-471,128,7,0.22095516569200702,599,1
776,"(0,10)",,True,30,"[6, 0, 15, 4, 10]",6,0.14980506822612003,-471,129,7,0.265497076023391,600,1
777,"(0,10)",,True,30,"[6, 0, 15, 4, 10]",6,0.14980506822612003,-471,129,7,0.265497076023391,600,1
778,9:8,assassinate,True,27,"[12, 15, 6, 9, 19]",6,0.13011695906432702,-469,131,6,0.12426900584795302,600,1
779,9:8,assassinate,True,27,"[12, 15, 6, 9, 19]",6,0.13011695906432702,-469,131,6,0.12426900584795302,600,1
780,14:8,assassinate,True,24,"[16, 4, 19, 17, 14]",6,0.186647173489278,-467,133,6,0.156432748538011,600,1
781,14:8,assassinate,True,24,"[16, 4, 19, 17, 14]",6,0.186647173489278,-467,133,6,0.156432748538011,600,1
782,"(2,17)",,True,27,"[5, 14, 2, 13, 17]",6,0.189571150097465,-465,135,6,0.16812865497076002,600,1
783,"(2,17)",,True,27,"[5, 14, 2, 13, 17]",6,0.189571150097465,-465,135,6,0.16812865497076002,600,1
784,5:4,assassinate,True,27,"[0, 7, 6, 13, 5]",6,0.189571150097465,-463,137,6,0.16812865497076002,600,1
785,5:4,assassinate,True,27,"[0, 7, 6, 13, 5]",6,0.189571150097465,-463,137,6,0.16812865497076002,600,1
786,7:4,assassinate,True,26,"[19, 10, 5, 12, 7]",5,0.11598440545808901,-463,138,6,0.15253411306042802,601,1
787,7:4,assassinate,True,26,"[19, 10, 5, 12, 7]",5,0.11598440545808901,-463,138,6,0.15253411306042802,601,1
788,8:6,assassinate,True,24,"[4, 5, 8, 17, 16]",4,0.040935672514619006,-465,138,6,0.147173489278752,603,1
789,8:6,assassinate,True,24,"[4, 5, 8, 17, 16]",4,0.040935672514619006,-465,138,6,0.147173489278752,603,1
790,"(12,13)",,True,24,"[12, 6, 15, 3, 13]",5,0.11111111111111101,-467,138,6,0.151559454191033,605,1
791,"(12,13)",,True,24,"[12, 6, 15, 3, 13]",5,0.11111111111111101,-467,138,6,0.151559454191033,605,1
792,"(2,9)",,True,24,"[2, 11, 9, 7, 5]",5,0.20857699805068203,-465,140,6,0.18615984405458003,605,1
793,"(2,9)",,True,24,"[2, 11, 9, 7, 5]",5,0.20857699805068203,-465,140,6,0.18615984405458003,605,1
794,11:4,assassinate,True,23,"[11, 7, 0, 12, 15]",6,0.230019493177387,-463,142,6,0.140350877192982,605,1
795,11:4,assassinate,True,23,"[11, 7, 0, 12, 15]",6,0.230019493177387,-463,142,6,0.140350877192982,605,1
796,17:4,assassinate,True,23,"[13, 8, 11, 17, 16]",7,0.190058479532163,-461,144,6,0.11734892787524301,605,1
797,17:4,assassinate,True,23,"[13, 8, 11, 17, 16]",7,0.190058479532163,-461,144,6,0.11734892787524301,605,1
798,11:4,assassinate,True,22,"[13, 2, 15, 11, 8]",6,0.114035087719298,-459,146,6,0.11325536062378101,605,1
799,11:4,assassinate,True,22,"[13, 2, 15, 11, 8]",6,0.114035087719298,-459,146,6,0.11325536062378101,605,1
