,actionDetail,actionType,bonusActivated,graphEdgeCount,nodeList,p1Degree,p1Score,p1WinAdvantage,p1WinCount,p2Degree,p2Score,p2WinCount,player
0,"(13,1)",,False,2,"[13, 5, 3, 0, 1]",1,0.0,1,1,1,0.0,0,1
1,"(13,1)",,False,2,"[13, 5, 3, 0, 1]",1,0.0,1,1,1,0.0,0,1
2,"(6,1)",,True,4,"[19, 6, 7, 1, 9]",1,0.0,0,1,2,0.011695906432748001,1,1
3,"(6,1)",,True,4,"[19, 6, 7, 1, 9]",1,0.0,0,1,2,0.011695906432748001,1,1
4,"(1,8)",,False,4,"[5, 1, 9, 18, 8]",1,0.0,-2,1,3,0.029239766081871003,3,1
5,"(1,8)",,False,4,"[5, 1, 9, 18, 8]",1,0.0,-2,1,3,0.029239766081871003,3,1
6,"(5,9)",,False,6,"[5, 0, 9, 16, 15]",1,0.0,-4,1,3,0.029239766081871003,5,1
7,"(5,9)",,False,6,"[5, 0, 9, 16, 15]",1,0.0,-4,1,3,0.029239766081871003,5,1
8,"(12,6)",,False,8,"[12, 3, 16, 2, 6]",1,0.0,-6,1,3,0.06432748538011601,7,1
9,"(12,6)",,False,8,"[12, 3, 16, 2, 6]",1,0.0,-6,1,3,0.06432748538011601,7,1
10,"(4,10)",,False,10,"[16, 4, 5, 3, 10]",1,0.0,-8,1,3,0.09941520467836201,9,1
11,"(4,10)",,False,10,"[16, 4, 5, 3, 10]",1,0.0,-8,1,3,0.09941520467836201,9,1
12,"(6,5)",,True,12,"[18, 19, 0, 6, 5]",1,0.0,-10,1,3,0.134502923976608,11,1
13,"(6,5)",,True,12,"[18, 19, 0, 6, 5]",1,0.0,-10,1,3,0.134502923976608,11,1
14,"(8,0)",,False,12,"[15, 8, 12, 3, 0]",1,0.0,-12,1,3,0.09941520467836201,13,1
15,"(8,0)",,False,12,"[15, 8, 12, 3, 0]",1,0.0,-12,1,3,0.09941520467836201,13,1
16,"(14,8)",,True,14,"[14, 10, 12, 7, 8]",1,0.0,-14,1,3,0.309941520467836,15,1
17,"(14,8)",,True,14,"[14, 10, 12, 7, 8]",1,0.0,-14,1,3,0.309941520467836,15,1
18,"(3,1)",,False,16,"[3, 13, 1, 14, 12]",1,0.0,-16,1,4,0.21637426900584703,17,1
19,"(3,1)",,False,16,"[3, 13, 1, 14, 12]",1,0.0,-16,1,4,0.21637426900584703,17,1
20,"(10,1)",,True,18,"[3, 10, 5, 1, 14]",1,0.0,-18,1,5,0.29532163742690004,19,1
21,"(10,1)",,True,18,"[3, 10, 5, 1, 14]",1,0.0,-18,1,5,0.29532163742690004,19,1
22,"(12,6)",,False,16,"[3, 12, 6, 14, 2]",1,0.0,-20,1,4,0.33040935672514604,21,1
23,"(12,6)",,False,16,"[3, 12, 6, 14, 2]",1,0.0,-20,1,4,0.33040935672514604,21,1
24,"(18,6)",,False,18,"[18, 4, 17, 2, 6]",1,0.0,-22,1,4,0.41812865497076,23,1
25,"(18,6)",,False,18,"[18, 4, 17, 2, 6]",1,0.0,-22,1,4,0.41812865497076,23,1
26,"(17,7)",,False,20,"[0, 17, 7, 12, 14]",1,0.0,-24,1,4,0.32358674463937603,25,1
27,"(17,7)",,False,20,"[0, 17, 7, 12, 14]",1,0.0,-24,1,4,0.32358674463937603,25,1
28,"(2,4)",,False,18,"[13, 15, 2, 4, 12]",1,0.0,-26,1,3,0.228070175438596,27,1
29,"(2,4)",,False,18,"[13, 15, 2, 4, 12]",1,0.0,-26,1,3,0.228070175438596,27,1
30,"(9,1)",,False,20,"[9, 15, 1, 14, 19]",2,0.15204678362573001,-26,2,4,0.194931773879142,28,1
31,"(9,1)",,False,20,"[9, 15, 1, 14, 19]",2,0.15204678362573001,-26,2,4,0.194931773879142,28,1
32,"(18,14)",,False,23,"[18, 10, 14, 19, 13]",2,0.040935672514619006,-28,2,4,0.18128654970760202,30,1
33,"(18,14)",,False,23,"[18, 10, 14, 19, 13]",2,0.040935672514619006,-28,2,4,0.18128654970760202,30,1
34,"(14,0)",,False,23,"[14, 0, 7, 2, 4]",2,0.025341130604288,-30,2,4,0.178362573099415,32,1
35,"(14,0)",,False,23,"[14, 0, 7, 2, 4]",2,0.025341130604288,-30,2,4,0.178362573099415,32,1
36,"(17,7)",,False,23,"[17, 3, 7, 14, 19]",3,0.089181286549707,-32,2,4,0.14132553606237802,34,1
37,"(17,7)",,False,23,"[17, 3, 7, 14, 19]",3,0.089181286549707,-32,2,4,0.14132553606237802,34,1
38,"(16,10)",,False,24,"[6, 3, 7, 16, 10]",3,0.073001949317738,-34,2,4,0.10955165692007701,36,1
39,"(16,10)",,False,24,"[6, 3, 7, 16, 10]",3,0.073001949317738,-34,2,4,0.10955165692007701,36,1
40,"(6,1)",,False,24,"[6, 1, 2, 11, 15]",3,0.062378167641325005,-36,2,5,0.172027290448343,38,1
41,"(6,1)",,False,24,"[6, 1, 2, 11, 15]",3,0.062378167641325005,-36,2,5,0.172027290448343,38,1
42,"(19,9)",,False,26,"[11, 16, 19, 8, 9]",3,0.082846003898635,-38,2,5,0.186647173489278,40,1
43,"(19,9)",,False,26,"[11, 16, 19, 8, 9]",3,0.082846003898635,-38,2,5,0.186647173489278,40,1
44,"(11,1)",,False,28,"[11, 18, 2, 16, 1]",3,0.074004455583402,-40,2,6,0.22495126705653,42,1
45,"(11,1)",,False,28,"[11, 18, 2, 16, 1]",3,0.074004455583402,-40,2,6,0.22495126705653,42,1
46,"(1,17)",,True,28,"[8, 1, 0, 17, 9]",3,0.050779727095516,-42,2,6,0.227875243664717,44,1
47,"(1,17)",,True,28,"[8, 1, 0, 17, 9]",3,0.050779727095516,-42,2,6,0.227875243664717,44,1
48,"(19,5)",,False,30,"[19, 5, 14, 2, 4]",3,0.025536062378167003,-44,2,6,0.18547758284600302,46,1
49,"(19,5)",,False,30,"[19, 5, 14, 2, 4]",3,0.025536062378167003,-44,2,6,0.18547758284600302,46,1
50,"(14,11)",,False,30,"[15, 9, 14, 11, 13]",3,0.030604288499025002,-46,2,6,0.17768031189083802,48,1
51,"(14,11)",,False,30,"[15, 9, 14, 11, 13]",3,0.030604288499025002,-46,2,6,0.17768031189083802,48,1
52,"(17,12)",,False,30,"[3, 19, 17, 12, 15]",3,0.02943469785575,-48,2,6,0.191130604288499,50,1
53,"(17,12)",,False,30,"[3, 19, 17, 12, 15]",3,0.02943469785575,-48,2,6,0.191130604288499,50,1
54,"(0,6)",,False,30,"[9, 0, 10, 18, 6]",2,0.005360623781676,-50,2,6,0.19629629629629602,52,1
55,"(0,6)",,False,30,"[9, 0, 10, 18, 6]",2,0.005360623781676,-50,2,6,0.19629629629629602,52,1
56,"(1,3)",,True,30,"[18, 15, 1, 12, 3]",2,0.012475633528265001,-52,2,6,0.234405458089668,54,1
57,"(1,3)",,True,30,"[18, 15, 1, 12, 3]",2,0.012475633528265001,-52,2,6,0.234405458089668,54,1
58,"(7,16)",,False,30,"[14, 7, 15, 16, 17]",2,0.023391812865497002,-54,2,5,0.16179337231968802,56,1
59,"(7,16)",,False,30,"[14, 7, 15, 16, 17]",2,0.023391812865497002,-54,2,5,0.16179337231968802,56,1
60,"(0,13)",,False,30,"[15, 4, 0, 13, 8]",2,0.054580896686159,-56,2,5,0.152046783625731,58,1
61,"(0,13)",,False,30,"[15, 4, 0, 13, 8]",2,0.054580896686159,-56,2,5,0.152046783625731,58,1
62,"(10,15)",,False,32,"[10, 15, 3, 16, 18]",2,0.028654970760233003,-58,2,5,0.13401559454191,60,1
63,"(10,15)",,False,32,"[10, 15, 3, 16, 18]",2,0.028654970760233003,-58,2,5,0.13401559454191,60,1
64,"(17,10)",,False,34,"[5, 17, 18, 10, 2]",3,0.016569200779727,-60,2,5,0.132748538011695,62,1
65,"(17,10)",,False,34,"[5, 17, 18, 10, 2]",3,0.016569200779727,-60,2,5,0.132748538011695,62,1
66,"(10,18)",,False,35,"[10, 18, 19, 3, 5]",3,0.003898635477582,-62,2,5,0.12202729044834301,64,1
67,"(10,18)",,False,35,"[10, 18, 19, 3, 5]",3,0.003898635477582,-62,2,5,0.12202729044834301,64,1
68,"(2,13)",,False,37,"[2, 15, 13, 0, 19]",3,0.0034113060428840004,-64,2,5,0.11856725146198802,66,1
69,"(2,13)",,False,37,"[2, 15, 13, 0, 19]",3,0.0034113060428840004,-64,2,5,0.11856725146198802,66,1
70,"(1,7)",,False,40,"[1, 5, 19, 18, 7]",5,0.11500974658869301,-66,2,6,0.18076441102756802,68,1
71,"(1,7)",,False,40,"[1, 5, 19, 18, 7]",5,0.11500974658869301,-66,2,6,0.18076441102756802,68,1
72,"(13,9)",,False,40,"[4, 13, 14, 7, 9]",5,0.11549707602339102,-68,2,6,0.14367864104706202,70,1
73,"(13,9)",,False,40,"[4, 13, 14, 7, 9]",5,0.11549707602339102,-68,2,6,0.14367864104706202,70,1
74,"(11,9)",,False,43,"[11, 19, 9, 3, 16]",5,0.052339181286549005,-68,3,6,0.11158219623131901,71,1
75,"(11,9)",,False,43,"[11, 19, 9, 3, 16]",5,0.052339181286549005,-68,3,6,0.11158219623131901,71,1
76,"(11,17)",,False,43,"[13, 9, 12, 11, 17]",5,0.06410470620996901,-70,3,6,0.10810127169776201,73,1
77,"(11,17)",,False,43,"[13, 9, 12, 11, 17]",5,0.06410470620996901,-70,3,6,0.10810127169776201,73,1
78,"(4,0)",,True,43,"[4, 2, 10, 0, 5]",5,0.057022185092360005,-70,4,6,0.107597697948575,74,1
79,"(4,0)",,True,43,"[4, 2, 10, 0, 5]",5,0.057022185092360005,-70,4,6,0.107597697948575,74,1
80,"(10,19)",,False,45,"[12, 7, 10, 19, 9]",6,0.06999443052074601,-72,4,6,0.10439292676134701,76,1
81,"(10,19)",,False,45,"[12, 7, 10, 19, 9]",6,0.06999443052074601,-72,4,6,0.10439292676134701,76,1
82,"(9,5)",,False,47,"[12, 8, 9, 18, 5]",6,0.059955444165970005,-72,5,6,0.06350598719019701,77,1
83,"(9,5)",,False,47,"[12, 8, 9, 18, 5]",6,0.059955444165970005,-72,5,6,0.06350598719019701,77,1
84,"(1,4)",,False,49,"[0, 6, 1, 4, 17]",6,0.05917571707045301,-72,6,7,0.108876357560568,78,1
85,"(1,4)",,False,49,"[0, 6, 1, 4, 17]",6,0.05917571707045301,-72,6,7,0.108876357560568,78,1
86,"(11,0)",,False,47,"[4, 11, 17, 9, 0]",5,0.028961292119186,-74,6,7,0.11219019771651301,80,1
87,"(11,0)",,False,47,"[4, 11, 17, 9, 0]",5,0.028961292119186,-74,6,7,0.11219019771651301,80,1
88,"(13,11)",,False,49,"[14, 13, 11, 2, 18]",5,0.028543581175160003,-76,6,7,0.091028497168848,82,1
89,"(13,11)",,False,49,"[14, 13, 11, 2, 18]",5,0.028543581175160003,-76,6,7,0.091028497168848,82,1
90,"(16,13)",,False,49,"[16, 9, 2, 13, 6]",6,0.071447136359417,-78,6,7,0.11133389028125801,84,1
91,"(16,13)",,False,49,"[16, 9, 2, 13, 6]",6,0.071447136359417,-78,6,7,0.11133389028125801,84,1
92,"(2,12)",,False,49,"[2, 14, 12, 15, 13]",6,0.072491413719483,-80,6,6,0.08413162535969501,86,1
93,"(2,12)",,False,49,"[2, 14, 12, 15, 13]",6,0.072491413719483,-80,6,6,0.08413162535969501,86,1
94,"(11,18)",,False,49,"[11, 17, 12, 7, 18]",6,0.04861459203564401,-80,7,5,0.06296992481203001,87,1
95,"(11,18)",,False,49,"[11, 17, 12, 7, 18]",6,0.04861459203564401,-80,7,5,0.06296992481203001,87,1
96,"(8,4)",,False,49,"[7, 8, 5, 4, 19]",6,0.04861459203564401,-80,8,5,0.06296992481203001,88,1
97,"(8,4)",,False,49,"[7, 8, 5, 4, 19]",6,0.04861459203564401,-80,8,5,0.06296992481203001,88,1
98,"(15,1)",,False,51,"[3, 17, 19, 15, 1]",7,0.061285157337788006,-80,9,6,0.07696324143692501,89,1
99,"(15,1)",,False,51,"[3, 17, 19, 15, 1]",7,0.061285157337788006,-80,9,6,0.07696324143692501,89,1
100,17:12,assassinate,True,44,"[13, 3, 7, 17, 10]",6,0.062030075187969005,-78,11,5,0.048983570036201005,89,1
101,17:12,assassinate,True,44,"[13, 3, 7, 17, 10]",6,0.062030075187969005,-78,11,5,0.048983570036201005,89,1
102,"(3,1)",,True,46,"[15, 4, 3, 9, 1]",6,0.059837092731829,-76,13,6,0.046108326371484,89,1
103,"(3,1)",,True,46,"[15, 4, 3, 9, 1]",6,0.059837092731829,-76,13,6,0.046108326371484,89,1
104,"(15,11)",,False,46,"[3, 14, 9, 15, 11]",6,0.04508957579133,-74,15,5,0.028100343451220002,89,1
105,"(15,11)",,False,46,"[3, 14, 9, 15, 11]",6,0.04508957579133,-74,15,5,0.028100343451220002,89,1
106,"(18,5)",,False,46,"[18, 5, 6, 13, 19]",6,0.051010360659483,-72,17,5,0.038806953280637005,89,1
107,"(18,5)",,False,46,"[18, 5, 6, 13, 19]",6,0.051010360659483,-72,17,5,0.038806953280637005,89,1
108,"(7,13)",,False,46,"[7, 14, 2, 13, 8]",6,0.039450478046969,-70,19,5,0.031676413255360004,89,1
109,"(7,13)",,False,46,"[7, 14, 2, 13, 8]",6,0.039450478046969,-70,19,5,0.031676413255360004,89,1
110,"(1,2)",,False,45,"[9, 1, 13, 2, 15]",6,0.046565487793557,-70,20,5,0.073155109997215,90,1
111,"(1,2)",,False,45,"[9, 1, 13, 2, 15]",6,0.046565487793557,-70,20,5,0.073155109997215,90,1
112,"(8,15)",,False,45,"[8, 16, 15, 2, 13]",6,0.037473312911909,-72,20,5,0.073538011695906,92,1
113,"(8,15)",,False,45,"[8, 16, 15, 2, 13]",6,0.037473312911909,-72,20,5,0.073538011695906,92,1
114,"(8,1)",,False,47,"[15, 8, 9, 11, 1]",6,0.031448992852501,-74,20,6,0.08282975958414501,94,1
115,"(8,1)",,False,47,"[15, 8, 9, 11, 1]",6,0.031448992852501,-74,20,6,0.08282975958414501,94,1
116,"(1,3)",,False,49,"[6, 1, 15, 3, 10]",7,0.043339831059129,-76,20,7,0.09653531978093301,96,1
117,"(1,3)",,False,49,"[6, 1, 15, 3, 10]",7,0.043339831059129,-76,20,7,0.09653531978093301,96,1
118,"(19,1)",,False,51,"[19, 11, 1, 8, 3]",8,0.061049087364876006,-78,20,8,0.109960718294051,98,1
119,"(19,1)",,False,51,"[19, 11, 1, 8, 3]",8,0.061049087364876006,-78,20,8,0.109960718294051,98,1
120,"(4,0)",,False,51,"[18, 2, 6, 4, 0]",8,0.056208281646878,-80,20,8,0.11220243369366101,100,1
121,"(4,0)",,False,51,"[18, 2, 6, 4, 0]",8,0.056208281646878,-80,20,8,0.11220243369366101,100,1
122,"(2,12)",,False,51,"[2, 7, 5, 0, 12]",8,0.051638355147127,-82,20,8,0.13895386614684802,102,1
123,"(2,12)",,False,51,"[2, 7, 5, 0, 12]",8,0.051638355147127,-82,20,8,0.13895386614684802,102,1
124,"(4,17)",,True,51,"[4, 10, 6, 15, 17]",8,0.053666573842012004,-84,20,7,0.144769330734243,104,1
125,"(4,17)",,True,51,"[4, 10, 6, 15, 17]",8,0.053666573842012004,-84,20,7,0.144769330734243,104,1
126,"(7,9)",,False,51,"[17, 7, 18, 9, 16]",8,0.056808688387635004,-86,20,7,0.14557226399331602,106,1
127,"(7,9)",,False,51,"[17, 7, 18, 9, 16]",8,0.056808688387635004,-86,20,7,0.14557226399331602,106,1
128,"(10,15)",,False,51,"[10, 15, 16, 9, 11]",8,0.064712707695163,-88,20,7,0.146946068875893,108,1
129,"(10,15)",,False,51,"[10, 15, 16, 9, 11]",8,0.064712707695163,-88,20,7,0.146946068875893,108,1
130,"(0,11)",,False,51,"[15, 9, 8, 0, 11]",7,0.03846653671215,-90,20,7,0.131546458739441,110,1
131,"(0,11)",,False,51,"[15, 9, 8, 0, 11]",7,0.03846653671215,-90,20,7,0.131546458739441,110,1
132,"(19,14)",,False,53,"[19, 9, 10, 14, 12]",7,0.035834957764782,-92,20,7,0.074431448992852,112,1
133,"(19,14)",,False,53,"[19, 9, 10, 14, 12]",7,0.035834957764782,-92,20,7,0.074431448992852,112,1
134,"(1,18)",,False,56,"[3, 1, 6, 19, 18]",7,0.035046370134089004,-92,21,8,0.045781541395576004,113,1
135,"(1,18)",,False,56,"[3, 1, 6, 19, 18]",7,0.035046370134089004,-92,21,8,0.045781541395576004,113,1
136,"(5,8)",,False,58,"[3, 12, 5, 16, 8]",8,0.084352716808857,-90,23,8,0.038332784824012006,113,1
137,"(5,8)",,False,58,"[3, 12, 5, 16, 8]",8,0.084352716808857,-90,23,8,0.038332784824012006,113,1
138,"(18,0)",,False,55,"[18, 19, 1, 0, 9]",7,0.080829388285528,-88,25,8,0.041063306414183,113,1
139,"(18,0)",,False,55,"[18, 19, 1, 0, 9]",7,0.080829388285528,-88,25,8,0.041063306414183,113,1
140,5:14,assassinate,True,48,"[9, 5, 3, 8, 1]",6,0.058257174923841006,-86,27,7,0.029776039425162003,113,1
141,5:14,assassinate,True,48,"[9, 5, 3, 8, 1]",6,0.058257174923841006,-86,27,7,0.029776039425162003,113,1
142,"(17,0)",,True,48,"[17, 3, 8, 0, 15]",5,0.016462874357611002,-86,28,7,0.033521514223268004,114,1
143,"(17,0)",,True,48,"[17, 3, 8, 0, 15]",5,0.016462874357611002,-86,28,7,0.033521514223268004,114,1
144,"(8,0)",,False,49,"[15, 16, 8, 0, 17]",6,0.027252052690649002,-86,29,7,0.031301317266229,115,1
145,"(8,0)",,False,49,"[15, 16, 8, 0, 17]",6,0.027252052690649002,-86,29,7,0.031301317266229,115,1
146,"(6,13)",,True,49,"[11, 14, 6, 13, 17]",6,0.030813143971038,-86,30,7,0.03180636777128,116,1
147,"(6,13)",,True,49,"[11, 14, 6, 13, 17]",6,0.030813143971038,-86,30,7,0.03180636777128,116,1
148,3:12,assassinate,True,44,"[6, 16, 18, 3, 15]",6,0.11297688666109701,-84,32,6,0.025013923698134002,116,1
149,3:12,assassinate,True,44,"[6, 16, 18, 3, 15]",6,0.11297688666109701,-84,32,6,0.025013923698134002,116,1
150,"(6,7)",,False,46,"[11, 6, 7, 14, 16]",6,0.110656270305393,-82,34,6,0.018492991738605,116,1
151,"(6,7)",,False,46,"[11, 6, 7, 14, 16]",6,0.110656270305393,-82,34,6,0.018492991738605,116,1
152,"(1,11)",,False,48,"[9, 2, 1, 18, 11]",7,0.20890188434048002,-80,36,7,0.032472384665367005,116,1
153,"(1,11)",,False,48,"[9, 2, 1, 18, 11]",7,0.20890188434048002,-80,36,7,0.032472384665367005,116,1
154,"(19,15)",,False,48,"[3, 19, 6, 15, 4]",7,0.204191033138401,-78,38,6,0.025974658869395,116,1
155,"(19,15)",,False,48,"[3, 19, 6, 15, 4]",7,0.204191033138401,-78,38,6,0.025974658869395,116,1
156,"(10,8)",,False,48,"[19, 18, 16, 10, 8]",7,0.202923976608187,-76,40,6,0.025081221572449002,116,1
157,"(10,8)",,False,48,"[19, 18, 16, 10, 8]",7,0.202923976608187,-76,40,6,0.025081221572449002,116,1
158,"(16,14)",,False,50,"[16, 11, 14, 7, 17]",7,0.21461988304093502,-74,42,6,0.025081221572449002,116,1
159,"(16,14)",,False,50,"[16, 11, 14, 7, 17]",7,0.21461988304093502,-74,42,6,0.025081221572449002,116,1
160,"(2,12)",,False,52,"[7, 2, 16, 8, 12]",7,0.16198830409356701,-72,44,6,0.024691358024691003,116,1
161,"(2,12)",,False,52,"[7, 2, 16, 8, 12]",7,0.16198830409356701,-72,44,6,0.024691358024691003,116,1
162,"(10,5)",,False,52,"[4, 10, 8, 17, 5]",7,0.095126705653021,-70,46,6,0.025860948667966004,116,1
163,"(10,5)",,False,52,"[4, 10, 8, 17, 5]",7,0.095126705653021,-70,46,6,0.025860948667966004,116,1
164,"(5,7)",,False,52,"[4, 5, 7, 18, 8]",7,0.08422445001392301,-68,48,5,0.017729508957579,116,1
165,"(5,7)",,False,52,"[4, 5, 7, 18, 8]",7,0.08422445001392301,-68,48,5,0.017729508957579,116,1
166,"(0,2)",,False,52,"[6, 0, 16, 17, 2]",7,0.081787802840434,-66,50,5,0.017729508957579,116,1
167,"(0,2)",,False,52,"[6, 0, 16, 17, 2]",7,0.081787802840434,-66,50,5,0.017729508957579,116,1
168,"(19,5)",,False,52,"[19, 7, 17, 5, 4]",7,0.07962962962962901,-64,52,4,0.0021929824561400003,116,1
169,"(19,5)",,False,52,"[19, 7, 17, 5, 4]",7,0.07962962962962901,-64,52,4,0.0021929824561400003,116,1
170,18:14,assassinate,True,46,"[1, 11, 2, 18, 6]",7,0.07788916736285101,-62,54,4,0.0021929824561400003,116,1
171,18:14,assassinate,True,46,"[1, 11, 2, 18, 6]",7,0.07788916736285101,-62,54,4,0.0021929824561400003,116,1
172,"(0,12)",,False,44,"[18, 19, 5, 0, 12]",6,0.022626009468114,-60,56,4,0.0022974101921470003,116,1
173,"(0,12)",,False,44,"[18, 19, 5, 0, 12]",6,0.022626009468114,-60,56,4,0.0022974101921470003,116,1
174,"(0,3)",,False,45,"[0, 14, 12, 3, 7]",7,0.06258702311333801,-58,58,4,0.0022974101921470003,116,1
175,"(0,3)",,False,45,"[0, 14, 12, 3, 7]",7,0.06258702311333801,-58,58,4,0.0022974101921470003,116,1
176,"(12,1)",,False,48,"[11, 0, 12, 1, 17]",9,0.17167009403851502,-56,60,5,0.039634877792772,116,1
177,"(12,1)",,False,48,"[11, 0, 12, 1, 17]",9,0.17167009403851502,-56,60,5,0.039634877792772,116,1
178,"(18,0)",,False,46,"[16, 18, 0, 19, 10]",8,0.068664717348927,-54,62,5,0.039814814814814005,116,1
179,"(18,0)",,False,46,"[16, 18, 0, 19, 10]",8,0.068664717348927,-54,62,5,0.039814814814814005,116,1
180,"(18,6)",,False,48,"[2, 15, 18, 3, 6]",8,0.074707602339181,-52,64,5,0.043713450292397,116,1
181,"(18,6)",,False,48,"[2, 15, 18, 3, 6]",8,0.074707602339181,-52,64,5,0.043713450292397,116,1
182,"(0,9)",,True,46,"[0, 9, 14, 10, 4]",7,0.065712893344472,-50,66,5,0.046895015316067004,116,1
183,"(0,9)",,True,46,"[0, 9, 14, 10, 4]",7,0.065712893344472,-50,66,5,0.046895015316067004,116,1
184,"(0,2)",,False,46,"[0, 5, 2, 16, 10]",7,0.075164763761254,-48,68,5,0.054636591478696005,116,1
185,"(0,2)",,False,46,"[0, 5, 2, 16, 10]",7,0.075164763761254,-48,68,5,0.054636591478696005,116,1
186,"(3,1)",,False,46,"[4, 12, 8, 3, 1]",7,0.08655434883505,-48,69,6,0.12222222222222201,117,1
187,"(3,1)",,False,46,"[4, 12, 8, 3, 1]",7,0.08655434883505,-48,69,6,0.12222222222222201,117,1
188,"(16,15)",,False,48,"[12, 16, 9, 6, 15]",7,0.09072449642625001,-50,69,6,0.10175438596491201,119,1
189,"(16,15)",,False,48,"[12, 16, 9, 6, 15]",7,0.09072449642625001,-50,69,6,0.10175438596491201,119,1
190,"(1,15)",,False,48,"[1, 15, 5, 12, 7]",7,0.08606701940035201,-52,69,7,0.12651072124756302,121,1
191,"(1,15)",,False,48,"[1, 15, 5, 12, 7]",7,0.08606701940035201,-52,69,7,0.12651072124756302,121,1
192,"(19,7)",,False,48,"[5, 15, 19, 7, 12]",7,0.080738884247656,-54,69,7,0.12758284600389802,123,1
193,"(19,7)",,False,48,"[5, 15, 19, 7, 12]",7,0.080738884247656,-54,69,7,0.12758284600389802,123,1
194,"(6,2)",,True,46,"[6, 12, 19, 4, 2]",7,0.11797085305857201,-56,69,7,0.146881091617933,125,1
195,"(6,2)",,True,46,"[6, 12, 19, 4, 2]",7,0.11797085305857201,-56,69,7,0.146881091617933,125,1
196,5:4,assassinate,True,45,"[2, 19, 0, 5, 15]",6,0.059198923234010006,-58,69,7,0.133430799220272,127,1
197,5:4,assassinate,True,45,"[2, 19, 0, 5, 15]",6,0.059198923234010006,-58,69,7,0.133430799220272,127,1
198,11:8,assassinate,True,42,"[18, 7, 2, 11, 8]",5,0.027638540796435,-60,69,7,0.10625174046226601,129,1
199,11:8,assassinate,True,42,"[18, 7, 2, 11, 8]",5,0.027638540796435,-60,69,7,0.10625174046226601,129,1
200,"(13,7)",,False,42,"[14, 13, 18, 7, 17]",5,0.026415786942102,-62,69,7,0.08875218348902501,131,1
201,"(13,7)",,False,42,"[14, 13, 18, 7, 17]",5,0.026415786942102,-62,69,7,0.08875218348902501,131,1
202,"(11,3)",,False,44,"[16, 11, 18, 3, 14]",6,0.078557504873294,-62,70,7,0.11315789473684201,132,1
203,"(11,3)",,False,44,"[16, 11, 18, 3, 14]",6,0.078557504873294,-62,70,7,0.11315789473684201,132,1
204,"(4,0)",,False,44,"[4, 0, 2, 3, 11]",6,0.07140072403230201,-64,70,7,0.123148148148148,134,1
205,"(4,0)",,False,44,"[4, 0, 2, 3, 11]",6,0.07140072403230201,-64,70,7,0.123148148148148,134,1
206,"(6,0)",,False,43,"[13, 6, 0, 4, 19]",5,0.0635477582846,-64,71,7,0.074380395433027,135,1
207,"(6,0)",,False,43,"[13, 6, 0, 4, 19]",5,0.0635477582846,-64,71,7,0.074380395433027,135,1
208,"(14,3)",,True,46,"[14, 3, 15, 17, 12]",7,0.12291840712893301,-62,73,7,0.06677805625174,135,1
209,"(14,3)",,True,46,"[14, 3, 15, 17, 12]",7,0.12291840712893301,-62,73,7,0.06677805625174,135,1
210,"(0,7)",,True,44,"[0, 7, 13, 16, 8]",6,0.09523809523809501,-60,75,7,0.077109440267335,135,1
211,"(0,7)",,True,44,"[0, 7, 13, 16, 8]",6,0.09523809523809501,-60,75,7,0.077109440267335,135,1
212,"(11,13)",,False,46,"[11, 13, 4, 9, 17]",6,0.08169033695349401,-58,77,7,0.05409356725146101,135,1
213,"(11,13)",,False,46,"[11, 13, 4, 9, 17]",6,0.08169033695349401,-58,77,7,0.05409356725146101,135,1
214,"(16,3)",,False,48,"[7, 2, 16, 0, 3]",6,0.093483709273182,-56,79,7,0.05214424951267001,135,1
215,"(16,3)",,False,48,"[7, 2, 16, 0, 3]",6,0.093483709273182,-56,79,7,0.05214424951267001,135,1
216,"(18,4)",,False,50,"[18, 3, 12, 7, 4]",6,0.085825675299359,-54,81,7,0.048510164299637004,135,1
217,"(18,4)",,False,50,"[18, 3, 12, 7, 4]",6,0.085825675299359,-54,81,7,0.048510164299637004,135,1
218,"(14,11)",,False,52,"[14, 11, 12, 7, 4]",6,0.079490392648287,-52,83,7,0.045001392369813,135,1
219,"(14,11)",,False,52,"[14, 11, 12, 7, 4]",6,0.079490392648287,-52,83,7,0.045001392369813,135,1
220,19:14,assassinate,True,46,"[7, 19, 6, 3, 5]",5,0.049331662489557004,-50,85,7,0.033959899749373,135,1
221,19:14,assassinate,True,46,"[7, 19, 6, 3, 5]",5,0.049331662489557004,-50,85,7,0.033959899749373,135,1
222,"(3,8)",,False,46,"[3, 19, 5, 8, 17]",5,0.049094959621275004,-48,87,7,0.035185185185185,135,1
223,"(3,8)",,False,46,"[3, 19, 5, 8, 17]",5,0.049094959621275004,-48,87,7,0.035185185185185,135,1
224,"(5,6)",,False,48,"[16, 5, 19, 6, 13]",5,0.055917571707045005,-46,89,7,0.045419103313840005,135,1
225,"(5,6)",,False,48,"[16, 5, 19, 6, 13]",5,0.055917571707045005,-46,89,7,0.045419103313840005,135,1
226,"(1,13)",,False,50,"[6, 1, 10, 16, 13]",5,0.044702032859927,-46,90,8,0.06778056251740401,136,1
227,"(1,13)",,False,50,"[6, 1, 10, 16, 13]",5,0.044702032859927,-46,90,8,0.06778056251740401,136,1
228,"(5,1)",,False,50,"[12, 5, 1, 18, 14]",5,0.048544973544973,-46,91,8,0.07471456418824801,137,1
229,"(5,1)",,False,50,"[12, 5, 1, 18, 14]",5,0.048544973544973,-46,91,8,0.07471456418824801,137,1
230,"(0,8)",,False,50,"[0, 15, 4, 7, 8]",4,0.026907546644388002,-48,91,8,0.058395989974937,139,1
231,"(0,8)",,False,50,"[0, 15, 4, 7, 8]",4,0.026907546644388002,-48,91,8,0.058395989974937,139,1
232,"(4,18)",,False,50,"[4, 19, 5, 14, 18]",4,0.02661514898357,-50,91,8,0.059147869674185005,141,1
233,"(4,18)",,False,50,"[4, 19, 5, 14, 18]",4,0.02661514898357,-50,91,8,0.059147869674185005,141,1
234,"(1,11)",,True,53,"[12, 1, 13, 11, 7]",4,0.019883040935672003,-52,91,9,0.068838763575605,143,1
235,"(1,11)",,True,53,"[12, 1, 13, 11, 7]",4,0.019883040935672003,-52,91,9,0.068838763575605,143,1
236,"(1,9)",,False,55,"[1, 18, 9, 7, 2]",5,0.032878492527615,-54,91,10,0.091395154553049,145,1
237,"(1,9)",,False,55,"[1, 18, 9, 7, 2]",5,0.032878492527615,-54,91,10,0.091395154553049,145,1
238,"(11,0)",,False,55,"[11, 12, 18, 0, 13]",4,0.013401559454191001,-56,91,10,0.082964355332776,147,1
239,"(11,0)",,False,55,"[11, 12, 18, 0, 13]",4,0.013401559454191001,-56,91,10,0.082964355332776,147,1
240,"(10,13)",,False,55,"[15, 12, 16, 10, 13]",4,0.019444444444444,-58,91,10,0.092905875800612,149,1
241,"(10,13)",,False,55,"[15, 12, 16, 10, 13]",4,0.019444444444444,-58,91,10,0.092905875800612,149,1
242,"(1,7)",,False,58,"[1, 6, 16, 0, 7]",4,0.017949967511371002,-60,91,11,0.094590643274853,151,1
243,"(1,7)",,False,58,"[1, 6, 16, 0, 7]",4,0.017949967511371002,-60,91,11,0.094590643274853,151,1
244,"(1,17)",,False,60,"[1, 2, 4, 6, 17]",5,0.040023670286828,-62,91,12,0.110273368606701,153,1
245,"(1,17)",,False,60,"[1, 2, 4, 6, 17]",5,0.040023670286828,-62,91,12,0.110273368606701,153,1
246,10:26,assassinate,True,48,"[13, 10, 14, 11, 17]",4,0.03625730994152,-64,91,11,0.125786688944583,155,1
247,10:26,assassinate,True,48,"[13, 10, 14, 11, 17]",4,0.03625730994152,-64,91,11,0.125786688944583,155,1
248,"(11,17)",,False,46,"[8, 11, 14, 17, 2]",4,0.039042049568365,-66,91,10,0.11133389028125801,157,1
249,"(11,17)",,False,46,"[8, 11, 14, 17, 2]",4,0.039042049568365,-66,91,10,0.11133389028125801,157,1
250,"(0,9)",,False,44,"[13, 0, 8, 9, 19]",3,0.020662768031189,-68,91,9,0.099470899470899,159,1
251,"(0,9)",,False,44,"[13, 0, 8, 9, 19]",3,0.020662768031189,-68,91,9,0.099470899470899,159,1
252,"(11,19)",,False,44,"[8, 11, 5, 19, 3]",3,0.02261208576998,-70,91,8,0.091924255082149,161,1
253,"(11,19)",,False,44,"[8, 11, 5, 19, 3]",3,0.02261208576998,-70,91,8,0.091924255082149,161,1
254,3:20,assassinate,True,35,"[17, 9, 3, 12, 7]",3,0.033333333333333,-72,91,7,0.116569200779727,163,1
255,3:20,assassinate,True,35,"[17, 9, 3, 12, 7]",3,0.033333333333333,-72,91,7,0.116569200779727,163,1
256,"(15,1)",,False,35,"[17, 15, 9, 14, 1]",3,0.021832358674463002,-74,91,8,0.19015594541910302,165,1
257,"(15,1)",,False,35,"[17, 15, 9, 14, 1]",3,0.021832358674463002,-74,91,8,0.19015594541910302,165,1
258,"(7,3)",,True,35,"[2, 7, 3, 19, 18]",3,0.10672514619883001,-76,91,7,0.16101364522417103,167,1
259,"(7,3)",,True,35,"[2, 7, 3, 19, 18]",3,0.10672514619883001,-76,91,7,0.16101364522417103,167,1
260,"(1,19)",,False,37,"[18, 1, 19, 11, 3]",3,0.206140350877192,-76,92,8,0.216666666666666,168,1
261,"(1,19)",,False,37,"[18, 1, 19, 11, 3]",3,0.206140350877192,-76,92,8,0.216666666666666,168,1
262,"(1,0)",,False,39,"[16, 1, 13, 4, 0]",5,0.23196881091617902,-76,93,9,0.25769980506822604,169,1
263,"(1,0)",,False,39,"[16, 1, 13, 4, 0]",5,0.23196881091617902,-76,93,9,0.25769980506822604,169,1
264,"(8,0)",,False,36,"[8, 0, 5, 17, 3]",4,0.20321637426900502,-74,95,7,0.201267056530214,169,1
265,"(8,0)",,False,36,"[8, 0, 5, 17, 3]",4,0.20321637426900502,-74,95,7,0.201267056530214,169,1
266,"(1,10)",,False,38,"[6, 11, 1, 10, 5]",5,0.106952566601689,-74,96,8,0.25095841455490503,170,1
267,"(1,10)",,False,38,"[6, 11, 1, 10, 5]",5,0.106952566601689,-74,96,8,0.25095841455490503,170,1
268,"(17,8)",,True,40,"[19, 2, 16, 17, 8]",6,0.11809152510906801,-76,96,8,0.24160168940870702,172,1
269,"(17,8)",,True,40,"[19, 2, 16, 17, 8]",6,0.11809152510906801,-76,96,8,0.24160168940870702,172,1
270,"(5,10)",,False,40,"[2, 17, 11, 5, 10]",6,0.128030092065179,-76,97,7,0.156233386496544,173,1
271,"(5,10)",,False,40,"[2, 17, 11, 5, 10]",6,0.128030092065179,-76,97,7,0.156233386496544,173,1
272,"(15,5)",,False,42,"[15, 19, 2, 5, 9]",7,0.137032395804325,-76,98,7,0.14132553606237802,174,1
273,"(15,5)",,False,42,"[15, 19, 2, 5, 9]",7,0.137032395804325,-76,98,7,0.14132553606237802,174,1
274,"(15,16)",,False,42,"[5, 17, 15, 12, 16]",7,0.134725703146755,-74,100,7,0.134697855750487,174,1
275,"(15,16)",,False,42,"[5, 17, 15, 12, 16]",7,0.134725703146755,-74,100,7,0.134697855750487,174,1
276,"(0,5)",,False,42,"[19, 0, 5, 18, 6]",6,0.130409356725146,-74,101,7,0.131592871066555,175,1
277,"(0,5)",,False,42,"[19, 0, 5, 18, 6]",6,0.130409356725146,-74,101,7,0.131592871066555,175,1
278,"(2,8)",,False,44,"[6, 2, 17, 8, 11]",6,0.11894087069525601,-72,103,7,0.097804696927503,175,1
279,"(2,8)",,False,44,"[6, 2, 17, 8, 11]",6,0.11894087069525601,-72,103,7,0.097804696927503,175,1
280,"(9,0)",,False,44,"[3, 7, 14, 9, 0]",6,0.11894087069525601,-70,105,7,0.10423744546551501,175,1
281,"(9,0)",,False,44,"[3, 7, 14, 9, 0]",6,0.11894087069525601,-70,105,7,0.10423744546551501,175,1
282,"(4,15)",,False,44,"[3, 11, 9, 4, 15]",6,0.103362573099415,-70,106,7,0.11141743247006401,176,1
283,"(4,15)",,False,44,"[3, 11, 9, 4, 15]",6,0.103362573099415,-70,106,7,0.11141743247006401,176,1
284,"(16,7)",,False,47,"[18, 11, 16, 2, 7]",8,0.142906508695982,-68,108,7,0.08352193615351501,176,1
285,"(16,7)",,False,47,"[18, 11, 16, 2, 7]",8,0.142906508695982,-68,108,7,0.08352193615351501,176,1
286,"(10,1)",,False,47,"[10, 1, 17, 14, 12]",8,0.13218526113262902,-68,109,8,0.14940887572466502,177,1
287,"(10,1)",,False,47,"[10, 1, 17, 14, 12]",8,0.13218526113262902,-68,109,8,0.14940887572466502,177,1
288,"(2,1)",,False,49,"[2, 1, 9, 6, 7]",8,0.127645502645502,-70,109,9,0.15995544416597002,179,1
289,"(2,1)",,False,49,"[2, 1, 9, 6, 7]",8,0.127645502645502,-70,109,9,0.15995544416597002,179,1
290,"(1,3)",,False,51,"[9, 1, 15, 17, 3]",8,0.10036897800055601,-72,109,10,0.154274575327206,181,1
291,"(1,3)",,False,51,"[9, 1, 15, 17, 3]",8,0.10036897800055601,-72,109,10,0.154274575327206,181,1
292,8:8,assassinate,True,47,"[3, 5, 10, 8, 9]",7,0.05964912280701701,-74,109,10,0.139905318852687,183,1
293,8:8,assassinate,True,47,"[3, 5, 10, 8, 9]",7,0.05964912280701701,-74,109,10,0.139905318852687,183,1
294,"(1,12)",,False,49,"[1, 12, 2, 9, 0]",7,0.052631578947368,-76,109,11,0.14351851851851802,185,1
295,"(1,12)",,False,49,"[1, 12, 2, 9, 0]",7,0.052631578947368,-76,109,11,0.14351851851851802,185,1
296,"(1,8)",,True,51,"[9, 1, 19, 8, 2]",7,0.055555555555555004,-78,109,12,0.236403508771929,187,1
297,"(1,8)",,True,51,"[9, 1, 19, 8, 2]",7,0.055555555555555004,-78,109,12,0.236403508771929,187,1
298,"(0,4)",,False,49,"[19, 9, 13, 0, 4]",6,0.040861412791237006,-80,109,11,0.14477397196695402,189,1
299,"(0,4)",,False,49,"[19, 9, 13, 0, 4]",6,0.040861412791237006,-80,109,11,0.14477397196695402,189,1
300,"(6,3)",,False,49,"[6, 3, 17, 14, 9]",6,0.034064327485380005,-82,109,10,0.097108512020792,191,1
301,"(6,3)",,False,49,"[6, 3, 17, 14, 9]",6,0.034064327485380005,-82,109,10,0.097108512020792,191,1
302,"(8,12)",,True,49,"[4, 8, 12, 5, 18]",6,0.04008168569572,-84,109,9,0.099436090225563,193,1
303,"(8,12)",,True,49,"[4, 8, 12, 5, 18]",6,0.04008168569572,-84,109,9,0.099436090225563,193,1
304,"(12,11)",,False,51,"[12, 0, 7, 11, 16]",7,0.050153160679476005,-86,109,9,0.085818713450292,195,1
305,"(12,11)",,False,51,"[12, 0, 7, 11, 16]",7,0.050153160679476005,-86,109,9,0.085818713450292,195,1
306,7:18,assassinate,True,40,"[14, 12, 11, 16, 7]",7,0.05653021442495101,-88,109,8,0.096296296296296,197,1
307,7:18,assassinate,True,40,"[14, 12, 11, 16, 7]",7,0.05653021442495101,-88,109,8,0.096296296296296,197,1
308,"(14,1)",,False,42,"[14, 18, 10, 9, 1]",7,0.081008075744917,-90,109,9,0.145530492898913,199,1
309,"(14,1)",,False,42,"[14, 18, 10, 9, 1]",7,0.081008075744917,-90,109,9,0.145530492898913,199,1
310,"(1,11)",,False,44,"[5, 1, 11, 12, 17]",7,0.073586744639376,-92,109,10,0.16345029239766,201,1
311,"(1,11)",,False,44,"[5, 1, 11, 12, 17]",7,0.073586744639376,-92,109,10,0.16345029239766,201,1
312,"(1,16)",,False,47,"[11, 1, 16, 14, 12]",7,0.069200779727095,-94,109,11,0.151754385964912,203,1
313,"(1,16)",,False,47,"[11, 1, 16, 14, 12]",7,0.069200779727095,-94,109,11,0.151754385964912,203,1
314,"(15,5)",,False,47,"[14, 15, 19, 5, 4]",7,0.060087719298245,-96,109,10,0.125925925925925,205,1
315,"(15,5)",,False,47,"[14, 15, 19, 5, 4]",7,0.060087719298245,-96,109,10,0.125925925925925,205,1
316,"(9,19)",,False,45,"[18, 14, 12, 9, 19]",7,0.058625730994152005,-98,109,9,0.10040378724589201,207,1
317,"(9,19)",,False,45,"[18, 14, 12, 9, 19]",7,0.058625730994152005,-98,109,9,0.10040378724589201,207,1
318,"(4,3)",,False,47,"[14, 4, 19, 10, 3]",7,0.04902534113060401,-100,109,9,0.080311890838206,209,1
319,"(4,3)",,False,47,"[14, 4, 19, 10, 3]",7,0.04902534113060401,-100,109,9,0.080311890838206,209,1
320,"(3,15)",,False,49,"[18, 14, 9, 3, 15]",7,0.038304093567251,-102,109,9,0.068810916179337,211,1
321,"(3,15)",,False,49,"[18, 14, 9, 3, 15]",7,0.038304093567251,-102,109,9,0.068810916179337,211,1
322,"(1,7)",,False,49,"[19, 1, 12, 8, 7]",7,0.065381889066099,-104,109,10,0.18010809852915102,213,1
323,"(1,7)",,False,49,"[19, 1, 12, 8, 7]",7,0.065381889066099,-104,109,10,0.18010809852915102,213,1
324,"(0,6)",,False,50,"[18, 0, 6, 11, 17]",6,0.028669738318861004,-106,109,10,0.125313705138266,215,1
325,"(0,6)",,False,50,"[18, 0, 6, 11, 17]",6,0.028669738318861004,-106,109,10,0.125313705138266,215,1
326,"(8,1)",,False,50,"[5, 8, 0, 15, 1]",6,0.029467186484730002,-108,109,10,0.168142578668894,217,1
327,"(8,1)",,False,50,"[5, 8, 0, 15, 1]",6,0.029467186484730002,-108,109,10,0.168142578668894,217,1
328,"(13,0)",,False,50,"[8, 13, 16, 0, 3]",5,0.014376218323586001,-110,109,10,0.16574074074074002,219,1
329,"(13,0)",,False,50,"[8, 13, 16, 0, 3]",5,0.014376218323586001,-110,109,10,0.16574074074074002,219,1
330,"(11,3)",,False,50,"[11, 10, 1, 3, 16]",6,0.045669729880256006,-112,109,10,0.16850227420402802,221,1
331,"(11,3)",,False,50,"[11, 10, 1, 3, 16]",6,0.045669729880256006,-112,109,10,0.16850227420402802,221,1
332,"(15,8)",,False,50,"[4, 15, 3, 8, 0]",7,0.084969367864104,-114,109,10,0.20192843219159,223,1
333,"(15,8)",,False,50,"[4, 15, 3, 8, 0]",7,0.084969367864104,-114,109,10,0.20192843219159,223,1
334,"(10,17)",,False,50,"[8, 4, 18, 10, 17]",7,0.076977165135059,-116,109,10,0.170551378446115,225,1
335,"(10,17)",,False,50,"[8, 4, 18, 10, 17]",7,0.076977165135059,-116,109,10,0.170551378446115,225,1
336,5:8,assassinate,True,47,"[5, 2, 10, 15, 11]",6,0.052353104984683006,-118,109,10,0.145133667502088,227,1
337,5:8,assassinate,True,47,"[5, 2, 10, 15, 11]",6,0.052353104984683006,-118,109,10,0.145133667502088,227,1
338,"(1,5)",,False,50,"[1, 7, 8, 3, 5]",6,0.056189083820662004,-120,109,11,0.23064605959342802,229,1
339,"(1,5)",,False,50,"[1, 7, 8, 3, 5]",6,0.056189083820662004,-120,109,11,0.23064605959342802,229,1
340,"(12,1)",,False,50,"[12, 17, 4, 5, 1]",6,0.06381230854915,-122,109,11,0.23236563631300403,231,1
341,"(12,1)",,False,50,"[12, 17, 4, 5, 1]",6,0.06381230854915,-122,109,11,0.23236563631300403,231,1
342,"(7,19)",,True,52,"[7, 12, 3, 16, 19]",6,0.059036480089111006,-124,109,11,0.18606934001670802,233,1
343,"(7,19)",,True,52,"[7, 12, 3, 16, 19]",6,0.059036480089111006,-124,109,11,0.18606934001670802,233,1
344,"(6,18)",,False,52,"[6, 8, 3, 18, 10]",6,0.060628422909124007,-126,109,11,0.176338995637241,235,1
345,"(6,18)",,False,52,"[6, 8, 3, 18, 10]",6,0.060628422909124007,-126,109,11,0.176338995637241,235,1
346,"(1,9)",,False,54,"[13, 1, 9, 16, 4]",6,0.039756799405922,-128,109,12,0.198691172375382,237,1
347,"(1,9)",,False,54,"[13, 1, 9, 16, 4]",6,0.039756799405922,-128,109,12,0.198691172375382,237,1
348,"(17,12)",,False,54,"[2, 17, 5, 8, 12]",6,0.040731458275317003,-130,109,12,0.19859370648844302,239,1
349,"(17,12)",,False,54,"[2, 17, 5, 8, 12]",6,0.040731458275317003,-130,109,12,0.19859370648844302,239,1
350,4:24,assassinate,True,43,"[13, 17, 9, 4, 19]",5,0.040350877192982006,-132,109,11,0.28401559454191,241,1
351,4:24,assassinate,True,43,"[13, 17, 9, 4, 19]",5,0.040350877192982006,-132,109,11,0.28401559454191,241,1
352,"(9,0)",,False,44,"[9, 18, 0, 8, 6]",4,0.01750208855472,-134,109,11,0.27400445558340303,243,1
353,"(9,0)",,False,44,"[9, 18, 0, 8, 6]",4,0.01750208855472,-134,109,11,0.27400445558340303,243,1
354,"(10,15)",,False,44,"[9, 10, 15, 8, 6]",4,0.021247563352826,-136,109,11,0.27833472570314605,245,1
355,"(10,15)",,False,44,"[9, 10, 15, 8, 6]",4,0.021247563352826,-136,109,11,0.27833472570314605,245,1
356,"(0,14)",,False,44,"[0, 18, 11, 19, 14]",4,0.026835607537361,-138,109,11,0.2590318388564,247,1
357,"(0,14)",,False,44,"[0, 18, 11, 19, 14]",4,0.026835607537361,-138,109,11,0.2590318388564,247,1
358,"(17,11)",,True,44,"[17, 18, 5, 11, 9]",5,0.041033138401559005,-140,109,11,0.271929824561403,249,1
359,"(17,11)",,True,44,"[17, 18, 5, 11, 9]",5,0.041033138401559005,-140,109,11,0.271929824561403,249,1
360,"(14,1)",,False,46,"[9, 6, 2, 14, 1]",6,0.052589807852965006,-142,109,12,0.29071289334447203,251,1
361,"(14,1)",,False,46,"[9, 6, 2, 14, 1]",6,0.052589807852965006,-142,109,12,0.29071289334447203,251,1
362,"(0,6)",,True,44,"[1, 0, 11, 10, 6]",5,0.030465051517683004,-144,109,11,0.262252854358117,253,1
363,"(0,6)",,True,44,"[1, 0, 11, 10, 6]",5,0.030465051517683004,-144,109,11,0.262252854358117,253,1
364,"(4,17)",,False,46,"[2, 3, 4, 17, 11]",6,0.057504873294346004,-146,109,11,0.33076441102756804,255,1
365,"(4,17)",,False,46,"[2, 3, 4, 17, 11]",6,0.057504873294346004,-146,109,11,0.33076441102756804,255,1
366,5:8,assassinate,True,41,"[2, 8, 0, 5, 12]",6,0.08401559454191,-148,109,9,0.26205096073517103,257,1
367,5:8,assassinate,True,41,"[2, 8, 0, 5, 12]",6,0.08401559454191,-148,109,9,0.26205096073517103,257,1
368,"(4,1)",,False,43,"[14, 4, 19, 3, 1]",7,0.09237993974836001,-150,109,10,0.27264816080605503,259,1
369,"(4,1)",,False,43,"[14, 4, 19, 3, 1]",7,0.09237993974836001,-150,109,10,0.27264816080605503,259,1
370,"(17,3)",,False,41,"[17, 16, 12, 3, 15]",7,0.11978557504873201,-152,109,9,0.256154274575327,261,1
371,"(17,3)",,False,41,"[17, 16, 12, 3, 15]",7,0.11978557504873201,-152,109,9,0.256154274575327,261,1
372,"(11,9)",,False,41,"[16, 1, 3, 11, 9]",8,0.18274853801169502,-154,109,9,0.23957115009746502,263,1
373,"(11,9)",,False,41,"[16, 1, 3, 11, 9]",8,0.18274853801169502,-154,109,9,0.23957115009746502,263,1
374,5:2,assassinate,True,41,"[13, 15, 5, 4, 6]",8,0.18274853801169502,-154,110,9,0.23957115009746502,264,1
375,5:2,assassinate,True,41,"[13, 15, 5, 4, 6]",8,0.18274853801169502,-154,110,9,0.23957115009746502,264,1
376,13:10,assassinate,True,37,"[13, 5, 17, 15, 11]",8,0.176134781397939,-154,111,9,0.22570314675577802,265,1
377,13:10,assassinate,True,37,"[13, 5, 17, 15, 11]",8,0.176134781397939,-154,111,9,0.22570314675577802,265,1
378,"(6,19)",,False,37,"[7, 6, 4, 19, 11]",8,0.17557783347257003,-156,111,9,0.226608187134502,267,1
379,"(6,19)",,False,37,"[7, 6, 4, 19, 11]",8,0.17557783347257003,-156,111,9,0.226608187134502,267,1
380,"(1,5)",,False,39,"[12, 6, 1, 8, 5]",8,0.17657337788916702,-158,111,10,0.29344193817878,269,1
381,"(1,5)",,False,39,"[12, 6, 1, 8, 5]",8,0.17657337788916702,-158,111,10,0.29344193817878,269,1
382,"(9,0)",,False,37,"[2, 9, 0, 19, 16]",7,0.21331801726538502,-160,111,9,0.276093010303536,271,1
383,"(9,0)",,False,37,"[2, 9, 0, 19, 16]",7,0.21331801726538502,-160,111,9,0.276093010303536,271,1
384,"(18,8)",,False,39,"[18, 19, 9, 2, 8]",7,0.22662211083263703,-162,111,9,0.275410749094959,273,1
385,"(18,8)",,False,39,"[18, 19, 9, 2, 8]",7,0.22662211083263703,-162,111,9,0.275410749094959,273,1
386,"(9,17)",,False,41,"[12, 15, 0, 9, 17]",7,0.193607756765651,-164,111,9,0.24225462646515203,275,1
387,"(9,17)",,False,41,"[12, 15, 0, 9, 17]",7,0.193607756765651,-164,111,9,0.24225462646515203,275,1
388,"(1,19)",,True,43,"[1, 16, 9, 19, 8]",7,0.17623224728487802,-166,111,10,0.264104706209969,277,1
389,"(1,19)",,True,43,"[1, 16, 9, 19, 8]",7,0.17623224728487802,-166,111,10,0.264104706209969,277,1
390,"(4,1)",,False,45,"[4, 2, 1, 14, 9]",7,0.14996519075466402,-168,111,11,0.271853244221665,279,1
391,"(4,1)",,False,45,"[4, 2, 1, 14, 9]",7,0.14996519075466402,-168,111,11,0.271853244221665,279,1
392,"(7,6)",,False,45,"[16, 11, 7, 17, 6]",7,0.15117887310869702,-170,111,11,0.27941149169219304,281,1
393,"(7,6)",,False,45,"[16, 11, 7, 17, 6]",7,0.15117887310869702,-170,111,11,0.27941149169219304,281,1
394,"(3,8)",,False,45,"[5, 17, 7, 3, 8]",7,0.13768680961663401,-172,111,10,0.251299545159194,283,1
395,"(3,8)",,False,45,"[5, 17, 7, 3, 8]",7,0.13768680961663401,-172,111,10,0.251299545159194,283,1
396,"(0,6)",,True,45,"[0, 9, 6, 15, 8]",7,0.10942170240415801,-174,111,10,0.229954515919428,285,1
397,"(0,6)",,True,45,"[0, 9, 6, 15, 8]",7,0.10942170240415801,-174,111,10,0.229954515919428,285,1
398,"(14,1)",,False,47,"[15, 14, 1, 8, 3]",7,0.092170240415854,-176,111,11,0.23541260558804403,287,1
399,"(14,1)",,False,47,"[15, 14, 1, 8, 3]",7,0.092170240415854,-176,111,11,0.23541260558804403,287,1
400,"(3,18)",,False,47,"[5, 3, 10, 18, 15]",7,0.08048825768124,-178,111,10,0.20058943655434802,289,1
401,"(3,18)",,False,47,"[5, 3, 10, 18, 15]",7,0.08048825768124,-178,111,10,0.20058943655434802,289,1
402,"(15,4)",,False,47,"[10, 15, 8, 4, 2]",7,0.070351805439524,-180,111,9,0.15894829666759402,291,1
403,"(15,4)",,False,47,"[10, 15, 8, 4, 2]",7,0.070351805439524,-180,111,9,0.15894829666759402,291,1
404,"(11,2)",,True,45,"[11, 17, 0, 19, 2]",7,0.077165135059871,-182,111,9,0.169353940406571,293,1
405,"(11,2)",,True,45,"[11, 17, 0, 19, 2]",7,0.077165135059871,-182,111,9,0.169353940406571,293,1
406,"(13,2)",,False,45,"[6, 13, 12, 0, 2]",7,0.092572339940761,-184,111,8,0.133761170603275,295,1
407,"(13,2)",,False,45,"[6, 13, 12, 0, 2]",7,0.092572339940761,-184,111,8,0.133761170603275,295,1
408,"(7,3)",,False,43,"[7, 17, 16, 6, 3]",7,0.102311333890281,-186,111,8,0.133068783068783,297,1
409,"(7,3)",,False,43,"[7, 17, 16, 6, 3]",7,0.102311333890281,-186,111,8,0.133068783068783,297,1
410,"(17,1)",,False,45,"[17, 1, 3, 15, 16]",7,0.11014151540467301,-188,111,9,0.16729196729196702,299,1
411,"(17,1)",,False,45,"[17, 1, 3, 15, 16]",7,0.11014151540467301,-188,111,9,0.16729196729196702,299,1
412,"(1,18)",,False,47,"[3, 6, 7, 1, 18]",7,0.07246588693957101,-190,111,10,0.208674463937621,301,1
413,"(1,18)",,False,47,"[3, 6, 7, 1, 18]",7,0.07246588693957101,-190,111,10,0.208674463937621,301,1
414,"(14,15)",,False,49,"[12, 14, 15, 17, 7]",7,0.067007797270955,-192,111,10,0.18596491228070103,303,1
415,"(14,15)",,False,49,"[12, 14, 15, 17, 7]",7,0.067007797270955,-192,111,10,0.18596491228070103,303,1
416,15:10,assassinate,True,45,"[15, 10, 12, 6, 0]",6,0.051900584795321,-194,111,10,0.17314814814814802,305,1
417,15:10,assassinate,True,45,"[15, 10, 12, 6, 0]",6,0.051900584795321,-194,111,10,0.17314814814814802,305,1
418,"(19,3)",,False,45,"[10, 19, 3, 13, 12]",7,0.07456140350877101,-196,111,10,0.17914230019493102,307,1
419,"(19,3)",,False,45,"[10, 19, 3, 13, 12]",7,0.07456140350877101,-196,111,10,0.17914230019493102,307,1
420,"(1,15)",,False,47,"[16, 1, 8, 10, 15]",8,0.111911723753829,-198,111,11,0.27111528822055103,309,1
421,"(1,15)",,False,47,"[16, 1, 8, 10, 15]",8,0.111911723753829,-198,111,11,0.27111528822055103,309,1
422,19:10,assassinate,True,43,"[2, 4, 19, 8, 17]",7,0.073148148148148,-200,111,11,0.27412280701754305,311,1
423,19:10,assassinate,True,43,"[2, 4, 19, 8, 17]",7,0.073148148148148,-200,111,11,0.27412280701754305,311,1
424,"(6,9)",,False,43,"[6, 9, 19, 5, 2]",8,0.119319131161236,-202,111,11,0.268741297688666,313,1
425,"(6,9)",,False,43,"[6, 9, 19, 5, 2]",8,0.119319131161236,-202,111,11,0.268741297688666,313,1
426,"(10,12)",,False,45,"[3, 8, 10, 12, 2]",9,0.15220226492156302,-204,111,11,0.25592221293975603,315,1
427,"(10,12)",,False,45,"[3, 8, 10, 12, 2]",9,0.15220226492156302,-204,111,11,0.25592221293975603,315,1
428,"(7,16)",,False,47,"[6, 15, 7, 16, 4]",10,0.237956001113895,-206,111,11,0.259398496240601,317,1
429,"(7,16)",,False,47,"[6, 15, 7, 16, 4]",10,0.237956001113895,-206,111,11,0.259398496240601,317,1
430,"(2,19)",,False,47,"[2, 19, 15, 17, 6]",10,0.22936507936507902,-204,113,10,0.22099693678641003,317,1
431,"(2,19)",,False,47,"[2, 19, 15, 17, 6]",10,0.22936507936507902,-204,113,10,0.22099693678641003,317,1
432,"(16,11)",,False,45,"[10, 16, 7, 11, 8]",10,0.251260094681147,-202,115,9,0.23134224450013902,317,1
433,"(16,11)",,False,45,"[10, 16, 7, 11, 8]",10,0.251260094681147,-202,115,9,0.23134224450013902,317,1
434,"(1,13)",,False,47,"[19, 1, 17, 2, 13]",11,0.27037037037037004,-202,116,10,0.276949317738791,318,1
435,"(1,13)",,False,47,"[19, 1, 17, 2, 13]",11,0.27037037037037004,-202,116,10,0.276949317738791,318,1
436,8:10,assassinate,True,43,"[8, 11, 2, 3, 19]",10,0.20492898913951502,-202,117,10,0.25462962962962904,319,1
437,8:10,assassinate,True,43,"[8, 11, 2, 3, 19]",10,0.20492898913951502,-202,117,10,0.25462962962962904,319,1
438,18:10,assassinate,True,39,"[6, 8, 5, 7, 18]",9,0.15960038986354702,-204,117,10,0.24410331384015502,321,1
439,18:10,assassinate,True,39,"[6, 8, 5, 7, 18]",9,0.15960038986354702,-204,117,10,0.24410331384015502,321,1
440,16:8,assassinate,True,36,"[13, 5, 3, 4, 16]",9,0.15146198830409302,-206,117,10,0.23167641325536,323,1
441,16:8,assassinate,True,36,"[13, 5, 3, 4, 16]",9,0.15146198830409302,-206,117,10,0.23167641325536,323,1
442,"(0,5)",,False,36,"[18, 17, 0, 12, 5]",8,0.12865497076023302,-208,117,10,0.22295321637426802,325,1
443,"(0,5)",,False,36,"[18, 17, 0, 12, 5]",8,0.12865497076023302,-208,117,10,0.22295321637426802,325,1
444,"(8,1)",,False,36,"[8, 3, 1, 6, 13]",8,0.16659704817599502,-210,117,10,0.255186577554998,327,1
445,"(8,1)",,False,36,"[8, 3, 1, 6, 13]",8,0.16659704817599502,-210,117,10,0.255186577554998,327,1
446,19:6,assassinate,True,33,"[11, 19, 8, 17, 18]",7,0.10776942355889702,-212,117,10,0.20669729880256102,329,1
447,19:6,assassinate,True,33,"[11, 19, 8, 17, 18]",7,0.10776942355889702,-212,117,10,0.20669729880256102,329,1
448,"(1,18)",,True,35,"[1, 15, 18, 12, 9]",7,0.148705096073517,-214,117,11,0.306112503480924,331,1
449,"(1,18)",,True,35,"[1, 15, 18, 12, 9]",7,0.148705096073517,-214,117,11,0.306112503480924,331,1
450,"(16,10)",,True,35,"[2, 16, 10, 14, 4]",7,0.13505987190197702,-216,117,11,0.309718741297688,333,1
451,"(16,10)",,True,35,"[2, 16, 10, 14, 4]",7,0.13505987190197702,-216,117,11,0.309718741297688,333,1
452,9:10,assassinate,True,31,"[2, 9, 6, 7, 10]",7,0.10467836257309901,-218,117,11,0.315399610136452,335,1
453,9:10,assassinate,True,31,"[2, 9, 6, 7, 10]",7,0.10467836257309901,-218,117,11,0.315399610136452,335,1
454,"(9,15)",,False,31,"[9, 14, 15, 19, 5]",7,0.11091617933723101,-220,117,10,0.32865497076023303,337,1
455,"(9,15)",,False,31,"[9, 14, 15, 19, 5]",7,0.11091617933723101,-220,117,10,0.32865497076023303,337,1
456,"(19,8)",,True,31,"[19, 8, 17, 7, 0]",7,0.11091617933723101,-222,117,9,0.32280701754385904,339,1
457,"(19,8)",,True,31,"[19, 8, 17, 7, 0]",7,0.11091617933723101,-222,117,9,0.32280701754385904,339,1
458,"(19,1)",,False,33,"[14, 9, 17, 19, 1]",7,0.112865497076023,-224,117,10,0.29356725146198803,341,1
459,"(19,1)",,False,33,"[14, 9, 17, 19, 1]",7,0.112865497076023,-224,117,10,0.29356725146198803,341,1
460,"(5,11)",,False,35,"[7, 5, 17, 11, 19]",7,0.077387914230019,-226,117,10,0.27105263157894705,343,1
461,"(5,11)",,False,35,"[7, 5, 17, 11, 19]",7,0.077387914230019,-226,117,10,0.27105263157894705,343,1
462,"(18,8)",,False,37,"[17, 10, 18, 2, 8]",7,0.07251461988304,-228,117,10,0.32612085769980503,345,1
463,"(18,8)",,False,37,"[17, 10, 18, 2, 8]",7,0.07251461988304,-228,117,10,0.32612085769980503,345,1
464,"(16,1)",,False,39,"[16, 5, 17, 19, 1]",8,0.13684210526315702,-230,117,11,0.28372319688109104,347,1
465,"(16,1)",,False,39,"[16, 5, 17, 19, 1]",8,0.13684210526315702,-230,117,11,0.28372319688109104,347,1
466,7:8,assassinate,True,36,"[5, 2, 1, 11, 7]",8,0.16622110832637102,-232,117,11,0.29604566972988,349,1
467,7:8,assassinate,True,36,"[5, 2, 1, 11, 7]",8,0.16622110832637102,-232,117,11,0.29604566972988,349,1
468,3:10,assassinate,True,30,"[15, 3, 5, 10, 9]",7,0.14171539961013602,-234,117,9,0.25594541910331303,351,1
469,3:10,assassinate,True,30,"[15, 3, 5, 10, 9]",7,0.14171539961013602,-234,117,9,0.25594541910331303,351,1
470,"(0,11)",,False,30,"[14, 16, 19, 0, 11]",7,0.220077972709551,-236,117,9,0.313645224171539,353,1
471,"(0,11)",,False,30,"[14, 16, 19, 0, 11]",7,0.220077972709551,-236,117,9,0.313645224171539,353,1
472,"(1,9)",,False,30,"[1, 17, 9, 8, 12]",7,0.230799220272904,-238,117,10,0.37699805068226105,355,1
473,"(1,9)",,False,30,"[1, 17, 9, 8, 12]",7,0.230799220272904,-238,117,10,0.37699805068226105,355,1
474,"(6,10)",,False,32,"[13, 15, 6, 19, 10]",7,0.19200779727095502,-240,117,10,0.33586744639376204,357,1
475,"(6,10)",,False,32,"[13, 15, 6, 19, 10]",7,0.19200779727095502,-240,117,10,0.33586744639376204,357,1
476,"(12,4)",,False,34,"[5, 12, 3, 14, 4]",7,0.144165970481759,-242,117,10,0.306404901141743,359,1
477,"(12,4)",,False,34,"[5, 12, 3, 14, 4]",7,0.144165970481759,-242,117,10,0.306404901141743,359,1
478,"(13,11)",,False,34,"[6, 13, 10, 15, 11]",7,0.13859649122807002,-244,117,10,0.28732943469785505,361,1
479,"(13,11)",,False,34,"[6, 13, 10, 15, 11]",7,0.13859649122807002,-244,117,10,0.28732943469785505,361,1
480,"(10,16)",,False,32,"[9, 10, 4, 16, 17]",7,0.176705653021442,-246,117,9,0.28849902534113003,363,1
481,"(10,16)",,False,32,"[9, 10, 4, 16, 17]",7,0.176705653021442,-246,117,9,0.28849902534113003,363,1
482,"(11,19)",,False,32,"[15, 4, 11, 9, 19]",7,0.17982456140350803,-248,117,9,0.30896686159844,365,1
483,"(11,19)",,False,32,"[15, 4, 11, 9, 19]",7,0.17982456140350803,-248,117,9,0.30896686159844,365,1
484,"(4,0)",,False,33,"[16, 4, 0, 2, 6]",6,0.154288499025341,-250,117,9,0.301949317738791,367,1
485,"(4,0)",,False,33,"[16, 4, 0, 2, 6]",6,0.154288499025341,-250,117,9,0.301949317738791,367,1
486,"(14,0)",,True,31,"[11, 12, 14, 17, 0]",5,0.135964912280701,-252,117,8,0.31936322287199403,369,1
487,"(14,0)",,True,31,"[11, 12, 14, 17, 0]",5,0.135964912280701,-252,117,8,0.31936322287199403,369,1
488,"(11,14)",,False,31,"[11, 8, 14, 19, 13]",6,0.184795321637426,-254,117,8,0.30838206627680304,371,1
489,"(11,14)",,False,31,"[11, 8, 14, 19, 13]",6,0.184795321637426,-254,117,8,0.30838206627680304,371,1
490,"(3,4)",,False,34,"[3, 4, 18, 7, 5]",6,0.18927875243664702,-256,117,8,0.29707602339181205,373,1
491,"(3,4)",,False,34,"[3, 4, 18, 7, 5]",6,0.18927875243664702,-256,117,8,0.29707602339181205,373,1
492,"(18,0)",,False,33,"[19, 10, 18, 0, 7]",5,0.12368421052631501,-258,117,8,0.260526315789473,375,1
493,"(18,0)",,False,33,"[19, 10, 18, 0, 7]",5,0.12368421052631501,-258,117,8,0.260526315789473,375,1
494,"(6,19)",,False,33,"[16, 6, 3, 10, 19]",5,0.09044834307992201,-260,117,7,0.229142300194931,377,1
495,"(6,19)",,False,33,"[16, 6, 3, 10, 19]",5,0.09044834307992201,-260,117,7,0.229142300194931,377,1
496,"(18,1)",,True,35,"[19, 2, 18, 5, 1]",5,0.09980506822612001,-262,117,8,0.29093567251461905,379,1
497,"(18,1)",,True,35,"[19, 2, 18, 5, 1]",5,0.09980506822612001,-262,117,8,0.29093567251461905,379,1
498,"(11,5)",,False,35,"[11, 5, 6, 14, 9]",6,0.14069200779727,-264,117,8,0.30321637426900505,381,1
499,"(11,5)",,False,35,"[11, 5, 6, 14, 9]",6,0.14069200779727,-264,117,8,0.30321637426900505,381,1
500,"(0,11)",,False,35,"[0, 11, 1, 18, 9]",5,0.097319688109161,-266,117,8,0.298148148148148,383,1
501,"(0,11)",,False,35,"[0, 11, 1, 18, 9]",5,0.097319688109161,-266,117,8,0.298148148148148,383,1
502,"(1,6)",,False,35,"[19, 2, 1, 6, 4]",5,0.08659844054580801,-268,117,8,0.266471734892787,385,1
503,"(1,6)",,False,35,"[19, 2, 1, 6, 4]",5,0.08659844054580801,-268,117,8,0.266471734892787,385,1
504,"(19,6)",,False,35,"[19, 16, 6, 1, 0]",5,0.07994987468671601,-270,117,8,0.262990810359231,387,1
505,"(19,6)",,False,35,"[19, 16, 6, 1, 0]",5,0.07994987468671601,-270,117,8,0.262990810359231,387,1
506,"(1,2)",,True,36,"[1, 6, 2, 8, 17]",5,0.070426065162907,-272,117,9,0.237691450849345,389,1
507,"(1,2)",,True,36,"[1, 6, 2, 8, 17]",5,0.070426065162907,-272,117,9,0.237691450849345,389,1
508,"(3,10)",,False,38,"[16, 3, 10, 17, 13]",5,0.045084934558618006,-274,117,9,0.20669729880256202,391,1
509,"(3,10)",,False,38,"[16, 3, 10, 17, 13]",5,0.045084934558618006,-274,117,9,0.20669729880256202,391,1
510,"(1,9)",,False,40,"[15, 1, 13, 9, 6]",5,0.040657198551935,-276,117,10,0.240545808966861,393,1
511,"(1,9)",,False,40,"[15, 1, 13, 9, 6]",5,0.040657198551935,-276,117,10,0.240545808966861,393,1
512,"(11,8)",,False,40,"[15, 11, 10, 18, 8]",6,0.05964912280701701,-278,117,10,0.22495126705653,395,1
513,"(11,8)",,False,40,"[15, 11, 10, 18, 8]",6,0.05964912280701701,-278,117,10,0.22495126705653,395,1
514,"(3,19)",,False,40,"[9, 11, 3, 19, 18]",6,0.053216374269005,-280,117,9,0.18908382066276802,397,1
515,"(3,19)",,False,40,"[9, 11, 3, 19, 18]",6,0.053216374269005,-280,117,9,0.18908382066276802,397,1
516,"(2,18)",,True,40,"[2, 18, 9, 0, 10]",6,0.058103592314118005,-282,117,9,0.22438735728209402,399,1
517,"(2,18)",,True,40,"[2, 18, 9, 0, 10]",6,0.058103592314118005,-282,117,9,0.22438735728209402,399,1
518,"(13,12)",,False,38,"[19, 13, 3, 2, 12]",6,0.053216374269005,-284,117,8,0.13700222779170101,401,1
519,"(13,12)",,False,38,"[19, 13, 3, 2, 12]",6,0.053216374269005,-284,117,8,0.13700222779170101,401,1
520,"(1,12)",,False,40,"[9, 15, 1, 13, 12]",6,0.050487329434697005,-286,117,9,0.18164160401002502,403,1
521,"(1,12)",,False,40,"[9, 15, 1, 13, 12]",6,0.050487329434697005,-286,117,9,0.18164160401002502,403,1
522,"(6,7)",,True,40,"[6, 7, 5, 12, 18]",6,0.066666666666666,-288,117,8,0.17724171539961,405,1
523,"(6,7)",,True,40,"[6, 7, 5, 12, 18]",6,0.066666666666666,-288,117,8,0.17724171539961,405,1
524,10:10,assassinate,True,34,"[5, 16, 10, 12, 17]",5,0.07680311890838201,-290,117,7,0.181189083820662,407,1
525,10:10,assassinate,True,34,"[5, 16, 10, 12, 17]",5,0.07680311890838201,-290,117,7,0.181189083820662,407,1
526,"(1,17)",,False,34,"[11, 1, 16, 0, 17]",5,0.10331384015594501,-292,117,7,0.19656084656084602,409,1
527,"(1,17)",,False,34,"[11, 1, 16, 0, 17]",5,0.10331384015594501,-292,117,7,0.19656084656084602,409,1
528,"(7,2)",,False,34,"[7, 15, 6, 2, 19]",5,0.09941520467836201,-294,117,6,0.14587858535226902,411,1
529,"(7,2)",,False,34,"[7, 15, 6, 2, 19]",5,0.09941520467836201,-294,117,6,0.14587858535226902,411,1
530,"(10,17)",,False,34,"[18, 10, 6, 17, 19]",5,0.11500974658869301,-296,117,6,0.178334725703146,413,1
531,"(10,17)",,False,34,"[18, 10, 6, 17, 19]",5,0.11500974658869301,-296,117,6,0.178334725703146,413,1
532,"(10,9)",,True,34,"[13, 10, 19, 9, 15]",5,0.109161793372319,-298,117,5,0.134405458089668,415,1
533,"(10,9)",,True,34,"[13, 10, 19, 9, 15]",5,0.109161793372319,-298,117,5,0.134405458089668,415,1
534,"(9,0)",,False,34,"[17, 9, 3, 7, 0]",5,0.109161793372319,-298,118,5,0.134405458089668,416,1
535,"(9,0)",,False,34,"[17, 9, 3, 7, 0]",5,0.109161793372319,-298,118,5,0.134405458089668,416,1
536,"(1,13)",,False,36,"[16, 1, 13, 4, 9]",5,0.11959064327485301,-298,119,6,0.14152046783625702,417,1
537,"(1,13)",,False,36,"[16, 1, 13, 4, 9]",5,0.11959064327485301,-298,119,6,0.14152046783625702,417,1
538,"(8,1)",,False,38,"[7, 8, 1, 6, 13]",5,0.10004873294346901,-300,119,7,0.16117376775271502,419,1
539,"(8,1)",,False,38,"[7, 8, 1, 6, 13]",5,0.10004873294346901,-300,119,7,0.16117376775271502,419,1
540,"(0,6)",,True,38,"[11, 7, 0, 13, 6]",4,0.049074074074074006,-302,119,7,0.171783625730994,421,1
541,"(0,6)",,True,38,"[11, 7, 0, 13, 6]",4,0.049074074074074006,-302,119,7,0.171783625730994,421,1
542,"(1,10)",,False,38,"[1, 18, 17, 10, 11]",4,0.039571150097465,-304,119,7,0.175438596491228,423,1
543,"(1,10)",,False,38,"[1, 18, 17, 10, 11]",4,0.039571150097465,-304,119,7,0.175438596491228,423,1
544,"(16,14)",,False,38,"[16, 14, 17, 0, 19]",4,0.039408706952566,-306,119,7,0.16689408706952502,425,1
545,"(16,14)",,False,38,"[16, 14, 17, 0, 19]",4,0.039408706952566,-306,119,7,0.16689408706952502,425,1
546,"(0,12)",,False,38,"[13, 0, 9, 12, 1]",4,0.040188434048083005,-308,119,7,0.177615334632878,427,1
547,"(0,12)",,False,38,"[13, 0, 9, 12, 1]",4,0.040188434048083005,-308,119,7,0.177615334632878,427,1
548,"(13,2)",,False,35,"[14, 18, 13, 2, 16]",4,0.07344750765803301,-310,119,5,0.11686159844054501,429,1
549,"(13,2)",,False,35,"[14, 18, 13, 2, 16]",4,0.07344750765803301,-310,119,5,0.11686159844054501,429,1
550,"(1,4)",,False,37,"[1, 4, 0, 10, 13]",4,0.06253132832080201,-312,119,6,0.114132553606237,431,1
551,"(1,4)",,False,37,"[1, 4, 0, 10, 13]",4,0.06253132832080201,-312,119,6,0.114132553606237,431,1
552,"(11,16)",,False,37,"[3, 9, 11, 16, 12]",4,0.047368421052631005,-314,119,6,0.10278473962684401,433,1
553,"(11,16)",,False,37,"[3, 9, 11, 16, 12]",4,0.047368421052631005,-314,119,6,0.10278473962684401,433,1
554,15:10,assassinate,True,33,"[19, 16, 6, 0, 15]",5,0.07272347535505401,-316,119,6,0.12355889724310701,435,1
555,15:10,assassinate,True,33,"[19, 16, 6, 0, 15]",5,0.07272347535505401,-316,119,6,0.12355889724310701,435,1
556,19:8,assassinate,True,28,"[19, 9, 18, 7, 17]",5,0.115399610136452,-318,119,6,0.21890838206627602,437,1
557,19:8,assassinate,True,28,"[19, 9, 18, 7, 17]",5,0.115399610136452,-318,119,6,0.21890838206627602,437,1
558,"(10,16)",,False,31,"[14, 10, 17, 16, 5]",7,0.26491228070175404,-316,121,6,0.19649122807017502,437,1
559,"(10,16)",,False,31,"[14, 10, 17, 16, 5]",7,0.26491228070175404,-316,121,6,0.19649122807017502,437,1
560,"(9,19)",,False,33,"[4, 9, 18, 19, 3]",7,0.271846282372598,-314,123,6,0.17813979392926702,437,1
561,"(9,19)",,False,33,"[4, 9, 18, 19, 3]",7,0.271846282372598,-314,123,6,0.17813979392926702,437,1
562,7:6,assassinate,True,31,"[0, 15, 10, 7, 12]",6,0.193678641047062,-312,125,6,0.169660261765524,437,1
563,7:6,assassinate,True,31,"[0, 15, 10, 7, 12]",6,0.193678641047062,-312,125,6,0.169660261765524,437,1
564,3:6,assassinate,True,27,"[3, 5, 6, 9, 18]",5,0.15399610136452202,-310,127,5,0.027290448343079,437,1
565,3:6,assassinate,True,27,"[3, 5, 6, 9, 18]",5,0.15399610136452202,-310,127,5,0.027290448343079,437,1
566,"(0,8)",,False,25,"[0, 13, 6, 5, 8]",4,0.092592592592592,-308,129,4,0.007797270955165,437,1
567,"(0,8)",,False,25,"[0, 13, 6, 5, 8]",4,0.092592592592592,-308,129,4,0.007797270955165,437,1
568,"(9,10)",,False,25,"[9, 5, 10, 16, 11]",5,0.13352826510721202,-306,131,4,0.010721247563352,437,1
569,"(9,10)",,False,25,"[9, 5, 10, 16, 11]",5,0.13352826510721202,-306,131,4,0.010721247563352,437,1
570,16:4,assassinate,True,22,"[3, 0, 16, 6, 4]",5,0.127680311890838,-304,133,4,0.011695906432748001,437,1
571,16:4,assassinate,True,22,"[3, 0, 16, 6, 4]",5,0.127680311890838,-304,133,4,0.011695906432748001,437,1
572,"(12,0)",,True,20,"[12, 11, 3, 0, 14]",4,0.125730994152046,-302,135,3,0.070175438596491,437,1
573,"(12,0)",,True,20,"[12, 11, 3, 0, 14]",4,0.125730994152046,-302,135,3,0.070175438596491,437,1
574,"(10,2)",,False,22,"[10, 2, 18, 7, 13]",4,0.10964912280701701,-300,137,3,0.046783625730994004,437,1
575,"(10,2)",,False,22,"[10, 2, 18, 7, 13]",4,0.10964912280701701,-300,137,3,0.046783625730994004,437,1
576,"(15,0)",,False,22,"[15, 10, 0, 11, 14]",3,0.032748538011695,-298,139,3,0.019005847953216002,437,1
577,"(15,0)",,False,22,"[15, 10, 0, 11, 14]",3,0.032748538011695,-298,139,3,0.019005847953216002,437,1
578,"(7,12)",,False,25,"[14, 7, 8, 13, 12]",3,0.033528265107212005,-296,141,3,0.024853801169590004,437,1
579,"(7,12)",,False,25,"[14, 7, 8, 13, 12]",3,0.033528265107212005,-296,141,3,0.024853801169590004,437,1
580,"(13,2)",,False,25,"[13, 17, 4, 18, 2]",3,0.047076023391812,-294,143,3,0.029239766081871003,437,1
581,"(13,2)",,False,25,"[13, 17, 4, 18, 2]",3,0.047076023391812,-294,143,3,0.029239766081871003,437,1
582,"(8,1)",,False,27,"[17, 8, 1, 4, 0]",3,0.09795321637426901,-294,144,4,0.11988304093567201,438,1
583,"(8,1)",,False,27,"[17, 8, 1, 4, 0]",3,0.09795321637426901,-294,144,4,0.11988304093567201,438,1
584,10:6,assassinate,True,25,"[19, 18, 10, 5, 11]",3,0.032163742690058006,-294,145,4,0.08089668615984401,439,1
585,10:6,assassinate,True,25,"[19, 18, 10, 5, 11]",3,0.032163742690058006,-294,145,4,0.08089668615984401,439,1
586,"(3,11)",,False,23,"[19, 14, 17, 3, 11]",3,0.019493177387914,-296,145,4,0.074074074074074,441,1
587,"(3,11)",,False,23,"[19, 14, 17, 3, 11]",3,0.019493177387914,-296,145,4,0.074074074074074,441,1
588,"(5,2)",,False,25,"[5, 2, 17, 16, 13]",3,0.027582846003898,-298,145,4,0.074074074074074,443,1
589,"(5,2)",,False,25,"[5, 2, 17, 16, 13]",3,0.027582846003898,-298,145,4,0.074074074074074,443,1
590,"(0,12)",,False,23,"[2, 6, 0, 12, 7]",2,0.023391812865497002,-300,145,4,0.09844054580896601,445,1
591,"(0,12)",,False,23,"[2, 6, 0, 12, 7]",2,0.023391812865497002,-300,145,4,0.09844054580896601,445,1
592,"(18,10)",,False,23,"[5, 18, 0, 10, 8]",2,0.011695906432748001,-302,145,3,0.035087719298245,447,1
593,"(18,10)",,False,23,"[5, 18, 0, 10, 8]",2,0.011695906432748001,-302,145,3,0.035087719298245,447,1
594,"(1,16)",,False,23,"[7, 1, 16, 3, 8]",2,0.023391812865497002,-304,145,4,0.11988304093567201,449,1
595,"(1,16)",,False,23,"[7, 1, 16, 3, 8]",2,0.023391812865497002,-304,145,4,0.11988304093567201,449,1
596,"(1,9)",,False,25,"[1, 9, 10, 7, 3]",2,0.003898635477582,-306,145,5,0.20955165692007702,451,1
597,"(1,9)",,False,25,"[1, 9, 10, 7, 3]",2,0.003898635477582,-306,145,5,0.20955165692007702,451,1
598,"(12,15)",,False,27,"[2, 12, 15, 8, 17]",2,0.003898635477582,-308,145,5,0.20955165692007702,453,1
599,"(12,15)",,False,27,"[2, 12, 15, 8, 17]",2,0.003898635477582,-308,145,5,0.20955165692007702,453,1
600,"(1,5)",,False,29,"[12, 1, 7, 2, 5]",2,0.003898635477582,-310,145,6,0.2088693957115,455,1
601,"(1,5)",,False,29,"[12, 1, 7, 2, 5]",2,0.003898635477582,-310,145,6,0.2088693957115,455,1
602,"(3,1)",,False,31,"[3, 4, 16, 6, 1]",2,0.003898635477582,-312,145,7,0.263060428849902,457,1
603,"(3,1)",,False,31,"[3, 4, 16, 6, 1]",2,0.003898635477582,-312,145,7,0.263060428849902,457,1
604,"(1,19)",,False,33,"[0, 1, 19, 2, 15]",2,0.006822612085769001,-314,145,8,0.26905458089668605,459,1
605,"(1,19)",,False,33,"[0, 1, 19, 2, 15]",2,0.006822612085769001,-314,145,8,0.26905458089668605,459,1
606,"(16,10)",,False,33,"[16, 15, 13, 10, 18]",2,0.003898635477582,-316,145,8,0.25170565302144204,461,1
607,"(16,10)",,False,33,"[16, 15, 13, 10, 18]",2,0.003898635477582,-316,145,8,0.25170565302144204,461,1
608,"(15,1)",,False,35,"[19, 4, 16, 15, 1]",2,0.005068226120857,-318,145,9,0.256920077972709,463,1
609,"(15,1)",,False,35,"[19, 4, 16, 15, 1]",2,0.005068226120857,-318,145,9,0.256920077972709,463,1
610,"(19,9)",,False,35,"[19, 15, 18, 13, 9]",2,0.003898635477582,-320,145,9,0.26120857699805,465,1
611,"(19,9)",,False,35,"[19, 15, 18, 13, 9]",2,0.003898635477582,-320,145,9,0.26120857699805,465,1
612,"(6,1)",,False,38,"[6, 19, 9, 1, 3]",2,0.003118908382066,-322,145,10,0.22276524644945603,467,1
613,"(6,1)",,False,38,"[6, 19, 9, 1, 3]",2,0.003118908382066,-322,145,10,0.22276524644945603,467,1
614,"(12,3)",,False,38,"[2, 15, 12, 3, 17]",2,0.003898635477582,-324,145,10,0.252979671400723,469,1
615,"(12,3)",,False,38,"[2, 15, 12, 3, 17]",2,0.003898635477582,-324,145,10,0.252979671400723,469,1
616,"(17,13)",,False,38,"[6, 17, 13, 19, 4]",2,0.001949317738791,-326,145,10,0.2256253006253,471,1
617,"(17,13)",,False,38,"[6, 17, 13, 19, 4]",2,0.001949317738791,-326,145,10,0.2256253006253,471,1
618,"(3,8)",,False,40,"[3, 8, 5, 18, 11]",2,0.001949317738791,-328,145,10,0.267925495557074,473,1
619,"(3,8)",,False,40,"[3, 8, 5, 18, 11]",2,0.001949317738791,-328,145,10,0.267925495557074,473,1
620,"(15,16)",,True,38,"[15, 19, 16, 4, 10]",2,0.001949317738791,-330,145,9,0.24291283764967903,475,1
621,"(15,16)",,True,38,"[15, 19, 16, 4, 10]",2,0.001949317738791,-330,145,9,0.24291283764967903,475,1
622,"(10,4)",,False,41,"[16, 3, 10, 4, 5]",2,0.001949317738791,-332,145,9,0.179922027290448,477,1
623,"(10,4)",,False,41,"[16, 3, 10, 4, 5]",2,0.001949317738791,-332,145,9,0.179922027290448,477,1
624,"(14,3)",,False,43,"[19, 11, 0, 14, 3]",2,0.001949317738791,-334,145,9,0.22165135059871902,479,1
625,"(14,3)",,False,43,"[19, 11, 0, 14, 3]",2,0.001949317738791,-334,145,9,0.22165135059871902,479,1
626,4:12,assassinate,True,36,"[4, 18, 5, 10, 16]",2,0.0029239766081870003,-336,145,8,0.21091617933723103,481,1
627,4:12,assassinate,True,36,"[4, 18, 5, 10, 16]",2,0.0029239766081870003,-336,145,8,0.21091617933723103,481,1
628,"(17,15)",,True,36,"[17, 3, 16, 14, 15]",2,0.0029239766081870003,-338,145,7,0.17875243664717302,483,1
629,"(17,15)",,True,36,"[17, 3, 16, 14, 15]",2,0.0029239766081870003,-338,145,7,0.17875243664717302,483,1
630,"(15,12)",,True,36,"[15, 13, 12, 4, 10]",3,0.013888888888888002,-340,145,7,0.185233918128654,485,1
631,"(15,12)",,True,36,"[15, 13, 12, 4, 10]",3,0.013888888888888002,-340,145,7,0.185233918128654,485,1
632,"(2,16)",,False,36,"[14, 17, 2, 11, 16]",4,0.022076023391812003,-342,145,7,0.208583959899749,487,1
633,"(2,16)",,False,36,"[14, 17, 2, 11, 16]",4,0.022076023391812003,-342,145,7,0.208583959899749,487,1
634,11:10,assassinate,True,30,"[18, 11, 14, 9, 12]",3,0.005068226120857,-344,145,6,0.15438596491228002,489,1
635,11:10,assassinate,True,30,"[18, 11, 14, 9, 12]",3,0.005068226120857,-344,145,6,0.15438596491228002,489,1
636,"(6,2)",,False,28,"[10, 6, 2, 0, 15]",3,0.005360623781676,-346,145,5,0.053118908382066,491,1
637,"(6,2)",,False,28,"[10, 6, 2, 0, 15]",3,0.005360623781676,-346,145,5,0.053118908382066,491,1
638,"(11,9)",,False,31,"[11, 9, 13, 16, 8]",3,0.005360623781676,-348,145,5,0.054288499025341004,493,1
639,"(11,9)",,False,31,"[11, 9, 13, 16, 8]",3,0.005360623781676,-348,145,5,0.054288499025341004,493,1
640,"(9,1)",,False,31,"[15, 9, 19, 12, 1]",3,0.005360623781676,-350,145,5,0.054288499025341004,495,1
641,"(9,1)",,False,31,"[15, 9, 19, 12, 1]",3,0.005360623781676,-350,145,5,0.054288499025341004,495,1
642,"(12,16)",,False,33,"[5, 12, 16, 7, 3]",4,0.034182678919521,-350,146,5,0.06668059036480001,496,1
643,"(12,16)",,False,33,"[5, 12, 16, 7, 3]",4,0.034182678919521,-350,146,5,0.06668059036480001,496,1
644,"(9,19)",,False,33,"[9, 17, 10, 15, 19]",4,0.0317738791423,-352,146,5,0.064912280701754,498,1
645,"(9,19)",,False,33,"[9, 17, 10, 15, 19]",4,0.0317738791423,-352,146,5,0.064912280701754,498,1
646,"(9,15)",,False,33,"[8, 17, 9, 15, 13]",5,0.09103313840155901,-350,148,5,0.087719298245614,498,1
647,"(9,15)",,False,33,"[8, 17, 9, 15, 13]",5,0.09103313840155901,-350,148,5,0.087719298245614,498,1
648,"(14,1)",,False,33,"[14, 12, 9, 10, 1]",5,0.0953216374269,-350,149,5,0.10321637426900501,499,1
649,"(14,1)",,False,33,"[14, 12, 9, 10, 1]",5,0.0953216374269,-350,149,5,0.10321637426900501,499,1
650,"(8,0)",,False,34,"[7, 9, 6, 8, 0]",6,0.144667223614592,-348,151,5,0.104246727930938,499,1
651,"(8,0)",,False,34,"[7, 9, 6, 8, 0]",6,0.144667223614592,-348,151,5,0.104246727930938,499,1
652,"(11,1)",,True,36,"[12, 11, 9, 1, 14]",6,0.113965469228627,-348,152,6,0.12871066555277,500,1
653,"(11,1)",,True,36,"[12, 11, 9, 1, 14]",6,0.113965469228627,-348,152,6,0.12871066555277,500,1
654,"(1,16)",,False,37,"[1, 11, 0, 17, 16]",6,0.18040935672514602,-346,154,7,0.15614035087719302,500,1
655,"(1,16)",,False,37,"[1, 11, 0, 17, 16]",6,0.18040935672514602,-346,154,7,0.15614035087719302,500,1
656,"(0,6)",,False,36,"[3, 0, 6, 5, 17]",5,0.040448343079922004,-346,155,7,0.13625730994152002,501,1
657,"(0,6)",,False,36,"[3, 0, 6, 5, 17]",5,0.040448343079922004,-346,155,7,0.13625730994152002,501,1
658,"(4,1)",,False,38,"[4, 2, 9, 1, 17]",5,0.039668615984405006,-348,155,8,0.36549707602339104,503,1
659,"(4,1)",,False,38,"[4, 2, 9, 1, 17]",5,0.039668615984405006,-348,155,8,0.36549707602339104,503,1
660,"(10,8)",,False,40,"[15, 10, 8, 4, 0]",5,0.039181286549707005,-350,155,8,0.33109161793372305,505,1
661,"(10,8)",,False,40,"[15, 10, 8, 4, 0]",5,0.039181286549707005,-350,155,8,0.33109161793372305,505,1
662,"(11,15)",,False,40,"[11, 15, 14, 12, 3]",6,0.07076023391812801,-352,155,8,0.353703703703703,507,1
663,"(11,15)",,False,40,"[11, 15, 14, 12, 3]",6,0.07076023391812801,-352,155,8,0.353703703703703,507,1
664,"(0,9)",,False,40,"[3, 13, 8, 0, 9]",5,0.039236981342244,-354,155,8,0.23720412141464703,509,1
665,"(0,9)",,False,40,"[3, 13, 8, 0, 9]",5,0.039236981342244,-354,155,8,0.23720412141464703,509,1
666,12:16,assassinate,True,31,"[17, 3, 9, 12, 1]",4,0.1088693957115,-356,155,7,0.35818713450292305,511,1
667,12:16,assassinate,True,31,"[17, 3, 9, 12, 1]",4,0.1088693957115,-356,155,7,0.35818713450292305,511,1
668,"(11,12)",,True,34,"[4, 15, 11, 12, 19]",4,0.11315789473684201,-358,155,7,0.329963798384851,513,1
669,"(11,12)",,True,34,"[4, 15, 11, 12, 19]",4,0.11315789473684201,-358,155,7,0.329963798384851,513,1
670,5:12,assassinate,True,27,"[19, 12, 15, 5, 18]",3,0.15399610136452202,-360,155,5,0.328460038986354,515,1
671,5:12,assassinate,True,27,"[19, 12, 15, 5, 18]",3,0.15399610136452202,-360,155,5,0.328460038986354,515,1
672,"(0,16)",,False,27,"[0, 11, 16, 6, 12]",2,0.09941520467836201,-362,155,5,0.293372319688109,517,1
673,"(0,16)",,False,27,"[0, 11, 16, 6, 12]",2,0.09941520467836201,-362,155,5,0.293372319688109,517,1
674,"(14,13)",,False,29,"[14, 13, 19, 2, 18]",3,0.032163742690058006,-364,155,5,0.170565302144249,519,1
675,"(14,13)",,False,29,"[14, 13, 19, 2, 18]",3,0.032163742690058006,-364,155,5,0.170565302144249,519,1
676,"(15,10)",,False,31,"[15, 8, 10, 12, 2]",3,0.027290448343079,-366,155,5,0.15360623781676402,521,1
677,"(15,10)",,False,31,"[15, 8, 10, 12, 2]",3,0.027290448343079,-366,155,5,0.15360623781676402,521,1
678,"(4,16)",,False,33,"[18, 3, 12, 4, 16]",3,0.028508771929824,-368,155,5,0.145906432748538,523,1
679,"(4,16)",,False,33,"[18, 3, 12, 4, 16]",3,0.028508771929824,-368,155,5,0.145906432748538,523,1
680,"(11,9)",,False,33,"[11, 9, 17, 8, 16]",4,0.06432748538011601,-370,155,5,0.178362573099415,525,1
681,"(11,9)",,False,33,"[11, 9, 17, 8, 16]",4,0.06432748538011601,-370,155,5,0.178362573099415,525,1
682,"(1,13)",,False,35,"[17, 1, 13, 7, 12]",4,0.062378167641325005,-372,155,6,0.237816764132553,527,1
683,"(1,13)",,False,35,"[17, 1, 13, 7, 12]",4,0.062378167641325005,-372,155,6,0.237816764132553,527,1
684,"(8,15)",,False,37,"[2, 8, 10, 15, 5]",5,0.098927875243664,-374,155,6,0.234405458089668,529,1
685,"(8,15)",,False,37,"[2, 8, 10, 15, 5]",5,0.098927875243664,-374,155,6,0.234405458089668,529,1
686,"(6,1)",,False,37,"[13, 6, 10, 19, 1]",5,0.103801169590643,-376,155,7,0.296296296296296,531,1
687,"(6,1)",,False,37,"[13, 6, 10, 19, 1]",5,0.103801169590643,-376,155,7,0.296296296296296,531,1
688,"(3,8)",,False,37,"[15, 16, 3, 8, 14]",5,0.10087719298245601,-378,155,7,0.25409356725146104,533,1
689,"(3,8)",,False,37,"[15, 16, 3, 8, 14]",5,0.10087719298245601,-378,155,7,0.25409356725146104,533,1
690,"(4,18)",,False,38,"[4, 11, 10, 5, 18]",5,0.07846003898635401,-380,155,6,0.17787524366471702,535,1
691,"(4,18)",,False,38,"[4, 11, 10, 5, 18]",5,0.07846003898635401,-380,155,6,0.17787524366471702,535,1
692,"(5,13)",,False,38,"[7, 5, 15, 13, 3]",5,0.071637426900584,-382,155,6,0.174366471734892,537,1
693,"(5,13)",,False,38,"[7, 5, 15, 13, 3]",5,0.071637426900584,-382,155,6,0.174366471734892,537,1
694,"(12,15)",,False,40,"[13, 16, 8, 12, 15]",6,0.10818713450292301,-384,155,6,0.166374269005847,539,1
695,"(12,15)",,False,40,"[13, 16, 8, 12, 15]",6,0.10818713450292301,-384,155,6,0.166374269005847,539,1
696,"(0,8)",,False,40,"[15, 0, 4, 8, 12]",6,0.10818713450292301,-384,156,6,0.166374269005847,540,1
697,"(0,8)",,False,40,"[15, 0, 4, 8, 12]",6,0.10818713450292301,-384,156,6,0.166374269005847,540,1
698,12:6,assassinate,True,38,"[11, 12, 8, 19, 10]",5,0.06676413255360601,-386,156,6,0.12251461988304001,542,1
699,12:6,assassinate,True,38,"[11, 12, 8, 19, 10]",5,0.06676413255360601,-386,156,6,0.12251461988304001,542,1
700,"(16,17)",,False,38,"[8, 16, 17, 5, 11]",5,0.065399610136452,-388,156,5,0.088060428849902,544,1
701,"(16,17)",,False,38,"[8, 16, 17, 5, 11]",5,0.065399610136452,-388,156,5,0.088060428849902,544,1
702,"(16,0)",,False,38,"[17, 16, 2, 0, 6]",4,0.046491228070175,-390,156,5,0.08437296946068801,546,1
703,"(16,0)",,False,38,"[17, 16, 2, 0, 6]",4,0.046491228070175,-390,156,5,0.08437296946068801,546,1
704,"(0,3)",,True,38,"[0, 12, 8, 9, 3]",3,0.015302144249512002,-392,156,5,0.088758934372969,548,1
705,"(0,3)",,True,38,"[0, 12, 8, 9, 3]",3,0.015302144249512002,-392,156,5,0.088758934372969,548,1
706,"(0,13)",,True,38,"[4, 0, 13, 10, 3]",3,0.032163742690058006,-394,156,5,0.09996751137102,550,1
707,"(0,13)",,True,38,"[4, 0, 13, 10, 3]",3,0.032163742690058006,-394,156,5,0.09996751137102,550,1
708,"(0,17)",,False,38,"[0, 19, 5, 17, 11]",2,0.011695906432748001,-396,156,5,0.10753272069061501,552,1
709,"(0,17)",,False,38,"[0, 19, 5, 17, 11]",2,0.011695906432748001,-396,156,5,0.10753272069061501,552,1
710,"(9,11)",,False,38,"[18, 9, 3, 17, 11]",2,0.004873294346978,-398,156,5,0.101489835700362,554,1
711,"(9,11)",,False,38,"[18, 9, 3, 17, 11]",2,0.004873294346978,-398,156,5,0.101489835700362,554,1
712,"(13,14)",,False,38,"[13, 14, 11, 6, 9]",2,0.005847953216374001,-400,156,5,0.10324422166527401,556,1
713,"(13,14)",,False,38,"[13, 14, 11, 6, 9]",2,0.005847953216374001,-400,156,5,0.10324422166527401,556,1
714,"(8,7)",,False,36,"[8, 5, 0, 7, 10]",1,0.0,-402,156,4,0.062865497076023,558,1
715,"(8,7)",,False,36,"[8, 5, 0, 7, 10]",1,0.0,-402,156,4,0.062865497076023,558,1
716,"(8,2)",,False,36,"[8, 14, 12, 2, 16]",2,0.014619883040935,-404,156,4,0.06091617933723101,560,1
717,"(8,2)",,False,36,"[8, 14, 12, 2, 16]",2,0.014619883040935,-404,156,4,0.06091617933723101,560,1
718,"(14,0)",,False,34,"[9, 2, 14, 6, 0]",1,0.0,-404,157,4,0.041423001949317,561,1
719,"(14,0)",,False,34,"[9, 2, 14, 6, 0]",1,0.0,-404,157,4,0.041423001949317,561,1
720,18:8,assassinate,True,32,"[2, 10, 6, 18, 12]",3,0.112670565302144,-402,159,4,0.051364522417153,561,1
721,18:8,assassinate,True,32,"[2, 10, 6, 18, 12]",3,0.112670565302144,-402,159,4,0.051364522417153,561,1
722,"(18,13)",,False,32,"[18, 13, 10, 19, 16]",3,0.120969089390142,-400,161,4,0.07602339181286501,561,1
723,"(18,13)",,False,32,"[18, 13, 10, 19, 16]",3,0.120969089390142,-400,161,4,0.07602339181286501,561,1
724,"(7,14)",,False,34,"[11, 5, 7, 14, 3]",3,0.06258702311333801,-400,162,4,0.076608187134502,562,1
725,"(7,14)",,False,34,"[11, 5, 7, 14, 3]",3,0.06258702311333801,-400,162,4,0.076608187134502,562,1
726,"(10,7)",,False,36,"[19, 10, 13, 3, 7]",3,0.031787802840434004,-402,162,4,0.057421331105541006,564,1
727,"(10,7)",,False,36,"[19, 10, 13, 3, 7]",3,0.031787802840434004,-402,162,4,0.057421331105541006,564,1
728,"(17,7)",,False,36,"[17, 5, 8, 7, 6]",3,0.028665097086149,-404,162,3,0.045391255917571004,566,1
729,"(17,7)",,False,36,"[17, 5, 8, 7, 6]",3,0.028665097086149,-404,162,3,0.045391255917571004,566,1
730,"(1,12)",,True,39,"[1, 8, 12, 9, 15]",5,0.077011974380395,-404,163,4,0.09391534391534301,567,1
731,"(1,12)",,True,39,"[1, 8, 12, 9, 15]",5,0.077011974380395,-404,163,4,0.09391534391534301,567,1
732,5:4,assassinate,True,38,"[13, 5, 8, 2, 18]",5,0.07608604845446901,-404,164,4,0.07734614313561601,568,1
733,5:4,assassinate,True,38,"[13, 5, 8, 2, 18]",5,0.07608604845446901,-404,164,4,0.07734614313561601,568,1
734,"(0,13)",,False,38,"[16, 5, 0, 6, 13]",5,0.07608604845446901,-404,165,4,0.07734614313561601,569,1
735,"(0,13)",,False,38,"[16, 5, 0, 6, 13]",5,0.07608604845446901,-404,165,4,0.07734614313561601,569,1
736,"(1,9)",,False,40,"[1, 19, 6, 9, 2]",6,0.09511278195488701,-402,167,5,0.09250905040378701,569,1
737,"(1,9)",,False,40,"[1, 19, 6, 9, 2]",6,0.09511278195488701,-402,167,5,0.09250905040378701,569,1
738,"(7,2)",,False,43,"[7, 14, 2, 9, 15]",6,0.11440406571985501,-400,169,5,0.082017543859649,569,1
739,"(7,2)",,False,43,"[7, 14, 2, 9, 15]",6,0.11440406571985501,-400,169,5,0.082017543859649,569,1
740,10:14,assassinate,True,37,"[2, 13, 18, 19, 10]",5,0.07454051796157,-400,170,5,0.087433862433862,570,1
741,10:14,assassinate,True,37,"[2, 13, 18, 19, 10]",5,0.07454051796157,-400,170,5,0.087433862433862,570,1
742,"(4,5)",,False,39,"[12, 4, 5, 7, 14]",5,0.06817738791423,-398,172,5,0.06745335561125,570,1
743,"(4,5)",,False,39,"[12, 4, 5, 7, 14]",5,0.06817738791423,-398,172,5,0.06745335561125,570,1
744,"(6,17)",,False,41,"[13, 5, 6, 19, 17]",6,0.16803118908382,-396,174,5,0.06695906432748501,570,1
745,"(6,17)",,False,41,"[13, 5, 6, 19, 17]",6,0.16803118908382,-396,174,5,0.06695906432748501,570,1
746,"(0,9)",,False,41,"[8, 4, 0, 7, 9]",5,0.15362016151489802,-394,176,5,0.07978279030910601,570,1
747,"(0,9)",,False,41,"[8, 4, 0, 7, 9]",5,0.15362016151489802,-394,176,5,0.07978279030910601,570,1
748,16:4,assassinate,True,40,"[5, 18, 17, 16, 4]",6,0.167070453912559,-392,178,5,0.059022556390977005,570,1
749,16:4,assassinate,True,40,"[5, 18, 17, 16, 4]",6,0.167070453912559,-392,178,5,0.059022556390977005,570,1
750,"(16,14)",,False,39,"[9, 16, 0, 15, 14]",6,0.192481203007518,-390,180,5,0.07016151489835601,570,1
751,"(16,14)",,False,39,"[9, 16, 0, 15, 14]",6,0.192481203007518,-390,180,5,0.07016151489835601,570,1
752,"(6,3)",,False,41,"[6, 15, 3, 4, 19]",6,0.173586744639376,-388,182,5,0.064717348927875,570,1
753,"(6,3)",,False,41,"[6, 15, 3, 4, 19]",6,0.173586744639376,-388,182,5,0.064717348927875,570,1
754,"(6,13)",,False,41,"[6, 5, 11, 17, 13]",6,0.15545808966861602,-386,184,5,0.064035087719298,570,1
755,"(6,13)",,False,41,"[6, 5, 11, 17, 13]",6,0.15545808966861602,-386,184,5,0.064035087719298,570,1
756,"(12,6)",,False,41,"[12, 19, 6, 9, 16]",6,0.144346978557504,-384,186,5,0.059746588693957006,570,1
757,"(12,6)",,False,41,"[12, 19, 6, 9, 16]",6,0.144346978557504,-384,186,5,0.059746588693957006,570,1
758,7:10,assassinate,True,36,"[14, 15, 5, 4, 7]",6,0.14873294346978502,-382,188,4,0.029337231968810003,570,1
759,7:10,assassinate,True,36,"[14, 15, 5, 4, 7]",6,0.14873294346978502,-382,188,4,0.029337231968810003,570,1
760,"(15,1)",,False,36,"[4, 3, 15, 17, 1]",6,0.17198551935394002,-380,190,5,0.06512113617376701,570,1
761,"(15,1)",,False,36,"[4, 3, 15, 17, 1]",6,0.17198551935394002,-380,190,5,0.06512113617376701,570,1
762,"(0,10)",,False,34,"[0, 7, 10, 19, 2]",5,0.119103313840155,-378,192,5,0.061988304093567,570,1
763,"(0,10)",,False,34,"[0, 7, 10, 19, 2]",5,0.119103313840155,-378,192,5,0.061988304093567,570,1
764,"(9,2)",,False,36,"[14, 9, 7, 17, 2]",5,0.10048732943469701,-376,194,5,0.076120857699805,570,1
765,"(9,2)",,False,36,"[14, 9, 7, 17, 2]",5,0.10048732943469701,-376,194,5,0.076120857699805,570,1
766,"(6,10)",,False,38,"[15, 8, 6, 14, 10]",5,0.055165692007797,-374,196,5,0.052756892230576,570,1
767,"(6,10)",,False,38,"[15, 8, 6, 14, 10]",5,0.055165692007797,-374,196,5,0.052756892230576,570,1
768,"(3,14)",,False,36,"[4, 3, 2, 9, 14]",5,0.12495126705653001,-372,198,5,0.119103313840155,570,1
769,"(3,14)",,False,36,"[4, 3, 2, 9, 14]",5,0.12495126705653001,-372,198,5,0.119103313840155,570,1
770,"(11,15)",,False,36,"[11, 5, 15, 17, 19]",5,0.125925925925925,-370,200,5,0.061403508771929,570,1
771,"(11,15)",,False,36,"[11, 5, 15, 17, 19]",5,0.125925925925925,-370,200,5,0.061403508771929,570,1
772,"(9,4)",,False,35,"[3, 13, 8, 9, 4]",5,0.218323586744639,-368,202,5,0.086549707602339,570,1
773,"(9,4)",,False,35,"[3, 13, 8, 9, 4]",5,0.218323586744639,-368,202,5,0.086549707602339,570,1
774,"(1,19)",,False,37,"[17, 1, 14, 8, 19]",6,0.260526315789473,-366,204,6,0.09919242550821401,570,1
775,"(1,19)",,False,37,"[17, 1, 14, 8, 19]",6,0.260526315789473,-366,204,6,0.09919242550821401,570,1
776,"(14,7)",,False,39,"[19, 14, 0, 7, 10]",6,0.21296296296296202,-364,206,6,0.12626009468114702,570,1
777,"(14,7)",,False,39,"[19, 14, 0, 7, 10]",6,0.21296296296296202,-364,206,6,0.12626009468114702,570,1
778,"(7,1)",,False,41,"[7, 3, 17, 8, 1]",6,0.191130604288498,-362,208,7,0.177652464494569,570,1
779,"(7,1)",,False,41,"[7, 3, 17, 8, 1]",6,0.191130604288498,-362,208,7,0.177652464494569,570,1
780,"(16,0)",,False,41,"[16, 2, 17, 3, 0]",6,0.16520467836257302,-362,209,7,0.183082706766917,571,1
781,"(16,0)",,False,41,"[16, 2, 17, 3, 0]",6,0.16520467836257302,-362,209,7,0.183082706766917,571,1
782,5:6,assassinate,True,37,"[18, 13, 9, 19, 5]",5,0.13032581453634,-360,211,6,0.12485380116959001,571,1
783,5:6,assassinate,True,37,"[18, 13, 9, 19, 5]",5,0.13032581453634,-360,211,6,0.12485380116959001,571,1
784,"(9,18)",,False,36,"[2, 9, 4, 7, 18]",5,0.111563631300473,-358,213,5,0.06978557504873201,571,1
785,"(9,18)",,False,36,"[2, 9, 4, 7, 18]",5,0.111563631300473,-358,213,5,0.06978557504873201,571,1
786,"(2,4)",,False,36,"[2, 4, 16, 7, 15]",5,0.097089947089947,-356,215,4,0.045815928710665005,571,1
787,"(2,4)",,False,36,"[2, 4, 16, 7, 15]",5,0.097089947089947,-356,215,4,0.045815928710665005,571,1
788,15:8,assassinate,True,33,"[6, 16, 15, 17, 7]",5,0.093191311612364,-354,217,4,0.046595655806182,571,1
789,15:8,assassinate,True,33,"[6, 16, 15, 17, 7]",5,0.093191311612364,-354,217,4,0.046595655806182,571,1
790,"(17,6)",,False,33,"[17, 8, 4, 6, 15]",5,0.095349484823169,-352,219,4,0.042996379838485005,571,1
791,"(17,6)",,False,33,"[17, 8, 4, 6, 15]",5,0.095349484823169,-352,219,4,0.042996379838485005,571,1
792,"(3,12)",,False,33,"[3, 15, 12, 13, 14]",5,0.06461988304093501,-350,221,4,0.044395711500974,571,1
793,"(3,12)",,False,33,"[3, 15, 12, 13, 14]",5,0.06461988304093501,-350,221,4,0.044395711500974,571,1
794,"(2,0)",,False,33,"[12, 2, 0, 3, 8]",4,0.026176552492341004,-350,222,4,0.03104984683932,572,1
795,"(2,0)",,False,33,"[12, 2, 0, 3, 8]",4,0.026176552492341004,-350,222,4,0.03104984683932,572,1
796,"(9,17)",,False,33,"[13, 8, 9, 17, 2]",4,0.033834586466165,-352,222,4,0.054302422723475005,574,1
797,"(9,17)",,False,33,"[13, 8, 9, 17, 2]",4,0.033834586466165,-352,222,4,0.054302422723475005,574,1
798,"(16,15)",,False,35,"[5, 11, 16, 7, 15]",4,0.043581175160122006,-354,222,4,0.055764411027568,576,1
799,"(16,15)",,False,35,"[5, 11, 16, 7, 15]",4,0.043581175160122006,-354,222,4,0.055764411027568,576,1
