,actionDetail,actionType,bonusActivated,graphEdgeCount,nodeList,p1Degree,p1Score,p1WinAdvantage,p1WinCount,p2Degree,p2Score,p2WinCount,player
0,"(13,11)",,True,2,"[13, 11, 2, 5, 19]",0,-0.001,0,0,0,-0.001,0,1
1,"(13,11)",,True,2,"[13, 11, 2, 5, 19]",0,-0.001,0,0,0,-0.001,0,1
2,"(13,15)",,True,4,"[13, 15, 19, 17, 3]",0,-0.001,0,0,0,-0.001,0,1
3,"(13,15)",,True,4,"[13, 15, 19, 17, 3]",0,-0.001,0,0,0,-0.001,0,1
4,"(12,1)",,True,6,"[12, 16, 18, 11, 1]",0,-0.001,-1,0,1,0.0,1,1
5,"(12,1)",,True,6,"[12, 16, 18, 11, 1]",0,-0.001,-1,0,1,0.0,1,1
6,"(17,11)",,True,8,"[17, 11, 7, 12, 15]",0,-0.001,-3,0,1,0.0,3,1
7,"(17,11)",,True,8,"[17, 11, 7, 12, 15]",0,-0.001,-3,0,1,0.0,3,1
8,"(11,18)",,False,10,"[11, 18, 4, 14, 3]",0,-0.001,-5,0,1,0.0,5,1
9,"(11,18)",,False,10,"[11, 18, 4, 14, 3]",0,-0.001,-5,0,1,0.0,5,1
10,18:2,assassinate,True,11,"[18, 14, 19, 0, 9]",2,0.122807017543859,-3,2,1,0.0,5,1
11,18:2,assassinate,True,11,"[18, 14, 19, 0, 9]",2,0.122807017543859,-3,2,1,0.0,5,1
12,15:4,assassinate,True,10,"[5, 17, 2, 7, 15]",2,0.105263157894736,-1,4,1,0.0,5,1
13,15:4,assassinate,True,10,"[5, 17, 2, 7, 15]",2,0.105263157894736,-1,4,1,0.0,5,1
14,"(14,5)",,False,12,"[14, 5, 10, 2, 19]",2,0.140350877192982,1,6,1,0.0,5,1
15,"(14,5)",,False,12,"[14, 5, 10, 2, 19]",2,0.140350877192982,1,6,1,0.0,5,1
16,"(3,5)",,False,14,"[3, 5, 7, 9, 0]",2,0.11988304093567201,3,8,1,0.0,5,1
17,"(3,5)",,False,14,"[3, 5, 7, 9, 0]",2,0.11988304093567201,3,8,1,0.0,5,1
18,"(2,6)",,False,12,"[19, 18, 2, 6, 7]",2,0.210526315789473,5,10,1,0.0,5,1
19,"(2,6)",,False,12,"[19, 18, 2, 6, 7]",2,0.210526315789473,5,10,1,0.0,5,1
20,"(12,13)",,False,14,"[12, 10, 5, 8, 13]",2,0.0,6,11,1,0.0,5,1
21,"(12,13)",,False,14,"[12, 10, 5, 8, 13]",2,0.0,6,11,1,0.0,5,1
22,"(19,1)",,True,16,"[9, 16, 19, 1, 15]",2,0.0,5,11,2,0.070175438596491,6,1
23,"(19,1)",,True,16,"[9, 16, 19, 1, 15]",2,0.0,5,11,2,0.070175438596491,6,1
24,"(13,7)",,False,18,"[13, 0, 7, 2, 11]",2,0.0,3,11,2,0.07602339181286501,8,1
25,"(13,7)",,False,18,"[13, 0, 7, 2, 11]",2,0.0,3,11,2,0.07602339181286501,8,1
26,13:12,assassinate,True,14,"[2, 13, 17, 0, 7]",3,0.09941520467836201,5,13,2,0.029239766081871003,8,1
27,13:12,assassinate,True,14,"[2, 13, 17, 0, 7]",3,0.09941520467836201,5,13,2,0.029239766081871003,8,1
28,"(8,12)",,False,14,"[13, 3, 8, 12, 18]",3,0.020467836257309,7,15,2,0.0029239766081870003,8,1
29,"(8,12)",,False,14,"[13, 3, 8, 12, 18]",3,0.020467836257309,7,15,2,0.0029239766081870003,8,1
30,15:2,assassinate,True,14,"[8, 16, 15, 3, 9]",2,0.0029239766081870003,8,16,2,0.0029239766081870003,8,1
31,15:2,assassinate,True,14,"[8, 16, 15, 3, 9]",2,0.0029239766081870003,8,16,2,0.0029239766081870003,8,1
32,"(19,14)",,False,16,"[19, 14, 0, 7, 16]",3,0.09844054580896601,10,18,2,0.012670565302144,8,1
33,"(19,14)",,False,16,"[19, 14, 0, 7, 16]",3,0.09844054580896601,10,18,2,0.012670565302144,8,1
34,"(19,10)",,True,18,"[19, 13, 10, 5, 3]",3,0.08674463937621801,12,20,2,0.013645224171539001,8,1
35,"(19,10)",,True,18,"[19, 13, 10, 5, 3]",3,0.08674463937621801,12,20,2,0.013645224171539001,8,1
36,9:8,assassinate,True,15,"[9, 18, 15, 12, 13]",3,0.10818713450292301,14,22,2,0.032163742690058006,8,1
37,9:8,assassinate,True,15,"[9, 18, 15, 12, 13]",3,0.10818713450292301,14,22,2,0.032163742690058006,8,1
38,5:6,assassinate,True,13,"[18, 7, 5, 3, 4]",3,0.08187134502923901,16,24,2,0.023391812865497002,8,1
39,5:6,assassinate,True,13,"[18, 7, 5, 3, 4]",3,0.08187134502923901,16,24,2,0.023391812865497002,8,1
40,"(9,15)",,False,14,"[8, 18, 10, 9, 15]",3,0.11111111111111101,18,26,2,0.046783625730994004,8,1
41,"(9,15)",,False,14,"[8, 18, 10, 9, 15]",3,0.11111111111111101,18,26,2,0.046783625730994004,8,1
42,19:10,assassinate,True,10,"[10, 6, 18, 19, 14]",3,0.06432748538011601,20,28,1,0.0,8,1
43,19:10,assassinate,True,10,"[10, 6, 18, 19, 14]",3,0.06432748538011601,20,28,1,0.0,8,1
44,"(3,0)",,True,10,"[3, 5, 14, 7, 0]",2,0.017543859649122,22,30,1,0.0,8,1
45,"(3,0)",,True,10,"[3, 5, 14, 7, 0]",2,0.017543859649122,22,30,1,0.0,8,1
46,6:2,assassinate,True,10,"[11, 5, 6, 3, 10]",2,0.035087719298245,24,32,1,0.0,8,1
47,6:2,assassinate,True,10,"[11, 5, 6, 3, 10]",2,0.035087719298245,24,32,1,0.0,8,1
48,"(8,12)",,False,12,"[16, 8, 6, 14, 12]",2,0.023391812865497002,26,34,1,0.0,8,1
49,"(8,12)",,False,12,"[16, 8, 6, 14, 12]",2,0.023391812865497002,26,34,1,0.0,8,1
50,"(8,5)",,False,14,"[8, 12, 5, 7, 19]",2,0.029239766081871003,28,36,1,0.0,8,1
51,"(8,5)",,False,14,"[8, 12, 5, 7, 19]",2,0.029239766081871003,28,36,1,0.0,8,1
52,2:6,assassinate,True,10,"[15, 2, 17, 7, 18]",2,0.087719298245614,30,38,1,0.0,8,1
53,2:6,assassinate,True,10,"[15, 2, 17, 7, 18]",2,0.087719298245614,30,38,1,0.0,8,1
54,"(1,8)",,False,12,"[15, 1, 12, 17, 8]",2,0.023391812865497002,30,39,2,0.11695906432748501,9,1
55,"(1,8)",,False,12,"[15, 1, 12, 17, 8]",2,0.023391812865497002,30,39,2,0.11695906432748501,9,1
56,"(15,11)",,False,12,"[7, 17, 18, 15, 11]",2,0.032163742690058006,32,41,1,0.0,9,1
57,"(15,11)",,False,12,"[7, 17, 18, 15, 11]",2,0.032163742690058006,32,41,1,0.0,9,1
58,"(7,1)",,False,14,"[12, 7, 11, 10, 1]",2,0.043859649122807,32,42,2,0.06432748538011601,10,1
59,"(7,1)",,False,14,"[12, 7, 11, 10, 1]",2,0.043859649122807,32,42,2,0.06432748538011601,10,1
60,"(1,9)",,False,16,"[2, 7, 0, 1, 9]",2,0.020467836257309,31,42,3,0.09356725146198801,11,1
61,"(1,9)",,False,16,"[2, 7, 0, 1, 9]",2,0.020467836257309,31,42,3,0.09356725146198801,11,1
62,"(3,19)",,True,18,"[3, 10, 19, 8, 2]",2,0.033138401559454,29,42,3,0.047758284600389,13,1
63,"(3,19)",,True,18,"[3, 10, 19, 8, 2]",2,0.033138401559454,29,42,3,0.047758284600389,13,1
64,"(3,2)",,True,20,"[17, 19, 3, 2, 16]",2,0.030701754385964,27,42,3,0.04337231968810901,15,1
65,"(3,2)",,True,20,"[17, 19, 3, 2, 16]",2,0.030701754385964,27,42,3,0.04337231968810901,15,1
66,"(7,0)",,True,21,"[11, 13, 7, 10, 0]",3,0.057017543859649,29,44,3,0.031676413255360004,15,1
67,"(7,0)",,True,21,"[11, 13, 7, 10, 0]",3,0.057017543859649,29,44,3,0.031676413255360004,15,1
68,"(14,19)",,False,20,"[14, 18, 6, 19, 17]",3,0.040935672514619006,31,46,3,0.007797270955165,15,1
69,"(14,19)",,False,20,"[14, 18, 6, 19, 17]",3,0.040935672514619006,31,46,3,0.007797270955165,15,1
70,"(13,16)",,False,22,"[13, 14, 16, 12, 15]",4,0.08713450292397601,33,48,3,0.006042884990253,15,1
71,"(13,16)",,False,22,"[13, 14, 16, 12, 15]",4,0.08713450292397601,33,48,3,0.006042884990253,15,1
72,"(12,7)",,True,23,"[4, 12, 8, 18, 7]",4,0.106237816764132,35,50,3,0.09356725146198801,15,1
73,"(12,7)",,True,23,"[4, 12, 8, 18, 7]",4,0.106237816764132,35,50,3,0.09356725146198801,15,1
74,"(9,14)",,False,26,"[15, 13, 9, 18, 14]",4,0.105263157894736,36,51,3,0.105263157894736,15,1
75,"(9,14)",,False,26,"[15, 13, 9, 18, 14]",4,0.105263157894736,36,51,3,0.105263157894736,15,1
76,5:4,assassinate,True,23,"[18, 12, 11, 5, 8]",3,0.040935672514619006,36,52,3,0.09941520467836201,16,1
77,5:4,assassinate,True,23,"[18, 12, 11, 5, 8]",3,0.040935672514619006,36,52,3,0.09941520467836201,16,1
78,"(19,1)",,True,22,"[19, 5, 10, 1, 2]",3,0.070175438596491,36,53,4,0.312865497076023,17,1
79,"(19,1)",,True,22,"[19, 5, 10, 1, 2]",3,0.070175438596491,36,53,4,0.312865497076023,17,1
80,"(19,18)",,False,24,"[3, 19, 12, 18, 15]",3,0.061403508771929,34,53,4,0.230019493177387,19,1
81,"(19,18)",,False,24,"[3, 19, 12, 18, 15]",3,0.061403508771929,34,53,4,0.230019493177387,19,1
82,"(10,8)",,True,26,"[10, 3, 8, 5, 17]",3,0.031189083820662003,32,53,4,0.151559454191033,21,1
83,"(10,8)",,True,26,"[10, 3, 8, 5, 17]",3,0.031189083820662003,32,53,4,0.151559454191033,21,1
84,15:8,assassinate,True,23,"[15, 14, 12, 10, 11]",2,0.0029239766081870003,30,53,4,0.20370370370370303,23,1
85,15:8,assassinate,True,23,"[15, 14, 12, 10, 11]",2,0.0029239766081870003,30,53,4,0.20370370370370303,23,1
86,"(1,10)",,True,23,"[3, 1, 0, 6, 10]",2,0.034113060428849006,28,53,5,0.26023391812865404,25,1
87,"(1,10)",,True,23,"[3, 1, 0, 6, 10]",2,0.034113060428849006,28,53,5,0.26023391812865404,25,1
88,"(11,1)",,True,25,"[7, 14, 11, 17, 1]",2,0.022807017543859002,26,53,6,0.273489278752436,27,1
89,"(11,1)",,True,25,"[7, 14, 11, 17, 1]",2,0.022807017543859002,26,53,6,0.273489278752436,27,1
90,13:10,assassinate,True,22,"[16, 4, 13, 11, 8]",2,0.030214424951267003,24,53,6,0.384502923976608,29,1
91,13:10,assassinate,True,22,"[16, 4, 13, 11, 8]",2,0.030214424951267003,24,53,6,0.384502923976608,29,1
92,"(2,9)",,False,23,"[2, 15, 9, 11, 0]",3,0.127680311890838,24,54,5,0.23196881091617902,30,1
93,"(2,9)",,False,23,"[2, 15, 9, 11, 0]",3,0.127680311890838,24,54,5,0.23196881091617902,30,1
94,"(10,19)",,False,25,"[10, 11, 19, 5, 2]",3,0.062573099415204,22,54,5,0.15614035087719202,32,1
95,"(10,19)",,False,25,"[10, 11, 19, 5, 2]",3,0.062573099415204,22,54,5,0.15614035087719202,32,1
96,"(3,1)",,True,24,"[3, 18, 4, 15, 1]",3,0.08576998050682201,20,54,6,0.20769980506822602,34,1
97,"(3,1)",,True,24,"[3, 18, 4, 15, 1]",3,0.08576998050682201,20,54,6,0.20769980506822602,34,1
98,"(15,3)",,False,26,"[10, 15, 14, 8, 3]",3,0.145224171539961,18,54,6,0.259356725146198,36,1
99,"(15,3)",,False,26,"[10, 15, 14, 8, 3]",3,0.145224171539961,18,54,6,0.259356725146198,36,1
100,"(11,13)",,True,28,"[11, 2, 13, 14, 3]",3,0.19883040935672502,16,54,6,0.31881091617933704,38,1
101,"(11,13)",,True,28,"[11, 2, 13, 14, 3]",3,0.19883040935672502,16,54,6,0.31881091617933704,38,1
102,"(1,4)",,True,28,"[1, 19, 18, 15, 4]",3,0.08625730994152,14,54,6,0.357156780840991,40,1
103,"(1,4)",,True,28,"[1, 19, 18, 15, 4]",3,0.08625730994152,14,54,6,0.357156780840991,40,1
104,"(16,17)",,False,30,"[16, 13, 17, 9, 6]",3,0.073586744639376,12,54,6,0.24298245614035002,42,1
105,"(16,17)",,False,30,"[16, 13, 17, 9, 6]",3,0.073586744639376,12,54,6,0.24298245614035002,42,1
106,"(18,1)",,False,30,"[15, 18, 1, 9, 0]",3,0.045808966861598,10,54,7,0.347270955165692,44,1
107,"(18,1)",,False,30,"[15, 18, 1, 9, 0]",3,0.045808966861598,10,54,7,0.347270955165692,44,1
108,"(12,8)",,False,30,"[17, 13, 12, 8, 11]",3,0.122807017543859,8,54,6,0.180701754385964,46,1
109,"(12,8)",,False,30,"[17, 13, 12, 8, 11]",3,0.122807017543859,8,54,6,0.180701754385964,46,1
110,19:6,assassinate,True,28,"[8, 19, 18, 5, 12]",2,0.038011695906432004,6,54,6,0.17251461988304,48,1
111,19:6,assassinate,True,28,"[8, 19, 18, 5, 12]",2,0.038011695906432004,6,54,6,0.17251461988304,48,1
112,"(14,7)",,False,30,"[13, 14, 7, 4, 2]",2,0.033625730994152,4,54,6,0.13937621832358602,50,1
113,"(14,7)",,False,30,"[13, 14, 7, 4, 2]",2,0.033625730994152,4,54,6,0.13937621832358602,50,1
114,"(17,11)",,False,30,"[16, 14, 17, 11, 9]",3,0.112573099415204,2,54,6,0.132358674463937,52,1
115,"(17,11)",,False,30,"[16, 14, 17, 11, 9]",3,0.112573099415204,2,54,6,0.132358674463937,52,1
116,"(10,6)",,False,32,"[15, 10, 11, 14, 6]",4,0.192397660818713,4,56,6,0.17465886939571101,52,1
117,"(10,6)",,False,32,"[15, 10, 11, 14, 6]",4,0.192397660818713,4,56,6,0.17465886939571101,52,1
118,12:12,assassinate,True,26,"[17, 7, 2, 10, 12]",4,0.210526315789473,6,58,4,0.10233918128654901,52,1
119,12:12,assassinate,True,26,"[17, 7, 2, 10, 12]",4,0.210526315789473,6,58,4,0.10233918128654901,52,1
120,"(7,1)",,False,27,"[7, 1, 12, 15, 9]",4,0.22417153996101302,8,60,5,0.153021442495126,52,1
121,"(7,1)",,False,27,"[7, 1, 12, 15, 9]",4,0.22417153996101302,8,60,5,0.153021442495126,52,1
122,"(4,0)",,True,25,"[16, 4, 2, 0, 18]",3,0.137426900584795,8,61,5,0.164717348927875,53,1
123,"(4,0)",,True,25,"[16, 4, 2, 0, 18]",3,0.137426900584795,8,61,5,0.164717348927875,53,1
124,"(0,15)",,True,25,"[18, 12, 0, 17, 15]",2,0.105263157894736,8,62,5,0.155945419103313,54,1
125,"(0,15)",,True,25,"[18, 12, 0, 17, 15]",2,0.105263157894736,8,62,5,0.155945419103313,54,1
126,12:4,assassinate,True,25,"[16, 12, 13, 9, 8]",3,0.159844054580896,10,64,5,0.138401559454191,54,1
127,12:4,assassinate,True,25,"[16, 12, 13, 9, 8]",3,0.159844054580896,10,64,5,0.138401559454191,54,1
128,5:4,assassinate,True,25,"[0, 17, 5, 8, 4]",4,0.145224171539961,12,66,5,0.11306042884990201,54,1
129,5:4,assassinate,True,25,"[0, 17, 5, 8, 4]",4,0.145224171539961,12,66,5,0.11306042884990201,54,1
130,"(11,19)",,False,27,"[9, 10, 11, 8, 19]",5,0.148148148148148,14,68,5,0.11306042884990201,54,1
131,"(11,19)",,False,27,"[9, 10, 11, 8, 19]",5,0.148148148148148,14,68,5,0.11306042884990201,54,1
132,"(18,13)",,False,28,"[15, 18, 10, 13, 14]",5,0.153508771929824,16,70,5,0.088791423001949,54,1
133,"(18,13)",,False,28,"[15, 18, 10, 13, 14]",5,0.153508771929824,16,70,5,0.088791423001949,54,1
134,"(3,10)",,True,30,"[17, 3, 10, 16, 12]",5,0.159356725146198,18,72,5,0.09074074074074001,54,1
135,"(3,10)",,True,30,"[17, 3, 10, 16, 12]",5,0.159356725146198,18,72,5,0.09074074074074001,54,1
136,"(6,0)",,False,30,"[19, 17, 6, 0, 10]",5,0.11208576998050601,20,74,5,0.07972709551656901,54,1
137,"(6,0)",,False,30,"[19, 17, 6, 0, 10]",5,0.11208576998050601,20,74,5,0.07972709551656901,54,1
138,17:6,assassinate,True,28,"[17, 7, 18, 3, 2]",5,0.118908382066276,22,76,5,0.071150097465886,54,1
139,17:6,assassinate,True,28,"[17, 7, 18, 3, 2]",5,0.118908382066276,22,76,5,0.071150097465886,54,1
140,"(5,11)",,False,30,"[18, 7, 5, 12, 11]",6,0.14766081871345002,24,78,5,0.06315789473684201,54,1
141,"(5,11)",,False,30,"[18, 7, 5, 12, 11]",6,0.14766081871345002,24,78,5,0.06315789473684201,54,1
142,"(6,10)",,False,30,"[13, 14, 6, 10, 5]",7,0.22953216374269,26,80,5,0.07816764132553601,54,1
143,"(6,10)",,False,30,"[13, 14, 6, 10, 5]",7,0.22953216374269,26,80,5,0.07816764132553601,54,1
144,"(15,0)",,True,30,"[2, 15, 11, 14, 0]",7,0.22953216374269,28,82,5,0.07816764132553601,54,1
145,"(15,0)",,True,30,"[2, 15, 11, 14, 0]",7,0.22953216374269,28,82,5,0.07816764132553601,54,1
146,"(13,9)",,False,30,"[7, 13, 9, 10, 6]",7,0.22076023391812802,30,84,4,0.056042884990253006,54,1
147,"(13,9)",,False,30,"[7, 13, 9, 10, 6]",7,0.22076023391812802,30,84,4,0.056042884990253006,54,1
148,"(14,0)",,False,28,"[7, 14, 10, 0, 18]",6,0.23732943469785503,32,86,4,0.07553606237816701,54,1
149,"(14,0)",,False,28,"[7, 14, 10, 0, 18]",6,0.23732943469785503,32,86,4,0.07553606237816701,54,1
150,"(3,4)",,False,30,"[19, 3, 8, 4, 16]",6,0.226072124756335,34,88,4,0.042348927875243005,54,1
151,"(3,4)",,False,30,"[19, 3, 8, 4, 16]",6,0.226072124756335,34,88,4,0.042348927875243005,54,1
152,"(6,3)",,False,32,"[6, 3, 2, 16, 7]",6,0.156091617933723,36,90,4,0.041429963798384005,54,1
153,"(6,3)",,False,32,"[6, 3, 2, 16, 7]",6,0.156091617933723,36,90,4,0.041429963798384005,54,1
154,"(2,12)",,True,34,"[13, 14, 2, 12, 0]",6,0.146832358674463,38,92,4,0.040455304928989,54,1
155,"(2,12)",,True,34,"[13, 14, 2, 12, 0]",6,0.146832358674463,38,92,4,0.040455304928989,54,1
156,"(12,9)",,True,36,"[10, 15, 12, 5, 9]",6,0.133853151397011,40,94,4,0.017632043070639,54,1
157,"(12,9)",,True,36,"[10, 15, 12, 5, 9]",6,0.133853151397011,40,94,4,0.017632043070639,54,1
158,4:6,assassinate,True,35,"[18, 3, 11, 14, 4]",5,0.11094866796621101,42,96,4,0.017381416504223,54,1
159,4:6,assassinate,True,35,"[18, 3, 11, 14, 4]",5,0.11094866796621101,42,96,4,0.017381416504223,54,1
160,"(16,17)",,False,37,"[16, 13, 17, 8, 12]",6,0.090244550770866,44,98,4,0.014664185716817001,54,1
161,"(16,17)",,False,37,"[16, 13, 17, 8, 12]",6,0.090244550770866,44,98,4,0.014664185716817001,54,1
162,"(0,13)",,False,36,"[7, 0, 13, 3, 14]",5,0.07329434697855701,46,100,4,0.014230019493177001,54,1
163,"(0,13)",,False,36,"[7, 0, 13, 3, 14]",5,0.07329434697855701,46,100,4,0.014230019493177001,54,1
164,6:4,assassinate,True,35,"[14, 0, 3, 6, 15]",5,0.058089668615984004,48,102,4,0.014424951267056,54,1
165,6:4,assassinate,True,35,"[14, 0, 3, 6, 15]",5,0.058089668615984004,48,102,4,0.014424951267056,54,1
166,"(11,12)",,True,36,"[11, 12, 19, 9, 7]",5,0.117641325536062,50,104,4,0.011111111111111,54,1
167,"(11,12)",,True,36,"[11, 12, 19, 9, 7]",5,0.117641325536062,50,104,4,0.011111111111111,54,1
168,"(7,3)",,False,34,"[7, 4, 2, 19, 3]",5,0.13157894736842102,52,106,4,0.024853801169590004,54,1
169,"(7,3)",,False,34,"[7, 4, 2, 19, 3]",5,0.13157894736842102,52,106,4,0.024853801169590004,54,1
170,6:2,assassinate,True,32,"[6, 12, 3, 18, 15]",5,0.08674463937621801,54,108,3,0.004385964912280001,54,1
171,6:2,assassinate,True,32,"[6, 12, 3, 18, 15]",5,0.08674463937621801,54,108,3,0.004385964912280001,54,1
172,"(6,1)",,True,34,"[11, 6, 16, 2, 1]",5,0.11500974658869301,56,110,4,0.10964912280701701,54,1
173,"(6,1)",,True,34,"[11, 6, 16, 2, 1]",5,0.11500974658869301,56,110,4,0.10964912280701701,54,1
174,13:8,assassinate,True,31,"[12, 18, 11, 14, 13]",4,0.066471734892787,56,111,4,0.099122807017543,55,1
175,13:8,assassinate,True,31,"[12, 18, 11, 14, 13]",4,0.066471734892787,56,111,4,0.099122807017543,55,1
176,9:10,assassinate,True,25,"[10, 9, 8, 19, 11]",3,0.032163742690058006,54,111,3,0.087719298245614,57,1
177,9:10,assassinate,True,25,"[10, 9, 8, 19, 11]",3,0.032163742690058006,54,111,3,0.087719298245614,57,1
178,"(17,0)",,False,25,"[18, 17, 0, 15, 8]",2,0.0,52,111,3,0.087719298245614,59,1
179,"(17,0)",,False,25,"[18, 17, 0, 15, 8]",2,0.0,52,111,3,0.087719298245614,59,1
180,"(17,1)",,True,25,"[17, 7, 4, 8, 1]",2,0.0,50,111,4,0.23976608187134502,61,1
181,"(17,1)",,True,25,"[17, 7, 4, 8, 1]",2,0.0,50,111,4,0.23976608187134502,61,1
182,"(9,6)",,True,27,"[9, 6, 13, 11, 14]",2,0.0,48,111,4,0.32748538011695905,63,1
183,"(9,6)",,True,27,"[9, 6, 13, 11, 14]",2,0.0,48,111,4,0.32748538011695905,63,1
184,"(17,13)",,False,27,"[2, 17, 13, 19, 10]",2,0.0,46,111,4,0.385964912280701,65,1
185,"(17,13)",,False,27,"[2, 17, 13, 19, 10]",2,0.0,46,111,4,0.385964912280701,65,1
186,"(6,17)",,False,27,"[14, 6, 15, 0, 17]",2,0.0,44,111,3,0.350877192982456,67,1
187,"(6,17)",,False,27,"[14, 6, 15, 0, 17]",2,0.0,44,111,3,0.350877192982456,67,1
188,"(2,5)",,True,29,"[13, 6, 2, 5, 17]",3,0.006822612085769001,42,111,3,0.350877192982456,69,1
189,"(2,5)",,True,29,"[13, 6, 2, 5, 17]",3,0.006822612085769001,42,111,3,0.350877192982456,69,1
190,"(3,4)",,False,31,"[14, 3, 13, 4, 17]",3,0.015594541910331002,40,111,3,0.19298245614035,71,1
191,"(3,4)",,False,31,"[14, 3, 13, 4, 17]",3,0.015594541910331002,40,111,3,0.19298245614035,71,1
192,"(10,0)",,False,31,"[17, 10, 3, 11, 0]",3,0.015594541910331002,38,111,3,0.19298245614035,73,1
193,"(10,0)",,False,31,"[17, 10, 3, 11, 0]",3,0.015594541910331002,38,111,3,0.19298245614035,73,1
194,"(1,4)",,False,34,"[9, 8, 1, 4, 18]",3,0.012670565302144,36,111,4,0.181258702311333,75,1
195,"(1,4)",,False,34,"[9, 8, 1, 4, 18]",3,0.012670565302144,36,111,4,0.181258702311333,75,1
196,"(10,6)",,False,37,"[10, 7, 5, 6, 19]",3,0.014724310776942001,34,111,4,0.142348927875243,77,1
197,"(10,6)",,False,37,"[10, 7, 5, 6, 19]",3,0.014724310776942001,34,111,4,0.142348927875243,77,1
198,14:10,assassinate,True,33,"[4, 16, 10, 14, 18]",2,0.0,32,111,4,0.130994152046783,79,1
199,14:10,assassinate,True,33,"[4, 16, 10, 14, 18]",2,0.0,32,111,4,0.130994152046783,79,1
200,19:10,assassinate,True,29,"[19, 4, 7, 11, 1]",2,0.038986354775828,30,111,4,0.151559454191033,81,1
201,19:10,assassinate,True,29,"[19, 4, 7, 11, 1]",2,0.038986354775828,30,111,4,0.151559454191033,81,1
202,"(1,8)",,True,31,"[18, 1, 8, 2, 4]",2,0.025243664717348003,28,111,5,0.09074074074074001,83,1
203,"(1,8)",,True,31,"[18, 1, 8, 2, 4]",2,0.025243664717348003,28,111,5,0.09074074074074001,83,1
204,"(8,19)",,False,33,"[17, 8, 19, 5, 16]",2,0.025243664717348003,26,111,5,0.10604288499025301,85,1
205,"(8,19)",,False,33,"[17, 8, 19, 5, 16]",2,0.025243664717348003,26,111,5,0.10604288499025301,85,1
206,"(6,2)",,True,33,"[0, 6, 13, 2, 8]",2,0.021553884711779003,26,112,4,0.027304372041214,86,1
207,"(6,2)",,True,33,"[0, 6, 13, 2, 8]",2,0.021553884711779003,26,112,4,0.027304372041214,86,1
208,"(4,8)",,True,34,"[4, 17, 13, 8, 6]",2,0.018727373990531003,26,113,4,0.020467836257309,87,1
209,"(4,8)",,True,34,"[4, 17, 13, 8, 6]",2,0.018727373990531003,26,113,4,0.020467836257309,87,1
210,"(2,9)",,False,34,"[2, 8, 9, 19, 4]",2,0.008980785296574001,26,114,4,0.016764132553606002,88,1
211,"(2,9)",,False,34,"[2, 8, 9, 19, 4]",2,0.008980785296574001,26,114,4,0.016764132553606002,88,1
212,"(11,17)",,False,34,"[12, 16, 11, 7, 17]",2,0.008771929824561,24,114,4,0.018713450292397002,90,1
213,"(11,17)",,False,34,"[12, 16, 11, 7, 17]",2,0.008771929824561,24,114,4,0.018713450292397002,90,1
214,3:14,assassinate,True,29,"[5, 1, 3, 16, 14]",2,0.013645224171539001,22,114,3,0.09941520467836201,92,1
215,3:14,assassinate,True,29,"[5, 1, 3, 16, 14]",2,0.013645224171539001,22,114,3,0.09941520467836201,92,1
216,"(15,16)",,False,29,"[15, 17, 13, 16, 10]",2,0.007797270955165,20,114,3,0.021442495126705003,94,1
217,"(15,16)",,False,29,"[15, 17, 13, 16, 10]",2,0.007797270955165,20,114,3,0.021442495126705003,94,1
218,"(9,0)",,True,28,"[15, 14, 9, 13, 0]",1,0.0,18,114,3,0.022904483430799,96,1
219,"(9,0)",,True,28,"[15, 14, 9, 13, 0]",1,0.0,18,114,3,0.022904483430799,96,1
220,"(15,12)",,False,28,"[10, 18, 7, 15, 12]",2,0.019702032859927002,16,114,3,0.030409356725146,98,1
221,"(15,12)",,False,28,"[10, 18, 7, 15, 12]",2,0.019702032859927002,16,114,3,0.030409356725146,98,1
222,"(9,13)",,False,30,"[9, 14, 15, 13, 5]",2,0.011111111111111,14,114,3,0.018518518518518,100,1
223,"(9,13)",,False,30,"[9, 14, 15, 13, 5]",2,0.011111111111111,14,114,3,0.018518518518518,100,1
224,3:2,assassinate,True,30,"[15, 3, 8, 5, 11]",2,0.011111111111111,14,115,3,0.018518518518518,101,1
225,3:2,assassinate,True,30,"[15, 3, 8, 5, 11]",2,0.011111111111111,14,115,3,0.018518518518518,101,1
226,13:6,assassinate,True,28,"[7, 13, 15, 16, 14]",1,0.0,14,116,3,0.01130604288499,102,1
227,13:6,assassinate,True,28,"[7, 13, 15, 16, 14]",1,0.0,14,116,3,0.01130604288499,102,1
228,"(1,3)",,True,30,"[1, 17, 3, 11, 16]",1,0.0,12,116,4,0.076120857699805,104,1
229,"(1,3)",,True,30,"[1, 17, 3, 11, 16]",1,0.0,12,116,4,0.076120857699805,104,1
230,6:10,assassinate,True,26,"[6, 11, 16, 0, 14]",1,0.0,10,116,4,0.099025341130604,106,1
231,6:10,assassinate,True,26,"[6, 11, 16, 0, 14]",1,0.0,10,116,4,0.099025341130604,106,1
232,"(6,17)",,True,28,"[6, 7, 18, 17, 0]",1,0.0,8,116,4,0.105068226120857,108,1
233,"(6,17)",,True,28,"[6, 7, 18, 17, 0]",1,0.0,8,116,4,0.105068226120857,108,1
234,"(6,8)",,False,30,"[6, 2, 16, 8, 0]",1,0.0,6,116,4,0.09844054580896601,110,1
235,"(6,8)",,False,30,"[6, 2, 16, 8, 0]",1,0.0,6,116,4,0.09844054580896601,110,1
236,"(4,2)",,False,30,"[8, 4, 19, 2, 18]",2,0.09941520467836201,4,116,4,0.10477582846003801,112,1
237,"(4,2)",,False,30,"[8, 4, 19, 2, 18]",2,0.09941520467836201,4,116,4,0.10477582846003801,112,1
238,"(1,10)",,True,32,"[1, 19, 0, 7, 10]",2,0.105263157894736,2,116,5,0.20808966861598402,114,1
239,"(1,10)",,True,32,"[1, 19, 0, 7, 10]",2,0.105263157894736,2,116,5,0.20808966861598402,114,1
240,"(1,13)",,True,35,"[11, 1, 18, 0, 13]",2,0.017543859649122,0,116,6,0.201267056530214,116,1
241,"(1,13)",,True,35,"[11, 1, 18, 0, 13]",2,0.017543859649122,0,116,6,0.201267056530214,116,1
242,"(5,3)",,False,35,"[19, 6, 5, 3, 4]",2,0.026510721247563002,-2,116,5,0.19541910331384002,118,1
243,"(5,3)",,False,35,"[19, 6, 5, 3, 4]",2,0.026510721247563002,-2,116,5,0.19541910331384002,118,1
244,"(1,15)",,True,37,"[10, 9, 1, 15, 13]",3,0.051775271512113,-4,116,6,0.21201615148983502,120,1
245,"(1,15)",,True,37,"[10, 9, 1, 15, 13]",3,0.051775271512113,-4,116,6,0.21201615148983502,120,1
246,"(1,5)",,True,37,"[8, 9, 11, 1, 5]",3,0.046296296296296,-6,116,7,0.25214424951267,122,1
247,"(1,5)",,True,37,"[8, 9, 11, 1, 5]",3,0.046296296296296,-6,116,7,0.25214424951267,122,1
248,16:6,assassinate,True,33,"[10, 19, 17, 16, 12]",2,0.030896686159844002,-8,116,6,0.183528265107212,124,1
249,16:6,assassinate,True,33,"[10, 19, 17, 16, 12]",2,0.030896686159844002,-8,116,6,0.183528265107212,124,1
250,"(14,4)",,False,35,"[9, 7, 14, 10, 4]",3,0.13031189083820602,-10,116,6,0.212475633528265,126,1
251,"(14,4)",,False,35,"[9, 7, 14, 10, 4]",3,0.13031189083820602,-10,116,6,0.212475633528265,126,1
252,"(7,16)",,False,36,"[7, 11, 16, 9, 5]",3,0.044346978557504003,-12,116,6,0.18294346978557502,128,1
253,"(7,16)",,False,36,"[7, 11, 16, 9, 5]",3,0.044346978557504003,-12,116,6,0.18294346978557502,128,1
254,"(2,5)",,True,36,"[2, 5, 0, 6, 10]",3,0.042606516290726,-14,116,6,0.15494291283764902,130,1
255,"(2,5)",,True,36,"[2, 5, 0, 6, 10]",3,0.042606516290726,-14,116,6,0.15494291283764902,130,1
256,"(15,3)",,True,38,"[15, 5, 6, 3, 12]",4,0.07592592592592501,-16,116,6,0.09821312540610701,132,1
257,"(15,3)",,True,38,"[15, 5, 6, 3, 12]",4,0.07592592592592501,-16,116,6,0.09821312540610701,132,1
258,"(8,12)",,False,39,"[5, 8, 12, 7, 15]",4,0.08567251461988301,-14,118,5,0.08440545808966801,132,1
259,"(8,12)",,False,39,"[5, 8, 12, 7, 15]",4,0.08567251461988301,-14,118,5,0.08440545808966801,132,1
260,13:8,assassinate,True,37,"[11, 13, 14, 8, 17]",3,0.052891487979207,-14,119,4,0.059681611435997005,133,1
261,13:8,assassinate,True,37,"[11, 13, 14, 8, 17]",3,0.052891487979207,-14,119,4,0.059681611435997005,133,1
262,"(7,15)",,False,37,"[7, 15, 16, 12, 6]",4,0.15238791423001902,-12,121,4,0.08196881091617901,133,1
263,"(7,15)",,False,37,"[7, 15, 16, 12, 6]",4,0.15238791423001902,-12,121,4,0.08196881091617901,133,1
264,"(2,13)",,False,39,"[2, 17, 5, 16, 13]",5,0.091764132553606,-10,123,4,0.06452241715399601,133,1
265,"(2,13)",,False,39,"[2, 17, 5, 16, 13]",5,0.091764132553606,-10,123,4,0.06452241715399601,133,1
266,"(7,4)",,False,39,"[7, 6, 15, 16, 4]",5,0.09770955165692001,-8,125,4,0.057894736842105006,133,1
267,"(7,4)",,False,39,"[7, 6, 15, 16, 4]",5,0.09770955165692001,-8,125,4,0.057894736842105006,133,1
268,"(10,0)",,False,37,"[19, 18, 10, 4, 0]",4,0.028654970760233003,-8,126,4,0.11395154553049201,134,1
269,"(10,0)",,False,37,"[19, 18, 10, 4, 0]",4,0.028654970760233003,-8,126,4,0.11395154553049201,134,1
270,13:4,assassinate,True,36,"[15, 14, 3, 13, 9]",4,0.047270955165692005,-10,126,4,0.106237816764132,136,1
271,13:4,assassinate,True,36,"[15, 14, 3, 13, 9]",4,0.047270955165692005,-10,126,4,0.106237816764132,136,1
272,"(14,5)",,True,36,"[14, 4, 5, 6, 12]",4,0.051559454191033006,-12,126,4,0.10964912280701701,138,1
273,"(14,5)",,True,36,"[14, 4, 5, 6, 12]",4,0.051559454191033006,-12,126,4,0.10964912280701701,138,1
274,"(19,2)",,False,36,"[14, 19, 9, 12, 2]",4,0.030910609857978003,-14,126,4,0.11180729601782201,140,1
275,"(19,2)",,False,36,"[14, 19, 9, 12, 2]",4,0.030910609857978003,-14,126,4,0.11180729601782201,140,1
276,"(10,6)",,False,36,"[0, 10, 4, 7, 6]",4,0.030910609857978003,-12,128,3,0.016290726817042002,140,1
277,"(10,6)",,False,36,"[0, 10, 4, 7, 6]",4,0.030910609857978003,-12,128,3,0.016290726817042002,140,1
278,"(1,13)",,False,38,"[8, 1, 18, 6, 13]",5,0.068467464958693,-12,129,4,0.12155388471177901,141,1
279,"(1,13)",,False,38,"[8, 1, 18, 6, 13]",5,0.068467464958693,-12,129,4,0.12155388471177901,141,1
280,9:4,assassinate,True,38,"[0, 9, 6, 5, 11]",4,0.022138680033416,-12,130,4,0.023990531885268,142,1
281,9:4,assassinate,True,38,"[0, 9, 6, 5, 11]",4,0.022138680033416,-12,130,4,0.023990531885268,142,1
282,"(14,9)",,True,38,"[14, 17, 9, 5, 6]",4,0.041395154553049006,-10,132,4,0.031356168198273006,142,1
283,"(14,9)",,True,38,"[14, 17, 9, 5, 6]",4,0.041395154553049006,-10,132,4,0.031356168198273006,142,1
284,19:12,assassinate,True,31,"[19, 17, 11, 0, 9]",3,0.09941520467836201,-8,134,4,0.06569200779727001,142,1
285,19:12,assassinate,True,31,"[19, 17, 11, 0, 9]",3,0.09941520467836201,-8,134,4,0.06569200779727001,142,1
286,"(15,8)",,False,33,"[15, 17, 8, 6, 18]",4,0.16520467836257302,-6,136,4,0.043859649122807,142,1
287,"(15,8)",,False,33,"[15, 17, 8, 6, 18]",4,0.16520467836257302,-6,136,4,0.043859649122807,142,1
288,"(9,7)",,True,35,"[9, 7, 15, 6, 13]",4,0.100570871623503,-4,138,4,0.02943469785575,142,1
289,"(9,7)",,True,35,"[9, 7, 15, 6, 13]",4,0.100570871623503,-4,138,4,0.02943469785575,142,1
290,2:10,assassinate,True,31,"[2, 14, 7, 15, 3]",3,0.06345029239766001,-2,140,4,0.028752436647173002,142,1
291,2:10,assassinate,True,31,"[2, 14, 7, 15, 3]",3,0.06345029239766001,-2,140,4,0.028752436647173002,142,1
292,"(0,16)",,False,31,"[0, 19, 11, 16, 15]",3,0.041812865497076,0,142,4,0.026998050682261004,142,1
293,"(0,16)",,False,31,"[0, 19, 11, 16, 15]",3,0.041812865497076,0,142,4,0.026998050682261004,142,1
294,"(2,3)",,False,33,"[2, 6, 15, 10, 3]",4,0.077875243664717,2,144,4,0.028947368421052003,142,1
295,"(2,3)",,False,33,"[2, 6, 15, 10, 3]",4,0.077875243664717,2,144,4,0.028947368421052003,142,1
296,"(1,19)",,False,34,"[0, 1, 19, 18, 15]",4,0.142300194931773,4,146,5,0.134210526315789,142,1
297,"(1,19)",,False,34,"[0, 1, 19, 18, 15]",4,0.142300194931773,4,146,5,0.134210526315789,142,1
298,12:8,assassinate,True,31,"[15, 13, 0, 12, 18]",4,0.13645224171539902,6,148,5,0.12524366471734802,142,1
299,12:8,assassinate,True,31,"[15, 13, 0, 12, 18]",4,0.13645224171539902,6,148,5,0.12524366471734802,142,1
300,"(2,0)",,True,31,"[14, 2, 6, 0, 15]",3,0.107894736842105,8,150,5,0.060818713450292,142,1
301,"(2,0)",,True,31,"[14, 2, 6, 0, 15]",3,0.107894736842105,8,150,5,0.060818713450292,142,1
302,7:12,assassinate,True,25,"[7, 19, 2, 1, 4]",2,0.09941520467836201,8,151,4,0.10672514619883001,143,1
303,7:12,assassinate,True,25,"[7, 19, 2, 1, 4]",2,0.09941520467836201,8,151,4,0.10672514619883001,143,1
304,"(19,16)",,True,27,"[19, 8, 6, 16, 9]",2,0.09941520467836201,6,151,4,0.157115009746588,145,1
305,"(19,16)",,True,27,"[19, 8, 6, 16, 9]",2,0.09941520467836201,6,151,4,0.157115009746588,145,1
306,14:6,assassinate,True,25,"[3, 14, 19, 0, 12]",2,0.09356725146198801,4,151,4,0.25263157894736804,147,1
307,14:6,assassinate,True,25,"[3, 14, 19, 0, 12]",2,0.09356725146198801,4,151,4,0.25263157894736804,147,1
308,"(7,13)",,True,28,"[6, 17, 11, 7, 13]",2,0.09941520467836201,6,153,4,0.08810916179337201,147,1
309,"(7,13)",,True,28,"[6, 17, 11, 7, 13]",2,0.09941520467836201,6,153,4,0.08810916179337201,147,1
310,"(6,15)",,False,28,"[6, 12, 15, 11, 7]",2,0.19883040935672502,8,155,4,0.104191033138401,147,1
311,"(6,15)",,False,28,"[6, 12, 15, 11, 7]",2,0.19883040935672502,8,155,4,0.104191033138401,147,1
312,"(5,0)",,True,27,"[5, 18, 9, 0, 7]",1,0.0,8,156,3,0.039682539682539,148,1
313,"(5,0)",,True,27,"[5, 18, 9, 0, 7]",1,0.0,8,156,3,0.039682539682539,148,1
314,"(3,16)",,False,27,"[3, 18, 16, 2, 5]",2,0.19883040935672502,10,158,3,0.075048732943469,148,1
315,"(3,16)",,False,27,"[3, 18, 16, 2, 5]",2,0.19883040935672502,10,158,3,0.075048732943469,148,1
316,"(1,0)",,True,29,"[2, 1, 17, 0, 5]",3,0.223196881091617,12,160,4,0.200208855472013,148,1
317,"(1,0)",,True,29,"[2, 1, 17, 0, 5]",3,0.223196881091617,12,160,4,0.200208855472013,148,1
318,"(1,10)",,False,29,"[1, 0, 13, 18, 10]",3,0.071881091617933,12,161,4,0.212099693678641,149,1
319,"(1,10)",,False,29,"[1, 0, 13, 18, 10]",3,0.071881091617933,12,161,4,0.212099693678641,149,1
320,4:4,assassinate,True,28,"[4, 2, 8, 17, 18]",2,0.0,10,161,4,0.277206906154274,151,1
321,4:4,assassinate,True,28,"[4, 2, 8, 17, 18]",2,0.0,10,161,4,0.277206906154274,151,1
322,"(19,16)",,False,28,"[19, 14, 0, 15, 16]",2,0.0,8,161,4,0.27729044834307903,153,1
323,"(19,16)",,False,28,"[19, 14, 0, 15, 16]",2,0.0,8,161,4,0.27729044834307903,153,1
324,"(0,5)",,False,28,"[0, 9, 19, 12, 5]",2,0.0,6,161,4,0.27729044834307903,155,1
325,"(0,5)",,False,28,"[0, 9, 19, 12, 5]",2,0.0,6,161,4,0.27729044834307903,155,1
326,14:4,assassinate,True,27,"[6, 18, 11, 14, 15]",2,0.0,4,161,4,0.189571150097465,157,1
327,14:4,assassinate,True,27,"[6, 18, 11, 14, 15]",2,0.0,4,161,4,0.189571150097465,157,1
328,"(19,4)",,False,28,"[19, 2, 12, 4, 14]",3,0.12426900584795302,6,163,3,0.092592592592592,157,1
329,"(19,4)",,False,28,"[19, 2, 12, 4, 14]",3,0.12426900584795302,6,163,3,0.092592592592592,157,1
330,5:8,assassinate,True,26,"[5, 6, 8, 18, 14]",3,0.19688109161793302,6,164,3,0.202729044834308,158,1
331,5:8,assassinate,True,26,"[5, 6, 8, 18, 14]",3,0.19688109161793302,6,164,3,0.202729044834308,158,1
332,"(13,4)",,False,27,"[0, 13, 6, 2, 4]",3,0.130604288499025,8,166,2,0.038986354775828,158,1
333,"(13,4)",,False,27,"[0, 13, 6, 2, 4]",3,0.130604288499025,8,166,2,0.038986354775828,158,1
334,3:12,assassinate,True,22,"[3, 18, 10, 2, 9]",2,0.08187134502923901,8,167,2,0.15204678362573001,159,1
335,3:12,assassinate,True,22,"[3, 18, 10, 2, 9]",2,0.08187134502923901,8,167,2,0.15204678362573001,159,1
336,"(5,1)",,False,24,"[11, 19, 5, 1, 17]",2,0.087719298245614,6,167,3,0.23976608187134502,161,1
337,"(5,1)",,False,24,"[11, 19, 5, 1, 17]",2,0.087719298245614,6,167,3,0.23976608187134502,161,1
338,"(10,1)",,False,26,"[10, 18, 5, 2, 1]",2,0.0,4,167,4,0.18469785575048703,163,1
339,"(10,1)",,False,26,"[10, 18, 5, 2, 1]",2,0.0,4,167,4,0.18469785575048703,163,1
340,"(14,1)",,False,28,"[15, 14, 17, 5, 1]",3,0.082748538011695,2,167,5,0.18820662768031102,165,1
341,"(14,1)",,False,28,"[15, 14, 17, 5, 1]",3,0.082748538011695,2,167,5,0.18820662768031102,165,1
342,"(0,10)",,True,28,"[0, 7, 3, 10, 19]",2,0.073001949317738,0,167,5,0.243762183235867,167,1
343,"(0,10)",,True,28,"[0, 7, 3, 10, 19]",2,0.073001949317738,0,167,5,0.243762183235867,167,1
344,"(14,19)",,False,30,"[16, 14, 19, 7, 10]",2,0.04307992202729,-2,167,5,0.16754385964912202,169,1
345,"(14,19)",,False,30,"[16, 14, 19, 7, 10]",2,0.04307992202729,-2,167,5,0.16754385964912202,169,1
346,"(17,18)",,False,30,"[17, 6, 4, 18, 8]",2,0.029337231968810003,-4,167,5,0.13315232525758802,171,1
347,"(17,18)",,False,30,"[17, 6, 4, 18, 8]",2,0.029337231968810003,-4,167,5,0.13315232525758802,171,1
348,"(19,8)",,False,30,"[9, 5, 17, 19, 8]",2,0.034113060428849006,-6,167,5,0.11549707602339102,173,1
349,"(19,8)",,False,30,"[9, 5, 17, 19, 8]",2,0.034113060428849006,-6,167,5,0.11549707602339102,173,1
350,"(6,8)",,False,30,"[7, 17, 6, 3, 8]",2,0.021010860484544,-8,167,5,0.10187969924812001,175,1
351,"(6,8)",,False,30,"[7, 17, 6, 3, 8]",2,0.021010860484544,-8,167,5,0.10187969924812001,175,1
352,"(2,1)",,False,32,"[2, 1, 18, 9, 17]",3,0.046296296296296,-10,167,6,0.183235867446393,177,1
353,"(2,1)",,False,32,"[2, 1, 18, 9, 17]",3,0.046296296296296,-10,167,6,0.183235867446393,177,1
354,"(15,16)",,False,33,"[15, 16, 19, 17, 18]",3,0.036744639376218004,-12,167,6,0.139473684210526,179,1
355,"(15,16)",,False,33,"[15, 16, 19, 17, 18]",3,0.036744639376218004,-12,167,6,0.139473684210526,179,1
356,"(4,13)",,False,33,"[4, 13, 18, 7, 15]",4,0.058284600389863,-14,167,6,0.17134502923976602,181,1
357,"(4,13)",,False,33,"[4, 13, 18, 7, 15]",4,0.058284600389863,-14,167,6,0.17134502923976602,181,1
358,7:8,assassinate,True,31,"[6, 7, 4, 17, 9]",4,0.052729044834307,-16,167,6,0.126413255360623,183,1
359,7:8,assassinate,True,31,"[6, 7, 4, 17, 9]",4,0.052729044834307,-16,167,6,0.126413255360623,183,1
360,"(10,0)",,True,29,"[10, 19, 15, 14, 0]",3,0.050097465886939,-18,167,6,0.106780840991367,185,1
361,"(10,0)",,True,29,"[10, 19, 15, 14, 0]",3,0.050097465886939,-18,167,6,0.106780840991367,185,1
362,"(1,17)",,False,31,"[16, 2, 1, 8, 17]",3,0.044848231690336006,-20,167,7,0.24023948760790803,187,1
363,"(1,17)",,False,31,"[16, 2, 1, 8, 17]",3,0.044848231690336006,-20,167,7,0.24023948760790803,187,1
364,"(17,7)",,False,33,"[14, 17, 8, 7, 12]",4,0.138707880813143,-22,167,7,0.23702311333890203,189,1
365,"(17,7)",,False,33,"[14, 17, 8, 7, 12]",4,0.138707880813143,-22,167,7,0.23702311333890203,189,1
366,"(15,17)",,False,35,"[11, 15, 17, 13, 6]",4,0.11619326093010302,-24,167,7,0.20680868838763503,191,1
367,"(15,17)",,False,35,"[11, 15, 17, 13, 6]",4,0.11619326093010302,-24,167,7,0.20680868838763503,191,1
368,"(1,9)",,False,35,"[4, 1, 9, 6, 11]",4,0.09454191033138401,-26,167,7,0.187524366471734,193,1
369,"(1,9)",,False,35,"[4, 1, 9, 6, 11]",4,0.09454191033138401,-26,167,7,0.187524366471734,193,1
370,"(2,10)",,False,35,"[2, 10, 14, 13, 11]",4,0.09181286549707601,-28,167,7,0.168226120857699,195,1
371,"(2,10)",,False,35,"[2, 10, 14, 13, 11]",4,0.09181286549707601,-28,167,7,0.168226120857699,195,1
372,"(5,16)",,False,35,"[15, 5, 13, 16, 11]",4,0.081286549707602,-30,167,7,0.158201058201058,197,1
373,"(5,16)",,False,35,"[15, 5, 13, 16, 11]",4,0.081286549707602,-30,167,7,0.158201058201058,197,1
374,"(12,9)",,False,35,"[12, 19, 13, 10, 9]",4,0.08567251461988301,-32,167,6,0.130019493177387,199,1
375,"(12,9)",,False,35,"[12, 19, 13, 10, 9]",4,0.08567251461988301,-32,167,6,0.130019493177387,199,1
376,"(11,5)",,False,37,"[6, 0, 11, 14, 5]",4,0.073712057922584,-34,167,6,0.096421609579504,201,1
377,"(11,5)",,False,37,"[6, 0, 11, 14, 5]",4,0.073712057922584,-34,167,6,0.096421609579504,201,1
378,4:10,assassinate,True,31,"[15, 4, 17, 7, 14]",3,0.065399610136452,-34,168,5,0.08352826510721201,202,1
379,4:10,assassinate,True,31,"[15, 4, 17, 7, 14]",3,0.065399610136452,-34,168,5,0.08352826510721201,202,1
380,"(2,10)",,True,31,"[2, 10, 5, 15, 17]",3,0.08401559454191,-36,168,5,0.144834307992202,204,1
381,"(2,10)",,True,31,"[2, 10, 5, 15, 17]",3,0.08401559454191,-36,168,5,0.144834307992202,204,1
382,"(12,17)",,False,34,"[4, 12, 17, 7, 0]",3,0.072319688109161,-38,168,5,0.12933723196881,206,1
383,"(12,17)",,False,34,"[4, 12, 17, 7, 0]",3,0.072319688109161,-38,168,5,0.12933723196881,206,1
384,"(1,16)",,True,34,"[1, 16, 5, 0, 17]",3,0.053606237816764005,-40,168,6,0.155165692007797,208,1
385,"(1,16)",,True,34,"[1, 16, 5, 0, 17]",3,0.053606237816764005,-40,168,6,0.155165692007797,208,1
386,"(1,19)",,True,35,"[1, 19, 10, 16, 0]",3,0.056363130047340004,-42,168,7,0.21608187134502901,210,1
387,"(1,19)",,True,35,"[1, 19, 10, 16, 0]",3,0.056363130047340004,-42,168,7,0.21608187134502901,210,1
388,9:14,assassinate,True,28,"[12, 9, 16, 14, 7]",2,0.031968810916179,-44,168,7,0.257992202729044,212,1
389,9:14,assassinate,True,28,"[12, 9, 16, 14, 7]",2,0.031968810916179,-44,168,7,0.257992202729044,212,1
390,"(7,2)",,True,30,"[7, 11, 2, 10, 5]",3,0.067390698969646,-46,168,7,0.24044834307992102,214,1
391,"(7,2)",,True,30,"[7, 11, 2, 10, 5]",3,0.067390698969646,-46,168,7,0.24044834307992102,214,1
392,"(10,19)",,False,32,"[10, 19, 0, 13, 16]",3,0.10286828181565001,-48,168,7,0.253606237816764,216,1
393,"(10,19)",,False,32,"[10, 19, 0, 13, 16]",3,0.10286828181565001,-48,168,7,0.253606237816764,216,1
394,"(19,0)",,True,32,"[5, 12, 19, 13, 0]",3,0.10286828181565001,-50,168,7,0.253606237816764,218,1
395,"(19,0)",,True,32,"[5, 12, 19, 13, 0]",3,0.10286828181565001,-50,168,7,0.253606237816764,218,1
396,"(1,18)",,False,34,"[5, 16, 13, 1, 18]",4,0.11130604288499,-52,168,8,0.213060428849902,220,1
397,"(1,18)",,False,34,"[5, 16, 13, 1, 18]",4,0.11130604288499,-52,168,8,0.213060428849902,220,1
398,"(13,11)",,False,36,"[13, 10, 18, 0, 11]",5,0.131968810916179,-54,168,8,0.187037037037037,222,1
399,"(13,11)",,False,36,"[13, 10, 18, 0, 11]",5,0.131968810916179,-54,168,8,0.187037037037037,222,1
400,"(4,1)",,True,38,"[14, 4, 11, 2, 1]",5,0.079643553327763,-56,168,9,0.207811194653299,224,1
401,"(4,1)",,True,38,"[14, 4, 11, 2, 1]",5,0.079643553327763,-56,168,9,0.207811194653299,224,1
402,"(8,1)",,False,38,"[8, 14, 0, 1, 7]",5,0.070467836257309,-58,168,10,0.24239766081871303,226,1
403,"(8,1)",,False,38,"[8, 14, 0, 1, 7]",5,0.070467836257309,-58,168,10,0.24239766081871303,226,1
404,"(19,0)",,True,35,"[19, 7, 0, 11, 6]",4,0.041715399610136004,-60,168,8,0.22933723196881,228,1
405,"(19,0)",,True,35,"[19, 7, 0, 11, 6]",4,0.041715399610136004,-60,168,8,0.22933723196881,228,1
406,"(12,18)",,False,37,"[12, 15, 6, 18, 16]",5,0.135964912280701,-62,168,8,0.258576998050682,230,1
407,"(12,18)",,False,37,"[12, 15, 6, 18, 16]",5,0.135964912280701,-62,168,8,0.258576998050682,230,1
408,"(17,0)",,False,35,"[3, 5, 17, 0, 14]",4,0.11442495126705601,-64,168,7,0.20536062378167602,232,1
409,"(17,0)",,False,35,"[3, 5, 17, 0, 14]",4,0.11442495126705601,-64,168,7,0.20536062378167602,232,1
410,"(1,9)",,False,37,"[7, 1, 9, 8, 14]",4,0.025536062378167003,-66,168,8,0.20249234196602603,234,1
411,"(1,9)",,False,37,"[7, 1, 9, 8, 14]",4,0.025536062378167003,-66,168,8,0.20249234196602603,234,1
412,5:8,assassinate,True,35,"[3, 5, 12, 2, 14]",5,0.06194653299916401,-68,168,8,0.17712336396546902,236,1
413,5:8,assassinate,True,35,"[3, 5, 12, 2, 14]",5,0.06194653299916401,-68,168,8,0.17712336396546902,236,1
414,"(4,5)",,False,38,"[17, 4, 10, 13, 5]",5,0.059844054580896006,-70,168,8,0.171588693957114,238,1
415,"(4,5)",,False,38,"[17, 4, 10, 13, 5]",5,0.059844054580896006,-70,168,8,0.171588693957114,238,1
416,"(16,14)",,False,36,"[12, 7, 4, 16, 14]",5,0.06598440545808901,-72,168,8,0.208333333333333,240,1
417,"(16,14)",,False,36,"[12, 7, 4, 16, 14]",5,0.06598440545808901,-72,168,8,0.208333333333333,240,1
418,"(2,12)",,False,38,"[8, 2, 9, 14, 12]",5,0.07183235867446301,-74,168,8,0.20648148148148102,242,1
419,"(2,12)",,False,38,"[8, 2, 9, 14, 12]",5,0.07183235867446301,-74,168,8,0.20648148148148102,242,1
420,"(12,2)",,True,38,"[13, 12, 4, 2, 5]",6,0.08586744639376201,-76,168,8,0.189522417153996,244,1
421,"(12,2)",,True,38,"[13, 12, 4, 2, 5]",6,0.08586744639376201,-76,168,8,0.189522417153996,244,1
422,"(0,8)",,True,36,"[2, 11, 19, 0, 8]",5,0.07183235867446301,-78,168,8,0.22002923976608102,246,1
423,"(0,8)",,True,36,"[2, 11, 19, 0, 8]",5,0.07183235867446301,-78,168,8,0.22002923976608102,246,1
424,"(3,9)",,False,36,"[3, 14, 8, 11, 9]",5,0.046296296296296,-80,168,8,0.23859649122807003,248,1
425,"(3,9)",,False,36,"[3, 14, 8, 11, 9]",5,0.046296296296296,-80,168,8,0.23859649122807003,248,1
426,14:8,assassinate,True,33,"[5, 14, 8, 7, 0]",5,0.035672514619883,-82,168,8,0.21066555277081503,250,1
427,14:8,assassinate,True,33,"[5, 14, 8, 7, 0]",5,0.035672514619883,-82,168,8,0.21066555277081503,250,1
428,"(9,6)",,False,33,"[15, 3, 7, 9, 6]",5,0.025341130604288,-84,168,7,0.177527151211361,252,1
429,"(9,6)",,False,33,"[15, 3, 7, 9, 6]",5,0.025341130604288,-84,168,7,0.177527151211361,252,1
430,"(1,8)",,False,33,"[1, 13, 0, 18, 8]",5,0.026315789473684,-86,168,7,0.165357839042049,254,1
431,"(1,8)",,False,33,"[1, 13, 0, 18, 8]",5,0.026315789473684,-86,168,7,0.165357839042049,254,1
432,"(13,19)",,True,33,"[3, 13, 19, 5, 15]",5,0.026072124756335004,-88,168,7,0.16516290726817,256,1
433,"(13,19)",,True,33,"[3, 13, 19, 5, 15]",5,0.026072124756335004,-88,168,7,0.16516290726817,256,1
434,"(1,5)",,False,35,"[7, 1, 5, 0, 18]",5,0.025292397660818002,-90,168,8,0.19440267335004102,258,1
435,"(1,5)",,False,35,"[7, 1, 5, 0, 18]",5,0.025292397660818002,-90,168,8,0.19440267335004102,258,1
436,"(2,7)",,False,35,"[5, 2, 7, 17, 15]",5,0.066624895572263,-92,168,7,0.16318574213311002,260,1
437,"(2,7)",,False,35,"[5, 2, 7, 17, 15]",5,0.066624895572263,-92,168,7,0.16318574213311002,260,1
438,"(18,19)",,False,35,"[18, 3, 15, 5, 19]",5,0.035185185185185,-94,168,6,0.09459760512392,262,1
439,"(18,19)",,False,35,"[18, 3, 15, 5, 19]",5,0.035185185185185,-94,168,6,0.09459760512392,262,1
440,"(1,11)",,False,37,"[18, 1, 12, 2, 11]",5,0.028752436647173002,-96,168,7,0.094305207463102,264,1
441,"(1,11)",,False,37,"[18, 1, 12, 2, 11]",5,0.028752436647173002,-96,168,7,0.094305207463102,264,1
442,6:10,assassinate,True,33,"[2, 6, 18, 5, 11]",5,0.029239766081871003,-98,168,7,0.09605495219530301,266,1
443,6:10,assassinate,True,33,"[2, 6, 18, 5, 11]",5,0.029239766081871003,-98,168,7,0.09605495219530301,266,1
444,"(17,8)",,True,33,"[3, 0, 17, 12, 8]",5,0.029239766081871003,-100,168,7,0.09605495219530301,268,1
445,"(17,8)",,True,33,"[3, 0, 17, 12, 8]",5,0.029239766081871003,-100,168,7,0.09605495219530301,268,1
446,"(6,16)",,True,35,"[3, 6, 16, 7, 18]",6,0.138401559454191,-100,169,7,0.17186948853615502,269,1
447,"(6,16)",,True,35,"[3, 6, 16, 7, 18]",6,0.138401559454191,-100,169,7,0.17186948853615502,269,1
448,"(14,6)",,False,37,"[14, 4, 10, 15, 6]",6,0.10097465886939501,-98,171,7,0.092021720969089,269,1
449,"(14,6)",,False,37,"[14, 4, 10, 15, 6]",6,0.10097465886939501,-98,171,7,0.092021720969089,269,1
450,"(19,14)",,False,37,"[19, 12, 5, 13, 14]",6,0.082943469785575,-98,172,7,0.08582103406664801,270,1
451,"(19,14)",,False,37,"[19, 12, 5, 13, 14]",6,0.082943469785575,-98,172,7,0.08582103406664801,270,1
452,14:6,assassinate,True,35,"[15, 13, 10, 12, 14]",5,0.042007797270955,-98,173,7,0.075619604566972,271,1
453,14:6,assassinate,True,35,"[15, 13, 10, 12, 14]",5,0.042007797270955,-98,173,7,0.075619604566972,271,1
454,"(1,17)",,True,38,"[1, 9, 0, 17, 11]",5,0.031286549707602,-100,173,8,0.07361459203564401,273,1
455,"(1,17)",,True,38,"[1, 9, 0, 17, 11]",5,0.031286549707602,-100,173,8,0.07361459203564401,273,1
456,"(18,12)",,True,38,"[7, 18, 10, 0, 12]",5,0.030701754385964,-102,173,8,0.07468671679197901,275,1
457,"(18,12)",,True,38,"[7, 18, 10, 0, 12]",5,0.030701754385964,-102,173,8,0.07468671679197901,275,1
458,"(8,4)",,True,38,"[12, 17, 8, 0, 4]",5,0.031871345029239,-104,173,8,0.067836257309941,277,1
459,"(8,4)",,True,38,"[12, 17, 8, 0, 4]",5,0.031871345029239,-104,173,8,0.067836257309941,277,1
460,"(5,8)",,False,41,"[5, 7, 9, 10, 8]",7,0.12174881648565801,-102,175,8,0.07284878863826201,277,1
461,"(5,8)",,False,41,"[5, 7, 9, 10, 8]",7,0.12174881648565801,-102,175,8,0.07284878863826201,277,1
462,19:8,assassinate,True,38,"[12, 14, 2, 19, 10]",6,0.060266406757634006,-100,177,8,0.039993502274204,277,1
463,19:8,assassinate,True,38,"[12, 14, 2, 19, 10]",6,0.060266406757634006,-100,177,8,0.039993502274204,277,1
464,"(17,14)",,False,40,"[17, 14, 5, 13, 10]",7,0.09567901234567901,-98,179,8,0.042170240415854,277,1
465,"(17,14)",,False,40,"[17, 14, 5, 13, 10]",7,0.09567901234567901,-98,179,8,0.042170240415854,277,1
466,"(2,16)",,False,40,"[8, 7, 2, 4, 16]",7,0.098700454840805,-96,181,8,0.049382716049382006,277,1
467,"(2,16)",,False,40,"[8, 7, 2, 4, 16]",7,0.098700454840805,-96,181,8,0.049382716049382006,277,1
468,"(9,13)",,False,42,"[9, 13, 10, 12, 14]",7,0.10589436554348801,-94,183,8,0.04508957579133,277,1
469,"(9,13)",,False,42,"[9, 13, 10, 12, 14]",7,0.10589436554348801,-94,183,8,0.04508957579133,277,1
470,"(11,8)",,False,42,"[11, 8, 18, 15, 19]",8,0.13972895200965302,-92,185,8,0.052065348556576005,277,1
471,"(11,8)",,False,42,"[11, 8, 18, 15, 19]",8,0.13972895200965302,-92,185,8,0.052065348556576005,277,1
472,4:8,assassinate,True,37,"[9, 4, 8, 7, 19]",7,0.14564188248398702,-90,187,8,0.07056530214424901,277,1
473,4:8,assassinate,True,37,"[9, 4, 8, 7, 19]",7,0.14564188248398702,-90,187,8,0.07056530214424901,277,1
474,"(19,1)",,False,39,"[19, 11, 0, 2, 1]",7,0.15536758563074302,-88,189,9,0.141353383458646,277,1
475,"(19,1)",,False,39,"[19, 11, 0, 2, 1]",7,0.15536758563074302,-88,189,9,0.141353383458646,277,1
476,"(3,1)",,True,39,"[3, 11, 1, 2, 13]",7,0.140455304928989,-88,190,9,0.1744917850181,278,1
477,"(3,1)",,True,39,"[3, 11, 1, 2, 13]",7,0.140455304928989,-88,190,9,0.1744917850181,278,1
478,11:12,assassinate,True,34,"[8, 18, 16, 12, 11]",7,0.157755499860763,-86,192,8,0.15469228627123302,278,1
479,11:12,assassinate,True,34,"[8, 18, 16, 12, 11]",7,0.157755499860763,-86,192,8,0.15469228627123302,278,1
480,"(0,9)",,False,32,"[6, 17, 2, 0, 9]",6,0.149642625081221,-86,193,8,0.183495776478232,279,1
481,"(0,9)",,False,32,"[6, 17, 2, 0, 9]",6,0.149642625081221,-86,193,8,0.183495776478232,279,1
482,"(0,13)",,False,32,"[0, 7, 4, 18, 13]",6,0.154058758006126,-86,194,8,0.194319131161236,280,1
483,"(0,13)",,False,32,"[0, 7, 4, 18, 13]",6,0.154058758006126,-86,194,8,0.194319131161236,280,1
484,"(10,1)",,False,35,"[10, 1, 7, 9, 8]",8,0.21230158730158702,-84,196,9,0.21177248677248603,280,1
485,"(10,1)",,False,35,"[10, 1, 7, 9, 8]",8,0.21230158730158702,-84,196,9,0.21177248677248603,280,1
486,5:4,assassinate,True,34,"[12, 3, 19, 5, 7]",8,0.2411514898357,-82,198,9,0.21654831523252502,280,1
487,5:4,assassinate,True,34,"[12, 3, 19, 5, 7]",8,0.2411514898357,-82,198,9,0.21654831523252502,280,1
488,"(13,3)",,False,34,"[16, 13, 12, 8, 3]",8,0.23900724032302903,-80,200,9,0.194228627123363,280,1
489,"(13,3)",,False,34,"[16, 13, 12, 8, 3]",8,0.23900724032302903,-80,200,9,0.194228627123363,280,1
490,"(7,1)",,False,34,"[7, 15, 17, 0, 1]",8,0.235623781676413,-78,202,9,0.16349902534113,280,1
491,"(7,1)",,False,34,"[7, 15, 17, 0, 1]",8,0.235623781676413,-78,202,9,0.16349902534113,280,1
492,"(11,1)",,False,36,"[15, 11, 10, 1, 19]",8,0.287524366471734,-76,204,10,0.270955165692007,280,1
493,"(11,1)",,False,36,"[15, 11, 10, 1, 19]",8,0.287524366471734,-76,204,10,0.270955165692007,280,1
494,"(1,5)",,True,35,"[1, 5, 15, 0, 16]",8,0.351656920077972,-74,206,9,0.272774528914879,280,1
495,"(1,5)",,True,35,"[1, 5, 15, 0, 16]",8,0.351656920077972,-74,206,9,0.272774528914879,280,1
496,"(5,15)",,False,36,"[12, 17, 7, 5, 15]",8,0.35038986354775803,-72,208,9,0.25220922677063,280,1
497,"(5,15)",,False,36,"[12, 17, 7, 5, 15]",8,0.35038986354775803,-72,208,9,0.25220922677063,280,1
498,"(4,17)",,False,36,"[3, 19, 4, 17, 9]",8,0.29956140350877103,-70,210,8,0.20375243664717302,280,1
499,"(4,17)",,False,36,"[3, 19, 4, 17, 9]",8,0.29956140350877103,-70,210,8,0.20375243664717302,280,1
500,"(6,0)",,False,34,"[6, 5, 11, 0, 13]",7,0.26959064327485305,-68,212,8,0.22309941520467802,280,1
501,"(6,0)",,False,34,"[6, 5, 11, 0, 13]",7,0.26959064327485305,-68,212,8,0.22309941520467802,280,1
502,16:4,assassinate,True,33,"[17, 8, 16, 0, 18]",7,0.24892787524366403,-66,214,8,0.18187134502923902,280,1
503,16:4,assassinate,True,33,"[17, 8, 16, 0, 18]",7,0.24892787524366403,-66,214,8,0.18187134502923902,280,1
504,"(1,16)",,False,35,"[9, 1, 16, 5, 12]",7,0.26744639376218304,-66,215,9,0.275243664717348,281,1
505,"(1,16)",,False,35,"[9, 1, 16, 5, 12]",7,0.26744639376218304,-66,215,9,0.275243664717348,281,1
506,"(1,10)",,True,35,"[9, 2, 3, 1, 10]",7,0.1953216374269,-66,216,9,0.26812865497076,282,1
507,"(1,10)",,True,35,"[9, 2, 3, 1, 10]",7,0.1953216374269,-66,216,9,0.26812865497076,282,1
508,"(0,10)",,False,35,"[0, 10, 8, 6, 5]",7,0.21949317738791402,-66,217,9,0.29895572263993303,283,1
509,"(0,10)",,False,35,"[0, 10, 8, 6, 5]",7,0.21949317738791402,-66,217,9,0.29895572263993303,283,1
510,"(19,1)",,True,37,"[19, 8, 18, 3, 1]",7,0.199658869395711,-68,217,10,0.32112921191868504,285,1
511,"(19,1)",,True,37,"[19, 8, 18, 3, 1]",7,0.199658869395711,-68,217,10,0.32112921191868504,285,1
512,"(2,0)",,False,38,"[2, 5, 19, 4, 0]",8,0.23008447043534702,-70,217,10,0.292820012995451,287,1
513,"(2,0)",,False,38,"[2, 5, 19, 4, 0]",8,0.23008447043534702,-70,217,10,0.292820012995451,287,1
514,7:10,assassinate,True,35,"[15, 5, 10, 8, 7]",7,0.189181286549707,-72,217,10,0.326608187134502,289,1
515,7:10,assassinate,True,35,"[15, 5, 10, 8, 7]",7,0.189181286549707,-72,217,10,0.326608187134502,289,1
516,4:4,assassinate,True,34,"[16, 13, 19, 4, 15]",7,0.16520467836257302,-74,217,10,0.28411306042884904,291,1
517,4:4,assassinate,True,34,"[16, 13, 19, 4, 15]",7,0.16520467836257302,-74,217,10,0.28411306042884904,291,1
518,6:8,assassinate,True,29,"[5, 6, 10, 1, 0]",6,0.134502923976608,-76,217,9,0.196393762183235,293,1
519,6:8,assassinate,True,29,"[5, 6, 10, 1, 0]",6,0.134502923976608,-76,217,9,0.196393762183235,293,1
520,"(2,1)",,False,29,"[17, 2, 1, 8, 18]",6,0.134502923976608,-78,217,9,0.196393762183235,295,1
521,"(2,1)",,False,29,"[17, 2, 1, 8, 18]",6,0.134502923976608,-78,217,9,0.196393762183235,295,1
522,"(0,16)",,False,27,"[18, 0, 4, 9, 16]",5,0.10721247563352801,-78,218,8,0.14766081871345002,296,1
523,"(0,16)",,False,27,"[18, 0, 4, 9, 16]",5,0.10721247563352801,-78,218,8,0.14766081871345002,296,1
524,"(10,16)",,False,29,"[10, 11, 14, 7, 16]",5,0.122807017543859,-78,219,8,0.18469785575048703,297,1
525,"(10,16)",,False,29,"[10, 11, 14, 7, 16]",5,0.122807017543859,-78,219,8,0.18469785575048703,297,1
526,"(1,12)",,False,31,"[10, 1, 12, 13, 2]",5,0.09454191033138401,-80,219,9,0.17982456140350803,299,1
527,"(1,12)",,False,31,"[10, 1, 12, 13, 2]",5,0.09454191033138401,-80,219,9,0.17982456140350803,299,1
528,"(1,6)",,False,33,"[13, 1, 6, 3, 11]",5,0.100389863547758,-82,219,10,0.23245614035087703,301,1
529,"(1,6)",,False,33,"[13, 1, 6, 3, 11]",5,0.100389863547758,-82,219,10,0.23245614035087703,301,1
530,14:4,assassinate,True,29,"[18, 11, 17, 14, 10]",4,0.039636127355425,-84,219,8,0.196556205328135,303,1
531,14:4,assassinate,True,29,"[18, 11, 17, 14, 10]",4,0.039636127355425,-84,219,8,0.196556205328135,303,1
532,"(5,4)",,False,29,"[5, 11, 4, 15, 19]",4,0.057653392741112,-86,219,7,0.21621646709366002,305,1
533,"(5,4)",,False,29,"[5, 11, 4, 15, 19]",4,0.057653392741112,-86,219,7,0.21621646709366002,305,1
534,2:8,assassinate,True,26,"[10, 2, 1, 5, 8]",4,0.12850877192982402,-88,219,7,0.280673906989696,307,1
535,2:8,assassinate,True,26,"[10, 2, 1, 5, 8]",4,0.12850877192982402,-88,219,7,0.280673906989696,307,1
536,"(9,18)",,False,24,"[9, 10, 18, 12, 17]",4,0.13500417710944002,-90,219,7,0.275856307435254,309,1
537,"(9,18)",,False,24,"[9, 10, 18, 12, 17]",4,0.13500417710944002,-90,219,7,0.275856307435254,309,1
538,"(9,0)",,True,22,"[12, 5, 13, 9, 0]",3,0.10185185185185101,-92,219,6,0.268810916179337,311,1
539,"(9,0)",,True,22,"[12, 5, 13, 9, 0]",3,0.10185185185185101,-92,219,6,0.268810916179337,311,1
540,"(18,3)",,False,23,"[0, 18, 3, 5, 12]",3,0.18489278752436603,-94,219,6,0.33157894736842103,313,1
541,"(18,3)",,False,23,"[0, 18, 3, 5, 12]",3,0.18489278752436603,-94,219,6,0.33157894736842103,313,1
542,"(16,10)",,False,23,"[16, 0, 13, 10, 5]",3,0.17768031189083802,-96,219,6,0.338206627680311,315,1
543,"(16,10)",,False,23,"[16, 0, 13, 10, 5]",3,0.17768031189083802,-96,219,6,0.338206627680311,315,1
544,"(1,17)",,False,25,"[1, 0, 17, 5, 10]",4,0.19161793372319602,-98,219,7,0.362865497076023,317,1
545,"(1,17)",,False,25,"[1, 0, 17, 5, 10]",4,0.19161793372319602,-98,219,7,0.362865497076023,317,1
546,11:12,assassinate,True,21,"[11, 12, 15, 5, 4]",3,0.167836257309941,-100,219,7,0.367836257309941,319,1
547,11:12,assassinate,True,21,"[11, 12, 15, 5, 4]",3,0.167836257309941,-100,219,7,0.367836257309941,319,1
548,"(3,17)",,False,21,"[9, 15, 3, 17, 13]",3,0.16569200779727,-102,219,7,0.34307992202729004,321,1
549,"(3,17)",,False,21,"[9, 15, 3, 17, 13]",3,0.16569200779727,-102,219,7,0.34307992202729004,321,1
550,13:8,assassinate,True,18,"[13, 18, 10, 15, 8]",3,0.154970760233918,-104,219,7,0.34990253411306005,323,1
551,13:8,assassinate,True,18,"[13, 18, 10, 15, 8]",3,0.154970760233918,-104,219,7,0.34990253411306005,323,1
552,"(2,3)",,True,20,"[14, 2, 4, 7, 3]",3,0.08333333333333301,-106,219,7,0.29970760233918103,325,1
553,"(2,3)",,True,20,"[14, 2, 4, 7, 3]",3,0.08333333333333301,-106,219,7,0.29970760233918103,325,1
554,"(11,3)",,True,22,"[15, 11, 16, 3, 14]",3,0.08596491228070101,-108,219,7,0.349707602339181,327,1
555,"(11,3)",,True,22,"[15, 11, 16, 3, 14]",3,0.08596491228070101,-108,219,7,0.349707602339181,327,1
556,"(4,12)",,False,23,"[5, 16, 4, 11, 12]",3,0.08479532163742601,-110,219,7,0.336062378167641,329,1
557,"(4,12)",,False,23,"[5, 16, 4, 11, 12]",3,0.08479532163742601,-110,219,7,0.336062378167641,329,1
558,"(18,8)",,False,21,"[13, 5, 18, 8, 7]",3,0.092592592592592,-112,219,6,0.35867446393762104,331,1
559,"(18,8)",,False,21,"[13, 5, 18, 8, 7]",3,0.092592592592592,-112,219,6,0.35867446393762104,331,1
560,"(19,2)",,False,24,"[19, 10, 15, 2, 7]",5,0.251461988304093,-114,219,6,0.37719298245614,333,1
561,"(19,2)",,False,24,"[19, 10, 15, 2, 7]",5,0.251461988304093,-114,219,6,0.37719298245614,333,1
562,"(9,14)",,False,24,"[3, 9, 11, 4, 14]",5,0.18421052631578902,-116,219,6,0.32358674463937603,335,1
563,"(9,14)",,False,24,"[3, 9, 11, 4, 14]",5,0.18421052631578902,-116,219,6,0.32358674463937603,335,1
564,9:10,assassinate,True,20,"[9, 17, 6, 11, 3]",5,0.18713450292397601,-118,219,6,0.373294346978557,337,1
565,9:10,assassinate,True,20,"[9, 17, 6, 11, 3]",5,0.18713450292397601,-118,219,6,0.373294346978557,337,1
566,"(14,5)",,False,22,"[15, 14, 13, 5, 2]",6,0.167153996101364,-120,219,6,0.280701754385964,339,1
567,"(14,5)",,False,22,"[15, 14, 13, 5, 2]",6,0.167153996101364,-120,219,6,0.280701754385964,339,1
568,13:2,assassinate,True,22,"[13, 11, 4, 16, 6]",5,0.07982456140350801,-122,219,6,0.237621832358674,341,1
569,13:2,assassinate,True,22,"[13, 11, 4, 16, 6]",5,0.07982456140350801,-122,219,6,0.237621832358674,341,1
570,"(7,1)",,True,24,"[7, 1, 2, 5, 0]",5,0.08401559454191,-124,219,7,0.316179337231968,343,1
571,"(7,1)",,True,24,"[7, 1, 2, 5, 0]",5,0.08401559454191,-124,219,7,0.316179337231968,343,1
572,"(17,9)",,False,23,"[17, 8, 9, 14, 6]",5,0.096491228070175,-126,219,5,0.17787524366471702,345,1
573,"(17,9)",,False,23,"[17, 8, 9, 14, 6]",5,0.096491228070175,-126,219,5,0.17787524366471702,345,1
574,8:6,assassinate,True,22,"[8, 6, 4, 12, 11]",5,0.140350877192982,-128,219,5,0.16179337231968802,347,1
575,8:6,assassinate,True,22,"[8, 6, 4, 12, 11]",5,0.140350877192982,-128,219,5,0.16179337231968802,347,1
576,"(0,16)",,True,22,"[17, 15, 0, 1, 16]",4,0.057504873294346004,-128,220,5,0.18128654970760202,348,1
577,"(0,16)",,True,22,"[17, 15, 0, 1, 16]",4,0.057504873294346004,-128,220,5,0.18128654970760202,348,1
578,"(12,14)",,False,24,"[4, 12, 2, 14, 10]",4,0.09064327485380101,-130,220,5,0.22222222222222202,350,1
579,"(12,14)",,False,24,"[4, 12, 2, 14, 10]",4,0.09064327485380101,-130,220,5,0.22222222222222202,350,1
580,"(18,7)",,True,24,"[18, 7, 16, 9, 14]",4,0.057504873294346004,-132,220,5,0.167641325536062,352,1
581,"(18,7)",,True,24,"[18, 7, 16, 9, 14]",4,0.057504873294346004,-132,220,5,0.167641325536062,352,1
582,"(1,16)",,False,24,"[11, 1, 3, 13, 16]",4,0.060038986354775004,-134,220,5,0.193372319688109,354,1
583,"(1,16)",,False,24,"[11, 1, 3, 13, 16]",4,0.060038986354775004,-134,220,5,0.193372319688109,354,1
584,"(1,11)",,False,26,"[1, 16, 11, 17, 9]",4,0.061821219715956006,-136,220,6,0.23475355054302402,356,1
585,"(1,11)",,False,26,"[1, 16, 11, 17, 9]",4,0.061821219715956006,-136,220,6,0.23475355054302402,356,1
586,"(10,1)",,True,27,"[17, 10, 1, 16, 18]",4,0.09434697855750401,-138,220,7,0.261403508771929,358,1
587,"(10,1)",,True,27,"[17, 10, 1, 16, 18]",4,0.09434697855750401,-138,220,7,0.261403508771929,358,1
588,"(18,13)",,False,29,"[18, 13, 5, 19, 4]",4,0.108771929824561,-140,220,7,0.311890838206627,360,1
589,"(18,13)",,False,29,"[18, 13, 5, 19, 4]",4,0.108771929824561,-140,220,7,0.311890838206627,360,1
590,"(14,1)",,False,31,"[14, 0, 1, 16, 5]",4,0.062865497076023,-142,220,8,0.295808966861598,362,1
591,"(14,1)",,False,31,"[14, 0, 1, 16, 5]",4,0.062865497076023,-142,220,8,0.295808966861598,362,1
592,"(1,4)",,True,33,"[10, 1, 6, 18, 4]",4,0.038693957115009,-144,220,9,0.304970760233918,364,1
593,"(1,4)",,True,33,"[10, 1, 6, 18, 4]",4,0.038693957115009,-144,220,9,0.304970760233918,364,1
594,"(8,1)",,False,33,"[8, 0, 15, 1, 12]",4,0.06150097465886901,-146,220,9,0.36520467836257303,366,1
595,"(8,1)",,False,33,"[8, 0, 15, 1, 12]",4,0.06150097465886901,-146,220,9,0.36520467836257303,366,1
596,"(5,19)",,False,35,"[11, 4, 5, 19, 10]",4,0.0317738791423,-148,220,9,0.329142300194931,368,1
597,"(5,19)",,False,35,"[11, 4, 5, 19, 10]",4,0.0317738791423,-148,220,9,0.329142300194931,368,1
598,3:14,assassinate,True,28,"[18, 7, 17, 16, 3]",3,0.0,-150,220,9,0.353313840155945,370,1
599,3:14,assassinate,True,28,"[18, 7, 17, 16, 3]",3,0.0,-150,220,9,0.353313840155945,370,1
600,"(19,5)",,False,30,"[19, 7, 5, 4, 13]",4,0.046783625730994004,-152,220,9,0.41179337231968804,372,1
601,"(19,5)",,False,30,"[19, 7, 5, 4, 13]",4,0.046783625730994004,-152,220,9,0.41179337231968804,372,1
602,"(9,12)",,True,30,"[9, 17, 0, 11, 12]",4,0.046783625730994004,-154,220,9,0.41179337231968804,374,1
603,"(9,12)",,True,30,"[9, 17, 0, 11, 12]",4,0.046783625730994004,-154,220,9,0.41179337231968804,374,1
604,"(14,12)",,False,30,"[14, 3, 12, 0, 11]",4,0.046783625730994004,-156,220,9,0.44931773879142206,376,1
605,"(14,12)",,False,30,"[14, 3, 12, 0, 11]",4,0.046783625730994004,-156,220,9,0.44931773879142206,376,1
606,14:14,assassinate,True,25,"[13, 14, 8, 17, 7]",3,0.043859649122807,-158,220,8,0.42592592592592504,378,1
607,14:14,assassinate,True,25,"[13, 14, 8, 17, 7]",3,0.043859649122807,-158,220,8,0.42592592592592504,378,1
608,"(3,16)",,False,27,"[6, 3, 16, 15, 4]",3,0.021442495126705003,-160,220,8,0.41910331384015503,380,1
609,"(3,16)",,False,27,"[6, 3, 16, 15, 4]",3,0.021442495126705003,-160,220,8,0.41910331384015503,380,1
610,"(14,1)",,True,29,"[14, 0, 1, 13, 4]",3,0.024366471734892002,-162,220,9,0.48635477582846004,382,1
611,"(14,1)",,True,29,"[14, 0, 1, 13, 4]",3,0.024366471734892002,-162,220,9,0.48635477582846004,382,1
612,2:6,assassinate,True,26,"[0, 7, 16, 2, 13]",3,0.021442495126705003,-164,220,9,0.40740740740740705,384,1
613,2:6,assassinate,True,26,"[0, 7, 16, 2, 13]",3,0.021442495126705003,-164,220,9,0.40740740740740705,384,1
614,"(6,12)",,False,28,"[6, 18, 12, 0, 15]",4,0.070175438596491,-166,220,9,0.49317738791423005,386,1
615,"(6,12)",,False,28,"[6, 18, 12, 0, 15]",4,0.070175438596491,-166,220,9,0.49317738791423005,386,1
616,"(1,19)",,False,30,"[18, 17, 1, 19, 3]",4,0.037037037037037,-168,220,10,0.513352826510721,388,1
617,"(1,19)",,False,30,"[18, 17, 1, 19, 3]",4,0.037037037037037,-168,220,10,0.513352826510721,388,1
618,11:4,assassinate,True,29,"[4, 15, 6, 11, 17]",4,0.027777777777777003,-170,220,10,0.44658869395711404,390,1
619,11:4,assassinate,True,29,"[4, 15, 6, 11, 17]",4,0.027777777777777003,-170,220,10,0.44658869395711404,390,1
620,"(4,11)",,True,32,"[4, 8, 19, 11, 9]",4,0.030214424951267003,-172,220,10,0.37261208576998,392,1
621,"(4,11)",,True,32,"[4, 8, 19, 11, 9]",4,0.030214424951267003,-172,220,10,0.37261208576998,392,1
622,"(0,4)",,False,32,"[0, 8, 14, 2, 4]",4,0.048732943469785,-174,220,10,0.43196881091617906,394,1
623,"(0,4)",,False,32,"[0, 8, 14, 2, 4]",4,0.048732943469785,-174,220,10,0.43196881091617906,394,1
624,3:8,assassinate,True,29,"[19, 0, 11, 15, 3]",4,0.048732943469785,-176,220,10,0.442397660818713,396,1
625,3:8,assassinate,True,29,"[19, 0, 11, 15, 3]",4,0.048732943469785,-176,220,10,0.442397660818713,396,1
626,"(3,1)",,True,31,"[4, 3, 5, 1, 7]",4,0.054580896686159,-178,220,11,0.47651072124756305,398,1
627,"(3,1)",,True,31,"[4, 3, 5, 1, 7]",4,0.054580896686159,-178,220,11,0.47651072124756305,398,1
628,13:6,assassinate,True,29,"[12, 19, 13, 18, 7]",4,0.015204678362573,-180,220,11,0.43021442495126605,400,1
629,13:6,assassinate,True,29,"[12, 19, 13, 18, 7]",4,0.015204678362573,-180,220,11,0.43021442495126605,400,1
630,"(2,8)",,True,31,"[9, 2, 18, 8, 13]",4,0.014035087719298001,-182,220,11,0.447368421052631,402,1
631,"(2,8)",,True,31,"[9, 2, 18, 8, 13]",4,0.014035087719298001,-182,220,11,0.447368421052631,402,1
632,"(8,16)",,False,32,"[19, 8, 14, 7, 16]",4,0.014522417153996001,-184,220,11,0.45126705653021404,404,1
633,"(8,16)",,False,32,"[19, 8, 14, 7, 16]",4,0.014522417153996001,-184,220,11,0.45126705653021404,404,1
634,"(19,4)",,True,32,"[1, 17, 19, 4, 0]",5,0.055068226120857,-186,220,11,0.48518518518518505,406,1
635,"(19,4)",,True,32,"[1, 17, 19, 4, 0]",5,0.055068226120857,-186,220,11,0.48518518518518505,406,1
636,"(13,1)",,False,34,"[13, 15, 1, 0, 12]",6,0.107602339181286,-188,220,12,0.526413255360623,408,1
637,"(13,1)",,False,34,"[13, 15, 1, 0, 12]",6,0.107602339181286,-188,220,12,0.526413255360623,408,1
638,"(15,17)",,False,34,"[15, 4, 11, 12, 17]",7,0.2,-190,220,12,0.5324561403508771,410,1
639,"(15,17)",,False,34,"[15, 4, 11, 12, 17]",7,0.2,-190,220,12,0.5324561403508771,410,1
640,"(6,1)",,True,37,"[6, 1, 16, 7, 19]",7,0.13391812865497002,-192,220,13,0.5156920077972701,412,1
641,"(6,1)",,True,37,"[6, 1, 16, 7, 19]",7,0.13391812865497002,-192,220,13,0.5156920077972701,412,1
642,"(7,17)",,False,36,"[7, 8, 17, 13, 18]",7,0.110136452241715,-194,220,13,0.46929824561403505,414,1
643,"(7,17)",,False,36,"[7, 8, 17, 13, 18]",7,0.110136452241715,-194,220,13,0.46929824561403505,414,1
644,"(6,18)",,False,37,"[6, 10, 0, 11, 18]",7,0.16374269005847902,-196,220,13,0.505847953216374,416,1
645,"(6,18)",,False,37,"[6, 10, 0, 11, 18]",7,0.16374269005847902,-196,220,13,0.505847953216374,416,1
646,"(16,9)",,True,35,"[16, 9, 13, 8, 14]",7,0.160916179337231,-198,220,12,0.41510721247563304,418,1
647,"(16,9)",,True,35,"[16, 9, 13, 8, 14]",7,0.160916179337231,-198,220,12,0.41510721247563304,418,1
648,"(10,7)",,False,35,"[5, 19, 10, 7, 9]",7,0.163840155945419,-200,220,11,0.396101364522417,420,1
649,"(10,7)",,False,35,"[5, 19, 10, 7, 9]",7,0.163840155945419,-200,220,11,0.396101364522417,420,1
650,"(19,3)",,False,36,"[11, 19, 16, 12, 3]",7,0.14697855750487301,-202,220,11,0.36764132553606205,422,1
651,"(19,3)",,False,36,"[11, 19, 16, 12, 3]",7,0.14697855750487301,-202,220,11,0.36764132553606205,422,1
652,2:8,assassinate,True,33,"[3, 5, 17, 14, 2]",6,0.067251461988304,-204,220,11,0.310428849902534,424,1
653,2:8,assassinate,True,33,"[3, 5, 17, 14, 2]",6,0.067251461988304,-204,220,11,0.310428849902534,424,1
654,12:8,assassinate,True,30,"[13, 4, 10, 12, 7]",5,0.021442495126705003,-206,220,11,0.318713450292397,426,1
655,12:8,assassinate,True,30,"[13, 4, 10, 12, 7]",5,0.021442495126705003,-206,220,11,0.318713450292397,426,1
656,"(2,1)",,False,32,"[6, 8, 18, 2, 1]",5,0.021442495126705003,-208,220,12,0.39083820662768004,428,1
657,"(2,1)",,False,32,"[6, 8, 18, 2, 1]",5,0.021442495126705003,-208,220,12,0.39083820662768004,428,1
658,"(5,16)",,False,32,"[9, 5, 19, 10, 16]",6,0.046783625730994004,-210,220,12,0.38499025341130605,430,1
659,"(5,16)",,False,32,"[9, 5, 19, 10, 16]",6,0.046783625730994004,-210,220,12,0.38499025341130605,430,1
660,"(12,19)",,True,34,"[8, 12, 15, 9, 19]",6,0.060428849902534006,-212,220,12,0.42690058479532106,432,1
661,"(12,19)",,True,34,"[8, 12, 15, 9, 19]",6,0.060428849902534006,-212,220,12,0.42690058479532106,432,1
662,"(15,1)",,True,36,"[12, 4, 8, 15, 1]",6,0.060136452241715,-214,220,13,0.509161793372319,434,1
663,"(15,1)",,True,36,"[12, 4, 8, 15, 1]",6,0.060136452241715,-214,220,13,0.509161793372319,434,1
664,19:6,assassinate,True,32,"[14, 2, 15, 9, 19]",5,0.028947368421052003,-216,220,12,0.38830409356725104,436,1
665,19:6,assassinate,True,32,"[14, 2, 15, 9, 19]",5,0.028947368421052003,-216,220,12,0.38830409356725104,436,1
666,"(17,19)",,True,34,"[9, 17, 7, 11, 19]",5,0.028167641325536,-218,220,12,0.40818713450292304,438,1
667,"(17,19)",,True,34,"[9, 17, 7, 11, 19]",5,0.028167641325536,-218,220,12,0.40818713450292304,438,1
668,"(8,10)",,True,36,"[8, 14, 1, 0, 10]",6,0.10058479532163701,-220,220,12,0.332748538011695,440,1
669,"(8,10)",,True,36,"[8, 14, 1, 0, 10]",6,0.10058479532163701,-220,220,12,0.332748538011695,440,1
670,16:16,assassinate,True,29,"[16, 9, 14, 4, 15]",5,0.080116959064327,-222,220,11,0.34054580896686104,442,1
671,16:16,assassinate,True,29,"[16, 9, 14, 4, 15]",5,0.080116959064327,-222,220,11,0.34054580896686104,442,1
672,"(1,11)",,False,29,"[18, 1, 11, 14, 15]",5,0.071345029239766,-224,220,12,0.405847953216374,444,1
673,"(1,11)",,False,29,"[18, 1, 11, 14, 15]",5,0.071345029239766,-224,220,12,0.405847953216374,444,1
674,4:12,assassinate,True,24,"[9, 18, 19, 4, 5]",5,0.13645224171539902,-226,220,11,0.498050682261208,446,1
675,4:12,assassinate,True,24,"[9, 18, 19, 4, 5]",5,0.13645224171539902,-226,220,11,0.498050682261208,446,1
676,"(4,11)",,True,27,"[4, 9, 10, 11, 19]",5,0.150097465886939,-228,220,11,0.504873294346978,448,1
677,"(4,11)",,True,27,"[4, 9, 10, 11, 19]",5,0.150097465886939,-228,220,11,0.504873294346978,448,1
678,"(12,14)",,False,26,"[12, 19, 5, 6, 14]",5,0.185185185185185,-230,220,9,0.558479532163742,450,1
679,"(12,14)",,False,26,"[12, 19, 5, 6, 14]",5,0.185185185185185,-230,220,9,0.558479532163742,450,1
680,"(18,2)",,False,28,"[18, 14, 15, 19, 2]",5,0.149610136452241,-232,220,9,0.461500974658869,452,1
681,"(18,2)",,False,28,"[18, 14, 15, 19, 2]",5,0.149610136452241,-232,220,9,0.461500974658869,452,1
682,"(4,3)",,True,27,"[6, 15, 4, 14, 3]",5,0.156432748538011,-234,220,7,0.400097465886939,454,1
683,"(4,3)",,True,27,"[6, 15, 4, 14, 3]",5,0.156432748538011,-234,220,7,0.400097465886939,454,1
684,18:6,assassinate,True,23,"[7, 2, 9, 3, 18]",4,0.11988304093567201,-236,220,6,0.304093567251461,456,1
685,18:6,assassinate,True,23,"[7, 2, 9, 3, 18]",4,0.11988304093567201,-236,220,6,0.304093567251461,456,1
686,16:2,assassinate,True,22,"[17, 9, 16, 7, 5]",3,0.033973823447507004,-238,220,5,0.15747702589807802,458,1
687,16:2,assassinate,True,22,"[17, 9, 16, 7, 5]",3,0.033973823447507004,-238,220,5,0.15747702589807802,458,1
688,"(1,18)",,True,24,"[1, 10, 18, 11, 13]",3,0.039431913116123006,-240,220,6,0.221804511278195,460,1
689,"(1,18)",,True,24,"[1, 10, 18, 11, 13]",3,0.039431913116123006,-240,220,6,0.221804511278195,460,1
690,"(4,2)",,False,25,"[12, 4, 15, 2, 9]",3,0.028460038986354002,-242,220,6,0.20896686159844002,462,1
691,"(4,2)",,False,25,"[12, 4, 15, 2, 9]",3,0.028460038986354002,-242,220,6,0.20896686159844002,462,1
692,"(1,13)",,False,27,"[1, 5, 8, 15, 13]",3,0.036062378167641004,-244,220,7,0.27290448343079904,464,1
693,"(1,13)",,False,27,"[1, 5, 8, 15, 13]",3,0.036062378167641004,-244,220,7,0.27290448343079904,464,1
694,"(13,16)",,False,29,"[13, 16, 10, 3, 15]",4,0.14912280701754302,-246,220,7,0.408382066276803,466,1
695,"(13,16)",,False,29,"[13, 16, 10, 3, 15]",4,0.14912280701754302,-246,220,7,0.408382066276803,466,1
696,"(3,1)",,True,31,"[15, 3, 0, 4, 1]",4,0.133089668615984,-248,220,8,0.41583820662768,468,1
697,"(3,1)",,True,31,"[15, 3, 0, 4, 1]",4,0.133089668615984,-248,220,8,0.41583820662768,468,1
698,"(3,15)",,True,31,"[8, 3, 15, 4, 16]",4,0.14090318388564002,-250,220,8,0.46221572449642606,470,1
699,"(3,15)",,True,31,"[8, 3, 15, 4, 16]",4,0.14090318388564002,-250,220,8,0.46221572449642606,470,1
700,"(9,14)",,False,34,"[17, 9, 11, 14, 15]",4,0.13499025341130602,-252,220,8,0.406140350877192,472,1
701,"(9,14)",,False,34,"[17, 9, 11, 14, 15]",4,0.13499025341130602,-252,220,8,0.406140350877192,472,1
702,"(4,11)",,False,34,"[8, 18, 17, 4, 11]",4,0.13645224171539902,-254,220,8,0.335672514619882,474,1
703,"(4,11)",,False,34,"[8, 18, 17, 4, 11]",4,0.13645224171539902,-254,220,8,0.335672514619882,474,1
704,"(6,0)",,False,34,"[11, 6, 5, 0, 12]",3,0.030019493177387002,-256,220,8,0.242690058479532,476,1
705,"(6,0)",,False,34,"[11, 6, 5, 0, 12]",3,0.030019493177387002,-256,220,8,0.242690058479532,476,1
706,"(8,13)",,True,34,"[9, 0, 8, 13, 3]",3,0.021943748259537002,-258,220,7,0.17933723196881002,478,1
707,"(8,13)",,True,34,"[9, 0, 8, 13, 3]",3,0.021943748259537002,-258,220,7,0.17933723196881002,478,1
708,"(5,7)",,False,32,"[5, 19, 15, 3, 7]",3,0.029629629629629003,-260,220,6,0.154970760233918,480,1
709,"(5,7)",,False,32,"[5, 19, 15, 3, 7]",3,0.029629629629629003,-260,220,6,0.154970760233918,480,1
710,"(10,11)",,False,32,"[15, 0, 10, 11, 18]",3,0.027290448343079,-262,220,6,0.14619883040935602,482,1
711,"(10,11)",,False,32,"[15, 0, 10, 11, 18]",3,0.027290448343079,-262,220,6,0.14619883040935602,482,1
712,"(14,2)",,False,30,"[8, 14, 6, 13, 2]",3,0.030604288499025002,-264,220,5,0.14912280701754302,484,1
713,"(14,2)",,False,30,"[8, 14, 6, 13, 2]",3,0.030604288499025002,-264,220,5,0.14912280701754302,484,1
714,17:14,assassinate,True,22,"[17, 10, 13, 4, 6]",3,0.062085769980506,-266,220,4,0.12446393762183201,486,1
715,17:14,assassinate,True,22,"[17, 10, 13, 4, 6]",3,0.062085769980506,-266,220,4,0.12446393762183201,486,1
716,"(11,18)",,True,24,"[15, 11, 18, 10, 16]",3,0.02943469785575,-268,220,4,0.081091617933723,488,1
717,"(11,18)",,True,24,"[15, 11, 18, 10, 16]",3,0.02943469785575,-268,220,4,0.081091617933723,488,1
718,"(9,8)",,True,24,"[9, 13, 2, 8, 14]",3,0.06091617933723101,-270,220,4,0.136939571150097,490,1
719,"(9,8)",,True,24,"[9, 13, 2, 8, 14]",3,0.06091617933723101,-270,220,4,0.136939571150097,490,1
720,"(1,9)",,True,24,"[1, 9, 16, 15, 17]",3,0.055555555555555004,-270,221,4,0.10721247563352801,491,1
721,"(1,9)",,True,24,"[1, 9, 16, 15, 17]",3,0.055555555555555004,-270,221,4,0.10721247563352801,491,1
722,"(1,3)",,True,26,"[1, 18, 3, 13, 4]",3,0.044444444444444,-272,221,5,0.17300194931773802,493,1
723,"(1,3)",,True,26,"[1, 18, 3, 13, 4]",3,0.044444444444444,-272,221,5,0.17300194931773802,493,1
724,"(17,9)",,False,28,"[17, 9, 3, 12, 8]",3,0.07126148705096001,-274,221,5,0.17160957950431602,495,1
725,"(17,9)",,False,28,"[17, 9, 3, 12, 8]",3,0.07126148705096001,-274,221,5,0.17160957950431602,495,1
726,2:12,assassinate,True,23,"[2, 19, 17, 3, 6]",2,0.041520467836257006,-276,221,4,0.188986354775828,497,1
727,2:12,assassinate,True,23,"[2, 19, 17, 3, 6]",2,0.041520467836257006,-276,221,4,0.188986354775828,497,1
728,"(4,7)",,False,23,"[13, 4, 19, 7, 17]",2,0.011695906432748001,-278,221,4,0.123781676413255,499,1
729,"(4,7)",,False,23,"[13, 4, 19, 7, 17]",2,0.011695906432748001,-278,221,4,0.123781676413255,499,1
730,"(18,15)",,True,25,"[18, 0, 6, 16, 15]",2,0.011695906432748001,-280,221,4,0.110038986354775,501,1
731,"(18,15)",,True,25,"[18, 0, 6, 16, 15]",2,0.011695906432748001,-280,221,4,0.110038986354775,501,1
732,5:14,assassinate,True,19,"[5, 8, 10, 2, 17]",1,0.0,-282,221,4,0.19688109161793302,503,1
733,5:14,assassinate,True,19,"[5, 8, 10, 2, 17]",1,0.0,-282,221,4,0.19688109161793302,503,1
734,"(16,11)",,True,21,"[16, 18, 5, 13, 11]",1,0.0,-284,221,4,0.19883040935672502,505,1
735,"(16,11)",,True,21,"[16, 18, 5, 13, 11]",1,0.0,-284,221,4,0.19883040935672502,505,1
736,"(6,9)",,False,23,"[6, 9, 0, 3, 15]",1,0.0,-286,221,4,0.22222222222222202,507,1
737,"(6,9)",,False,23,"[6, 9, 0, 3, 15]",1,0.0,-286,221,4,0.22222222222222202,507,1
738,14:8,assassinate,True,20,"[11, 0, 14, 19, 7]",2,0.06432748538011601,-288,221,4,0.307017543859649,509,1
739,14:8,assassinate,True,20,"[11, 0, 14, 19, 7]",2,0.06432748538011601,-288,221,4,0.307017543859649,509,1
740,"(1,10)",,False,22,"[11, 1, 10, 4, 12]",2,0.052631578947368,-290,221,5,0.23391812865497003,511,1
741,"(1,10)",,False,22,"[11, 1, 10, 4, 12]",2,0.052631578947368,-290,221,5,0.23391812865497003,511,1
742,"(14,10)",,True,24,"[14, 15, 10, 17, 0]",2,0.043859649122807,-292,221,5,0.15107212475633502,513,1
743,"(14,10)",,True,24,"[14, 15, 10, 17, 0]",2,0.043859649122807,-292,221,5,0.15107212475633502,513,1
744,"(2,1)",,True,26,"[17, 15, 8, 2, 1]",2,0.049707602339181006,-294,221,6,0.242690058479532,515,1
745,"(2,1)",,True,26,"[17, 15, 8, 2, 1]",2,0.049707602339181006,-294,221,6,0.242690058479532,515,1
746,"(2,5)",,False,28,"[10, 2, 5, 7, 12]",2,0.046783625730994004,-296,221,6,0.321637426900584,517,1
747,"(2,5)",,False,28,"[10, 2, 5, 7, 12]",2,0.046783625730994004,-296,221,6,0.321637426900584,517,1
748,"(0,13)",,True,28,"[17, 0, 12, 18, 13]",1,0.0,-298,221,6,0.207602339181286,519,1
749,"(0,13)",,True,28,"[17, 0, 12, 18, 13]",1,0.0,-298,221,6,0.207602339181286,519,1
750,"(17,3)",,True,30,"[4, 19, 2, 17, 3]",1,0.0,-300,221,6,0.19103313840155903,521,1
751,"(17,3)",,True,30,"[4, 19, 2, 17, 3]",1,0.0,-300,221,6,0.19103313840155903,521,1
752,9:14,assassinate,True,22,"[4, 17, 9, 11, 10]",1,0.0,-302,221,5,0.22222222222222202,523,1
753,9:14,assassinate,True,22,"[4, 17, 9, 11, 10]",1,0.0,-302,221,5,0.22222222222222202,523,1
754,"(14,12)",,True,22,"[14, 6, 10, 18, 12]",1,0.0,-304,221,5,0.23976608187134502,525,1
755,"(14,12)",,True,22,"[14, 6, 10, 18, 12]",1,0.0,-304,221,5,0.23976608187134502,525,1
756,"(13,17)",,True,24,"[2, 13, 17, 14, 16]",1,0.0,-306,221,5,0.23976608187134502,527,1
757,"(13,17)",,True,24,"[2, 13, 17, 14, 16]",1,0.0,-306,221,5,0.23976608187134502,527,1
758,"(4,2)",,False,26,"[4, 11, 7, 19, 2]",2,0.034113060428849006,-308,221,5,0.299220272904483,529,1
759,"(4,2)",,False,26,"[4, 11, 7, 19, 2]",2,0.034113060428849006,-308,221,5,0.299220272904483,529,1
760,"(5,6)",,True,26,"[5, 6, 12, 4, 3]",2,0.040448343079922004,-310,221,5,0.35038986354775803,531,1
761,"(5,6)",,True,26,"[5, 6, 12, 4, 3]",2,0.040448343079922004,-310,221,5,0.35038986354775803,531,1
762,"(13,0)",,False,24,"[3, 13, 0, 19, 8]",1,0.0,-312,221,4,0.070175438596491,533,1
763,"(13,0)",,False,24,"[3, 13, 0, 19, 8]",1,0.0,-312,221,4,0.070175438596491,533,1
764,"(2,14)",,True,26,"[2, 14, 5, 0, 15]",1,0.0,-314,221,4,0.09356725146198801,535,1
765,"(2,14)",,True,26,"[2, 14, 5, 0, 15]",1,0.0,-314,221,4,0.09356725146198801,535,1
766,"(4,7)",,False,26,"[4, 7, 15, 0, 14]",1,0.0,-316,221,4,0.09356725146198801,537,1
767,"(4,7)",,False,26,"[4, 7, 15, 0, 14]",1,0.0,-316,221,4,0.09356725146198801,537,1
768,"(19,16)",,True,26,"[19, 14, 13, 16, 7]",1,0.0,-318,221,4,0.09941520467836201,539,1
769,"(19,16)",,True,26,"[19, 14, 13, 16, 7]",1,0.0,-318,221,4,0.09941520467836201,539,1
770,"(13,9)",,True,28,"[13, 6, 0, 9, 2]",1,0.0,-320,221,4,0.105263157894736,541,1
771,"(13,9)",,True,28,"[13, 6, 0, 9, 2]",1,0.0,-320,221,4,0.105263157894736,541,1
772,"(13,8)",,False,26,"[13, 8, 14, 10, 7]",0,-0.001,-322,221,3,0.0,543,1
773,"(13,8)",,False,26,"[13, 8, 14, 10, 7]",0,-0.001,-322,221,3,0.0,543,1
774,"(0,3)",,False,26,"[0, 13, 12, 16, 3]",0,-0.001,-323,221,3,0.0,544,1
775,"(0,3)",,False,26,"[0, 13, 12, 16, 3]",0,-0.001,-323,221,3,0.0,544,1
776,"(3,7)",,True,28,"[3, 7, 9, 8, 15]",0,-0.001,-325,221,3,0.0,546,1
777,"(3,7)",,True,28,"[3, 7, 9, 8, 15]",0,-0.001,-325,221,3,0.0,546,1
778,"(19,17)",,False,30,"[19, 17, 5, 14, 6]",0,-0.001,-327,221,3,0.0,548,1
779,"(19,17)",,False,30,"[19, 17, 5, 14, 6]",0,-0.001,-327,221,3,0.0,548,1
780,"(14,10)",,True,30,"[14, 10, 0, 12, 15]",0,-0.001,-329,221,3,0.0,550,1
781,"(14,10)",,True,30,"[14, 10, 0, 12, 15]",0,-0.001,-329,221,3,0.0,550,1
782,"(10,5)",,False,32,"[10, 5, 7, 6, 13]",0,-0.001,-331,221,3,0.0,552,1
783,"(10,5)",,False,32,"[10, 5, 7, 6, 13]",0,-0.001,-331,221,3,0.0,552,1
784,"(11,3)",,False,32,"[11, 3, 19, 4, 13]",0,-0.001,-333,221,3,0.007797270955165,554,1
785,"(11,3)",,False,32,"[11, 3, 19, 4, 13]",0,-0.001,-333,221,3,0.007797270955165,554,1
786,10:10,assassinate,True,28,"[13, 10, 8, 2, 16]",0,-0.001,-335,221,2,0.011695906432748001,556,1
787,10:10,assassinate,True,28,"[13, 10, 8, 2, 16]",0,-0.001,-335,221,2,0.011695906432748001,556,1
788,"(17,10)",,False,30,"[2, 12, 17, 10, 6]",0,-0.001,-337,221,2,0.012865497076023,558,1
789,"(17,10)",,False,30,"[2, 12, 17, 10, 6]",0,-0.001,-337,221,2,0.012865497076023,558,1
790,"(1,5)",,False,32,"[7, 18, 1, 5, 14]",0,-0.001,-339,221,3,0.046978557504873,560,1
791,"(1,5)",,False,32,"[7, 18, 1, 5, 14]",0,-0.001,-339,221,3,0.046978557504873,560,1
792,"(3,16)",,False,34,"[3, 15, 6, 16, 2]",0,-0.001,-341,221,3,0.044834307992202005,562,1
793,"(3,16)",,False,34,"[3, 15, 6, 16, 2]",0,-0.001,-341,221,3,0.044834307992202005,562,1
794,"(0,1)",,False,37,"[3, 0, 1, 4, 16]",1,0.0,-343,221,4,0.12120579225842301,564,1
795,"(0,1)",,False,37,"[3, 0, 1, 4, 16]",1,0.0,-343,221,4,0.12120579225842301,564,1
796,13:10,assassinate,True,34,"[13, 16, 18, 10, 17]",3,0.032163742690058006,-343,222,4,0.037385129490392,565,1
797,13:10,assassinate,True,34,"[13, 16, 18, 10, 17]",3,0.032163742690058006,-343,222,4,0.037385129490392,565,1
798,"(14,1)",,False,34,"[14, 11, 6, 5, 1]",3,0.044346978557504003,-341,224,4,0.025536062378167003,565,1
799,"(14,1)",,False,34,"[14, 11, 6, 5, 1]",3,0.044346978557504003,-341,224,4,0.025536062378167003,565,1
