,actionDetail,actionType,bonusActivated,graphEdgeCount,nodeList,p1Degree,p1Score,p1WinAdvantage,p1WinCount,p2Degree,p2Score,p2WinCount,player
0,"(3,1)",,False,2,"[3, 8, 1, 4, 10]",0,-0.001,-1,0,1,0.0,1,1
1,"(3,1)",,False,2,"[3, 8, 1, 4, 10]",0,-0.001,-1,0,1,0.0,1,1
2,"(10,5)",,False,4,"[10, 5, 7, 18, 3]",0,-0.001,-3,0,1,0.0,3,1
3,"(10,5)",,False,4,"[10, 5, 7, 18, 3]",0,-0.001,-3,0,1,0.0,3,1
4,"(2,6)",,False,6,"[0, 2, 6, 4, 13]",0,-0.001,-5,0,1,0.0,5,1
5,"(2,6)",,False,6,"[0, 2, 6, 4, 13]",0,-0.001,-5,0,1,0.0,5,1
6,"(5,14)",,False,8,"[5, 14, 17, 10, 4]",0,-0.001,-7,0,1,0.0,7,1
7,"(5,14)",,False,8,"[5, 14, 17, 10, 4]",0,-0.001,-7,0,1,0.0,7,1
8,"(16,15)",,False,8,"[16, 15, 19, 3, 12]",0,-0.001,-7,0,0,-0.001,7,1
9,"(16,15)",,False,8,"[16, 15, 19, 3, 12]",0,-0.001,-7,0,0,-0.001,7,1
10,"(5,17)",,False,10,"[5, 17, 8, 12, 11]",0,-0.001,-7,0,0,-0.001,7,1
11,"(5,17)",,False,10,"[5, 17, 8, 12, 11]",0,-0.001,-7,0,0,-0.001,7,1
12,"(1,3)",,False,12,"[1, 3, 14, 15, 12]",0,-0.001,-8,0,1,0.0,8,1
13,"(1,3)",,False,12,"[1, 3, 14, 15, 12]",0,-0.001,-8,0,1,0.0,8,1
14,"(13,19)",,False,14,"[13, 19, 9, 16, 8]",0,-0.001,-10,0,1,0.0,10,1
15,"(13,19)",,False,14,"[13, 19, 9, 16, 8]",0,-0.001,-10,0,1,0.0,10,1
16,"(12,15)",,False,16,"[12, 15, 16, 17, 9]",0,-0.001,-12,0,1,0.0,12,1
17,"(12,15)",,False,16,"[12, 15, 16, 17, 9]",0,-0.001,-12,0,1,0.0,12,1
18,"(8,15)",,False,18,"[8, 15, 4, 6, 10]",0,-0.001,-14,0,1,0.0,14,1
19,"(8,15)",,False,18,"[8, 15, 4, 6, 10]",0,-0.001,-14,0,1,0.0,14,1
20,"(15,13)",,False,20,"[15, 13, 2, 4, 18]",0,-0.001,-16,0,1,0.0,16,1
21,"(15,13)",,False,20,"[15, 13, 2, 4, 18]",0,-0.001,-16,0,1,0.0,16,1
22,"(4,6)",,False,20,"[4, 6, 11, 17, 18]",0,-0.001,-18,0,1,0.0,18,1
23,"(4,6)",,False,20,"[4, 6, 11, 17, 18]",0,-0.001,-18,0,1,0.0,18,1
24,"(16,13)",,False,22,"[16, 13, 17, 4, 8]",1,0.0,-18,0,1,0.0,18,1
25,"(16,13)",,False,22,"[16, 13, 17, 4, 8]",1,0.0,-18,0,1,0.0,18,1
26,"(2,5)",,False,22,"[2, 5, 8, 11, 14]",1,0.0,-18,0,1,0.0,18,1
27,"(2,5)",,False,22,"[2, 5, 8, 11, 14]",1,0.0,-18,0,1,0.0,18,1
28,"(0,5)",,False,22,"[2, 0, 10, 13, 5]",0,-0.001,-19,0,1,0.0,19,1
29,"(0,5)",,False,22,"[2, 0, 10, 13, 5]",0,-0.001,-19,0,1,0.0,19,1
30,"(16,8)",,False,24,"[16, 0, 8, 15, 17]",1,0.0,-19,0,1,0.0,19,1
31,"(16,8)",,False,24,"[16, 0, 8, 15, 17]",1,0.0,-19,0,1,0.0,19,1
32,"(8,6)",,False,26,"[8, 6, 13, 12, 2]",1,0.0,-19,0,1,0.0,19,1
33,"(8,6)",,False,26,"[8, 6, 13, 12, 2]",1,0.0,-19,0,1,0.0,19,1
34,"(13,11)",,False,28,"[13, 11, 6, 3, 19]",1,0.0,-19,0,1,0.0,19,1
35,"(13,11)",,False,28,"[13, 11, 6, 3, 19]",1,0.0,-19,0,1,0.0,19,1
36,"(2,9)",,False,30,"[2, 9, 6, 11, 13]",1,0.0,-19,0,1,0.0,19,1
37,"(2,9)",,False,30,"[2, 9, 6, 11, 13]",1,0.0,-19,0,1,0.0,19,1
38,"(12,4)",,False,32,"[12, 4, 15, 10, 18]",1,0.0,-19,0,1,0.0,19,1
39,"(12,4)",,False,32,"[12, 4, 15, 10, 18]",1,0.0,-19,0,1,0.0,19,1
40,"(1,5)",,False,34,"[4, 18, 1, 0, 5]",2,0.023148148148148,-19,1,2,0.105263157894736,20,1
41,"(1,5)",,False,34,"[4, 18, 1, 0, 5]",2,0.023148148148148,-19,1,2,0.105263157894736,20,1
42,"(13,1)",,False,36,"[18, 15, 13, 14, 1]",2,0.013807667316439001,-21,1,3,0.059616634178037003,22,1
43,"(13,1)",,False,36,"[18, 15, 13, 14, 1]",2,0.013807667316439001,-21,1,3,0.059616634178037003,22,1
44,"(3,7)",,False,38,"[10, 11, 3, 7, 19]",2,0.010233918128654,-23,1,3,0.05029239766081801,24,1
45,"(3,7)",,False,38,"[10, 11, 3, 7, 19]",2,0.010233918128654,-23,1,3,0.05029239766081801,24,1
46,"(2,3)",,False,40,"[2, 14, 3, 13, 16]",2,0.009649122807017001,-25,1,3,0.051461988304093,26,1
47,"(2,3)",,False,40,"[2, 14, 3, 13, 16]",2,0.009649122807017001,-25,1,3,0.051461988304093,26,1
48,"(0,12)",,False,40,"[6, 10, 0, 12, 18]",1,0.0,-27,1,3,0.045711500974658,28,1
49,"(0,12)",,False,40,"[6, 10, 0, 12, 18]",1,0.0,-27,1,3,0.045711500974658,28,1
50,"(19,1)",,False,42,"[15, 8, 3, 19, 1]",1,0.0,-29,1,4,0.066081871345029,30,1
51,"(19,1)",,False,42,"[15, 8, 3, 19, 1]",1,0.0,-29,1,4,0.066081871345029,30,1
52,"(4,13)",,False,44,"[4, 14, 12, 2, 13]",1,0.0,-31,1,4,0.059746588693957006,32,1
53,"(4,13)",,False,44,"[4, 14, 12, 2, 13]",1,0.0,-31,1,4,0.059746588693957006,32,1
54,"(7,17)",,False,44,"[4, 7, 17, 9, 8]",1,0.0,-33,1,4,0.061890838206627004,34,1
55,"(7,17)",,False,44,"[4, 7, 17, 9, 8]",1,0.0,-33,1,4,0.061890838206627004,34,1
56,"(11,13)",,False,45,"[8, 11, 0, 13, 14]",1,0.0,-35,1,4,0.059704817599554004,36,1
57,"(11,13)",,False,45,"[8, 11, 0, 13, 14]",1,0.0,-35,1,4,0.059704817599554004,36,1
58,"(15,13)",,False,43,"[4, 17, 3, 15, 13]",1,0.0,-37,1,3,0.048927875243664,38,1
59,"(15,13)",,False,43,"[4, 17, 3, 15, 13]",1,0.0,-37,1,3,0.048927875243664,38,1
60,"(8,19)",,False,43,"[9, 8, 19, 0, 17]",1,0.0,-39,1,3,0.048927875243664,40,1
61,"(8,19)",,False,43,"[9, 8, 19, 0, 17]",1,0.0,-39,1,3,0.048927875243664,40,1
62,"(1,12)",,False,46,"[15, 0, 16, 1, 12]",3,0.027986633249791,-41,1,4,0.073851294903926,42,1
63,"(1,12)",,False,46,"[15, 0, 16, 1, 12]",3,0.027986633249791,-41,1,4,0.073851294903926,42,1
64,"(5,11)",,False,46,"[5, 19, 8, 11, 14]",3,0.025591757170704003,-43,1,3,0.055068226120857,44,1
65,"(5,11)",,False,46,"[5, 19, 8, 11, 14]",3,0.025591757170704003,-43,1,3,0.055068226120857,44,1
66,"(4,2)",,False,46,"[13, 3, 4, 9, 2]",3,0.024269005847953003,-45,1,2,0.029239766081871003,46,1
67,"(4,2)",,False,46,"[13, 3, 4, 9, 2]",3,0.024269005847953003,-45,1,2,0.029239766081871003,46,1
68,"(13,9)",,False,44,"[13, 7, 9, 12, 3]",3,0.027011974380395,-45,2,2,0.027290448343079,47,1
69,"(13,9)",,False,44,"[13, 7, 9, 12, 3]",3,0.027011974380395,-45,2,2,0.027290448343079,47,1
70,"(1,8)",,False,46,"[15, 1, 19, 8, 17]",3,0.027986633249791,-43,4,3,0.027541074909495002,47,1
71,"(1,8)",,False,46,"[15, 1, 19, 8, 17]",3,0.027986633249791,-43,4,3,0.027541074909495002,47,1
72,"(9,14)",,False,46,"[9, 14, 5, 15, 3]",3,0.031676413255360004,-41,6,3,0.027833472570314002,47,1
73,"(9,14)",,False,46,"[9, 14, 5, 15, 3]",3,0.031676413255360004,-41,6,3,0.027833472570314002,47,1
74,"(9,5)",,False,48,"[6, 9, 16, 0, 5]",3,0.030701754385964,-39,8,3,0.027615334632878002,47,1
75,"(9,5)",,False,48,"[6, 9, 16, 0, 5]",3,0.030701754385964,-39,8,3,0.027615334632878002,47,1
76,"(6,3)",,False,48,"[17, 0, 6, 3, 16]",3,0.029239766081871003,-37,10,3,0.014503852223150001,47,1
77,"(6,3)",,False,48,"[17, 0, 6, 3, 16]",3,0.029239766081871003,-37,10,3,0.014503852223150001,47,1
78,"(18,19)",,False,48,"[9, 5, 18, 19, 8]",4,0.04401977165135,-35,12,3,0.027473777035180003,47,1
79,"(18,19)",,False,48,"[9, 5, 18, 19, 8]",4,0.04401977165135,-35,12,3,0.027473777035180003,47,1
80,"(6,14)",,False,50,"[18, 9, 6, 10, 14]",4,0.039789288034902004,-33,14,3,0.003374387146316,47,1
81,"(6,14)",,False,50,"[18, 9, 6, 10, 14]",4,0.039789288034902004,-33,14,3,0.003374387146316,47,1
82,"(11,2)",,False,52,"[15, 11, 2, 8, 10]",4,0.031010396361273004,-31,16,3,0.003374387146316,47,1
83,"(11,2)",,False,52,"[15, 11, 2, 8, 10]",4,0.031010396361273004,-31,16,3,0.003374387146316,47,1
84,"(13,7)",,False,52,"[14, 13, 7, 16, 10]",4,0.029304743339831,-29,18,3,0.003374387146316,47,1
85,"(13,7)",,False,52,"[14, 13, 7, 16, 10]",4,0.029304743339831,-29,18,3,0.003374387146316,47,1
86,"(19,5)",,False,50,"[19, 17, 5, 18, 10]",4,0.031481481481481,-27,20,3,0.013742690058479001,47,1
87,"(19,5)",,False,50,"[19, 17, 5, 18, 10]",4,0.031481481481481,-27,20,3,0.013742690058479001,47,1
88,"(6,8)",,False,48,"[2, 6, 7, 8, 16]",4,0.033723196881091,-25,22,3,0.017831827042353,47,1
89,"(6,8)",,False,48,"[2, 6, 7, 8, 16]",4,0.033723196881091,-25,22,3,0.017831827042353,47,1
90,"(7,9)",,False,46,"[17, 19, 18, 7, 9]",4,0.037524366471734,-23,24,3,0.022862712336396,47,1
91,"(7,9)",,False,46,"[17, 19, 18, 7, 9]",4,0.037524366471734,-23,24,3,0.022862712336396,47,1
92,"(3,1)",,False,48,"[3, 14, 2, 11, 1]",4,0.036712150747238,-21,26,4,0.035925672767778,47,1
93,"(3,1)",,False,48,"[3, 14, 2, 11, 1]",4,0.036712150747238,-21,26,4,0.035925672767778,47,1
94,"(12,7)",,False,48,"[12, 0, 14, 7, 5]",4,0.032358674463937004,-19,28,3,0.024473431052378,47,1
95,"(12,7)",,False,48,"[12, 0, 14, 7, 5]",4,0.032358674463937004,-19,28,3,0.024473431052378,47,1
96,"(11,3)",,False,48,"[11, 3, 6, 2, 8]",4,0.032024505708716004,-17,30,3,0.019860045737238003,47,1
97,"(11,3)",,False,48,"[11, 3, 6, 2, 8]",4,0.032024505708716004,-17,30,3,0.019860045737238003,47,1
98,"(1,13)",,False,48,"[2, 1, 6, 13, 12]",4,0.032894736842105005,-15,32,3,0.022577276524644002,47,1
99,"(1,13)",,False,48,"[2, 1, 6, 13, 12]",4,0.032894736842105005,-15,32,3,0.022577276524644002,47,1
100,"(1,9)",,False,48,"[0, 1, 9, 2, 16]",4,0.032894736842105005,-15,33,4,0.046010860484544,48,1
101,"(1,9)",,False,48,"[0, 1, 9, 2, 16]",4,0.032894736842105005,-15,33,4,0.046010860484544,48,1
102,"(4,5)",,False,50,"[7, 4, 10, 5, 17]",4,0.017413905133203,-17,33,4,0.043590457625545004,50,1
103,"(4,5)",,False,50,"[7, 4, 10, 5, 17]",4,0.017413905133203,-17,33,4,0.043590457625545004,50,1
104,"(16,1)",,False,52,"[16, 19, 17, 1, 14]",5,0.03625730994152,-19,33,5,0.058625730994152005,52,1
105,"(16,1)",,False,52,"[16, 19, 17, 1, 14]",5,0.03625730994152,-19,33,5,0.058625730994152005,52,1
106,"(9,6)",,False,52,"[9, 7, 15, 1, 6]",5,0.036062378167641004,-21,33,5,0.068052074631021,54,1
107,"(9,6)",,False,52,"[9, 7, 15, 1, 6]",5,0.036062378167641004,-21,33,5,0.068052074631021,54,1
108,"(11,14)",,False,52,"[17, 7, 11, 2, 14]",5,0.036004362758748,-23,33,5,0.064473684210526,56,1
109,"(11,14)",,False,52,"[17, 7, 11, 2, 14]",5,0.036004362758748,-23,33,5,0.064473684210526,56,1
110,"(1,4)",,False,52,"[1, 4, 16, 19, 15]",5,0.031966490299823,-25,33,5,0.060783904204956,58,1
111,"(1,4)",,False,52,"[1, 4, 16, 19, 15]",5,0.031966490299823,-25,33,5,0.060783904204956,58,1
112,"(1,12)",,False,54,"[5, 14, 1, 12, 3]",5,0.032639469042977,-27,33,6,0.07034948482316901,60,1
113,"(1,12)",,False,54,"[5, 14, 1, 12, 3]",5,0.032639469042977,-27,33,6,0.07034948482316901,60,1
114,"(2,13)",,False,54,"[4, 2, 9, 13, 19]",5,0.034611992945326006,-29,33,6,0.06810840231892801,62,1
115,"(2,13)",,False,54,"[4, 2, 9, 13, 19]",5,0.034611992945326006,-29,33,6,0.06810840231892801,62,1
116,"(8,4)",,False,56,"[8, 12, 10, 4, 9]",6,0.046339673971252,-31,33,6,0.06262665210033601,64,1
117,"(8,4)",,False,56,"[8, 12, 10, 4, 9]",6,0.046339673971252,-31,33,6,0.06262665210033601,64,1
118,"(19,1)",,False,58,"[19, 5, 12, 1, 2]",7,0.062016784385205005,-31,34,7,0.080008101060732,65,1
119,"(19,1)",,False,58,"[19, 5, 12, 1, 2]",7,0.062016784385205005,-31,34,7,0.080008101060732,65,1
120,"(3,0)",,False,58,"[3, 17, 0, 13, 15]",7,0.052610401294611,-33,34,7,0.08185781080517901,67,1
121,"(3,0)",,False,58,"[3, 17, 0, 13, 15]",7,0.052610401294611,-33,34,7,0.08185781080517901,67,1
122,"(16,1)",,False,60,"[16, 12, 1, 17, 6]",8,0.063963570542517,-35,34,8,0.09536634962331501,69,1
123,"(16,1)",,False,60,"[16, 12, 1, 17, 6]",8,0.063963570542517,-35,34,8,0.09536634962331501,69,1
124,"(16,0)",,False,58,"[17, 16, 11, 9, 0]",7,0.052834738361054005,-35,35,7,0.070254550517708,70,1
125,"(16,0)",,False,58,"[17, 16, 11, 9, 0]",7,0.052834738361054005,-35,35,7,0.070254550517708,70,1
126,"(8,19)",,False,58,"[3, 8, 19, 17, 2]",8,0.065757828915723,-37,35,7,0.081662489557226,72,1
127,"(8,19)",,False,58,"[3, 8, 19, 17, 2]",8,0.065757828915723,-37,35,7,0.081662489557226,72,1
128,"(10,4)",,False,58,"[10, 19, 12, 7, 4]",8,0.072984228247386,-39,35,7,0.086890838206627,74,1
129,"(10,4)",,False,58,"[10, 19, 12, 7, 4]",8,0.072984228247386,-39,35,7,0.086890838206627,74,1
130,"(19,14)",,False,58,"[19, 14, 5, 11, 6]",8,0.072984228247386,-41,35,7,0.086890838206627,76,1
131,"(19,14)",,False,58,"[19, 14, 5, 11, 6]",8,0.072984228247386,-41,35,7,0.086890838206627,76,1
132,"(13,15)",,False,60,"[13, 2, 10, 15, 12]",9,0.10185185185185101,-39,37,7,0.07962962962962901,76,1
133,"(13,15)",,False,60,"[13, 2, 10, 15, 12]",9,0.10185185185185101,-39,37,7,0.07962962962962901,76,1
134,"(13,0)",,False,60,"[5, 10, 13, 7, 0]",8,0.081516923622186,-37,39,7,0.074707602339181,76,1
135,"(13,0)",,False,60,"[5, 10, 13, 7, 0]",8,0.081516923622186,-37,39,7,0.074707602339181,76,1
136,"(15,9)",,False,60,"[12, 15, 7, 19, 9]",8,0.067084020592792,-35,41,6,0.053206377767781005,76,1
137,"(15,9)",,False,60,"[12, 15, 7, 19, 9]",8,0.067084020592792,-35,41,6,0.053206377767781005,76,1
138,"(1,11)",,False,62,"[1, 4, 18, 13, 11]",9,0.072995620364041,-35,42,7,0.074105913579597,77,1
139,"(1,11)",,False,62,"[1, 4, 18, 13, 11]",9,0.072995620364041,-35,42,7,0.074105913579597,77,1
140,"(1,9)",,False,64,"[3, 11, 1, 8, 9]",9,0.06659536045500901,-35,43,8,0.085519775870653,78,1
141,"(1,9)",,False,64,"[3, 11, 1, 8, 9]",9,0.06659536045500901,-35,43,8,0.085519775870653,78,1
142,"(0,4)",,False,64,"[0, 8, 19, 4, 13]",8,0.043298059964726,-37,43,8,0.085482224078715,80,1
143,"(0,4)",,False,64,"[0, 8, 19, 4, 13]",8,0.043298059964726,-37,43,8,0.085482224078715,80,1
144,"(8,10)",,False,62,"[8, 10, 19, 17, 5]",8,0.04503548757934701,-39,43,7,0.06420145806110701,82,1
145,"(8,10)",,False,62,"[8, 10, 19, 17, 5]",8,0.04503548757934701,-39,43,7,0.06420145806110701,82,1
146,"(1,18)",,False,62,"[15, 16, 0, 1, 18]",8,0.051983412948325,-41,43,8,0.077669958371712,84,1
147,"(1,18)",,False,62,"[15, 16, 0, 1, 18]",8,0.051983412948325,-41,43,8,0.077669958371712,84,1
148,"(5,0)",,False,60,"[19, 5, 0, 17, 12]",7,0.03826696370556,-43,43,7,0.064321156426419,86,1
149,"(5,0)",,False,60,"[19, 5, 0, 17, 12]",7,0.03826696370556,-43,43,7,0.064321156426419,86,1
150,"(4,8)",,False,58,"[17, 4, 2, 6, 8]",7,0.04401977165135,-45,43,6,0.06113895850737901,88,1
151,"(4,8)",,False,58,"[17, 4, 2, 6, 8]",7,0.04401977165135,-45,43,6,0.06113895850737901,88,1
152,"(10,1)",,False,58,"[10, 16, 4, 0, 1]",7,0.044479675620026006,-47,43,6,0.05896686159844,90,1
153,"(10,1)",,False,58,"[10, 16, 4, 0, 1]",7,0.044479675620026006,-47,43,6,0.05896686159844,90,1
154,"(14,2)",,False,58,"[14, 2, 8, 17, 16]",7,0.051143982722930005,-49,43,6,0.062643983696615,92,1
155,"(14,2)",,False,58,"[14, 2, 8, 17, 16]",7,0.051143982722930005,-49,43,6,0.062643983696615,92,1
156,"(7,1)",,False,58,"[7, 1, 18, 4, 6]",7,0.050536695273537005,-49,44,6,0.064252170831118,93,1
157,"(7,1)",,False,58,"[7, 1, 18, 4, 6]",7,0.050536695273537005,-49,44,6,0.064252170831118,93,1
158,"(1,2)",,False,58,"[1, 19, 15, 2, 0]",7,0.050005063162957004,-49,45,6,0.069426723374091,94,1
159,"(1,2)",,False,58,"[1, 19, 15, 2, 0]",7,0.050005063162957004,-49,45,6,0.069426723374091,94,1
160,"(7,1)",,False,60,"[8, 7, 18, 4, 1]",7,0.049539803925768004,-51,45,7,0.080548236688587,96,1
161,"(7,1)",,False,60,"[8, 7, 18, 4, 1]",7,0.049539803925768004,-51,45,7,0.080548236688587,96,1
162,"(1,19)",,False,62,"[1, 12, 15, 19, 14]",7,0.048641725396111,-53,45,8,0.09481306542710001,98,1
163,"(1,19)",,False,62,"[1, 12, 15, 19, 14]",7,0.048641725396111,-53,45,8,0.09481306542710001,98,1
164,"(6,9)",,False,64,"[16, 6, 18, 15, 9]",8,0.07024041585445001,-55,45,8,0.077875243664717,100,1
165,"(6,9)",,False,64,"[16, 6, 18, 15, 9]",8,0.07024041585445001,-55,45,8,0.077875243664717,100,1
166,"(15,1)",,False,67,"[19, 16, 15, 2, 1]",10,0.116699155295646,-53,47,9,0.079564652371669,100,1
167,"(15,1)",,False,67,"[19, 16, 15, 2, 1]",10,0.116699155295646,-53,47,9,0.079564652371669,100,1
168,"(19,17)",,False,67,"[19, 9, 17, 10, 13]",10,0.11611435997400901,-51,49,8,0.052956465237166,100,1
169,"(19,17)",,False,67,"[19, 9, 17, 10, 13]",10,0.11611435997400901,-51,49,8,0.052956465237166,100,1
170,"(16,17)",,False,69,"[16, 7, 17, 8, 13]",11,0.131319038336582,-49,51,8,0.048570500324886,100,1
171,"(16,17)",,False,69,"[16, 7, 17, 8, 13]",11,0.131319038336582,-49,51,8,0.048570500324886,100,1
172,"(9,10)",,False,69,"[8, 9, 2, 10, 16]",11,0.12690058479532101,-47,53,7,0.038791423001949,100,1
173,"(9,10)",,False,69,"[8, 9, 2, 10, 16]",11,0.12690058479532101,-47,53,7,0.038791423001949,100,1
174,"(9,18)",,False,69,"[19, 2, 9, 12, 18]",11,0.123781676413255,-45,55,6,0.027322936972059002,100,1
175,"(9,18)",,False,69,"[19, 2, 9, 12, 18]",11,0.123781676413255,-45,55,6,0.027322936972059002,100,1
176,"(15,7)",,False,66,"[15, 18, 10, 8, 7]",11,0.136173767752715,-43,57,5,0.024074074074074,100,1
177,"(15,7)",,False,66,"[15, 18, 10, 8, 7]",11,0.136173767752715,-43,57,5,0.024074074074074,100,1
178,"(19,0)",,False,66,"[19, 0, 10, 2, 6]",10,0.115998329156223,-41,59,5,0.025048732943469,100,1
179,"(19,0)",,False,66,"[19, 0, 10, 2, 6]",10,0.115998329156223,-41,59,5,0.025048732943469,100,1
180,"(17,2)",,False,66,"[19, 18, 17, 2, 15]",10,0.10799220272904402,-39,61,4,0.016754850088183,100,1
181,"(17,2)",,False,66,"[19, 18, 17, 2, 15]",10,0.10799220272904402,-39,61,4,0.016754850088183,100,1
182,"(3,15)",,False,66,"[3, 19, 15, 8, 13]",10,0.10512392091339401,-37,63,4,0.016499582289055,100,1
183,"(3,15)",,False,66,"[3, 19, 15, 8, 13]",10,0.10512392091339401,-37,63,4,0.016499582289055,100,1
184,"(18,4)",,False,66,"[18, 4, 16, 12, 11]",10,0.09209133945976,-35,65,4,0.016146848602988,100,1
185,"(18,4)",,False,66,"[18, 4, 16, 12, 11]",10,0.09209133945976,-35,65,4,0.016146848602988,100,1
186,"(17,4)",,False,66,"[17, 4, 15, 11, 1]",10,0.07982456140350801,-33,67,4,0.015497076023391001,100,1
187,"(17,4)",,False,66,"[17, 4, 15, 11, 1]",10,0.07982456140350801,-33,67,4,0.015497076023391001,100,1
188,"(9,0)",,False,64,"[9, 14, 2, 19, 0]",9,0.07150747238466501,-31,69,4,0.015497076023391001,100,1
189,"(9,0)",,False,64,"[9, 14, 2, 19, 0]",9,0.07150747238466501,-31,69,4,0.015497076023391001,100,1
190,"(14,17)",,False,64,"[13, 8, 14, 17, 15]",9,0.079239766081871,-29,71,4,0.015497076023391001,100,1
191,"(14,17)",,False,64,"[13, 8, 14, 17, 15]",9,0.079239766081871,-29,71,4,0.015497076023391001,100,1
192,"(18,10)",,False,64,"[18, 8, 5, 7, 10]",9,0.07500000000000001,-27,73,4,0.014782326185834001,100,1
193,"(18,10)",,False,64,"[18, 8, 5, 7, 10]",9,0.07500000000000001,-27,73,4,0.014782326185834001,100,1
194,"(6,0)",,False,62,"[5, 6, 8, 0, 1]",8,0.066409078251183,-25,75,4,0.014782326185834001,100,1
195,"(6,0)",,False,62,"[5, 6, 8, 0, 1]",8,0.066409078251183,-25,75,4,0.014782326185834001,100,1
196,"(2,1)",,False,62,"[2, 17, 14, 1, 13]",8,0.07176970203285901,-23,77,5,0.020036201615148002,100,1
197,"(2,1)",,False,62,"[2, 17, 14, 1, 13]",8,0.07176970203285901,-23,77,5,0.020036201615148002,100,1
198,"(4,2)",,False,62,"[9, 18, 12, 4, 2]",8,0.060185185185185,-21,79,4,0.007755499860763001,100,1
199,"(4,2)",,False,62,"[9, 18, 12, 4, 2]",8,0.060185185185185,-21,79,4,0.007755499860763001,100,1
200,"(19,2)",,False,62,"[17, 4, 19, 13, 2]",8,0.06035655377760601,-19,81,4,0.010857514804883001,100,1
201,"(19,2)",,False,62,"[17, 4, 19, 13, 2]",8,0.06035655377760601,-19,81,4,0.010857514804883001,100,1
202,"(14,0)",,False,60,"[7, 14, 13, 0, 1]",7,0.052849359866903006,-17,83,4,0.010768909453119,100,1
203,"(14,0)",,False,60,"[7, 14, 13, 0, 1]",7,0.052849359866903006,-17,83,4,0.010768909453119,100,1
204,"(11,0)",,False,58,"[11, 1, 0, 18, 9]",6,0.033867075095145,-15,85,4,0.011507936507936,100,1
205,"(11,0)",,False,58,"[11, 1, 0, 18, 9]",6,0.033867075095145,-15,85,4,0.011507936507936,100,1
206,"(11,7)",,False,60,"[11, 0, 13, 7, 9]",6,0.031279798823658,-13,87,4,0.008864965443912,100,1
207,"(11,7)",,False,60,"[11, 0, 13, 7, 9]",6,0.031279798823658,-13,87,4,0.008864965443912,100,1
208,"(18,16)",,False,60,"[18, 11, 16, 2, 8]",6,0.030311890838206002,-11,89,4,0.009307992202729001,100,1
209,"(18,16)",,False,60,"[18, 11, 16, 2, 8]",6,0.030311890838206002,-11,89,4,0.009307992202729001,100,1
210,"(16,14)",,False,60,"[12, 15, 5, 16, 14]",6,0.029197994987468,-9,91,4,0.009307992202729001,100,1
211,"(16,14)",,False,60,"[12, 15, 5, 16, 14]",6,0.029197994987468,-9,91,4,0.009307992202729001,100,1
212,"(4,9)",,False,62,"[4, 9, 11, 5, 19]",6,0.028070175438596003,-7,93,4,0.008089668615984001,100,1
213,"(4,9)",,False,62,"[4, 9, 11, 5, 19]",6,0.028070175438596003,-7,93,4,0.008089668615984001,100,1
214,"(0,2)",,False,59,"[15, 0, 12, 7, 2]",5,0.023391812865497002,-5,95,4,0.0083402951824,100,1
215,"(0,2)",,False,59,"[15, 0, 12, 7, 2]",5,0.023391812865497002,-5,95,4,0.0083402951824,100,1
216,"(4,0)",,False,57,"[4, 9, 8, 16, 0]",4,0.017251461988304,-3,97,4,0.008632692843219,100,1
217,"(4,0)",,False,57,"[4, 9, 8, 16, 0]",4,0.017251461988304,-3,97,4,0.008632692843219,100,1
218,"(19,13)",,False,57,"[11, 12, 0, 19, 13]",4,0.017251461988304,-1,99,4,0.007910981156595,100,1
219,"(19,13)",,False,57,"[11, 12, 0, 19, 13]",4,0.017251461988304,-1,99,4,0.007910981156595,100,1
220,"(1,4)",,False,59,"[1, 5, 12, 4, 11]",4,0.016917293233082,-1,100,5,0.02584238373712,101,1
221,"(1,4)",,False,59,"[1, 5, 12, 4, 11]",4,0.016917293233082,-1,100,5,0.02584238373712,101,1
222,"(2,19)",,False,59,"[2, 9, 19, 16, 14]",5,0.029179430056623,1,102,5,0.028385779262972,101,1
223,"(2,19)",,False,59,"[2, 9, 19, 16, 14]",5,0.029179430056623,1,102,5,0.028385779262972,101,1
224,"(1,3)",,False,61,"[1, 15, 12, 3, 4]",5,0.026055880441845,1,103,6,0.040233418303593005,102,1
225,"(1,3)",,False,61,"[1, 15, 12, 3, 4]",5,0.026055880441845,1,103,6,0.040233418303593005,102,1
226,"(12,1)",,False,61,"[12, 5, 3, 6, 1]",5,0.033528265107212005,-1,103,7,0.051896154527733,104,1
227,"(12,1)",,False,61,"[12, 5, 3, 6, 1]",5,0.033528265107212005,-1,103,7,0.051896154527733,104,1
228,"(0,11)",,False,59,"[4, 14, 0, 12, 11]",4,0.015107212475633002,-1,104,7,0.054061078622482,105,1
229,"(0,11)",,False,59,"[4, 14, 0, 12, 11]",4,0.015107212475633002,-1,104,7,0.054061078622482,105,1
230,"(12,10)",,False,57,"[12, 6, 3, 11, 10]",4,0.017891952102478,-3,104,6,0.04209883683567801,107,1
231,"(12,10)",,False,57,"[12, 6, 3, 11, 10]",4,0.017891952102478,-3,104,6,0.04209883683567801,107,1
232,"(9,0)",,False,57,"[5, 19, 9, 0, 12]",4,0.017891952102478,-5,104,6,0.04209883683567801,109,1
233,"(9,0)",,False,57,"[5, 19, 9, 0, 12]",4,0.017891952102478,-5,104,6,0.04209883683567801,109,1
234,"(11,1)",,False,59,"[9, 12, 5, 11, 1]",4,0.016137566137566003,-7,104,7,0.086605402394876,111,1
235,"(11,1)",,False,59,"[9, 12, 5, 11, 1]",4,0.016137566137566003,-7,104,7,0.086605402394876,111,1
236,"(8,12)",,False,59,"[8, 11, 13, 6, 12]",4,0.016520467836257,-9,104,7,0.08637355172442801,113,1
237,"(8,12)",,False,59,"[8, 11, 13, 6, 12]",4,0.016520467836257,-9,104,7,0.08637355172442801,113,1
238,"(1,3)",,False,61,"[11, 8, 18, 1, 3]",4,0.014571150097465001,-11,104,8,0.102541074909495,115,1
239,"(1,3)",,False,61,"[11, 8, 18, 1, 3]",4,0.014571150097465001,-11,104,8,0.102541074909495,115,1
240,"(10,11)",,False,58,"[13, 17, 1, 10, 11]",4,0.014675577833472002,-13,104,6,0.13613199665831202,117,1
241,"(10,11)",,False,58,"[13, 17, 1, 10, 11]",4,0.014675577833472002,-13,104,6,0.13613199665831202,117,1
242,"(7,18)",,False,58,"[11, 7, 16, 18, 6]",4,0.013227513227513001,-15,104,5,0.12228487886382601,119,1
243,"(7,18)",,False,58,"[11, 7, 16, 18, 6]",4,0.013227513227513001,-15,104,5,0.12228487886382601,119,1
244,"(0,16)",,False,58,"[14, 0, 16, 12, 6]",4,0.013018657755499001,-17,104,5,0.12228487886382601,121,1
245,"(0,16)",,False,58,"[14, 0, 16, 12, 6]",4,0.013018657755499001,-17,104,5,0.12228487886382601,121,1
246,"(2,4)",,False,58,"[0, 13, 2, 4, 7]",4,0.010964912280701001,-19,104,5,0.12426900584795302,123,1
247,"(2,4)",,False,58,"[0, 13, 2, 4, 7]",4,0.010964912280701001,-19,104,5,0.12426900584795302,123,1
248,"(4,3)",,False,58,"[5, 7, 6, 4, 3]",4,0.011598440545808001,-21,104,4,0.11170286828181501,125,1
249,"(4,3)",,False,58,"[5, 7, 6, 4, 3]",4,0.011598440545808001,-21,104,4,0.11170286828181501,125,1
250,"(8,1)",,False,60,"[8, 1, 15, 18, 6]",4,0.011069340016708,-23,104,5,0.12492595124174001,127,1
251,"(8,1)",,False,60,"[8, 1, 15, 18, 6]",4,0.011069340016708,-23,104,5,0.12492595124174001,127,1
252,"(4,6)",,False,61,"[4, 13, 5, 14, 6]",4,0.011354775828460001,-25,104,4,0.11715399610136401,129,1
253,"(4,6)",,False,61,"[4, 13, 5, 14, 6]",4,0.011354775828460001,-25,104,4,0.11715399610136401,129,1
254,"(17,0)",,False,61,"[17, 13, 10, 0, 9]",3,0.006042884990253,-27,104,4,0.034795321637426005,131,1
255,"(17,0)",,False,61,"[17, 13, 10, 0, 9]",3,0.006042884990253,-27,104,4,0.034795321637426005,131,1
256,"(19,17)",,False,61,"[13, 5, 19, 0, 17]",4,0.01750637276953,-29,104,4,0.032066276803118,133,1
257,"(19,17)",,False,61,"[13, 5, 19, 0, 17]",4,0.01750637276953,-29,104,4,0.032066276803118,133,1
258,"(8,9)",,False,63,"[6, 8, 19, 9, 13]",4,0.009332358674463,-31,104,4,0.033528265107212005,135,1
259,"(8,9)",,False,63,"[6, 8, 19, 9, 13]",4,0.009332358674463,-31,104,4,0.033528265107212005,135,1
260,"(1,9)",,False,63,"[13, 1, 2, 10, 9]",4,0.011769005847953,-31,105,4,0.030116959064327,136,1
261,"(1,9)",,False,63,"[13, 1, 2, 10, 9]",4,0.011769005847953,-31,105,4,0.030116959064327,136,1
262,"(3,9)",,False,63,"[2, 18, 3, 9, 7]",4,0.006408382066276,-29,107,3,0.0034113060428840004,136,1
263,"(3,9)",,False,63,"[2, 18, 3, 9, 7]",4,0.006408382066276,-29,107,3,0.0034113060428840004,136,1
264,"(3,6)",,False,63,"[3, 7, 6, 5, 12]",4,0.005433723196881001,-27,109,3,0.003118908382066,136,1
265,"(3,6)",,False,63,"[3, 7, 6, 5, 12]",4,0.005433723196881001,-27,109,3,0.003118908382066,136,1
266,"(5,1)",,False,64,"[5, 7, 9, 2, 1]",4,0.00787037037037,-25,111,4,0.007577972709551001,136,1
267,"(5,1)",,False,64,"[5, 7, 9, 2, 1]",4,0.00787037037037,-25,111,4,0.007577972709551001,136,1
268,"(8,4)",,False,64,"[8, 16, 4, 17, 19]",4,0.012587023113338001,-23,113,4,0.007212475633528,136,1
269,"(8,4)",,False,64,"[8, 16, 4, 17, 19]",4,0.012587023113338001,-23,113,4,0.007212475633528,136,1
270,"(8,14)",,False,64,"[8, 12, 4, 14, 11]",4,0.010322523480418,-21,115,4,0.007212475633528,136,1
271,"(8,14)",,False,64,"[8, 12, 4, 14, 11]",4,0.010322523480418,-21,115,4,0.007212475633528,136,1
272,"(12,1)",,False,64,"[12, 4, 1, 14, 5]",4,0.012215724496426002,-21,116,5,0.01582196231319,137,1
273,"(12,1)",,False,64,"[12, 4, 1, 14, 5]",4,0.012215724496426002,-21,116,5,0.01582196231319,137,1
274,"(3,8)",,False,64,"[5, 3, 8, 12, 2]",4,0.007797270955165,-21,117,4,0.009779077322936001,138,1
275,"(3,8)",,False,64,"[5, 3, 8, 12, 2]",4,0.007797270955165,-21,117,4,0.009779077322936001,138,1
276,"(9,0)",,False,64,"[13, 19, 9, 0, 11]",3,0.006432748538011001,-23,117,4,0.00896686159844,140,1
277,"(9,0)",,False,64,"[13, 19, 9, 0, 11]",3,0.006432748538011001,-23,117,4,0.00896686159844,140,1
278,"(17,5)",,False,66,"[7, 17, 5, 13, 9]",4,0.009835194045720001,-21,119,4,0.008235867446393,140,1
279,"(17,5)",,False,66,"[7, 17, 5, 13, 9]",4,0.009835194045720001,-21,119,4,0.008235867446393,140,1
280,"(4,12)",,False,64,"[8, 5, 7, 4, 12]",4,0.010679898399196001,-21,120,4,0.011890838206627001,141,1
281,"(4,12)",,False,64,"[8, 5, 7, 4, 12]",4,0.010679898399196001,-21,120,4,0.011890838206627001,141,1
282,"(19,5)",,False,64,"[19, 0, 15, 5, 16]",4,0.010428849902534001,-23,120,4,0.011858349577647,143,1
283,"(19,5)",,False,64,"[19, 0, 15, 5, 16]",4,0.010428849902534001,-23,120,4,0.011858349577647,143,1
284,"(1,8)",,False,64,"[18, 1, 8, 10, 2]",4,0.010428849902534001,-23,121,4,0.010744453726909001,144,1
285,"(1,8)",,False,64,"[18, 1, 8, 10, 2]",4,0.010428849902534001,-23,121,4,0.010744453726909001,144,1
286,"(0,7)",,False,62,"[11, 2, 12, 0, 7]",3,0.007504873294346,-21,123,3,0.0035737491877840004,144,1
287,"(0,7)",,False,62,"[11, 2, 12, 0, 7]",3,0.007504873294346,-21,123,3,0.0035737491877840004,144,1
288,"(12,10)",,False,62,"[0, 12, 10, 2, 9]",3,0.00896686159844,-19,125,3,0.0035737491877840004,144,1
289,"(12,10)",,False,62,"[0, 12, 10, 2, 9]",3,0.00896686159844,-19,125,3,0.0035737491877840004,144,1
290,"(10,18)",,False,60,"[10, 18, 9, 12, 5]",3,0.00896686159844,-17,127,2,0.0,144,1
291,"(10,18)",,False,60,"[10, 18, 9, 12, 5]",3,0.00896686159844,-17,127,2,0.0,144,1
292,"(15,9)",,False,60,"[15, 9, 16, 19, 4]",3,0.015942634363686002,-15,129,2,0.0,144,1
293,"(15,9)",,False,60,"[15, 9, 16, 19, 4]",3,0.015942634363686002,-15,129,2,0.0,144,1
294,"(3,13)",,False,62,"[14, 9, 3, 17, 13]",4,0.019541910331384003,-13,131,2,0.0,144,1
295,"(3,13)",,False,62,"[14, 9, 3, 17, 13]",4,0.019541910331384003,-13,131,2,0.0,144,1
296,"(6,7)",,False,60,"[6, 7, 2, 0, 13]",4,0.025454840805717003,-11,133,2,0.0,144,1
297,"(6,7)",,False,60,"[6, 7, 2, 0, 13]",4,0.025454840805717003,-11,133,2,0.0,144,1
298,"(3,0)",,False,58,"[17, 16, 3, 0, 11]",3,0.010233918128654,-9,135,2,0.0,144,1
299,"(3,0)",,False,58,"[17, 16, 3, 0, 11]",3,0.010233918128654,-9,135,2,0.0,144,1
300,"(18,0)",,False,58,"[11, 18, 0, 5, 9]",2,0.0,-8,136,2,0.0,144,1
301,"(18,0)",,False,58,"[11, 18, 0, 5, 9]",2,0.0,-8,136,2,0.0,144,1
302,"(12,10)",,False,58,"[12, 10, 5, 15, 14]",2,0.0,-8,136,2,0.0,144,1
303,"(12,10)",,False,58,"[12, 10, 5, 15, 14]",2,0.0,-8,136,2,0.0,144,1
304,"(11,1)",,False,60,"[11, 3, 1, 19, 9]",3,0.004246727930938,-8,137,3,0.014327485380116,145,1
305,"(11,1)",,False,60,"[11, 3, 1, 19, 9]",3,0.004246727930938,-8,137,3,0.014327485380116,145,1
306,"(1,18)",,False,62,"[14, 1, 3, 17, 18]",4,0.015302144249512002,-8,138,4,0.018908382066276,146,1
307,"(1,18)",,False,62,"[14, 1, 3, 17, 18]",4,0.015302144249512002,-8,138,4,0.018908382066276,146,1
308,"(18,5)",,False,62,"[7, 9, 19, 18, 5]",5,0.024204028589993,-6,140,4,0.021994801819363002,146,1
309,"(18,5)",,False,62,"[7, 9, 19, 18, 5]",5,0.024204028589993,-6,140,4,0.021994801819363002,146,1
310,"(12,8)",,False,62,"[3, 12, 10, 19, 8]",5,0.022136002399160002,-4,142,4,0.021994801819363002,146,1
311,"(12,8)",,False,62,"[3, 12, 10, 19, 8]",5,0.022136002399160002,-4,142,4,0.021994801819363002,146,1
312,"(1,8)",,False,64,"[6, 16, 15, 1, 8]",5,0.017933723196881,-4,143,5,0.041201829359724,147,1
313,"(1,8)",,False,64,"[6, 16, 15, 1, 8]",5,0.017933723196881,-4,143,5,0.041201829359724,147,1
314,"(17,12)",,False,64,"[15, 17, 3, 10, 12]",5,0.010916179337231002,-6,143,4,0.029246727930938004,149,1
315,"(17,12)",,False,64,"[15, 17, 3, 10, 12]",5,0.010916179337231002,-6,143,4,0.029246727930938004,149,1
316,"(17,0)",,False,64,"[17, 18, 0, 10, 14]",4,0.004873294346978,-8,143,4,0.021969696969696,151,1
317,"(17,0)",,False,64,"[17, 18, 0, 10, 14]",4,0.004873294346978,-8,143,4,0.021969696969696,151,1
318,"(5,10)",,False,65,"[5, 14, 10, 16, 9]",4,0.004873294346978,-10,143,4,0.020463405989721,153,1
319,"(5,10)",,False,65,"[5, 14, 10, 16, 9]",4,0.004873294346978,-10,143,4,0.020463405989721,153,1
320,"(1,12)",,False,65,"[6, 1, 7, 12, 18]",4,0.005238791423001,-10,144,4,0.015423976608187001,154,1
321,"(1,12)",,False,65,"[6, 1, 7, 12, 18]",4,0.005238791423001,-10,144,4,0.015423976608187001,154,1
322,"(2,7)",,False,65,"[2, 13, 9, 7, 19]",4,0.005217291595,-12,144,4,0.013745556702213,156,1
323,"(2,7)",,False,65,"[2, 13, 9, 7, 19]",4,0.005217291595,-12,144,4,0.013745556702213,156,1
324,"(16,6)",,False,67,"[16, 6, 7, 5, 10]",5,0.012622086029288,-10,146,4,0.012209871281893001,156,1
325,"(16,6)",,False,67,"[16, 6, 7, 5, 10]",5,0.012622086029288,-10,146,4,0.012209871281893001,156,1
326,"(1,10)",,False,69,"[1, 7, 17, 10, 2]",5,0.011684914039484,-10,147,5,0.023281888932858003,157,1
327,"(1,10)",,False,69,"[1, 7, 17, 10, 2]",5,0.011684914039484,-10,147,5,0.023281888932858003,157,1
328,"(0,8)",,False,69,"[7, 16, 0, 8, 3]",4,0.007170704539125001,-12,147,5,0.023109243697478,159,1
329,"(0,8)",,False,69,"[7, 16, 0, 8, 3]",4,0.007170704539125001,-12,147,5,0.023109243697478,159,1
330,"(11,17)",,False,69,"[11, 2, 9, 10, 17]",5,0.011684914039484,-14,147,5,0.027702663090474002,161,1
331,"(11,17)",,False,69,"[11, 2, 9, 10, 17]",5,0.011684914039484,-14,147,5,0.027702663090474002,161,1
332,"(1,14)",,False,68,"[15, 18, 1, 14, 16]",5,0.013146902343578001,-16,147,6,0.039822082008139005,163,1
333,"(1,14)",,False,68,"[15, 18, 1, 14, 16]",5,0.013146902343578001,-16,147,6,0.039822082008139005,163,1
334,"(1,19)",,False,70,"[18, 1, 7, 19, 13]",5,0.012531328320802,-18,147,7,0.042063566521770006,165,1
335,"(1,19)",,False,70,"[18, 1, 7, 19, 13]",5,0.012531328320802,-18,147,7,0.042063566521770006,165,1
336,"(4,18)",,False,70,"[0, 3, 4, 18, 5]",5,0.012531328320802,-20,147,7,0.038206627680311,167,1
337,"(4,18)",,False,70,"[0, 3, 4, 18, 5]",5,0.012531328320802,-20,147,7,0.038206627680311,167,1
338,"(14,0)",,False,67,"[14, 18, 0, 2, 12]",4,0.0076052058250200005,-22,147,5,0.024672793093845003,169,1
339,"(14,0)",,False,67,"[14, 18, 0, 2, 12]",4,0.0076052058250200005,-22,147,5,0.024672793093845003,169,1
340,"(18,11)",,False,65,"[5, 9, 13, 18, 11]",4,0.007675438596491,-24,147,5,0.028118908382066002,171,1
341,"(18,11)",,False,65,"[5, 9, 13, 18, 11]",4,0.007675438596491,-24,147,5,0.028118908382066002,171,1
342,"(7,8)",,False,67,"[7, 8, 12, 19, 17]",5,0.021480785296574,-24,148,5,0.021741854636591,172,1
343,"(7,8)",,False,67,"[7, 8, 12, 19, 17]",5,0.021480785296574,-24,148,5,0.021741854636591,172,1
344,"(13,7)",,False,67,"[13, 5, 3, 7, 9]",5,0.021480785296574,-24,149,5,0.021741854636591,173,1
345,"(13,7)",,False,67,"[13, 5, 3, 7, 9]",5,0.021480785296574,-24,149,5,0.021741854636591,173,1
346,"(14,3)",,False,65,"[14, 2, 19, 17, 3]",5,0.024839877471456003,-24,150,5,0.025031328320802,174,1
347,"(14,3)",,False,65,"[14, 2, 19, 17, 3]",5,0.024839877471456003,-24,150,5,0.025031328320802,174,1
348,"(1,13)",,False,67,"[1, 13, 0, 8, 3]",6,0.028188526872737003,-24,151,6,0.030137844611528002,175,1
349,"(1,13)",,False,67,"[1, 13, 0, 8, 3]",6,0.028188526872737003,-24,151,6,0.030137844611528002,175,1
350,"(17,1)",,False,69,"[13, 9, 17, 1, 2]",7,0.036375661375661006,-24,152,7,0.041785018100807,176,1
351,"(17,1)",,False,69,"[13, 9, 17, 1, 2]",7,0.036375661375661006,-24,152,7,0.041785018100807,176,1
352,"(11,0)",,False,69,"[11, 0, 3, 14, 18]",6,0.017160957950431002,-26,152,7,0.04175337333232,178,1
353,"(11,0)",,False,69,"[11, 0, 3, 14, 18]",6,0.017160957950431002,-26,152,7,0.04175337333232,178,1
354,"(0,3)",,False,69,"[0, 15, 13, 10, 3]",6,0.017160957950431002,-28,152,7,0.04175337333232,180,1
355,"(0,3)",,False,69,"[0, 15, 13, 10, 3]",6,0.017160957950431002,-28,152,7,0.04175337333232,180,1
356,"(2,11)",,False,69,"[2, 19, 11, 1, 12]",6,0.017160957950431002,-30,152,7,0.051921470342522,182,1
357,"(2,11)",,False,69,"[2, 19, 11, 1, 12]",6,0.017160957950431002,-30,152,7,0.051921470342522,182,1
358,"(0,14)",,False,67,"[5, 0, 14, 8, 10]",5,0.012530099759201002,-32,152,6,0.038056398305705,184,1
359,"(0,14)",,False,67,"[5, 0, 14, 8, 10]",5,0.012530099759201002,-32,152,6,0.038056398305705,184,1
360,"(6,2)",,False,67,"[7, 13, 6, 2, 8]",6,0.023051985281087,-34,152,6,0.043588769904559004,186,1
361,"(6,2)",,False,67,"[7, 13, 6, 2, 8]",6,0.023051985281087,-34,152,6,0.043588769904559004,186,1
362,"(4,13)",,False,67,"[3, 4, 8, 13, 19]",6,0.017738791423001003,-36,152,5,0.03056758056758,188,1
363,"(4,13)",,False,67,"[3, 4, 8, 13, 19]",6,0.017738791423001003,-36,152,5,0.03056758056758,188,1
364,"(9,1)",,False,69,"[12, 9, 4, 19, 1]",6,0.017647058823529002,-38,152,6,0.036596119929453004,190,1
365,"(9,1)",,False,69,"[12, 9, 4, 19, 1]",6,0.017647058823529002,-38,152,6,0.036596119929453004,190,1
366,"(6,17)",,False,69,"[6, 18, 16, 10, 17]",6,0.018194367265574,-40,152,6,0.028247386142122,192,1
367,"(6,17)",,False,69,"[6, 18, 16, 10, 17]",6,0.018194367265574,-40,152,6,0.028247386142122,192,1
368,"(3,9)",,False,68,"[6, 2, 3, 0, 9]",7,0.027627148679780004,-38,154,5,0.021247563352826,192,1
369,"(3,9)",,False,68,"[6, 2, 3, 0, 9]",7,0.027627148679780004,-38,154,5,0.021247563352826,192,1
370,"(16,18)",,False,70,"[2, 14, 16, 5, 18]",7,0.025743846796478002,-36,156,5,0.017534999113946,192,1
371,"(16,18)",,False,70,"[2, 14, 16, 5, 18]",7,0.025743846796478002,-36,156,5,0.017534999113946,192,1
372,"(8,10)",,False,70,"[3, 9, 5, 8, 10]",7,0.02588204518029,-34,158,5,0.017534999113946,192,1
373,"(8,10)",,False,70,"[3, 9, 5, 8, 10]",7,0.02588204518029,-34,158,5,0.017534999113946,192,1
374,"(0,4)",,False,70,"[0, 4, 9, 17, 8]",6,0.019989789288034,-32,160,5,0.015497076023391001,192,1
375,"(0,4)",,False,70,"[0, 4, 9, 17, 8]",6,0.019989789288034,-32,160,5,0.015497076023391001,192,1
376,"(2,1)",,False,70,"[18, 2, 5, 8, 1]",6,0.020045484080571,-32,161,6,0.025683510771230003,193,1
377,"(2,1)",,False,70,"[18, 2, 5, 8, 1]",6,0.020045484080571,-32,161,6,0.025683510771230003,193,1
378,"(0,11)",,False,70,"[19, 16, 8, 0, 11]",6,0.020045484080571,-32,162,6,0.025683510771230003,194,1
379,"(0,11)",,False,70,"[19, 16, 8, 0, 11]",6,0.020045484080571,-32,162,6,0.025683510771230003,194,1
380,"(10,5)",,False,72,"[10, 11, 4, 15, 5]",6,0.019311925036763003,-34,162,6,0.023764577134844003,196,1
381,"(10,5)",,False,72,"[10, 11, 4, 15, 5]",6,0.019311925036763003,-34,162,6,0.023764577134844003,196,1
382,"(18,1)",,False,74,"[11, 7, 18, 1, 19]",7,0.032989637837283,-32,164,7,0.031984200266748,196,1
383,"(18,1)",,False,74,"[11, 7, 18, 1, 19]",7,0.032989637837283,-32,164,7,0.031984200266748,196,1
384,"(7,18)",,False,73,"[16, 9, 6, 7, 18]",7,0.039146886824905004,-30,166,7,0.0316114359974,196,1
385,"(7,18)",,False,73,"[16, 9, 6, 7, 18]",7,0.039146886824905004,-30,166,7,0.0316114359974,196,1
386,"(0,13)",,False,73,"[18, 0, 6, 13, 4]",7,0.03016855865153,-30,167,7,0.031825478729503004,197,1
387,"(0,13)",,False,73,"[18, 0, 6, 13, 4]",7,0.03016855865153,-30,167,7,0.031825478729503004,197,1
388,"(2,8)",,False,73,"[2, 12, 8, 17, 9]",7,0.030441845354126,-30,168,7,0.0316114359974,198,1
389,"(2,8)",,False,73,"[2, 12, 8, 17, 9]",7,0.030441845354126,-30,168,7,0.0316114359974,198,1
390,"(1,16)",,False,73,"[15, 7, 8, 1, 16]",7,0.033658219623131,-30,169,8,0.042235217673814,199,1
391,"(1,16)",,False,73,"[15, 7, 8, 1, 16]",7,0.033658219623131,-30,169,8,0.042235217673814,199,1
392,"(1,10)",,False,73,"[1, 10, 14, 18, 9]",7,0.035202679062328004,-32,169,9,0.052274204028589004,201,1
393,"(1,10)",,False,73,"[1, 10, 14, 18, 9]",7,0.035202679062328004,-32,169,9,0.052274204028589004,201,1
394,"(15,3)",,False,72,"[2, 15, 10, 3, 9]",7,0.038258227267515,-34,169,9,0.054729962160302,203,1
395,"(15,3)",,False,72,"[2, 15, 10, 3, 9]",7,0.038258227267515,-34,169,9,0.054729962160302,203,1
396,"(18,0)",,False,72,"[19, 1, 9, 18, 0]",6,0.031240683407866003,-36,169,9,0.05356037151702701,205,1
397,"(18,0)",,False,72,"[19, 1, 9, 18, 0]",6,0.031240683407866003,-36,169,9,0.05356037151702701,205,1
398,"(12,3)",,False,72,"[7, 12, 3, 13, 5]",6,0.026854718495585003,-36,170,8,0.031679279899094005,206,1
399,"(12,3)",,False,72,"[7, 12, 3, 13, 5]",6,0.026854718495585003,-36,170,8,0.031679279899094005,206,1
400,"(0,8)",,False,70,"[0, 16, 4, 10, 8]",5,0.015630154445943,-38,170,8,0.034268851490213005,208,1
401,"(0,8)",,False,70,"[0, 16, 4, 10, 8]",5,0.015630154445943,-38,170,8,0.034268851490213005,208,1
402,"(9,15)",,False,68,"[16, 11, 9, 15, 17]",5,0.017725671015144003,-40,170,7,0.026174678148362003,210,1
403,"(9,15)",,False,68,"[16, 11, 9, 15, 17]",5,0.017725671015144003,-40,170,7,0.026174678148362003,210,1
404,"(9,4)",,False,68,"[0, 9, 14, 4, 6]",5,0.018276460381723002,-42,170,7,0.023612717691665,212,1
405,"(9,4)",,False,68,"[0, 9, 14, 4, 6]",5,0.018276460381723002,-42,170,7,0.023612717691665,212,1
406,"(11,9)",,False,69,"[6, 11, 0, 9, 7]",6,0.025466443887496002,-40,172,6,0.012823725981620002,212,1
407,"(11,9)",,False,69,"[6, 11, 0, 9, 7]",6,0.025466443887496002,-40,172,6,0.012823725981620002,212,1
408,"(17,3)",,False,71,"[17, 16, 11, 8, 3]",7,0.027335432598590004,-38,174,6,0.012683417946575001,212,1
409,"(17,3)",,False,71,"[17, 16, 11, 8, 3]",7,0.027335432598590004,-38,174,6,0.012683417946575001,212,1
410,"(19,0)",,False,69,"[7, 19, 9, 1, 0]",6,0.027540360873694002,-36,176,6,0.013500631921684,212,1
411,"(19,0)",,False,69,"[7, 19, 9, 1, 0]",6,0.027540360873694002,-36,176,6,0.013500631921684,212,1
412,"(10,0)",,False,66,"[18, 4, 10, 0, 17]",5,0.016676160097212,-34,178,4,0.006731961995119001,212,1
413,"(10,0)",,False,66,"[18, 4, 10, 0, 17]",5,0.016676160097212,-34,178,4,0.006731961995119001,212,1
414,"(5,8)",,False,66,"[5, 11, 16, 8, 0]",5,0.020105820105820002,-32,180,4,0.006715506715506,212,1
415,"(5,8)",,False,66,"[5, 11, 16, 8, 0]",5,0.020105820105820002,-32,180,4,0.006715506715506,212,1
416,"(2,3)",,False,66,"[2, 3, 14, 9, 17]",5,0.015403091060985,-30,182,4,0.0061438318017260005,212,1
417,"(2,3)",,False,66,"[2, 3, 14, 9, 17]",5,0.015403091060985,-30,182,4,0.0061438318017260005,212,1
418,"(15,0)",,False,64,"[15, 1, 19, 10, 0]",4,0.005360623781676,-30,183,4,0.006244632560422,213,1
419,"(15,0)",,False,64,"[15, 1, 19, 10, 0]",4,0.005360623781676,-30,183,4,0.006244632560422,213,1
420,"(17,12)",,False,64,"[7, 17, 9, 12, 15]",4,0.009381091617933001,-28,185,4,0.007073092599408,213,1
421,"(17,12)",,False,64,"[7, 17, 9, 12, 15]",4,0.009381091617933001,-28,185,4,0.007073092599408,213,1
422,"(4,10)",,False,62,"[19, 11, 6, 4, 10]",4,0.014522417153996001,-26,187,4,0.007309941520467001,213,1
423,"(4,10)",,False,62,"[19, 11, 6, 4, 10]",4,0.014522417153996001,-26,187,4,0.007309941520467001,213,1
424,"(4,1)",,False,62,"[17, 3, 4, 15, 1]",4,0.016447368421052003,-24,189,5,0.013997430444798,213,1
425,"(4,1)",,False,62,"[17, 3, 4, 15, 1]",4,0.016447368421052003,-24,189,5,0.013997430444798,213,1
426,"(2,12)",,False,64,"[8, 2, 12, 13, 3]",4,0.006335282651072,-24,190,5,0.009356725146198001,214,1
427,"(2,12)",,False,64,"[8, 2, 12, 13, 3]",4,0.006335282651072,-24,190,5,0.009356725146198001,214,1
428,"(16,4)",,False,64,"[19, 16, 12, 4, 2]",4,0.006866914761651001,-26,190,5,0.011687045897572001,216,1
429,"(16,4)",,False,64,"[19, 16, 12, 4, 2]",4,0.006866914761651001,-26,190,5,0.011687045897572001,216,1
430,"(15,13)",,False,64,"[2, 16, 5, 15, 13]",4,0.006042884990253,-28,190,5,0.010832637148426002,218,1
431,"(15,13)",,False,64,"[2, 16, 5, 15, 13]",4,0.006042884990253,-28,190,5,0.010832637148426002,218,1
432,"(9,7)",,False,64,"[13, 9, 3, 15, 7]",4,0.007837143363459,-30,190,5,0.011895901369585,220,1
433,"(9,7)",,False,64,"[13, 9, 3, 15, 7]",4,0.007837143363459,-30,190,5,0.011895901369585,220,1
434,"(3,12)",,False,66,"[6, 19, 3, 12, 8]",5,0.011890838206627001,-28,192,5,0.010832637148426002,220,1
435,"(3,12)",,False,66,"[6, 19, 3, 12, 8]",5,0.011890838206627001,-28,192,5,0.010832637148426002,220,1
436,"(13,2)",,False,64,"[10, 3, 13, 2, 9]",5,0.010916179337231002,-28,193,4,0.011208576998050002,221,1
437,"(13,2)",,False,64,"[10, 3, 13, 2, 9]",5,0.010916179337231002,-28,193,4,0.011208576998050002,221,1
438,"(3,14)",,False,64,"[8, 3, 9, 19, 14]",5,0.010721247563352,-28,194,4,0.011208576998050002,222,1
439,"(3,14)",,False,64,"[8, 3, 9, 19, 14]",5,0.010721247563352,-28,194,4,0.011208576998050002,222,1
440,"(2,3)",,False,66,"[6, 19, 2, 5, 3]",5,0.008284600389863,-26,196,4,0.005847953216374001,222,1
441,"(2,3)",,False,66,"[6, 19, 2, 5, 3]",5,0.008284600389863,-26,196,4,0.005847953216374001,222,1
442,"(12,1)",,False,66,"[10, 12, 8, 3, 1]",5,0.008284600389863,-26,197,4,0.008609486679662,223,1
443,"(12,1)",,False,66,"[10, 12, 8, 3, 1]",5,0.008284600389863,-26,197,4,0.008609486679662,223,1
444,"(13,1)",,False,66,"[0, 16, 13, 7, 1]",5,0.012183235867446001,-26,198,5,0.021324143692564003,224,1
445,"(13,1)",,False,66,"[0, 16, 13, 7, 1]",5,0.012183235867446001,-26,198,5,0.021324143692564003,224,1
446,"(5,4)",,False,64,"[10, 5, 4, 18, 0]",5,0.013749651907546002,-24,200,4,0.010739455476297,224,1
447,"(5,4)",,False,64,"[10, 5, 4, 18, 0]",5,0.013749651907546002,-24,200,4,0.010739455476297,224,1
448,"(4,13)",,False,64,"[18, 19, 4, 13, 15]",5,0.013749651907546002,-24,201,4,0.017690058479532002,225,1
449,"(4,13)",,False,64,"[18, 19, 4, 13, 15]",5,0.013749651907546002,-24,201,4,0.017690058479532002,225,1
450,"(11,12)",,False,66,"[19, 7, 11, 15, 12]",5,0.009990253411306,-26,201,4,0.018908382066276,227,1
451,"(11,12)",,False,66,"[19, 7, 11, 15, 12]",5,0.009990253411306,-26,201,4,0.018908382066276,227,1
452,"(4,10)",,False,68,"[4, 6, 0, 10, 13]",5,0.009015594541910001,-28,201,4,0.013742690058479001,229,1
453,"(4,10)",,False,68,"[4, 6, 0, 10, 13]",5,0.009015594541910001,-28,201,4,0.013742690058479001,229,1
454,"(6,16)",,False,68,"[10, 6, 15, 16, 0]",5,0.008934372969460001,-30,201,4,0.014035087719298001,231,1
455,"(6,16)",,False,68,"[10, 6, 15, 16, 0]",5,0.008934372969460001,-30,201,4,0.014035087719298001,231,1
456,"(10,2)",,False,70,"[8, 10, 17, 15, 2]",5,0.0088693957115,-28,203,4,0.004385964912280001,231,1
457,"(10,2)",,False,70,"[8, 10, 17, 15, 2]",5,0.0088693957115,-28,203,4,0.004385964912280001,231,1
458,"(1,5)",,False,72,"[1, 18, 5, 16, 15]",5,0.008674463937621,-28,204,5,0.014961013645224001,232,1
459,"(1,5)",,False,72,"[1, 18, 5, 16, 15]",5,0.008674463937621,-28,204,5,0.014961013645224001,232,1
460,"(14,0)",,False,70,"[14, 0, 5, 19, 11]",4,0.005404926457558,-30,204,4,0.013986354775828,234,1
461,"(14,0)",,False,70,"[14, 0, 5, 19, 11]",4,0.005404926457558,-30,204,4,0.013986354775828,234,1
462,"(16,2)",,False,72,"[10, 16, 5, 19, 2]",4,0.003898635477582,-32,204,4,0.00896686159844,236,1
463,"(16,2)",,False,72,"[10, 16, 5, 19, 2]",4,0.003898635477582,-32,204,4,0.00896686159844,236,1
464,"(9,1)",,False,72,"[6, 18, 9, 1, 7]",4,0.007309941520467001,-34,204,5,0.019395711500974,238,1
465,"(9,1)",,False,72,"[6, 18, 9, 1, 7]",4,0.007309941520467001,-34,204,5,0.019395711500974,238,1
466,"(7,12)",,False,70,"[2, 6, 9, 7, 12]",4,0.007309941520467001,-36,204,5,0.023990531885268,240,1
467,"(7,12)",,False,70,"[2, 6, 9, 7, 12]",4,0.007309941520467001,-36,204,5,0.023990531885268,240,1
468,"(14,5)",,False,70,"[14, 13, 6, 5, 10]",4,0.007309941520467001,-38,204,5,0.02422723475355,242,1
469,"(14,5)",,False,70,"[14, 13, 6, 5, 10]",4,0.007309941520467001,-38,204,5,0.02422723475355,242,1
470,"(12,0)",,False,70,"[12, 19, 0, 5, 10]",3,0.004385964912280001,-40,204,5,0.024171539961013,244,1
471,"(12,0)",,False,70,"[12, 19, 0, 5, 10]",3,0.004385964912280001,-40,204,5,0.024171539961013,244,1
472,"(2,0)",,False,70,"[14, 2, 0, 12, 19]",2,0.0,-42,204,5,0.020760233918128,246,1
473,"(2,0)",,False,70,"[14, 2, 0, 12, 19]",2,0.0,-42,204,5,0.020760233918128,246,1
474,"(16,8)",,False,70,"[16, 7, 11, 8, 0]",2,0.0,-44,204,5,0.018086883876357002,248,1
475,"(16,8)",,False,70,"[16, 7, 11, 8, 0]",2,0.0,-44,204,5,0.018086883876357002,248,1
476,"(3,12)",,False,71,"[8, 9, 0, 3, 12]",2,0.0,-46,204,5,0.017843219159008,250,1
477,"(3,12)",,False,71,"[8, 9, 0, 3, 12]",2,0.0,-46,204,5,0.017843219159008,250,1
478,"(12,16)",,False,69,"[1, 18, 12, 6, 16]",2,0.0,-48,204,4,0.019152046783625,252,1
479,"(12,16)",,False,69,"[1, 18, 12, 6, 16]",2,0.0,-48,204,4,0.019152046783625,252,1
480,"(11,12)",,False,69,"[15, 11, 12, 9, 6]",2,0.0,-50,204,4,0.014722412090833002,254,1
481,"(11,12)",,False,69,"[15, 11, 12, 9, 6]",2,0.0,-50,204,4,0.014722412090833002,254,1
482,"(9,0)",,False,69,"[9, 13, 0, 15, 10]",3,0.0011695906432740001,-52,204,4,0.016339459760512,256,1
483,"(9,0)",,False,69,"[9, 13, 0, 15, 10]",3,0.0011695906432740001,-52,204,4,0.016339459760512,256,1
484,"(10,14)",,False,71,"[9, 10, 2, 6, 14]",4,0.012169312169312002,-54,204,4,0.014051542998911001,258,1
485,"(10,14)",,False,71,"[9, 10, 2, 6, 14]",4,0.012169312169312002,-54,204,4,0.014051542998911001,258,1
486,"(17,11)",,False,73,"[17, 6, 15, 2, 11]",5,0.017251461988304,-52,206,4,0.013605984658616002,258,1
487,"(17,11)",,False,73,"[17, 6, 15, 2, 11]",5,0.017251461988304,-52,206,4,0.013605984658616002,258,1
488,"(13,0)",,False,71,"[2, 5, 3, 13, 0]",4,0.00445094217024,-52,207,3,0.011234314743086001,259,1
489,"(13,0)",,False,71,"[2, 5, 3, 13, 0]",4,0.00445094217024,-52,207,3,0.011234314743086001,259,1
490,"(16,13)",,False,69,"[16, 2, 15, 13, 5]",4,0.009239980292611001,-54,207,3,0.012738074141582002,261,1
491,"(16,13)",,False,69,"[16, 2, 15, 13, 5]",4,0.009239980292611001,-54,207,3,0.012738074141582002,261,1
492,"(1,8)",,False,71,"[1, 0, 13, 3, 8]",4,0.009175717070453001,-56,207,4,0.018660287081339003,263,1
493,"(1,8)",,False,71,"[1, 0, 13, 3, 8]",4,0.009175717070453001,-56,207,4,0.018660287081339003,263,1
494,"(4,15)",,False,71,"[4, 19, 10, 2, 15]",5,0.013798384851016001,-58,207,4,0.020003923951292,265,1
495,"(4,15)",,False,71,"[4, 19, 10, 2, 15]",5,0.013798384851016001,-58,207,4,0.020003923951292,265,1
496,"(13,4)",,False,69,"[9, 13, 4, 8, 17]",5,0.015357839042049001,-60,207,4,0.020057087162350003,267,1
497,"(13,4)",,False,69,"[9, 13, 4, 8, 17]",5,0.015357839042049001,-60,207,4,0.020057087162350003,267,1
498,"(6,1)",,False,71,"[13, 5, 16, 6, 1]",5,0.015009746588693001,-62,207,5,0.02393736867421,269,1
499,"(6,1)",,False,71,"[13, 5, 16, 6, 1]",5,0.015009746588693001,-62,207,5,0.02393736867421,269,1
500,"(6,9)",,False,71,"[6, 2, 4, 9, 3]",5,0.013645224171539001,-64,207,5,0.018257449178501,271,1
501,"(6,9)",,False,71,"[6, 2, 4, 9, 3]",5,0.013645224171539001,-64,207,5,0.018257449178501,271,1
502,"(1,15)",,False,72,"[16, 1, 15, 11, 13]",5,0.016624895572263,-64,208,6,0.023367446393762002,272,1
503,"(1,15)",,False,72,"[16, 1, 15, 11, 13]",5,0.016624895572263,-64,208,6,0.023367446393762002,272,1
504,"(9,8)",,False,70,"[9, 7, 13, 6, 8]",5,0.018086883876357002,-62,210,5,0.014763404237088001,272,1
505,"(9,8)",,False,70,"[9, 7, 13, 6, 8]",5,0.018086883876357002,-62,210,5,0.014763404237088001,272,1
506,"(3,17)",,False,70,"[5, 3, 10, 7, 17]",5,0.014717348927875,-62,211,5,0.015671122250069003,273,1
507,"(3,17)",,False,70,"[5, 3, 10, 7, 17]",5,0.014717348927875,-62,211,5,0.015671122250069003,273,1
508,"(6,15)",,False,70,"[6, 15, 19, 10, 2]",5,0.014717348927875,-62,212,5,0.015671122250069003,274,1
509,"(6,15)",,False,70,"[6, 15, 19, 10, 2]",5,0.014717348927875,-62,212,5,0.015671122250069003,274,1
510,"(3,13)",,False,70,"[3, 13, 16, 18, 2]",5,0.014582396161343,-60,214,4,0.008117516012252001,274,1
511,"(3,13)",,False,70,"[3, 13, 16, 18, 2]",5,0.014582396161343,-60,214,4,0.008117516012252001,274,1
512,"(0,5)",,False,71,"[0, 5, 13, 4, 10]",6,0.016731643924626,-58,216,4,0.008117516012252001,274,1
513,"(0,5)",,False,71,"[0, 5, 13, 4, 10]",6,0.016731643924626,-58,216,4,0.008117516012252001,274,1
514,"(0,12)",,False,69,"[0, 12, 7, 2, 15]",5,0.011208576998050002,-56,218,3,0.0020746310219990002,274,1
515,"(0,12)",,False,69,"[0, 12, 7, 2, 15]",5,0.011208576998050002,-56,218,3,0.0020746310219990002,274,1
516,"(8,11)",,False,71,"[8, 18, 11, 14, 6]",5,0.009649122807017001,-54,220,3,0.001299545159194,274,1
517,"(8,11)",,False,71,"[8, 18, 11, 14, 6]",5,0.009649122807017001,-54,220,3,0.001299545159194,274,1
518,"(13,19)",,False,70,"[13, 16, 5, 17, 19]",5,0.013222871994801001,-52,222,3,0.0018384741810950002,274,1
519,"(13,19)",,False,70,"[13, 16, 5, 17, 19]",5,0.013222871994801001,-52,222,3,0.0018384741810950002,274,1
520,"(11,3)",,False,72,"[15, 11, 3, 10, 14]",5,0.008657513348588,-50,224,3,0.0017487357685670001,274,1
521,"(11,3)",,False,72,"[15, 11, 3, 10, 14]",5,0.008657513348588,-50,224,3,0.0017487357685670001,274,1
522,"(13,0)",,False,69,"[8, 13, 10, 7, 0]",4,0.005664835489396,-48,226,2,0.001825270246322,274,1
523,"(13,0)",,False,69,"[8, 13, 10, 7, 0]",4,0.005664835489396,-48,226,2,0.001825270246322,274,1
524,"(12,10)",,False,71,"[15, 5, 12, 10, 4]",5,0.010981156595191001,-46,228,2,0.0011695906432740001,274,1
525,"(12,10)",,False,71,"[15, 5, 12, 10, 4]",5,0.010981156595191001,-46,228,2,0.0011695906432740001,274,1
526,"(19,8)",,False,71,"[19, 15, 2, 14, 8]",5,0.011524180822426,-44,230,2,0.0011695906432740001,274,1
527,"(19,8)",,False,71,"[19, 15, 2, 14, 8]",5,0.011524180822426,-44,230,2,0.0011695906432740001,274,1
528,"(12,0)",,False,69,"[12, 0, 7, 14, 3]",4,0.006446672236145001,-42,232,2,0.0016194331983800001,274,1
529,"(12,0)",,False,69,"[12, 0, 7, 14, 3]",4,0.006446672236145001,-42,232,2,0.0016194331983800001,274,1
530,"(18,13)",,False,69,"[0, 18, 13, 16, 12]",4,0.0060568086883870005,-40,234,2,0.0016194331983800001,274,1
531,"(18,13)",,False,69,"[0, 18, 13, 16, 12]",4,0.0060568086883870005,-40,234,2,0.0016194331983800001,274,1
532,"(4,0)",,False,69,"[4, 2, 11, 8, 0]",4,0.007309941520467001,-38,236,2,0.0009746588693950001,274,1
533,"(4,0)",,False,69,"[4, 2, 11, 8, 0]",4,0.007309941520467001,-38,236,2,0.0009746588693950001,274,1
534,"(11,15)",,False,69,"[11, 4, 7, 16, 15]",4,0.005555555555555001,-36,238,2,0.0009746588693950001,274,1
535,"(11,15)",,False,69,"[11, 4, 7, 16, 15]",4,0.005555555555555001,-36,238,2,0.0009746588693950001,274,1
536,"(9,16)",,False,71,"[17, 9, 5, 11, 16]",5,0.010614499210990001,-34,240,2,0.0008354218880530001,274,1
537,"(9,16)",,False,71,"[17, 9, 5, 11, 16]",5,0.010614499210990001,-34,240,2,0.0008354218880530001,274,1
538,"(3,15)",,False,71,"[14, 18, 3, 15, 12]",5,0.007690522602803,-32,242,2,0.0008354218880530001,274,1
539,"(3,15)",,False,71,"[14, 18, 3, 15, 12]",5,0.007690522602803,-32,242,2,0.0008354218880530001,274,1
540,"(11,14)",,False,70,"[8, 11, 3, 14, 7]",5,0.010916179337231002,-30,244,2,0.0009746588693950001,274,1
541,"(11,14)",,False,70,"[8, 11, 3, 14, 7]",5,0.010916179337231002,-30,244,2,0.0009746588693950001,274,1
542,"(1,4)",,False,70,"[16, 1, 8, 4, 14]",5,0.010721247563352,-28,246,3,0.0034113060428840004,274,1
543,"(1,4)",,False,70,"[16, 1, 8, 4, 14]",5,0.010721247563352,-28,246,3,0.0034113060428840004,274,1
544,"(12,1)",,False,70,"[18, 6, 12, 3, 1]",5,0.011647173489278,-26,248,4,0.008845029239766001,274,1
545,"(12,1)",,False,70,"[18, 6, 12, 3, 1]",5,0.011647173489278,-26,248,4,0.008845029239766001,274,1
546,"(0,11)",,False,70,"[10, 0, 19, 11, 16]",5,0.009356725146198001,-24,250,4,0.007407407407407001,274,1
547,"(0,11)",,False,70,"[10, 0, 19, 11, 16]",5,0.009356725146198001,-24,250,4,0.007407407407407001,274,1
548,"(15,13)",,False,72,"[16, 15, 3, 11, 13]",5,0.009018461185643001,-22,252,4,0.007069143446852001,274,1
549,"(15,13)",,False,72,"[16, 15, 3, 11, 13]",5,0.009018461185643001,-22,252,4,0.007069143446852001,274,1
550,"(8,5)",,False,74,"[2, 8, 4, 5, 13]",6,0.018061967784959002,-20,254,4,0.007032933210218001,274,1
551,"(8,5)",,False,74,"[2, 8, 4, 5, 13]",6,0.018061967784959002,-20,254,4,0.007032933210218001,274,1
552,"(14,13)",,False,74,"[16, 14, 13, 17, 19]",6,0.020532813515269,-18,256,4,0.008512020792722001,274,1
553,"(14,13)",,False,74,"[16, 14, 13, 17, 19]",6,0.020532813515269,-18,256,4,0.008512020792722001,274,1
554,"(0,9)",,False,72,"[8, 2, 0, 9, 6]",5,0.014528150441463002,-16,258,3,0.005188184135552,274,1
555,"(0,9)",,False,72,"[8, 2, 0, 9, 6]",5,0.014528150441463002,-16,258,3,0.005188184135552,274,1
556,"(10,4)",,False,70,"[8, 10, 4, 11, 15]",5,0.02037037037037,-14,260,3,0.006618819776714,274,1
557,"(10,4)",,False,70,"[8, 10, 4, 11, 15]",5,0.02037037037037,-14,260,3,0.006618819776714,274,1
558,"(1,12)",,False,70,"[16, 2, 1, 3, 12]",5,0.021854850802219,-12,262,3,0.009992638940007001,274,1
559,"(1,12)",,False,70,"[16, 2, 1, 3, 12]",5,0.021854850802219,-12,262,3,0.009992638940007001,274,1
560,"(4,0)",,False,68,"[7, 5, 4, 18, 0]",4,0.01698155645524,-10,264,3,0.010228919878042001,274,1
561,"(4,0)",,False,68,"[7, 5, 4, 18, 0]",4,0.01698155645524,-10,264,3,0.010228919878042001,274,1
562,"(0,15)",,False,68,"[0, 8, 15, 5, 3]",3,0.011208576998050002,-8,266,3,0.006335282651072,274,1
563,"(0,15)",,False,68,"[0, 8, 15, 5, 3]",3,0.011208576998050002,-8,266,3,0.006335282651072,274,1
564,"(3,18)",,False,70,"[3, 18, 16, 14, 8]",3,0.011695906432748001,-6,268,3,0.006335282651072,274,1
565,"(3,18)",,False,70,"[3, 18, 16, 14, 8]",3,0.011695906432748001,-6,268,3,0.006335282651072,274,1
566,"(6,1)",,False,70,"[11, 19, 18, 6, 1]",3,0.006297795771479001,-6,269,4,0.018525334314808,275,1
567,"(6,1)",,False,70,"[11, 19, 18, 6, 1]",3,0.006297795771479001,-6,269,4,0.018525334314808,275,1
568,"(17,9)",,False,68,"[17, 16, 19, 9, 0]",3,0.010721247563352,-4,271,3,0.009941520467836001,275,1
569,"(17,9)",,False,68,"[17, 16, 19, 9, 0]",3,0.010721247563352,-4,271,3,0.009941520467836001,275,1
570,"(1,17)",,False,70,"[7, 9, 1, 8, 17]",3,0.009454191033138,-2,273,4,0.007748538011695001,275,1
571,"(1,17)",,False,70,"[7, 9, 1, 8, 17]",3,0.009454191033138,-2,273,4,0.007748538011695001,275,1
572,"(6,18)",,False,70,"[16, 6, 19, 18, 11]",3,0.010623781676413,0,275,4,0.006773879142300001,275,1
573,"(6,18)",,False,70,"[16, 6, 19, 18, 11]",3,0.010623781676413,0,275,4,0.006773879142300001,275,1
574,"(15,6)",,False,70,"[15, 6, 18, 2, 11]",4,0.019170108643792,2,277,4,0.00896686159844,275,1
575,"(15,6)",,False,70,"[15, 6, 18, 2, 11]",4,0.019170108643792,2,277,4,0.00896686159844,275,1
576,"(12,6)",,False,72,"[18, 12, 6, 15, 16]",5,0.012238930659983,4,279,4,0.00896686159844,275,1
577,"(12,6)",,False,72,"[18, 12, 6, 15, 16]",5,0.012238930659983,4,279,4,0.00896686159844,275,1
578,"(18,15)",,False,70,"[8, 18, 15, 19, 7]",5,0.014188248398774,6,281,4,0.012183235867446001,275,1
579,"(18,15)",,False,70,"[8, 18, 15, 19, 7]",5,0.014188248398774,6,281,4,0.012183235867446001,275,1
580,"(6,0)",,False,68,"[4, 5, 6, 0, 7]",4,0.010257124292212,8,283,3,0.009259259259259,275,1
581,"(6,0)",,False,68,"[4, 5, 6, 0, 7]",4,0.010257124292212,8,283,3,0.009259259259259,275,1
582,"(12,11)",,False,68,"[3, 12, 11, 5, 18]",4,0.008154645873944,10,285,2,0.0014619883040930001,275,1
583,"(12,11)",,False,68,"[3, 12, 11, 5, 18]",4,0.008154645873944,10,285,2,0.0014619883040930001,275,1
584,"(1,4)",,False,68,"[5, 1, 4, 6, 14]",4,0.008036505404926,10,286,3,0.009282887353062,276,1
585,"(1,4)",,False,68,"[5, 1, 4, 6, 14]",4,0.008036505404926,10,286,3,0.009282887353062,276,1
586,"(16,15)",,False,68,"[18, 16, 0, 15, 14]",4,0.007212475633528,8,286,3,0.011252879673932,278,1
587,"(16,15)",,False,68,"[18, 16, 0, 15, 14]",4,0.007212475633528,8,286,3,0.011252879673932,278,1
588,"(6,1)",,False,70,"[19, 6, 1, 13, 10]",4,0.007017543859649001,8,287,4,0.011208576998050002,279,1
589,"(6,1)",,False,70,"[19, 6, 1, 13, 10]",4,0.007017543859649001,8,287,4,0.011208576998050002,279,1
590,"(0,17)",,False,70,"[7, 0, 16, 17, 10]",3,0.00214424951267,6,287,4,0.010233918128654,281,1
591,"(0,17)",,False,70,"[7, 0, 16, 17, 10]",3,0.00214424951267,6,287,4,0.010233918128654,281,1
592,"(7,1)",,False,72,"[3, 7, 9, 16, 1]",4,0.006530214424951001,4,287,5,0.013645224171539001,283,1
593,"(7,1)",,False,72,"[3, 7, 9, 16, 1]",4,0.006530214424951001,4,287,5,0.013645224171539001,283,1
594,"(6,7)",,False,72,"[6, 16, 14, 19, 7]",4,0.006530214424951001,2,287,5,0.014132553606237,285,1
595,"(6,7)",,False,72,"[6, 16, 14, 19, 7]",4,0.006530214424951001,2,287,5,0.014132553606237,285,1
596,"(0,2)",,False,72,"[0, 14, 11, 2, 9]",3,0.00214424951267,0,287,5,0.013352826510721002,287,1
597,"(0,2)",,False,72,"[0, 14, 11, 2, 9]",3,0.00214424951267,0,287,5,0.013352826510721002,287,1
598,"(18,9)",,False,72,"[8, 18, 17, 9, 4]",3,0.00214424951267,-2,287,5,0.013352826510721002,289,1
599,"(18,9)",,False,72,"[8, 18, 17, 9, 4]",3,0.00214424951267,-2,287,5,0.013352826510721002,289,1
600,"(2,16)",,False,72,"[2, 16, 7, 0, 13]",4,0.007017543859649001,-4,287,5,0.013352826510721002,291,1
601,"(2,16)",,False,72,"[2, 16, 7, 0, 13]",4,0.007017543859649001,-4,287,5,0.013352826510721002,291,1
602,"(13,1)",,False,72,"[13, 17, 8, 12, 1]",4,0.008479532163742,-6,287,6,0.019883040935672003,293,1
603,"(13,1)",,False,72,"[13, 17, 8, 12, 1]",4,0.008479532163742,-6,287,6,0.019883040935672003,293,1
604,"(6,4)",,False,70,"[6, 7, 4, 5, 17]",4,0.010484544695071001,-8,287,6,0.024060150375939,295,1
605,"(6,4)",,False,70,"[6, 7, 4, 5, 17]",4,0.010484544695071001,-8,287,6,0.024060150375939,295,1
606,"(9,7)",,False,70,"[4, 14, 9, 10, 7]",4,0.010484544695071001,-10,287,6,0.026009468114731003,297,1
607,"(9,7)",,False,70,"[4, 14, 9, 10, 7]",4,0.010484544695071001,-10,287,6,0.026009468114731003,297,1
608,"(14,16)",,False,72,"[14, 16, 5, 8, 11]",4,0.010484544695071001,-12,287,6,0.026009468114731003,299,1
609,"(14,16)",,False,72,"[14, 16, 5, 8, 11]",4,0.010484544695071001,-12,287,6,0.026009468114731003,299,1
610,"(12,11)",,False,72,"[12, 11, 9, 8, 13]",4,0.010484544695071001,-14,287,6,0.026009468114731003,301,1
611,"(12,11)",,False,72,"[12, 11, 9, 8, 13]",4,0.010484544695071001,-14,287,6,0.026009468114731003,301,1
612,"(5,14)",,False,74,"[5, 12, 14, 11, 4]",5,0.014383180172653002,-16,287,6,0.026009468114731003,303,1
613,"(5,14)",,False,74,"[5, 12, 14, 11, 4]",5,0.014383180172653002,-16,287,6,0.026009468114731003,303,1
614,"(11,18)",,False,74,"[11, 9, 4, 18, 13]",5,0.015552770815928001,-18,287,6,0.026009468114731003,305,1
615,"(11,18)",,False,74,"[11, 9, 4, 18, 13]",5,0.015552770815928001,-18,287,6,0.026009468114731003,305,1
616,"(11,1)",,False,74,"[8, 16, 11, 18, 1]",5,0.015497076023391001,-18,288,6,0.021442495126705003,306,1
617,"(11,1)",,False,74,"[8, 16, 11, 18, 1]",5,0.015497076023391001,-18,288,6,0.021442495126705003,306,1
618,"(16,4)",,False,72,"[16, 6, 18, 4, 11]",5,0.020685260158944,-20,288,6,0.024313990103463003,308,1
619,"(16,4)",,False,72,"[16, 6, 18, 4, 11]",5,0.020685260158944,-20,288,6,0.024313990103463003,308,1
620,"(17,0)",,False,72,"[6, 17, 10, 9, 0]",4,0.010380116959064,-20,289,6,0.017933723196881,309,1
621,"(17,0)",,False,72,"[6, 17, 10, 9, 0]",4,0.010380116959064,-20,289,6,0.017933723196881,309,1
622,"(8,10)",,False,69,"[6, 8, 10, 7, 14]",4,0.010911749069643002,-22,289,6,0.019030214424951,311,1
623,"(8,10)",,False,69,"[6, 8, 10, 7, 14]",4,0.010911749069643002,-22,289,6,0.019030214424951,311,1
624,"(15,5)",,False,71,"[15, 10, 16, 5, 11]",5,0.016380002293314003,-22,290,6,0.018944215112945,312,1
625,"(15,5)",,False,71,"[15, 10, 16, 5, 11]",5,0.016380002293314003,-22,290,6,0.018944215112945,312,1
626,"(7,1)",,False,71,"[11, 7, 1, 9, 12]",5,0.019045720361509002,-22,291,7,0.031005618621717003,313,1
627,"(7,1)",,False,71,"[11, 7, 1, 9, 12]",5,0.019045720361509002,-22,291,7,0.031005618621717003,313,1
628,"(17,3)",,False,73,"[17, 8, 6, 18, 3]",5,0.017096402622718002,-24,291,7,0.026413255360623004,315,1
629,"(17,3)",,False,73,"[17, 8, 6, 18, 3]",5,0.017096402622718002,-24,291,7,0.026413255360623004,315,1
630,"(9,11)",,False,70,"[7, 9, 11, 17, 14]",5,0.02196083643452,-26,291,7,0.031968810916179,317,1
631,"(9,11)",,False,70,"[7, 9, 11, 17, 14]",5,0.02196083643452,-26,291,7,0.031968810916179,317,1
632,"(13,5)",,False,70,"[13, 14, 5, 10, 9]",5,0.020946305156831,-28,291,7,0.03254474570264,319,1
633,"(13,5)",,False,70,"[13, 14, 5, 10, 9]",5,0.020946305156831,-28,291,7,0.03254474570264,319,1
634,"(1,2)",,False,72,"[10, 11, 1, 2, 0]",5,0.019832409306093,-30,291,8,0.045034302929039004,321,1
635,"(1,2)",,False,72,"[10, 11, 1, 2, 0]",5,0.019832409306093,-30,291,8,0.045034302929039004,321,1
636,"(5,0)",,False,73,"[8, 15, 5, 18, 0]",6,0.016527429685324002,-32,291,8,0.044783254432377004,323,1
637,"(5,0)",,False,73,"[8, 15, 5, 18, 0]",6,0.016527429685324002,-32,291,8,0.044783254432377004,323,1
638,"(6,19)",,False,73,"[6, 10, 7, 19, 12]",7,0.024194032088768,-34,291,8,0.048323086919578005,325,1
639,"(6,19)",,False,73,"[6, 10, 7, 19, 12]",7,0.024194032088768,-34,291,8,0.048323086919578005,325,1
640,"(15,14)",,False,73,"[4, 8, 15, 2, 14]",8,0.035380116959064005,-36,291,8,0.046505151768309,327,1
641,"(15,14)",,False,73,"[4, 8, 15, 2, 14]",8,0.035380116959064005,-36,291,8,0.046505151768309,327,1
642,"(7,0)",,False,73,"[9, 11, 7, 0, 16]",7,0.026900584795321,-38,291,8,0.044978186206256,329,1
643,"(7,0)",,False,73,"[9, 11, 7, 0, 16]",7,0.026900584795321,-38,291,8,0.044978186206256,329,1
644,"(13,11)",,False,73,"[4, 2, 13, 11, 9]",7,0.027387914230019003,-40,291,8,0.04307992202729,331,1
645,"(13,11)",,False,73,"[4, 2, 13, 11, 9]",7,0.027387914230019003,-40,291,8,0.04307992202729,331,1
646,"(9,14)",,False,73,"[5, 10, 7, 9, 14]",7,0.026218323586744002,-42,291,8,0.044736842105263006,333,1
647,"(9,14)",,False,73,"[5, 10, 7, 9, 14]",7,0.026218323586744002,-42,291,8,0.044736842105263006,333,1
648,"(6,13)",,False,73,"[7, 5, 2, 6, 13]",8,0.034210526315789004,-44,291,8,0.046393762183235,335,1
649,"(6,13)",,False,73,"[7, 5, 2, 6, 13]",8,0.034210526315789004,-44,291,8,0.046393762183235,335,1
650,"(1,18)",,False,72,"[17, 1, 18, 6, 19]",8,0.038401559454191006,-44,292,8,0.043282351177088,336,1
651,"(1,18)",,False,72,"[17, 1, 18, 6, 19]",8,0.038401559454191006,-44,292,8,0.043282351177088,336,1
652,"(17,19)",,False,72,"[9, 17, 8, 19, 10]",8,0.038401559454191006,-46,292,8,0.043282351177088,338,1
653,"(17,19)",,False,72,"[9, 17, 8, 19, 10]",8,0.038401559454191006,-46,292,8,0.043282351177088,338,1
654,"(17,1)",,False,72,"[10, 19, 7, 17, 1]",8,0.038596491228070004,-46,293,8,0.044931773879142003,339,1
655,"(17,1)",,False,72,"[10, 19, 7, 17, 1]",8,0.038596491228070004,-46,293,8,0.044931773879142003,339,1
656,"(3,2)",,False,72,"[14, 3, 2, 10, 4]",8,0.035672514619883,-44,295,7,0.023294346978557003,339,1
657,"(3,2)",,False,72,"[14, 3, 2, 10, 4]",8,0.035672514619883,-44,295,7,0.023294346978557003,339,1
658,"(5,1)",,False,72,"[5, 1, 15, 19, 18]",8,0.04074074074074,-42,297,8,0.039236981342244,339,1
659,"(5,1)",,False,72,"[5, 1, 15, 19, 18]",8,0.04074074074074,-42,297,8,0.039236981342244,339,1
660,"(14,1)",,False,72,"[7, 4, 14, 1, 15]",8,0.041163092917478,-42,298,9,0.049242765032238005,340,1
661,"(14,1)",,False,72,"[7, 4, 14, 1, 15]",8,0.041163092917478,-42,298,9,0.049242765032238005,340,1
662,"(13,5)",,False,70,"[16, 13, 4, 11, 5]",8,0.043762183235867,-44,298,9,0.061779448621553004,342,1
663,"(13,5)",,False,70,"[16, 13, 4, 11, 5]",8,0.043762183235867,-44,298,9,0.061779448621553004,342,1
664,"(5,0)",,False,70,"[15, 2, 5, 18, 0]",8,0.043762183235867,-44,299,9,0.061779448621553004,343,1
665,"(5,0)",,False,70,"[15, 2, 5, 18, 0]",8,0.043762183235867,-44,299,9,0.061779448621553004,343,1
666,"(3,12)",,False,71,"[10, 13, 3, 6, 12]",8,0.036647173489278005,-46,299,9,0.05807574491785,345,1
667,"(3,12)",,False,71,"[10, 13, 3, 6, 12]",8,0.036647173489278005,-46,299,9,0.05807574491785,345,1
668,"(9,16)",,False,71,"[9, 16, 12, 2, 8]",9,0.041910331384015,-48,299,9,0.058354218880534006,347,1
669,"(9,16)",,False,71,"[9, 16, 12, 2, 8]",9,0.041910331384015,-48,299,9,0.058354218880534006,347,1
670,"(0,2)",,False,69,"[10, 13, 0, 2, 8]",8,0.031481481481481,-50,299,8,0.048984105563052,349,1
671,"(0,2)",,False,69,"[10, 13, 0, 2, 8]",8,0.031481481481481,-50,299,8,0.048984105563052,349,1
672,"(17,7)",,False,69,"[4, 2, 17, 8, 7]",9,0.08859649122807,-48,301,8,0.050689758584495,349,1
673,"(17,7)",,False,69,"[4, 2, 17, 8, 7]",9,0.08859649122807,-48,301,8,0.050689758584495,349,1
674,"(17,15)",,False,67,"[14, 3, 17, 2, 15]",9,0.089181286549707,-46,303,7,0.039522417153996,349,1
675,"(17,15)",,False,67,"[14, 3, 17, 2, 15]",9,0.089181286549707,-46,303,7,0.039522417153996,349,1
676,"(6,15)",,False,67,"[4, 16, 6, 15, 19]",9,0.08927875243664701,-44,305,7,0.040497076023391004,349,1
677,"(6,15)",,False,67,"[4, 16, 6, 15, 19]",9,0.08927875243664701,-44,305,7,0.040497076023391004,349,1
678,"(3,0)",,False,67,"[18, 3, 7, 2, 0]",9,0.112698412698412,-42,307,7,0.029142300194931,349,1
679,"(3,0)",,False,67,"[18, 3, 7, 2, 0]",9,0.112698412698412,-42,307,7,0.029142300194931,349,1
680,"(0,6)",,False,67,"[0, 6, 1, 2, 14]",8,0.095196324143692,-40,309,7,0.031286549707602,349,1
681,"(0,6)",,False,67,"[0, 6, 1, 2, 14]",8,0.095196324143692,-40,309,7,0.031286549707602,349,1
682,"(14,1)",,False,67,"[13, 14, 0, 10, 1]",8,0.147382344750765,-38,311,8,0.041088833194096,349,1
683,"(14,1)",,False,67,"[13, 14, 0, 10, 1]",8,0.147382344750765,-38,311,8,0.041088833194096,349,1
684,"(12,19)",,False,67,"[14, 12, 19, 3, 18]",8,0.145920356446672,-36,313,8,0.041088833194096,349,1
685,"(12,19)",,False,67,"[14, 12, 19, 3, 18]",8,0.145920356446672,-36,313,8,0.041088833194096,349,1
686,"(6,4)",,False,65,"[15, 2, 6, 4, 5]",8,0.14919242550821402,-34,315,7,0.037625045519782005,349,1
687,"(6,4)",,False,65,"[15, 2, 6, 4, 5]",8,0.14919242550821402,-34,315,7,0.037625045519782005,349,1
688,"(12,5)",,False,67,"[12, 8, 14, 5, 17]",8,0.14005847953216302,-32,317,7,0.033475783475783005,349,1
689,"(12,5)",,False,67,"[12, 8, 14, 5, 17]",8,0.14005847953216302,-32,317,7,0.033475783475783005,349,1
690,"(1,16)",,False,67,"[13, 1, 4, 5, 16]",8,0.14444444444444401,-30,319,8,0.047096908939014005,349,1
691,"(1,16)",,False,67,"[13, 1, 4, 5, 16]",8,0.14444444444444401,-30,319,8,0.047096908939014005,349,1
692,"(4,0)",,False,67,"[2, 6, 4, 14, 0]",8,0.134210526315789,-28,321,8,0.05092217723796601,349,1
693,"(4,0)",,False,67,"[2, 6, 4, 14, 0]",8,0.134210526315789,-28,321,8,0.05092217723796601,349,1
694,"(16,0)",,False,66,"[3, 17, 16, 0, 11]",7,0.13251611935822402,-26,323,8,0.047505759347864,349,1
695,"(16,0)",,False,66,"[3, 17, 16, 0, 11]",7,0.13251611935822402,-26,323,8,0.047505759347864,349,1
696,"(14,16)",,False,66,"[2, 11, 14, 16, 17]",7,0.131379017343929,-24,325,8,0.049373855514206005,349,1
697,"(14,16)",,False,66,"[2, 11, 14, 16, 17]",7,0.131379017343929,-24,325,8,0.049373855514206005,349,1
698,"(1,9)",,False,68,"[1, 9, 17, 14, 5]",7,0.069873758470249,-24,326,9,0.09953587672885901,350,1
699,"(1,9)",,False,68,"[1, 9, 17, 14, 5]",7,0.069873758470249,-24,326,9,0.09953587672885901,350,1
700,"(19,7)",,False,68,"[6, 17, 13, 19, 7]",7,0.06857421331105501,-26,326,9,0.09128376496797501,352,1
701,"(19,7)",,False,68,"[6, 17, 13, 19, 7]",7,0.06857421331105501,-26,326,9,0.09128376496797501,352,1
702,"(2,1)",,False,70,"[16, 2, 1, 3, 0]",7,0.066682910981156,-28,326,10,0.103652650143878,354,1
703,"(2,1)",,False,70,"[16, 2, 1, 3, 0]",7,0.066682910981156,-28,326,10,0.103652650143878,354,1
704,"(15,2)",,False,70,"[19, 15, 11, 10, 2]",7,0.066682910981156,-30,326,10,0.104042513691636,356,1
705,"(15,2)",,False,70,"[19, 15, 11, 10, 2]",7,0.066682910981156,-30,326,10,0.104042513691636,356,1
706,"(8,9)",,False,70,"[8, 14, 9, 18, 16]",7,0.058160893687209,-32,326,10,0.08902330612856901,358,1
707,"(8,9)",,False,70,"[8, 14, 9, 18, 16]",7,0.058160893687209,-32,326,10,0.08902330612856901,358,1
708,"(0,9)",,False,68,"[5, 0, 2, 9, 17]",6,0.037037037037037,-34,326,10,0.098525207735734,360,1
709,"(0,9)",,False,68,"[5, 0, 2, 9, 17]",6,0.037037037037037,-34,326,10,0.098525207735734,360,1
710,"(16,13)",,False,69,"[16, 7, 5, 2, 13]",6,0.037037037037037,-36,326,10,0.094636211741474,362,1
711,"(16,13)",,False,69,"[16, 7, 5, 2, 13]",6,0.037037037037037,-36,326,10,0.094636211741474,362,1
712,"(6,3)",,False,69,"[19, 17, 9, 6, 3]",6,0.040005316321105,-38,326,10,0.07613960113960101,364,1
713,"(6,3)",,False,69,"[19, 17, 9, 6, 3]",6,0.040005316321105,-38,326,10,0.07613960113960101,364,1
714,"(19,1)",,False,69,"[19, 1, 3, 13, 10]",6,0.037361923326835,-40,326,10,0.07134937836692201,366,1
715,"(19,1)",,False,69,"[19, 1, 3, 13, 10]",6,0.037361923326835,-40,326,10,0.07134937836692201,366,1
716,"(11,1)",,False,71,"[3, 11, 8, 1, 18]",6,0.03625730994152,-42,326,11,0.078794207741576,368,1
717,"(11,1)",,False,71,"[3, 11, 8, 1, 18]",6,0.03625730994152,-42,326,11,0.078794207741576,368,1
718,"(13,18)",,False,69,"[13, 7, 18, 0, 3]",6,0.061842105263157005,-44,326,11,0.08127262600946801,370,1
719,"(13,18)",,False,69,"[13, 7, 18, 0, 3]",6,0.061842105263157005,-44,326,11,0.08127262600946801,370,1
720,"(8,12)",,False,71,"[8, 12, 17, 16, 15]",7,0.045918668725686,-46,326,11,0.07960295065558201,372,1
721,"(8,12)",,False,71,"[8, 12, 17, 16, 15]",7,0.045918668725686,-46,326,11,0.07960295065558201,372,1
722,"(11,18)",,False,71,"[11, 18, 5, 7, 19]",7,0.045733019417229,-48,326,11,0.069593596786579,374,1
723,"(11,18)",,False,71,"[11, 18, 5, 7, 19]",7,0.045733019417229,-48,326,11,0.069593596786579,374,1
724,"(15,9)",,False,71,"[6, 18, 15, 16, 9]",7,0.045733019417229,-50,326,11,0.07904029044379901,376,1
725,"(15,9)",,False,71,"[6, 18, 15, 16, 9]",7,0.045733019417229,-50,326,11,0.07904029044379901,376,1
726,"(5,17)",,False,74,"[8, 5, 18, 17, 2]",7,0.034911352455212,-52,326,11,0.06928325086219801,378,1
727,"(5,17)",,False,74,"[8, 5, 18, 17, 2]",7,0.034911352455212,-52,326,11,0.06928325086219801,378,1
728,"(10,0)",,False,71,"[3, 10, 14, 0, 2]",6,0.023271562745246003,-54,326,9,0.048346293083135004,380,1
729,"(10,0)",,False,71,"[3, 10, 14, 0, 2]",6,0.023271562745246003,-54,326,9,0.048346293083135004,380,1
730,"(18,12)",,False,71,"[18, 12, 13, 4, 14]",6,0.03104984683932,-54,327,9,0.049958228905597,381,1
731,"(18,12)",,False,71,"[18, 12, 13, 4, 14]",6,0.03104984683932,-54,327,9,0.049958228905597,381,1
732,"(8,12)",,False,73,"[8, 10, 12, 5, 13]",7,0.028422552106762002,-56,327,9,0.047435897435897004,383,1
733,"(8,12)",,False,73,"[8, 10, 12, 5, 13]",7,0.028422552106762002,-56,327,9,0.047435897435897004,383,1
734,"(15,11)",,False,74,"[15, 11, 19, 7, 8]",7,0.028947368421052003,-58,327,9,0.035672514619883,385,1
735,"(15,11)",,False,74,"[15, 11, 19, 7, 8]",7,0.028947368421052003,-58,327,9,0.035672514619883,385,1
736,"(4,6)",,False,74,"[4, 19, 11, 15, 6]",8,0.043242365172189004,-58,328,9,0.043892137751786006,386,1
737,"(4,6)",,False,74,"[4, 19, 11, 15, 6]",8,0.043242365172189004,-58,328,9,0.043892137751786006,386,1
738,"(5,0)",,False,74,"[5, 18, 11, 0, 12]",7,0.023261858349577003,-58,329,9,0.040513320337881006,387,1
739,"(5,0)",,False,74,"[5, 18, 11, 0, 12]",7,0.023261858349577003,-58,329,9,0.040513320337881006,387,1
740,"(18,2)",,False,76,"[18, 4, 13, 2, 9]",8,0.029304743339831,-60,329,9,0.040926811979443006,389,1
741,"(18,2)",,False,76,"[18, 4, 13, 2, 9]",8,0.029304743339831,-60,329,9,0.040926811979443006,389,1
742,"(15,4)",,False,77,"[7, 15, 18, 17, 4]",8,0.028947368421052003,-62,329,9,0.041130604288499004,391,1
743,"(15,4)",,False,77,"[7, 15, 18, 17, 4]",8,0.028947368421052003,-62,329,9,0.041130604288499004,391,1
744,"(6,16)",,False,77,"[8, 11, 6, 9, 16]",8,0.028265107212475,-64,329,9,0.046491228070175,393,1
745,"(6,16)",,False,77,"[8, 11, 6, 9, 16]",8,0.028265107212475,-64,329,9,0.046491228070175,393,1
746,"(12,11)",,False,79,"[13, 19, 12, 5, 11]",9,0.044346978557504003,-62,331,9,0.039278752436647,393,1
747,"(12,11)",,False,79,"[13, 19, 12, 5, 11]",9,0.044346978557504003,-62,331,9,0.039278752436647,393,1
748,"(6,19)",,False,81,"[6, 9, 19, 3, 11]",9,0.041812865497076,-60,333,9,0.034210526315789004,393,1
749,"(6,19)",,False,81,"[6, 9, 19, 3, 11]",9,0.041812865497076,-60,333,9,0.034210526315789004,393,1
750,"(4,8)",,False,83,"[2, 17, 4, 8, 6]",10,0.046393762183235,-58,335,9,0.031091617933723004,393,1
751,"(4,8)",,False,83,"[2, 17, 4, 8, 6]",10,0.046393762183235,-58,335,9,0.031091617933723004,393,1
752,"(17,0)",,False,82,"[15, 17, 19, 5, 0]",9,0.040643274853801,-56,337,9,0.028362573099415003,393,1
753,"(17,0)",,False,82,"[15, 17, 19, 5, 0]",9,0.040643274853801,-56,337,9,0.028362573099415003,393,1
754,"(12,13)",,False,85,"[12, 10, 19, 13, 18]",9,0.03635477582846,-54,339,9,0.026225285435811003,393,1
755,"(12,13)",,False,85,"[12, 10, 19, 13, 18]",9,0.03635477582846,-54,339,9,0.026225285435811003,393,1
756,"(12,6)",,False,85,"[12, 3, 4, 6, 8]",9,0.036842105263157,-52,341,9,0.026225285435811003,393,1
757,"(12,6)",,False,85,"[12, 3, 4, 6, 8]",9,0.036842105263157,-52,341,9,0.026225285435811003,393,1
758,"(6,16)",,False,84,"[19, 12, 14, 6, 16]",10,0.042794486215538004,-50,343,8,0.030896686159844002,393,1
759,"(6,16)",,False,84,"[19, 12, 14, 6, 16]",10,0.042794486215538004,-50,343,8,0.030896686159844002,393,1
760,"(0,2)",,False,84,"[5, 16, 19, 0, 2]",10,0.044938735728209,-48,345,8,0.02719298245614,393,1
761,"(0,2)",,False,84,"[5, 16, 19, 0, 2]",10,0.044938735728209,-48,345,8,0.02719298245614,393,1
762,"(13,1)",,False,84,"[4, 13, 18, 6, 1]",10,0.043908382066276,-46,347,9,0.034210526315789004,393,1
763,"(13,1)",,False,84,"[4, 13, 18, 6, 1]",10,0.043908382066276,-46,347,9,0.034210526315789004,393,1
764,"(6,19)",,False,86,"[6, 7, 13, 5, 19]",11,0.050494291283764,-44,349,9,0.031676413255360004,393,1
765,"(6,19)",,False,86,"[6, 7, 13, 5, 19]",11,0.050494291283764,-44,349,9,0.031676413255360004,393,1
766,"(9,19)",,False,88,"[11, 15, 9, 19, 16]",12,0.063847117794486,-42,351,9,0.029922027290448003,393,1
767,"(9,19)",,False,88,"[11, 15, 9, 19, 16]",12,0.063847117794486,-42,351,9,0.029922027290448003,393,1
768,"(16,12)",,False,88,"[16, 18, 12, 8, 4]",12,0.06720969089390101,-40,353,9,0.029142300194931,393,1
769,"(16,12)",,False,88,"[16, 18, 12, 8, 4]",12,0.06720969089390101,-40,353,9,0.029142300194931,393,1
770,"(10,1)",,False,88,"[16, 10, 1, 17, 13]",12,0.069500139236981,-38,355,10,0.036159844054580004,393,1
771,"(10,1)",,False,88,"[16, 10, 1, 17, 13]",12,0.069500139236981,-38,355,10,0.036159844054580004,393,1
772,"(15,5)",,False,88,"[15, 5, 13, 4, 9]",13,0.081390977443609,-36,357,10,0.036647173489278005,393,1
773,"(15,5)",,False,88,"[15, 5, 13, 4, 9]",13,0.081390977443609,-36,357,10,0.036647173489278005,393,1
774,"(10,0)",,False,88,"[15, 10, 14, 3, 0]",13,0.079636591478696,-34,359,10,0.036842105263157,393,1
775,"(10,0)",,False,88,"[15, 10, 14, 3, 0]",13,0.079636591478696,-34,359,10,0.036842105263157,393,1
776,"(4,7)",,False,88,"[4, 10, 5, 7, 6]",13,0.088408521303258,-32,361,10,0.036062378167641004,393,1
777,"(4,7)",,False,88,"[4, 10, 5, 7, 6]",13,0.088408521303258,-32,361,10,0.036062378167641004,393,1
778,"(5,12)",,False,88,"[13, 15, 5, 9, 12]",13,0.095537454747981,-30,363,10,0.035240879977722,393,1
779,"(5,12)",,False,88,"[13, 15, 5, 9, 12]",13,0.095537454747981,-30,363,10,0.035240879977722,393,1
780,"(18,7)",,False,88,"[18, 8, 7, 15, 19]",13,0.094572078344008,-28,365,9,0.026566416040100002,393,1
781,"(18,7)",,False,88,"[18, 8, 7, 15, 19]",13,0.094572078344008,-28,365,9,0.026566416040100002,393,1
782,"(9,6)",,False,90,"[9, 6, 5, 15, 13]",13,0.08858488814629101,-26,367,9,0.022180451127819002,393,1
783,"(9,6)",,False,90,"[9, 6, 5, 15, 13]",13,0.08858488814629101,-26,367,9,0.022180451127819002,393,1
784,"(4,0)",,False,90,"[12, 1, 4, 19, 0]",13,0.08620393576533901,-24,369,9,0.022960178223336,393,1
785,"(4,0)",,False,90,"[12, 1, 4, 19, 0]",13,0.08620393576533901,-24,369,9,0.022960178223336,393,1
786,"(9,18)",,False,92,"[9, 8, 5, 14, 18]",13,0.08406896871809101,-22,371,9,0.019945697577276003,393,1
787,"(9,18)",,False,92,"[9, 8, 5, 14, 18]",13,0.08406896871809101,-22,371,9,0.019945697577276003,393,1
788,"(1,3)",,False,92,"[1, 4, 19, 6, 3]",13,0.087285342987097,-20,373,10,0.026670843776106002,393,1
789,"(1,3)",,False,92,"[1, 4, 19, 6, 3]",13,0.087285342987097,-20,373,10,0.026670843776106002,393,1
790,"(0,13)",,False,90,"[7, 0, 6, 14, 13]",12,0.077566601689408,-18,375,10,0.027826510721247002,393,1
791,"(0,13)",,False,90,"[7, 0, 6, 14, 13]",12,0.077566601689408,-18,375,10,0.027826510721247002,393,1
792,"(2,11)",,False,90,"[6, 2, 11, 7, 9]",12,0.06343404808317,-16,377,10,0.027882205513784,393,1
793,"(2,11)",,False,90,"[6, 2, 11, 7, 9]",12,0.06343404808317,-16,377,10,0.027882205513784,393,1
794,"(1,9)",,False,90,"[3, 1, 7, 11, 9]",12,0.068193632228719,-14,379,11,0.041235032024505,393,1
795,"(1,9)",,False,90,"[3, 1, 7, 11, 9]",12,0.068193632228719,-14,379,11,0.041235032024505,393,1
796,"(0,7)",,False,90,"[18, 8, 0, 7, 11]",11,0.057764782326185,-12,381,11,0.037336396546922,393,1
797,"(0,7)",,False,90,"[18, 8, 0, 7, 11]",11,0.057764782326185,-12,381,11,0.037336396546922,393,1
798,"(15,3)",,False,88,"[6, 15, 16, 12, 3]",11,0.059136266592406006,-10,383,10,0.034990253411306,393,1
799,"(15,3)",,False,88,"[6, 15, 16, 12, 3]",11,0.059136266592406006,-10,383,10,0.034990253411306,393,1
