,actionDetail,actionType,bonusActivated,graphEdgeCount,nodeList,p1Degree,p1Score,p1WinAdvantage,p1WinCount,p2Degree,p2Score,p2WinCount,player
0,"(4,10)",,False,2,"[0, 4, 10, 12, 5]",0,-0.001,0,0,0,-0.001,0,1
1,"(4,10)",,False,2,"[0, 4, 10, 12, 5]",0,-0.001,0,0,0,-0.001,0,1
2,"(12,14)",,False,5,"[12, 10, 14, 5, 15]",2,0.017543859649122,2,2,0,-0.001,0,1
3,"(12,14)",,False,5,"[12, 10, 14, 5, 15]",2,0.017543859649122,2,2,0,-0.001,0,1
4,"(7,19)",,False,7,"[0, 7, 19, 17, 8]",2,0.023391812865497002,4,4,0,-0.001,0,1
5,"(7,19)",,False,7,"[0, 7, 19, 17, 8]",2,0.023391812865497002,4,4,0,-0.001,0,1
6,"(18,12)",,False,9,"[4, 18, 12, 15, 6]",2,0.029239766081871003,6,6,0,-0.001,0,1
7,"(18,12)",,False,9,"[4, 18, 12, 15, 6]",2,0.029239766081871003,6,6,0,-0.001,0,1
8,16:4,assassinate,True,8,"[16, 17, 13, 9, 0]",2,0.023391812865497002,8,8,0,-0.001,0,1
9,16:4,assassinate,True,8,"[16, 17, 13, 9, 0]",2,0.023391812865497002,8,8,0,-0.001,0,1
10,4:8,assassinate,True,5,"[13, 9, 2, 4, 17]",2,0.017543859649122,10,10,0,-0.001,0,1
11,4:8,assassinate,True,5,"[13, 9, 2, 4, 17]",2,0.017543859649122,10,10,0,-0.001,0,1
12,12:4,assassinate,True,4,"[14, 12, 13, 19, 10]",2,0.005847953216374001,12,12,0,-0.001,0,1
13,12:4,assassinate,True,4,"[14, 12, 13, 19, 10]",2,0.005847953216374001,12,12,0,-0.001,0,1
14,"(17,1)",,False,6,"[17, 3, 4, 1, 9]",2,0.011695906432748001,14,14,1,0.0,0,1
15,"(17,1)",,False,6,"[17, 3, 4, 1, 9]",2,0.011695906432748001,14,14,1,0.0,0,1
16,"(10,15)",,False,8,"[10, 15, 4, 14, 0]",2,0.035087719298245,16,16,1,0.0,0,1
17,"(10,15)",,False,8,"[10, 15, 4, 14, 0]",2,0.035087719298245,16,16,1,0.0,0,1
18,"(7,2)",,False,11,"[3, 7, 11, 2, 17]",2,0.005847953216374001,18,18,1,0.0,0,1
19,"(7,2)",,False,11,"[3, 7, 11, 2, 17]",2,0.005847953216374001,18,18,1,0.0,0,1
20,"(0,15)",,False,11,"[7, 0, 15, 3, 11]",2,0.005847953216374001,20,20,1,0.0,0,1
21,"(0,15)",,False,11,"[7, 0, 15, 3, 11]",2,0.005847953216374001,20,20,1,0.0,0,1
22,"(8,16)",,False,14,"[19, 8, 2, 7, 16]",2,0.014619883040935,22,22,1,0.0,0,1
23,"(8,16)",,False,14,"[19, 8, 2, 7, 16]",2,0.014619883040935,22,22,1,0.0,0,1
24,"(0,18)",,False,14,"[0, 18, 10, 3, 12]",2,0.070175438596491,24,24,1,0.0,0,1
25,"(0,18)",,False,14,"[0, 18, 10, 3, 12]",2,0.070175438596491,24,24,1,0.0,0,1
26,"(6,14)",,False,16,"[6, 14, 10, 12, 9]",2,0.040935672514619006,26,26,1,0.0,0,1
27,"(6,14)",,False,16,"[6, 14, 10, 12, 9]",2,0.040935672514619006,26,26,1,0.0,0,1
28,"(17,9)",,False,16,"[17, 4, 10, 9, 2]",2,0.035087719298245,28,28,1,0.0,0,1
29,"(17,9)",,False,16,"[17, 4, 10, 9, 2]",2,0.035087719298245,28,28,1,0.0,0,1
30,"(10,9)",,False,18,"[10, 9, 11, 17, 13]",2,0.040935672514619006,30,30,1,0.0,0,1
31,"(10,9)",,False,18,"[10, 9, 11, 17, 13]",2,0.040935672514619006,30,30,1,0.0,0,1
32,"(11,1)",,False,18,"[11, 18, 7, 1, 9]",2,0.08187134502923901,31,31,2,0.08187134502923901,0,1
33,"(11,1)",,False,18,"[11, 18, 7, 1, 9]",2,0.08187134502923901,31,31,2,0.08187134502923901,0,1
34,"(19,7)",,False,20,"[19, 7, 5, 17, 18]",2,0.049707602339181006,31,32,2,0.087719298245614,1,1
35,"(19,7)",,False,20,"[19, 7, 5, 17, 18]",2,0.049707602339181006,31,32,2,0.087719298245614,1,1
36,"(0,14)",,False,20,"[5, 0, 8, 14, 10]",1,0.0,32,33,2,0.0,1,1
37,"(0,14)",,False,20,"[5, 0, 8, 14, 10]",1,0.0,32,33,2,0.0,1,1
38,"(1,5)",,False,22,"[1, 0, 3, 5, 18]",1,0.0,31,33,3,0.09356725146198801,2,1
39,"(1,5)",,False,22,"[1, 0, 3, 5, 18]",1,0.0,31,33,3,0.09356725146198801,2,1
40,"(2,11)",,False,24,"[2, 11, 10, 13, 8]",2,0.09941520467836201,31,33,3,0.09941520467836201,2,1
41,"(2,11)",,False,24,"[2, 11, 10, 13, 8]",2,0.09941520467836201,31,33,3,0.09941520467836201,2,1
42,"(4,0)",,False,24,"[4, 10, 12, 0, 14]",1,0.0,30,33,3,0.09356725146198801,3,1
43,"(4,0)",,False,24,"[4, 10, 12, 0, 14]",1,0.0,30,33,3,0.09356725146198801,3,1
44,"(16,14)",,True,26,"[5, 16, 14, 7, 8]",1,0.0,28,33,3,0.09356725146198801,5,1
45,"(16,14)",,True,26,"[5, 16, 14, 7, 8]",1,0.0,28,33,3,0.09356725146198801,5,1
46,"(15,4)",,False,28,"[15, 4, 16, 0, 11]",1,0.0,26,33,3,0.09941520467836201,7,1
47,"(15,4)",,False,28,"[15, 4, 16, 0, 11]",1,0.0,26,33,3,0.09941520467836201,7,1
48,"(15,10)",,False,28,"[15, 10, 3, 0, 11]",1,0.0,24,33,3,0.09941520467836201,9,1
49,"(15,10)",,False,28,"[15, 10, 3, 0, 11]",1,0.0,24,33,3,0.09941520467836201,9,1
50,"(9,14)",,False,29,"[6, 9, 0, 14, 5]",2,0.040698969646338005,22,33,3,0.09941520467836201,11,1
51,"(9,14)",,False,29,"[6, 9, 0, 14, 5]",2,0.040698969646338005,22,33,3,0.09941520467836201,11,1
52,2:8,assassinate,True,24,"[6, 5, 8, 17, 2]",1,0.0,20,33,2,0.09356725146198801,13,1
53,2:8,assassinate,True,24,"[6, 5, 8, 17, 2]",1,0.0,20,33,2,0.09356725146198801,13,1
54,"(7,1)",,False,24,"[7, 8, 6, 1, 0]",1,0.0,18,33,3,0.11131996658312401,15,1
55,"(7,1)",,False,24,"[7, 8, 6, 1, 0]",1,0.0,18,33,3,0.11131996658312401,15,1
56,"(13,1)",,False,26,"[11, 13, 1, 15, 7]",2,0.09941520467836201,16,33,4,0.226677805625174,17,1
57,"(13,1)",,False,26,"[11, 13, 1, 15, 7]",2,0.09941520467836201,16,33,4,0.226677805625174,17,1
58,"(0,7)",,False,26,"[16, 0, 7, 12, 13]",1,0.0,14,33,4,0.18079922027290402,19,1
59,"(0,7)",,False,26,"[16, 0, 7, 12, 13]",1,0.0,14,33,4,0.18079922027290402,19,1
60,"(1,12)",,False,28,"[5, 19, 1, 15, 12]",1,0.0,12,33,5,0.20029239766081802,21,1
61,"(1,12)",,False,28,"[5, 19, 1, 15, 12]",1,0.0,12,33,5,0.20029239766081802,21,1
62,"(18,1)",,False,30,"[18, 19, 17, 5, 1]",1,0.0,10,33,6,0.214132553606237,23,1
63,"(18,1)",,False,30,"[18, 19, 17, 5, 1]",1,0.0,10,33,6,0.214132553606237,23,1
64,"(13,5)",,False,30,"[6, 18, 13, 5, 8]",1,0.0,8,33,5,0.20828460038986302,25,1
65,"(13,5)",,False,30,"[6, 18, 13, 5, 8]",1,0.0,8,33,5,0.20828460038986302,25,1
66,"(4,3)",,False,32,"[8, 4, 3, 9, 2]",1,0.0,6,33,5,0.23362573099415201,27,1
67,"(4,3)",,False,32,"[8, 4, 3, 9, 2]",1,0.0,6,33,5,0.23362573099415201,27,1
68,"(1,9)",,False,34,"[1, 16, 9, 5, 15]",1,0.0,4,33,6,0.15038986354775802,29,1
69,"(1,9)",,False,34,"[1, 16, 9, 5, 15]",1,0.0,4,33,6,0.15038986354775802,29,1
70,"(4,18)",,False,36,"[3, 4, 16, 5, 18]",1,0.0,2,33,6,0.132358674463937,31,1
71,"(4,18)",,False,36,"[3, 4, 16, 5, 18]",1,0.0,2,33,6,0.132358674463937,31,1
72,"(1,8)",,False,38,"[10, 5, 1, 8, 18]",1,0.0,0,33,7,0.160916179337231,33,1
73,"(1,8)",,False,38,"[10, 5, 1, 8, 18]",1,0.0,0,33,7,0.160916179337231,33,1
74,"(15,17)",,False,38,"[4, 5, 15, 13, 17]",1,0.0,-2,33,7,0.160209283893494,35,1
75,"(15,17)",,False,38,"[4, 5, 15, 13, 17]",1,0.0,-2,33,7,0.160209283893494,35,1
76,"(4,14)",,False,38,"[4, 17, 14, 3, 12]",1,0.0,-4,33,7,0.18615984405458003,37,1
77,"(4,14)",,False,38,"[4, 17, 14, 3, 12]",1,0.0,-4,33,7,0.18615984405458003,37,1
78,"(8,5)",,False,39,"[8, 11, 13, 12, 5]",1,0.0,-6,33,7,0.159844054580896,39,1
79,"(8,5)",,False,39,"[8, 11, 13, 12, 5]",1,0.0,-6,33,7,0.159844054580896,39,1
80,"(12,14)",,False,37,"[0, 12, 13, 14, 18]",1,0.0,-8,33,6,0.11559454191033101,41,1
81,"(12,14)",,False,37,"[0, 12, 13, 14, 18]",1,0.0,-8,33,6,0.11559454191033101,41,1
82,"(5,14)",,False,37,"[0, 5, 19, 18, 14]",2,0.016764132553606002,-10,33,6,0.153086419753086,43,1
83,"(5,14)",,False,37,"[0, 5, 19, 18, 14]",2,0.016764132553606002,-10,33,6,0.153086419753086,43,1
84,"(13,12)",,False,37,"[6, 13, 18, 12, 8]",2,0.016764132553606002,-12,33,5,0.12904483430799202,45,1
85,"(13,12)",,False,37,"[6, 13, 18, 12, 8]",2,0.016764132553606002,-12,33,5,0.12904483430799202,45,1
86,"(13,5)",,False,37,"[13, 4, 5, 7, 0]",2,0.016764132553606002,-14,33,5,0.139766081871345,47,1
87,"(13,5)",,False,37,"[13, 4, 5, 7, 0]",2,0.016764132553606002,-14,33,5,0.139766081871345,47,1
88,"(4,0)",,False,37,"[3, 4, 0, 7, 14]",1,0.0,-16,33,5,0.071734892787524,49,1
89,"(4,0)",,False,37,"[3, 4, 0, 7, 14]",1,0.0,-16,33,5,0.071734892787524,49,1
90,"(1,4)",,False,39,"[7, 8, 1, 4, 0]",1,0.0,-18,33,6,0.103870788081314,51,1
91,"(1,4)",,False,39,"[7, 8, 1, 4, 0]",1,0.0,-18,33,6,0.103870788081314,51,1
92,"(0,12)",,False,41,"[7, 0, 19, 17, 12]",2,0.0029239766081870003,-20,33,6,0.09451406293511501,53,1
93,"(0,12)",,False,41,"[7, 0, 19, 17, 12]",2,0.0029239766081870003,-20,33,6,0.09451406293511501,53,1
94,"(4,6)",,False,43,"[14, 4, 0, 11, 6]",2,0.002680311890838,-22,33,6,0.061744639376218005,55,1
95,"(4,6)",,False,43,"[14, 4, 0, 11, 6]",2,0.002680311890838,-22,33,6,0.061744639376218005,55,1
96,"(1,2)",,False,45,"[5, 1, 16, 9, 2]",2,0.002534113060428,-24,33,7,0.154678362573099,57,1
97,"(1,2)",,False,45,"[5, 1, 16, 9, 2]",2,0.002534113060428,-24,33,7,0.154678362573099,57,1
98,"(8,5)",,False,47,"[8, 6, 10, 5, 0]",2,0.00248094984937,-26,33,7,0.148241183767499,59,1
99,"(8,5)",,False,47,"[8, 6, 10, 5, 0]",2,0.00248094984937,-26,33,7,0.148241183767499,59,1
100,"(14,6)",,False,46,"[16, 10, 9, 14, 6]",2,0.0047340573656360005,-28,33,6,0.044312169312169004,61,1
101,"(14,6)",,False,46,"[16, 10, 9, 14, 6]",2,0.0047340573656360005,-28,33,6,0.044312169312169004,61,1
102,"(3,0)",,False,47,"[6, 10, 7, 3, 0]",3,0.021400724032302,-28,34,6,0.043727373990531004,62,1
103,"(3,0)",,False,47,"[6, 10, 7, 3, 0]",3,0.021400724032302,-28,34,6,0.043727373990531004,62,1
104,"(7,18)",,False,45,"[7, 18, 10, 3, 19]",3,0.026134781397939,-30,34,6,0.052220829852408,64,1
105,"(7,18)",,False,45,"[7, 18, 10, 3, 19]",3,0.026134781397939,-30,34,6,0.052220829852408,64,1
106,"(2,9)",,False,45,"[2, 17, 9, 8, 16]",3,0.025536062378167003,-32,34,6,0.054100529100529,66,1
107,"(2,9)",,False,45,"[2, 17, 9, 8, 16]",3,0.025536062378167003,-32,34,6,0.054100529100529,66,1
108,"(10,0)",,False,45,"[5, 10, 3, 8, 0]",2,0.005847953216374001,-34,34,6,0.049220272904483005,68,1
109,"(10,0)",,False,45,"[5, 10, 3, 8, 0]",2,0.005847953216374001,-34,34,6,0.049220272904483005,68,1
110,"(4,9)",,False,45,"[19, 10, 2, 4, 9]",3,0.020175438596491003,-36,34,6,0.07341966026176501,70,1
111,"(4,9)",,False,45,"[19, 10, 2, 4, 9]",3,0.020175438596491003,-36,34,6,0.07341966026176501,70,1
112,"(5,9)",,False,45,"[5, 2, 6, 10, 9]",3,0.019409635199108002,-38,34,6,0.05849345586187601,72,1
113,"(5,9)",,False,45,"[5, 2, 6, 10, 9]",3,0.019409635199108002,-38,34,6,0.05849345586187601,72,1
114,"(6,13)",,False,45,"[6, 7, 10, 13, 5]",3,0.019688109161793,-40,34,6,0.05687830687830601,74,1
115,"(6,13)",,False,45,"[6, 7, 10, 13, 5]",3,0.019688109161793,-40,34,6,0.05687830687830601,74,1
116,"(1,8)",,False,47,"[2, 4, 1, 8, 12]",3,0.017007797270955,-42,34,7,0.07480506822612,76,1
117,"(1,8)",,False,47,"[2, 4, 1, 8, 12]",3,0.017007797270955,-42,34,7,0.07480506822612,76,1
118,"(12,7)",,False,47,"[16, 12, 7, 11, 8]",4,0.030270119743803003,-44,34,7,0.08758006126427101,78,1
119,"(12,7)",,False,47,"[16, 12, 7, 11, 8]",4,0.030270119743803003,-44,34,7,0.08758006126427101,78,1
120,"(14,7)",,False,45,"[10, 4, 14, 6, 7]",4,0.032121971595655004,-46,34,6,0.07418546365914701,80,1
121,"(14,7)",,False,45,"[10, 4, 14, 6, 7]",4,0.032121971595655004,-46,34,6,0.07418546365914701,80,1
122,"(1,18)",,False,45,"[1, 18, 7, 17, 15]",4,0.030458089668615,-48,34,6,0.08849902534113001,82,1
123,"(1,18)",,False,45,"[1, 18, 7, 17, 15]",4,0.030458089668615,-48,34,6,0.08849902534113001,82,1
124,"(15,17)",,False,45,"[16, 15, 17, 13, 14]",4,0.023148148148148,-50,34,5,0.05687830687830601,84,1
125,"(15,17)",,False,45,"[16, 15, 17, 13, 14]",4,0.023148148148148,-50,34,5,0.05687830687830601,84,1
126,"(12,0)",,False,45,"[10, 19, 14, 12, 0]",3,0.009941520467836001,-52,34,5,0.04948482316903301,86,1
127,"(12,0)",,False,45,"[10, 19, 14, 12, 0]",3,0.009941520467836001,-52,34,5,0.04948482316903301,86,1
128,"(1,9)",,False,45,"[1, 9, 15, 13, 11]",3,0.009941520467836001,-54,34,5,0.062768031189083,88,1
129,"(1,9)",,False,45,"[1, 9, 15, 13, 11]",3,0.009941520467836001,-54,34,5,0.062768031189083,88,1
130,"(3,15)",,False,47,"[6, 14, 5, 3, 15]",4,0.030952380952380003,-56,34,5,0.06044277360066801,90,1
131,"(3,15)",,False,47,"[6, 14, 5, 3, 15]",4,0.030952380952380003,-56,34,5,0.06044277360066801,90,1
132,"(2,8)",,False,49,"[2, 7, 8, 0, 4]",4,0.030221386800334003,-58,34,5,0.056126427179058004,92,1
133,"(2,8)",,False,49,"[2, 7, 8, 0, 4]",4,0.030221386800334003,-58,34,5,0.056126427179058004,92,1
134,"(7,19)",,False,49,"[7, 19, 6, 8, 3]",4,0.030221386800334003,-60,34,5,0.068518518518518,94,1
135,"(7,19)",,False,49,"[7, 19, 6, 8, 3]",4,0.030221386800334003,-60,34,5,0.068518518518518,94,1
136,"(10,19)",,False,51,"[10, 4, 2, 8, 19]",5,0.033382066276803006,-62,34,5,0.06839320523531,96,1
137,"(10,19)",,False,51,"[10, 4, 2, 8, 19]",5,0.033382066276803006,-62,34,5,0.06839320523531,96,1
138,"(5,12)",,False,49,"[3, 5, 10, 9, 12]",5,0.036236424394319004,-64,34,4,0.057699805068226,98,1
139,"(5,12)",,False,49,"[3, 5, 10, 9, 12]",5,0.036236424394319004,-64,34,4,0.057699805068226,98,1
140,"(11,3)",,False,51,"[11, 12, 18, 16, 3]",5,0.038429406850459,-64,35,4,0.040559732664995005,99,1
141,"(11,3)",,False,51,"[11, 12, 18, 16, 3]",5,0.038429406850459,-64,35,4,0.040559732664995005,99,1
142,"(2,15)",,False,53,"[12, 4, 13, 2, 15]",5,0.033263714842662,-62,37,4,0.029643553327763004,99,1
143,"(2,15)",,False,53,"[12, 4, 13, 2, 15]",5,0.033263714842662,-62,37,4,0.029643553327763004,99,1
144,"(1,8)",,True,52,"[19, 1, 8, 14, 6]",5,0.043126334354404,-62,38,5,0.043964076858813005,100,1
145,"(1,8)",,True,52,"[19, 1, 8, 14, 6]",5,0.043126334354404,-62,38,5,0.043964076858813005,100,1
146,"(19,1)",,True,55,"[19, 1, 7, 8, 9]",7,0.07941845354126001,-60,40,6,0.042372134038800004,100,1
147,"(19,1)",,True,55,"[19, 1, 7, 8, 9]",7,0.07941845354126001,-60,40,6,0.042372134038800004,100,1
148,"(18,8)",,False,54,"[16, 7, 6, 18, 8]",7,0.09664206813329601,-58,42,6,0.05158498097094501,100,1
149,"(18,8)",,False,54,"[16, 7, 6, 18, 8]",7,0.09664206813329601,-58,42,6,0.05158498097094501,100,1
150,"(12,13)",,False,51,"[12, 4, 5, 13, 6]",7,0.10902255639097701,-56,44,6,0.061702868281815,100,1
151,"(12,13)",,False,51,"[12, 4, 5, 13, 6]",7,0.10902255639097701,-56,44,6,0.061702868281815,100,1
152,"(6,10)",,False,51,"[7, 6, 16, 10, 12]",7,0.106209969367864,-54,46,6,0.057121971595655005,100,1
153,"(6,10)",,False,51,"[7, 6, 16, 10, 12]",7,0.106209969367864,-54,46,6,0.057121971595655005,100,1
154,"(8,13)",,False,51,"[4, 8, 13, 3, 14]",7,0.10781815650236701,-52,48,6,0.059071289334447004,100,1
155,"(8,13)",,False,51,"[4, 8, 13, 3, 14]",7,0.10781815650236701,-52,48,6,0.059071289334447004,100,1
156,"(5,3)",,False,53,"[6, 12, 5, 19, 3]",8,0.112048640118815,-50,50,6,0.05840527244036001,100,1
157,"(5,3)",,False,53,"[6, 12, 5, 19, 3]",8,0.112048640118815,-50,50,6,0.05840527244036001,100,1
158,"(15,1)",,False,52,"[15, 8, 1, 5, 3]",8,0.16864972259709102,-48,52,7,0.07932223721697401,100,1
159,"(15,1)",,False,52,"[15, 8, 1, 5, 3]",8,0.16864972259709102,-48,52,7,0.07932223721697401,100,1
160,"(6,16)",,False,52,"[12, 19, 4, 6, 16]",8,0.17192982456140302,-46,54,6,0.06496101364522401,100,1
161,"(6,16)",,False,52,"[12, 19, 4, 6, 16]",8,0.17192982456140302,-46,54,6,0.06496101364522401,100,1
162,"(13,19)",,False,52,"[13, 15, 7, 19, 3]",8,0.114132553606237,-44,56,6,0.066910331384015,100,1
163,"(13,19)",,False,52,"[13, 15, 7, 19, 3]",8,0.114132553606237,-44,56,6,0.066910331384015,100,1
164,"(13,1)",,False,52,"[9, 6, 13, 1, 14]",8,0.10566061618693101,-42,58,6,0.07746006430216901,100,1
165,"(13,1)",,False,52,"[9, 6, 13, 1, 14]",8,0.10566061618693101,-42,58,6,0.07746006430216901,100,1
166,"(12,9)",,False,52,"[12, 14, 9, 6, 8]",8,0.09862914862914801,-40,60,6,0.067748284853548,100,1
167,"(12,9)",,False,52,"[12, 14, 9, 6, 8]",8,0.09862914862914801,-40,60,6,0.067748284853548,100,1
168,"(1,17)",,False,52,"[4, 16, 1, 19, 17]",8,0.114132553606237,-38,62,7,0.11157059314954001,100,1
169,"(1,17)",,False,52,"[4, 16, 1, 19, 17]",8,0.114132553606237,-38,62,7,0.11157059314954001,100,1
170,"(0,5)",,False,52,"[0, 19, 14, 5, 11]",7,0.096579833421938,-38,63,7,0.102200366235453,101,1
171,"(0,5)",,False,52,"[0, 19, 14, 5, 11]",7,0.096579833421938,-38,63,7,0.102200366235453,101,1
172,"(11,9)",,False,54,"[7, 14, 11, 9, 6]",7,0.09053694843168501,-38,64,7,0.091316675527201,102,1
173,"(11,9)",,False,54,"[7, 14, 11, 9, 6]",7,0.09053694843168501,-38,64,7,0.091316675527201,102,1
174,"(1,10)",,False,55,"[12, 13, 1, 18, 10]",7,0.08265613528771401,-38,65,8,0.111612786174189,103,1
175,"(1,10)",,False,55,"[12, 13, 1, 18, 10]",7,0.08265613528771401,-38,65,8,0.111612786174189,103,1
176,"(17,4)",,False,57,"[17, 8, 4, 18, 16]",8,0.09532670058985801,-40,65,8,0.104107912879842,105,1
177,"(17,4)",,False,57,"[17, 8, 4, 18, 16]",8,0.09532670058985801,-40,65,8,0.104107912879842,105,1
178,"(4,13)",,False,59,"[4, 13, 2, 12, 18]",8,0.07018514299216,-42,65,8,0.085250584373391,107,1
179,"(4,13)",,False,59,"[4, 13, 2, 12, 18]",8,0.07018514299216,-42,65,8,0.085250584373391,107,1
180,"(13,15)",,False,61,"[13, 16, 7, 15, 9]",9,0.07858807858807801,-40,67,8,0.071558233838935,107,1
181,"(13,15)",,False,61,"[13, 16, 7, 15, 9]",9,0.07858807858807801,-40,67,8,0.071558233838935,107,1
182,"(2,6)",,False,63,"[2, 6, 15, 7, 18]",9,0.070043796359585,-38,69,8,0.069748867117288,107,1
183,"(2,6)",,False,63,"[2, 6, 15, 7, 18]",9,0.070043796359585,-38,69,8,0.069748867117288,107,1
184,"(1,5)",,False,63,"[4, 1, 3, 5, 17]",9,0.078965219316096,-36,71,8,0.061847996058522,107,1
185,"(1,5)",,False,63,"[4, 1, 3, 5, 17]",9,0.078965219316096,-36,71,8,0.061847996058522,107,1
186,"(13,17)",,False,65,"[19, 9, 4, 13, 17]",10,0.082964355332776,-34,73,8,0.058660540239487004,107,1
187,"(13,17)",,False,65,"[19, 9, 4, 13, 17]",10,0.082964355332776,-34,73,8,0.058660540239487004,107,1
188,"(10,0)",,False,65,"[11, 9, 10, 0, 13]",9,0.05866750208855401,-34,74,8,0.060749094959621004,108,1
189,"(10,0)",,False,65,"[11, 9, 10, 0, 13]",9,0.05866750208855401,-34,74,8,0.060749094959621004,108,1
190,"(3,0)",,False,63,"[3, 14, 0, 6, 12]",8,0.05382955251376301,-36,74,8,0.06524109418846201,110,1
191,"(3,0)",,False,63,"[3, 14, 0, 6, 12]",8,0.05382955251376301,-36,74,8,0.06524109418846201,110,1
192,"(12,7)",,False,61,"[12, 1, 0, 10, 7]",8,0.06785018100807501,-36,75,8,0.075341130604288,111,1
193,"(12,7)",,False,61,"[12, 1, 0, 10, 7]",8,0.06785018100807501,-36,75,8,0.075341130604288,111,1
194,"(8,0)",,False,61,"[3, 11, 8, 0, 7]",7,0.049907597276018005,-38,75,8,0.07911445279866301,113,1
195,"(8,0)",,False,61,"[3, 11, 8, 0, 7]",7,0.049907597276018005,-38,75,8,0.07911445279866301,113,1
196,"(15,8)",,False,59,"[10, 19, 15, 8, 7]",7,0.051369163649865004,-40,75,7,0.082213108528897,115,1
197,"(15,8)",,False,59,"[10, 19, 15, 8, 7]",7,0.051369163649865004,-40,75,7,0.082213108528897,115,1
198,"(12,10)",,False,60,"[14, 12, 5, 16, 10]",9,0.094529252423989,-38,77,7,0.076715779347358,115,1
199,"(12,10)",,False,60,"[14, 12, 5, 16, 10]",9,0.094529252423989,-38,77,7,0.076715779347358,115,1
200,"(14,2)",,False,60,"[14, 7, 2, 15, 18]",9,0.091439879159177,-36,79,6,0.048329578154139005,115,1
201,"(14,2)",,False,60,"[14, 7, 2, 15, 18]",9,0.091439879159177,-36,79,6,0.048329578154139005,115,1
202,"(15,9)",,False,62,"[17, 15, 14, 9, 7]",9,0.079441221546484,-34,81,6,0.034084920927026,115,1
203,"(15,9)",,False,62,"[17, 15, 14, 9, 7]",9,0.079441221546484,-34,81,6,0.034084920927026,115,1
204,"(9,13)",,False,62,"[9, 3, 16, 6, 13]",9,0.07217241822504901,-32,83,5,0.022003727266885,115,1
205,"(9,13)",,False,62,"[9, 3, 16, 6, 13]",9,0.07217241822504901,-32,83,5,0.022003727266885,115,1
206,"(4,15)",,False,62,"[16, 7, 12, 4, 15]",9,0.065192361244992,-30,85,4,0.012099693678641001,115,1
207,"(4,15)",,False,62,"[16, 7, 12, 4, 15]",9,0.065192361244992,-30,85,4,0.012099693678641001,115,1
208,"(19,12)",,False,60,"[5, 16, 19, 4, 12]",9,0.06785018100807501,-28,87,4,0.018386243386243003,115,1
209,"(19,12)",,False,60,"[5, 16, 19, 4, 12]",9,0.06785018100807501,-28,87,4,0.018386243386243003,115,1
210,"(9,8)",,False,57,"[4, 3, 9, 6, 8]",9,0.07265681037610801,-26,89,4,0.031047526222964004,115,1
211,"(9,8)",,False,57,"[4, 3, 9, 6, 8]",9,0.07265681037610801,-26,89,4,0.031047526222964004,115,1
212,19:18,assassinate,True,47,"[19, 1, 4, 8, 9]",8,0.07468249748951501,-24,91,4,0.048032117330362,115,1
213,19:18,assassinate,True,47,"[19, 1, 4, 8, 9]",8,0.07468249748951501,-24,91,4,0.048032117330362,115,1
214,13:6,assassinate,True,43,"[18, 0, 12, 2, 13]",7,0.047626009468114,-22,93,3,0.023294346978557003,115,1
215,13:6,assassinate,True,43,"[18, 0, 12, 2, 13]",7,0.047626009468114,-22,93,3,0.023294346978557003,115,1
216,"(1,15)",,False,44,"[17, 1, 8, 15, 12]",8,0.067200408428478,-20,95,4,0.041130604288499004,115,1
217,"(1,15)",,False,44,"[17, 1, 8, 15, 12]",8,0.067200408428478,-20,95,4,0.041130604288499004,115,1
218,"(12,1)",,False,46,"[5, 12, 2, 3, 1]",9,0.16490996008539802,-18,97,5,0.067933723196881,115,1
219,"(12,1)",,False,46,"[5, 12, 2, 3, 1]",9,0.16490996008539802,-18,97,5,0.067933723196881,115,1
220,"(13,1)",,False,48,"[13, 1, 16, 4, 12]",9,0.179627309013273,-16,99,6,0.10867446393762101,115,1
221,"(13,1)",,False,48,"[13, 1, 16, 4, 12]",9,0.179627309013273,-16,99,6,0.10867446393762101,115,1
222,"(2,1)",,False,48,"[0, 6, 2, 14, 1]",9,0.192251461988304,-14,101,7,0.13393437296946,115,1
223,"(2,1)",,False,48,"[0, 6, 2, 14, 1]",9,0.192251461988304,-14,101,7,0.13393437296946,115,1
224,"(16,1)",,False,48,"[9, 16, 4, 12, 1]",9,0.19265524923419602,-12,103,7,0.144451406293511,115,1
225,"(16,1)",,False,48,"[9, 16, 4, 12, 1]",9,0.19265524923419602,-12,103,7,0.144451406293511,115,1
226,"(3,5)",,False,46,"[12, 10, 3, 6, 5]",9,0.20643274853801102,-10,105,7,0.15197716513505902,115,1
227,"(3,5)",,False,46,"[12, 10, 3, 6, 5]",9,0.20643274853801102,-10,105,7,0.15197716513505902,115,1
228,"(1,19)",,False,48,"[2, 1, 19, 16, 13]",10,0.20286131996658302,-8,107,8,0.18530353661932603,115,1
229,"(1,19)",,False,48,"[2, 1, 19, 16, 13]",10,0.20286131996658302,-8,107,8,0.18530353661932603,115,1
230,"(5,18)",,False,46,"[11, 19, 2, 5, 18]",10,0.20230437204121401,-6,109,7,0.15680172653856803,115,1
231,"(5,18)",,False,46,"[11, 19, 2, 5, 18]",10,0.20230437204121401,-6,109,7,0.15680172653856803,115,1
232,11:8,assassinate,True,43,"[12, 16, 11, 7, 9]",9,0.15304928989139502,-4,111,7,0.14139515455304902,115,1
233,11:8,assassinate,True,43,"[12, 16, 11, 7, 9]",9,0.15304928989139502,-4,111,7,0.14139515455304902,115,1
234,"(6,17)",,False,45,"[15, 6, 10, 11, 17]",9,0.15183792815371702,-2,113,7,0.11542745753272,115,1
235,"(6,17)",,False,45,"[15, 6, 10, 11, 17]",9,0.15183792815371702,-2,113,7,0.11542745753272,115,1
236,"(11,12)",,False,46,"[11, 12, 19, 2, 15]",10,0.19451406293511503,0,115,7,0.127541074909495,115,1
237,"(11,12)",,False,46,"[11, 12, 19, 2, 15]",10,0.19451406293511503,0,115,7,0.127541074909495,115,1
238,"(11,1)",,False,47,"[16, 11, 15, 1, 9]",10,0.20799684396175602,2,117,8,0.15369442123828,115,1
239,"(11,1)",,False,47,"[16, 11, 15, 1, 9]",10,0.20799684396175602,2,117,8,0.15369442123828,115,1
240,3:6,assassinate,True,45,"[8, 6, 16, 13, 3]",9,0.15722639933166202,4,119,8,0.140810359231411,115,1
241,3:6,assassinate,True,45,"[8, 6, 16, 13, 3]",9,0.15722639933166202,4,119,8,0.140810359231411,115,1
242,"(2,4)",,False,45,"[2, 10, 16, 5, 4]",9,0.157142857142857,6,121,8,0.142328042328042,115,1
243,"(2,4)",,False,45,"[2, 10, 16, 5, 4]",9,0.157142857142857,6,121,8,0.142328042328042,115,1
244,"(19,0)",,False,45,"[19, 13, 17, 6, 0]",8,0.10878585352269501,6,122,8,0.205513784461152,116,1
245,"(19,0)",,False,45,"[19, 13, 17, 6, 0]",8,0.10878585352269501,6,122,8,0.205513784461152,116,1
246,"(18,17)",,False,47,"[18, 3, 10, 17, 13]",8,0.09377610693400101,4,122,8,0.20112781954887202,118,1
247,"(18,17)",,False,47,"[18, 3, 10, 17, 13]",8,0.09377610693400101,4,122,8,0.20112781954887202,118,1
248,"(17,9)",,False,47,"[13, 17, 3, 14, 9]",8,0.09341641139886701,2,122,7,0.163554720133667,120,1
249,"(17,9)",,False,47,"[13, 17, 3, 14, 9]",8,0.09341641139886701,2,122,7,0.163554720133667,120,1
250,"(15,7)",,False,49,"[11, 15, 7, 8, 19]",8,0.08066694514062901,0,122,7,0.131878306878306,122,1
251,"(15,7)",,False,49,"[11, 15, 7, 8, 19]",8,0.08066694514062901,0,122,7,0.131878306878306,122,1
252,"(13,16)",,False,51,"[13, 8, 14, 16, 5]",9,0.110816392833936,2,124,7,0.106182121971595,122,1
253,"(13,16)",,False,51,"[13, 8, 14, 16, 5]",9,0.110816392833936,2,124,7,0.106182121971595,122,1
254,"(9,3)",,False,53,"[17, 14, 9, 12, 3]",10,0.15546290941027702,4,126,7,0.06439710387078801,122,1
255,"(9,3)",,False,53,"[17, 14, 9, 12, 3]",10,0.15546290941027702,4,126,7,0.06439710387078801,122,1
256,"(10,1)",,False,53,"[10, 5, 1, 12, 9]",10,0.158625730994152,6,128,8,0.09153439153439101,122,1
257,"(10,1)",,False,53,"[10, 5, 1, 12, 9]",10,0.158625730994152,6,128,8,0.09153439153439101,122,1
258,"(4,11)",,False,53,"[14, 6, 7, 4, 11]",10,0.164432546011493,8,130,7,0.057941571099465,122,1
259,"(4,11)",,False,53,"[14, 6, 7, 4, 11]",10,0.164432546011493,8,130,7,0.057941571099465,122,1
260,"(9,0)",,False,51,"[7, 16, 4, 9, 0]",9,0.156994337696092,10,132,7,0.059681611435997005,122,1
261,"(9,0)",,False,51,"[7, 16, 4, 9, 0]",9,0.156994337696092,10,132,7,0.059681611435997005,122,1
262,"(17,1)",,False,51,"[17, 8, 1, 2, 6]",9,0.170795043163464,12,134,8,0.078473962684489,122,1
263,"(17,1)",,False,51,"[17, 8, 1, 2, 6]",9,0.170795043163464,12,134,8,0.078473962684489,122,1
264,"(0,11)",,False,51,"[0, 3, 9, 11, 6]",9,0.162503480924533,14,136,8,0.086988304093567,122,1
265,"(0,11)",,False,51,"[0, 3, 9, 11, 6]",9,0.162503480924533,14,136,8,0.086988304093567,122,1
266,"(1,19)",,False,51,"[1, 16, 19, 8, 4]",9,0.142509050403787,16,138,8,0.09021164021164,122,1
267,"(1,19)",,False,51,"[1, 16, 19, 8, 4]",9,0.142509050403787,16,138,8,0.09021164021164,122,1
268,"(0,19)",,False,52,"[12, 15, 4, 0, 19]",10,0.150027847396268,18,140,8,0.118873572820941,122,1
269,"(0,19)",,False,52,"[12, 15, 4, 0, 19]",10,0.150027847396268,18,140,8,0.118873572820941,122,1
270,"(5,2)",,False,54,"[7, 14, 8, 5, 2]",10,0.140239487607908,20,142,8,0.10990671122250001,122,1
271,"(5,2)",,False,54,"[7, 14, 8, 5, 2]",10,0.140239487607908,20,142,8,0.10990671122250001,122,1
272,"(18,1)",,False,54,"[11, 18, 1, 19, 2]",10,0.137907268170426,20,143,9,0.142898913951545,123,1
273,"(18,1)",,False,54,"[11, 18, 1, 19, 2]",10,0.137907268170426,20,143,9,0.142898913951545,123,1
274,"(0,15)",,False,53,"[0, 1, 15, 2, 19]",9,0.126837928153717,20,144,9,0.14007240323029702,124,1
275,"(0,15)",,False,53,"[0, 1, 15, 2, 19]",9,0.126837928153717,20,144,9,0.14007240323029702,124,1
276,"(8,3)",,True,55,"[0, 8, 3, 9, 16]",9,0.12313654506636901,22,146,9,0.10287988489742801,124,1
277,"(8,3)",,True,55,"[0, 8, 3, 9, 16]",9,0.12313654506636901,22,146,9,0.10287988489742801,124,1
278,"(17,19)",,False,53,"[17, 19, 9, 4, 18]",9,0.13414786967418502,22,147,9,0.138512949039264,125,1
279,"(17,19)",,False,53,"[17, 19, 9, 4, 18]",9,0.13414786967418502,22,147,9,0.138512949039264,125,1
280,"(0,10)",,False,53,"[0, 15, 4, 10, 9]",8,0.11610275689223001,22,148,9,0.125717070453912,126,1
281,"(0,10)",,False,53,"[0, 15, 4, 10, 9]",8,0.11610275689223001,22,148,9,0.125717070453912,126,1
282,"(1,3)",,False,55,"[14, 1, 19, 8, 3]",8,0.11475215817321001,22,149,10,0.135226956279587,127,1
283,"(1,3)",,False,55,"[14, 1, 19, 8, 3]",8,0.11475215817321001,22,149,10,0.135226956279587,127,1
284,"(7,18)",,False,57,"[7, 18, 14, 4, 15]",8,0.09285714285714201,20,149,10,0.130316532070918,129,1
285,"(7,18)",,False,57,"[7, 18, 14, 4, 15]",8,0.09285714285714201,20,149,10,0.130316532070918,129,1
286,"(17,4)",,False,59,"[17, 4, 14, 16, 8]",8,0.08230804283435801,18,149,10,0.11377138131524,131,1
287,"(17,4)",,False,59,"[17, 4, 14, 16, 8]",8,0.08230804283435801,18,149,10,0.11377138131524,131,1
288,"(2,0)",,False,57,"[2, 19, 0, 14, 15]",7,0.07533184813886501,16,149,10,0.127271883412234,133,1
289,"(2,0)",,False,57,"[2, 19, 0, 14, 15]",7,0.07533184813886501,16,149,10,0.127271883412234,133,1
290,"(6,1)",,False,59,"[6, 1, 14, 13, 19]",7,0.062329434697855006,14,149,11,0.152311333890281,135,1
291,"(6,1)",,False,59,"[6, 1, 14, 13, 19]",7,0.062329434697855006,14,149,11,0.152311333890281,135,1
292,5:8,assassinate,True,56,"[9, 8, 5, 7, 19]",7,0.060412605588044004,12,149,11,0.143558504523416,137,1
293,5:8,assassinate,True,56,"[9, 8, 5, 7, 19]",7,0.060412605588044004,12,149,11,0.143558504523416,137,1
294,"(14,1)",,False,55,"[14, 10, 13, 17, 1]",7,0.080430242272347,10,149,10,0.10138604085972501,139,1
295,"(14,1)",,False,55,"[14, 10, 13, 17, 1]",7,0.080430242272347,10,149,10,0.10138604085972501,139,1
296,"(3,8)",,False,53,"[2, 14, 18, 3, 8]",7,0.08551049340523001,12,151,9,0.083027222939503,139,1
297,"(3,8)",,False,53,"[2, 14, 18, 3, 8]",7,0.08551049340523001,12,151,9,0.083027222939503,139,1
298,"(1,18)",,False,55,"[1, 12, 18, 17, 6]",7,0.077601410934744,12,152,10,0.10661143599740001,140,1
299,"(1,18)",,False,55,"[1, 12, 18, 17, 6]",7,0.077601410934744,12,152,10,0.10661143599740001,140,1
300,"(2,8)",,False,53,"[2, 16, 8, 6, 14]",7,0.096705146705146,10,152,10,0.12151717678033401,142,1
301,"(2,8)",,False,53,"[2, 16, 8, 6, 14]",7,0.096705146705146,10,152,10,0.12151717678033401,142,1
302,"(9,10)",,False,51,"[0, 9, 12, 10, 11]",7,0.128576491734386,10,153,10,0.132530822004506,143,1
303,"(9,10)",,False,51,"[0, 9, 12, 10, 11]",7,0.128576491734386,10,153,10,0.132530822004506,143,1
304,7:4,assassinate,True,50,"[4, 5, 8, 7, 6]",6,0.061506037821827,10,154,10,0.11689450899977201,144,1
305,7:4,assassinate,True,50,"[4, 5, 8, 7, 6]",6,0.061506037821827,10,154,10,0.11689450899977201,144,1
306,"(8,5)",,False,50,"[6, 17, 16, 8, 5]",6,0.074965190754664,8,154,9,0.11800334168755201,146,1
307,"(8,5)",,False,50,"[6, 17, 16, 8, 5]",6,0.074965190754664,8,154,9,0.11800334168755201,146,1
308,"(1,13)",,False,52,"[1, 6, 10, 13, 15]",7,0.124048758259284,10,156,10,0.123582947267157,146,1
309,"(1,13)",,False,52,"[1, 6, 10, 13, 15]",7,0.124048758259284,10,156,10,0.123582947267157,146,1
310,"(0,13)",,False,50,"[17, 19, 0, 13, 11]",6,0.107897268423584,12,158,9,0.10510619984304101,146,1
311,"(0,13)",,False,50,"[17, 19, 0, 13, 11]",6,0.107897268423584,12,158,9,0.10510619984304101,146,1
312,"(4,0)",,False,48,"[4, 0, 8, 3, 16]",5,0.139473684210526,14,160,9,0.10587580061264201,146,1
313,"(4,0)",,False,48,"[4, 0, 8, 3, 16]",5,0.139473684210526,14,160,9,0.10587580061264201,146,1
314,"(1,7)",,False,50,"[1, 19, 7, 4, 8]",5,0.14639376218323502,14,161,10,0.17761069340016702,147,1
315,"(1,7)",,False,50,"[1, 19, 7, 4, 8]",5,0.14639376218323502,14,161,10,0.17761069340016702,147,1
316,"(11,1)",,False,53,"[11, 16, 1, 2, 7]",5,0.138123085491506,12,161,11,0.19124199387357202,149,1
317,"(11,1)",,False,53,"[11, 16, 1, 2, 7]",5,0.138123085491506,12,161,11,0.19124199387357202,149,1
318,"(6,7)",,False,53,"[8, 3, 6, 13, 7]",5,0.136749702539176,10,161,11,0.229504738276668,151,1
319,"(6,7)",,False,53,"[8, 3, 6, 13, 7]",5,0.136749702539176,10,161,11,0.229504738276668,151,1
320,"(12,8)",,False,53,"[12, 16, 18, 8, 13]",6,0.160642768537505,8,161,11,0.21578061314903402,153,1
321,"(12,8)",,False,53,"[12, 16, 18, 8, 13]",6,0.160642768537505,8,161,11,0.21578061314903402,153,1
322,"(5,17)",,False,55,"[5, 13, 10, 17, 6]",6,0.08228019543809001,6,161,11,0.20216323637376202,155,1
323,"(5,17)",,False,55,"[5, 13, 10, 17, 6]",6,0.08228019543809001,6,161,11,0.20216323637376202,155,1
324,"(14,9)",,False,53,"[10, 14, 3, 9, 6]",6,0.161338953444216,4,161,11,0.21769280102613403,157,1
325,"(14,9)",,False,53,"[10, 14, 3, 9, 6]",6,0.161338953444216,4,161,11,0.21769280102613403,157,1
326,"(10,15)",,False,55,"[10, 16, 15, 4, 14]",6,0.15847024969831902,2,161,11,0.210196788266963,159,1
327,"(10,15)",,False,55,"[10, 16, 15, 4, 14]",6,0.15847024969831902,2,161,11,0.210196788266963,159,1
328,"(1,5)",,True,57,"[1, 8, 6, 3, 5]",7,0.10484418115997,0,161,12,0.25687324371534903,161,1
329,"(1,5)",,True,57,"[1, 8, 6, 3, 5]",7,0.10484418115997,0,161,12,0.25687324371534903,161,1
330,"(14,8)",,False,57,"[15, 14, 19, 11, 8]",7,0.10163666742614101,-2,161,12,0.23808890914154002,163,1
331,"(14,8)",,False,57,"[15, 14, 19, 11, 8]",7,0.10163666742614101,-2,161,12,0.23808890914154002,163,1
332,"(4,11)",,False,57,"[9, 4, 7, 14, 11]",7,0.097904045272466,-4,161,12,0.223340678165239,165,1
333,"(4,11)",,False,57,"[9, 4, 7, 14, 11]",7,0.097904045272466,-4,161,12,0.223340678165239,165,1
334,"(1,18)",,False,59,"[1, 3, 18, 19, 2]",8,0.102937462147988,-6,161,13,0.23830865365953002,167,1
335,"(1,18)",,False,59,"[1, 3, 18, 19, 2]",8,0.102937462147988,-6,161,13,0.23830865365953002,167,1
336,"(1,6)",,False,61,"[1, 3, 17, 6, 14]",9,0.10777029987556301,-8,161,14,0.25502387476071603,169,1
337,"(1,6)",,False,61,"[1, 3, 17, 6, 14]",9,0.10777029987556301,-8,161,14,0.25502387476071603,169,1
338,"(5,0)",,False,61,"[19, 5, 0, 14, 4]",8,0.07522151337940801,-10,161,14,0.285488974962659,171,1
339,"(5,0)",,False,61,"[19, 5, 0, 14, 4]",8,0.07522151337940801,-10,161,14,0.285488974962659,171,1
340,"(4,12)",,False,61,"[4, 14, 12, 8, 15]",8,0.100874791225668,-12,161,13,0.24134105011297902,173,1
341,"(4,12)",,False,61,"[4, 14, 12, 8, 15]",8,0.100874791225668,-12,161,13,0.24134105011297902,173,1
342,"(19,9)",,False,59,"[4, 5, 19, 9, 15]",8,0.122361459203564,-14,161,12,0.22545252018936202,175,1
343,"(19,9)",,False,59,"[4, 5, 19, 9, 15]",8,0.122361459203564,-14,161,12,0.22545252018936202,175,1
344,"(7,2)",,False,61,"[7, 5, 15, 2, 8]",8,0.10482076403129001,-16,161,12,0.21905268221057603,177,1
345,"(7,2)",,False,61,"[7, 5, 15, 2, 8]",8,0.10482076403129001,-16,161,12,0.21905268221057603,177,1
346,18:6,assassinate,True,60,"[5, 12, 18, 14, 10]",9,0.102311333890281,-18,161,12,0.20820105820105803,179,1
347,18:6,assassinate,True,60,"[5, 12, 18, 14, 10]",9,0.102311333890281,-18,161,12,0.20820105820105803,179,1
348,"(14,17)",,False,60,"[16, 14, 17, 10, 15]",10,0.14592731829573902,-20,161,12,0.16877610693400102,181,1
349,"(14,17)",,False,60,"[16, 14, 17, 10, 15]",10,0.14592731829573902,-20,161,12,0.16877610693400102,181,1
350,"(9,3)",,False,58,"[16, 17, 10, 9, 3]",10,0.15940419229892902,-18,163,11,0.15317270448849302,181,1
351,"(9,3)",,False,58,"[16, 17, 10, 9, 3]",10,0.15940419229892902,-18,163,11,0.15317270448849302,181,1
352,"(17,11)",,False,61,"[15, 17, 11, 4, 9]",12,0.17805245436824302,-16,165,11,0.137134502923976,181,1
353,"(17,11)",,False,61,"[15, 17, 11, 4, 9]",12,0.17805245436824302,-16,165,11,0.137134502923976,181,1
354,"(15,12)",,False,63,"[15, 19, 2, 12, 14]",12,0.16505847953216302,-14,167,11,0.128460038986354,181,1
355,"(15,12)",,False,63,"[15, 19, 2, 12, 14]",12,0.16505847953216302,-14,167,11,0.128460038986354,181,1
356,"(0,3)",,False,63,"[0, 1, 6, 17, 3]",11,0.14363222871994802,-12,169,11,0.125113710201429,181,1
357,"(0,3)",,False,63,"[0, 1, 6, 17, 3]",11,0.14363222871994802,-12,169,11,0.125113710201429,181,1
358,"(18,1)",,False,64,"[18, 1, 7, 15, 6]",11,0.15866518147219902,-12,170,12,0.20654877935579602,182,1
359,"(18,1)",,False,64,"[18, 1, 7, 15, 6]",11,0.15866518147219902,-12,170,12,0.20654877935579602,182,1
360,"(3,2)",,False,62,"[10, 3, 14, 2, 4]",11,0.169516383551471,-14,170,11,0.20271512113617302,184,1
361,"(3,2)",,False,62,"[10, 3, 14, 2, 4]",11,0.169516383551471,-14,170,11,0.20271512113617302,184,1
362,7:8,assassinate,True,59,"[5, 1, 7, 3, 10]",11,0.131416504223521,-16,170,11,0.21218323586744603,186,1
363,7:8,assassinate,True,59,"[5, 1, 7, 3, 10]",11,0.131416504223521,-16,170,11,0.21218323586744603,186,1
364,"(7,3)",,False,59,"[7, 9, 10, 3, 19]",11,0.19165042235217603,-16,171,10,0.201656920077972,187,1
365,"(7,3)",,False,59,"[7, 9, 10, 3, 19]",11,0.19165042235217603,-16,171,10,0.201656920077972,187,1
366,"(8,0)",,False,57,"[18, 9, 6, 8, 0]",10,0.168421052631578,-18,171,10,0.23854311705188802,189,1
367,"(8,0)",,False,57,"[18, 9, 6, 8, 0]",10,0.168421052631578,-18,171,10,0.23854311705188802,189,1
368,"(5,0)",,False,57,"[5, 12, 17, 0, 9]",10,0.09993502274204001,-20,171,10,0.200584795321637,191,1
369,"(5,0)",,False,57,"[5, 12, 17, 0, 9]",10,0.09993502274204001,-20,171,10,0.200584795321637,191,1
370,"(12,1)",,False,60,"[12, 13, 8, 1, 16]",12,0.167772123912474,-20,172,11,0.18332742630988202,192,1
371,"(12,1)",,False,60,"[12, 13, 8, 1, 16]",12,0.167772123912474,-20,172,11,0.18332742630988202,192,1
372,"(13,16)",,False,62,"[13, 6, 2, 18, 16]",13,0.17553606237816702,-18,174,11,0.175048732943469,192,1
373,"(13,16)",,False,62,"[13, 6, 2, 18, 16]",13,0.17553606237816702,-18,174,11,0.175048732943469,192,1
374,"(0,11)",,False,60,"[13, 0, 18, 12, 11]",12,0.17948825054088202,-16,176,10,0.150326135852451,192,1
375,"(0,11)",,False,60,"[13, 0, 18, 12, 11]",12,0.17948825054088202,-16,176,10,0.150326135852451,192,1
376,"(6,14)",,False,60,"[10, 6, 18, 2, 14]",12,0.20521924469292802,-14,178,10,0.14671989803568702,192,1
377,"(6,14)",,False,60,"[10, 6, 18, 2, 14]",12,0.20521924469292802,-14,178,10,0.14671989803568702,192,1
378,"(15,3)",,False,60,"[15, 16, 3, 18, 13]",12,0.30521924469292805,-12,180,10,0.160803718698455,192,1
379,"(15,3)",,False,60,"[15, 16, 3, 18, 13]",12,0.30521924469292805,-12,180,10,0.160803718698455,192,1
380,"(5,1)",,False,60,"[4, 2, 12, 5, 1]",12,0.203479853479853,-12,181,11,0.24337231968810902,193,1
381,"(5,1)",,False,60,"[4, 2, 12, 5, 1]",12,0.203479853479853,-12,181,11,0.24337231968810902,193,1
382,"(16,12)",,False,60,"[16, 14, 5, 17, 12]",12,0.20300412712693403,-14,181,10,0.21170411784446802,195,1
383,"(16,12)",,False,60,"[16, 14, 5, 17, 12]",12,0.20300412712693403,-14,181,10,0.21170411784446802,195,1
384,"(17,0)",,False,58,"[18, 17, 0, 14, 13]",11,0.186937461498864,-14,182,9,0.20702450570871603,196,1
385,"(17,0)",,False,58,"[18, 17, 0, 14, 13]",11,0.186937461498864,-14,182,9,0.20702450570871603,196,1
386,"(10,0)",,False,56,"[12, 14, 10, 15, 0]",10,0.16977165135059802,-14,183,8,0.19235588972431,197,1
387,"(10,0)",,False,56,"[12, 14, 10, 15, 0]",10,0.16977165135059802,-14,183,8,0.19235588972431,197,1
388,"(16,11)",,False,56,"[5, 16, 4, 11, 0]",10,0.16869952659426302,-16,183,8,0.19235588972431,199,1
389,"(16,11)",,False,56,"[5, 16, 4, 11, 0]",10,0.16869952659426302,-16,183,8,0.19235588972431,199,1
390,"(17,5)",,False,58,"[3, 19, 17, 5, 8]",11,0.182470696944381,-14,185,8,0.134607351712614,199,1
391,"(17,5)",,False,58,"[3, 19, 17, 5, 8]",11,0.182470696944381,-14,185,8,0.134607351712614,199,1
392,"(7,0)",,False,56,"[15, 17, 7, 18, 0]",10,0.15109016227437203,-14,186,8,0.159558618769145,200,1
393,"(7,0)",,False,56,"[15, 17, 7, 18, 0]",10,0.15109016227437203,-14,186,8,0.159558618769145,200,1
394,"(7,12)",,False,58,"[13, 4, 7, 10, 12]",10,0.124626908179539,-16,186,8,0.140650869598238,202,1
395,"(7,12)",,False,58,"[13, 4, 7, 10, 12]",10,0.124626908179539,-16,186,8,0.140650869598238,202,1
396,"(9,3)",,False,58,"[9, 2, 3, 10, 5]",11,0.17714161244863,-14,188,8,0.07382640101938301,202,1
397,"(9,3)",,False,58,"[9, 2, 3, 10, 5]",11,0.17714161244863,-14,188,8,0.07382640101938301,202,1
398,"(10,1)",,False,58,"[10, 14, 9, 1, 13]",11,0.170920039998987,-12,190,9,0.097703222703222,202,1
399,"(10,1)",,False,58,"[10, 14, 9, 1, 13]",11,0.170920039998987,-12,190,9,0.097703222703222,202,1
400,8:4,assassinate,True,55,"[1, 10, 0, 12, 8]",10,0.11969770807490102,-10,192,9,0.098232323232323,202,1
401,8:4,assassinate,True,55,"[1, 10, 0, 12, 8]",10,0.11969770807490102,-10,192,9,0.098232323232323,202,1
402,9:10,assassinate,True,51,"[2, 9, 1, 11, 15]",10,0.114582039143442,-8,194,9,0.08756078229762401,202,1
403,9:10,assassinate,True,51,"[2, 9, 1, 11, 15]",10,0.114582039143442,-8,194,9,0.08756078229762401,202,1
404,"(19,2)",,False,49,"[19, 2, 9, 3, 8]",10,0.129014666295368,-6,196,9,0.093221479624988,202,1
405,"(19,2)",,False,49,"[19, 2, 9, 3, 8]",10,0.129014666295368,-6,196,9,0.093221479624988,202,1
406,"(9,17)",,False,51,"[4, 9, 2, 17, 15]",10,0.13868628123014,-4,198,9,0.09996911795157401,202,1
407,"(9,17)",,False,51,"[4, 9, 2, 17, 15]",10,0.13868628123014,-4,198,9,0.09996911795157401,202,1
408,"(7,9)",,False,50,"[7, 15, 9, 19, 3]",10,0.146430892044927,-2,200,9,0.108270676691729,202,1
409,"(7,9)",,False,50,"[7, 15, 9, 19, 3]",10,0.146430892044927,-2,200,9,0.108270676691729,202,1
410,"(12,13)",,False,50,"[15, 9, 12, 3, 13]",10,0.146430892044927,0,202,9,0.108270676691729,202,1
411,"(12,13)",,False,50,"[15, 9, 12, 3, 13]",10,0.146430892044927,0,202,9,0.108270676691729,202,1
412,"(7,10)",,False,50,"[8, 3, 7, 6, 10]",10,0.16892441541564301,2,204,8,0.07785921031535001,202,1
413,"(7,10)",,False,50,"[8, 3, 7, 6, 10]",10,0.16892441541564301,2,204,8,0.07785921031535001,202,1
414,"(7,11)",,False,50,"[16, 6, 7, 11, 4]",10,0.208245044429254,4,206,7,0.038817582677231004,202,1
415,"(7,11)",,False,50,"[16, 6, 7, 11, 4]",10,0.208245044429254,4,206,7,0.038817582677231004,202,1
416,"(1,18)",,False,50,"[1, 18, 11, 10, 17]",10,0.16881903833658202,6,208,8,0.080400496189969,202,1
417,"(1,18)",,False,50,"[1, 18, 11, 10, 17]",10,0.16881903833658202,6,208,8,0.080400496189969,202,1
418,"(3,1)",,False,52,"[3, 12, 19, 1, 4]",11,0.18650488371850601,8,210,9,0.10929435392799601,202,1
419,"(3,1)",,False,52,"[3, 12, 19, 1, 4]",11,0.18650488371850601,8,210,9,0.10929435392799601,202,1
420,"(0,10)",,True,52,"[0, 16, 10, 19, 8]",10,0.15361509835194,10,212,9,0.10925039872408202,202,1
421,"(0,10)",,True,52,"[0, 16, 10, 19, 8]",10,0.15361509835194,10,212,9,0.10925039872408202,202,1
422,"(18,11)",,False,52,"[19, 12, 18, 15, 11]",10,0.142065390749601,12,214,9,0.092976760082023,202,1
423,"(18,11)",,False,52,"[19, 12, 18, 15, 11]",10,0.142065390749601,12,214,9,0.092976760082023,202,1
424,"(3,10)",,False,51,"[15, 3, 19, 12, 10]",10,0.23334957764782302,14,216,9,0.113206627680311,202,1
425,"(3,10)",,False,51,"[15, 3, 19, 12, 10]",10,0.23334957764782302,14,216,9,0.113206627680311,202,1
426,"(12,9)",,False,51,"[19, 12, 11, 9, 15]",10,0.253346328784925,16,218,8,0.084844054580896,202,1
427,"(12,9)",,False,51,"[19, 12, 11, 9, 15]",10,0.253346328784925,16,218,8,0.084844054580896,202,1
428,"(16,8)",,False,52,"[4, 7, 16, 8, 18]",10,0.187733221943748,18,220,8,0.08007518796992401,202,1
429,"(16,8)",,False,52,"[4, 7, 16, 8, 18]",10,0.187733221943748,18,220,8,0.08007518796992401,202,1
430,"(18,0)",,False,50,"[11, 18, 0, 17, 10]",9,0.130033416875522,20,222,8,0.083746403044648,202,1
431,"(18,0)",,False,50,"[11, 18, 0, 17, 10]",9,0.130033416875522,20,222,8,0.083746403044648,202,1
432,"(1,18)",,False,52,"[1, 4, 18, 16, 3]",9,0.13126941284836002,20,223,9,0.13558147505515902,203,1
433,"(1,18)",,False,52,"[1, 4, 18, 16, 3]",9,0.13126941284836002,20,223,9,0.13558147505515902,203,1
434,"(7,1)",,False,52,"[18, 7, 9, 16, 1]",9,0.12322472848788601,20,224,9,0.129497354497354,204,1
435,"(7,1)",,False,52,"[18, 7, 9, 16, 1]",9,0.12322472848788601,20,224,9,0.129497354497354,204,1
436,"(6,13)",,False,52,"[6, 15, 13, 19, 4]",9,0.141891766453169,22,226,9,0.127638540796435,204,1
437,"(6,13)",,False,52,"[6, 15, 13, 19, 4]",9,0.141891766453169,22,226,9,0.127638540796435,204,1
438,"(8,11)",,False,52,"[8, 9, 4, 3, 11]",9,0.13711593799313002,24,228,8,0.0927179058758,204,1
439,"(8,11)",,False,52,"[8, 9, 4, 3, 11]",9,0.13711593799313002,24,228,8,0.0927179058758,204,1
440,"(0,12)",,False,52,"[3, 0, 16, 11, 12]",9,0.148018193632228,26,230,8,0.08972431077694201,204,1
441,"(0,12)",,False,52,"[3, 0, 16, 11, 12]",9,0.148018193632228,26,230,8,0.08972431077694201,204,1
442,"(19,0)",,False,51,"[19, 12, 9, 0, 6]",8,0.144101837084293,28,232,7,0.045029239766081,204,1
443,"(19,0)",,False,51,"[19, 12, 9, 0, 6]",8,0.144101837084293,28,232,7,0.045029239766081,204,1
444,"(1,6)",,False,51,"[1, 0, 7, 6, 13]",8,0.139961013645224,30,234,7,0.048691172375382,204,1
445,"(1,6)",,False,51,"[1, 0, 7, 6, 13]",8,0.139961013645224,30,234,7,0.048691172375382,204,1
446,"(14,13)",,False,53,"[14, 13, 19, 3, 9]",8,0.131105541631857,32,236,7,0.040364800891116,204,1
447,"(14,13)",,False,53,"[14, 13, 19, 3, 9]",8,0.131105541631857,32,236,7,0.040364800891116,204,1
448,5:6,assassinate,True,49,"[4, 9, 8, 5, 18]",7,0.044880720319316,34,238,7,0.044685788545437005,204,1
449,5:6,assassinate,True,49,"[4, 9, 8, 5, 18]",7,0.044880720319316,34,238,7,0.044685788545437005,204,1
450,13:12,assassinate,True,44,"[14, 5, 8, 4, 13]",6,0.03948760790866,34,239,7,0.048844333054859,205,1
451,13:12,assassinate,True,44,"[14, 5, 8, 4, 13]",6,0.03948760790866,34,239,7,0.048844333054859,205,1
452,"(17,0)",,True,43,"[17, 16, 0, 5, 13]",5,0.017446393762183002,34,240,7,0.040657198551935,206,1
453,"(17,0)",,True,43,"[17, 16, 0, 5, 13]",5,0.017446393762183002,34,240,7,0.040657198551935,206,1
454,"(5,1)",,True,43,"[11, 5, 1, 7, 19]",5,0.012670565302144,32,240,7,0.081885268727373,208,1
455,"(5,1)",,True,43,"[11, 5, 1, 7, 19]",5,0.012670565302144,32,240,7,0.081885268727373,208,1
456,"(0,10)",,False,41,"[0, 14, 10, 11, 15]",4,0.005068226120857,30,240,6,0.072417153996101,210,1
457,"(0,10)",,False,41,"[0, 14, 10, 11, 15]",4,0.005068226120857,30,240,6,0.072417153996101,210,1
458,"(0,13)",,False,41,"[10, 0, 16, 13, 3]",4,0.005068226120857,30,241,6,0.072417153996101,211,1
459,"(0,13)",,False,41,"[10, 0, 16, 13, 3]",4,0.005068226120857,30,241,6,0.072417153996101,211,1
460,"(5,13)",,False,43,"[14, 5, 15, 13, 4]",4,0.005847953216374001,28,241,6,0.08226120857699801,213,1
461,"(5,13)",,False,43,"[14, 5, 15, 13, 4]",4,0.005847953216374001,28,241,6,0.08226120857699801,213,1
462,"(2,10)",,False,43,"[16, 7, 15, 2, 10]",5,0.047131718184349004,26,241,6,0.095001392369813,215,1
463,"(2,10)",,False,43,"[16, 7, 15, 2, 10]",5,0.047131718184349004,26,241,6,0.095001392369813,215,1
464,"(7,12)",,False,43,"[10, 7, 12, 3, 14]",5,0.055764411027568,24,241,6,0.10233918128654901,217,1
465,"(7,12)",,False,43,"[10, 7, 12, 3, 14]",5,0.055764411027568,24,241,6,0.10233918128654901,217,1
466,"(7,10)",,False,43,"[14, 16, 7, 9, 10]",6,0.099624060150375,22,241,6,0.146686159844054,219,1
467,"(7,10)",,False,43,"[14, 16, 7, 9, 10]",6,0.099624060150375,22,241,6,0.146686159844054,219,1
468,"(0,7)",,False,44,"[19, 11, 2, 0, 7]",7,0.129197994987468,22,242,6,0.14550264550264502,220,1
469,"(0,7)",,False,44,"[19, 11, 2, 0, 7]",7,0.129197994987468,22,242,6,0.14550264550264502,220,1
470,"(14,13)",,False,46,"[12, 15, 14, 4, 13]",7,0.10756056808688301,24,244,6,0.08068783068783,220,1
471,"(14,13)",,False,46,"[12, 15, 14, 4, 13]",7,0.10756056808688301,24,244,6,0.08068783068783,220,1
472,"(1,11)",,False,48,"[0, 1, 14, 12, 11]",7,0.08714842662211,24,245,7,0.10615427457532702,221,1
473,"(1,11)",,False,48,"[0, 1, 14, 12, 11]",7,0.08714842662211,24,245,7,0.10615427457532702,221,1
474,"(0,18)",,False,48,"[9, 19, 5, 0, 18]",6,0.051086048454469006,22,245,7,0.102255639097744,223,1
475,"(0,18)",,False,48,"[9, 19, 5, 0, 18]",6,0.051086048454469006,22,245,7,0.102255639097744,223,1
476,"(18,2)",,False,48,"[18, 2, 6, 3, 4]",6,0.031885268727373,20,245,7,0.08500417710944001,225,1
477,"(18,2)",,False,48,"[18, 2, 6, 3, 4]",6,0.031885268727373,20,245,7,0.08500417710944001,225,1
478,"(1,3)",,False,50,"[8, 0, 1, 3, 16]",6,0.026156299840510003,18,245,8,0.11665780613149,227,1
479,"(1,3)",,False,50,"[8, 0, 1, 3, 16]",6,0.026156299840510003,18,245,8,0.11665780613149,227,1
480,"(13,15)",,False,51,"[3, 19, 13, 15, 2]",6,0.02719298245614,16,245,8,0.10565302144249501,229,1
481,"(13,15)",,False,51,"[3, 19, 13, 15, 2]",6,0.02719298245614,16,245,8,0.10565302144249501,229,1
482,"(6,3)",,False,51,"[6, 19, 9, 3, 0]",7,0.040935672514619006,14,245,8,0.12563352826510701,231,1
483,"(6,3)",,False,51,"[6, 19, 9, 3, 0]",7,0.040935672514619006,14,245,8,0.12563352826510701,231,1
484,"(7,12)",,False,51,"[17, 7, 3, 10, 12]",8,0.087719298245614,12,245,8,0.18128654970760202,233,1
485,"(7,12)",,False,51,"[17, 7, 3, 10, 12]",8,0.087719298245614,12,245,8,0.18128654970760202,233,1
486,"(19,6)",,False,52,"[19, 2, 11, 7, 6]",8,0.08430799220272901,10,245,8,0.12306460595934202,235,1
487,"(19,6)",,False,52,"[19, 2, 11, 7, 6]",8,0.08430799220272901,10,245,8,0.12306460595934202,235,1
488,"(15,8)",,False,54,"[6, 5, 15, 17, 8]",9,0.098162071846282,8,245,8,0.11936090225563901,237,1
489,"(15,8)",,False,54,"[6, 5, 15, 17, 8]",9,0.098162071846282,8,245,8,0.11936090225563901,237,1
490,12:14,assassinate,True,45,"[12, 1, 14, 11, 16]",9,0.11246677299308801,8,246,6,0.12683413078149902,238,1
491,12:14,assassinate,True,45,"[12, 1, 14, 11, 16]",9,0.11246677299308801,8,246,6,0.12683413078149902,238,1
492,"(5,14)",,False,43,"[13, 5, 3, 10, 14]",9,0.135816392833936,8,247,6,0.136308363501345,239,1
493,"(5,14)",,False,43,"[13, 5, 3, 10, 14]",9,0.135816392833936,8,247,6,0.136308363501345,239,1
494,"(2,9)",,False,43,"[10, 7, 2, 11, 9]",9,0.11648565859092101,8,248,5,0.11931216931216901,240,1
495,"(2,9)",,False,43,"[10, 7, 2, 11, 9]",9,0.11648565859092101,8,248,5,0.11931216931216901,240,1
496,"(18,15)",,False,45,"[17, 16, 18, 4, 15]",10,0.154880256196045,10,250,5,0.099979114452798,240,1
497,"(18,15)",,False,45,"[17, 16, 18, 4, 15]",10,0.154880256196045,10,250,5,0.099979114452798,240,1
498,"(0,7)",,False,42,"[14, 6, 0, 18, 7]",9,0.14478557504873202,12,252,5,0.11569200779727001,240,1
499,"(0,7)",,False,42,"[14, 6, 0, 18, 7]",9,0.14478557504873202,12,252,5,0.11569200779727001,240,1
500,"(2,11)",,False,45,"[16, 3, 2, 14, 11]",9,0.114035087719298,14,254,5,0.057504873294346004,240,1
501,"(2,11)",,False,45,"[16, 3, 2, 14, 11]",9,0.114035087719298,14,254,5,0.057504873294346004,240,1
502,9:8,assassinate,True,42,"[9, 3, 6, 11, 5]",9,0.12631578947368402,16,256,5,0.043859649122807,240,1
503,9:8,assassinate,True,42,"[9, 3, 6, 11, 5]",9,0.12631578947368402,16,256,5,0.043859649122807,240,1
504,"(7,0)",,False,41,"[7, 8, 11, 6, 0]",9,0.155847953216374,18,258,5,0.058298524087997,240,1
505,"(7,0)",,False,41,"[7, 8, 11, 6, 0]",9,0.155847953216374,18,258,5,0.058298524087997,240,1
506,"(16,18)",,False,43,"[14, 4, 16, 18, 13]",9,0.163645224171539,20,260,5,0.058298524087997,240,1
507,"(16,18)",,False,43,"[14, 4, 16, 18, 13]",9,0.163645224171539,20,260,5,0.058298524087997,240,1
508,"(17,6)",,False,43,"[10, 5, 19, 17, 6]",9,0.15760233918128602,22,262,4,0.034600389863547,240,1
509,"(17,6)",,False,43,"[10, 5, 19, 17, 6]",9,0.15760233918128602,22,262,4,0.034600389863547,240,1
510,"(9,18)",,False,43,"[9, 13, 17, 12, 18]",9,0.16686159844054502,24,264,4,0.034600389863547,240,1
511,"(9,18)",,False,43,"[9, 13, 17, 12, 18]",9,0.16686159844054502,24,264,4,0.034600389863547,240,1
512,"(2,18)",,False,43,"[6, 3, 2, 18, 17]",9,0.185575048732943,26,266,4,0.035087719298245,240,1
513,"(2,18)",,False,43,"[6, 3, 2, 18, 17]",9,0.185575048732943,26,266,4,0.035087719298245,240,1
514,"(16,2)",,False,43,"[11, 16, 6, 2, 13]",9,0.18656363130047302,28,268,4,0.032414369256474,240,1
515,"(16,2)",,False,43,"[11, 16, 6, 2, 13]",9,0.18656363130047302,28,268,4,0.032414369256474,240,1
516,"(2,8)",,False,45,"[3, 2, 12, 11, 8]",9,0.17096908939014202,30,270,4,0.039821776663881,240,1
517,"(2,8)",,False,45,"[3, 2, 12, 11, 8]",9,0.17096908939014202,30,270,4,0.039821776663881,240,1
518,"(8,1)",,False,47,"[8, 1, 7, 3, 17]",9,0.16521860206070701,32,272,5,0.05941241993873501,240,1
519,"(8,1)",,False,47,"[8, 1, 7, 3, 17]",9,0.16521860206070701,32,272,5,0.05941241993873501,240,1
520,"(14,8)",,False,47,"[13, 17, 14, 8, 16]",9,0.16736285157337702,34,274,5,0.065455304928989,240,1
521,"(14,8)",,False,47,"[13, 17, 14, 8, 16]",9,0.16736285157337702,34,274,5,0.065455304928989,240,1
522,"(1,19)",,False,49,"[1, 8, 0, 19, 15]",10,0.19717348927875203,36,276,6,0.102436647173489,240,1
523,"(1,19)",,False,49,"[1, 8, 0, 19, 15]",10,0.19717348927875203,36,276,6,0.102436647173489,240,1
524,"(15,1)",,False,52,"[15, 2, 17, 1, 3]",12,0.25338345864661604,38,278,7,0.09303118908382,240,1
525,"(15,1)",,False,52,"[15, 2, 17, 1, 3]",12,0.25338345864661604,38,278,7,0.09303118908382,240,1
526,"(5,0)",,False,50,"[14, 5, 0, 11, 16]",11,0.23984962406015,40,280,6,0.065991367307156,240,1
527,"(5,0)",,False,50,"[14, 5, 0, 11, 16]",11,0.23984962406015,40,280,6,0.065991367307156,240,1
528,"(17,13)",,False,52,"[4, 10, 17, 13, 3]",11,0.22347535505430202,42,282,6,0.059663046505151,240,1
529,"(17,13)",,False,52,"[4, 10, 17, 13, 3]",11,0.22347535505430202,42,282,6,0.059663046505151,240,1
530,14:4,assassinate,True,49,"[17, 5, 14, 19, 10]",10,0.168796992481203,44,284,6,0.05722639933166201,240,1
531,14:4,assassinate,True,49,"[17, 5, 14, 19, 10]",10,0.168796992481203,44,284,6,0.05722639933166201,240,1
532,"(6,7)",,False,51,"[14, 4, 2, 6, 7]",11,0.19948482316903302,46,286,6,0.047034252297410005,240,1
533,"(6,7)",,False,51,"[14, 4, 2, 6, 7]",11,0.19948482316903302,46,286,6,0.047034252297410005,240,1
534,"(0,19)",,False,51,"[0, 12, 19, 15, 16]",11,0.179344826713247,48,288,6,0.054722665248981006,240,1
535,"(0,19)",,False,51,"[0, 12, 19, 15, 16]",11,0.179344826713247,48,288,6,0.054722665248981006,240,1
536,"(0,13)",,True,49,"[12, 0, 19, 3, 13]",10,0.184259892154628,50,290,6,0.066822358927622,240,1
537,"(0,13)",,True,49,"[12, 0, 19, 3, 13]",10,0.184259892154628,50,290,6,0.066822358927622,240,1
538,"(3,14)",,False,49,"[3, 14, 2, 16, 19]",10,0.20077339814181902,52,292,6,0.08514594567226101,240,1
539,"(3,14)",,False,49,"[3, 14, 2, 16, 19]",10,0.20077339814181902,52,292,6,0.08514594567226101,240,1
540,"(1,14)",,False,49,"[1, 14, 10, 11, 4]",10,0.206463549446005,54,294,7,0.135779473937368,240,1
541,"(1,14)",,False,49,"[1, 14, 10, 11, 4]",10,0.206463549446005,54,294,7,0.135779473937368,240,1
542,"(0,8)",,False,49,"[5, 0, 8, 4, 19]",9,0.151253765727449,56,296,7,0.14030467583099102,240,1
543,"(0,8)",,False,49,"[5, 0, 8, 4, 19]",9,0.151253765727449,56,296,7,0.14030467583099102,240,1
544,11:8,assassinate,True,47,"[11, 10, 0, 12, 16]",8,0.09312865497076,56,297,7,0.11228070175438501,241,1
545,11:8,assassinate,True,47,"[11, 10, 0, 12, 16]",8,0.09312865497076,56,297,7,0.11228070175438501,241,1
546,"(13,5)",,False,45,"[13, 10, 5, 11, 8]",8,0.14839181286549702,58,299,7,0.12948343079922,241,1
547,"(13,5)",,False,45,"[13, 10, 5, 11, 8]",8,0.14839181286549702,58,299,7,0.12948343079922,241,1
548,"(1,17)",,False,46,"[1, 3, 8, 2, 17]",8,0.157138215910145,58,300,8,0.166856957207834,242,1
549,"(1,17)",,False,46,"[1, 3, 8, 2, 17]",8,0.157138215910145,58,300,8,0.166856957207834,242,1
550,"(5,7)",,False,44,"[14, 9, 19, 5, 7]",8,0.147391627216188,56,300,7,0.24970296110646903,244,1
551,"(5,7)",,False,44,"[14, 9, 19, 5, 7]",8,0.147391627216188,56,300,7,0.24970296110646903,244,1
552,"(11,14)",,False,45,"[17, 11, 16, 0, 14]",9,0.17772904483430702,54,300,7,0.30276153346328705,246,1
553,"(11,14)",,False,45,"[17, 11, 16, 0, 14]",9,0.17772904483430702,54,300,7,0.30276153346328705,246,1
554,"(12,1)",,False,48,"[12, 0, 8, 1, 5]",9,0.166033138401559,52,300,8,0.301738141650422,248,1
555,"(12,1)",,False,48,"[12, 0, 8, 1, 5]",9,0.166033138401559,52,300,8,0.301738141650422,248,1
556,"(18,1)",,False,48,"[7, 14, 4, 18, 1]",9,0.161361737677527,50,300,8,0.302791701475912,250,1
557,"(18,1)",,False,48,"[7, 14, 4, 18, 1]",9,0.161361737677527,50,300,8,0.302791701475912,250,1
558,"(6,10)",,False,51,"[6, 8, 10, 3, 2]",9,0.155701754385964,48,300,8,0.27041910331384,252,1
559,"(6,10)",,False,51,"[6, 8, 10, 3, 2]",9,0.155701754385964,48,300,8,0.27041910331384,252,1
560,"(10,18)",,False,51,"[13, 10, 14, 19, 18]",9,0.15867446393762102,46,300,7,0.247027290448343,254,1
561,"(10,18)",,False,51,"[13, 10, 14, 19, 18]",9,0.15867446393762102,46,300,7,0.247027290448343,254,1
562,"(6,13)",,False,52,"[14, 19, 6, 7, 13]",9,0.161271233639654,44,300,7,0.240225563909774,256,1
563,"(6,13)",,False,52,"[14, 19, 6, 7, 13]",9,0.161271233639654,44,300,7,0.240225563909774,256,1
564,"(13,1)",,False,52,"[13, 2, 15, 1, 7]",9,0.158980785296574,42,300,7,0.249721526037315,258,1
565,"(13,1)",,False,52,"[13, 2, 15, 1, 7]",9,0.158980785296574,42,300,7,0.249721526037315,258,1
566,"(8,12)",,False,52,"[8, 15, 13, 12, 4]",10,0.187593984962406,40,300,7,0.24553049289891302,260,1
567,"(8,12)",,False,52,"[8, 15, 13, 12, 4]",10,0.187593984962406,40,300,7,0.24553049289891302,260,1
568,"(0,9)",,False,50,"[10, 0, 9, 13, 6]",9,0.100640490114174,38,300,6,0.21364522417153903,262,1
569,"(0,9)",,False,50,"[10, 0, 9, 13, 6]",9,0.100640490114174,38,300,6,0.21364522417153903,262,1
570,18:8,assassinate,True,47,"[5, 7, 2, 18, 17]",9,0.171303258145363,36,300,6,0.21364522417153903,264,1
571,18:8,assassinate,True,47,"[5, 7, 2, 18, 17]",9,0.171303258145363,36,300,6,0.21364522417153903,264,1
572,"(8,16)",,False,47,"[11, 5, 4, 8, 16]",9,0.17912730544309402,38,302,6,0.092787524366471,264,1
573,"(8,16)",,False,47,"[11, 5, 4, 8, 16]",9,0.17912730544309402,38,302,6,0.092787524366471,264,1
574,"(5,7)",,False,47,"[14, 5, 7, 3, 2]",9,0.19644624381466402,38,303,6,0.228265107212475,265,1
575,"(5,7)",,False,47,"[14, 5, 7, 3, 2]",9,0.19644624381466402,38,303,6,0.228265107212475,265,1
576,"(6,10)",,False,47,"[16, 15, 6, 10, 14]",9,0.192366600261337,36,303,6,0.22779170147591102,267,1
577,"(6,10)",,False,47,"[16, 15, 6, 10, 14]",9,0.192366600261337,36,303,6,0.22779170147591102,267,1
578,"(18,14)",,False,47,"[18, 4, 14, 12, 13]",9,0.16115181115181101,38,305,5,0.034168755221386,267,1
579,"(18,14)",,False,47,"[18, 4, 14, 12, 13]",9,0.16115181115181101,38,305,5,0.034168755221386,267,1
580,"(0,14)",,True,47,"[0, 14, 7, 1, 2]",8,0.16272626009468102,40,307,5,0.039204492713264004,267,1
581,"(0,14)",,True,47,"[0, 14, 7, 1, 2]",8,0.16272626009468102,40,307,5,0.039204492713264004,267,1
582,"(7,18)",,False,49,"[6, 7, 14, 17, 18]",9,0.18219748088169102,42,309,5,0.029873294346978004,267,1
583,"(7,18)",,False,49,"[6, 7, 14, 17, 18]",9,0.18219748088169102,42,309,5,0.029873294346978004,267,1
584,"(6,12)",,False,52,"[6, 12, 7, 16, 3]",11,0.289028125870231,44,311,5,0.023099415204678002,267,1
585,"(6,12)",,False,52,"[6, 12, 7, 16, 3]",11,0.289028125870231,44,311,5,0.023099415204678002,267,1
586,"(1,5)",,False,52,"[1, 9, 3, 5, 14]",11,0.26749871311274803,46,313,5,0.036921850079744,267,1
587,"(1,5)",,False,52,"[1, 9, 3, 5, 14]",11,0.26749871311274803,46,313,5,0.036921850079744,267,1
588,"(5,6)",,False,52,"[11, 15, 5, 17, 6]",11,0.24742896804300302,48,315,5,0.029762537657274,267,1
589,"(5,6)",,False,52,"[11, 15, 5, 17, 6]",11,0.24742896804300302,48,315,5,0.029762537657274,267,1
590,"(5,13)",,False,54,"[6, 17, 5, 3, 13]",12,0.25582127233314,50,317,5,0.03162585608406,267,1
591,"(5,13)",,False,54,"[6, 17, 5, 3, 13]",12,0.25582127233314,50,317,5,0.03162585608406,267,1
592,"(9,0)",,True,52,"[18, 10, 2, 9, 0]",11,0.16233428689569002,52,319,5,0.033368775474038,267,1
593,"(9,0)",,True,52,"[18, 10, 2, 9, 0]",11,0.16233428689569002,52,319,5,0.033368775474038,267,1
594,"(13,17)",,False,52,"[13, 6, 19, 8, 17]",11,0.166064330215516,54,321,5,0.037329434697855005,267,1
595,"(13,17)",,False,52,"[13, 6, 19, 8, 17]",11,0.166064330215516,54,321,5,0.037329434697855005,267,1
596,"(9,1)",,False,54,"[8, 15, 9, 1, 17]",12,0.23940058479532103,56,323,6,0.064294996751137,267,1
597,"(9,1)",,False,54,"[8, 15, 9, 1, 17]",12,0.23940058479532103,56,323,6,0.064294996751137,267,1
598,9:4,assassinate,True,51,"[9, 11, 5, 10, 4]",11,0.18065891223785902,58,325,4,0.025925925925925002,267,1
599,9:4,assassinate,True,51,"[9, 11, 5, 10, 4]",11,0.18065891223785902,58,325,4,0.025925925925925002,267,1
600,"(5,0)",,False,52,"[5, 11, 0, 15, 10]",12,0.211939571150097,60,327,4,0.029922027290448003,267,1
601,"(5,0)",,False,52,"[5, 11, 0, 15, 10]",12,0.211939571150097,60,327,4,0.029922027290448003,267,1
602,"(17,0)",,False,52,"[5, 4, 6, 17, 0]",11,0.187112351586035,62,329,4,0.030409356725146,267,1
603,"(17,0)",,False,52,"[5, 4, 6, 17, 0]",11,0.187112351586035,62,329,4,0.030409356725146,267,1
604,15:10,assassinate,True,48,"[0, 6, 4, 14, 15]",11,0.176283300844704,64,331,4,0.037816764132553006,267,1
605,15:10,assassinate,True,48,"[0, 6, 4, 14, 15]",11,0.176283300844704,64,331,4,0.037816764132553006,267,1
606,"(17,0)",,False,46,"[17, 2, 16, 0, 1]",10,0.178618051863665,66,333,4,0.038986354775828,267,1
607,"(17,0)",,False,46,"[17, 2, 16, 0, 1]",10,0.178618051863665,66,333,4,0.038986354775828,267,1
608,"(1,7)",,False,46,"[1, 7, 4, 16, 13]",10,0.20301144599390203,68,335,5,0.057274499379762006,267,1
609,"(1,7)",,False,46,"[1, 7, 4, 16, 13]",10,0.20301144599390203,68,335,5,0.057274499379762006,267,1
610,"(12,11)",,False,48,"[5, 12, 2, 4, 11]",11,0.276890588294097,70,337,5,0.059223817118553006,267,1
611,"(12,11)",,False,48,"[5, 12, 2, 4, 11]",11,0.276890588294097,70,337,5,0.059223817118553006,267,1
612,"(17,14)",,False,50,"[11, 17, 8, 13, 14]",12,0.347491332579051,72,339,5,0.061660464292043006,267,1
613,"(17,14)",,False,50,"[11, 17, 8, 13, 14]",12,0.347491332579051,72,339,5,0.061660464292043006,267,1
614,"(4,15)",,False,51,"[4, 15, 9, 5, 19]",12,0.33289326008624204,74,341,5,0.04750386066175501,267,1
615,"(4,15)",,False,51,"[4, 15, 9, 5, 19]",12,0.33289326008624204,74,341,5,0.04750386066175501,267,1
616,"(17,14)",,False,51,"[17, 19, 14, 8, 5]",12,0.33289326008624204,76,343,5,0.04750386066175501,267,1
617,"(17,14)",,False,51,"[17, 19, 14, 8, 5]",12,0.33289326008624204,76,343,5,0.04750386066175501,267,1
618,"(1,9)",,False,53,"[1, 9, 18, 10, 13]",13,0.338722648371771,78,345,6,0.06443043636026001,267,1
619,"(1,9)",,False,53,"[1, 9, 18, 10, 13]",13,0.338722648371771,78,345,6,0.06443043636026001,267,1
620,"(1,4)",,False,55,"[10, 17, 7, 1, 4]",13,0.317543859649122,80,347,7,0.06790587580061201,267,1
621,"(1,4)",,False,55,"[10, 17, 7, 1, 4]",13,0.317543859649122,80,347,7,0.06790587580061201,267,1
622,"(13,15)",,False,55,"[13, 16, 12, 15, 3]",13,0.31378303308127803,82,349,6,0.043195595827174006,267,1
623,"(13,15)",,False,55,"[13, 16, 12, 15, 3]",13,0.31378303308127803,82,349,6,0.043195595827174006,267,1
624,"(15,11)",,False,57,"[15, 14, 17, 11, 4]",14,0.33757415424082005,84,351,6,0.04245335561125,267,1
625,"(15,11)",,False,57,"[15, 14, 17, 11, 4]",14,0.33757415424082005,84,351,6,0.04245335561125,267,1
626,"(11,1)",,False,57,"[16, 2, 8, 11, 1]",14,0.332108047897521,86,353,7,0.05561125034809201,267,1
627,"(11,1)",,False,57,"[16, 2, 8, 11, 1]",14,0.332108047897521,86,353,7,0.05561125034809201,267,1
628,"(2,1)",,False,57,"[2, 11, 17, 1, 12]",14,0.337104123946229,88,355,8,0.072337409179514,267,1
629,"(2,1)",,False,57,"[2, 11, 17, 1, 12]",14,0.337104123946229,88,355,8,0.072337409179514,267,1
630,"(11,7)",,False,57,"[11, 3, 7, 16, 10]",14,0.33222975854554804,90,357,7,0.053548985127932006,267,1
631,"(11,7)",,False,57,"[11, 3, 7, 16, 10]",14,0.33222975854554804,90,357,7,0.053548985127932006,267,1
632,"(9,0)",,True,57,"[9, 10, 0, 5, 12]",14,0.284628237259816,92,359,7,0.13081314397103802,267,1
633,"(9,0)",,True,57,"[9, 10, 0, 5, 12]",14,0.284628237259816,92,359,7,0.13081314397103802,267,1
634,"(14,1)",,False,59,"[5, 14, 9, 17, 1]",15,0.315159247834686,94,361,9,0.14837253389884902,267,1
635,"(14,1)",,False,59,"[5, 14, 9, 17, 1]",15,0.315159247834686,94,361,9,0.14837253389884902,267,1
636,13:8,assassinate,True,54,"[10, 13, 14, 5, 4]",14,0.288811253723534,96,363,9,0.14428938507885802,267,1
637,13:8,assassinate,True,54,"[10, 13, 14, 5, 4]",14,0.288811253723534,96,363,9,0.14428938507885802,267,1
638,"(15,0)",,False,54,"[17, 14, 15, 0, 3]",13,0.295958752099102,98,365,9,0.15174552542973502,267,1
639,"(15,0)",,False,54,"[17, 14, 15, 0, 3]",13,0.295958752099102,98,365,9,0.15174552542973502,267,1
640,"(8,10)",,False,56,"[4, 8, 10, 5, 19]",13,0.28016737972878303,100,367,9,0.09744183691552101,267,1
641,"(8,10)",,False,56,"[4, 8, 10, 5, 19]",13,0.28016737972878303,100,367,9,0.09744183691552101,267,1
642,"(4,13)",,False,58,"[4, 8, 13, 15, 0]",14,0.26641540720488,102,369,9,0.094420394420394,267,1
643,"(4,13)",,False,58,"[4, 8, 13, 15, 0]",14,0.26641540720488,102,369,9,0.094420394420394,267,1
644,"(18,0)",,False,56,"[9, 15, 18, 0, 12]",13,0.22220956431482702,104,371,8,0.048584845953267,267,1
645,"(18,0)",,False,56,"[9, 15, 18, 0, 12]",13,0.22220956431482702,104,371,8,0.048584845953267,267,1
646,"(9,2)",,False,56,"[13, 9, 17, 2, 16]",13,0.23774841143262102,106,373,8,0.05004683425736001,267,1
647,"(9,2)",,False,56,"[13, 9, 17, 2, 16]",13,0.23774841143262102,106,373,8,0.05004683425736001,267,1
648,"(2,15)",,False,56,"[2, 8, 15, 12, 6]",13,0.23773796865902103,108,375,8,0.055992253360674,267,1
649,"(2,15)",,False,56,"[2, 8, 15, 12, 6]",13,0.23773796865902103,108,375,8,0.055992253360674,267,1
650,"(8,0)",,False,54,"[8, 18, 11, 12, 0]",12,0.23085153962346902,110,377,7,0.044983249369214,267,1
651,"(8,0)",,False,54,"[8, 18, 11, 12, 0]",12,0.23085153962346902,110,377,7,0.044983249369214,267,1
652,"(11,16)",,False,54,"[11, 8, 10, 16, 3]",12,0.225058015408892,112,379,7,0.044894644017451,267,1
653,"(11,16)",,False,54,"[11, 8, 10, 16, 3]",12,0.225058015408892,112,379,7,0.044894644017451,267,1
654,"(16,7)",,False,54,"[3, 16, 11, 13, 7]",12,0.24367399981435,114,381,7,0.044342337324793,267,1
655,"(16,7)",,False,54,"[3, 16, 11, 13, 7]",12,0.24367399981435,114,381,7,0.044342337324793,267,1
656,"(8,18)",,False,56,"[14, 11, 8, 18, 12]",12,0.23104288499025302,116,383,7,0.042165599183143006,267,1
657,"(8,18)",,False,56,"[14, 11, 8, 18, 12]",12,0.23104288499025302,116,383,7,0.042165599183143006,267,1
658,"(13,0)",,False,57,"[13, 9, 4, 8, 0]",13,0.26718880534670003,118,385,7,0.042165599183143006,267,1
659,"(13,0)",,False,57,"[13, 9, 4, 8, 0]",13,0.26718880534670003,118,385,7,0.042165599183143006,267,1
660,"(0,13)",,False,57,"[0, 13, 17, 18, 6]",13,0.26718880534670003,120,387,7,0.042165599183143006,267,1
661,"(0,13)",,False,57,"[0, 13, 17, 18, 6]",13,0.26718880534670003,120,387,7,0.042165599183143006,267,1
662,"(13,1)",,False,56,"[13, 3, 4, 9, 1]",13,0.30471549243479,122,389,8,0.12266545994616102,267,1
663,"(13,1)",,False,56,"[13, 3, 4, 9, 1]",13,0.30471549243479,122,389,8,0.12266545994616102,267,1
664,"(1,5)",,False,56,"[15, 1, 4, 5, 13]",13,0.29476701011788703,124,391,9,0.154128376496797,267,1
665,"(1,5)",,False,56,"[15, 1, 4, 5, 13]",13,0.29476701011788703,124,391,9,0.154128376496797,267,1
666,"(19,2)",,False,58,"[18, 10, 19, 4, 2]",14,0.28330696269292704,126,393,9,0.144941689239934,267,1
667,"(19,2)",,False,58,"[18, 10, 19, 4, 2]",14,0.28330696269292704,126,393,9,0.144941689239934,267,1
668,"(15,11)",,False,59,"[15, 9, 13, 11, 14]",14,0.264886753921841,128,395,9,0.110387078808131,267,1
669,"(15,11)",,False,59,"[15, 9, 13, 11, 14]",14,0.264886753921841,128,395,9,0.110387078808131,267,1
670,"(18,1)",,False,59,"[16, 18, 1, 8, 12]",14,0.27425508214981903,130,397,10,0.147451963241436,267,1
671,"(18,1)",,False,59,"[16, 18, 1, 8, 12]",14,0.27425508214981903,130,397,10,0.147451963241436,267,1
672,"(0,5)",,False,57,"[0, 5, 16, 11, 1]",13,0.233458646616541,132,399,10,0.21574770258980702,267,1
673,"(0,5)",,False,57,"[0, 5, 16, 11, 1]",13,0.233458646616541,132,399,10,0.21574770258980702,267,1
674,"(4,15)",,False,60,"[12, 17, 7, 4, 15]",13,0.20719507101086002,134,401,10,0.150169404993966,267,1
675,"(4,15)",,False,60,"[12, 17, 7, 4, 15]",13,0.20719507101086002,134,401,10,0.150169404993966,267,1
676,"(0,10)",,False,60,"[9, 0, 10, 3, 8]",12,0.17403926482873802,136,403,10,0.13823510797195002,267,1
677,"(0,10)",,False,60,"[9, 0, 10, 3, 8]",12,0.17403926482873802,136,403,10,0.13823510797195002,267,1
678,"(11,0)",,False,58,"[11, 0, 18, 5, 17]",11,0.17742504409171,138,405,9,0.10755592685417201,267,1
679,"(11,0)",,False,58,"[11, 0, 18, 5, 17]",11,0.17742504409171,138,405,9,0.10755592685417201,267,1
680,"(18,2)",,False,58,"[9, 4, 18, 2, 11]",11,0.17684953123549602,140,407,9,0.101351020649266,267,1
681,"(18,2)",,False,58,"[9, 4, 18, 2, 11]",11,0.17684953123549602,140,407,9,0.101351020649266,267,1
682,"(15,0)",,True,56,"[5, 15, 13, 10, 0]",10,0.16109718741297602,142,409,9,0.104358539446258,267,1
683,"(15,0)",,True,56,"[5, 15, 13, 10, 0]",10,0.16109718741297602,142,409,9,0.104358539446258,267,1
684,"(19,7)",,False,55,"[19, 4, 15, 8, 7]",10,0.16332624490519201,144,411,9,0.107816257816257,267,1
685,"(19,7)",,False,55,"[19, 4, 15, 8, 7]",10,0.16332624490519201,144,411,9,0.107816257816257,267,1
686,"(16,11)",,False,52,"[16, 8, 11, 3, 4]",10,0.18263841421736102,146,413,7,0.091683332911403,267,1
687,"(16,11)",,False,52,"[16, 8, 11, 3, 4]",10,0.18263841421736102,146,413,7,0.091683332911403,267,1
688,"(13,6)",,False,54,"[3, 13, 16, 6, 10]",11,0.20174172805751703,148,415,7,0.08009417483101601,267,1
689,"(13,6)",,False,54,"[3, 13, 16, 6, 10]",11,0.20174172805751703,148,415,7,0.08009417483101601,267,1
690,"(4,13)",,False,56,"[5, 4, 11, 17, 13]",11,0.194946963368016,150,417,7,0.07635376319586801,267,1
691,"(4,13)",,False,56,"[5, 4, 11, 17, 13]",11,0.194946963368016,150,417,7,0.07635376319586801,267,1
692,"(9,13)",,False,58,"[9, 10, 13, 3, 6]",12,0.208156755525176,152,419,7,0.048265866686919005,267,1
693,"(9,13)",,False,58,"[9, 10, 13, 3, 6]",12,0.208156755525176,152,419,7,0.048265866686919005,267,1
694,"(6,14)",,False,57,"[12, 6, 9, 14, 5]",12,0.20815084850172502,154,421,7,0.050929090402774005,267,1
695,"(6,14)",,False,57,"[12, 6, 9, 14, 5]",12,0.20815084850172502,154,421,7,0.050929090402774005,267,1
696,"(0,7)",,False,57,"[0, 6, 1, 15, 7]",11,0.174453494848231,156,423,7,0.044611528822055005,267,1
697,"(0,7)",,False,57,"[0, 6, 1, 15, 7]",11,0.174453494848231,156,423,7,0.044611528822055005,267,1
698,"(13,3)",,False,59,"[15, 13, 8, 3, 11]",11,0.16263575605680802,158,425,7,0.034727309727309,267,1
699,"(13,3)",,False,59,"[15, 13, 8, 3, 11]",11,0.16263575605680802,158,425,7,0.034727309727309,267,1
700,"(19,5)",,False,59,"[19, 18, 10, 5, 11]",11,0.172571952757711,160,427,7,0.035973344203478,267,1
701,"(19,5)",,False,59,"[19, 18, 10, 5, 11]",11,0.172571952757711,160,427,7,0.035973344203478,267,1
702,"(2,16)",,False,61,"[11, 15, 9, 2, 16]",12,0.189875517253171,162,429,7,0.032680995861974,267,1
703,"(2,16)",,False,61,"[11, 15, 9, 2, 16]",12,0.189875517253171,162,429,7,0.032680995861974,267,1
704,"(6,1)",,False,61,"[11, 6, 4, 17, 1]",12,0.191792346362983,164,431,8,0.047170924386990006,267,1
705,"(6,1)",,False,61,"[11, 6, 4, 17, 1]",12,0.191792346362983,164,431,8,0.047170924386990006,267,1
706,"(2,14)",,False,63,"[2, 14, 3, 4, 19]",12,0.17040554602881403,166,433,8,0.043689999853434004,267,1
707,"(2,14)",,False,63,"[2, 14, 3, 4, 19]",12,0.17040554602881403,166,433,8,0.043689999853434004,267,1
708,"(14,13)",,False,65,"[16, 10, 14, 13, 9]",13,0.191026542965601,168,435,8,0.041740682114643005,267,1
709,"(14,13)",,False,65,"[16, 10, 14, 13, 9]",13,0.191026542965601,168,435,8,0.041740682114643005,267,1
710,"(3,5)",,False,65,"[16, 3, 5, 7, 8]",13,0.20057819988567901,170,437,8,0.039791364375851006,267,1
711,"(3,5)",,False,65,"[16, 3, 5, 7, 8]",13,0.20057819988567901,170,437,8,0.039791364375851006,267,1
712,"(1,10)",,False,65,"[1, 8, 6, 10, 18]",13,0.20257588415483102,172,439,9,0.059593428014480004,267,1
713,"(1,10)",,False,65,"[1, 8, 6, 10, 18]",13,0.20257588415483102,172,439,9,0.059593428014480004,267,1
714,"(3,6)",,False,65,"[10, 3, 6, 17, 16]",13,0.20232525758841502,174,441,9,0.056648565859092004,267,1
715,"(3,6)",,False,65,"[10, 3, 6, 17, 16]",13,0.20232525758841502,174,441,9,0.056648565859092004,267,1
716,12:4,assassinate,True,62,"[12, 10, 15, 13, 3]",12,0.145203285992759,176,443,9,0.05615659519168201,267,1
717,12:4,assassinate,True,62,"[12, 10, 15, 13, 3]",12,0.145203285992759,176,443,9,0.05615659519168201,267,1
718,"(2,19)",,False,61,"[2, 19, 15, 14, 9]",12,0.129117828240635,178,445,7,0.035092782461203,267,1
719,"(2,19)",,False,61,"[2, 19, 15, 14, 9]",12,0.129117828240635,178,445,7,0.035092782461203,267,1
720,"(12,17)",,False,61,"[13, 12, 16, 6, 17]",12,0.159695535134131,180,447,7,0.049883969182214,267,1
721,"(12,17)",,False,61,"[13, 12, 16, 6, 17]",12,0.159695535134131,180,447,7,0.049883969182214,267,1
722,15:8,assassinate,True,58,"[9, 0, 10, 18, 15]",11,0.120774157616262,182,449,7,0.036187691450849005,267,1
723,15:8,assassinate,True,58,"[9, 0, 10, 18, 15]",11,0.120774157616262,182,449,7,0.036187691450849005,267,1
724,"(19,1)",,False,58,"[19, 1, 12, 4, 18]",11,0.104887218045112,184,451,8,0.06991088833194001,267,1
725,"(19,1)",,False,58,"[19, 1, 12, 4, 18]",11,0.104887218045112,184,451,8,0.06991088833194001,267,1
726,"(8,14)",,False,58,"[8, 14, 19, 9, 18]",11,0.106244778613199,186,453,8,0.068434976329713,267,1
727,"(8,14)",,False,58,"[8, 14, 19, 9, 18]",11,0.106244778613199,186,453,8,0.068434976329713,267,1
728,"(11,1)",,False,60,"[16, 3, 11, 1, 2]",11,0.110337185556483,188,455,9,0.08929035551842501,267,1
729,"(11,1)",,False,60,"[16, 3, 11, 1, 2]",11,0.110337185556483,188,455,9,0.08929035551842501,267,1
730,"(12,1)",,False,62,"[2, 7, 16, 12, 1]",12,0.13661236424394302,190,457,10,0.10426065162907201,267,1
731,"(12,1)",,False,62,"[2, 7, 16, 12, 1]",12,0.13661236424394302,190,457,10,0.10426065162907201,267,1
732,"(9,16)",,False,64,"[17, 9, 8, 16, 7]",12,0.128943571048834,192,459,10,0.09645452013873,267,1
733,"(9,16)",,False,64,"[17, 9, 8, 16, 7]",12,0.128943571048834,192,459,10,0.09645452013873,267,1
734,"(11,19)",,False,64,"[11, 19, 7, 13, 4]",12,0.138568643831801,194,461,9,0.065455304928989,267,1
735,"(11,19)",,False,64,"[11, 19, 7, 13, 4]",12,0.138568643831801,194,461,9,0.065455304928989,267,1
736,"(5,19)",,False,66,"[5, 4, 9, 17, 19]",12,0.144848231690336,196,463,9,0.06102756892230501,267,1
737,"(5,19)",,False,66,"[5, 4, 9, 17, 19]",12,0.144848231690336,196,463,9,0.06102756892230501,267,1
738,"(3,19)",,False,66,"[3, 7, 19, 17, 18]",12,0.133834586466165,198,465,9,0.058980785296574,267,1
739,"(3,19)",,False,66,"[3, 7, 19, 17, 18]",12,0.133834586466165,198,465,9,0.058980785296574,267,1
740,"(3,14)",,False,66,"[9, 3, 14, 16, 17]",12,0.143887496519075,200,467,9,0.060261765524923,267,1
741,"(3,14)",,False,66,"[9, 3, 14, 16, 17]",12,0.143887496519075,200,467,9,0.060261765524923,267,1
742,"(19,3)",,False,68,"[17, 19, 13, 3, 10]",13,0.138429406850459,202,469,9,0.05803397382344701,267,1
743,"(19,3)",,False,68,"[17, 19, 13, 3, 10]",13,0.138429406850459,202,469,9,0.05803397382344701,267,1
744,"(19,13)",,False,68,"[5, 19, 13, 17, 18]",13,0.142386521860206,204,471,9,0.058443330548593006,267,1
745,"(19,13)",,False,68,"[5, 19, 13, 17, 18]",13,0.142386521860206,204,471,9,0.058443330548593006,267,1
746,"(9,1)",,False,70,"[11, 9, 18, 3, 1]",14,0.15663464216095702,206,473,10,0.07506265664160401,267,1
747,"(9,1)",,False,70,"[11, 9, 18, 3, 1]",14,0.15663464216095702,206,473,10,0.07506265664160401,267,1
748,"(6,0)",,True,67,"[2, 6, 17, 0, 4]",13,0.17659521277942303,208,475,10,0.08816074276600501,267,1
749,"(6,0)",,True,67,"[2, 6, 17, 0, 4]",13,0.17659521277942303,208,475,10,0.08816074276600501,267,1
750,"(15,10)",,False,69,"[5, 6, 9, 15, 10]",14,0.19647023704041203,210,477,10,0.089654375838586,267,1
751,"(15,10)",,False,69,"[5, 6, 9, 15, 10]",14,0.19647023704041203,210,477,10,0.089654375838586,267,1
752,"(4,10)",,False,69,"[4, 16, 10, 14, 3]",14,0.19625505261470103,212,479,9,0.07481930837193901,267,1
753,"(4,10)",,False,69,"[4, 16, 10, 14, 3]",14,0.19625505261470103,212,479,9,0.07481930837193901,267,1
754,"(11,0)",,False,68,"[11, 16, 0, 1, 12]",13,0.17790709939832702,214,481,9,0.06926491312456201,267,1
755,"(11,0)",,False,68,"[11, 16, 0, 1, 12]",13,0.17790709939832702,214,481,9,0.06926491312456201,267,1
756,"(17,12)",,False,66,"[6, 17, 18, 5, 12]",13,0.19783591976574402,216,483,9,0.09541994717433301,267,1
757,"(17,12)",,False,66,"[6, 17, 18, 5, 12]",13,0.19783591976574402,216,483,9,0.09541994717433301,267,1
758,"(14,17)",,False,69,"[10, 2, 8, 14, 17]",15,0.21702225649594,218,485,9,0.083930981299402,267,1
759,"(14,17)",,False,69,"[10, 2, 8, 14, 17]",15,0.21702225649594,218,485,9,0.083930981299402,267,1
760,"(19,17)",,False,69,"[19, 11, 12, 17, 10]",15,0.21616025300235803,220,487,9,0.082218366428892,267,1
761,"(19,17)",,False,69,"[19, 11, 12, 17, 10]",15,0.21616025300235803,220,487,9,0.082218366428892,267,1
762,"(15,3)",,False,71,"[2, 15, 3, 8, 7]",16,0.238413341044919,222,489,9,0.05338238759291301,267,1
763,"(15,3)",,False,71,"[2, 15, 3, 8, 7]",16,0.238413341044919,222,489,9,0.05338238759291301,267,1
764,"(2,12)",,False,70,"[4, 2, 12, 9, 19]",16,0.24353940406571903,224,491,7,0.015009746588693001,267,1
765,"(2,12)",,False,70,"[4, 2, 12, 9, 19]",16,0.24353940406571903,224,491,7,0.015009746588693001,267,1
766,"(16,11)",,False,70,"[16, 8, 11, 5, 7]",16,0.23505987190197702,226,493,7,0.013116123642439002,267,1
767,"(16,11)",,False,70,"[16, 8, 11, 5, 7]",16,0.23505987190197702,226,493,7,0.013116123642439002,267,1
768,"(14,13)",,False,70,"[10, 12, 14, 13, 18]",16,0.22891952102478402,228,495,6,0.007268170426065,267,1
769,"(14,13)",,False,70,"[10, 12, 14, 13, 18]",16,0.22891952102478402,228,495,6,0.007268170426065,267,1
770,"(14,1)",,False,72,"[12, 5, 14, 1, 4]",17,0.256432748538011,230,497,7,0.016040100250626,267,1
771,"(14,1)",,False,72,"[12, 5, 14, 1, 4]",17,0.256432748538011,230,497,7,0.016040100250626,267,1
772,"(0,19)",,False,70,"[17, 0, 13, 19, 8]",16,0.24637604111288303,232,499,7,0.017774233563707,267,1
773,"(0,19)",,False,70,"[17, 0, 13, 19, 8]",16,0.24637604111288303,232,499,7,0.017774233563707,267,1
774,"(13,12)",,False,70,"[17, 13, 4, 12, 15]",16,0.242690058479532,234,501,6,0.012085769980506,267,1
775,"(13,12)",,False,70,"[17, 13, 4, 12, 15]",16,0.242690058479532,234,501,6,0.012085769980506,267,1
776,14:8,assassinate,True,65,"[14, 19, 13, 2, 16]",15,0.19536340852130302,236,503,5,0.004511278195488,267,1
777,14:8,assassinate,True,65,"[14, 19, 13, 2, 16]",15,0.19536340852130302,236,503,5,0.004511278195488,267,1
778,"(9,0)",,False,65,"[7, 9, 16, 0, 2]",14,0.19784289784289702,238,505,5,0.004511278195488,267,1
779,"(9,0)",,False,65,"[7, 9, 16, 0, 2]",14,0.19784289784289702,238,505,5,0.004511278195488,267,1
780,"(0,16)",,True,62,"[8, 0, 16, 9, 10]",13,0.191295546558704,240,507,4,0.004738341580446,267,1
781,"(0,16)",,True,62,"[8, 0, 16, 9, 10]",13,0.191295546558704,240,507,4,0.004738341580446,267,1
782,"(12,10)",,False,62,"[12, 10, 5, 4, 3]",13,0.17689717689717602,242,509,4,0.005030739241265,267,1
783,"(12,10)",,False,62,"[12, 10, 5, 4, 3]",13,0.17689717689717602,242,509,4,0.005030739241265,267,1
784,"(14,10)",,False,62,"[7, 14, 17, 0, 10]",13,0.171521558363663,244,511,4,0.006005398110661001,267,1
785,"(14,10)",,False,62,"[7, 14, 17, 0, 10]",13,0.171521558363663,244,511,4,0.006005398110661001,267,1
786,"(9,10)",,False,64,"[9, 10, 3, 13, 16]",14,0.192978366662577,246,513,4,0.006005398110661001,267,1
787,"(9,10)",,False,64,"[9, 10, 3, 13, 16]",14,0.192978366662577,246,513,4,0.006005398110661001,267,1
788,"(0,15)",,False,64,"[0, 15, 8, 3, 19]",14,0.17196338424408503,248,515,4,0.005973266499582,267,1
789,"(0,15)",,False,64,"[0, 15, 8, 3, 19]",14,0.17196338424408503,248,515,4,0.005973266499582,267,1
790,"(9,0)",,False,62,"[9, 15, 0, 16, 10]",13,0.17019257545573302,250,517,4,0.006265664160401,267,1
791,"(9,0)",,False,62,"[9, 15, 0, 16, 10]",13,0.17019257545573302,250,517,4,0.006265664160401,267,1
792,"(19,0)",,False,60,"[9, 19, 7, 10, 0]",12,0.149836128783497,252,519,3,0.0034113060428840004,267,1
793,"(19,0)",,False,60,"[9, 19, 7, 10, 0]",12,0.149836128783497,252,519,3,0.0034113060428840004,267,1
794,6:8,assassinate,True,55,"[6, 13, 19, 9, 4]",11,0.120843776106933,254,521,3,0.0034113060428840004,267,1
795,6:8,assassinate,True,55,"[6, 13, 19, 9, 4]",11,0.120843776106933,254,521,3,0.0034113060428840004,267,1
796,"(4,7)",,False,56,"[4, 7, 6, 17, 18]",12,0.16479245251175,256,523,2,0.0,267,1
797,"(4,7)",,False,56,"[4, 7, 6, 17, 18]",12,0.16479245251175,256,523,2,0.0,267,1
798,"(2,7)",,False,58,"[14, 2, 8, 7, 17]",13,0.17632507193910701,258,525,2,0.0,267,1
799,"(2,7)",,False,58,"[14, 2, 8, 7, 17]",13,0.17632507193910701,258,525,2,0.0,267,1
