,actionDetail,actionType,bonusActivated,graphEdgeCount,nodeList,p1Degree,p1Score,p1WinAdvantage,p1WinCount,p2Degree,p2Score,p2WinCount,player
0,"(11,1)",,True,2,"[11, 10, 15, 2, 1]",0,-0.001,-1,0,1,0.0,1,1
1,"(11,1)",,True,2,"[11, 10, 15, 2, 1]",0,-0.001,-1,0,1,0.0,1,1
2,"(17,13)",,False,4,"[17, 0, 13, 3, 11]",0,-0.001,-3,0,1,0.0,3,1
3,"(17,13)",,False,4,"[17, 0, 13, 3, 11]",0,-0.001,-3,0,1,0.0,3,1
4,"(13,15)",,False,6,"[13, 15, 19, 3, 8]",0,-0.001,-5,0,1,0.0,5,1
5,"(13,15)",,False,6,"[13, 15, 19, 3, 8]",0,-0.001,-5,0,1,0.0,5,1
6,"(15,0)",,False,7,"[15, 13, 0, 16, 6]",1,0.0,-4,1,1,0.0,5,1
7,"(15,0)",,False,7,"[15, 13, 0, 16, 6]",1,0.0,-4,1,1,0.0,5,1
8,"(17,1)",,False,9,"[17, 1, 4, 19, 0]",2,0.040935672514619006,-4,2,2,0.070175438596491,6,1
9,"(17,1)",,False,9,"[17, 1, 4, 19, 0]",2,0.040935672514619006,-4,2,2,0.070175438596491,6,1
10,"(2,11)",,False,12,"[2, 17, 11, 9, 14]",2,0.052631578947368,-4,3,2,0.06432748538011601,7,1
11,"(2,11)",,False,12,"[2, 17, 11, 9, 14]",2,0.052631578947368,-4,3,2,0.06432748538011601,7,1
12,"(3,10)",,False,14,"[3, 13, 10, 12, 14]",2,0.070175438596491,-5,3,2,0.08187134502923901,8,1
13,"(3,10)",,False,14,"[3, 13, 10, 12, 14]",2,0.070175438596491,-5,3,2,0.08187134502923901,8,1
14,"(5,18)",,False,17,"[2, 5, 7, 18, 4]",2,0.029239766081871003,-5,4,2,0.052631578947368,9,1
15,"(5,18)",,False,17,"[2, 5, 7, 18, 4]",2,0.029239766081871003,-5,4,2,0.052631578947368,9,1
16,"(5,17)",,False,20,"[5, 8, 17, 4, 19]",2,0.026315789473684,-3,6,2,0.018518518518518,9,1
17,"(5,17)",,False,20,"[5, 8, 17, 4, 19]",2,0.026315789473684,-3,6,2,0.018518518518518,9,1
18,"(4,5)",,False,22,"[9, 10, 4, 5, 8]",3,0.043859649122807,-1,8,2,0.005847953216374001,9,1
19,"(4,5)",,False,22,"[9, 10, 4, 5, 8]",3,0.043859649122807,-1,8,2,0.005847953216374001,9,1
20,"(0,2)",,False,21,"[0, 5, 3, 2, 13]",2,0.026315789473684,1,10,1,0.0,9,1
21,"(0,2)",,False,21,"[0, 5, 3, 2, 13]",2,0.026315789473684,1,10,1,0.0,9,1
22,"(7,13)",,False,23,"[4, 7, 2, 13, 8]",2,0.011695906432748001,3,12,1,0.0,9,1
23,"(7,13)",,False,23,"[4, 7, 2, 13, 8]",2,0.011695906432748001,3,12,1,0.0,9,1
24,"(6,9)",,False,26,"[6, 14, 13, 9, 10]",2,0.008771929824561,5,14,1,0.0,9,1
25,"(6,9)",,False,26,"[6, 14, 13, 9, 10]",2,0.008771929824561,5,14,1,0.0,9,1
26,"(13,10)",,False,26,"[13, 10, 6, 16, 12]",2,0.015594541910331002,7,16,1,0.0,9,1
27,"(13,10)",,False,26,"[13, 10, 6, 16, 12]",2,0.015594541910331002,7,16,1,0.0,9,1
28,"(13,18)",,False,28,"[13, 2, 15, 0, 18]",2,0.009746588693957,9,18,1,0.0,9,1
29,"(13,18)",,False,28,"[13, 2, 15, 0, 18]",2,0.009746588693957,9,18,1,0.0,9,1
30,"(16,17)",,False,31,"[6, 16, 17, 10, 11]",4,0.08957115009746501,11,20,1,0.0,9,1
31,"(16,17)",,False,31,"[6, 16, 17, 10, 11]",4,0.08957115009746501,11,20,1,0.0,9,1
32,"(0,7)",,False,29,"[0, 2, 3, 4, 7]",3,0.027290448343079,13,22,1,0.0,9,1
33,"(0,7)",,False,29,"[0, 2, 3, 4, 7]",3,0.027290448343079,13,22,1,0.0,9,1
34,"(9,3)",,False,31,"[9, 4, 3, 18, 19]",3,0.030214424951267003,15,24,1,0.0,9,1
35,"(9,3)",,False,31,"[9, 4, 3, 18, 19]",3,0.030214424951267003,15,24,1,0.0,9,1
36,"(15,11)",,False,34,"[12, 15, 11, 7, 2]",5,0.111598440545808,17,26,1,0.0,9,1
37,"(15,11)",,False,34,"[12, 15, 11, 7, 2]",5,0.111598440545808,17,26,1,0.0,9,1
38,"(16,11)",,False,34,"[4, 10, 16, 19, 11]",5,0.10662768031189,19,28,1,0.0,9,1
39,"(16,11)",,False,34,"[4, 10, 16, 19, 11]",5,0.10662768031189,19,28,1,0.0,9,1
40,"(4,3)",,False,37,"[0, 18, 5, 4, 3]",7,0.25370370370370304,21,30,1,0.0,9,1
41,"(4,3)",,False,37,"[0, 18, 5, 4, 3]",7,0.25370370370370304,21,30,1,0.0,9,1
42,"(18,19)",,False,39,"[8, 1, 18, 10, 19]",8,0.24717348927875202,23,32,1,0.0,9,1
43,"(18,19)",,False,39,"[8, 1, 18, 10, 19]",8,0.24717348927875202,23,32,1,0.0,9,1
44,"(15,8)",,False,41,"[10, 15, 5, 8, 4]",9,0.256384015594541,25,34,1,0.0,9,1
45,"(15,8)",,False,41,"[10, 15, 5, 8, 4]",9,0.256384015594541,25,34,1,0.0,9,1
46,"(3,6)",,False,44,"[15, 3, 16, 6, 4]",11,0.331237816764132,27,36,2,0.0,9,1
47,"(3,6)",,False,44,"[15, 3, 16, 6, 4]",11,0.331237816764132,27,36,2,0.0,9,1
48,"(0,12)",,False,41,"[19, 4, 0, 2, 12]",10,0.29931773879142304,29,38,2,0.0,9,1
49,"(0,12)",,False,41,"[19, 4, 0, 2, 12]",10,0.29931773879142304,29,38,2,0.0,9,1
50,"(14,8)",,False,41,"[9, 14, 4, 8, 2]",10,0.302436647173489,31,40,2,0.0,9,1
51,"(14,8)",,False,41,"[9, 14, 4, 8, 2]",10,0.302436647173489,31,40,2,0.0,9,1
52,"(0,7)",,False,38,"[4, 0, 7, 13, 6]",9,0.286062378167641,33,42,2,0.0,9,1
53,"(0,7)",,False,38,"[4, 0, 7, 13, 6]",9,0.286062378167641,33,42,2,0.0,9,1
54,"(18,6)",,False,40,"[18, 13, 2, 16, 6]",10,0.304464865868374,35,44,2,0.0,9,1
55,"(18,6)",,False,40,"[18, 13, 2, 16, 6]",10,0.304464865868374,35,44,2,0.0,9,1
56,"(0,11)",,False,37,"[6, 0, 11, 2, 4]",9,0.353167641325536,37,46,2,0.0,9,1
57,"(0,11)",,False,37,"[6, 0, 11, 2, 4]",9,0.353167641325536,37,46,2,0.0,9,1
58,12:4,assassinate,True,36,"[19, 10, 12, 4, 11]",9,0.33562378167641305,39,48,2,0.0,9,1
59,12:4,assassinate,True,36,"[19, 10, 12, 4, 11]",9,0.33562378167641305,39,48,2,0.0,9,1
60,"(16,12)",,False,38,"[16, 12, 10, 13, 8]",9,0.36574074074074003,41,50,2,0.0,9,1
61,"(16,12)",,False,38,"[16, 12, 10, 13, 8]",9,0.36574074074074003,41,50,2,0.0,9,1
62,"(10,15)",,False,39,"[17, 4, 10, 6, 15]",10,0.378508771929824,43,52,2,0.0,9,1
63,"(10,15)",,False,39,"[17, 4, 10, 6, 15]",10,0.378508771929824,43,52,2,0.0,9,1
64,"(17,5)",,False,38,"[17, 5, 14, 15, 8]",10,0.375758841548315,45,54,2,0.0,9,1
65,"(17,5)",,False,38,"[17, 5, 14, 15, 8]",10,0.375758841548315,45,54,2,0.0,9,1
66,"(10,19)",,False,37,"[10, 19, 4, 2, 6]",10,0.40068226120857603,47,56,2,0.0,9,1
67,"(10,19)",,False,37,"[10, 19, 4, 2, 6]",10,0.40068226120857603,47,56,2,0.0,9,1
68,"(12,3)",,False,37,"[15, 8, 12, 2, 3]",10,0.377290448343079,49,58,1,0.0,9,1
69,"(12,3)",,False,37,"[15, 8, 12, 2, 3]",10,0.377290448343079,49,58,1,0.0,9,1
70,"(11,6)",,False,36,"[9, 11, 6, 0, 18]",10,0.38206627680311805,51,60,1,0.0,9,1
71,"(11,6)",,False,36,"[9, 11, 6, 0, 18]",10,0.38206627680311805,51,60,1,0.0,9,1
72,"(10,8)",,False,37,"[10, 8, 14, 17, 5]",10,0.35906432748538003,53,62,1,0.0,9,1
73,"(10,8)",,False,37,"[10, 8, 14, 17, 5]",10,0.35906432748538003,53,62,1,0.0,9,1
74,"(1,9)",,False,37,"[7, 19, 13, 1, 9]",10,0.38391812865497005,55,64,2,0.039473684210526,9,1
75,"(1,9)",,False,37,"[7, 19, 13, 1, 9]",10,0.38391812865497005,55,64,2,0.039473684210526,9,1
76,"(3,19)",,False,37,"[9, 3, 12, 19, 14]",10,0.383333333333333,57,66,2,0.043567251461988005,9,1
77,"(3,19)",,False,37,"[9, 3, 12, 19, 14]",10,0.383333333333333,57,66,2,0.043567251461988005,9,1
78,"(3,0)",,False,35,"[7, 3, 4, 9, 0]",9,0.374756335282651,59,68,2,0.047758284600389,9,1
79,"(3,0)",,False,35,"[7, 3, 4, 9, 0]",9,0.374756335282651,59,68,2,0.047758284600389,9,1
80,"(10,8)",,False,36,"[16, 2, 13, 10, 8]",9,0.36939571150097406,61,70,2,0.047758284600389,9,1
81,"(10,8)",,False,36,"[16, 2, 13, 10, 8]",9,0.36939571150097406,61,70,2,0.047758284600389,9,1
82,"(4,1)",,False,36,"[14, 13, 2, 4, 1]",9,0.397173489278752,63,72,3,0.08430799220272901,9,1
83,"(4,1)",,False,36,"[14, 13, 2, 4, 1]",9,0.397173489278752,63,72,3,0.08430799220272901,9,1
84,"(13,1)",,False,36,"[13, 1, 6, 0, 3]",9,0.40175438596491203,65,74,4,0.11939571150097401,9,1
85,"(13,1)",,False,36,"[13, 1, 6, 0, 3]",9,0.40175438596491203,65,74,4,0.11939571150097401,9,1
86,14:4,assassinate,True,34,"[0, 12, 14, 5, 2]",8,0.343567251461988,67,76,4,0.09844054580896601,9,1
87,14:4,assassinate,True,34,"[0, 12, 14, 5, 2]",8,0.343567251461988,67,76,4,0.09844054580896601,9,1
88,15:2,assassinate,True,34,"[18, 10, 13, 2, 15]",7,0.29678362573099404,69,78,4,0.08966861598440501,9,1
89,15:2,assassinate,True,34,"[18, 10, 13, 2, 15]",7,0.29678362573099404,69,78,4,0.08966861598440501,9,1
90,"(6,14)",,False,36,"[6, 4, 16, 14, 9]",8,0.292592592592592,71,80,4,0.058089668615984004,9,1
91,"(6,14)",,False,36,"[6, 4, 16, 14, 9]",8,0.292592592592592,71,80,4,0.058089668615984004,9,1
92,"(10,0)",,False,34,"[13, 3, 10, 14, 0]",7,0.310038986354775,73,82,4,0.07563352826510701,9,1
93,"(10,0)",,False,34,"[13, 3, 10, 14, 0]",7,0.310038986354775,73,82,4,0.07563352826510701,9,1
94,"(16,18)",,False,33,"[16, 3, 19, 14, 18]",7,0.302826510721247,75,84,4,0.101810080757449,9,1
95,"(16,18)",,False,33,"[16, 3, 19, 14, 18]",7,0.302826510721247,75,84,4,0.101810080757449,9,1
96,"(5,8)",,False,34,"[9, 10, 0, 5, 8]",8,0.320922677063027,77,86,4,0.10350877192982401,9,1
97,"(5,8)",,False,34,"[9, 10, 0, 5, 8]",8,0.320922677063027,77,86,4,0.10350877192982401,9,1
98,"(17,0)",,False,34,"[17, 0, 14, 8, 9]",7,0.272431077694235,79,88,4,0.07272347535505401,9,1
99,"(17,0)",,False,34,"[17, 0, 14, 8, 9]",7,0.272431077694235,79,88,4,0.07272347535505401,9,1
100,"(0,16)",,False,32,"[0, 8, 11, 4, 16]",6,0.22709551656920002,81,90,3,0.032651072124756,9,1
101,"(0,16)",,False,32,"[0, 8, 11, 4, 16]",6,0.22709551656920002,81,90,3,0.032651072124756,9,1
102,"(16,1)",,False,33,"[11, 16, 1, 15, 2]",7,0.313464216095795,83,92,4,0.08149540517961501,9,1
103,"(16,1)",,False,33,"[11, 16, 1, 15, 2]",7,0.313464216095795,83,92,4,0.08149540517961501,9,1
104,"(8,11)",,False,35,"[5, 2, 8, 13, 11]",8,0.30667641325536005,85,94,4,0.064230019493177,9,1
105,"(8,11)",,False,35,"[5, 2, 8, 13, 11]",8,0.30667641325536005,85,94,4,0.064230019493177,9,1
106,"(17,1)",,False,37,"[17, 11, 16, 1, 12]",9,0.31013645224171504,87,96,5,0.08927875243664701,9,1
107,"(17,1)",,False,37,"[17, 11, 16, 1, 12]",9,0.31013645224171504,87,96,5,0.08927875243664701,9,1
108,"(3,19)",,False,37,"[4, 3, 9, 12, 19]",9,0.275341130604288,89,98,5,0.08684210526315701,9,1
109,"(3,19)",,False,37,"[4, 3, 9, 12, 19]",9,0.275341130604288,89,98,5,0.08684210526315701,9,1
110,"(17,14)",,False,38,"[17, 13, 16, 14, 9]",9,0.27037037037037004,91,100,5,0.09200779727095501,9,1
111,"(17,14)",,False,38,"[17, 13, 16, 14, 9]",9,0.27037037037037004,91,100,5,0.09200779727095501,9,1
112,"(7,1)",,False,40,"[16, 4, 7, 5, 1]",10,0.364522417153996,93,102,6,0.11072124756335201,9,1
113,"(7,1)",,False,40,"[16, 4, 7, 5, 1]",10,0.364522417153996,93,102,6,0.11072124756335201,9,1
114,"(12,0)",,False,38,"[2, 4, 12, 0, 5]",9,0.31988304093567205,95,104,5,0.06968810916179301,9,1
115,"(12,0)",,False,38,"[2, 4, 12, 0, 5]",9,0.31988304093567205,95,104,5,0.06968810916179301,9,1
116,"(14,0)",,False,39,"[17, 6, 1, 14, 0]",10,0.37570314675577804,97,106,5,0.047953216374269005,9,1
117,"(14,0)",,False,39,"[17, 6, 1, 14, 0]",10,0.37570314675577804,97,106,5,0.047953216374269005,9,1
118,"(0,18)",,False,38,"[0, 11, 9, 5, 18]",9,0.323224728487886,99,108,5,0.062085769980506,9,1
119,"(0,18)",,False,38,"[0, 11, 9, 5, 18]",9,0.323224728487886,99,108,5,0.062085769980506,9,1
120,"(1,14)",,False,39,"[5, 19, 6, 1, 14]",10,0.414202172096908,101,110,5,0.048259537733221,9,1
121,"(1,14)",,False,39,"[5, 19, 6, 1, 14]",10,0.414202172096908,101,110,5,0.048259537733221,9,1
122,"(0,10)",,False,40,"[19, 13, 16, 0, 10]",11,0.43074352548036704,103,112,5,0.04963798384851,9,1
123,"(0,10)",,False,40,"[19, 13, 16, 0, 10]",11,0.43074352548036704,103,112,5,0.04963798384851,9,1
124,"(18,15)",,False,39,"[18, 2, 15, 6, 11]",11,0.43128654970760205,105,114,4,0.018031189083820003,9,1
125,"(18,15)",,False,39,"[18, 2, 15, 6, 11]",11,0.43128654970760205,105,114,4,0.018031189083820003,9,1
126,"(11,13)",,False,39,"[4, 11, 10, 13, 5]",11,0.408771929824561,107,116,4,0.007504873294346,9,1
127,"(11,13)",,False,39,"[4, 11, 10, 13, 5]",11,0.408771929824561,107,116,4,0.007504873294346,9,1
128,"(17,19)",,False,39,"[17, 2, 13, 19, 10]",11,0.389473684210526,109,118,4,0.007212475633528,9,1
129,"(17,19)",,False,39,"[17, 2, 13, 19, 10]",11,0.389473684210526,109,118,4,0.007212475633528,9,1
130,"(16,1)",,False,40,"[6, 9, 16, 1, 4]",11,0.40058479532163704,111,120,5,0.050389863547758006,9,1
131,"(16,1)",,False,40,"[6, 9, 16, 1, 4]",11,0.40058479532163704,111,120,5,0.050389863547758006,9,1
132,"(9,5)",,False,40,"[2, 9, 19, 4, 5]",11,0.408771929824561,113,122,5,0.048732943469785,9,1
133,"(9,5)",,False,40,"[2, 9, 19, 4, 5]",11,0.408771929824561,113,122,5,0.048732943469785,9,1
134,"(17,3)",,False,42,"[11, 8, 17, 16, 3]",11,0.39042049568365306,115,124,5,0.047953216374269005,9,1
135,"(17,3)",,False,42,"[11, 8, 17, 16, 3]",11,0.39042049568365306,115,124,5,0.047953216374269005,9,1
136,"(8,0)",,False,42,"[1, 8, 10, 0, 5]",11,0.371539961013645,117,126,5,0.048148148148148,9,1
137,"(8,0)",,False,42,"[1, 8, 10, 0, 5]",11,0.371539961013645,117,126,5,0.048148148148148,9,1
138,"(1,19)",,False,42,"[1, 10, 19, 15, 5]",11,0.374756335282651,119,128,6,0.065399610136452,9,1
139,"(1,19)",,False,42,"[1, 10, 19, 15, 5]",11,0.374756335282651,119,128,6,0.065399610136452,9,1
140,"(16,18)",,False,43,"[16, 7, 17, 18, 12]",13,0.5012670565302141,121,130,6,0.12612085769980502,9,1
141,"(16,18)",,False,43,"[16, 7, 17, 18, 12]",13,0.5012670565302141,121,130,6,0.12612085769980502,9,1
142,"(2,1)",,False,43,"[2, 7, 12, 15, 1]",13,0.503091060985797,123,132,7,0.155360623781676,9,1
143,"(2,1)",,False,43,"[2, 7, 12, 15, 1]",13,0.503091060985797,123,132,7,0.155360623781676,9,1
144,"(18,1)",,False,45,"[18, 1, 7, 5, 12]",13,0.452213868003341,125,134,8,0.180701754385964,9,1
145,"(18,1)",,False,45,"[18, 1, 7, 5, 12]",13,0.452213868003341,125,134,8,0.180701754385964,9,1
146,"(6,1)",,False,48,"[9, 6, 5, 14, 1]",15,0.46448760790866006,127,136,9,0.184133945976051,9,1
147,"(6,1)",,False,48,"[9, 6, 5, 14, 1]",15,0.46448760790866006,127,136,9,0.184133945976051,9,1
148,"(3,9)",,False,48,"[16, 3, 9, 19, 12]",15,0.43250255267799104,129,138,9,0.18174603174603102,9,1
149,"(3,9)",,False,48,"[16, 3, 9, 19, 12]",15,0.43250255267799104,129,138,9,0.18174603174603102,9,1
150,"(1,15)",,False,50,"[16, 5, 13, 1, 15]",15,0.39992806089297306,131,140,10,0.195231133389028,9,1
151,"(1,15)",,False,50,"[16, 5, 13, 1, 15]",15,0.39992806089297306,131,140,10,0.195231133389028,9,1
152,"(13,3)",,False,52,"[7, 13, 8, 5, 3]",16,0.408033973823447,133,142,10,0.177151211361737,9,1
153,"(13,3)",,False,52,"[7, 13, 8, 5, 3]",16,0.408033973823447,133,142,10,0.177151211361737,9,1
154,"(10,0)",,False,49,"[10, 0, 9, 13, 11]",15,0.37602339181286504,135,144,10,0.179901141743247,9,1
155,"(10,0)",,False,49,"[10, 0, 9, 13, 11]",15,0.37602339181286504,135,144,10,0.179901141743247,9,1
156,"(18,1)",,False,49,"[18, 8, 19, 11, 1]",15,0.37602339181286504,137,146,10,0.179901141743247,9,1
157,"(18,1)",,False,49,"[18, 8, 19, 11, 1]",15,0.37602339181286504,137,146,10,0.179901141743247,9,1
158,"(3,1)",,False,51,"[4, 3, 9, 11, 1]",15,0.35146051154823005,139,148,11,0.181333805895209,9,1
159,"(3,1)",,False,51,"[4, 3, 9, 11, 1]",15,0.35146051154823005,139,148,11,0.181333805895209,9,1
160,"(7,14)",,False,51,"[4, 16, 19, 7, 14]",15,0.365367121507472,141,150,11,0.18125406107862202,9,1
161,"(7,14)",,False,51,"[4, 16, 19, 7, 14]",15,0.365367121507472,141,150,11,0.18125406107862202,9,1
162,"(12,1)",,False,51,"[12, 19, 4, 9, 1]",15,0.36234567901234505,143,152,11,0.179889538661468,9,1
163,"(12,1)",,False,51,"[12, 19, 4, 9, 1]",15,0.36234567901234505,143,152,11,0.179889538661468,9,1
164,"(17,16)",,False,53,"[17, 10, 16, 13, 3]",16,0.38892601875058,145,154,11,0.124152975030168,9,1
165,"(17,16)",,False,53,"[17, 10, 16, 13, 3]",16,0.38892601875058,145,154,11,0.124152975030168,9,1
166,"(1,10)",,False,53,"[1, 8, 4, 10, 14]",16,0.38873108697670006,147,156,12,0.172138680033416,9,1
167,"(1,10)",,False,53,"[1, 8, 4, 10, 14]",16,0.38873108697670006,147,156,12,0.172138680033416,9,1
168,"(3,6)",,False,53,"[1, 3, 2, 12, 6]",16,0.39040973646236704,149,158,12,0.163335105440368,9,1
169,"(3,6)",,False,53,"[1, 3, 2, 12, 6]",16,0.39040973646236704,149,158,12,0.163335105440368,9,1
170,"(8,18)",,False,52,"[12, 11, 5, 8, 18]",16,0.39744500139236905,151,160,12,0.16793372319688102,9,1
171,"(8,18)",,False,52,"[12, 11, 5, 8, 18]",16,0.39744500139236905,151,160,12,0.16793372319688102,9,1
172,"(6,7)",,False,53,"[3, 13, 1, 6, 7]",16,0.405604288499025,153,162,12,0.155894365543488,9,1
173,"(6,7)",,False,53,"[3, 13, 1, 6, 7]",16,0.405604288499025,153,162,12,0.155894365543488,9,1
174,"(15,7)",,False,55,"[19, 15, 7, 6, 9]",17,0.42554302422723406,155,164,12,0.151559454191033,9,1
175,"(15,7)",,False,55,"[19, 15, 7, 6, 9]",17,0.42554302422723406,155,164,12,0.151559454191033,9,1
176,"(15,4)",,False,55,"[15, 6, 11, 4, 10]",17,0.44078947368421,157,166,12,0.14954051796157,9,1
177,"(15,4)",,False,55,"[15, 6, 11, 4, 10]",17,0.44078947368421,157,166,12,0.14954051796157,9,1
178,"(16,0)",,False,52,"[7, 16, 4, 1, 0]",16,0.44273415019029005,159,168,10,0.15315139701104602,9,1
179,"(16,0)",,False,52,"[7, 16, 4, 1, 0]",16,0.44273415019029005,159,168,10,0.15315139701104602,9,1
180,"(19,0)",,False,52,"[9, 19, 6, 5, 0]",15,0.40650932887774904,161,170,10,0.162735542560103,9,1
181,"(19,0)",,False,52,"[9, 19, 6, 5, 0]",15,0.40650932887774904,161,170,10,0.162735542560103,9,1
182,"(2,0)",,False,52,"[14, 2, 0, 11, 18]",15,0.405820105820105,163,172,10,0.147335932423651,9,1
183,"(2,0)",,False,52,"[14, 2, 0, 11, 18]",15,0.405820105820105,163,172,10,0.147335932423651,9,1
184,"(17,15)",,False,52,"[11, 3, 17, 14, 15]",15,0.39113060428849805,165,174,9,0.101364522417153,9,1
185,"(17,15)",,False,52,"[11, 3, 17, 14, 15]",15,0.39113060428849805,165,174,9,0.101364522417153,9,1
186,"(8,3)",,False,52,"[8, 17, 6, 3, 14]",15,0.35545808966861603,167,176,9,0.103801169590643,9,1
187,"(8,3)",,False,52,"[8, 17, 6, 3, 14]",15,0.35545808966861603,167,176,9,0.103801169590643,9,1
188,"(12,0)",,False,50,"[17, 6, 12, 0, 4]",14,0.335672514619883,169,178,9,0.125146198830409,9,1
189,"(12,0)",,False,50,"[17, 6, 12, 0, 4]",14,0.335672514619883,169,178,9,0.125146198830409,9,1
190,"(9,19)",,False,53,"[9, 14, 10, 19, 11]",14,0.305590364800891,171,180,9,0.10334864940128001,9,1
191,"(9,19)",,False,53,"[9, 14, 10, 19, 11]",14,0.305590364800891,171,180,9,0.10334864940128001,9,1
192,"(7,12)",,False,55,"[18, 7, 2, 16, 12]",14,0.275935208391348,173,182,9,0.083839227698876,9,1
193,"(7,12)",,False,55,"[18, 7, 2, 16, 12]",14,0.275935208391348,173,182,9,0.083839227698876,9,1
194,"(0,4)",,False,54,"[0, 16, 4, 15, 8]",14,0.322997308085027,175,184,9,0.10763482781026601,9,1
195,"(0,4)",,False,54,"[0, 16, 4, 15, 8]",14,0.322997308085027,175,184,9,0.10763482781026601,9,1
196,"(12,18)",,False,56,"[12, 18, 5, 19, 3]",15,0.326747424115845,177,186,9,0.096581732108047,9,1
197,"(12,18)",,False,56,"[12, 18, 5, 19, 3]",15,0.326747424115845,177,186,9,0.096581732108047,9,1
198,"(0,8)",,False,54,"[0, 9, 17, 10, 8]",14,0.255256196045669,179,188,9,0.092780562517404,9,1
199,"(0,8)",,False,54,"[0, 9, 17, 10, 8]",14,0.255256196045669,179,188,9,0.092780562517404,9,1
200,"(12,2)",,False,54,"[11, 8, 12, 18, 2]",14,0.251503759398496,181,190,9,0.09083820662768001,9,1
201,"(12,2)",,False,54,"[11, 8, 12, 18, 2]",14,0.251503759398496,181,190,9,0.09083820662768001,9,1
202,"(8,1)",,False,54,"[8, 0, 14, 1, 9]",14,0.27141928896314804,183,192,10,0.19922027290448302,9,1
203,"(8,1)",,False,54,"[8, 0, 14, 1, 9]",14,0.27141928896314804,183,192,10,0.19922027290448302,9,1
204,"(5,9)",,False,54,"[5, 9, 10, 12, 16]",14,0.276768309663046,185,194,10,0.196052631578947,9,1
205,"(5,9)",,False,54,"[5, 9, 10, 12, 16]",14,0.276768309663046,185,194,10,0.196052631578947,9,1
206,"(3,0)",,False,55,"[3, 8, 10, 11, 0]",13,0.234621275410749,187,196,10,0.187561496333426,9,1
207,"(3,0)",,False,55,"[3, 8, 10, 11, 0]",13,0.234621275410749,187,196,10,0.187561496333426,9,1
208,"(10,1)",,False,55,"[6, 10, 1, 13, 18]",13,0.24353244221665202,189,198,11,0.230237631114824,9,1
209,"(10,1)",,False,55,"[6, 10, 1, 13, 18]",13,0.24353244221665202,189,198,11,0.230237631114824,9,1
210,14:4,assassinate,True,54,"[14, 17, 3, 6, 8]",12,0.158897243107769,189,199,11,0.20114870509607302,10,1
211,14:4,assassinate,True,54,"[14, 17, 3, 6, 8]",12,0.158897243107769,189,199,11,0.20114870509607302,10,1
212,"(4,16)",,False,55,"[4, 2, 10, 16, 19]",12,0.158738142948669,187,199,11,0.199800199800199,12,1
213,"(4,16)",,False,55,"[4, 2, 10, 16, 19]",12,0.158738142948669,187,199,11,0.199800199800199,12,1
214,"(5,1)",,False,54,"[5, 1, 12, 16, 11]",12,0.15224278645331202,187,200,10,0.15603538761433403,13,1
215,"(5,1)",,False,54,"[5, 1, 12, 16, 11]",12,0.15224278645331202,187,200,10,0.15603538761433403,13,1
216,"(15,0)",,False,53,"[15, 0, 1, 16, 7]",12,0.13810916179337202,187,201,10,0.158395989974937,14,1
217,"(15,0)",,False,53,"[15, 0, 1, 16, 7]",12,0.13810916179337202,187,201,10,0.158395989974937,14,1
218,"(17,1)",,False,55,"[17, 5, 8, 1, 11]",13,0.165785676311992,187,202,11,0.16606415027467603,15,1
219,"(17,1)",,False,55,"[17, 5, 8, 1, 11]",13,0.165785676311992,187,202,11,0.16606415027467603,15,1
220,"(6,19)",,True,54,"[6, 2, 19, 11, 3]",13,0.17045391255917502,187,203,11,0.17066276803118902,16,1
221,"(6,19)",,True,54,"[6, 2, 19, 11, 3]",13,0.17045391255917502,187,203,11,0.17066276803118902,16,1
222,"(8,14)",,False,53,"[15, 5, 8, 14, 11]",13,0.22199944305207403,187,204,11,0.270662768031189,17,1
223,"(8,14)",,False,53,"[15, 5, 8, 14, 11]",13,0.22199944305207403,187,204,11,0.270662768031189,17,1
224,"(0,12)",,False,50,"[4, 10, 0, 12, 16]",12,0.189445836814257,185,204,11,0.28732943469785505,19,1
225,"(0,12)",,False,50,"[4, 10, 0, 12, 16]",12,0.189445836814257,185,204,11,0.28732943469785505,19,1
226,"(15,19)",,False,50,"[15, 19, 14, 8, 10]",12,0.18807667316439203,183,204,10,0.262638076673164,21,1
227,"(15,19)",,False,50,"[15, 19, 14, 8, 10]",12,0.18807667316439203,183,204,10,0.262638076673164,21,1
228,"(1,3)",,False,52,"[19, 1, 14, 3, 11]",13,0.207695163835514,181,204,11,0.275433955258516,23,1
229,"(1,3)",,False,52,"[19, 1, 14, 3, 11]",13,0.207695163835514,181,204,11,0.275433955258516,23,1
230,"(7,1)",,False,53,"[16, 8, 7, 9, 1]",13,0.21245706859741903,179,204,12,0.29384108419196103,25,1
231,"(7,1)",,False,53,"[16, 8, 7, 9, 1]",13,0.21245706859741903,179,204,12,0.29384108419196103,25,1
232,"(15,0)",,False,51,"[19, 15, 18, 8, 0]",12,0.18751044277360002,177,204,11,0.277179058758006,27,1
233,"(15,0)",,False,51,"[19, 15, 18, 8, 0]",12,0.18751044277360002,177,204,11,0.277179058758006,27,1
234,"(17,2)",,False,53,"[17, 16, 18, 2, 8]",12,0.19051416419837403,179,206,11,0.18617028682818101,27,1
235,"(17,2)",,False,53,"[17, 16, 18, 2, 8]",12,0.19051416419837403,179,206,11,0.18617028682818101,27,1
236,"(5,0)",,True,53,"[5, 6, 10, 0, 19]",11,0.140514164198374,179,207,11,0.187827206906154,28,1
237,"(5,0)",,True,53,"[5, 6, 10, 0, 19]",11,0.140514164198374,179,207,11,0.187827206906154,28,1
238,"(1,12)",,False,52,"[8, 1, 13, 12, 6]",11,0.157790844632949,177,207,12,0.25093145970338904,30,1
239,"(1,12)",,False,52,"[8, 1, 13, 12, 6]",11,0.157790844632949,177,207,12,0.25093145970338904,30,1
240,"(7,10)",,False,52,"[11, 9, 7, 17, 10]",11,0.157790844632949,175,207,12,0.25093145970338904,32,1
241,"(7,10)",,False,52,"[11, 9, 7, 17, 10]",11,0.157790844632949,175,207,12,0.25093145970338904,32,1
242,"(4,18)",,False,52,"[12, 1, 4, 18, 6]",12,0.207045391255917,173,207,12,0.23711361737677503,34,1
243,"(4,18)",,False,52,"[12, 1, 4, 18, 6]",12,0.207045391255917,173,207,12,0.23711361737677503,34,1
244,"(4,15)",,False,49,"[6, 12, 4, 15, 19]",12,0.291743247006404,175,209,10,0.112893344472291,34,1
245,"(4,15)",,False,49,"[6, 12, 4, 15, 19]",12,0.291743247006404,175,209,10,0.112893344472291,34,1
246,"(14,1)",,False,49,"[2, 6, 14, 16, 1]",12,0.23937157709087503,177,211,10,0.23624570685974103,34,1
247,"(14,1)",,False,49,"[2, 6, 14, 16, 1]",12,0.23937157709087503,177,211,10,0.23624570685974103,34,1
248,"(2,11)",,False,48,"[8, 2, 11, 18, 4]",12,0.276636034530771,179,213,10,0.24553745474798103,34,1
249,"(2,11)",,False,48,"[8, 2, 11, 18, 4]",12,0.276636034530771,179,213,10,0.24553745474798103,34,1
250,"(8,4)",,False,48,"[12, 8, 17, 9, 4]",12,0.271164021164021,181,215,10,0.23200362016151402,34,1
251,"(8,4)",,False,48,"[12, 8, 17, 9, 4]",12,0.271164021164021,181,215,10,0.23200362016151402,34,1
252,"(0,2)",,False,45,"[11, 0, 6, 2, 19]",11,0.332293697205977,183,217,8,0.182878492527615,34,1
253,"(0,2)",,False,45,"[11, 0, 6, 2, 19]",11,0.332293697205977,183,217,8,0.182878492527615,34,1
254,"(18,0)",,False,45,"[16, 4, 13, 18, 0]",10,0.269569757727652,185,219,8,0.177220829852408,34,1
255,"(18,0)",,False,45,"[16, 4, 13, 18, 0]",10,0.269569757727652,185,219,8,0.177220829852408,34,1
256,"(1,15)",,False,46,"[17, 6, 1, 15, 16]",10,0.21193260930103003,185,220,8,0.229448621553884,35,1
257,"(1,15)",,False,46,"[17, 6, 1, 15, 16]",10,0.21193260930103003,185,220,8,0.229448621553884,35,1
258,"(14,6)",,False,49,"[14, 6, 10, 18, 8]",12,0.284278002699055,187,222,8,0.14975419317524502,35,1
259,"(14,6)",,False,49,"[14, 6, 10, 18, 8]",12,0.284278002699055,187,222,8,0.14975419317524502,35,1
260,"(5,1)",,False,51,"[12, 7, 5, 1, 3]",12,0.24519766296082002,189,224,9,0.16964258937943102,35,1
261,"(5,1)",,False,51,"[12, 7, 5, 1, 3]",12,0.24519766296082002,189,224,9,0.16964258937943102,35,1
262,"(0,4)",,False,52,"[2, 0, 8, 1, 4]",13,0.270859038622196,191,226,9,0.147838078101235,35,1
263,"(0,4)",,False,52,"[2, 0, 8, 1, 4]",13,0.270859038622196,191,226,9,0.147838078101235,35,1
264,"(11,6)",,False,52,"[16, 19, 11, 12, 6]",13,0.26038138274980305,193,228,9,0.1435147211463,35,1
265,"(11,6)",,False,52,"[16, 19, 11, 12, 6]",13,0.26038138274980305,193,228,9,0.1435147211463,35,1
266,"(9,13)",,False,52,"[9, 3, 13, 16, 8]",13,0.24560580744791202,195,230,9,0.136747803853067,35,1
267,"(9,13)",,False,52,"[9, 3, 13, 16, 8]",13,0.24560580744791202,195,230,9,0.136747803853067,35,1
268,"(5,17)",,False,55,"[10, 15, 5, 17, 14]",15,0.31487747145641803,197,232,9,0.08408521303258101,35,1
269,"(5,17)",,False,55,"[10, 15, 5, 17, 14]",15,0.31487747145641803,197,232,9,0.08408521303258101,35,1
270,"(8,10)",,False,55,"[8, 10, 12, 5, 6]",15,0.31487747145641803,199,234,9,0.076190476190476,35,1
271,"(8,10)",,False,55,"[8, 10, 12, 5, 6]",15,0.31487747145641803,199,234,9,0.076190476190476,35,1
272,"(12,3)",,False,55,"[12, 14, 16, 3, 17]",15,0.318404808317089,201,236,9,0.07921888053467001,35,1
273,"(12,3)",,False,55,"[12, 14, 16, 3, 17]",15,0.318404808317089,201,236,9,0.07921888053467001,35,1
274,"(10,1)",,False,55,"[10, 6, 17, 4, 1]",15,0.31432516476376104,203,238,10,0.13825536062378102,35,1
275,"(10,1)",,False,55,"[10, 6, 17, 4, 1]",15,0.31432516476376104,203,238,10,0.13825536062378102,35,1
276,"(0,6)",,True,53,"[0, 8, 17, 13, 6]",14,0.28977072310405605,205,240,9,0.125341130604288,35,1
277,"(0,6)",,True,53,"[0, 8, 17, 13, 6]",14,0.28977072310405605,205,240,9,0.125341130604288,35,1
278,"(14,19)",,False,53,"[11, 3, 14, 19, 12]",14,0.290155945419103,207,242,8,0.07933723196881001,35,1
279,"(14,19)",,False,53,"[11, 3, 14, 19, 12]",14,0.290155945419103,207,242,8,0.07933723196881001,35,1
280,"(12,18)",,False,53,"[12, 9, 6, 10, 18]",14,0.290155945419103,209,244,8,0.07933723196881001,35,1
281,"(12,18)",,False,53,"[12, 9, 6, 10, 18]",14,0.290155945419103,209,244,8,0.07933723196881001,35,1
282,9:10,assassinate,True,46,"[6, 13, 16, 9, 19]",13,0.316309291747888,211,246,7,0.089181286549707,35,1
283,9:10,assassinate,True,46,"[6, 13, 16, 9, 19]",13,0.316309291747888,211,246,7,0.089181286549707,35,1
284,"(1,15)",,False,49,"[2, 1, 0, 8, 15]",13,0.288357467743432,213,248,8,0.07802608372783801,35,1
285,"(1,15)",,False,49,"[2, 1, 0, 8, 15]",13,0.288357467743432,213,248,8,0.07802608372783801,35,1
286,"(16,10)",,False,52,"[13, 9, 17, 16, 10]",15,0.342337324793465,215,250,8,0.06010860484544601,35,1
287,"(16,10)",,False,52,"[13, 9, 17, 16, 10]",15,0.342337324793465,215,250,8,0.06010860484544601,35,1
288,"(0,4)",,False,52,"[0, 4, 6, 15, 3]",14,0.313710201429499,217,252,8,0.06949317738791401,35,1
289,"(0,4)",,False,52,"[0, 4, 6, 15, 3]",14,0.313710201429499,217,252,8,0.06949317738791401,35,1
290,"(5,0)",,False,50,"[16, 9, 5, 2, 0]",13,0.319769330734243,219,254,8,0.092787524366471,35,1
291,"(5,0)",,False,50,"[16, 9, 5, 2, 0]",13,0.319769330734243,219,254,8,0.092787524366471,35,1
292,"(12,8)",,False,53,"[12, 8, 6, 15, 4]",13,0.285920820569943,221,256,8,0.057128933444722,35,1
293,"(12,8)",,False,53,"[12, 8, 6, 15, 4]",13,0.285920820569943,221,256,8,0.057128933444722,35,1
294,"(18,1)",,False,52,"[6, 18, 19, 1, 10]",13,0.277956465237166,223,258,9,0.0840318388564,35,1
295,"(18,1)",,False,52,"[6, 18, 19, 1, 10]",13,0.277956465237166,223,258,9,0.0840318388564,35,1
296,"(1,9)",,False,52,"[2, 1, 5, 9, 3]",13,0.295249698319873,225,260,9,0.13474194746124502,35,1
297,"(1,9)",,False,52,"[2, 1, 5, 9, 3]",13,0.295249698319873,225,260,9,0.13474194746124502,35,1
298,"(7,6)",,False,53,"[7, 15, 6, 5, 3]",13,0.282063956186763,227,262,9,0.13196649029982302,35,1
299,"(7,6)",,False,53,"[7, 15, 6, 5, 3]",13,0.282063956186763,227,262,9,0.13196649029982302,35,1
300,"(0,16)",,False,50,"[0, 13, 17, 12, 16]",12,0.270377332219437,229,264,9,0.13680729601782202,35,1
301,"(0,16)",,False,50,"[0, 13, 17, 12, 16]",12,0.270377332219437,229,264,9,0.13680729601782202,35,1
302,"(3,1)",,False,51,"[13, 2, 3, 4, 1]",13,0.314281073053002,231,266,10,0.152390234846375,35,1
303,"(3,1)",,False,51,"[13, 2, 3, 4, 1]",13,0.314281073053002,231,266,10,0.152390234846375,35,1
304,"(11,0)",,False,49,"[11, 0, 10, 15, 9]",12,0.305216745567622,233,268,10,0.162965283579318,35,1
305,"(11,0)",,False,49,"[11, 0, 10, 15, 9]",12,0.305216745567622,233,268,10,0.162965283579318,35,1
306,"(9,18)",,False,49,"[11, 3, 7, 9, 18]",12,0.306776199758655,235,270,9,0.09795553699062401,35,1
307,"(9,18)",,False,49,"[11, 3, 7, 9, 18]",12,0.306776199758655,235,270,9,0.09795553699062401,35,1
308,"(2,12)",,False,49,"[6, 4, 13, 2, 12]",12,0.280019493177387,237,272,9,0.09789752158173201,35,1
309,"(2,12)",,False,49,"[6, 4, 13, 2, 12]",12,0.280019493177387,237,272,9,0.09789752158173201,35,1
310,"(18,0)",,False,48,"[18, 1, 4, 17, 0]",11,0.26372876636034503,239,274,9,0.11733500417710901,35,1
311,"(18,0)",,False,48,"[18, 1, 4, 17, 0]",11,0.26372876636034503,239,274,9,0.11733500417710901,35,1
312,2:8,assassinate,True,43,"[2, 3, 13, 9, 5]",11,0.28039543302701203,241,276,9,0.11977165135059802,35,1
313,2:8,assassinate,True,43,"[2, 3, 13, 9, 5]",11,0.28039543302701203,241,276,9,0.11977165135059802,35,1
314,"(18,16)",,False,44,"[10, 4, 5, 18, 16]",12,0.298621553884711,243,278,9,0.133514341409078,35,1
315,"(18,16)",,False,44,"[10, 4, 5, 18, 16]",12,0.298621553884711,243,278,9,0.133514341409078,35,1
316,4:6,assassinate,True,41,"[1, 15, 4, 12, 6]",11,0.30938457254246704,245,280,8,0.114035087719298,35,1
317,4:6,assassinate,True,41,"[1, 15, 4, 12, 6]",11,0.30938457254246704,245,280,8,0.114035087719298,35,1
318,"(1,15)",,False,43,"[1, 12, 14, 17, 15]",11,0.303049289891395,247,282,9,0.132943469785575,35,1
319,"(1,15)",,False,43,"[1, 12, 14, 17, 15]",11,0.303049289891395,247,282,9,0.132943469785575,35,1
320,"(7,19)",,False,42,"[4, 7, 19, 17, 13]",11,0.297758284600389,249,284,9,0.13684210526315702,35,1
321,"(7,19)",,False,42,"[4, 7, 19, 17, 13]",11,0.297758284600389,249,284,9,0.13684210526315702,35,1
322,"(0,12)",,False,40,"[0, 18, 12, 4, 10]",10,0.29172932330827,251,286,9,0.153522695627958,35,1
323,"(0,12)",,False,40,"[0, 18, 12, 4, 10]",10,0.29172932330827,251,286,9,0.153522695627958,35,1
324,"(10,13)",,False,43,"[18, 17, 10, 6, 13]",10,0.27297410192147004,253,288,9,0.131161236424394,35,1
325,"(10,13)",,False,43,"[18, 17, 10, 6, 13]",10,0.27297410192147004,253,288,9,0.131161236424394,35,1
326,"(1,19)",,False,43,"[1, 4, 10, 6, 19]",10,0.270885547201336,255,290,10,0.169729880256196,35,1
327,"(1,19)",,False,43,"[1, 4, 10, 6, 19]",10,0.270885547201336,255,290,10,0.169729880256196,35,1
328,"(9,19)",,False,45,"[9, 12, 4, 14, 19]",10,0.233173210804789,257,292,10,0.144827346143135,35,1
329,"(9,19)",,False,45,"[9, 12, 4, 14, 19]",10,0.233173210804789,257,292,10,0.144827346143135,35,1
330,"(18,2)",,False,48,"[18, 19, 9, 17, 2]",10,0.192035644667223,259,294,10,0.117926761347813,35,1
331,"(18,2)",,False,48,"[18, 19, 9, 17, 2]",10,0.192035644667223,259,294,10,0.117926761347813,35,1
332,"(18,9)",,False,49,"[5, 8, 18, 9, 19]",11,0.214062935115566,261,296,10,0.10106516290726801,35,1
333,"(18,9)",,False,49,"[5, 8, 18, 9, 19]",11,0.214062935115566,261,296,10,0.10106516290726801,35,1
334,"(8,18)",,False,51,"[10, 8, 17, 18, 3]",11,0.19340016708437702,263,298,10,0.08390420495683601,35,1
335,"(8,18)",,False,51,"[10, 8, 17, 18, 3]",11,0.19340016708437702,263,298,10,0.08390420495683601,35,1
336,"(4,15)",,False,53,"[12, 11, 2, 4, 15]",11,0.20412141464773,265,300,10,0.08975215817321,35,1
337,"(4,15)",,False,53,"[12, 11, 2, 4, 15]",11,0.20412141464773,265,300,10,0.08975215817321,35,1
338,"(6,3)",,False,52,"[10, 6, 3, 15, 11]",11,0.22701429499675102,267,302,10,0.09455815464587301,35,1
339,"(6,3)",,False,52,"[10, 6, 3, 15, 11]",11,0.22701429499675102,267,302,10,0.09455815464587301,35,1
340,7:6,assassinate,True,48,"[7, 11, 17, 10, 9]",10,0.162605588044184,269,304,9,0.07495126705653,35,1
341,7:6,assassinate,True,48,"[7, 11, 17, 10, 9]",10,0.162605588044184,269,304,9,0.07495126705653,35,1
342,"(0,16)",,False,45,"[11, 18, 0, 10, 16]",9,0.134892787524366,271,306,7,0.033430799220272,35,1
343,"(0,16)",,False,45,"[11, 18, 0, 10, 16]",9,0.134892787524366,271,306,7,0.033430799220272,35,1
344,"(1,4)",,False,47,"[12, 14, 6, 1, 4]",10,0.223424301494476,273,308,8,0.078654970760233,35,1
345,"(1,4)",,False,47,"[12, 14, 6, 1, 4]",10,0.223424301494476,273,308,8,0.078654970760233,35,1
346,"(8,1)",,False,49,"[8, 12, 19, 15, 1]",11,0.233331012716977,275,310,9,0.095829852408799,35,1
347,"(8,1)",,False,49,"[8, 12, 19, 15, 1]",11,0.233331012716977,275,310,9,0.095829852408799,35,1
348,"(0,8)",,False,48,"[2, 0, 8, 4, 12]",10,0.22222222222222202,277,312,8,0.092397660818713,35,1
349,"(0,8)",,False,48,"[2, 0, 8, 4, 12]",10,0.22222222222222202,277,312,8,0.092397660818713,35,1
350,"(7,11)",,False,48,"[19, 7, 13, 6, 11]",10,0.19200779727095502,279,314,7,0.07202729044834301,35,1
351,"(7,11)",,False,48,"[19, 7, 13, 6, 11]",10,0.19200779727095502,279,314,7,0.07202729044834301,35,1
352,"(10,3)",,False,51,"[10, 5, 3, 8, 13]",12,0.252749930381509,281,316,7,0.06448760790866001,35,1
353,"(10,3)",,False,51,"[10, 5, 3, 8, 13]",12,0.252749930381509,281,316,7,0.06448760790866001,35,1
354,"(0,14)",,False,50,"[17, 16, 0, 2, 14]",11,0.23646616541353302,283,318,7,0.055277081592871,35,1
355,"(0,14)",,False,50,"[17, 16, 0, 2, 14]",11,0.23646616541353302,283,318,7,0.055277081592871,35,1
356,"(0,15)",,False,51,"[0, 9, 17, 15, 8]",12,0.258568137515505,285,320,7,0.067080158308228,35,1
357,"(0,15)",,False,51,"[0, 9, 17, 15, 8]",12,0.258568137515505,285,320,7,0.067080158308228,35,1
358,"(3,0)",,False,52,"[18, 12, 17, 3, 0]",13,0.299401280980228,287,322,7,0.038944583681425005,35,1
359,"(3,0)",,False,52,"[18, 12, 17, 3, 0]",13,0.299401280980228,287,322,7,0.038944583681425005,35,1
360,"(19,16)",,False,53,"[19, 14, 5, 9, 16]",13,0.297187412976886,289,324,7,0.040406571985519,35,1
361,"(19,16)",,False,53,"[19, 14, 5, 9, 16]",13,0.297187412976886,289,324,7,0.040406571985519,35,1
362,"(19,0)",,False,50,"[17, 19, 0, 16, 15]",12,0.29544927132646404,291,326,6,0.056040564373897005,35,1
363,"(19,0)",,False,50,"[17, 19, 0, 16, 15]",12,0.29544927132646404,291,326,6,0.056040564373897005,35,1
364,"(1,4)",,False,49,"[3, 8, 1, 19, 4]",12,0.283959899749373,293,328,7,0.080047340573656,35,1
365,"(1,4)",,False,49,"[3, 8, 1, 19, 4]",12,0.283959899749373,293,328,7,0.080047340573656,35,1
366,"(17,9)",,False,51,"[17, 10, 13, 2, 9]",12,0.25860484544695,295,330,7,0.07925368978000501,35,1
367,"(17,9)",,False,51,"[17, 10, 13, 2, 9]",12,0.25860484544695,295,330,7,0.07925368978000501,35,1
368,"(11,16)",,False,53,"[15, 11, 12, 16, 5]",12,0.23226120857699803,297,332,7,0.061695906432748006,35,1
369,"(11,16)",,False,53,"[15, 11, 12, 16, 5]",12,0.23226120857699803,297,332,7,0.061695906432748006,35,1
370,"(11,13)",,False,54,"[15, 12, 16, 11, 13]",12,0.22302979671400702,299,334,7,0.045618676320430006,35,1
371,"(11,13)",,False,54,"[15, 12, 16, 11, 13]",12,0.22302979671400702,299,334,7,0.045618676320430006,35,1
372,"(6,1)",,False,55,"[17, 6, 4, 9, 1]",13,0.249345586187691,301,336,8,0.06509793001021001,35,1
373,"(6,1)",,False,55,"[17, 6, 4, 9, 1]",13,0.249345586187691,301,336,8,0.06509793001021001,35,1
374,4:8,assassinate,True,52,"[6, 4, 15, 19, 17]",12,0.20402394876079002,303,338,7,0.055054302422723,35,1
375,4:8,assassinate,True,52,"[6, 4, 15, 19, 17]",12,0.20402394876079002,303,338,7,0.055054302422723,35,1
376,"(12,1)",,False,51,"[18, 12, 17, 1, 14]",12,0.22950431634642102,305,340,7,0.058395989974937,35,1
377,"(12,1)",,False,51,"[18, 12, 17, 1, 14]",12,0.22950431634642102,305,340,7,0.058395989974937,35,1
378,"(4,16)",,False,53,"[4, 2, 3, 7, 16]",13,0.310693400167084,307,342,7,0.061807296017822005,35,1
379,"(4,16)",,False,53,"[4, 2, 3, 7, 16]",13,0.310693400167084,307,342,7,0.061807296017822005,35,1
380,"(4,0)",,False,53,"[2, 16, 4, 0, 17]",12,0.259851016429963,309,344,7,0.05190754664438801,35,1
381,"(4,0)",,False,53,"[2, 16, 4, 0, 17]",12,0.259851016429963,309,344,7,0.05190754664438801,35,1
382,"(14,18)",,False,54,"[5, 17, 13, 14, 18]",12,0.258030176451229,311,346,7,0.04394825447457,35,1
383,"(14,18)",,False,54,"[5, 17, 13, 14, 18]",12,0.258030176451229,311,346,7,0.04394825447457,35,1
384,"(16,4)",,False,52,"[6, 16, 13, 19, 4]",12,0.24535961114908403,313,348,7,0.044191919191919005,35,1
385,"(16,4)",,False,52,"[6, 16, 13, 19, 4]",12,0.24535961114908403,313,348,7,0.044191919191919005,35,1
386,"(18,6)",,False,54,"[2, 18, 13, 4, 6]",12,0.209605874956752,315,350,7,0.03704442081635,35,1
387,"(18,6)",,False,54,"[2, 18, 13, 4, 6]",12,0.209605874956752,315,350,7,0.03704442081635,35,1
388,"(10,6)",,False,55,"[10, 6, 14, 15, 12]",12,0.22536201615148901,317,352,7,0.039619883040935,35,1
389,"(10,6)",,False,55,"[10, 6, 14, 15, 12]",12,0.22536201615148901,317,352,7,0.039619883040935,35,1
390,"(1,4)",,False,57,"[17, 1, 15, 4, 14]",13,0.246971595655806,319,354,8,0.070391255917571,35,1
391,"(1,4)",,False,57,"[17, 1, 15, 4, 14]",13,0.246971595655806,319,354,8,0.070391255917571,35,1
392,"(17,9)",,False,57,"[17, 9, 8, 16, 3]",13,0.246971595655806,321,356,8,0.070391255917571,35,1
393,"(17,9)",,False,57,"[17, 9, 8, 16, 3]",13,0.246971595655806,321,356,8,0.070391255917571,35,1
394,"(7,1)",,False,56,"[10, 2, 7, 15, 1]",13,0.23775178687459303,323,358,7,0.077531792444073,35,1
395,"(7,1)",,False,56,"[10, 2, 7, 15, 1]",13,0.23775178687459303,323,358,7,0.077531792444073,35,1
396,"(3,1)",,False,56,"[3, 12, 17, 10, 1]",13,0.24089622203657202,325,360,8,0.101109254618026,35,1
397,"(3,1)",,False,56,"[3, 12, 17, 10, 1]",13,0.24089622203657202,325,360,8,0.101109254618026,35,1
398,"(4,9)",,False,59,"[4, 17, 9, 19, 15]",15,0.29429465920693904,327,362,8,0.085118309241116,35,1
399,"(4,9)",,False,59,"[4, 17, 9, 19, 15]",15,0.29429465920693904,327,362,8,0.085118309241116,35,1
400,"(1,2)",,False,58,"[1, 18, 14, 6, 2]",15,0.295971410006497,329,364,9,0.11431124106562701,35,1
401,"(1,2)",,False,58,"[1, 18, 14, 6, 2]",15,0.295971410006497,329,364,9,0.11431124106562701,35,1
402,2:6,assassinate,True,56,"[12, 2, 5, 4, 18]",15,0.280539311241065,331,366,8,0.076104613385315,35,1
403,2:6,assassinate,True,56,"[12, 2, 5, 4, 18]",15,0.280539311241065,331,366,8,0.076104613385315,35,1
404,"(0,8)",,False,54,"[0, 3, 1, 8, 17]",14,0.26002042142393,333,368,7,0.064165042235217,35,1
405,"(0,8)",,False,54,"[0, 3, 1, 8, 17]",14,0.26002042142393,333,368,7,0.064165042235217,35,1
406,"(2,8)",,False,56,"[18, 5, 10, 2, 8]",15,0.29402209226770604,335,370,7,0.08219623131903801,35,1
407,"(2,8)",,False,56,"[18, 5, 10, 2, 8]",15,0.29402209226770604,335,370,7,0.08219623131903801,35,1
408,"(11,15)",,False,56,"[18, 16, 11, 3, 15]",15,0.302042142393019,337,372,6,0.05948667966211801,35,1
409,"(11,15)",,False,56,"[18, 16, 11, 3, 15]",15,0.302042142393019,337,372,6,0.05948667966211801,35,1
410,"(18,7)",,False,55,"[4, 17, 6, 18, 7]",15,0.30360623781676405,339,374,6,0.05847953216374201,35,1
411,"(18,7)",,False,55,"[4, 17, 6, 18, 7]",15,0.30360623781676405,339,374,6,0.05847953216374201,35,1
412,"(17,14)",,False,55,"[11, 5, 17, 6, 14]",15,0.29539125591757104,341,376,5,0.043476747424115,35,1
413,"(17,14)",,False,55,"[11, 5, 17, 6, 14]",15,0.29539125591757104,341,376,5,0.043476747424115,35,1
414,"(19,6)",,False,57,"[17, 12, 19, 11, 6]",15,0.26890838206627604,343,378,5,0.041195581546458006,35,1
415,"(19,6)",,False,57,"[17, 12, 19, 11, 6]",15,0.26890838206627604,343,378,5,0.041195581546458006,35,1
416,"(2,17)",,False,59,"[14, 19, 2, 17, 4]",16,0.32933723196881004,345,380,5,0.024139051332033003,35,1
417,"(2,17)",,False,59,"[14, 19, 2, 17, 4]",16,0.32933723196881004,345,380,5,0.024139051332033003,35,1
418,"(3,11)",,False,59,"[18, 3, 19, 11, 16]",16,0.326211994633047,347,382,5,0.030200923183379004,35,1
419,"(3,11)",,False,59,"[18, 3, 19, 11, 16]",16,0.326211994633047,347,382,5,0.030200923183379004,35,1
420,"(11,2)",,False,61,"[11, 8, 15, 2, 17]",17,0.339430647325384,349,384,5,0.015597073491810002,35,1
421,"(11,2)",,False,61,"[11, 8, 15, 2, 17]",17,0.339430647325384,349,384,5,0.015597073491810002,35,1
422,"(11,4)",,False,61,"[7, 11, 4, 14, 9]",17,0.327771870754326,351,386,5,0.014436765313958001,35,1
423,"(11,4)",,False,61,"[7, 11, 4, 14, 9]",17,0.327771870754326,351,386,5,0.014436765313958001,35,1
424,"(15,19)",,False,61,"[14, 4, 15, 16, 19]",17,0.33727922499852303,353,388,5,0.013851969992320001,35,1
425,"(15,19)",,False,61,"[14, 4, 15, 16, 19]",17,0.33727922499852303,353,388,5,0.013851969992320001,35,1
426,"(2,11)",,False,61,"[19, 2, 11, 1, 13]",17,0.335428849902534,355,390,4,0.004873294346978,35,1
427,"(2,11)",,False,61,"[19, 2, 11, 1, 13]",17,0.335428849902534,355,390,4,0.004873294346978,35,1
428,"(0,7)",,False,58,"[14, 0, 10, 7, 4]",16,0.330096073517126,357,392,4,0.004873294346978,35,1
429,"(0,7)",,False,58,"[14, 0, 10, 7, 4]",16,0.330096073517126,357,392,4,0.004873294346978,35,1
430,"(18,10)",,False,59,"[5, 3, 18, 10, 12]",17,0.36439836966152706,359,394,4,0.004873294346978,35,1
431,"(18,10)",,False,59,"[5, 3, 18, 10, 12]",17,0.36439836966152706,359,394,4,0.004873294346978,35,1
432,"(10,11)",,False,59,"[6, 9, 10, 11, 16]",17,0.35907825118351405,361,396,4,0.004873294346978,35,1
433,"(10,11)",,False,59,"[6, 9, 10, 11, 16]",17,0.35907825118351405,361,396,4,0.004873294346978,35,1
434,"(1,18)",,False,61,"[2, 6, 1, 15, 18]",17,0.32826637300321504,363,398,5,0.011113642692590001,35,1
435,"(1,18)",,False,61,"[2, 6, 1, 15, 18]",17,0.32826637300321504,363,398,5,0.011113642692590001,35,1
436,"(15,11)",,False,61,"[12, 15, 4, 8, 11]",17,0.32826637300321504,365,400,5,0.011113642692590001,35,1
437,"(15,11)",,False,61,"[12, 15, 4, 8, 11]",17,0.32826637300321504,365,400,5,0.011113642692590001,35,1
438,"(4,8)",,False,60,"[11, 5, 7, 4, 8]",17,0.326422537826046,367,402,5,0.012067205049661,35,1
439,"(4,8)",,False,60,"[11, 5, 7, 4, 8]",17,0.326422537826046,367,402,5,0.012067205049661,35,1
440,"(19,8)",,False,62,"[2, 19, 12, 16, 8]",18,0.351489835700361,369,404,5,0.01058201058201,35,1
441,"(19,8)",,False,62,"[2, 19, 12, 16, 8]",18,0.351489835700361,369,404,5,0.01058201058201,35,1
442,"(2,18)",,False,61,"[8, 19, 17, 2, 18]",18,0.37702589807852904,371,406,5,0.01058201058201,35,1
443,"(2,18)",,False,61,"[8, 19, 17, 2, 18]",18,0.37702589807852904,371,406,5,0.01058201058201,35,1
444,"(6,8)",,False,61,"[12, 3, 6, 16, 8]",18,0.365622389306599,373,408,5,0.01058201058201,35,1
445,"(6,8)",,False,61,"[12, 3, 6, 16, 8]",18,0.365622389306599,373,408,5,0.01058201058201,35,1
446,"(15,4)",,False,61,"[10, 16, 13, 15, 4]",18,0.35935672514619804,375,410,4,0.0029239766081870003,35,1
447,"(15,4)",,False,61,"[10, 16, 13, 15, 4]",18,0.35935672514619804,375,410,4,0.0029239766081870003,35,1
448,"(17,18)",,False,61,"[17, 18, 14, 4, 11]",18,0.350515176830966,377,412,4,0.0034113060428840004,35,1
449,"(17,18)",,False,61,"[17, 18, 14, 4, 11]",18,0.350515176830966,377,412,4,0.0034113060428840004,35,1
450,"(9,17)",,False,60,"[15, 7, 10, 9, 17]",18,0.371400724032302,379,414,4,0.0034113060428840004,35,1
451,"(9,17)",,False,60,"[15, 7, 10, 9, 17]",18,0.371400724032302,379,414,4,0.0034113060428840004,35,1
452,"(0,15)",,False,57,"[3, 1, 0, 9, 15]",17,0.34076858813700905,381,416,4,0.005360623781676,35,1
453,"(0,15)",,False,57,"[3, 1, 0, 9, 15]",17,0.34076858813700905,381,416,4,0.005360623781676,35,1
454,"(13,10)",,False,56,"[6, 14, 13, 17, 10]",17,0.37426900584795303,383,418,4,0.005360623781676,35,1
455,"(13,10)",,False,56,"[6, 14, 13, 17, 10]",17,0.37426900584795303,383,418,4,0.005360623781676,35,1
456,"(18,3)",,False,55,"[8, 18, 16, 3, 10]",17,0.391325536062378,385,420,4,0.005360623781676,35,1
457,"(18,3)",,False,55,"[8, 18, 16, 3, 10]",17,0.391325536062378,385,420,4,0.005360623781676,35,1
458,"(7,19)",,False,55,"[16, 9, 7, 19, 6]",17,0.38255360623781604,387,422,4,0.004873294346978,35,1
459,"(7,19)",,False,55,"[16, 9, 7, 19, 6]",17,0.38255360623781604,387,422,4,0.004873294346978,35,1
460,"(9,0)",,False,53,"[14, 11, 9, 0, 16]",16,0.33615984405458005,389,424,4,0.005360623781676,35,1
461,"(9,0)",,False,53,"[14, 11, 9, 0, 16]",16,0.33615984405458005,389,424,4,0.005360623781676,35,1
462,"(2,15)",,False,51,"[12, 9, 2, 15, 8]",16,0.324171539961013,391,426,4,0.005360623781676,35,1
463,"(2,15)",,False,51,"[12, 9, 2, 15, 8]",16,0.324171539961013,391,426,4,0.005360623781676,35,1
464,"(9,18)",,False,50,"[2, 10, 9, 15, 18]",16,0.33305485937064805,393,428,4,0.007170704539125001,35,1
465,"(9,18)",,False,50,"[2, 10, 9, 15, 18]",16,0.33305485937064805,393,428,4,0.007170704539125001,35,1
466,"(15,17)",,False,52,"[15, 10, 9, 5, 17]",16,0.34942912837649603,395,430,4,0.007170704539125001,35,1
467,"(15,17)",,False,52,"[15, 10, 9, 5, 17]",16,0.34942912837649603,395,430,4,0.007170704539125001,35,1
468,"(5,15)",,False,52,"[7, 5, 19, 15, 4]",16,0.35196324143692503,397,432,4,0.007170704539125001,35,1
469,"(5,15)",,False,52,"[7, 5, 19, 15, 4]",16,0.35196324143692503,397,432,4,0.007170704539125001,35,1
470,3:4,assassinate,True,49,"[15, 1, 19, 7, 3]",15,0.300696184906711,399,434,4,0.007170704539125001,35,1
471,3:4,assassinate,True,49,"[15, 1, 19, 7, 3]",15,0.300696184906711,399,434,4,0.007170704539125001,35,1
472,"(18,8)",,False,51,"[18, 7, 2, 5, 8]",16,0.39055973266499505,401,436,4,0.00614731272626,35,1
473,"(18,8)",,False,51,"[18, 7, 2, 5, 8]",16,0.39055973266499505,401,436,4,0.00614731272626,35,1
474,"(3,0)",,True,49,"[3, 1, 16, 0, 5]",15,0.308785853522695,403,438,4,0.008632692843219,35,1
475,"(3,0)",,True,49,"[3, 1, 16, 0, 5]",15,0.308785853522695,403,438,4,0.008632692843219,35,1
476,"(13,8)",,False,49,"[15, 1, 13, 10, 8]",15,0.306934001670843,405,440,4,0.008632692843219,35,1
477,"(13,8)",,False,49,"[15, 1, 13, 10, 8]",15,0.306934001670843,405,440,4,0.008632692843219,35,1
478,12:6,assassinate,True,45,"[12, 17, 14, 5, 1]",14,0.270091896407685,407,442,4,0.008827624617098,35,1
479,12:6,assassinate,True,45,"[12, 17, 14, 5, 1]",14,0.270091896407685,407,442,4,0.008827624617098,35,1
480,"(1,15)",,False,44,"[17, 16, 1, 15, 14]",14,0.31221108326371405,409,444,4,0.03599275967697,35,1
481,"(1,15)",,False,44,"[17, 16, 1, 15, 14]",14,0.31221108326371405,409,444,4,0.03599275967697,35,1
482,"(17,4)",,False,46,"[17, 5, 2, 3, 4]",15,0.33276246170983004,411,446,4,0.035254803675856004,35,1
483,"(17,4)",,False,46,"[17, 5, 2, 3, 4]",15,0.33276246170983004,411,446,4,0.035254803675856004,35,1
484,"(10,16)",,False,47,"[10, 2, 6, 16, 5]",15,0.425341130604288,413,448,4,0.037329434697855005,35,1
485,"(10,16)",,False,47,"[10, 2, 6, 16, 5]",15,0.425341130604288,413,448,4,0.037329434697855005,35,1
486,"(1,10)",,False,47,"[1, 10, 6, 8, 9]",15,0.437719298245614,415,450,5,0.04317738791423,35,1
487,"(1,10)",,False,47,"[1, 10, 6, 8, 9]",15,0.437719298245614,415,450,5,0.04317738791423,35,1
488,"(13,17)",,False,46,"[12, 13, 2, 17, 4]",15,0.396491228070175,417,452,3,0.0,35,1
489,"(13,17)",,False,46,"[12, 13, 2, 17, 4]",15,0.396491228070175,417,452,3,0.0,35,1
490,"(13,0)",,False,44,"[13, 14, 3, 7, 0]",14,0.33586744639376204,419,454,3,0.0,35,1
491,"(13,0)",,False,44,"[13, 14, 3, 7, 0]",14,0.33586744639376204,419,454,3,0.0,35,1
492,"(0,13)",,False,44,"[0, 19, 5, 1, 13]",14,0.33586744639376204,421,456,3,0.0,35,1
493,"(0,13)",,False,44,"[0, 19, 5, 1, 13]",14,0.33586744639376204,421,456,3,0.0,35,1
494,"(12,1)",,False,44,"[19, 12, 1, 0, 16]",14,0.401072124756335,423,458,4,0.105263157894736,35,1
495,"(12,1)",,False,44,"[19, 12, 1, 0, 16]",14,0.401072124756335,423,458,4,0.105263157894736,35,1
496,"(17,13)",,False,42,"[9, 17, 13, 3, 12]",14,0.292884990253411,425,460,3,0.0,35,1
497,"(17,13)",,False,42,"[9, 17, 13, 3, 12]",14,0.292884990253411,425,460,3,0.0,35,1
498,"(2,5)",,False,41,"[13, 2, 3, 7, 5]",14,0.29782790309106,427,462,3,0.0,35,1
499,"(2,5)",,False,41,"[13, 2, 3, 7, 5]",14,0.29782790309106,427,462,3,0.0,35,1
500,"(9,18)",,False,40,"[14, 9, 18, 4, 2]",14,0.31927039821776604,429,464,3,0.0,35,1
501,"(9,18)",,False,40,"[14, 9, 18, 4, 2]",14,0.31927039821776604,429,464,3,0.0,35,1
502,"(0,16)",,False,38,"[4, 2, 0, 18, 16]",13,0.32534113060428804,431,466,3,0.0,35,1
503,"(0,16)",,False,38,"[4, 2, 0, 18, 16]",13,0.32534113060428804,431,466,3,0.0,35,1
504,"(0,8)",,False,35,"[14, 0, 6, 5, 8]",12,0.30545808966861504,433,468,3,0.0,35,1
505,"(0,8)",,False,35,"[14, 0, 6, 5, 8]",12,0.30545808966861504,433,468,3,0.0,35,1
506,"(18,4)",,False,37,"[18, 5, 4, 19, 9]",12,0.312754107490949,435,470,3,0.0,35,1
507,"(18,4)",,False,37,"[18, 5, 4, 19, 9]",12,0.312754107490949,435,470,3,0.0,35,1
508,"(12,1)",,False,38,"[7, 14, 12, 10, 1]",13,0.5228905597326651,437,472,3,0.046783625730994004,35,1
509,"(12,1)",,False,38,"[7, 14, 12, 10, 1]",13,0.5228905597326651,437,472,3,0.046783625730994004,35,1
510,"(5,10)",,False,37,"[19, 14, 4, 5, 10]",13,0.5530214424951261,439,474,3,0.052631578947368,35,1
511,"(5,10)",,False,37,"[19, 14, 4, 5, 10]",13,0.5530214424951261,439,474,3,0.052631578947368,35,1
512,"(13,5)",,False,36,"[13, 7, 11, 5, 12]",13,0.5350877192982451,441,476,3,0.05409356725146101,35,1
513,"(13,5)",,False,36,"[13, 7, 11, 5, 12]",13,0.5350877192982451,441,476,3,0.05409356725146101,35,1
514,"(1,3)",,False,39,"[1, 11, 8, 3, 7]",13,0.5097465886939571,443,478,4,0.05087719298245601,35,1
515,"(1,3)",,False,39,"[1, 11, 8, 3, 7]",13,0.5097465886939571,443,478,4,0.05087719298245601,35,1
516,"(18,11)",,False,41,"[14, 9, 17, 18, 11]",14,0.523948760790866,445,480,4,0.047229184071289,35,1
517,"(18,11)",,False,41,"[14, 9, 17, 18, 11]",14,0.523948760790866,445,480,4,0.047229184071289,35,1
518,"(1,5)",,False,41,"[1, 9, 12, 5, 14]",14,0.5477443609022551,447,482,4,0.049164578111946,35,1
519,"(1,5)",,False,41,"[1, 9, 12, 5, 14]",14,0.5477443609022551,447,482,4,0.049164578111946,35,1
520,"(3,17)",,False,41,"[16, 12, 3, 17, 10]",14,0.534837092731829,449,484,4,0.048607630186577,35,1
521,"(3,17)",,False,41,"[16, 12, 3, 17, 10]",14,0.534837092731829,449,484,4,0.048607630186577,35,1
522,"(6,10)",,False,42,"[16, 4, 6, 5, 10]",15,0.562962962962962,451,486,4,0.04197994987468601,35,1
523,"(6,10)",,False,42,"[16, 4, 6, 5, 10]",15,0.562962962962962,451,486,4,0.04197994987468601,35,1
524,"(13,0)",,False,41,"[4, 18, 13, 0, 1]",14,0.522653856864383,453,488,4,0.04763297131718101,35,1
525,"(13,0)",,False,41,"[4, 18, 13, 0, 1]",14,0.522653856864383,453,488,4,0.04763297131718101,35,1
526,"(0,11)",,False,39,"[0, 18, 14, 6, 11]",13,0.49727095516569203,455,490,4,0.053216374269005,35,1
527,"(0,11)",,False,39,"[0, 18, 14, 6, 11]",13,0.49727095516569203,455,490,4,0.053216374269005,35,1
528,6:4,assassinate,True,36,"[1, 3, 13, 6, 5]",12,0.442690058479532,457,492,4,0.059454191033138,35,1
529,6:4,assassinate,True,36,"[1, 3, 13, 6, 5]",12,0.442690058479532,457,492,4,0.059454191033138,35,1
530,"(17,4)",,False,38,"[17, 14, 9, 4, 13]",12,0.48382066276803104,459,494,4,0.062378167641325005,35,1
531,"(17,4)",,False,38,"[17, 14, 9, 4, 13]",12,0.48382066276803104,459,494,4,0.062378167641325005,35,1
532,"(3,0)",,False,36,"[11, 3, 0, 16, 15]",11,0.46744639376218305,461,496,4,0.07066276803118901,35,1
533,"(3,0)",,False,36,"[11, 3, 0, 16, 15]",11,0.46744639376218305,461,496,4,0.07066276803118901,35,1
534,"(0,2)",,False,34,"[5, 3, 0, 2, 18]",10,0.383723196881091,463,498,4,0.06432748538011601,35,1
535,"(0,2)",,False,34,"[5, 3, 0, 2, 18]",10,0.383723196881091,463,498,4,0.06432748538011601,35,1
536,"(3,6)",,False,34,"[3, 6, 4, 13, 0]",10,0.330311890838206,465,500,3,0.028752436647173002,35,1
537,"(3,6)",,False,34,"[3, 6, 4, 13, 0]",10,0.330311890838206,465,500,3,0.028752436647173002,35,1
538,"(3,1)",,False,34,"[18, 3, 9, 1, 7]",10,0.34376218323586705,467,502,4,0.077972709551656,35,1
539,"(3,1)",,False,34,"[18, 3, 9, 1, 7]",10,0.34376218323586705,467,502,4,0.077972709551656,35,1
540,"(11,1)",,False,34,"[11, 1, 7, 14, 5]",10,0.346992481203007,469,504,4,0.064786967418546,35,1
541,"(11,1)",,False,34,"[11, 1, 7, 14, 5]",10,0.346992481203007,469,504,4,0.064786967418546,35,1
542,"(9,7)",,False,33,"[9, 6, 3, 7, 5]",10,0.34990253411306005,471,506,4,0.064132553606237,35,1
543,"(9,7)",,False,33,"[9, 6, 3, 7, 5]",10,0.34990253411306005,471,506,4,0.064132553606237,35,1
544,"(10,0)",,False,32,"[13, 16, 10, 17, 0]",9,0.358939014202172,473,508,4,0.096616541353383,35,1
545,"(10,0)",,False,32,"[13, 16, 10, 17, 0]",9,0.358939014202172,473,508,4,0.096616541353383,35,1
546,"(1,7)",,True,32,"[5, 6, 1, 15, 7]",9,0.30009746588693903,475,510,5,0.14931773879142302,35,1
547,"(1,7)",,True,32,"[5, 6, 1, 15, 7]",9,0.30009746588693903,475,510,5,0.14931773879142302,35,1
548,"(0,8)",,True,30,"[9, 15, 0, 8, 11]",8,0.297048175995544,477,512,4,0.114160401002506,35,1
549,"(0,8)",,True,30,"[9, 15, 0, 8, 11]",8,0.297048175995544,477,512,4,0.114160401002506,35,1
550,"(10,6)",,False,32,"[10, 6, 12, 0, 4]",8,0.24697855750487302,479,514,4,0.06959064327485301,35,1
551,"(10,6)",,False,32,"[10, 6, 12, 0, 4]",8,0.24697855750487302,479,514,4,0.06959064327485301,35,1
552,"(0,18)",,False,31,"[1, 5, 9, 0, 18]",7,0.21130604288499003,481,516,4,0.11072124756335201,35,1
553,"(0,18)",,False,31,"[1, 5, 9, 0, 18]",7,0.21130604288499003,481,516,4,0.11072124756335201,35,1
554,"(0,17)",,False,32,"[9, 0, 10, 4, 17]",8,0.317070453912559,483,518,4,0.09264828738512901,35,1
555,"(0,17)",,False,32,"[9, 0, 10, 4, 17]",8,0.317070453912559,483,518,4,0.09264828738512901,35,1
556,"(2,1)",,False,34,"[8, 4, 2, 1, 6]",9,0.398064605959342,485,520,5,0.155806182121971,35,1
557,"(2,1)",,False,34,"[8, 4, 2, 1, 6]",9,0.398064605959342,485,520,5,0.155806182121971,35,1
558,"(8,0)",,False,32,"[5, 12, 14, 8, 0]",8,0.36257309941520405,487,522,5,0.15253411306042802,35,1
559,"(8,0)",,False,32,"[5, 12, 14, 8, 0]",8,0.36257309941520405,487,522,5,0.15253411306042802,35,1
560,"(5,10)",,False,33,"[5, 18, 10, 8, 16]",8,0.363380673906989,489,524,5,0.14855193539404002,35,1
561,"(5,10)",,False,33,"[5, 18, 10, 8, 16]",8,0.363380673906989,489,524,5,0.14855193539404002,35,1
562,"(18,10)",,False,33,"[12, 18, 2, 10, 11]",8,0.32497911445279803,491,526,5,0.16102756892230502,35,1
563,"(18,10)",,False,33,"[12, 18, 2, 10, 11]",8,0.32497911445279803,491,526,5,0.16102756892230502,35,1
564,"(11,13)",,False,33,"[6, 11, 2, 17, 13]",8,0.32644110275689203,493,528,5,0.16248955722639902,35,1
565,"(11,13)",,False,33,"[6, 11, 2, 17, 13]",8,0.32644110275689203,493,528,5,0.16248955722639902,35,1
566,"(15,1)",,False,32,"[15, 12, 1, 5, 6]",8,0.352339181286549,495,530,4,0.19541910331384002,35,1
567,"(15,1)",,False,32,"[15, 12, 1, 5, 6]",8,0.352339181286549,495,530,4,0.19541910331384002,35,1
568,"(0,5)",,False,31,"[11, 0, 6, 5, 12]",7,0.27582846003898603,497,532,4,0.24171539961013602,35,1
569,"(0,5)",,False,31,"[11, 0, 6, 5, 12]",7,0.27582846003898603,497,532,4,0.24171539961013602,35,1
570,"(1,6)",,False,34,"[1, 11, 5, 3, 6]",7,0.271345029239766,499,534,5,0.221734892787524,35,1
571,"(1,6)",,False,34,"[1, 11, 5, 3, 6]",7,0.271345029239766,499,534,5,0.221734892787524,35,1
572,"(16,7)",,False,33,"[16, 19, 7, 8, 9]",7,0.303021442495126,501,536,5,0.23070175438596402,35,1
573,"(16,7)",,False,33,"[16, 19, 7, 8, 9]",7,0.303021442495126,501,536,5,0.23070175438596402,35,1
574,"(1,16)",,False,33,"[14, 1, 6, 16, 3]",7,0.29571150097465804,503,538,6,0.29064327485380104,35,1
575,"(1,16)",,False,33,"[14, 1, 6, 16, 3]",7,0.29571150097465804,503,538,6,0.29064327485380104,35,1
576,"(1,9)",,False,33,"[1, 3, 7, 9, 5]",7,0.30331384015594504,503,539,7,0.357699805068226,36,1
577,"(1,9)",,False,33,"[1, 3, 7, 9, 5]",7,0.30331384015594504,503,539,7,0.357699805068226,36,1
578,"(5,1)",,False,33,"[10, 12, 14, 5, 1]",7,0.330994152046783,501,539,8,0.396491228070175,38,1
579,"(5,1)",,False,33,"[10, 12, 14, 5, 1]",7,0.330994152046783,501,539,8,0.396491228070175,38,1
580,"(6,16)",,False,33,"[6, 17, 16, 3, 11]",7,0.337914230019493,501,540,7,0.35964912280701705,39,1
581,"(6,16)",,False,33,"[6, 17, 16, 3, 11]",7,0.337914230019493,501,540,7,0.35964912280701705,39,1
582,"(4,0)",,False,32,"[12, 4, 0, 13, 16]",6,0.20175438596491202,501,541,7,0.397173489278752,40,1
583,"(4,0)",,False,32,"[12, 4, 0, 13, 16]",6,0.20175438596491202,501,541,7,0.397173489278752,40,1
584,"(6,8)",,False,33,"[3, 16, 6, 14, 8]",6,0.23157894736842102,499,541,6,0.285477582846003,42,1
585,"(6,8)",,False,33,"[3, 16, 6, 14, 8]",6,0.23157894736842102,499,541,6,0.285477582846003,42,1
586,"(16,4)",,True,33,"[18, 16, 3, 13, 4]",6,0.22163742690058402,499,542,5,0.228947368421052,43,1
587,"(16,4)",,True,33,"[18, 16, 3, 13, 4]",6,0.22163742690058402,499,542,5,0.228947368421052,43,1
588,"(4,19)",,False,31,"[4, 12, 19, 8, 6]",6,0.24475076580339702,499,543,5,0.26283764967975404,44,1
589,"(4,19)",,False,31,"[4, 12, 19, 8, 6]",6,0.24475076580339702,499,543,5,0.26283764967975404,44,1
590,"(19,7)",,False,34,"[19, 8, 18, 7, 15]",6,0.150403787245892,499,544,5,0.157184628237259,45,1
591,"(19,7)",,False,34,"[19, 8, 18, 7, 15]",6,0.150403787245892,499,544,5,0.157184628237259,45,1
592,"(19,11)",,False,34,"[19, 13, 11, 18, 6]",6,0.16005291005291,501,546,5,0.15240879977722002,45,1
593,"(19,11)",,False,34,"[19, 13, 11, 18, 6]",6,0.16005291005291,501,546,5,0.15240879977722002,45,1
594,"(9,10)",,False,34,"[11, 5, 9, 6, 10]",6,0.152687273739905,501,547,5,0.16130604288499,46,1
595,"(9,10)",,False,34,"[11, 5, 9, 6, 10]",6,0.152687273739905,501,547,5,0.16130604288499,46,1
596,"(8,10)",,False,37,"[8, 3, 17, 13, 10]",8,0.23572124756335203,503,549,5,0.130019493177387,46,1
597,"(8,10)",,False,37,"[8, 3, 17, 13, 10]",8,0.23572124756335203,503,549,5,0.130019493177387,46,1
598,"(9,19)",,False,37,"[5, 9, 3, 4, 19]",8,0.21291423001949303,505,551,5,0.1270955165692,46,1
599,"(9,19)",,False,37,"[5, 9, 3, 4, 19]",8,0.21291423001949303,505,551,5,0.1270955165692,46,1
600,"(4,1)",,False,37,"[4, 15, 12, 1, 7]",8,0.22937900306321302,507,553,6,0.173739905318852,46,1
601,"(4,1)",,False,37,"[4, 15, 12, 1, 7]",8,0.22937900306321302,507,553,6,0.173739905318852,46,1
602,"(1,10)",,False,39,"[1, 4, 10, 17, 5]",8,0.18840155945419101,509,555,7,0.182846003898635,46,1
603,"(1,10)",,False,39,"[1, 4, 10, 17, 5]",8,0.18840155945419101,509,555,7,0.182846003898635,46,1
604,13:10,assassinate,True,35,"[4, 17, 9, 5, 13]",8,0.19864940128098002,509,556,7,0.20275689223057602,47,1
605,13:10,assassinate,True,35,"[4, 17, 9, 5, 13]",8,0.19864940128098002,509,556,7,0.20275689223057602,47,1
606,"(18,9)",,False,35,"[18, 12, 9, 16, 13]",8,0.21170983013088202,511,558,6,0.134530771372876,47,1
607,"(18,9)",,False,35,"[18, 12, 9, 16, 13]",8,0.21170983013088202,511,558,6,0.134530771372876,47,1
608,"(13,1)",,False,35,"[18, 13, 6, 1, 7]",8,0.27936507936507904,513,560,6,0.21428571428571402,47,1
609,"(13,1)",,False,35,"[18, 13, 6, 1, 7]",8,0.27936507936507904,513,560,6,0.21428571428571402,47,1
610,"(1,15)",,False,36,"[6, 17, 4, 1, 15]",9,0.304970760233918,515,562,7,0.23814165042235202,47,1
611,"(1,15)",,False,36,"[6, 17, 4, 1, 15]",9,0.304970760233918,515,562,7,0.23814165042235202,47,1
612,"(1,5)",,False,39,"[1, 15, 5, 19, 13]",11,0.367836257309941,517,564,8,0.287231968810916,47,1
613,"(1,5)",,False,39,"[1, 15, 5, 19, 13]",11,0.367836257309941,517,564,8,0.287231968810916,47,1
614,"(4,16)",,False,42,"[19, 4, 8, 16, 5]",13,0.41257309941520404,519,566,8,0.235477582846003,47,1
615,"(4,16)",,False,42,"[19, 4, 8, 16, 5]",13,0.41257309941520404,519,566,8,0.235477582846003,47,1
616,"(1,12)",,False,43,"[10, 19, 1, 2, 12]",13,0.407282094124199,521,568,9,0.24241158451684702,47,1
617,"(1,12)",,False,43,"[10, 19, 1, 2, 12]",13,0.407282094124199,521,568,9,0.24241158451684702,47,1
618,"(1,19)",,False,43,"[8, 7, 16, 1, 19]",13,0.39814814814814803,523,570,10,0.261988304093567,47,1
619,"(1,19)",,False,43,"[8, 7, 16, 1, 19]",13,0.39814814814814803,523,570,10,0.261988304093567,47,1
620,"(17,10)",,False,45,"[6, 17, 10, 9, 11]",13,0.370983013088276,525,572,10,0.255040378724589,47,1
621,"(17,10)",,False,45,"[6, 17, 10, 9, 11]",13,0.370983013088276,525,572,10,0.255040378724589,47,1
622,"(5,14)",,False,47,"[5, 10, 2, 11, 14]",13,0.341555277081592,527,574,10,0.21565719855193502,47,1
623,"(5,14)",,False,47,"[5, 10, 2, 11, 14]",13,0.341555277081592,527,574,10,0.21565719855193502,47,1
624,"(3,7)",,False,49,"[6, 10, 17, 3, 7]",14,0.33786549707602304,529,576,10,0.17646198830409301,47,1
625,"(3,7)",,False,49,"[6, 10, 17, 3, 7]",14,0.33786549707602304,529,576,10,0.17646198830409301,47,1
626,"(8,7)",,False,49,"[8, 14, 7, 4, 6]",14,0.321637426900584,531,578,10,0.163840155945419,47,1
627,"(8,7)",,False,49,"[8, 14, 7, 4, 6]",14,0.321637426900584,531,578,10,0.163840155945419,47,1
628,"(15,11)",,False,50,"[16, 7, 15, 11, 17]",14,0.343274853801169,533,580,9,0.134941520467836,47,1
629,"(15,11)",,False,50,"[16, 7, 15, 11, 17]",14,0.343274853801169,533,580,9,0.134941520467836,47,1
630,"(16,13)",,False,52,"[6, 16, 3, 13, 11]",14,0.30685045948203804,535,582,9,0.12034252297410102,47,1
631,"(16,13)",,False,52,"[6, 16, 3, 13, 11]",14,0.30685045948203804,535,582,9,0.12034252297410102,47,1
632,18:10,assassinate,True,47,"[13, 18, 17, 2, 19]",13,0.283597883597883,537,584,9,0.10844472291840701,47,1
633,18:10,assassinate,True,47,"[13, 18, 17, 2, 19]",13,0.283597883597883,537,584,9,0.10844472291840701,47,1
634,"(18,5)",,True,47,"[18, 12, 19, 17, 5]",13,0.29344193817878,539,586,8,0.10634920634920601,47,1
635,"(18,5)",,True,47,"[18, 12, 19, 17, 5]",13,0.29344193817878,539,586,8,0.10634920634920601,47,1
636,"(0,9)",,False,47,"[3, 13, 4, 0, 9]",13,0.29532163742690004,541,588,8,0.11500974658869301,47,1
637,"(0,9)",,False,47,"[3, 13, 4, 0, 9]",13,0.29532163742690004,541,588,8,0.11500974658869301,47,1
638,"(11,19)",,False,48,"[18, 10, 9, 11, 19]",14,0.32962962962962905,543,590,8,0.083625730994152,47,1
639,"(11,19)",,False,48,"[18, 10, 9, 11, 19]",14,0.32962962962962905,543,590,8,0.083625730994152,47,1
640,"(4,3)",,False,50,"[11, 8, 4, 3, 19]",14,0.30909217488164803,545,592,8,0.07399053188526801,47,1
641,"(4,3)",,False,50,"[11, 8, 4, 3, 19]",14,0.30909217488164803,545,592,8,0.07399053188526801,47,1
642,"(17,13)",,False,51,"[14, 17, 6, 13, 10]",14,0.294876079086605,547,594,8,0.06765524923419601,47,1
643,"(17,13)",,False,51,"[14, 17, 6, 13, 10]",14,0.294876079086605,547,594,8,0.06765524923419601,47,1
644,"(1,6)",,False,53,"[1, 6, 11, 8, 10]",14,0.276169590643274,549,596,9,0.09605959342801401,47,1
645,"(1,6)",,False,53,"[1, 6, 11, 8, 10]",14,0.276169590643274,549,596,9,0.09605959342801401,47,1
646,"(17,1)",,False,52,"[5, 6, 17, 4, 1]",14,0.292989417989417,551,598,10,0.12434558618769101,47,1
647,"(17,1)",,False,52,"[5, 6, 17, 4, 1]",14,0.292989417989417,551,598,10,0.12434558618769101,47,1
648,"(8,5)",,False,52,"[8, 5, 3, 18, 19]",14,0.289188248398774,553,600,9,0.100856307435254,47,1
649,"(8,5)",,False,52,"[8, 5, 3, 18, 19]",14,0.289188248398774,553,600,9,0.100856307435254,47,1
650,"(0,2)",,False,50,"[9, 16, 0, 2, 8]",13,0.269005847953216,555,602,9,0.12187412976886601,47,1
651,"(0,2)",,False,50,"[9, 16, 0, 2, 8]",13,0.269005847953216,555,602,9,0.12187412976886601,47,1
652,"(16,8)",,False,49,"[16, 8, 11, 12, 18]",13,0.29334447229184,557,604,9,0.128961292119186,47,1
653,"(16,8)",,False,49,"[16, 8, 11, 12, 18]",13,0.29334447229184,557,604,9,0.128961292119186,47,1
654,"(0,4)",,False,47,"[0, 3, 14, 4, 15]",12,0.28391812865497,559,606,9,0.16045669729880202,47,1
655,"(0,4)",,False,47,"[0, 3, 14, 4, 15]",12,0.28391812865497,559,606,9,0.16045669729880202,47,1
656,"(8,1)",,True,48,"[0, 8, 7, 1, 2]",13,0.320607073238652,561,608,9,0.16562935115566602,47,1
657,"(8,1)",,True,48,"[0, 8, 7, 1, 2]",13,0.320607073238652,561,608,9,0.16562935115566602,47,1
658,"(7,2)",,False,46,"[7, 13, 10, 4, 2]",13,0.354204956836535,563,610,8,0.168783068783068,47,1
659,"(7,2)",,False,46,"[7, 13, 10, 4, 2]",13,0.354204956836535,563,610,8,0.168783068783068,47,1
660,"(19,10)",,False,47,"[2, 12, 19, 13, 10]",13,0.326427179058757,565,612,8,0.16634642160957902,47,1
661,"(19,10)",,False,47,"[2, 12, 19, 13, 10]",13,0.326427179058757,565,612,8,0.16634642160957902,47,1
662,"(10,4)",,False,49,"[10, 14, 4, 19, 2]",14,0.35164995822890505,567,614,8,0.13888192703982102,47,1
663,"(10,4)",,False,49,"[10, 14, 4, 19, 2]",14,0.35164995822890505,567,614,8,0.13888192703982102,47,1
664,"(16,4)",,False,50,"[7, 14, 16, 12, 4]",14,0.35361319966583105,569,616,8,0.13828320802005,47,1
665,"(16,4)",,False,50,"[7, 14, 16, 12, 4]",14,0.35361319966583105,569,616,8,0.13828320802005,47,1
666,"(12,11)",,False,49,"[4, 12, 18, 11, 9]",14,0.368943191311612,571,618,8,0.141332497911445,47,1
667,"(12,11)",,False,49,"[4, 12, 18, 11, 9]",14,0.368943191311612,571,618,8,0.141332497911445,47,1
668,"(0,19)",,False,47,"[8, 15, 0, 17, 19]",13,0.35774853801169504,573,620,8,0.15735171261487002,47,1
669,"(0,19)",,False,47,"[8, 15, 0, 17, 19]",13,0.35774853801169504,573,620,8,0.15735171261487002,47,1
670,"(14,10)",,False,47,"[14, 10, 5, 2, 19]",13,0.36289334447229105,575,622,7,0.10703842940685,47,1
671,"(14,10)",,False,47,"[14, 10, 5, 2, 19]",13,0.36289334447229105,575,622,7,0.10703842940685,47,1
672,"(13,0)",,False,45,"[13, 7, 9, 0, 8]",12,0.332108047897521,577,624,7,0.152520189362294,47,1
673,"(13,0)",,False,45,"[13, 7, 9, 0, 8]",12,0.332108047897521,577,624,7,0.152520189362294,47,1
674,"(5,7)",,False,45,"[17, 5, 7, 10, 4]",12,0.33093845725424603,579,626,7,0.15602896129211902,47,1
675,"(5,7)",,False,45,"[17, 5, 7, 10, 4]",12,0.33093845725424603,579,626,7,0.15602896129211902,47,1
676,"(18,1)",,False,44,"[18, 5, 19, 1, 11]",12,0.37999164578111905,581,628,8,0.196268448900027,47,1
677,"(18,1)",,False,44,"[18, 5, 19, 1, 11]",12,0.37999164578111905,581,628,8,0.196268448900027,47,1
678,"(8,17)",,False,45,"[8, 13, 3, 15, 17]",12,0.35537454747981,583,630,8,0.173531049846839,47,1
679,"(8,17)",,False,45,"[8, 13, 3, 15, 17]",12,0.35537454747981,583,630,8,0.173531049846839,47,1
680,"(17,14)",,False,48,"[17, 11, 5, 14, 12]",14,0.417446393762183,585,632,8,0.13084795321637402,47,1
681,"(17,14)",,False,48,"[17, 11, 5, 14, 12]",14,0.417446393762183,585,632,8,0.13084795321637402,47,1
682,"(14,17)",,False,47,"[16, 14, 10, 17, 3]",14,0.45190754664438804,587,634,8,0.135421888053467,47,1
683,"(14,17)",,False,47,"[16, 14, 10, 17, 3]",14,0.45190754664438804,587,634,8,0.135421888053467,47,1
684,12:8,assassinate,True,42,"[8, 19, 10, 6, 12]",13,0.42147034252297405,589,636,8,0.128585352269562,47,1
685,12:8,assassinate,True,42,"[8, 19, 10, 6, 12]",13,0.42147034252297405,589,636,8,0.128585352269562,47,1
686,"(9,6)",,False,42,"[14, 2, 9, 6, 3]",13,0.396101364522417,591,638,8,0.129824561403508,47,1
687,"(9,6)",,False,42,"[14, 2, 9, 6, 3]",13,0.396101364522417,591,638,8,0.129824561403508,47,1
688,"(14,0)",,False,39,"[14, 12, 3, 15, 0]",12,0.350487329434697,593,640,7,0.100389863547758,47,1
689,"(14,0)",,False,39,"[14, 12, 3, 15, 0]",12,0.350487329434697,593,640,7,0.100389863547758,47,1
690,"(3,0)",,False,39,"[19, 3, 0, 18, 16]",11,0.32929546087440803,595,642,7,0.102158173210804,47,1
691,"(3,0)",,False,39,"[19, 3, 0, 18, 16]",11,0.32929546087440803,595,642,7,0.102158173210804,47,1
692,"(0,5)",,False,37,"[17, 0, 5, 14, 11]",10,0.333361180729601,597,644,7,0.19395711500974602,47,1
693,"(0,5)",,False,37,"[17, 0, 5, 14, 11]",10,0.333361180729601,597,644,7,0.19395711500974602,47,1
694,"(9,17)",,False,38,"[15, 18, 7, 9, 17]",10,0.34444444444444405,599,646,7,0.19200779727095502,47,1
695,"(9,17)",,False,38,"[15, 18, 7, 9, 17]",10,0.34444444444444405,599,646,7,0.19200779727095502,47,1
696,"(10,17)",,False,40,"[10, 17, 2, 3, 6]",10,0.29502923976608103,601,648,7,0.13372319688109102,47,1
697,"(10,17)",,False,40,"[10, 17, 2, 3, 6]",10,0.29502923976608103,601,648,7,0.13372319688109102,47,1
698,"(13,1)",,False,40,"[13, 1, 2, 5, 18]",10,0.367933723196881,603,650,8,0.16393762183235802,47,1
699,"(13,1)",,False,40,"[13, 1, 2, 5, 18]",10,0.367933723196881,603,650,8,0.16393762183235802,47,1
700,"(6,9)",,False,42,"[6, 15, 8, 9, 10]",10,0.35760233918128603,605,652,8,0.160038986354775,47,1
701,"(6,9)",,False,42,"[6, 15, 8, 9, 10]",10,0.35760233918128603,605,652,8,0.160038986354775,47,1
702,"(1,16)",,False,44,"[1, 4, 13, 16, 9]",11,0.36716791979949803,607,654,9,0.12432470064049,47,1
703,"(1,16)",,False,44,"[1, 4, 13, 16, 9]",11,0.36716791979949803,607,654,9,0.12432470064049,47,1
704,"(7,5)",,False,46,"[7, 18, 5, 10, 6]",11,0.312106655527708,609,656,9,0.09567669172932301,47,1
705,"(7,5)",,False,46,"[7, 18, 5, 10, 6]",11,0.312106655527708,609,656,9,0.09567669172932301,47,1
706,"(9,0)",,False,46,"[8, 16, 19, 9, 0]",11,0.298941798941798,611,658,9,0.10465051517683001,47,1
707,"(9,0)",,False,46,"[8, 16, 19, 9, 0]",11,0.298941798941798,611,658,9,0.10465051517683001,47,1
708,"(11,5)",,False,46,"[16, 15, 4, 11, 5]",11,0.27587023113338904,613,660,9,0.106808688387635,47,1
709,"(11,5)",,False,46,"[16, 15, 4, 11, 5]",11,0.27587023113338904,613,660,9,0.106808688387635,47,1
710,"(1,6)",,False,47,"[3, 1, 6, 9, 15]",12,0.33698007645376005,615,662,10,0.142994481152375,47,1
711,"(1,6)",,False,47,"[3, 1, 6, 9, 15]",12,0.33698007645376005,615,662,10,0.142994481152375,47,1
712,"(13,8)",,False,46,"[4, 2, 6, 13, 8]",12,0.33286688944583603,617,664,9,0.123656363130047,47,1
713,"(13,8)",,False,46,"[4, 2, 6, 13, 8]",12,0.33286688944583603,617,664,9,0.123656363130047,47,1
714,"(17,7)",,False,48,"[17, 9, 7, 10, 3]",13,0.323753829016986,619,666,9,0.100686902441288,47,1
715,"(17,7)",,False,48,"[17, 9, 7, 10, 3]",13,0.323753829016986,619,666,9,0.100686902441288,47,1
716,15:4,assassinate,True,45,"[19, 15, 18, 2, 14]",12,0.283208020050125,621,668,9,0.094449085677155,47,1
717,15:4,assassinate,True,45,"[19, 15, 18, 2, 14]",12,0.283208020050125,621,668,9,0.094449085677155,47,1
718,"(1,10)",,False,45,"[19, 1, 10, 3, 0]",12,0.294298245614035,623,670,10,0.114165042235217,47,1
719,"(1,10)",,False,45,"[19, 1, 10, 3, 0]",12,0.294298245614035,623,670,10,0.114165042235217,47,1
720,"(0,6)",,False,45,"[0, 2, 13, 6, 15]",11,0.309356725146198,625,672,10,0.154775828460038,47,1
721,"(0,6)",,False,45,"[0, 2, 13, 6, 15]",11,0.309356725146198,625,672,10,0.154775828460038,47,1
722,12:2,assassinate,True,46,"[3, 13, 16, 12, 18]",11,0.288916736285157,627,674,10,0.114090782511835,47,1
723,12:2,assassinate,True,46,"[3, 13, 16, 12, 18]",11,0.288916736285157,627,674,10,0.114090782511835,47,1
724,"(7,16)",,False,49,"[2, 7, 17, 16, 10]",11,0.229302422723475,629,676,10,0.101958600204214,47,1
725,"(7,16)",,False,49,"[2, 7, 17, 16, 10]",11,0.229302422723475,629,676,10,0.101958600204214,47,1
726,"(1,14)",,False,49,"[9, 1, 14, 6, 10]",11,0.22318991924255002,631,678,11,0.16901513041863903,47,1
727,"(1,14)",,False,49,"[9, 1, 14, 6, 10]",11,0.22318991924255002,631,678,11,0.16901513041863903,47,1
728,"(18,19)",,False,47,"[3, 8, 14, 18, 19]",11,0.24837092731829502,633,680,11,0.18597883597883502,47,1
729,"(18,19)",,False,47,"[3, 8, 14, 18, 19]",11,0.24837092731829502,633,680,11,0.18597883597883502,47,1
730,"(18,9)",,False,44,"[17, 2, 18, 5, 9]",11,0.27697020328599203,635,682,9,0.16044277360066803,47,1
731,"(18,9)",,False,44,"[17, 2, 18, 5, 9]",11,0.27697020328599203,635,682,9,0.16044277360066803,47,1
732,"(5,15)",,False,45,"[5, 17, 6, 15, 9]",11,0.238937621832358,637,684,9,0.15173350041771,47,1
733,"(5,15)",,False,45,"[5, 17, 6, 15, 9]",11,0.238937621832358,637,684,9,0.15173350041771,47,1
734,"(11,9)",,False,46,"[7, 11, 6, 9, 12]",11,0.24124895572263902,639,686,9,0.146651350598719,47,1
735,"(11,9)",,False,46,"[7, 11, 6, 9, 12]",11,0.24124895572263902,639,686,9,0.146651350598719,47,1
736,"(16,0)",,False,45,"[16, 2, 0, 18, 14]",10,0.25613106841177,641,688,9,0.140466908010767,47,1
737,"(16,0)",,False,45,"[16, 2, 0, 18, 14]",10,0.25613106841177,641,688,9,0.140466908010767,47,1
738,"(1,8)",,False,46,"[1, 8, 13, 2, 5]",10,0.244221665274296,643,690,9,0.149721526037315,47,1
739,"(1,8)",,False,46,"[1, 8, 13, 2, 5]",10,0.244221665274296,643,690,9,0.149721526037315,47,1
740,"(7,14)",,False,44,"[7, 15, 11, 9, 14]",10,0.254469507101086,645,692,8,0.18217766638819202,47,1
741,"(7,14)",,False,44,"[7, 15, 11, 9, 14]",10,0.254469507101086,645,692,8,0.18217766638819202,47,1
742,"(18,5)",,True,45,"[18, 3, 14, 9, 5]",12,0.306752993595098,647,694,8,0.20999721526037302,47,1
743,"(18,5)",,True,45,"[18, 3, 14, 9, 5]",12,0.306752993595098,647,694,8,0.20999721526037302,47,1
744,"(9,4)",,False,47,"[9, 4, 14, 19, 5]",13,0.32574491785018,649,696,8,0.13720412141464702,47,1
745,"(9,4)",,False,47,"[9, 4, 14, 19, 5]",13,0.32574491785018,649,696,8,0.13720412141464702,47,1
746,"(12,1)",,False,50,"[9, 11, 13, 12, 1]",15,0.39676970203285905,651,698,9,0.150055694792536,47,1
747,"(12,1)",,False,50,"[9, 11, 13, 12, 1]",15,0.39676970203285905,651,698,9,0.150055694792536,47,1
748,"(10,9)",,False,50,"[13, 16, 10, 14, 9]",15,0.376037315510999,653,700,9,0.14720133667502,47,1
749,"(10,9)",,False,50,"[13, 16, 10, 14, 9]",15,0.376037315510999,653,700,9,0.14720133667502,47,1
750,"(1,12)",,False,49,"[7, 1, 19, 2, 12]",15,0.395029239766081,655,702,8,0.097855750487329,47,1
751,"(1,12)",,False,49,"[7, 1, 19, 2, 12]",15,0.395029239766081,655,702,8,0.097855750487329,47,1
752,"(9,8)",,False,49,"[10, 9, 2, 8, 6]",15,0.37901234567901204,657,704,8,0.087491877842755,47,1
753,"(9,8)",,False,49,"[10, 9, 2, 8, 6]",15,0.37901234567901204,657,704,8,0.087491877842755,47,1
754,"(15,1)",,False,51,"[11, 15, 2, 6, 1]",15,0.355035737491877,659,706,9,0.098700454840805,47,1
755,"(15,1)",,False,51,"[11, 15, 2, 6, 1]",15,0.355035737491877,659,706,9,0.098700454840805,47,1
756,"(4,0)",,False,50,"[4, 19, 18, 0, 11]",14,0.343544045298431,661,708,9,0.099029982363315,47,1
757,"(4,0)",,False,50,"[4, 19, 18, 0, 11]",14,0.343544045298431,661,708,9,0.099029982363315,47,1
758,"(14,0)",,True,51,"[14, 0, 19, 18, 2]",15,0.34497354497354504,663,710,9,0.15455304928989103,47,1
759,"(14,0)",,True,51,"[14, 0, 19, 18, 2]",15,0.34497354497354504,663,710,9,0.15455304928989103,47,1
760,"(15,17)",,False,50,"[15, 16, 14, 6, 17]",15,0.35474798106377003,665,712,7,0.133235867446393,47,1
761,"(15,17)",,False,50,"[15, 16, 14, 6, 17]",15,0.35474798106377003,665,712,7,0.133235867446393,47,1
762,"(13,16)",,False,49,"[3, 19, 13, 16, 8]",15,0.35820802005012503,667,714,6,0.125,47,1
763,"(13,16)",,False,49,"[3, 19, 13, 16, 8]",15,0.35820802005012503,667,714,6,0.125,47,1
764,"(15,0)",,False,46,"[14, 15, 19, 0, 8]",14,0.371324143692564,669,716,6,0.153989139515455,47,1
765,"(15,0)",,False,46,"[14, 15, 19, 0, 8]",14,0.371324143692564,669,716,6,0.153989139515455,47,1
766,"(17,6)",,False,47,"[3, 17, 10, 19, 6]",14,0.36827485380116903,671,718,5,0.049192425508214004,47,1
767,"(17,6)",,False,47,"[3, 17, 10, 19, 6]",14,0.36827485380116903,671,718,5,0.049192425508214004,47,1
768,"(3,5)",,False,44,"[3, 5, 18, 14, 19]",14,0.41671539961013604,673,720,5,0.05830548593706401,47,1
769,"(3,5)",,False,44,"[3, 5, 18, 14, 19]",14,0.41671539961013604,673,720,5,0.05830548593706401,47,1
770,"(1,5)",,False,44,"[19, 7, 1, 5, 8]",14,0.428508771929824,675,722,6,0.077360066833751,47,1
771,"(1,5)",,False,44,"[19, 7, 1, 5, 8]",14,0.428508771929824,675,722,6,0.077360066833751,47,1
772,"(17,2)",,False,44,"[17, 7, 8, 16, 2]",14,0.41242225935208304,677,724,6,0.07494430520746301,47,1
773,"(17,2)",,False,44,"[17, 7, 8, 16, 2]",14,0.41242225935208304,677,724,6,0.07494430520746301,47,1
774,"(6,12)",,False,44,"[6, 10, 12, 8, 3]",14,0.41471270769516305,679,726,5,0.058862433862433006,47,1
775,"(6,12)",,False,44,"[6, 10, 12, 8, 3]",14,0.41471270769516305,679,726,5,0.058862433862433006,47,1
776,"(3,15)",,False,45,"[18, 16, 3, 15, 8]",14,0.40058479532163704,681,728,4,0.042119186856028,47,1
777,"(3,15)",,False,45,"[18, 16, 3, 15, 8]",14,0.40058479532163704,681,728,4,0.042119186856028,47,1
778,2:8,assassinate,True,40,"[17, 9, 2, 6, 1]",13,0.324394319131161,683,730,4,0.042328042328042007,47,1
779,2:8,assassinate,True,40,"[17, 9, 2, 6, 1]",13,0.324394319131161,683,730,4,0.042328042328042007,47,1
780,"(6,7)",,False,40,"[6, 4, 19, 15, 7]",13,0.329142300194931,685,732,4,0.042328042328042007,47,1
781,"(6,7)",,False,40,"[6, 4, 19, 15, 7]",13,0.329142300194931,685,732,4,0.042328042328042007,47,1
782,"(12,0)",,True,38,"[10, 4, 12, 0, 16]",12,0.304831523252575,687,734,4,0.071567808409913,47,1
783,"(12,0)",,True,38,"[10, 4, 12, 0, 16]",12,0.304831523252575,687,734,4,0.071567808409913,47,1
784,"(6,10)",,False,40,"[19, 18, 6, 10, 14]",13,0.352165135059871,689,736,4,0.058939014202172006,47,1
785,"(6,10)",,False,40,"[19, 18, 6, 10, 14]",13,0.352165135059871,689,736,4,0.058939014202172006,47,1
786,11:2,assassinate,True,40,"[16, 12, 10, 11, 17]",13,0.292989417989417,691,738,4,0.029156223893065002,47,1
787,11:2,assassinate,True,40,"[16, 12, 10, 11, 17]",13,0.292989417989417,691,738,4,0.029156223893065002,47,1
788,"(13,15)",,False,39,"[6, 0, 13, 15, 10]",13,0.302269562795878,693,740,3,0.004385964912280001,47,1
789,"(13,15)",,False,39,"[6, 0, 13, 15, 10]",13,0.302269562795878,693,740,3,0.004385964912280001,47,1
790,3:6,assassinate,True,36,"[6, 3, 11, 1, 10]",12,0.34746588693957103,695,742,3,0.0029239766081870003,47,1
791,3:6,assassinate,True,36,"[6, 3, 11, 1, 10]",12,0.34746588693957103,695,742,3,0.0029239766081870003,47,1
792,10:8,assassinate,True,31,"[7, 0, 10, 15, 2]",11,0.33333333333333304,697,744,3,0.004873294346978,47,1
793,10:8,assassinate,True,31,"[7, 0, 10, 15, 2]",11,0.33333333333333304,697,744,3,0.004873294346978,47,1
794,"(5,4)",,False,31,"[12, 15, 5, 19, 4]",11,0.276803118908382,699,746,3,0.004873294346978,47,1
795,"(5,4)",,False,31,"[12, 15, 5, 19, 4]",11,0.276803118908382,699,746,3,0.004873294346978,47,1
796,"(9,3)",,False,33,"[0, 8, 15, 9, 3]",11,0.29142300194931703,701,748,3,0.009746588693957,47,1
797,"(9,3)",,False,33,"[0, 8, 15, 9, 3]",11,0.29142300194931703,701,748,3,0.009746588693957,47,1
798,"(4,1)",,False,35,"[7, 8, 3, 4, 1]",11,0.453216374269005,703,750,4,0.19688109161793302,47,1
799,"(4,1)",,False,35,"[7, 8, 3, 4, 1]",11,0.453216374269005,703,750,4,0.19688109161793302,47,1
