,actionDetail,actionType,bonusActivated,graphEdgeCount,nodeList,p1Degree,p1Score,p1WinAdvantage,p1WinCount,p2Degree,p2Score,p2WinCount,player
0,"(18,14)",,True,2,"[18, 14, 19, 7, 13]",0,-0.001,0,0,0,-0.001,0,1
1,"(18,14)",,True,2,"[18, 14, 19, 7, 13]",0,-0.001,0,0,0,-0.001,0,1
2,"(9,17)",,True,4,"[9, 17, 7, 14, 12]",1,0.0,2,2,0,-0.001,0,1
3,"(9,17)",,True,4,"[9, 17, 7, 14, 12]",1,0.0,2,2,0,-0.001,0,1
4,"(3,6)",,True,6,"[3, 6, 11, 17, 12]",1,0.0,4,4,0,-0.001,0,1
5,"(3,6)",,True,6,"[3, 6, 11, 17, 12]",1,0.0,4,4,0,-0.001,0,1
6,"(7,10)",,True,9,"[7, 10, 9, 14, 18]",3,0.029239766081871003,6,6,0,-0.001,0,1
7,"(7,10)",,True,9,"[7, 10, 9, 14, 18]",3,0.029239766081871003,6,6,0,-0.001,0,1
8,8:4,assassinate,True,9,"[9, 7, 8, 18, 1]",2,0.023391812865497002,8,8,0,-0.001,0,1
9,8:4,assassinate,True,9,"[9, 7, 8, 18, 1]",2,0.023391812865497002,8,8,0,-0.001,0,1
10,9:4,assassinate,True,8,"[9, 0, 7, 2, 14]",2,0.011695906432748001,10,10,0,-0.001,0,1
11,9:4,assassinate,True,8,"[9, 0, 7, 2, 14]",2,0.011695906432748001,10,10,0,-0.001,0,1
12,"(0,19)",,True,8,"[15, 17, 9, 0, 19]",1,0.0,12,12,0,-0.001,0,1
13,"(0,19)",,True,8,"[15, 17, 9, 0, 19]",1,0.0,12,12,0,-0.001,0,1
14,"(14,1)",,True,10,"[14, 2, 19, 10, 1]",1,0.0,13,13,1,0.0,0,1
15,"(14,1)",,True,10,"[14, 2, 19, 10, 1]",1,0.0,13,13,1,0.0,0,1
16,"(8,1)",,True,10,"[8, 13, 14, 12, 1]",1,0.0,14,14,1,0.0,0,1
17,"(8,1)",,True,10,"[8, 13, 14, 12, 1]",1,0.0,14,14,1,0.0,0,1
18,13:2,assassinate,True,10,"[11, 18, 13, 6, 10]",1,0.0,15,15,1,0.0,0,1
19,13:2,assassinate,True,10,"[11, 18, 13, 6, 10]",1,0.0,15,15,1,0.0,0,1
20,"(3,11)",,True,12,"[3, 11, 4, 2, 17]",1,0.0,15,15,1,0.0,0,1
21,"(3,11)",,True,12,"[3, 11, 4, 2, 17]",1,0.0,15,15,1,0.0,0,1
22,"(7,1)",,True,12,"[7, 13, 1, 8, 5]",1,0.0,16,16,1,0.0,0,1
23,"(7,1)",,True,12,"[7, 13, 1, 8, 5]",1,0.0,16,16,1,0.0,0,1
24,"(9,15)",,True,14,"[9, 15, 6, 3, 4]",1,0.0,16,16,1,0.0,0,1
25,"(9,15)",,True,14,"[9, 15, 6, 3, 4]",1,0.0,16,16,1,0.0,0,1
26,5:4,assassinate,True,14,"[4, 5, 2, 14, 10]",2,0.08187134502923901,18,18,1,0.0,0,1
27,5:4,assassinate,True,14,"[4, 5, 2, 14, 10]",2,0.08187134502923901,18,18,1,0.0,0,1
28,6:4,assassinate,True,14,"[6, 14, 5, 8, 12]",2,0.09356725146198801,20,20,1,0.0,0,1
29,6:4,assassinate,True,14,"[6, 14, 5, 8, 12]",2,0.09356725146198801,20,20,1,0.0,0,1
30,4:4,assassinate,True,13,"[4, 8, 0, 14, 5]",2,0.035087719298245,22,22,1,0.0,0,1
31,4:4,assassinate,True,13,"[4, 8, 0, 14, 5]",2,0.035087719298245,22,22,1,0.0,0,1
32,7:6,assassinate,True,12,"[7, 16, 2, 4, 0]",2,0.046783625730994004,24,24,0,-0.001,0,1
33,7:6,assassinate,True,12,"[7, 16, 2, 4, 0]",2,0.046783625730994004,24,24,0,-0.001,0,1
34,16:6,assassinate,True,10,"[5, 17, 16, 11, 7]",2,0.052631578947368,26,26,0,-0.001,0,1
35,16:6,assassinate,True,10,"[5, 17, 16, 11, 7]",2,0.052631578947368,26,26,0,-0.001,0,1
36,9:6,assassinate,True,9,"[7, 8, 9, 16, 13]",3,0.017543859649122,28,28,0,-0.001,0,1
37,9:6,assassinate,True,9,"[7, 8, 9, 16, 13]",3,0.017543859649122,28,28,0,-0.001,0,1
38,"(0,8)",,True,9,"[16, 0, 4, 8, 12]",2,0.005847953216374001,30,30,0,-0.001,0,1
39,"(0,8)",,True,9,"[16, 0, 4, 8, 12]",2,0.005847953216374001,30,30,0,-0.001,0,1
40,3:6,assassinate,True,7,"[17, 3, 15, 0, 1]",2,0.023391812865497002,32,32,0,-0.001,0,1
41,3:6,assassinate,True,7,"[17, 3, 15, 0, 1]",2,0.023391812865497002,32,32,0,-0.001,0,1
42,13:4,assassinate,True,6,"[17, 13, 18, 6, 7]",2,0.005847953216374001,34,34,0,-0.001,0,1
43,13:4,assassinate,True,6,"[17, 13, 18, 6, 7]",2,0.005847953216374001,34,34,0,-0.001,0,1
44,"(9,12)",,True,9,"[9, 0, 12, 8, 3]",4,0.070175438596491,36,36,0,-0.001,0,1
45,"(9,12)",,True,9,"[9, 0, 12, 8, 3]",4,0.070175438596491,36,36,0,-0.001,0,1
46,14:2,assassinate,True,9,"[14, 17, 19, 7, 12]",4,0.052631578947368,38,38,0,-0.001,0,1
47,14:2,assassinate,True,9,"[14, 17, 19, 7, 12]",4,0.052631578947368,38,38,0,-0.001,0,1
48,"(0,11)",,True,9,"[0, 11, 1, 16, 5]",3,0.017543859649122,40,40,0,-0.001,0,1
49,"(0,11)",,True,9,"[0, 11, 1, 16, 5]",3,0.017543859649122,40,40,0,-0.001,0,1
50,15:2,assassinate,True,9,"[6, 4, 15, 18, 7]",2,0.035087719298245,42,42,0,-0.001,0,1
51,15:2,assassinate,True,9,"[6, 4, 15, 18, 7]",2,0.035087719298245,42,42,0,-0.001,0,1
52,10:4,assassinate,True,8,"[7, 10, 19, 15, 18]",1,0.0,44,44,0,-0.001,0,1
53,10:4,assassinate,True,8,"[7, 10, 19, 15, 18]",1,0.0,44,44,0,-0.001,0,1
54,"(14,15)",,True,10,"[14, 15, 8, 19, 11]",1,0.0,46,46,0,-0.001,0,1
55,"(14,15)",,True,10,"[14, 15, 8, 19, 11]",1,0.0,46,46,0,-0.001,0,1
56,14:6,assassinate,True,8,"[3, 7, 14, 11, 0]",2,0.035087719298245,48,48,0,-0.001,0,1
57,14:6,assassinate,True,8,"[3, 7, 14, 11, 0]",2,0.035087719298245,48,48,0,-0.001,0,1
58,19:6,assassinate,True,7,"[19, 8, 1, 15, 7]",4,0.070175438596491,50,50,0,-0.001,0,1
59,19:6,assassinate,True,7,"[19, 8, 1, 15, 7]",4,0.070175438596491,50,50,0,-0.001,0,1
60,"(14,13)",,True,10,"[14, 13, 3, 18, 0]",4,0.134502923976608,52,52,0,-0.001,0,1
61,"(14,13)",,True,10,"[14, 13, 3, 18, 0]",4,0.134502923976608,52,52,0,-0.001,0,1
62,14:4,assassinate,True,10,"[13, 7, 18, 16, 14]",4,0.20467836257309902,54,54,0,-0.001,0,1
63,14:4,assassinate,True,10,"[13, 7, 18, 16, 14]",4,0.20467836257309902,54,54,0,-0.001,0,1
64,12:6,assassinate,True,8,"[8, 1, 3, 12, 6]",4,0.122807017543859,56,56,0,-0.001,0,1
65,12:6,assassinate,True,8,"[8, 1, 3, 12, 6]",4,0.122807017543859,56,56,0,-0.001,0,1
66,"(0,4)",,True,9,"[13, 0, 12, 17, 4]",3,0.07602339181286501,58,58,0,-0.001,0,1
67,"(0,4)",,True,9,"[13, 0, 12, 17, 4]",3,0.07602339181286501,58,58,0,-0.001,0,1
68,10:6,assassinate,True,8,"[11, 1, 8, 19, 10]",2,0.035087719298245,60,60,0,-0.001,0,1
69,10:6,assassinate,True,8,"[11, 1, 8, 19, 10]",2,0.035087719298245,60,60,0,-0.001,0,1
70,14:2,assassinate,True,9,"[4, 12, 10, 14, 16]",2,0.070175438596491,62,62,0,-0.001,0,1
71,14:2,assassinate,True,9,"[4, 12, 10, 14, 16]",2,0.070175438596491,62,62,0,-0.001,0,1
72,11:4,assassinate,True,8,"[4, 8, 11, 7, 6]",2,0.023391812865497002,64,64,0,-0.001,0,1
73,11:4,assassinate,True,8,"[4, 8, 11, 7, 6]",2,0.023391812865497002,64,64,0,-0.001,0,1
74,8:4,assassinate,True,8,"[8, 19, 15, 11, 7]",2,0.011695906432748001,66,66,0,-0.001,0,1
75,8:4,assassinate,True,8,"[8, 19, 15, 11, 7]",2,0.011695906432748001,66,66,0,-0.001,0,1
76,17:4,assassinate,True,8,"[3, 1, 15, 17, 11]",2,0.011695906432748001,68,68,0,-0.001,0,1
77,17:4,assassinate,True,8,"[3, 1, 15, 17, 11]",2,0.011695906432748001,68,68,0,-0.001,0,1
78,5:2,assassinate,True,8,"[4, 5, 1, 18, 11]",1,0.0,70,70,0,-0.001,0,1
79,5:2,assassinate,True,8,"[4, 5, 1, 18, 11]",1,0.0,70,70,0,-0.001,0,1
80,"(7,3)",,True,10,"[7, 3, 16, 15, 14]",2,0.023391812865497002,72,72,0,-0.001,0,1
81,"(7,3)",,True,10,"[7, 3, 16, 15, 14]",2,0.023391812865497002,72,72,0,-0.001,0,1
82,9:2,assassinate,True,11,"[5, 0, 6, 9, 4]",4,0.245614035087719,74,74,0,-0.001,0,1
83,9:2,assassinate,True,11,"[5, 0, 6, 9, 4]",4,0.245614035087719,74,74,0,-0.001,0,1
84,12:2,assassinate,True,11,"[9, 11, 4, 15, 12]",4,0.22222222222222202,76,76,0,-0.001,0,1
85,12:2,assassinate,True,11,"[9, 11, 4, 15, 12]",4,0.22222222222222202,76,76,0,-0.001,0,1
86,18:4,assassinate,True,10,"[9, 17, 18, 8, 19]",3,0.06432748538011601,78,78,0,-0.001,0,1
87,18:4,assassinate,True,10,"[9, 17, 18, 8, 19]",3,0.06432748538011601,78,78,0,-0.001,0,1
88,13:4,assassinate,True,10,"[13, 15, 3, 4, 18]",3,0.134502923976608,80,80,0,-0.001,0,1
89,13:4,assassinate,True,10,"[13, 15, 3, 4, 18]",3,0.134502923976608,80,80,0,-0.001,0,1
90,"(19,0)",,True,11,"[19, 4, 6, 3, 0]",2,0.035087719298245,82,82,0,-0.001,0,1
91,"(19,0)",,True,11,"[19, 4, 6, 3, 0]",2,0.035087719298245,82,82,0,-0.001,0,1
92,19:4,assassinate,True,10,"[3, 0, 14, 19, 11]",2,0.046783625730994004,84,84,0,-0.001,0,1
93,19:4,assassinate,True,10,"[3, 0, 14, 19, 11]",2,0.046783625730994004,84,84,0,-0.001,0,1
94,"(2,0)",,True,10,"[12, 13, 11, 2, 0]",1,0.0,86,86,0,-0.001,0,1
95,"(2,0)",,True,10,"[12, 13, 11, 2, 0]",1,0.0,86,86,0,-0.001,0,1
96,"(8,3)",,True,12,"[8, 3, 15, 6, 14]",1,0.0,88,88,0,-0.001,0,1
97,"(8,3)",,True,12,"[8, 3, 15, 6, 14]",1,0.0,88,88,0,-0.001,0,1
98,"(0,8)",,True,14,"[0, 8, 13, 10, 14]",2,0.0,90,90,0,-0.001,0,1
99,"(0,8)",,True,14,"[0, 8, 13, 10, 14]",2,0.0,90,90,0,-0.001,0,1
100,17:4,assassinate,True,11,"[17, 18, 9, 7, 10]",1,0.0,92,92,0,-0.001,0,1
101,17:4,assassinate,True,11,"[17, 18, 9, 7, 10]",1,0.0,92,92,0,-0.001,0,1
102,14:2,assassinate,True,12,"[10, 14, 18, 11, 15]",3,0.10233918128654901,94,94,0,-0.001,0,1
103,14:2,assassinate,True,12,"[10, 14, 18, 11, 15]",3,0.10233918128654901,94,94,0,-0.001,0,1
104,"(4,3)",,True,13,"[4, 6, 3, 12, 17]",3,0.11988304093567201,96,96,0,-0.001,0,1
105,"(4,3)",,True,13,"[4, 6, 3, 12, 17]",3,0.11988304093567201,96,96,0,-0.001,0,1
106,5:2,assassinate,True,13,"[18, 11, 5, 17, 3]",4,0.21637426900584703,98,98,0,-0.001,0,1
107,5:2,assassinate,True,13,"[18, 11, 5, 17, 3]",4,0.21637426900584703,98,98,0,-0.001,0,1
108,19:4,assassinate,True,12,"[19, 3, 14, 1, 8]",3,0.15204678362573001,100,100,0,-0.001,0,1
109,19:4,assassinate,True,12,"[19, 3, 14, 1, 8]",3,0.15204678362573001,100,100,0,-0.001,0,1
110,15:4,assassinate,True,12,"[13, 1, 11, 15, 2]",2,0.06432748538011601,102,102,0,-0.001,0,1
111,15:4,assassinate,True,12,"[13, 1, 11, 15, 2]",2,0.06432748538011601,102,102,0,-0.001,0,1
112,"(13,18)",,True,15,"[7, 6, 13, 5, 18]",2,0.027290448343079,104,104,0,-0.001,0,1
113,"(13,18)",,True,15,"[7, 6, 13, 5, 18]",2,0.027290448343079,104,104,0,-0.001,0,1
114,8:6,assassinate,True,14,"[5, 8, 14, 6, 18]",3,0.134502923976608,106,106,0,-0.001,0,1
115,8:6,assassinate,True,14,"[5, 8, 14, 6, 18]",3,0.134502923976608,106,106,0,-0.001,0,1
116,12:2,assassinate,True,14,"[12, 2, 7, 1, 3]",2,0.070175438596491,108,108,0,-0.001,0,1
117,12:2,assassinate,True,14,"[12, 2, 7, 1, 3]",2,0.070175438596491,108,108,0,-0.001,0,1
118,14:6,assassinate,True,12,"[3, 6, 0, 17, 14]",3,0.08187134502923901,110,110,0,-0.001,0,1
119,14:6,assassinate,True,12,"[3, 6, 0, 17, 14]",3,0.08187134502923901,110,110,0,-0.001,0,1
120,2:4,assassinate,True,11,"[2, 9, 8, 16, 18]",3,0.09941520467836201,112,112,0,-0.001,0,1
121,2:4,assassinate,True,11,"[2, 9, 8, 16, 18]",3,0.09941520467836201,112,112,0,-0.001,0,1
122,"(9,0)",,True,12,"[17, 8, 14, 9, 0]",2,0.023391812865497002,114,114,0,-0.001,0,1
123,"(9,0)",,True,12,"[17, 8, 14, 9, 0]",2,0.023391812865497002,114,114,0,-0.001,0,1
124,"(19,7)",,True,15,"[2, 0, 19, 7, 13]",4,0.18128654970760202,116,116,1,0.0,0,1
125,"(19,7)",,True,15,"[2, 0, 19, 7, 13]",4,0.18128654970760202,116,116,1,0.0,0,1
126,11:2,assassinate,True,15,"[12, 9, 15, 11, 14]",3,0.11695906432748501,118,118,1,0.0,0,1
127,11:2,assassinate,True,15,"[12, 9, 15, 11, 14]",3,0.11695906432748501,118,118,1,0.0,0,1
128,"(19,12)",,True,15,"[19, 11, 12, 10, 3]",3,0.11695906432748501,120,120,1,0.0,0,1
129,"(19,12)",,True,15,"[19, 11, 12, 10, 3]",3,0.11695906432748501,120,120,1,0.0,0,1
130,18:6,assassinate,True,13,"[18, 8, 11, 10, 6]",3,0.134502923976608,122,122,1,0.0,0,1
131,18:6,assassinate,True,13,"[18, 8, 11, 10, 6]",3,0.134502923976608,122,122,1,0.0,0,1
132,"(0,13)",,True,14,"[16, 0, 13, 7, 18]",4,0.20467836257309902,124,124,1,0.0,0,1
133,"(0,13)",,True,14,"[16, 0, 13, 7, 18]",4,0.20467836257309902,124,124,1,0.0,0,1
134,5:6,assassinate,True,12,"[3, 15, 5, 16, 18]",4,0.175438596491228,126,126,1,0.0,0,1
135,5:6,assassinate,True,12,"[3, 15, 5, 16, 18]",4,0.175438596491228,126,126,1,0.0,0,1
136,6:2,assassinate,True,12,"[15, 6, 14, 12, 10]",4,0.175438596491228,128,128,1,0.0,0,1
137,6:2,assassinate,True,12,"[15, 6, 14, 12, 10]",4,0.175438596491228,128,128,1,0.0,0,1
138,6:2,assassinate,True,13,"[9, 15, 17, 6, 11]",5,0.245614035087719,130,130,1,0.0,0,1
139,6:2,assassinate,True,13,"[9, 15, 17, 6, 11]",5,0.245614035087719,130,130,1,0.0,0,1
140,13:4,assassinate,True,12,"[13, 11, 19, 12, 14]",4,0.175438596491228,132,132,1,0.0,0,1
141,13:4,assassinate,True,12,"[13, 11, 19, 12, 14]",4,0.175438596491228,132,132,1,0.0,0,1
142,14:4,assassinate,True,11,"[18, 6, 14, 15, 1]",3,0.11111111111111101,134,134,1,0.0,0,1
143,14:4,assassinate,True,11,"[18, 6, 14, 15, 1]",3,0.11111111111111101,134,134,1,0.0,0,1
144,"(1,7)",,True,13,"[18, 11, 14, 1, 7]",3,0.12865497076023302,136,136,2,0.070175438596491,0,1
145,"(1,7)",,True,13,"[18, 11, 14, 1, 7]",3,0.12865497076023302,136,136,2,0.070175438596491,0,1
146,"(4,0)",,True,13,"[7, 4, 8, 12, 0]",3,0.18713450292397601,136,137,2,0.210526315789473,1,1
147,"(4,0)",,True,13,"[7, 4, 8, 12, 0]",3,0.18713450292397601,136,137,2,0.210526315789473,1,1
148,9:6,assassinate,True,11,"[9, 5, 13, 7, 11]",3,0.15204678362573001,136,138,2,0.16374269005847902,2,1
149,9:6,assassinate,True,11,"[9, 5, 13, 7, 11]",3,0.15204678362573001,136,138,2,0.16374269005847902,2,1
150,"(1,13)",,True,13,"[1, 0, 13, 19, 15]",3,0.032163742690058006,136,139,3,0.08479532163742601,3,1
151,"(1,13)",,True,13,"[1, 0, 13, 19, 15]",3,0.032163742690058006,136,139,3,0.08479532163742601,3,1
152,8:4,assassinate,True,10,"[8, 10, 18, 5, 4]",2,0.0,136,140,3,0.046783625730994004,4,1
153,8:4,assassinate,True,10,"[8, 10, 18, 5, 4]",2,0.0,136,140,3,0.046783625730994004,4,1
154,"(15,5)",,True,12,"[15, 5, 18, 14, 0]",2,0.0,134,140,3,0.046783625730994004,6,1
155,"(15,5)",,True,12,"[15, 5, 18, 14, 0]",2,0.0,134,140,3,0.046783625730994004,6,1
156,10:2,assassinate,True,13,"[17, 11, 14, 12, 10]",3,0.026315789473684,136,142,3,0.008771929824561,6,1
157,10:2,assassinate,True,13,"[17, 11, 14, 12, 10]",3,0.026315789473684,136,142,3,0.008771929824561,6,1
158,16:6,assassinate,True,11,"[15, 8, 4, 12, 16]",2,0.0,136,143,3,0.011695906432748001,7,1
159,16:6,assassinate,True,11,"[15, 8, 4, 12, 16]",2,0.0,136,143,3,0.011695906432748001,7,1
160,"(12,0)",,True,12,"[12, 8, 0, 13, 1]",3,0.052631578947368,138,145,3,0.029239766081871003,7,1
161,"(12,0)",,True,12,"[12, 8, 0, 13, 1]",3,0.052631578947368,138,145,3,0.029239766081871003,7,1
162,19:8,assassinate,True,8,"[0, 5, 19, 15, 9]",3,0.09356725146198801,140,147,2,0.035087719298245,7,1
163,19:8,assassinate,True,8,"[0, 5, 19, 15, 9]",3,0.09356725146198801,140,147,2,0.035087719298245,7,1
164,14:4,assassinate,True,7,"[11, 13, 16, 14, 9]",3,0.070175438596491,142,149,2,0.029239766081871003,7,1
165,14:4,assassinate,True,7,"[11, 13, 16, 14, 9]",3,0.070175438596491,142,149,2,0.029239766081871003,7,1
166,4:4,assassinate,True,6,"[8, 13, 9, 3, 4]",2,0.023391812865497002,144,151,2,0.017543859649122,7,1
167,4:4,assassinate,True,6,"[8, 13, 9, 3, 4]",2,0.023391812865497002,144,151,2,0.017543859649122,7,1
168,"(7,15)",,True,8,"[7, 15, 10, 17, 0]",3,0.08187134502923901,146,153,2,0.070175438596491,7,1
169,"(7,15)",,True,8,"[7, 15, 10, 17, 0]",3,0.08187134502923901,146,153,2,0.070175438596491,7,1
170,"(1,2)",,True,10,"[1, 5, 2, 6, 19]",3,0.16959064327485301,148,155,3,0.157894736842105,7,1
171,"(1,2)",,True,10,"[1, 5, 2, 6, 19]",3,0.16959064327485301,148,155,3,0.157894736842105,7,1
172,3:4,assassinate,True,10,"[11, 9, 14, 4, 3]",3,0.105263157894736,150,157,3,0.06432748538011601,7,1
173,3:4,assassinate,True,10,"[11, 9, 14, 4, 3]",3,0.105263157894736,150,157,3,0.06432748538011601,7,1
174,"(18,0)",,True,10,"[18, 11, 0, 2, 7]",2,0.122807017543859,150,158,3,0.16959064327485301,8,1
175,"(18,0)",,True,10,"[18, 11, 0, 2, 7]",2,0.122807017543859,150,158,3,0.16959064327485301,8,1
176,"(18,11)",,True,13,"[18, 11, 19, 16, 4]",2,0.23391812865497003,148,158,3,0.280701754385964,10,1
177,"(18,11)",,True,13,"[18, 11, 19, 16, 4]",2,0.23391812865497003,148,158,3,0.280701754385964,10,1
178,12:6,assassinate,True,12,"[0, 6, 9, 12, 11]",2,0.046783625730994004,147,158,3,0.070175438596491,11,1
179,12:6,assassinate,True,12,"[0, 6, 9, 12, 11]",2,0.046783625730994004,147,158,3,0.070175438596491,11,1
180,"(5,9)",,True,14,"[5, 9, 12, 8, 6]",2,0.07602339181286501,145,158,3,0.096491228070175,13,1
181,"(5,9)",,True,14,"[5, 9, 12, 8, 6]",2,0.07602339181286501,145,158,3,0.096491228070175,13,1
182,"(15,1)",,True,14,"[15, 7, 17, 2, 1]",2,0.070175438596491,145,159,4,0.15204678362573001,14,1
183,"(15,1)",,True,14,"[15, 7, 17, 2, 1]",2,0.070175438596491,145,159,4,0.15204678362573001,14,1
184,6:2,assassinate,True,14,"[18, 6, 11, 12, 4]",3,0.122807017543859,143,159,4,0.16959064327485301,16,1
185,6:2,assassinate,True,14,"[18, 6, 11, 12, 4]",3,0.122807017543859,143,159,4,0.16959064327485301,16,1
186,"(13,0)",,True,14,"[13, 11, 1, 0, 12]",2,0.140350877192982,141,159,4,0.304093567251461,18,1
187,"(13,0)",,True,14,"[13, 11, 1, 0, 12]",2,0.140350877192982,141,159,4,0.304093567251461,18,1
188,"(5,4)",,True,14,"[5, 4, 0, 8, 17]",2,0.140350877192982,139,159,4,0.304093567251461,20,1
189,"(5,4)",,True,14,"[5, 4, 0, 8, 17]",2,0.140350877192982,139,159,4,0.304093567251461,20,1
190,19:4,assassinate,True,13,"[4, 12, 0, 17, 19]",3,0.15204678362573001,141,161,4,0.14912280701754302,20,1
191,19:4,assassinate,True,13,"[4, 12, 0, 17, 19]",3,0.15204678362573001,141,161,4,0.14912280701754302,20,1
192,"(14,13)",,True,15,"[14, 2, 8, 13, 3]",3,0.157894736842105,141,162,4,0.160818713450292,21,1
193,"(14,13)",,True,15,"[14, 2, 8, 13, 3]",3,0.157894736842105,141,162,4,0.160818713450292,21,1
194,"(0,18)",,True,16,"[1, 0, 18, 8, 9]",4,0.245614035087719,141,163,4,0.29824561403508704,22,1
195,"(0,18)",,True,16,"[1, 0, 18, 8, 9]",4,0.245614035087719,141,163,4,0.29824561403508704,22,1
196,"(9,1)",,True,19,"[9, 1, 15, 6, 10]",4,0.25730994152046704,139,163,5,0.42982456140350805,24,1
197,"(9,1)",,True,19,"[9, 1, 15, 6, 10]",4,0.25730994152046704,139,163,5,0.42982456140350805,24,1
198,"(1,8)",,True,21,"[15, 1, 11, 13, 8]",4,0.273879142300194,137,163,6,0.434697855750487,26,1
199,"(1,8)",,True,21,"[15, 1, 11, 13, 8]",4,0.273879142300194,137,163,6,0.434697855750487,26,1
200,"(9,15)",,True,21,"[9, 3, 18, 0, 15]",4,0.25730994152046704,135,163,6,0.447368421052631,28,1
201,"(9,15)",,True,21,"[9, 3, 18, 0, 15]",4,0.25730994152046704,135,163,6,0.447368421052631,28,1
202,"(1,11)",,True,22,"[8, 17, 1, 11, 3]",4,0.30116959064327403,135,164,7,0.5263157894736841,29,1
203,"(1,11)",,True,22,"[8, 17, 1, 11, 3]",4,0.30116959064327403,135,164,7,0.5263157894736841,29,1
204,"(2,13)",,True,25,"[2, 8, 7, 13, 15]",4,0.256335282651072,133,164,7,0.46393762183235804,31,1
205,"(2,13)",,True,25,"[2, 8, 7, 13, 15]",4,0.256335282651072,133,164,7,0.46393762183235804,31,1
206,12:6,assassinate,True,24,"[12, 0, 5, 11, 8]",4,0.226608187134502,131,164,7,0.41929824561403506,33,1
207,12:6,assassinate,True,24,"[12, 0, 5, 11, 8]",4,0.226608187134502,131,164,7,0.41929824561403506,33,1
208,17:4,assassinate,True,23,"[10, 17, 9, 18, 13]",4,0.19736842105263103,129,164,7,0.37641325536062303,35,1
209,17:4,assassinate,True,23,"[10, 17, 9, 18, 13]",4,0.19736842105263103,129,164,7,0.37641325536062303,35,1
210,"(0,16)",,True,22,"[0, 13, 4, 1, 16]",3,0.19883040935672502,127,164,7,0.43430799220272903,37,1
211,"(0,16)",,True,22,"[0, 13, 4, 1, 16]",3,0.19883040935672502,127,164,7,0.43430799220272903,37,1
212,"(3,0)",,True,19,"[12, 3, 15, 0, 17]",2,0.026315789473684,125,164,7,0.202729044834307,39,1
213,"(3,0)",,True,19,"[12, 3, 15, 0, 17]",2,0.026315789473684,125,164,7,0.202729044834307,39,1
214,"(0,19)",,True,19,"[9, 0, 4, 19, 7]",1,0.0,123,164,7,0.180311890838206,41,1
215,"(0,19)",,True,19,"[9, 0, 4, 19, 7]",1,0.0,123,164,7,0.180311890838206,41,1
216,"(12,7)",,True,21,"[2, 15, 12, 7, 11]",1,0.0,121,164,7,0.19883040935672502,43,1
217,"(12,7)",,True,21,"[2, 15, 12, 7, 11]",1,0.0,121,164,7,0.19883040935672502,43,1
218,"(11,14)",,True,24,"[11, 17, 14, 5, 10]",1,0.0,119,164,7,0.221345029239766,45,1
219,"(11,14)",,True,24,"[11, 17, 14, 5, 10]",1,0.0,119,164,7,0.221345029239766,45,1
220,"(3,13)",,True,24,"[4, 19, 17, 3, 13]",1,0.0,117,164,6,0.160916179337231,47,1
221,"(3,13)",,True,24,"[4, 19, 17, 3, 13]",1,0.0,117,164,6,0.160916179337231,47,1
222,"(0,7)",,True,25,"[6, 0, 16, 11, 7]",2,0.031676413255360004,115,164,6,0.127290448343079,49,1
223,"(0,7)",,True,25,"[6, 0, 16, 11, 7]",2,0.031676413255360004,115,164,6,0.127290448343079,49,1
224,"(3,7)",,True,27,"[3, 19, 8, 7, 16]",3,0.027680311890838003,113,164,6,0.130896686159844,51,1
225,"(3,7)",,True,27,"[3, 19, 8, 7, 16]",3,0.027680311890838003,113,164,6,0.130896686159844,51,1
226,"(6,2)",,True,29,"[6, 9, 15, 2, 18]",3,0.027680311890838003,111,164,6,0.11959064327485301,53,1
227,"(6,2)",,True,29,"[6, 9, 15, 2, 18]",3,0.027680311890838003,111,164,6,0.11959064327485301,53,1
228,"(0,14)",,True,28,"[16, 11, 0, 14, 5]",2,0.0,109,164,5,0.143762183235867,55,1
229,"(0,14)",,True,28,"[16, 11, 0, 14, 5]",2,0.0,109,164,5,0.143762183235867,55,1
230,"(8,1)",,True,30,"[2, 18, 8, 11, 1]",3,0.028654970760233003,107,164,6,0.20808966861598402,57,1
231,"(8,1)",,True,30,"[2, 18, 8, 11, 1]",3,0.028654970760233003,107,164,6,0.20808966861598402,57,1
232,3:10,assassinate,True,26,"[3, 15, 14, 10, 8]",2,0.0,105,164,6,0.21978557504873203,59,1
233,3:10,assassinate,True,26,"[3, 15, 14, 10, 8]",2,0.0,105,164,6,0.21978557504873203,59,1
234,15:8,assassinate,True,24,"[15, 13, 2, 0, 12]",4,0.10175438596491201,103,164,6,0.243274853801169,61,1
235,15:8,assassinate,True,24,"[15, 13, 2, 0, 12]",4,0.10175438596491201,103,164,6,0.243274853801169,61,1
236,3:2,assassinate,True,24,"[13, 19, 14, 5, 3]",4,0.025341130604288,101,164,6,0.182261208576998,63,1
237,3:2,assassinate,True,24,"[13, 19, 14, 5, 3]",4,0.025341130604288,101,164,6,0.182261208576998,63,1
238,"(18,14)",,True,24,"[0, 18, 14, 13, 11]",4,0.020467836257309,99,164,5,0.09454191033138401,65,1
239,"(18,14)",,True,24,"[0, 18, 14, 13, 11]",4,0.020467836257309,99,164,5,0.09454191033138401,65,1
240,"(17,4)",,True,24,"[17, 4, 3, 18, 14]",4,0.023196881091617,97,164,4,0.039181286549707005,67,1
241,"(17,4)",,True,24,"[17, 4, 3, 18, 14]",4,0.023196881091617,97,164,4,0.039181286549707005,67,1
242,9:4,assassinate,True,21,"[19, 9, 11, 7, 3]",3,0.020467836257309,97,165,3,0.026315789473684,68,1
243,9:4,assassinate,True,21,"[19, 9, 11, 7, 3]",3,0.020467836257309,97,165,3,0.026315789473684,68,1
244,12:6,assassinate,True,18,"[5, 4, 15, 13, 12]",2,0.06432748538011601,97,166,3,0.087719298245614,69,1
245,12:6,assassinate,True,18,"[5, 4, 15, 13, 12]",2,0.06432748538011601,97,166,3,0.087719298245614,69,1
246,"(19,0)",,True,18,"[8, 19, 13, 9, 0]",1,0.0,95,166,3,0.157894736842105,71,1
247,"(19,0)",,True,18,"[8, 19, 13, 9, 0]",1,0.0,95,166,3,0.157894736842105,71,1
248,"(17,8)",,True,20,"[0, 17, 2, 12, 8]",1,0.0,93,166,3,0.18128654970760202,73,1
249,"(17,8)",,True,20,"[0, 17, 2, 12, 8]",1,0.0,93,166,3,0.18128654970760202,73,1
250,"(6,17)",,True,22,"[6, 3, 13, 0, 17]",1,0.0,91,166,3,0.114035087719298,75,1
251,"(6,17)",,True,22,"[6, 3, 13, 0, 17]",1,0.0,91,166,3,0.114035087719298,75,1
252,4:6,assassinate,True,20,"[0, 3, 14, 13, 4]",2,0.020467836257309,89,166,3,0.06432748538011601,77,1
253,4:6,assassinate,True,20,"[0, 3, 14, 13, 4]",2,0.020467836257309,89,166,3,0.06432748538011601,77,1
254,3:2,assassinate,True,20,"[15, 17, 0, 3, 10]",2,0.020467836257309,87,166,3,0.06432748538011601,79,1
255,3:2,assassinate,True,20,"[15, 17, 0, 3, 10]",2,0.020467836257309,87,166,3,0.06432748538011601,79,1
256,"(12,6)",,True,22,"[12, 3, 6, 2, 0]",2,0.019493177387914,85,166,3,0.05847953216374201,81,1
257,"(12,6)",,True,22,"[12, 3, 6, 2, 0]",2,0.019493177387914,85,166,3,0.05847953216374201,81,1
258,"(1,4)",,True,24,"[15, 1, 7, 9, 4]",2,0.038986354775828,83,166,4,0.140350877192982,83,1
259,"(1,4)",,True,24,"[15, 1, 7, 9, 4]",2,0.038986354775828,83,166,4,0.140350877192982,83,1
260,"(6,16)",,True,26,"[2, 4, 6, 10, 16]",3,0.10428849902534101,83,167,4,0.114035087719298,84,1
261,"(6,16)",,True,26,"[2, 4, 6, 10, 16]",3,0.10428849902534101,83,167,4,0.114035087719298,84,1
262,12:4,assassinate,True,25,"[17, 12, 9, 15, 7]",2,0.050682261208577,83,168,4,0.134502923976608,85,1
263,12:4,assassinate,True,25,"[17, 12, 9, 15, 7]",2,0.050682261208577,83,168,4,0.134502923976608,85,1
264,"(4,3)",,True,27,"[4, 19, 0, 8, 3]",2,0.019493177387914,81,168,4,0.052631578947368,87,1
265,"(4,3)",,True,27,"[4, 19, 0, 8, 3]",2,0.019493177387914,81,168,4,0.052631578947368,87,1
266,"(1,17)",,True,30,"[7, 12, 1, 17, 6]",2,0.07270955165692,79,168,5,0.20838206627680303,89,1
267,"(1,17)",,True,30,"[7, 12, 1, 17, 6]",2,0.07270955165692,79,168,5,0.20838206627680303,89,1
268,"(18,7)",,True,30,"[16, 18, 4, 7, 17]",2,0.08732943469785501,77,168,5,0.22397660818713402,91,1
269,"(18,7)",,True,30,"[16, 18, 4, 7, 17]",2,0.08732943469785501,77,168,5,0.22397660818713402,91,1
270,2:10,assassinate,True,26,"[8, 9, 16, 0, 2]",2,0.023391812865497002,75,168,4,0.101364522417153,93,1
271,2:10,assassinate,True,26,"[8, 9, 16, 0, 2]",2,0.023391812865497002,75,168,4,0.101364522417153,93,1
272,3:6,assassinate,True,21,"[4, 0, 16, 3, 5]",2,0.052631578947368,73,168,4,0.09064327485380101,95,1
273,3:6,assassinate,True,21,"[4, 0, 16, 3, 5]",2,0.052631578947368,73,168,4,0.09064327485380101,95,1
274,18:8,assassinate,True,18,"[16, 12, 14, 18, 8]",2,0.096491228070175,71,168,4,0.15204678362573001,97,1
275,18:8,assassinate,True,18,"[16, 12, 14, 18, 8]",2,0.096491228070175,71,168,4,0.15204678362573001,97,1
276,11:12,assassinate,True,14,"[14, 16, 11, 17, 9]",1,0.0,69,168,4,0.105263157894736,99,1
277,11:12,assassinate,True,14,"[14, 16, 11, 17, 9]",1,0.0,69,168,4,0.105263157894736,99,1
278,"(11,1)",,True,14,"[11, 1, 16, 3, 6]",1,0.0,67,168,5,0.14619883040935602,101,1
279,"(11,1)",,True,14,"[11, 1, 16, 3, 6]",1,0.0,67,168,5,0.14619883040935602,101,1
280,"(4,9)",,True,16,"[4, 14, 16, 9, 15]",1,0.0,65,168,5,0.26315789473684204,103,1
281,"(4,9)",,True,16,"[4, 14, 16, 9, 15]",1,0.0,65,168,5,0.26315789473684204,103,1
282,"(15,17)",,True,17,"[14, 0, 16, 15, 17]",1,0.0,63,168,5,0.29239766081871305,105,1
283,"(15,17)",,True,17,"[14, 0, 16, 15, 17]",1,0.0,63,168,5,0.29239766081871305,105,1
284,"(15,18)",,True,19,"[15, 18, 2, 13, 0]",1,0.0,61,168,5,0.23391812865497003,107,1
285,"(15,18)",,True,19,"[15, 18, 2, 13, 0]",1,0.0,61,168,5,0.23391812865497003,107,1
286,"(7,2)",,True,19,"[7, 18, 12, 2, 8]",0,-0.001,59,168,4,0.175438596491228,109,1
287,"(7,2)",,True,19,"[7, 18, 12, 2, 8]",0,-0.001,59,168,4,0.175438596491228,109,1
288,"(10,17)",,True,19,"[10, 17, 14, 5, 8]",0,-0.001,57,168,3,0.18713450292397601,111,1
289,"(10,17)",,True,19,"[10, 17, 14, 5, 8]",0,-0.001,57,168,3,0.18713450292397601,111,1
290,"(12,17)",,True,21,"[9, 12, 6, 13, 17]",0,-0.001,55,168,3,0.140350877192982,113,1
291,"(12,17)",,True,21,"[9, 12, 6, 13, 17]",0,-0.001,55,168,3,0.140350877192982,113,1
292,"(15,5)",,True,24,"[15, 4, 10, 19, 5]",0,-0.001,53,168,3,0.10818713450292301,115,1
293,"(15,5)",,True,24,"[15, 4, 10, 19, 5]",0,-0.001,53,168,3,0.10818713450292301,115,1
294,"(18,1)",,True,24,"[13, 18, 1, 11, 10]",0,-0.001,51,168,3,0.11695906432748501,117,1
295,"(18,1)",,True,24,"[13, 18, 1, 11, 10]",0,-0.001,51,168,3,0.11695906432748501,117,1
296,"(17,1)",,True,26,"[17, 8, 2, 1, 11]",0,-0.001,49,168,4,0.061793372319688004,119,1
297,"(17,1)",,True,26,"[17, 8, 2, 1, 11]",0,-0.001,49,168,4,0.061793372319688004,119,1
298,9:10,assassinate,True,23,"[12, 13, 10, 9, 19]",0,-0.001,47,168,4,0.06335282651072101,121,1
299,9:10,assassinate,True,23,"[12, 13, 10, 9, 19]",0,-0.001,47,168,4,0.06335282651072101,121,1
300,15:10,assassinate,True,20,"[19, 6, 9, 15, 10]",0,-0.001,45,168,4,0.041910331384015,123,1
301,15:10,assassinate,True,20,"[19, 6, 9, 15, 10]",0,-0.001,45,168,4,0.041910331384015,123,1
302,14:12,assassinate,True,15,"[8, 3, 2, 14, 5]",1,0.0,43,168,4,0.067251461988304,125,1
303,14:12,assassinate,True,15,"[8, 3, 2, 14, 5]",1,0.0,43,168,4,0.067251461988304,125,1
304,"(13,1)",,True,17,"[7, 5, 13, 8, 1]",1,0.0,41,168,5,0.16374269005847902,127,1
305,"(13,1)",,True,17,"[7, 5, 13, 8, 1]",1,0.0,41,168,5,0.16374269005847902,127,1
306,"(11,6)",,True,19,"[11, 10, 6, 15, 16]",1,0.0,39,168,5,0.18128654970760202,129,1
307,"(11,6)",,True,19,"[11, 10, 6, 15, 16]",1,0.0,39,168,5,0.18128654970760202,129,1
308,"(13,19)",,True,21,"[17, 0, 18, 13, 19]",1,0.0,37,168,5,0.230019493177387,131,1
309,"(13,19)",,True,21,"[17, 0, 18, 13, 19]",1,0.0,37,168,5,0.230019493177387,131,1
310,"(9,17)",,True,23,"[9, 15, 17, 2, 12]",2,0.035087719298245,35,168,5,0.16861598440545802,133,1
311,"(9,17)",,True,23,"[9, 15, 17, 2, 12]",2,0.035087719298245,35,168,5,0.16861598440545802,133,1
312,6:6,assassinate,True,20,"[14, 15, 6, 10, 5]",1,0.0,35,169,4,0.013645224171539001,134,1
313,6:6,assassinate,True,20,"[14, 15, 6, 10, 5]",1,0.0,35,169,4,0.013645224171539001,134,1
314,"(4,11)",,True,20,"[5, 4, 11, 17, 10]",1,0.0,33,169,3,0.008771929824561,136,1
315,"(4,11)",,True,20,"[5, 4, 11, 17, 10]",1,0.0,33,169,3,0.008771929824561,136,1
316,"(10,19)",,True,22,"[10, 9, 19, 2, 16]",2,0.061208576998050004,35,171,3,0.008771929824561,136,1
317,"(10,19)",,True,22,"[10, 9, 19, 2, 16]",2,0.061208576998050004,35,171,3,0.008771929824561,136,1
318,"(18,10)",,True,25,"[2, 8, 5, 18, 10]",2,0.047758284600389,37,173,3,0.0,136,1
319,"(18,10)",,True,25,"[2, 8, 5, 18, 10]",2,0.047758284600389,37,173,3,0.0,136,1
320,"(3,19)",,True,27,"[14, 10, 3, 0, 19]",2,0.03391812865497,39,175,3,0.0,136,1
321,"(3,19)",,True,27,"[14, 10, 3, 0, 19]",2,0.03391812865497,39,175,3,0.0,136,1
322,12:6,assassinate,True,23,"[12, 10, 17, 3, 2]",1,0.0,40,176,3,0.0,136,1
323,12:6,assassinate,True,23,"[12, 10, 17, 3, 2]",1,0.0,40,176,3,0.0,136,1
324,"(11,14)",,True,25,"[11, 14, 4, 2, 10]",1,0.0,40,176,3,0.0,136,1
325,"(11,14)",,True,25,"[11, 14, 4, 2, 10]",1,0.0,40,176,3,0.0,136,1
326,"(4,11)",,True,25,"[4, 11, 0, 16, 17]",1,0.0,40,176,3,0.0,136,1
327,"(4,11)",,True,25,"[4, 11, 0, 16, 17]",1,0.0,40,176,3,0.0,136,1
328,"(15,4)",,True,27,"[15, 4, 10, 0, 14]",1,0.0,40,176,3,0.0,136,1
329,"(15,4)",,True,27,"[15, 4, 10, 0, 14]",1,0.0,40,176,3,0.0,136,1
330,"(15,2)",,True,27,"[15, 2, 0, 10, 16]",1,0.0,40,176,2,0.0,136,1
331,"(15,2)",,True,27,"[15, 2, 0, 10, 16]",1,0.0,40,176,2,0.0,136,1
332,"(7,18)",,True,27,"[14, 6, 7, 18, 9]",1,0.0,39,176,2,0.009746588693957,137,1
333,"(7,18)",,True,27,"[14, 6, 7, 18, 9]",1,0.0,39,176,2,0.009746588693957,137,1
334,10:6,assassinate,True,25,"[10, 12, 14, 15, 13]",1,0.0,37,176,2,0.011695906432748001,139,1
335,10:6,assassinate,True,25,"[10, 12, 14, 15, 13]",1,0.0,37,176,2,0.011695906432748001,139,1
336,"(15,1)",,True,27,"[7, 15, 1, 16, 3]",2,0.048148148148148,37,177,3,0.10857699805068201,140,1
337,"(15,1)",,True,27,"[7, 15, 1, 16, 3]",2,0.048148148148148,37,177,3,0.10857699805068201,140,1
338,13:6,assassinate,True,25,"[18, 13, 16, 10, 3]",1,0.0,35,177,3,0.10818713450292301,142,1
339,13:6,assassinate,True,25,"[18, 13, 16, 10, 3]",1,0.0,35,177,3,0.10818713450292301,142,1
340,"(18,11)",,True,25,"[5, 18, 6, 17, 11]",2,0.09356725146198801,33,177,3,0.123781676413255,144,1
341,"(18,11)",,True,25,"[5, 18, 6, 17, 11]",2,0.09356725146198801,33,177,3,0.123781676413255,144,1
342,2:6,assassinate,True,23,"[14, 18, 2, 8, 5]",3,0.18128654970760202,35,179,3,0.11695906432748501,144,1
343,2:6,assassinate,True,23,"[14, 18, 2, 8, 5]",3,0.18128654970760202,35,179,3,0.11695906432748501,144,1
344,"(1,16)",,True,25,"[8, 11, 1, 2, 16]",4,0.16228070175438503,37,181,4,0.145224171539961,144,1
345,"(1,16)",,True,25,"[8, 11, 1, 2, 16]",4,0.16228070175438503,37,181,4,0.145224171539961,144,1
346,10:2,assassinate,True,24,"[9, 2, 14, 3, 10]",3,0.11988304093567201,37,182,4,0.13352826510721202,145,1
347,10:2,assassinate,True,24,"[9, 2, 14, 3, 10]",3,0.11988304093567201,37,182,4,0.13352826510721202,145,1
348,"(15,6)",,True,26,"[5, 15, 6, 2, 13]",3,0.178362573099415,37,183,4,0.194931773879142,146,1
349,"(15,6)",,True,26,"[5, 15, 6, 2, 13]",3,0.178362573099415,37,183,4,0.194931773879142,146,1
350,4:10,assassinate,True,22,"[6, 5, 2, 16, 4]",2,0.007309941520467001,37,184,4,0.21676413255360602,147,1
351,4:10,assassinate,True,22,"[6, 5, 2, 16, 4]",2,0.007309941520467001,37,184,4,0.21676413255360602,147,1
352,"(6,3)",,True,25,"[6, 5, 3, 19, 12]",4,0.11516290726817001,37,185,4,0.12935115566694502,148,1
353,"(6,3)",,True,25,"[6, 5, 3, 19, 12]",4,0.11516290726817001,37,185,4,0.12935115566694502,148,1
354,"(15,0)",,True,25,"[15, 3, 13, 0, 17]",3,0.08333333333333301,37,186,4,0.103453077137287,149,1
355,"(15,0)",,True,25,"[15, 3, 13, 0, 17]",3,0.08333333333333301,37,186,4,0.103453077137287,149,1
356,10:4,assassinate,True,24,"[14, 10, 17, 3, 18]",2,0.0014619883040930001,37,187,4,0.094681147312726,150,1
357,10:4,assassinate,True,24,"[14, 10, 17, 3, 18]",2,0.0014619883040930001,37,187,4,0.094681147312726,150,1
358,"(4,1)",,True,24,"[4, 19, 16, 1, 12]",2,0.0014619883040930001,35,187,4,0.11598440545808901,152,1
359,"(4,1)",,True,24,"[4, 19, 16, 1, 12]",2,0.0014619883040930001,35,187,4,0.11598440545808901,152,1
360,"(5,1)",,True,26,"[7, 5, 13, 1, 16]",2,0.0014619883040930001,33,187,5,0.183235867446393,154,1
361,"(5,1)",,True,26,"[7, 5, 13, 1, 16]",2,0.0014619883040930001,33,187,5,0.183235867446393,154,1
362,7:14,assassinate,True,20,"[14, 2, 7, 17, 10]",1,0.0,31,187,4,0.157894736842105,156,1
363,7:14,assassinate,True,20,"[14, 2, 7, 17, 10]",1,0.0,31,187,4,0.157894736842105,156,1
364,"(1,13)",,True,22,"[1, 6, 13, 14, 2]",1,0.0,29,187,5,0.175438596491228,158,1
365,"(1,13)",,True,22,"[1, 6, 13, 14, 2]",1,0.0,29,187,5,0.175438596491228,158,1
366,"(5,16)",,True,22,"[5, 16, 11, 10, 19]",1,0.0,27,187,5,0.245614035087719,160,1
367,"(5,16)",,True,22,"[5, 16, 11, 10, 19]",1,0.0,27,187,5,0.245614035087719,160,1
368,"(14,18)",,True,24,"[14, 18, 6, 5, 0]",1,0.0,25,187,5,0.245614035087719,162,1
369,"(14,18)",,True,24,"[14, 18, 6, 5, 0]",1,0.0,25,187,5,0.245614035087719,162,1
370,"(7,4)",,True,27,"[7, 12, 4, 18, 2]",1,0.0,23,187,5,0.25730994152046704,164,1
371,"(7,4)",,True,27,"[7, 12, 4, 18, 2]",1,0.0,23,187,5,0.25730994152046704,164,1
372,9:18,assassinate,True,19,"[16, 12, 15, 18, 9]",0,-0.001,21,187,5,0.22222222222222202,166,1
373,9:18,assassinate,True,19,"[16, 12, 15, 18, 9]",0,-0.001,21,187,5,0.22222222222222202,166,1
374,11:6,assassinate,True,17,"[4, 11, 14, 8, 18]",0,-0.001,19,187,5,0.321637426900584,168,1
375,11:6,assassinate,True,17,"[4, 11, 14, 8, 18]",0,-0.001,19,187,5,0.321637426900584,168,1
376,"(16,5)",,True,16,"[15, 16, 8, 0, 5]",1,0.0,17,187,5,0.283625730994152,170,1
377,"(16,5)",,True,16,"[15, 16, 8, 0, 5]",1,0.0,17,187,5,0.283625730994152,170,1
378,"(4,11)",,True,19,"[9, 5, 10, 4, 11]",1,0.0,15,187,5,0.277777777777777,172,1
379,"(4,11)",,True,19,"[9, 5, 10, 4, 11]",1,0.0,15,187,5,0.277777777777777,172,1
380,"(10,1)",,True,21,"[10, 15, 16, 17, 1]",1,0.0,13,187,6,0.32456140350877105,174,1
381,"(10,1)",,True,21,"[10, 15, 16, 17, 1]",1,0.0,13,187,6,0.32456140350877105,174,1
382,"(1,2)",,True,24,"[0, 10, 1, 17, 2]",1,0.0,11,187,7,0.30506822612085704,176,1
383,"(1,2)",,True,24,"[0, 10, 1, 17, 2]",1,0.0,11,187,7,0.30506822612085704,176,1
384,"(15,2)",,True,24,"[7, 16, 15, 2, 6]",1,0.0,9,187,6,0.21734892787524301,178,1
385,"(15,2)",,True,24,"[7, 16, 15, 2, 6]",1,0.0,9,187,6,0.21734892787524301,178,1
386,3:6,assassinate,True,23,"[3, 18, 17, 0, 2]",1,0.0,7,187,6,0.21189083820662702,180,1
387,3:6,assassinate,True,23,"[3, 18, 17, 0, 2]",1,0.0,7,187,6,0.21189083820662702,180,1
388,5:10,assassinate,True,19,"[5, 0, 17, 4, 6]",1,0.0,5,187,5,0.20175438596491202,182,1
389,5:10,assassinate,True,19,"[5, 0, 17, 4, 6]",1,0.0,5,187,5,0.20175438596491202,182,1
390,"(3,7)",,True,20,"[3, 8, 7, 10, 11]",1,0.0,3,187,5,0.14766081871345002,184,1
391,"(3,7)",,True,20,"[3, 8, 7, 10, 11]",1,0.0,3,187,5,0.14766081871345002,184,1
392,"(12,4)",,True,22,"[12, 10, 4, 0, 5]",1,0.0,1,187,5,0.17153996101364502,186,1
393,"(12,4)",,True,22,"[12, 10, 4, 0, 5]",1,0.0,1,187,5,0.17153996101364502,186,1
394,6:8,assassinate,True,18,"[2, 6, 12, 15, 18]",1,0.0,-1,187,5,0.21345029239766003,188,1
395,6:8,assassinate,True,18,"[2, 6, 12, 15, 18]",1,0.0,-1,187,5,0.21345029239766003,188,1
396,18:10,assassinate,True,14,"[5, 7, 8, 18, 9]",1,0.0,-3,187,4,0.228070175438596,190,1
397,18:10,assassinate,True,14,"[5, 7, 8, 18, 9]",1,0.0,-3,187,4,0.228070175438596,190,1
398,14:4,assassinate,True,13,"[10, 14, 19, 3, 6]",1,0.0,-5,187,4,0.16959064327485301,192,1
399,14:4,assassinate,True,13,"[10, 14, 19, 3, 6]",1,0.0,-5,187,4,0.16959064327485301,192,1
400,"(9,13)",,True,15,"[9, 10, 13, 16, 7]",2,0.026315789473684,-7,187,4,0.19590643274853803,194,1
401,"(9,13)",,True,15,"[9, 10, 13, 16, 7]",2,0.026315789473684,-7,187,4,0.19590643274853803,194,1
402,"(17,1)",,True,18,"[17, 0, 4, 1, 9]",4,0.06335282651072101,-9,187,5,0.22124756335282603,196,1
403,"(17,1)",,True,18,"[17, 0, 4, 1, 9]",4,0.06335282651072101,-9,187,5,0.22124756335282603,196,1
404,3:10,assassinate,True,15,"[3, 15, 7, 19, 14]",3,0.029239766081871003,-11,187,5,0.23976608187134502,198,1
405,3:10,assassinate,True,15,"[3, 15, 7, 19, 14]",3,0.029239766081871003,-11,187,5,0.23976608187134502,198,1
406,"(17,3)",,True,17,"[7, 17, 9, 3, 14]",3,0.029239766081871003,-13,187,5,0.25730994152046704,200,1
407,"(17,3)",,True,17,"[7, 17, 9, 3, 14]",3,0.029239766081871003,-13,187,5,0.25730994152046704,200,1
408,"(3,19)",,True,19,"[3, 8, 19, 17, 7]",4,0.065302144249512,-15,187,5,0.28557504873294304,202,1
409,"(3,19)",,True,19,"[3, 8, 19, 17, 7]",4,0.065302144249512,-15,187,5,0.28557504873294304,202,1
410,"(10,17)",,True,21,"[9, 10, 7, 17, 3]",4,0.065302144249512,-17,187,5,0.344054580896686,204,1
411,"(10,17)",,True,21,"[9, 10, 7, 17, 3]",4,0.065302144249512,-17,187,5,0.344054580896686,204,1
412,15:4,assassinate,True,21,"[18, 15, 7, 6, 2]",5,0.17348927875243603,-17,188,5,0.230019493177387,205,1
413,15:4,assassinate,True,21,"[18, 15, 7, 6, 2]",5,0.17348927875243603,-17,188,5,0.230019493177387,205,1
414,11:4,assassinate,True,20,"[10, 11, 2, 7, 13]",5,0.18421052631578902,-15,190,5,0.16666666666666602,205,1
415,11:4,assassinate,True,20,"[10, 11, 2, 7, 13]",5,0.18421052631578902,-15,190,5,0.16666666666666602,205,1
416,10:4,assassinate,True,19,"[6, 10, 11, 16, 8]",5,0.16374269005847902,-13,192,5,0.140350877192982,205,1
417,10:4,assassinate,True,19,"[6, 10, 11, 16, 8]",5,0.16374269005847902,-13,192,5,0.140350877192982,205,1
418,12:2,assassinate,True,19,"[12, 16, 15, 11, 18]",5,0.122807017543859,-11,194,5,0.09356725146198801,205,1
419,12:2,assassinate,True,19,"[12, 16, 15, 11, 18]",5,0.122807017543859,-11,194,5,0.09356725146198801,205,1
420,9:2,assassinate,True,19,"[3, 18, 11, 10, 9]",6,0.11500974658869301,-9,196,5,0.071150097465886,205,1
421,9:2,assassinate,True,19,"[3, 18, 11, 10, 9]",6,0.11500974658869301,-9,196,5,0.071150097465886,205,1
422,"(13,0)",,True,20,"[16, 13, 0, 10, 3]",5,0.153021442495126,-7,198,5,0.10477582846003801,205,1
423,"(13,0)",,True,20,"[16, 13, 0, 10, 3]",5,0.153021442495126,-7,198,5,0.10477582846003801,205,1
424,"(6,12)",,True,22,"[10, 6, 12, 5, 13]",5,0.12670565302144202,-5,200,5,0.11354775828460001,205,1
425,"(6,12)",,True,22,"[10, 6, 12, 5, 13]",5,0.12670565302144202,-5,200,5,0.11354775828460001,205,1
426,"(9,1)",,True,22,"[9, 7, 2, 8, 1]",5,0.150097465886939,-5,201,5,0.17348927875243603,206,1
427,"(9,1)",,True,22,"[9, 7, 2, 8, 1]",5,0.150097465886939,-5,201,5,0.17348927875243603,206,1
428,"(7,3)",,True,23,"[7, 3, 18, 12, 15]",5,0.22124756335282603,-3,203,5,0.14912280701754302,206,1
429,"(7,3)",,True,23,"[7, 3, 18, 12, 15]",5,0.22124756335282603,-3,203,5,0.14912280701754302,206,1
430,"(19,1)",,True,25,"[2, 6, 19, 12, 1]",6,0.20857699805068203,-3,204,6,0.225146198830409,207,1
431,"(19,1)",,True,25,"[2, 6, 19, 12, 1]",6,0.20857699805068203,-3,204,6,0.225146198830409,207,1
432,15:2,assassinate,True,25,"[15, 12, 7, 16, 2]",5,0.118908382066276,-3,205,6,0.16666666666666602,208,1
433,15:2,assassinate,True,25,"[15, 12, 7, 16, 2]",5,0.118908382066276,-3,205,6,0.16666666666666602,208,1
434,15:2,assassinate,True,26,"[5, 11, 15, 10, 6]",6,0.20662768031189002,-1,207,6,0.178362573099415,208,1
435,15:2,assassinate,True,26,"[5, 11, 15, 10, 6]",6,0.20662768031189002,-1,207,6,0.178362573099415,208,1
436,14:2,assassinate,True,27,"[14, 18, 9, 4, 17]",5,0.159844054580896,-1,208,6,0.19395711500974602,209,1
437,14:2,assassinate,True,27,"[14, 18, 9, 4, 17]",5,0.159844054580896,-1,208,6,0.19395711500974602,209,1
438,"(18,9)",,True,29,"[18, 9, 7, 15, 4]",6,0.269493177387914,-1,209,6,0.282163742690058,210,1
439,"(18,9)",,True,29,"[18, 9, 7, 15, 4]",6,0.269493177387914,-1,209,6,0.282163742690058,210,1
440,4:8,assassinate,True,24,"[4, 11, 19, 6, 14]",5,0.228070175438596,-1,210,4,0.275341130604288,211,1
441,4:8,assassinate,True,24,"[4, 11, 19, 6, 14]",5,0.228070175438596,-1,210,4,0.275341130604288,211,1
442,2:4,assassinate,True,23,"[12, 1, 4, 2, 10]",5,0.21442495126705602,-1,211,4,0.218810916179337,212,1
443,2:4,assassinate,True,23,"[12, 1, 4, 2, 10]",5,0.21442495126705602,-1,211,4,0.218810916179337,212,1
444,"(4,1)",,True,25,"[15, 4, 19, 1, 14]",5,0.194931773879142,-1,212,5,0.277777777777777,213,1
445,"(4,1)",,True,25,"[15, 4, 19, 1, 14]",5,0.194931773879142,-1,212,5,0.277777777777777,213,1
446,"(14,1)",,True,27,"[14, 6, 17, 18, 1]",6,0.258284600389863,-1,213,6,0.32943469785575,214,1
447,"(14,1)",,True,27,"[14, 6, 17, 18, 1]",6,0.258284600389863,-1,213,6,0.32943469785575,214,1
448,"(1,11)",,True,27,"[15, 5, 1, 11, 17]",6,0.240350877192982,-1,214,7,0.39766081871345005,215,1
449,"(1,11)",,True,27,"[15, 5, 1, 11, 17]",6,0.240350877192982,-1,214,7,0.39766081871345005,215,1
450,10:2,assassinate,True,25,"[11, 13, 10, 19, 12]",5,0.185769980506822,-3,214,7,0.380116959064327,217,1
451,10:2,assassinate,True,25,"[11, 13, 10, 19, 12]",5,0.185769980506822,-3,214,7,0.380116959064327,217,1
452,7:8,assassinate,True,22,"[4, 7, 12, 13, 5]",4,0.09064327485380101,-5,214,7,0.456140350877192,219,1
453,7:8,assassinate,True,22,"[4, 7, 12, 13, 5]",4,0.09064327485380101,-5,214,7,0.456140350877192,219,1
454,"(5,0)",,True,20,"[2, 6, 15, 5, 0]",3,0.008771929824561,-7,214,6,0.33333333333333304,221,1
455,"(5,0)",,True,20,"[2, 6, 15, 5, 0]",3,0.008771929824561,-7,214,6,0.33333333333333304,221,1
456,"(6,14)",,True,23,"[13, 15, 6, 14, 19]",3,0.008771929824561,-9,214,6,0.423976608187134,223,1
457,"(6,14)",,True,23,"[13, 15, 6, 14, 19]",3,0.008771929824561,-9,214,6,0.423976608187134,223,1
458,3:8,assassinate,True,21,"[2, 18, 3, 0, 4]",3,0.018518518518518,-11,214,6,0.307017543859649,225,1
459,3:8,assassinate,True,21,"[2, 18, 3, 0, 4]",3,0.018518518518518,-11,214,6,0.307017543859649,225,1
460,"(14,12)",,True,24,"[15, 18, 14, 5, 12]",3,0.045029239766081,-13,214,6,0.22378167641325503,227,1
461,"(14,12)",,True,24,"[15, 18, 14, 5, 12]",3,0.045029239766081,-13,214,6,0.22378167641325503,227,1
462,"(18,10)",,True,24,"[18, 10, 15, 8, 0]",3,0.057017543859649,-15,214,5,0.19883040935672502,229,1
463,"(18,10)",,True,24,"[18, 10, 15, 8, 0]",3,0.057017543859649,-15,214,5,0.19883040935672502,229,1
464,"(3,14)",,True,27,"[10, 3, 14, 7, 5]",3,0.057992202729044005,-17,214,5,0.20857699805068203,231,1
465,"(3,14)",,True,27,"[10, 3, 14, 7, 5]",3,0.057992202729044005,-17,214,5,0.20857699805068203,231,1
466,"(13,16)",,True,28,"[19, 8, 15, 13, 16]",5,0.19200779727095502,-17,215,5,0.22797270955165602,232,1
467,"(13,16)",,True,28,"[19, 8, 15, 13, 16]",5,0.19200779727095502,-17,215,5,0.22797270955165602,232,1
468,"(19,1)",,True,28,"[19, 12, 1, 18, 0]",5,0.19200779727095502,-17,216,5,0.22797270955165602,233,1
469,"(19,1)",,True,28,"[19, 12, 1, 18, 0]",5,0.19200779727095502,-17,216,5,0.22797270955165602,233,1
470,18:8,assassinate,True,25,"[0, 18, 10, 5, 2]",5,0.190058479532163,-17,217,5,0.21442495126705602,234,1
471,18:8,assassinate,True,25,"[0, 18, 10, 5, 2]",5,0.190058479532163,-17,217,5,0.21442495126705602,234,1
472,12:10,assassinate,True,19,"[13, 8, 12, 11, 17]",4,0.16569200779727,-17,218,4,0.200779727095516,235,1
473,12:10,assassinate,True,19,"[13, 8, 12, 11, 17]",4,0.16569200779727,-17,218,4,0.200779727095516,235,1
474,"(3,18)",,True,22,"[3, 18, 15, 2, 0]",4,0.242884990253411,-15,220,4,0.242884990253411,235,1
475,"(3,18)",,True,22,"[3, 18, 15, 2, 0]",4,0.242884990253411,-15,220,4,0.242884990253411,235,1
476,7:6,assassinate,True,20,"[12, 8, 19, 7, 0]",4,0.197855750487329,-13,222,4,0.147173489278752,235,1
477,7:6,assassinate,True,20,"[12, 8, 19, 7, 0]",4,0.197855750487329,-13,222,4,0.147173489278752,235,1
478,15:4,assassinate,True,20,"[4, 8, 15, 0, 10]",4,0.13645224171539902,-11,224,4,0.11208576998050601,235,1
479,15:4,assassinate,True,20,"[4, 8, 15, 0, 10]",4,0.13645224171539902,-11,224,4,0.11208576998050601,235,1
480,"(19,12)",,True,22,"[10, 11, 19, 12, 8]",4,0.19200779727095502,-11,225,4,0.21734892787524301,236,1
481,"(19,12)",,True,22,"[10, 11, 19, 12, 8]",4,0.19200779727095502,-11,225,4,0.21734892787524301,236,1
482,"(14,4)",,True,24,"[14, 18, 4, 13, 6]",4,0.074074074074074,-13,225,4,0.16520467836257302,238,1
483,"(14,4)",,True,24,"[14, 18, 4, 13, 6]",4,0.074074074074074,-13,225,4,0.16520467836257302,238,1
484,"(1,8)",,True,24,"[1, 8, 9, 7, 10]",4,0.10428849902534101,-15,225,5,0.260721247563352,240,1
485,"(1,8)",,True,24,"[1, 8, 9, 7, 10]",4,0.10428849902534101,-15,225,5,0.260721247563352,240,1
486,11:4,assassinate,True,23,"[3, 15, 5, 1, 11]",4,0.101364522417153,-17,225,5,0.232943469785575,242,1
487,11:4,assassinate,True,23,"[3, 15, 5, 1, 11]",4,0.101364522417153,-17,225,5,0.232943469785575,242,1
488,12:6,assassinate,True,19,"[9, 5, 12, 0, 2]",4,0.100389863547758,-19,225,4,0.207602339181286,244,1
489,12:6,assassinate,True,19,"[9, 5, 12, 0, 2]",4,0.100389863547758,-19,225,4,0.207602339181286,244,1
490,"(12,9)",,True,21,"[8, 3, 14, 12, 9]",4,0.12124756335282601,-21,225,4,0.20721247563352801,246,1
491,"(12,9)",,True,21,"[8, 3, 14, 12, 9]",4,0.12124756335282601,-21,225,4,0.20721247563352801,246,1
492,"(2,8)",,True,23,"[2, 11, 14, 12, 8]",4,0.13430799220272902,-23,225,4,0.19220272904483401,248,1
493,"(2,8)",,True,23,"[2, 11, 14, 12, 8]",4,0.13430799220272902,-23,225,4,0.19220272904483401,248,1
494,16:10,assassinate,True,17,"[0, 9, 2, 13, 16]",3,0.15204678362573001,-23,226,3,0.277777777777777,249,1
495,16:10,assassinate,True,17,"[0, 9, 2, 13, 16]",3,0.15204678362573001,-23,226,3,0.277777777777777,249,1
496,"(11,6)",,True,18,"[11, 6, 15, 0, 16]",3,0.16374269005847902,-25,226,3,0.27485380116959,251,1
497,"(11,6)",,True,18,"[11, 6, 15, 0, 16]",3,0.16374269005847902,-25,226,3,0.27485380116959,251,1
498,"(4,15)",,True,20,"[13, 4, 19, 15, 16]",3,0.13157894736842102,-27,226,3,0.28947368421052605,253,1
499,"(4,15)",,True,20,"[13, 4, 19, 15, 16]",3,0.13157894736842102,-27,226,3,0.28947368421052605,253,1
500,5:6,assassinate,True,19,"[19, 18, 0, 17, 5]",3,0.11500974658869301,-29,226,3,0.223196881091617,255,1
501,5:6,assassinate,True,19,"[19, 18, 0, 17, 5]",3,0.11500974658869301,-29,226,3,0.223196881091617,255,1
502,17:6,assassinate,True,18,"[7, 15, 6, 17, 4]",2,0.08187134502923901,-31,226,3,0.177387914230019,257,1
503,17:6,assassinate,True,18,"[7, 15, 6, 17, 4]",2,0.08187134502923901,-31,226,3,0.177387914230019,257,1
504,6:6,assassinate,True,15,"[13, 8, 15, 3, 6]",2,0.070175438596491,-33,226,3,0.245614035087719,259,1
505,6:6,assassinate,True,15,"[13, 8, 15, 3, 6]",2,0.070175438596491,-33,226,3,0.245614035087719,259,1
506,"(16,9)",,True,17,"[16, 15, 13, 9, 7]",2,0.07602339181286501,-33,227,3,0.109161793372319,260,1
507,"(16,9)",,True,17,"[16, 15, 13, 9, 7]",2,0.07602339181286501,-33,227,3,0.109161793372319,260,1
508,4:6,assassinate,True,16,"[15, 18, 14, 4, 12]",3,0.10721247563352801,-31,229,3,0.06822612085769901,260,1
509,4:6,assassinate,True,16,"[15, 18, 14, 4, 12]",3,0.10721247563352801,-31,229,3,0.06822612085769901,260,1
510,"(12,1)",,True,18,"[18, 2, 12, 0, 1]",3,0.11111111111111101,-31,230,4,0.130604288499025,261,1
511,"(12,1)",,True,18,"[18, 2, 12, 0, 1]",3,0.11111111111111101,-31,230,4,0.130604288499025,261,1
512,4:2,assassinate,True,18,"[7, 4, 2, 9, 12]",3,0.11111111111111101,-31,231,4,0.130604288499025,262,1
513,4:2,assassinate,True,18,"[7, 4, 2, 9, 12]",3,0.11111111111111101,-31,231,4,0.130604288499025,262,1
514,2:6,assassinate,True,16,"[15, 17, 14, 13, 2]",4,0.183235867446393,-29,233,4,0.138401559454191,262,1
515,2:6,assassinate,True,16,"[15, 17, 14, 13, 2]",4,0.183235867446393,-29,233,4,0.138401559454191,262,1
516,"(6,9)",,True,19,"[6, 9, 15, 5, 12]",4,0.218323586744639,-27,235,4,0.182261208576998,262,1
517,"(6,9)",,True,19,"[6, 9, 15, 5, 12]",4,0.218323586744639,-27,235,4,0.182261208576998,262,1
518,19:4,assassinate,True,18,"[7, 9, 16, 19, 5]",3,0.130604288499025,-27,236,4,0.16179337231968802,263,1
519,19:4,assassinate,True,18,"[7, 9, 16, 19, 5]",3,0.130604288499025,-27,236,4,0.16179337231968802,263,1
520,"(4,8)",,True,20,"[4, 8, 0, 10, 14]",4,0.228070175438596,-25,238,4,0.19883040935672502,263,1
521,"(4,8)",,True,20,"[4, 8, 0, 10, 14]",4,0.228070175438596,-25,238,4,0.19883040935672502,263,1
522,3:12,assassinate,True,16,"[3, 17, 16, 8, 1]",3,0.14619883040935602,-25,239,4,0.245614035087719,264,1
523,3:12,assassinate,True,16,"[3, 17, 16, 8, 1]",3,0.14619883040935602,-25,239,4,0.245614035087719,264,1
524,"(19,14)",,True,19,"[19, 14, 16, 6, 17]",3,0.157894736842105,-23,241,4,0.09941520467836201,264,1
525,"(19,14)",,True,19,"[19, 14, 16, 6, 17]",3,0.157894736842105,-23,241,4,0.09941520467836201,264,1
526,"(1,15)",,True,20,"[6, 0, 1, 15, 5]",3,0.10233918128654901,-23,242,5,0.14619883040935602,265,1
527,"(1,15)",,True,20,"[6, 0, 1, 15, 5]",3,0.10233918128654901,-23,242,5,0.14619883040935602,265,1
528,11:12,assassinate,True,12,"[0, 6, 4, 11, 10]",2,0.005847953216374001,-23,243,3,0.09356725146198801,266,1
529,11:12,assassinate,True,12,"[0, 6, 4, 11, 10]",2,0.005847953216374001,-23,243,3,0.09356725146198801,266,1
530,"(1,4)",,True,15,"[1, 5, 4, 14, 13]",2,0.070175438596491,-23,244,4,0.15204678362573001,267,1
531,"(1,4)",,True,15,"[1, 5, 4, 14, 13]",2,0.070175438596491,-23,244,4,0.15204678362573001,267,1
532,"(3,11)",,True,15,"[3, 11, 12, 0, 10]",2,0.05847953216374201,-21,246,3,0.023391812865497002,267,1
533,"(3,11)",,True,15,"[3, 11, 12, 0, 10]",2,0.05847953216374201,-21,246,3,0.023391812865497002,267,1
534,"(15,1)",,True,17,"[9, 19, 15, 0, 1]",2,0.017543859649122,-21,247,4,0.18128654970760202,268,1
535,"(15,1)",,True,17,"[9, 19, 15, 0, 1]",2,0.017543859649122,-21,247,4,0.18128654970760202,268,1
536,"(1,4)",,True,19,"[16, 1, 4, 8, 13]",2,0.008771929824561,-23,247,5,0.25730994152046704,270,1
537,"(1,4)",,True,19,"[16, 1, 4, 8, 13]",2,0.008771929824561,-23,247,5,0.25730994152046704,270,1
538,"(9,14)",,True,20,"[6, 7, 13, 9, 14]",4,0.143274853801169,-25,247,5,0.34892787524366403,272,1
539,"(9,14)",,True,20,"[6, 7, 13, 9, 14]",4,0.143274853801169,-25,247,5,0.34892787524366403,272,1
540,"(4,6)",,True,22,"[4, 10, 6, 8, 9]",4,0.15204678362573001,-27,247,5,0.297270955165691,274,1
541,"(4,6)",,True,22,"[4, 10, 6, 8, 9]",4,0.15204678362573001,-27,247,5,0.297270955165691,274,1
542,"(5,0)",,True,22,"[19, 11, 5, 2, 0]",3,0.10721247563352801,-29,247,5,0.296296296296296,276,1
543,"(5,0)",,True,22,"[19, 11, 5, 2, 0]",3,0.10721247563352801,-29,247,5,0.296296296296296,276,1
544,19:8,assassinate,True,20,"[19, 11, 14, 10, 0]",3,0.101364522417153,-31,247,5,0.25341130604288503,278,1
545,19:8,assassinate,True,20,"[19, 11, 14, 10, 0]",3,0.101364522417153,-31,247,5,0.25341130604288503,278,1
546,"(18,8)",,True,22,"[18, 8, 5, 9, 3]",3,0.106237816764132,-33,247,5,0.23099415204678303,280,1
547,"(18,8)",,True,22,"[18, 8, 5, 9, 3]",3,0.106237816764132,-33,247,5,0.23099415204678303,280,1
548,3:4,assassinate,True,19,"[13, 3, 9, 5, 16]",3,0.10428849902534101,-35,247,4,0.21734892787524301,282,1
549,3:4,assassinate,True,19,"[13, 3, 9, 5, 16]",3,0.10428849902534101,-35,247,4,0.21734892787524301,282,1
550,"(8,4)",,True,20,"[8, 4, 6, 2, 5]",3,0.10985797827903,-37,247,4,0.180172653856864,284,1
551,"(8,4)",,True,20,"[8, 4, 6, 2, 5]",3,0.10985797827903,-37,247,4,0.180172653856864,284,1
552,"(9,6)",,True,20,"[11, 9, 6, 8, 19]",3,0.183235867446393,-39,247,4,0.27875243664717303,286,1
553,"(9,6)",,True,20,"[11, 9, 6, 8, 19]",3,0.183235867446393,-39,247,4,0.27875243664717303,286,1
554,"(4,6)",,True,21,"[4, 2, 13, 10, 6]",5,0.28996101364522403,-39,248,4,0.307017543859649,287,1
555,"(4,6)",,True,21,"[4, 2, 13, 10, 6]",5,0.28996101364522403,-39,248,4,0.307017543859649,287,1
556,"(1,3)",,True,23,"[1, 3, 8, 13, 5]",6,0.17982456140350803,-39,249,5,0.354775828460038,288,1
557,"(1,3)",,True,23,"[1, 3, 8, 13, 5]",6,0.17982456140350803,-39,249,5,0.354775828460038,288,1
558,2:4,assassinate,True,23,"[7, 2, 10, 14, 5]",7,0.19346978557504801,-39,250,5,0.290448343079922,289,1
559,2:4,assassinate,True,23,"[7, 2, 10, 14, 5]",7,0.19346978557504801,-39,250,5,0.290448343079922,289,1
560,13:4,assassinate,True,22,"[7, 13, 0, 3, 5]",7,0.180311890838206,-41,250,5,0.273879142300194,291,1
561,13:4,assassinate,True,22,"[7, 13, 0, 3, 5]",7,0.180311890838206,-41,250,5,0.273879142300194,291,1
562,9:6,assassinate,True,20,"[8, 3, 4, 6, 9]",7,0.22417153996101302,-39,252,4,0.15399610136452202,291,1
563,9:6,assassinate,True,20,"[8, 3, 4, 6, 9]",7,0.22417153996101302,-39,252,4,0.15399610136452202,291,1
564,"(1,9)",,True,22,"[4, 1, 9, 12, 11]",7,0.28557504873294304,-37,254,5,0.259259259259259,291,1
565,"(1,9)",,True,22,"[4, 1, 9, 12, 11]",7,0.28557504873294304,-37,254,5,0.259259259259259,291,1
566,16:4,assassinate,True,21,"[14, 3, 11, 16, 8]",7,0.27972709551656905,-35,256,5,0.20370370370370303,291,1
567,16:4,assassinate,True,21,"[14, 3, 11, 16, 8]",7,0.27972709551656905,-35,256,5,0.20370370370370303,291,1
568,11:6,assassinate,True,19,"[17, 19, 11, 10, 3]",6,0.232943469785575,-33,258,5,0.18615984405458003,291,1
569,11:6,assassinate,True,19,"[17, 19, 11, 10, 3]",6,0.232943469785575,-33,258,5,0.18615984405458003,291,1
570,"(11,1)",,True,21,"[11, 15, 1, 12, 4]",6,0.256335282651072,-31,260,6,0.21949317738791402,291,1
571,"(11,1)",,True,21,"[11, 15, 1, 12, 4]",6,0.256335282651072,-31,260,6,0.21949317738791402,291,1
572,"(1,6)",,True,24,"[15, 1, 13, 18, 6]",6,0.25341130604288503,-29,262,7,0.23703703703703602,291,1
573,"(1,6)",,True,24,"[15, 1, 13, 18, 6]",6,0.25341130604288503,-29,262,7,0.23703703703703602,291,1
574,7:8,assassinate,True,22,"[11, 7, 1, 2, 12]",7,0.24756335282651,-27,264,7,0.240545808966861,291,1
575,7:8,assassinate,True,22,"[11, 7, 1, 2, 12]",7,0.24756335282651,-27,264,7,0.240545808966861,291,1
576,5:8,assassinate,True,16,"[8, 2, 6, 18, 5]",6,0.14424951267056502,-27,265,5,0.215399610136452,292,1
577,5:8,assassinate,True,16,"[8, 2, 6, 18, 5]",6,0.14424951267056502,-27,265,5,0.215399610136452,292,1
578,12:2,assassinate,True,16,"[14, 2, 6, 11, 12]",5,0.08576998050682201,-27,266,5,0.110136452241715,293,1
579,12:2,assassinate,True,16,"[14, 2, 6, 11, 12]",5,0.08576998050682201,-27,266,5,0.110136452241715,293,1
580,5:2,assassinate,True,16,"[3, 11, 12, 2, 5]",5,0.08576998050682201,-27,267,5,0.110136452241715,294,1
581,5:2,assassinate,True,16,"[3, 11, 12, 2, 5]",5,0.08576998050682201,-27,267,5,0.110136452241715,294,1
582,"(7,17)",,True,18,"[7, 17, 10, 16, 2]",5,0.08576998050682201,-29,267,5,0.110136452241715,296,1
583,"(7,17)",,True,18,"[7, 17, 10, 16, 2]",5,0.08576998050682201,-29,267,5,0.110136452241715,296,1
584,4:8,assassinate,True,15,"[14, 6, 18, 4, 9]",4,0.069200779727095,-31,267,4,0.10428849902534101,298,1
585,4:8,assassinate,True,15,"[14, 6, 18, 4, 9]",4,0.069200779727095,-31,267,4,0.10428849902534101,298,1
586,19:2,assassinate,True,13,"[6, 15, 19, 10, 8]",3,0.023391812865497002,-31,268,3,0.05847953216374201,299,1
587,19:2,assassinate,True,13,"[6, 15, 19, 10, 8]",3,0.023391812865497002,-31,268,3,0.05847953216374201,299,1
588,"(17,1)",,True,15,"[9, 17, 6, 7, 1]",4,0.049707602339181006,-31,269,4,0.13157894736842102,300,1
589,"(17,1)",,True,15,"[9, 17, 6, 7, 1]",4,0.049707602339181006,-31,269,4,0.13157894736842102,300,1
590,"(8,17)",,True,15,"[8, 6, 17, 16, 3]",4,0.038011695906432004,-33,269,4,0.178362573099415,302,1
591,"(8,17)",,True,15,"[8, 6, 17, 16, 3]",4,0.038011695906432004,-33,269,4,0.178362573099415,302,1
592,"(2,1)",,True,17,"[2, 11, 1, 17, 5]",4,0.043859649122807,-35,269,5,0.18274853801169502,304,1
593,"(2,1)",,True,17,"[2, 11, 1, 17, 5]",4,0.043859649122807,-35,269,5,0.18274853801169502,304,1
594,"(1,18)",,True,17,"[14, 5, 7, 1, 18]",4,0.032163742690058006,-35,270,5,0.19590643274853803,305,1
595,"(1,18)",,True,17,"[14, 5, 7, 1, 18]",4,0.032163742690058006,-35,270,5,0.19590643274853803,305,1
596,15:6,assassinate,True,13,"[0, 18, 4, 5, 15]",3,0.06432748538011601,-37,270,4,0.210526315789473,307,1
597,15:6,assassinate,True,13,"[0, 18, 4, 5, 15]",3,0.06432748538011601,-37,270,4,0.210526315789473,307,1
598,"(19,15)",,True,14,"[19, 15, 10, 14, 11]",3,0.05847953216374201,-39,270,4,0.08187134502923901,309,1
599,"(19,15)",,True,14,"[19, 15, 10, 14, 11]",3,0.05847953216374201,-39,270,4,0.08187134502923901,309,1
600,6:2,assassinate,True,14,"[19, 7, 6, 13, 9]",2,0.005847953216374001,-41,270,4,0.06432748538011601,311,1
601,6:2,assassinate,True,14,"[19, 7, 6, 13, 9]",2,0.005847953216374001,-41,270,4,0.06432748538011601,311,1
602,"(13,17)",,True,16,"[12, 13, 15, 16, 17]",2,0.005847953216374001,-43,270,4,0.09941520467836201,313,1
603,"(13,17)",,True,16,"[12, 13, 15, 16, 17]",2,0.005847953216374001,-43,270,4,0.09941520467836201,313,1
604,"(6,13)",,True,16,"[0, 6, 5, 13, 8]",2,0.005847953216374001,-45,270,4,0.087719298245614,315,1
605,"(6,13)",,True,16,"[0, 6, 5, 13, 8]",2,0.005847953216374001,-45,270,4,0.087719298245614,315,1
606,19:4,assassinate,True,16,"[11, 18, 19, 16, 14]",3,0.134502923976608,-43,272,4,0.087719298245614,315,1
607,19:4,assassinate,True,16,"[11, 18, 19, 16, 14]",3,0.134502923976608,-43,272,4,0.087719298245614,315,1
608,17:6,assassinate,True,15,"[16, 7, 6, 14, 17]",5,0.154970760233918,-41,274,4,0.032163742690058006,315,1
609,17:6,assassinate,True,15,"[16, 7, 6, 14, 17]",5,0.154970760233918,-41,274,4,0.032163742690058006,315,1
610,10:4,assassinate,True,14,"[5, 10, 4, 7, 6]",4,0.061403508771929,-39,276,4,0.032163742690058006,315,1
611,10:4,assassinate,True,14,"[5, 10, 4, 7, 6]",4,0.061403508771929,-39,276,4,0.032163742690058006,315,1
612,"(3,2)",,True,14,"[5, 3, 6, 2, 18]",4,0.05847953216374201,-37,278,4,0.052631578947368,315,1
613,"(3,2)",,True,14,"[5, 3, 6, 2, 18]",4,0.05847953216374201,-37,278,4,0.052631578947368,315,1
614,"(6,2)",,True,17,"[6, 17, 12, 2, 11]",4,0.140350877192982,-37,279,4,0.20467836257309902,316,1
615,"(6,2)",,True,17,"[6, 17, 12, 2, 11]",4,0.140350877192982,-37,279,4,0.20467836257309902,316,1
616,"(2,16)",,True,18,"[5, 4, 6, 2, 16]",4,0.130604288499025,-37,280,3,0.16569200779727,317,1
617,"(2,16)",,True,18,"[5, 4, 6, 2, 16]",4,0.130604288499025,-37,280,3,0.16569200779727,317,1
618,8:6,assassinate,True,16,"[1, 7, 12, 4, 8]",3,0.160818713450292,-37,281,3,0.33625730994152003,318,1
619,8:6,assassinate,True,16,"[1, 7, 12, 4, 8]",3,0.160818713450292,-37,281,3,0.33625730994152003,318,1
620,4:4,assassinate,True,15,"[16, 13, 6, 17, 4]",2,0.008771929824561,-39,281,3,0.242690058479532,320,1
621,4:4,assassinate,True,15,"[16, 13, 6, 17, 4]",2,0.008771929824561,-39,281,3,0.242690058479532,320,1
622,"(15,18)",,True,15,"[4, 15, 18, 16, 7]",2,0.008771929824561,-41,281,3,0.242690058479532,322,1
623,"(15,18)",,True,15,"[4, 15, 18, 16, 7]",2,0.008771929824561,-41,281,3,0.242690058479532,322,1
624,"(16,15)",,True,14,"[6, 1, 16, 15, 0]",2,0.043859649122807,-43,281,3,0.25438596491228,324,1
625,"(16,15)",,True,14,"[6, 1, 16, 15, 0]",2,0.043859649122807,-43,281,3,0.25438596491228,324,1
626,"(3,2)",,True,15,"[3, 15, 2, 6, 9]",2,0.038986354775828,-45,281,3,0.20467836257309902,326,1
627,"(3,2)",,True,15,"[3, 15, 2, 6, 9]",2,0.038986354775828,-45,281,3,0.20467836257309902,326,1
628,14:6,assassinate,True,13,"[8, 14, 11, 7, 10]",2,0.029239766081871003,-47,281,3,0.21637426900584703,328,1
629,14:6,assassinate,True,13,"[8, 14, 11, 7, 10]",2,0.029239766081871003,-47,281,3,0.21637426900584703,328,1
630,"(1,19)",,True,15,"[16, 1, 19, 12, 0]",2,0.029239766081871003,-49,281,4,0.14619883040935602,330,1
631,"(1,19)",,True,15,"[16, 1, 19, 12, 0]",2,0.029239766081871003,-49,281,4,0.14619883040935602,330,1
632,"(14,18)",,True,18,"[14, 18, 9, 6, 8]",2,0.0,-51,281,4,0.09356725146198801,332,1
633,"(14,18)",,True,18,"[14, 18, 9, 6, 8]",2,0.0,-51,281,4,0.09356725146198801,332,1
634,3:12,assassinate,True,14,"[3, 12, 11, 7, 6]",1,0.0,-53,281,3,0.21345029239766003,334,1
635,3:12,assassinate,True,14,"[3, 12, 11, 7, 6]",1,0.0,-53,281,3,0.21345029239766003,334,1
636,2:6,assassinate,True,11,"[3, 10, 11, 13, 2]",1,0.0,-55,281,2,0.09356725146198801,336,1
637,2:6,assassinate,True,11,"[3, 10, 11, 13, 2]",1,0.0,-55,281,2,0.09356725146198801,336,1
638,"(8,11)",,True,13,"[8, 11, 17, 13, 16]",1,0.0,-57,281,2,0.105263157894736,338,1
639,"(8,11)",,True,13,"[8, 11, 17, 13, 16]",1,0.0,-57,281,2,0.105263157894736,338,1
640,"(4,16)",,True,15,"[4, 5, 2, 16, 0]",1,0.0,-59,281,2,0.11695906432748501,340,1
641,"(4,16)",,True,15,"[4, 5, 2, 16, 0]",1,0.0,-59,281,2,0.11695906432748501,340,1
642,"(16,9)",,True,15,"[16, 17, 9, 0, 8]",1,0.0,-61,281,2,0.06432748538011601,342,1
643,"(16,9)",,True,15,"[16, 17, 9, 0, 8]",1,0.0,-61,281,2,0.06432748538011601,342,1
644,"(5,1)",,True,17,"[9, 4, 15, 5, 1]",2,0.15204678362573001,-61,282,3,0.157894736842105,343,1
645,"(5,1)",,True,17,"[9, 4, 15, 5, 1]",2,0.15204678362573001,-61,282,3,0.157894736842105,343,1
646,13:6,assassinate,True,16,"[16, 15, 6, 12, 13]",4,0.23976608187134502,-59,284,3,0.14619883040935602,343,1
647,13:6,assassinate,True,16,"[16, 15, 6, 12, 13]",4,0.23976608187134502,-59,284,3,0.14619883040935602,343,1
648,"(14,0)",,True,16,"[14, 0, 9, 16, 1]",3,0.16374269005847902,-57,286,3,0.134502923976608,343,1
649,"(14,0)",,True,16,"[14, 0, 9, 16, 1]",3,0.16374269005847902,-57,286,3,0.134502923976608,343,1
650,2:6,assassinate,True,15,"[1, 2, 4, 5, 3]",2,0.042884990253411005,-57,287,3,0.11111111111111101,344,1
651,2:6,assassinate,True,15,"[1, 2, 4, 5, 3]",2,0.042884990253411005,-57,287,3,0.11111111111111101,344,1
652,9:6,assassinate,True,10,"[19, 12, 10, 5, 9]",1,0.0,-55,289,0,-0.001,344,1
653,9:6,assassinate,True,10,"[19, 12, 10, 5, 9]",1,0.0,-55,289,0,-0.001,344,1
654,"(14,5)",,True,12,"[14, 0, 5, 8, 6]",1,0.0,-53,291,0,-0.001,344,1
655,"(14,5)",,True,12,"[14, 0, 5, 8, 6]",1,0.0,-53,291,0,-0.001,344,1
656,7:6,assassinate,True,10,"[6, 7, 8, 12, 19]",2,0.105263157894736,-51,293,0,-0.001,344,1
657,7:6,assassinate,True,10,"[6, 7, 8, 12, 19]",2,0.105263157894736,-51,293,0,-0.001,344,1
658,"(11,18)",,True,13,"[9, 6, 1, 11, 18]",2,0.0,-50,294,1,0.0,344,1
659,"(11,18)",,True,13,"[9, 6, 1, 11, 18]",2,0.0,-50,294,1,0.0,344,1
660,"(15,10)",,True,13,"[15, 3, 0, 2, 10]",2,0.087719298245614,-48,296,1,0.0,344,1
661,"(15,10)",,True,13,"[15, 3, 0, 2, 10]",2,0.087719298245614,-48,296,1,0.0,344,1
662,18:6,assassinate,True,11,"[5, 8, 12, 18, 9]",1,0.0,-47,297,1,0.0,344,1
663,18:6,assassinate,True,11,"[5, 8, 12, 18, 9]",1,0.0,-47,297,1,0.0,344,1
664,"(12,15)",,True,13,"[12, 15, 17, 19, 7]",1,0.0,-47,297,1,0.0,344,1
665,"(12,15)",,True,13,"[12, 15, 17, 19, 7]",1,0.0,-47,297,1,0.0,344,1
666,"(9,7)",,True,15,"[9, 7, 2, 10, 4]",1,0.0,-47,297,1,0.0,344,1
667,"(9,7)",,True,15,"[9, 7, 2, 10, 4]",1,0.0,-47,297,1,0.0,344,1
668,"(1,3)",,True,17,"[0, 1, 3, 16, 17]",1,0.0,-48,297,2,0.08187134502923901,345,1
669,"(1,3)",,True,17,"[0, 1, 3, 16, 17]",1,0.0,-48,297,2,0.08187134502923901,345,1
670,"(13,1)",,True,19,"[0, 13, 5, 6, 1]",1,0.0,-50,297,3,0.16959064327485301,347,1
671,"(13,1)",,True,19,"[0, 13, 5, 6, 1]",1,0.0,-50,297,3,0.16959064327485301,347,1
672,12:4,assassinate,True,18,"[16, 7, 12, 6, 19]",1,0.0,-52,297,3,0.157894736842105,349,1
673,12:4,assassinate,True,18,"[16, 7, 12, 6, 19]",1,0.0,-52,297,3,0.157894736842105,349,1
674,11:14,assassinate,True,13,"[11, 2, 4, 7, 13]",2,0.008771929824561,-52,298,3,0.038011695906432004,350,1
675,11:14,assassinate,True,13,"[11, 2, 4, 7, 13]",2,0.008771929824561,-52,298,3,0.038011695906432004,350,1
676,3:4,assassinate,True,10,"[12, 1, 13, 18, 3]",1,0.0,-51,299,1,0.0,350,1
677,3:4,assassinate,True,10,"[12, 1, 13, 18, 3]",1,0.0,-51,299,1,0.0,350,1
678,7:4,assassinate,True,10,"[7, 13, 15, 14, 19]",3,0.11111111111111101,-49,301,1,0.0,350,1
679,7:4,assassinate,True,10,"[7, 13, 15, 14, 19]",3,0.11111111111111101,-49,301,1,0.0,350,1
680,16:6,assassinate,True,8,"[16, 9, 7, 3, 4]",2,0.029239766081871003,-48,302,2,0.029239766081871003,350,1
681,16:6,assassinate,True,8,"[16, 9, 7, 3, 4]",2,0.029239766081871003,-48,302,2,0.029239766081871003,350,1
682,9:2,assassinate,True,8,"[9, 7, 12, 8, 14]",1,0.0,-48,303,2,0.005847953216374001,351,1
683,9:2,assassinate,True,8,"[9, 7, 12, 8, 14]",1,0.0,-48,303,2,0.005847953216374001,351,1
684,"(9,14)",,True,10,"[9, 14, 3, 17, 18]",1,0.0,-50,303,2,0.005847953216374001,353,1
685,"(9,14)",,True,10,"[9, 14, 3, 17, 18]",1,0.0,-50,303,2,0.005847953216374001,353,1
686,"(1,6)",,True,12,"[19, 1, 6, 5, 11]",1,0.0,-52,303,3,0.122807017543859,355,1
687,"(1,6)",,True,12,"[19, 1, 6, 5, 11]",1,0.0,-52,303,3,0.122807017543859,355,1
688,"(14,17)",,True,12,"[13, 10, 14, 9, 17]",1,0.0,-54,303,2,0.20467836257309902,357,1
689,"(14,17)",,True,12,"[13, 10, 14, 9, 17]",1,0.0,-54,303,2,0.20467836257309902,357,1
690,"(15,8)",,True,12,"[10, 19, 15, 4, 8]",1,0.0,-56,303,2,0.18713450292397601,359,1
691,"(15,8)",,True,12,"[10, 19, 15, 4, 8]",1,0.0,-56,303,2,0.18713450292397601,359,1
692,"(6,13)",,True,12,"[6, 1, 8, 3, 13]",1,0.0,-57,303,2,0.18713450292397601,360,1
693,"(6,13)",,True,12,"[6, 1, 8, 3, 13]",1,0.0,-57,303,2,0.18713450292397601,360,1
694,10:6,assassinate,True,10,"[8, 15, 10, 16, 12]",1,0.0,-57,304,2,0.052631578947368,361,1
695,10:6,assassinate,True,10,"[8, 15, 10, 16, 12]",1,0.0,-57,304,2,0.052631578947368,361,1
696,"(6,10)",,True,10,"[6, 10, 11, 5, 19]",1,0.0,-59,304,2,0.052631578947368,363,1
697,"(6,10)",,True,10,"[6, 10, 11, 5, 19]",1,0.0,-59,304,2,0.052631578947368,363,1
698,"(1,3)",,True,12,"[4, 1, 3, 6, 17]",1,0.0,-61,304,3,0.11111111111111101,365,1
699,"(1,3)",,True,12,"[4, 1, 3, 6, 17]",1,0.0,-61,304,3,0.11111111111111101,365,1
700,"(3,8)",,True,14,"[14, 3, 8, 13, 9]",1,0.0,-63,304,3,0.11695906432748501,367,1
701,"(3,8)",,True,14,"[14, 3, 8, 13, 9]",1,0.0,-63,304,3,0.11695906432748501,367,1
702,"(6,4)",,True,16,"[6, 8, 4, 19, 2]",2,0.005847953216374001,-65,304,3,0.11695906432748501,369,1
703,"(6,4)",,True,16,"[6, 8, 4, 19, 2]",2,0.005847953216374001,-65,304,3,0.11695906432748501,369,1
704,8:6,assassinate,True,15,"[2, 10, 8, 12, 11]",2,0.005847953216374001,-67,304,3,0.05847953216374201,371,1
705,8:6,assassinate,True,15,"[2, 10, 8, 12, 11]",2,0.005847953216374001,-67,304,3,0.05847953216374201,371,1
706,"(1,16)",,True,17,"[1, 9, 16, 10, 5]",3,0.07602339181286501,-67,305,4,0.134502923976608,372,1
707,"(1,16)",,True,17,"[1, 9, 16, 10, 5]",3,0.07602339181286501,-67,305,4,0.134502923976608,372,1
708,"(18,1)",,True,17,"[18, 15, 1, 11, 0]",3,0.08187134502923901,-69,305,4,0.210526315789473,374,1
709,"(18,1)",,True,17,"[18, 15, 1, 11, 0]",3,0.08187134502923901,-69,305,4,0.210526315789473,374,1
710,"(8,13)",,True,19,"[5, 17, 8, 13, 9]",3,0.087719298245614,-71,305,4,0.16959064327485301,376,1
711,"(8,13)",,True,19,"[5, 17, 8, 13, 9]",3,0.087719298245614,-71,305,4,0.16959064327485301,376,1
712,"(1,12)",,True,21,"[1, 12, 0, 15, 10]",3,0.09941520467836201,-73,305,5,0.345029239766081,378,1
713,"(1,12)",,True,21,"[1, 12, 0, 15, 10]",3,0.09941520467836201,-73,305,5,0.345029239766081,378,1
714,"(14,1)",,True,24,"[14, 2, 1, 7, 8]",5,0.183235867446393,-75,305,6,0.306042884990253,380,1
715,"(14,1)",,True,24,"[14, 2, 1, 7, 8]",5,0.183235867446393,-75,305,6,0.306042884990253,380,1
716,"(15,1)",,True,26,"[0, 15, 12, 1, 2]",5,0.20175438596491202,-77,305,7,0.379142300194931,382,1
717,"(15,1)",,True,26,"[0, 15, 12, 1, 2]",5,0.20175438596491202,-77,305,7,0.379142300194931,382,1
718,9:8,assassinate,True,21,"[3, 13, 9, 6, 17]",4,0.16569200779727,-79,305,6,0.287524366471734,384,1
719,9:8,assassinate,True,21,"[3, 13, 9, 6, 17]",4,0.16569200779727,-79,305,6,0.287524366471734,384,1
720,11:4,assassinate,True,21,"[9, 19, 11, 14, 17]",5,0.23489278752436601,-79,306,6,0.286549707602339,385,1
721,11:4,assassinate,True,21,"[9, 19, 11, 14, 17]",5,0.23489278752436601,-79,306,6,0.286549707602339,385,1
722,"(1,15)",,True,21,"[8, 1, 19, 15, 18]",5,0.23489278752436601,-79,307,6,0.286549707602339,386,1
723,"(1,15)",,True,21,"[8, 1, 19, 15, 18]",5,0.23489278752436601,-79,307,6,0.286549707602339,386,1
724,3:4,assassinate,True,20,"[3, 6, 12, 17, 14]",4,0.147173489278752,-79,308,6,0.26705653021442405,387,1
725,3:4,assassinate,True,20,"[3, 6, 12, 17, 14]",4,0.147173489278752,-79,308,6,0.26705653021442405,387,1
726,"(1,4)",,True,20,"[15, 6, 1, 4, 2]",4,0.148148148148148,-81,308,6,0.264132553606237,389,1
727,"(1,4)",,True,20,"[15, 6, 1, 4, 2]",4,0.148148148148148,-81,308,6,0.264132553606237,389,1
728,19:2,assassinate,True,21,"[19, 9, 16, 10, 6]",3,0.057504873294346004,-83,308,6,0.20467836257309902,391,1
729,19:2,assassinate,True,21,"[19, 9, 16, 10, 6]",3,0.057504873294346004,-83,308,6,0.20467836257309902,391,1
730,5:6,assassinate,True,19,"[13, 18, 12, 6, 5]",2,0.007797270955165,-85,308,6,0.19395711500974602,393,1
731,5:6,assassinate,True,19,"[13, 18, 12, 6, 5]",2,0.007797270955165,-85,308,6,0.19395711500974602,393,1
732,"(19,18)",,True,21,"[19, 11, 18, 0, 10]",3,0.08966861598440501,-87,308,6,0.28947368421052605,395,1
733,"(19,18)",,True,21,"[19, 11, 18, 0, 10]",3,0.08966861598440501,-87,308,6,0.28947368421052605,395,1
734,"(14,1)",,True,21,"[14, 13, 1, 6, 8]",3,0.077485380116959,-89,308,6,0.164230019493177,397,1
735,"(14,1)",,True,21,"[14, 13, 1, 6, 8]",3,0.077485380116959,-89,308,6,0.164230019493177,397,1
736,"(1,3)",,True,24,"[12, 1, 10, 3, 0]",3,0.050389863547758006,-89,309,7,0.289083820662768,398,1
737,"(1,3)",,True,24,"[12, 1, 10, 3, 0]",3,0.050389863547758006,-89,309,7,0.289083820662768,398,1
738,4:12,assassinate,True,19,"[4, 1, 16, 12, 14]",3,0.061403508771929,-91,309,6,0.265107212475633,400,1
739,4:12,assassinate,True,19,"[4, 1, 16, 12, 14]",3,0.061403508771929,-91,309,6,0.265107212475633,400,1
740,17:8,assassinate,True,17,"[0, 3, 15, 19, 17]",3,0.057504873294346004,-93,309,6,0.22027290448343,402,1
741,17:8,assassinate,True,17,"[0, 3, 15, 19, 17]",3,0.057504873294346004,-93,309,6,0.22027290448343,402,1
742,"(1,11)",,True,20,"[19, 18, 8, 1, 11]",3,0.059844054580896006,-95,309,7,0.260818713450292,404,1
743,"(1,11)",,True,20,"[19, 18, 8, 1, 11]",3,0.059844054580896006,-95,309,7,0.260818713450292,404,1
744,"(7,1)",,True,22,"[7, 1, 12, 2, 17]",4,0.097438039543302,-97,309,8,0.28226120857699805,406,1
745,"(7,1)",,True,22,"[7, 1, 12, 2, 17]",4,0.097438039543302,-97,309,8,0.28226120857699805,406,1
746,"(18,0)",,True,23,"[18, 0, 16, 14, 4]",3,0.046003898635477006,-99,309,8,0.28196881091617904,408,1
747,"(18,0)",,True,23,"[18, 0, 16, 14, 4]",3,0.046003898635477006,-99,309,8,0.28196881091617904,408,1
748,"(5,0)",,True,24,"[12, 6, 9, 5, 0]",4,0.127875243664717,-101,309,8,0.300974658869395,410,1
749,"(5,0)",,True,24,"[12, 6, 9, 5, 0]",4,0.127875243664717,-101,309,8,0.300974658869395,410,1
750,4:2,assassinate,True,25,"[7, 9, 10, 17, 4]",5,0.143274853801169,-103,309,8,0.273879142300194,412,1
751,4:2,assassinate,True,25,"[7, 9, 10, 17, 4]",5,0.143274853801169,-103,309,8,0.273879142300194,412,1
752,"(15,5)",,True,27,"[15, 4, 13, 3, 5]",5,0.154970760233918,-105,309,8,0.437621832358674,414,1
753,"(15,5)",,True,27,"[15, 4, 13, 3, 5]",5,0.154970760233918,-105,309,8,0.437621832358674,414,1
754,"(13,0)",,True,27,"[10, 13, 11, 12, 0]",5,0.184809245335561,-107,309,8,0.44544695071010804,416,1
755,"(13,0)",,True,27,"[10, 13, 11, 12, 0]",5,0.184809245335561,-107,309,8,0.44544695071010804,416,1
756,10:10,assassinate,True,23,"[3, 9, 10, 11, 13]",5,0.166569200779727,-109,309,8,0.456530214424951,418,1
757,10:10,assassinate,True,23,"[3, 9, 10, 11, 13]",5,0.166569200779727,-109,309,8,0.456530214424951,418,1
758,"(13,9)",,True,25,"[13, 0, 9, 17, 11]",5,0.191715399610136,-111,309,8,0.44658869395711404,420,1
759,"(13,9)",,True,25,"[13, 0, 9, 17, 11]",5,0.191715399610136,-111,309,8,0.44658869395711404,420,1
760,17:8,assassinate,True,23,"[17, 8, 6, 0, 12]",5,0.16686159844054502,-113,309,8,0.43489278752436605,422,1
761,17:8,assassinate,True,23,"[17, 8, 6, 0, 12]",5,0.16686159844054502,-113,309,8,0.43489278752436605,422,1
762,2:4,assassinate,True,23,"[6, 2, 18, 17, 10]",4,0.083820662768031,-115,309,8,0.347953216374269,424,1
763,2:4,assassinate,True,23,"[6, 2, 18, 17, 10]",4,0.083820662768031,-115,309,8,0.347953216374269,424,1
764,"(13,5)",,True,23,"[13, 6, 5, 18, 15]",4,0.083820662768031,-117,309,8,0.347953216374269,426,1
765,"(13,5)",,True,23,"[13, 6, 5, 18, 15]",4,0.083820662768031,-117,309,8,0.347953216374269,426,1
766,"(13,19)",,True,22,"[16, 13, 12, 9, 19]",4,0.068713450292397,-119,309,6,0.265107212475633,428,1
767,"(13,19)",,True,22,"[16, 13, 12, 9, 19]",4,0.068713450292397,-119,309,6,0.265107212475633,428,1
768,"(1,17)",,True,24,"[15, 16, 11, 1, 17]",4,0.071637426900584,-121,309,7,0.31773879142300104,430,1
769,"(1,17)",,True,24,"[15, 16, 11, 1, 17]",4,0.071637426900584,-121,309,7,0.31773879142300104,430,1
770,"(4,17)",,True,27,"[19, 3, 6, 4, 17]",6,0.23684210526315702,-123,309,7,0.335282651072124,432,1
771,"(4,17)",,True,27,"[19, 3, 6, 4, 17]",6,0.23684210526315702,-123,309,7,0.335282651072124,432,1
772,"(16,0)",,True,26,"[16, 3, 1, 0, 10]",5,0.276315789473684,-121,311,6,0.20662768031189002,432,1
773,"(16,0)",,True,26,"[16, 3, 1, 0, 10]",5,0.276315789473684,-121,311,6,0.20662768031189002,432,1
774,18:6,assassinate,True,24,"[18, 6, 14, 17, 2]",4,0.120077972709551,-121,312,6,0.150682261208577,433,1
775,18:6,assassinate,True,24,"[18, 6, 14, 17, 2]",4,0.120077972709551,-121,312,6,0.150682261208577,433,1
776,"(1,18)",,True,27,"[12, 19, 7, 1, 18]",6,0.34083820662768005,-119,314,7,0.21062378167641302,433,1
777,"(1,18)",,True,27,"[12, 19, 7, 1, 18]",6,0.34083820662768005,-119,314,7,0.21062378167641302,433,1
778,"(17,0)",,True,27,"[10, 7, 17, 2, 0]",5,0.153703703703703,-119,315,7,0.198927875243664,434,1
779,"(17,0)",,True,27,"[10, 7, 17, 2, 0]",5,0.153703703703703,-119,315,7,0.198927875243664,434,1
780,"(17,16)",,True,29,"[17, 16, 18, 8, 3]",5,0.167153996101364,-121,315,7,0.45224171539961006,436,1
781,"(17,16)",,True,29,"[17, 16, 18, 8, 3]",5,0.167153996101364,-121,315,7,0.45224171539961006,436,1
782,10:4,assassinate,True,28,"[1, 10, 7, 3, 16]",5,0.16130604288499,-123,315,7,0.364522417153996,438,1
783,10:4,assassinate,True,28,"[1, 10, 7, 3, 16]",5,0.16130604288499,-123,315,7,0.364522417153996,438,1
784,"(0,3)",,True,27,"[0, 10, 3, 13, 19]",5,0.38645224171539905,-121,317,6,0.177387914230019,438,1
785,"(0,3)",,True,27,"[0, 10, 3, 13, 19]",5,0.38645224171539905,-121,317,6,0.177387914230019,438,1
786,12:10,assassinate,True,23,"[11, 10, 8, 19, 12]",5,0.38109161793372304,-119,319,6,0.15107212475633502,438,1
787,12:10,assassinate,True,23,"[11, 10, 8, 19, 12]",5,0.38109161793372304,-119,319,6,0.15107212475633502,438,1
788,16:4,assassinate,True,23,"[16, 13, 15, 5, 12]",4,0.132553606237816,-119,320,6,0.13352826510721202,439,1
789,16:4,assassinate,True,23,"[16, 13, 15, 5, 12]",4,0.132553606237816,-119,320,6,0.13352826510721202,439,1
790,"(1,8)",,True,23,"[11, 1, 7, 3, 8]",4,0.145224171539961,-119,321,6,0.14619883040935602,440,1
791,"(1,8)",,True,23,"[11, 1, 7, 3, 8]",4,0.145224171539961,-119,321,6,0.14619883040935602,440,1
792,"(4,11)",,True,26,"[4, 13, 12, 11, 5]",4,0.18947368421052602,-119,322,6,0.20097465886939503,441,1
793,"(4,11)",,True,26,"[4, 13, 12, 11, 5]",4,0.18947368421052602,-119,322,6,0.20097465886939503,441,1
794,13:12,assassinate,True,22,"[13, 16, 9, 8, 0]",4,0.12329434697855701,-119,323,6,0.17592592592592501,442,1
795,13:12,assassinate,True,22,"[13, 16, 9, 8, 0]",4,0.12329434697855701,-119,323,6,0.17592592592592501,442,1
796,"(1,10)",,True,24,"[0, 13, 1, 10, 16]",4,0.10818713450292301,-121,323,7,0.252436647173489,444,1
797,"(1,10)",,True,24,"[0, 13, 1, 10, 16]",4,0.10818713450292301,-121,323,7,0.252436647173489,444,1
798,"(4,0)",,True,25,"[5, 10, 4, 0, 18]",5,0.143274853801169,-121,324,7,0.215399610136452,445,1
799,"(4,0)",,True,25,"[5, 10, 4, 0, 18]",5,0.143274853801169,-121,324,7,0.215399610136452,445,1
