,actionDetail,actionType,bonusActivated,graphEdgeCount,nodeList,p1Degree,p1Score,p1WinAdvantage,p1WinCount,p2Degree,p2Score,p2WinCount,player
0,"(7,19)",,False,2,"[7, 19, 14, 16, 18]",0,-0.001,0,0,0,-0.001,0,1
1,"(7,19)",,False,2,"[7, 19, 14, 16, 18]",0,-0.001,0,0,0,-0.001,0,1
2,"(10,1)",,False,4,"[10, 1, 7, 4, 12]",0,-0.001,-1,0,1,0.0,1,1
3,"(10,1)",,False,4,"[10, 1, 7, 4, 12]",0,-0.001,-1,0,1,0.0,1,1
4,"(1,14)",,False,6,"[1, 10, 6, 14, 3]",0,-0.001,-3,0,2,0.011695906432748001,3,1
5,"(1,14)",,False,6,"[1, 10, 6, 14, 3]",0,-0.001,-3,0,2,0.011695906432748001,3,1
6,"(9,13)",,False,6,"[11, 9, 13, 18, 16]",0,-0.001,-5,0,2,0.023391812865497002,5,1
7,"(9,13)",,False,6,"[11, 9, 13, 18, 16]",0,-0.001,-5,0,2,0.023391812865497002,5,1
8,"(15,1)",,False,9,"[15, 4, 1, 8, 2]",1,0.0,-6,0,3,0.035087719298245,6,1
9,"(15,1)",,False,9,"[15, 4, 1, 8, 2]",1,0.0,-6,0,3,0.035087719298245,6,1
10,"(6,10)",,False,11,"[6, 9, 15, 10, 18]",2,0.0,-7,0,3,0.040935672514619006,7,1
11,"(6,10)",,False,11,"[6, 9, 15, 10, 18]",2,0.0,-7,0,3,0.040935672514619006,7,1
12,"(5,14)",,False,13,"[3, 5, 4, 13, 14]",3,0.017543859649122,-7,1,3,0.052631578947368,8,1
13,"(5,14)",,False,13,"[3, 5, 4, 13, 14]",3,0.017543859649122,-7,1,3,0.052631578947368,8,1
14,"(8,1)",,False,15,"[8, 1, 7, 15, 6]",4,0.07699805068226101,-7,2,4,0.11111111111111101,9,1
15,"(8,1)",,False,15,"[8, 1, 7, 15, 6]",4,0.07699805068226101,-7,2,4,0.11111111111111101,9,1
16,"(4,14)",,False,17,"[19, 10, 4, 12, 14]",4,0.082846003898635,-9,2,4,0.122807017543859,11,1
17,"(4,14)",,False,17,"[19, 10, 4, 12, 14]",4,0.082846003898635,-9,2,4,0.122807017543859,11,1
18,"(3,17)",,True,17,"[3, 17, 9, 11, 12]",4,0.16374269005847902,-7,4,4,0.122807017543859,11,1
19,"(3,17)",,True,17,"[3, 17, 9, 11, 12]",4,0.16374269005847902,-7,4,4,0.122807017543859,11,1
20,"(7,10)",,False,19,"[7, 11, 17, 4, 10]",4,0.11793372319688102,-7,5,4,0.14619883040935602,12,1
21,"(7,10)",,False,19,"[7, 11, 17, 4, 10]",4,0.11793372319688102,-7,5,4,0.14619883040935602,12,1
22,"(15,7)",,False,21,"[15, 7, 16, 18, 0]",4,0.11500974658869301,-5,7,4,0.08576998050682201,12,1
23,"(15,7)",,False,21,"[15, 7, 16, 18, 0]",4,0.11500974658869301,-5,7,4,0.08576998050682201,12,1
24,"(17,8)",,False,24,"[7, 17, 6, 8, 19]",4,0.14424951267056502,-3,9,4,0.039961013645224,12,1
25,"(17,8)",,False,24,"[7, 17, 6, 8, 19]",4,0.14424951267056502,-3,9,4,0.039961013645224,12,1
26,"(1,12)",,False,26,"[3, 1, 12, 4, 14]",4,0.21929824561403502,-1,11,5,0.13352826510721202,12,1
27,"(1,12)",,False,26,"[3, 1, 12, 4, 14]",4,0.21929824561403502,-1,11,5,0.13352826510721202,12,1
28,"(18,1)",,False,28,"[6, 18, 1, 17, 0]",5,0.205068226120857,1,13,6,0.16452241715399601,12,1
29,"(18,1)",,False,28,"[6, 18, 1, 17, 0]",5,0.205068226120857,1,13,6,0.16452241715399601,12,1
30,"(1,19)",,False,30,"[1, 10, 3, 5, 19]",5,0.222076023391812,1,14,7,0.252436647173489,13,1
31,"(1,19)",,False,30,"[1, 10, 3, 5, 19]",5,0.222076023391812,1,14,7,0.252436647173489,13,1
32,"(7,16)",,False,32,"[0, 7, 5, 16, 18]",5,0.19902534113060402,1,15,7,0.25302144249512604,14,1
33,"(7,16)",,False,32,"[0, 7, 5, 16, 18]",5,0.19902534113060402,1,15,7,0.25302144249512604,14,1
34,"(16,12)",,True,32,"[9, 18, 16, 12, 17]",5,0.22468671679197902,1,16,7,0.279123735264086,15,1
35,"(16,12)",,True,32,"[9, 18, 16, 12, 17]",5,0.22468671679197902,1,16,7,0.279123735264086,15,1
36,"(9,6)",,False,32,"[5, 9, 16, 3, 6]",5,0.21494012809802202,3,18,6,0.185199108883319,15,1
37,"(9,6)",,False,32,"[5, 9, 16, 3, 6]",5,0.21494012809802202,3,18,6,0.185199108883319,15,1
38,"(10,2)",,False,33,"[10, 18, 6, 2, 17]",5,0.12738791423001902,5,20,6,0.08323586744639301,15,1
39,"(10,2)",,False,33,"[10, 18, 6, 2, 17]",5,0.12738791423001902,5,20,6,0.08323586744639301,15,1
40,"(8,10)",,False,33,"[18, 4, 8, 9, 10]",5,0.139473684210526,7,22,6,0.123781676413255,15,1
41,"(8,10)",,False,33,"[18, 4, 8, 9, 10]",5,0.139473684210526,7,22,6,0.123781676413255,15,1
42,"(1,2)",,False,33,"[8, 6, 5, 1, 2]",5,0.143794671864847,7,23,7,0.18784925276153303,16,1
43,"(1,2)",,False,33,"[8, 6, 5, 1, 2]",5,0.143794671864847,7,23,7,0.18784925276153303,16,1
44,"(14,4)",,False,33,"[14, 7, 13, 0, 4]",5,0.161500974658869,5,23,7,0.20721247563352801,18,1
45,"(14,4)",,False,33,"[14, 7, 13, 0, 4]",5,0.161500974658869,5,23,7,0.20721247563352801,18,1
46,"(5,1)",,False,35,"[4, 5, 15, 1, 11]",6,0.12891952102478402,5,24,8,0.234725703146755,19,1
47,"(5,1)",,False,35,"[4, 5, 15, 1, 11]",6,0.12891952102478402,5,24,8,0.234725703146755,19,1
48,"(15,3)",,False,37,"[15, 4, 3, 7, 8]",6,0.10841455490578202,3,24,8,0.220695256660168,21,1
49,"(15,3)",,False,37,"[15, 4, 3, 7, 8]",6,0.10841455490578202,3,24,8,0.220695256660168,21,1
50,10:16,assassinate,True,28,"[10, 7, 16, 18, 2]",5,0.14571150097465801,1,24,6,0.30682261208577,23,1
51,10:16,assassinate,True,28,"[10, 7, 16, 18, 2]",5,0.14571150097465801,1,24,6,0.30682261208577,23,1
52,6:4,assassinate,True,27,"[11, 3, 7, 15, 6]",4,0.08801169590643201,-1,24,6,0.28157894736842104,25,1
53,6:4,assassinate,True,27,"[11, 3, 7, 15, 6]",4,0.08801169590643201,-1,24,6,0.28157894736842104,25,1
54,"(15,6)",,False,29,"[11, 8, 15, 6, 3]",4,0.081384015594541,-3,24,6,0.27290448343079904,27,1
55,"(15,6)",,False,29,"[11, 8, 15, 6, 3]",4,0.081384015594541,-3,24,6,0.27290448343079904,27,1
56,"(1,16)",,False,29,"[11, 7, 1, 16, 9]",4,0.08703703703703701,-5,24,7,0.32933723196881004,29,1
57,"(1,16)",,False,29,"[11, 7, 1, 16, 9]",4,0.08703703703703701,-5,24,7,0.32933723196881004,29,1
58,"(18,1)",,False,31,"[18, 6, 3, 17, 1]",4,0.06258702311333801,-7,24,8,0.34280144806460505,31,1
59,"(18,1)",,False,31,"[18, 6, 3, 17, 1]",4,0.06258702311333801,-7,24,8,0.34280144806460505,31,1
60,8:10,assassinate,True,27,"[9, 15, 7, 8, 16]",3,0.047270955165692005,-9,24,7,0.30799220272904404,33,1
61,8:10,assassinate,True,27,"[9, 15, 7, 8, 16]",3,0.047270955165692005,-9,24,7,0.30799220272904404,33,1
62,"(10,19)",,False,29,"[2, 10, 19, 14, 3]",3,0.047270955165692005,-11,24,7,0.33918128654970703,35,1
63,"(10,19)",,False,29,"[2, 10, 19, 14, 3]",3,0.047270955165692005,-11,24,7,0.33918128654970703,35,1
64,"(8,14)",,False,31,"[5, 8, 17, 9, 14]",3,0.047270955165692005,-13,24,7,0.37037037037037,37,1
65,"(8,14)",,False,31,"[5, 8, 17, 9, 14]",3,0.047270955165692005,-13,24,7,0.37037037037037,37,1
66,"(12,0)",,False,31,"[12, 5, 3, 0, 10]",3,0.033333333333333,-15,24,7,0.373684210526315,39,1
67,"(12,0)",,False,31,"[12, 5, 3, 0, 10]",3,0.033333333333333,-15,24,7,0.373684210526315,39,1
68,13:8,assassinate,True,28,"[13, 11, 10, 8, 18]",3,0.046296296296296,-17,24,7,0.361988304093567,41,1
69,13:8,assassinate,True,28,"[13, 11, 10, 8, 18]",3,0.046296296296296,-17,24,7,0.361988304093567,41,1
70,"(6,11)",,False,30,"[12, 6, 11, 0, 4]",4,0.088888888888888,-19,24,7,0.30867446393762105,43,1
71,"(6,11)",,False,30,"[12, 6, 11, 0, 4]",4,0.088888888888888,-19,24,7,0.30867446393762105,43,1
72,"(16,11)",,False,31,"[6, 16, 0, 11, 14]",4,0.09941520467836201,-21,24,7,0.260136452241715,45,1
73,"(16,11)",,False,31,"[6, 16, 0, 11, 14]",4,0.09941520467836201,-21,24,7,0.260136452241715,45,1
74,"(11,6)",,False,31,"[16, 11, 14, 0, 6]",4,0.16569200779727,-23,24,7,0.28450292397660804,47,1
75,"(11,6)",,False,31,"[16, 11, 14, 0, 6]",4,0.16569200779727,-23,24,7,0.28450292397660804,47,1
76,"(8,1)",,False,32,"[8, 16, 2, 11, 1]",4,0.092592592592592,-25,24,8,0.404678362573099,49,1
77,"(8,1)",,False,32,"[8, 16, 2, 11, 1]",4,0.092592592592592,-25,24,8,0.404678362573099,49,1
78,"(4,7)",,False,35,"[11, 10, 14, 4, 7]",4,0.082943469785575,-27,24,8,0.315497076023391,51,1
79,"(4,7)",,False,35,"[11, 10, 14, 4, 7]",4,0.082943469785575,-27,24,8,0.315497076023391,51,1
80,"(2,9)",,False,36,"[6, 12, 2, 10, 9]",4,0.058913698387382,-29,24,8,0.269918483076377,53,1
81,"(2,9)",,False,36,"[6, 12, 2, 10, 9]",4,0.058913698387382,-29,24,8,0.269918483076377,53,1
82,"(2,11)",,False,33,"[17, 2, 9, 11, 13]",4,0.21734892787524301,-27,26,7,0.210363872644574,53,1
83,"(2,11)",,False,33,"[17, 2, 9, 11, 13]",4,0.21734892787524301,-27,26,7,0.210363872644574,53,1
84,"(1,19)",,False,36,"[1, 18, 5, 8, 19]",4,0.05653021442495101,-27,27,8,0.29272254710851203,54,1
85,"(1,19)",,False,36,"[1, 18, 5, 8, 19]",4,0.05653021442495101,-27,27,8,0.29272254710851203,54,1
86,"(8,0)",,False,36,"[8, 14, 5, 0, 16]",4,0.079142300194931,-29,27,8,0.284437946718648,56,1
87,"(8,0)",,False,36,"[8, 14, 5, 0, 16]",4,0.079142300194931,-29,27,8,0.284437946718648,56,1
88,"(17,1)",,True,39,"[15, 17, 7, 2, 1]",4,0.049707602339181006,-31,27,9,0.342202729044834,58,1
89,"(17,1)",,True,39,"[15, 17, 7, 2, 1]",4,0.049707602339181006,-31,27,9,0.342202729044834,58,1
90,"(19,0)",,False,39,"[17, 19, 4, 8, 0]",3,0.018518518518518,-33,27,9,0.30009746588693903,60,1
91,"(19,0)",,False,39,"[17, 19, 4, 8, 0]",3,0.018518518518518,-33,27,9,0.30009746588693903,60,1
92,"(1,10)",,False,42,"[16, 8, 1, 10, 7]",3,0.014814814814814002,-35,27,10,0.25877192982456104,62,1
93,"(1,10)",,False,42,"[16, 8, 1, 10, 7]",3,0.014814814814814002,-35,27,10,0.25877192982456104,62,1
94,"(2,11)",,False,42,"[12, 2, 13, 14, 11]",3,0.012531328320802,-37,27,10,0.24057365636313,64,1
95,"(2,11)",,False,42,"[12, 2, 13, 14, 11]",3,0.012531328320802,-37,27,10,0.24057365636313,64,1
96,"(1,7)",,False,44,"[2, 1, 7, 10, 8]",4,0.034899749373433,-39,27,11,0.27380256196045605,66,1
97,"(1,7)",,False,44,"[2, 1, 7, 10, 8]",4,0.034899749373433,-39,27,11,0.27380256196045605,66,1
98,"(5,17)",,False,44,"[4, 11, 5, 17, 19]",4,0.035143414090782005,-41,27,10,0.21170983013088202,68,1
99,"(5,17)",,False,44,"[4, 11, 5, 17, 19]",4,0.035143414090782005,-41,27,10,0.21170983013088202,68,1
100,"(1,11)",,False,46,"[1, 4, 6, 11, 10]",4,0.027360066833751,-43,27,11,0.236675020885547,70,1
101,"(1,11)",,False,46,"[1, 4, 6, 11, 10]",4,0.027360066833751,-43,27,11,0.236675020885547,70,1
102,"(8,13)",,False,44,"[12, 8, 3, 18, 13]",4,0.028571428571428,-45,27,10,0.195822890559732,72,1
103,"(8,13)",,False,44,"[12, 8, 3, 18, 13]",4,0.028571428571428,-45,27,10,0.195822890559732,72,1
104,"(11,16)",,False,44,"[18, 15, 4, 11, 16]",4,0.030033416875522002,-47,27,10,0.200013923698134,74,1
105,"(11,16)",,False,44,"[18, 15, 4, 11, 16]",4,0.030033416875522002,-47,27,10,0.200013923698134,74,1
106,"(10,15)",,False,44,"[2, 10, 14, 15, 9]",5,0.054887218045112006,-49,27,10,0.21994337696092,76,1
107,"(10,15)",,False,44,"[2, 10, 14, 15, 9]",5,0.054887218045112006,-49,27,10,0.21994337696092,76,1
108,"(8,2)",,False,45,"[6, 4, 7, 8, 2]",5,0.055179615705931,-51,27,10,0.203425229741019,78,1
109,"(8,2)",,False,45,"[6, 4, 7, 8, 2]",5,0.055179615705931,-51,27,10,0.203425229741019,78,1
110,"(9,0)",,False,43,"[9, 11, 12, 1, 0]",4,0.034502923976608,-53,27,9,0.16966722361459202,80,1
111,"(9,0)",,False,43,"[9, 11, 12, 1, 0]",4,0.034502923976608,-53,27,9,0.16966722361459202,80,1
112,"(19,10)",,True,43,"[8, 19, 7, 10, 16]",5,0.064132553606237,-55,27,9,0.20113478139793903,82,1
113,"(19,10)",,True,43,"[8, 19, 7, 10, 16]",5,0.064132553606237,-55,27,9,0.20113478139793903,82,1
114,"(13,0)",,False,43,"[17, 13, 8, 0, 19]",4,0.042300194931773005,-57,27,9,0.164821776663881,84,1
115,"(13,0)",,False,43,"[17, 13, 8, 0, 19]",4,0.042300194931773005,-57,27,9,0.164821776663881,84,1
116,6:6,assassinate,True,41,"[16, 17, 14, 11, 6]",3,0.008771929824561,-59,27,9,0.15412141464773002,86,1
117,6:6,assassinate,True,41,"[16, 17, 14, 11, 6]",3,0.008771929824561,-59,27,9,0.15412141464773002,86,1
118,"(1,4)",,False,44,"[19, 1, 16, 9, 4]",3,0.009259259259259,-61,27,10,0.17998468393205203,88,1
119,"(1,4)",,False,44,"[19, 1, 16, 9, 4]",3,0.009259259259259,-61,27,10,0.17998468393205203,88,1
120,"(14,18)",,False,44,"[15, 14, 19, 18, 2]",3,0.007634827810266,-63,27,10,0.18973359324236502,90,1
121,"(14,18)",,False,44,"[15, 14, 19, 18, 2]",3,0.007634827810266,-63,27,10,0.18973359324236502,90,1
122,"(0,5)",,False,41,"[17, 11, 0, 7, 5]",2,0.004142300194931,-65,27,8,0.099714564188248,92,1
123,"(0,5)",,False,41,"[17, 11, 0, 7, 5]",2,0.004142300194931,-65,27,8,0.099714564188248,92,1
124,"(13,16)",,False,44,"[13, 17, 7, 14, 16]",4,0.12777777777777702,-63,29,8,0.104441659704817,92,1
125,"(13,16)",,False,44,"[13, 17, 7, 14, 16]",4,0.12777777777777702,-63,29,8,0.104441659704817,92,1
126,11:8,assassinate,True,39,"[19, 11, 16, 18, 0]",3,0.103557504873294,-61,31,8,0.098447507658033,92,1
127,11:8,assassinate,True,39,"[19, 11, 16, 18, 0]",3,0.103557504873294,-61,31,8,0.098447507658033,92,1
128,"(11,19)",,False,41,"[11, 9, 19, 14, 12]",4,0.13425925925925902,-59,33,8,0.10780423280423201,92,1
129,"(11,19)",,False,41,"[11, 9, 19, 14, 12]",4,0.13425925925925902,-59,33,8,0.10780423280423201,92,1
130,"(10,13)",,False,43,"[10, 8, 3, 13, 15]",4,0.137865497076023,-57,35,8,0.102541074909495,92,1
131,"(10,13)",,False,43,"[10, 8, 3, 13, 15]",4,0.137865497076023,-57,35,8,0.102541074909495,92,1
132,"(17,11)",,False,45,"[13, 17, 11, 14, 10]",5,0.13250487329434602,-55,37,8,0.09917153996101301,92,1
133,"(17,11)",,False,45,"[13, 17, 11, 14, 10]",5,0.13250487329434602,-55,37,8,0.09917153996101301,92,1
134,"(5,18)",,True,45,"[13, 5, 17, 18, 10]",5,0.131878306878306,-53,39,8,0.105994152046783,92,1
135,"(5,18)",,True,45,"[13, 5, 17, 18, 10]",5,0.131878306878306,-53,39,8,0.105994152046783,92,1
136,"(13,19)",,False,47,"[5, 13, 14, 17, 19]",5,0.127979671400724,-51,41,8,0.08884015594541901,92,1
137,"(13,19)",,False,47,"[5, 13, 14, 17, 19]",5,0.127979671400724,-51,41,8,0.08884015594541901,92,1
138,"(7,4)",,False,48,"[7, 15, 3, 4, 11]",6,0.14084516847674702,-49,43,8,0.08884015594541901,92,1
139,"(7,4)",,False,48,"[7, 15, 3, 4, 11]",6,0.14084516847674702,-49,43,8,0.08884015594541901,92,1
140,"(1,11)",,True,50,"[8, 3, 12, 1, 11]",6,0.13114731272626,-47,45,9,0.110101642996379,92,1
141,"(1,11)",,True,50,"[8, 3, 12, 1, 11]",6,0.13114731272626,-47,45,9,0.110101642996379,92,1
142,"(6,2)",,False,50,"[6, 3, 9, 2, 14]",6,0.056307435254803,-47,46,8,0.086793372319688,93,1
143,"(6,2)",,False,50,"[6, 3, 9, 2, 14]",6,0.056307435254803,-47,46,8,0.086793372319688,93,1
144,"(6,1)",,False,50,"[6, 1, 12, 18, 15]",6,0.064230019493177,-49,46,9,0.11780840991367302,95,1
145,"(6,1)",,False,50,"[6, 1, 12, 18, 15]",6,0.064230019493177,-49,46,9,0.11780840991367302,95,1
146,4:6,assassinate,True,48,"[6, 7, 4, 9, 11]",5,0.043226120857699,-51,46,9,0.10990671122250001,97,1
147,4:6,assassinate,True,48,"[6, 7, 4, 9, 11]",5,0.043226120857699,-51,46,9,0.10990671122250001,97,1
148,"(9,15)",,False,50,"[12, 11, 9, 8, 15]",5,0.039441195581546004,-53,46,9,0.09899981435069101,99,1
149,"(9,15)",,False,50,"[12, 11, 9, 8, 15]",5,0.039441195581546004,-53,46,9,0.09899981435069101,99,1
150,"(4,5)",,False,50,"[8, 11, 4, 17, 5]",5,0.046946068875893004,-55,46,8,0.08034902069989701,101,1
151,"(4,5)",,False,50,"[8, 11, 4, 17, 5]",5,0.046946068875893004,-55,46,8,0.08034902069989701,101,1
152,8:12,assassinate,True,45,"[18, 8, 16, 10, 4]",5,0.045321637426900006,-57,46,8,0.070704539125591,103,1
153,8:12,assassinate,True,45,"[18, 8, 16, 10, 4]",5,0.045321637426900006,-57,46,8,0.070704539125591,103,1
154,"(5,2)",,False,45,"[13, 6, 5, 19, 2]",5,0.05441845354126001,-59,46,8,0.082098765432098,105,1
155,"(5,2)",,False,45,"[13, 6, 5, 19, 2]",5,0.05441845354126001,-59,46,8,0.082098765432098,105,1
156,"(8,10)",,False,47,"[19, 8, 10, 12, 3]",6,0.085607537361923,-59,47,8,0.09252761533463201,106,1
157,"(8,10)",,False,47,"[19, 8, 10, 12, 3]",6,0.085607537361923,-59,47,8,0.09252761533463201,106,1
158,"(14,7)",,False,48,"[14, 9, 7, 13, 10]",6,0.09515033374682401,-59,48,8,0.09699838822645801,107,1
159,"(14,7)",,False,48,"[14, 9, 7, 13, 10]",6,0.09515033374682401,-59,48,8,0.09699838822645801,107,1
160,"(19,4)",,False,50,"[19, 4, 17, 18, 13]",7,0.13015801612292802,-57,50,8,0.078937014901927,107,1
161,"(19,4)",,False,50,"[19, 4, 17, 18, 13]",7,0.13015801612292802,-57,50,8,0.078937014901927,107,1
162,"(1,9)",,True,50,"[1, 14, 13, 9, 16]",7,0.148551221358238,-55,52,9,0.11285746417325301,107,1
163,"(1,9)",,True,50,"[1, 14, 13, 9, 16]",7,0.148551221358238,-55,52,9,0.11285746417325301,107,1
164,"(15,9)",,False,50,"[15, 9, 17, 18, 5]",7,0.14504780469692702,-53,54,9,0.114554905782975,107,1
165,"(15,9)",,False,50,"[15, 9, 17, 18, 5]",7,0.14504780469692702,-53,54,9,0.114554905782975,107,1
166,7:14,assassinate,True,42,"[1, 8, 7, 0, 15]",6,0.17914230019493102,-51,56,9,0.126072124756335,107,1
167,7:14,assassinate,True,42,"[1, 8, 7, 0, 15]",6,0.17914230019493102,-51,56,9,0.126072124756335,107,1
168,"(3,1)",,True,42,"[8, 10, 3, 1, 13]",6,0.15633528265107202,-51,57,9,0.1567738791423,108,1
169,"(3,1)",,True,42,"[8, 10, 3, 1, 13]",6,0.15633528265107202,-51,57,9,0.1567738791423,108,1
170,"(5,6)",,False,44,"[7, 5, 14, 6, 8]",6,0.096017822333611,-51,58,9,0.136313004734057,109,1
171,"(5,6)",,False,44,"[7, 5, 14, 6, 8]",6,0.096017822333611,-51,58,9,0.136313004734057,109,1
172,"(14,7)",,False,46,"[6, 10, 14, 12, 7]",6,0.09426343636869901,-53,58,9,0.14284321915900802,111,1
173,"(14,7)",,False,46,"[6, 10, 14, 12, 7]",6,0.09426343636869901,-53,58,9,0.14284321915900802,111,1
174,"(6,1)",,False,46,"[6, 1, 19, 7, 17]",6,0.08576998050682201,-53,59,10,0.210948667966211,112,1
175,"(6,1)",,False,46,"[6, 1, 19, 7, 17]",6,0.08576998050682201,-53,59,10,0.210948667966211,112,1
176,"(12,1)",,False,48,"[14, 2, 12, 9, 1]",6,0.084340480831708,-55,59,11,0.23419723551302402,114,1
177,"(12,1)",,False,48,"[14, 2, 12, 9, 1]",6,0.084340480831708,-55,59,11,0.23419723551302402,114,1
178,"(4,10)",,False,50,"[3, 18, 4, 14, 10]",7,0.09761904761904701,-57,59,11,0.22135262398420202,116,1
179,"(4,10)",,False,50,"[3, 18, 4, 14, 10]",7,0.09761904761904701,-57,59,11,0.22135262398420202,116,1
180,"(3,4)",,False,52,"[3, 13, 12, 4, 10]",8,0.147335932423651,-59,59,11,0.191328489574103,118,1
181,"(3,4)",,False,52,"[3, 13, 12, 4, 10]",8,0.147335932423651,-59,59,11,0.191328489574103,118,1
182,2:12,assassinate,True,45,"[18, 10, 16, 2, 6]",7,0.1338693957115,-59,60,9,0.14006544138123,119,1
183,2:12,assassinate,True,45,"[18, 10, 16, 2, 6]",7,0.1338693957115,-59,60,9,0.14006544138123,119,1
184,"(1,8)",,True,47,"[1, 14, 8, 7, 2]",7,0.11866471734892702,-59,61,10,0.244883040935672,120,1
185,"(1,8)",,True,47,"[1, 14, 8, 7, 2]",7,0.11866471734892702,-59,61,10,0.244883040935672,120,1
186,"(6,0)",,False,45,"[13, 6, 0, 17, 14]",6,0.14186159844054502,-61,61,10,0.278996101364522,122,1
187,"(6,0)",,False,45,"[13, 6, 0, 17, 14]",6,0.14186159844054502,-61,61,10,0.278996101364522,122,1
188,"(16,19)",,False,43,"[10, 17, 16, 19, 14]",6,0.15161514898357,-63,61,9,0.26840712893344404,124,1
189,"(16,19)",,False,43,"[10, 17, 16, 19, 14]",6,0.15161514898357,-63,61,9,0.26840712893344404,124,1
190,"(3,9)",,False,45,"[3, 12, 6, 9, 14]",6,0.134071289334447,-65,61,9,0.238777499303815,126,1
191,"(3,9)",,False,45,"[3, 12, 6, 9, 14]",6,0.134071289334447,-65,61,9,0.238777499303815,126,1
192,"(13,11)",,False,45,"[5, 10, 13, 11, 18]",6,0.134071289334447,-67,61,9,0.22829991645781103,128,1
193,"(13,11)",,False,45,"[5, 10, 13, 11, 18]",6,0.134071289334447,-67,61,9,0.22829991645781103,128,1
194,"(0,9)",,False,45,"[14, 0, 9, 12, 17]",5,0.11306042884990201,-69,61,9,0.210226956279587,130,1
195,"(0,9)",,False,45,"[14, 0, 9, 12, 17]",5,0.11306042884990201,-69,61,9,0.210226956279587,130,1
196,"(7,12)",,False,47,"[7, 9, 16, 8, 12]",5,0.049707602339181006,-71,61,9,0.17659426343636803,132,1
197,"(7,12)",,False,47,"[7, 9, 16, 8, 12]",5,0.049707602339181006,-71,61,9,0.17659426343636803,132,1
198,"(17,1)",,True,50,"[17, 15, 8, 6, 1]",5,0.051225285435811,-73,61,10,0.17732989882112601,134,1
199,"(17,1)",,True,50,"[17, 15, 8, 6, 1]",5,0.051225285435811,-73,61,10,0.17732989882112601,134,1
200,"(7,3)",,False,52,"[7, 3, 2, 6, 9]",5,0.035630743525480006,-75,61,10,0.16654599461617,136,1
201,"(7,3)",,False,52,"[7, 3, 2, 6, 9]",5,0.035630743525480006,-75,61,10,0.16654599461617,136,1
202,"(6,5)",,False,53,"[18, 6, 5, 12, 3]",7,0.072246272246272,-77,61,10,0.205101136680084,138,1
203,"(6,5)",,False,53,"[18, 6, 5, 12, 3]",7,0.072246272246272,-77,61,10,0.205101136680084,138,1
204,"(0,10)",,False,51,"[6, 0, 15, 10, 3]",6,0.053513413162535,-79,61,9,0.188963148612271,140,1
205,"(0,10)",,False,51,"[6, 0, 15, 10, 3]",6,0.053513413162535,-79,61,9,0.188963148612271,140,1
206,11:14,assassinate,True,46,"[6, 4, 11, 3, 1]",5,0.030722639933166002,-81,61,9,0.194008168569572,142,1
207,11:14,assassinate,True,46,"[6, 4, 11, 3, 1]",5,0.030722639933166002,-81,61,9,0.194008168569572,142,1
208,"(15,17)",,False,46,"[4, 16, 15, 17, 1]",5,0.030722639933166002,-83,61,9,0.194008168569572,144,1
209,"(15,17)",,False,46,"[4, 16, 15, 17, 1]",5,0.030722639933166002,-83,61,9,0.194008168569572,144,1
210,"(13,1)",,False,48,"[5, 15, 17, 13, 1]",5,0.028726909867260002,-85,61,10,0.22021953030724903,146,1
211,"(13,1)",,False,48,"[5, 15, 17, 13, 1]",5,0.028726909867260002,-85,61,10,0.22021953030724903,146,1
212,"(8,7)",,False,50,"[8, 6, 18, 13, 7]",5,0.019230947739719003,-87,61,10,0.19832683560753703,148,1
213,"(8,7)",,False,50,"[8, 6, 18, 13, 7]",5,0.019230947739719003,-87,61,10,0.19832683560753703,148,1
214,"(14,15)",,False,50,"[14, 12, 10, 17, 15]",5,0.018973992219606002,-89,61,10,0.198358058445777,150,1
215,"(14,15)",,False,50,"[14, 12, 10, 17, 15]",5,0.018973992219606002,-89,61,10,0.198358058445777,150,1
216,"(15,10)",,False,50,"[15, 7, 6, 10, 8]",5,0.019328413626659,-91,61,10,0.198459110739812,152,1
217,"(15,10)",,False,50,"[15, 7, 6, 10, 8]",5,0.019328413626659,-91,61,10,0.198459110739812,152,1
218,"(5,16)",,False,50,"[5, 3, 9, 18, 16]",5,0.0213589529379,-93,61,10,0.208013088276246,154,1
219,"(5,16)",,False,50,"[5, 3, 9, 18, 16]",5,0.0213589529379,-93,61,10,0.208013088276246,154,1
220,"(11,6)",,True,52,"[11, 17, 4, 0, 6]",5,0.021173303629443002,-95,61,10,0.28202218509236004,156,1
221,"(11,6)",,True,52,"[11, 17, 4, 0, 6]",5,0.021173303629443002,-95,61,10,0.28202218509236004,156,1
222,"(1,18)",,False,55,"[10, 1, 5, 9, 18]",5,0.024236517218973002,-97,61,11,0.195126705653021,158,1
223,"(1,18)",,False,55,"[10, 1, 5, 9, 18]",5,0.024236517218973002,-97,61,11,0.195126705653021,158,1
224,"(13,3)",,True,55,"[19, 2, 13, 3, 0]",5,0.025037129861691,-99,61,11,0.19305671586373302,160,1
225,"(13,3)",,True,55,"[19, 2, 13, 3, 0]",5,0.025037129861691,-99,61,11,0.19305671586373302,160,1
226,"(9,3)",,False,53,"[16, 9, 7, 3, 19]",5,0.036724175759263004,-101,61,10,0.10964490350455201,162,1
227,"(9,3)",,False,53,"[16, 9, 7, 3, 19]",5,0.036724175759263004,-101,61,10,0.10964490350455201,162,1
228,"(11,1)",,False,53,"[11, 1, 17, 16, 0]",5,0.034906711222500005,-103,61,11,0.22296017822333603,164,1
229,"(11,1)",,False,53,"[11, 1, 17, 16, 0]",5,0.034906711222500005,-103,61,11,0.22296017822333603,164,1
230,"(9,16)",,False,53,"[10, 9, 16, 5, 12]",5,0.031074213311055,-105,61,11,0.18217766638819202,166,1
231,"(9,16)",,False,53,"[10, 9, 16, 5, 12]",5,0.031074213311055,-105,61,11,0.18217766638819202,166,1
232,"(4,0)",,False,53,"[10, 8, 4, 6, 0]",5,0.038661468486029006,-107,61,11,0.190251090689687,168,1
233,"(4,0)",,False,53,"[10, 8, 4, 6, 0]",5,0.038661468486029006,-107,61,11,0.190251090689687,168,1
234,"(1,16)",,False,53,"[3, 4, 1, 0, 16]",5,0.038661468486029006,-109,61,11,0.190251090689687,170,1
235,"(1,16)",,False,53,"[3, 4, 1, 0, 16]",5,0.038661468486029006,-109,61,11,0.190251090689687,170,1
236,"(3,17)",,False,54,"[3, 17, 19, 8, 16]",5,0.041861598440545,-111,61,11,0.18637566137566103,172,1
237,"(3,17)",,False,54,"[3, 17, 19, 8, 16]",5,0.041861598440545,-111,61,11,0.18637566137566103,172,1
238,"(0,6)",,False,54,"[0, 18, 6, 13, 8]",4,0.015838206627680002,-113,61,11,0.183792815371762,174,1
239,"(0,6)",,False,54,"[0, 18, 6, 13, 8]",4,0.015838206627680002,-113,61,11,0.183792815371762,174,1
240,"(5,15)",,False,55,"[10, 5, 15, 0, 13]",4,0.015951916829109,-115,61,11,0.15308409913673002,176,1
241,"(5,15)",,False,55,"[10, 5, 15, 0, 13]",4,0.015951916829109,-115,61,11,0.15308409913673002,176,1
242,"(3,15)",,False,56,"[3, 13, 2, 9, 15]",4,0.017641325536062,-117,61,11,0.15171261487050902,178,1
243,"(3,15)",,False,56,"[3, 13, 2, 9, 15]",4,0.017641325536062,-117,61,11,0.15171261487050902,178,1
244,"(14,19)",,False,54,"[14, 19, 2, 10, 17]",4,0.021303258145363,-119,61,10,0.129184071289334,180,1
245,"(14,19)",,False,54,"[14, 19, 2, 10, 17]",4,0.021303258145363,-119,61,10,0.129184071289334,180,1
246,"(3,0)",,False,52,"[6, 3, 11, 0, 14]",3,0.012531328320802,-121,61,9,0.10520282186948801,182,1
247,"(3,0)",,False,52,"[6, 3, 11, 0, 14]",3,0.012531328320802,-121,61,9,0.10520282186948801,182,1
248,"(3,7)",,False,52,"[3, 5, 17, 7, 13]",3,0.011556669451406001,-123,61,9,0.112025433955258,184,1
249,"(3,7)",,False,52,"[3, 5, 17, 7, 13]",3,0.011556669451406001,-123,61,9,0.112025433955258,184,1
250,"(19,5)",,False,51,"[19, 11, 5, 12, 3]",3,0.019493177387914,-125,61,9,0.10827995915715201,186,1
251,"(19,5)",,False,51,"[19, 11, 5, 12, 3]",3,0.019493177387914,-125,61,9,0.10827995915715201,186,1
252,"(1,6)",,False,54,"[16, 1, 6, 3, 13]",3,0.017891952102478,-127,61,10,0.11942862206020101,188,1
253,"(1,6)",,False,54,"[16, 1, 6, 3, 13]",3,0.017891952102478,-127,61,10,0.11942862206020101,188,1
254,"(14,16)",,True,54,"[14, 3, 2, 16, 9]",3,0.021498189919242003,-129,61,10,0.11591478696741801,190,1
255,"(14,16)",,True,54,"[14, 3, 2, 16, 9]",3,0.021498189919242003,-129,61,10,0.11591478696741801,190,1
256,"(5,6)",,False,55,"[14, 5, 17, 3, 6]",5,0.049074074074074006,-131,61,10,0.118035830316532,192,1
257,"(5,6)",,False,55,"[14, 5, 17, 3, 6]",5,0.049074074074074006,-131,61,10,0.118035830316532,192,1
258,"(12,1)",,False,55,"[14, 19, 2, 12, 1]",5,0.038343544045298,-133,61,10,0.143397846468021,194,1
259,"(12,1)",,False,55,"[14, 19, 2, 12, 1]",5,0.038343544045298,-133,61,10,0.143397846468021,194,1
260,"(13,7)",,False,55,"[13, 10, 2, 7, 19]",5,0.040907825118351004,-135,61,10,0.13955722639933102,196,1
261,"(13,7)",,False,55,"[13, 10, 2, 7, 19]",5,0.040907825118351004,-135,61,10,0.13955722639933102,196,1
262,"(12,19)",,False,55,"[12, 19, 14, 17, 7]",5,0.037635756056808,-137,61,9,0.09194514062935101,198,1
263,"(12,19)",,False,55,"[12, 19, 14, 17, 7]",5,0.037635756056808,-137,61,9,0.09194514062935101,198,1
264,"(16,18)",,False,53,"[10, 16, 4, 18, 17]",5,0.037496519075466,-139,61,8,0.066443887496519,200,1
265,"(16,18)",,False,53,"[10, 16, 4, 18, 17]",5,0.037496519075466,-139,61,8,0.066443887496519,200,1
266,16:10,assassinate,True,47,"[16, 11, 18, 19, 14]",4,0.012141464773043,-141,61,6,0.038262322472848005,202,1
267,16:10,assassinate,True,47,"[16, 11, 18, 19, 14]",4,0.012141464773043,-141,61,6,0.038262322472848005,202,1
268,"(1,16)",,False,49,"[17, 1, 19, 13, 16]",4,0.013408521303258002,-143,61,7,0.143525480367585,204,1
269,"(1,16)",,False,49,"[17, 1, 19, 13, 16]",4,0.013408521303258002,-143,61,7,0.143525480367585,204,1
270,"(17,0)",,False,49,"[14, 17, 19, 0, 10]",4,0.023804882576812,-145,61,7,0.139708066462452,206,1
271,"(17,0)",,False,49,"[14, 17, 19, 0, 10]",4,0.023804882576812,-145,61,7,0.139708066462452,206,1
272,"(1,17)",,False,50,"[2, 1, 10, 17, 13]",4,0.028759398496240002,-147,61,8,0.159994894644017,208,1
273,"(1,17)",,False,50,"[2, 1, 10, 17, 13]",4,0.028759398496240002,-147,61,8,0.159994894644017,208,1
274,"(7,1)",,False,50,"[4, 7, 10, 11, 1]",4,0.022008725517497003,-149,61,9,0.185551842569386,210,1
275,"(7,1)",,False,50,"[4, 7, 10, 11, 1]",4,0.022008725517497003,-149,61,9,0.185551842569386,210,1
276,"(15,12)",,False,50,"[15, 12, 17, 7, 13]",4,0.025536062378167003,-151,61,9,0.18005662303907902,212,1
277,"(15,12)",,False,50,"[15, 12, 17, 7, 13]",4,0.025536062378167003,-151,61,9,0.18005662303907902,212,1
278,"(14,15)",,True,51,"[6, 0, 14, 2, 15]",4,0.042592592592592,-153,61,9,0.127076951638355,214,1
279,"(14,15)",,True,51,"[6, 0, 14, 2, 15]",4,0.042592592592592,-153,61,9,0.127076951638355,214,1
280,"(1,12)",,False,53,"[1, 10, 12, 17, 6]",4,0.035923141186299,-155,61,10,0.156947925368977,216,1
281,"(1,12)",,False,53,"[1, 10, 12, 17, 6]",4,0.035923141186299,-155,61,10,0.156947925368977,216,1
282,"(4,6)",,False,53,"[11, 4, 8, 6, 17]",4,0.035737491877842004,-157,61,10,0.152602043830113,218,1
283,"(4,6)",,False,53,"[11, 4, 8, 6, 17]",4,0.035737491877842004,-157,61,10,0.152602043830113,218,1
284,"(1,9)",,False,56,"[1, 14, 8, 2, 9]",4,0.034762833008447,-159,61,11,0.159301030353661,220,1
285,"(1,9)",,False,56,"[1, 14, 8, 2, 9]",4,0.034762833008447,-159,61,11,0.159301030353661,220,1
286,"(7,6)",,False,56,"[7, 4, 17, 12, 6]",4,0.030214424951267003,-161,61,10,0.118133296203471,222,1
287,"(7,6)",,False,56,"[7, 4, 17, 12, 6]",4,0.030214424951267003,-161,61,10,0.118133296203471,222,1
288,14:22,assassinate,True,47,"[15, 6, 3, 4, 14]",4,0.032511835143414006,-163,61,9,0.12475633528265101,224,1
289,14:22,assassinate,True,47,"[15, 6, 3, 4, 14]",4,0.032511835143414006,-163,61,9,0.12475633528265101,224,1
290,"(13,1)",,True,49,"[18, 2, 17, 13, 1]",4,0.031091617933723004,-165,61,10,0.131857421331105,226,1
291,"(13,1)",,True,49,"[18, 2, 17, 13, 1]",4,0.031091617933723004,-165,61,10,0.131857421331105,226,1
292,"(17,14)",,False,51,"[3, 17, 18, 14, 8]",4,0.031091617933723004,-167,61,10,0.15323029796714002,228,1
293,"(17,14)",,False,51,"[3, 17, 18, 14, 8]",4,0.031091617933723004,-167,61,10,0.15323029796714002,228,1
294,"(1,14)",,False,51,"[15, 16, 1, 14, 12]",4,0.036062378167641004,-169,61,10,0.15741088833194,230,1
295,"(1,14)",,False,51,"[15, 16, 1, 14, 12]",4,0.036062378167641004,-169,61,10,0.15741088833194,230,1
296,"(14,8)",,False,51,"[0, 10, 6, 14, 8]",4,0.036062378167641004,-171,61,10,0.15741088833194,232,1
297,"(14,8)",,False,51,"[0, 10, 6, 14, 8]",4,0.036062378167641004,-171,61,10,0.15741088833194,232,1
298,"(19,0)",,False,52,"[13, 19, 0, 5, 7]",3,0.011695906432748001,-173,61,10,0.12296481945604701,234,1
299,"(19,0)",,False,52,"[13, 19, 0, 5, 7]",3,0.011695906432748001,-173,61,10,0.12296481945604701,234,1
300,"(18,5)",,True,49,"[19, 18, 5, 6, 16]",3,0.011695906432748001,-175,61,8,0.093855007890095,236,1
301,"(18,5)",,True,49,"[19, 18, 5, 6, 16]",3,0.011695906432748001,-175,61,8,0.093855007890095,236,1
302,"(18,19)",,False,49,"[10, 18, 2, 19, 6]",3,0.013645224171539001,-177,61,8,0.082931866703796,238,1
303,"(18,19)",,False,49,"[10, 18, 2, 19, 6]",3,0.013645224171539001,-177,61,8,0.082931866703796,238,1
304,"(17,7)",,False,50,"[10, 6, 18, 17, 7]",3,0.020946305156831,-179,61,8,0.062981949824055,240,1
305,"(17,7)",,False,50,"[10, 6, 18, 17, 7]",3,0.020946305156831,-179,61,8,0.062981949824055,240,1
306,"(12,11)",,False,50,"[12, 7, 19, 5, 11]",3,0.009454191033138,-181,61,7,0.048789271157692,242,1
307,"(12,11)",,False,50,"[12, 7, 19, 5, 11]",3,0.009454191033138,-181,61,7,0.048789271157692,242,1
308,"(0,7)",,False,50,"[10, 0, 7, 11, 3]",2,0.0,-183,61,7,0.035136452241715,244,1
309,"(0,7)",,False,50,"[10, 0, 7, 11, 3]",2,0.0,-183,61,7,0.035136452241715,244,1
310,"(12,3)",,False,53,"[0, 11, 12, 3, 10]",2,0.0,-185,61,7,0.036403508771929,246,1
311,"(12,3)",,False,53,"[0, 11, 12, 3, 10]",2,0.0,-185,61,7,0.036403508771929,246,1
312,"(17,14)",,False,51,"[3, 17, 9, 14, 16]",2,0.0,-187,61,6,0.032818156502367,248,1
313,"(17,14)",,False,51,"[3, 17, 9, 14, 16]",2,0.0,-187,61,6,0.032818156502367,248,1
314,"(14,12)",,False,51,"[9, 1, 14, 12, 17]",3,0.0029239766081870003,-189,61,6,0.049874686716791,250,1
315,"(14,12)",,False,51,"[9, 1, 14, 12, 17]",3,0.0029239766081870003,-189,61,6,0.049874686716791,250,1
316,"(10,8)",,False,50,"[10, 8, 12, 2, 16]",3,0.0026315789473680003,-191,61,6,0.049053188526872,252,1
317,"(10,8)",,False,50,"[10, 8, 12, 2, 16]",3,0.0026315789473680003,-191,61,6,0.049053188526872,252,1
318,"(13,18)",,False,48,"[13, 14, 18, 7, 4]",3,0.0026315789473680003,-193,61,5,0.048208484173396,254,1
319,"(13,18)",,False,48,"[13, 14, 18, 7, 4]",3,0.0026315789473680003,-193,61,5,0.048208484173396,254,1
320,"(2,5)",,False,50,"[12, 2, 13, 5, 0]",3,0.0026315789473680003,-195,61,5,0.042337324793465005,256,1
321,"(2,5)",,False,50,"[12, 2, 13, 5, 0]",3,0.0026315789473680003,-195,61,5,0.042337324793465005,256,1
322,"(2,1)",,True,53,"[2, 14, 16, 0, 1]",3,0.0026315789473680003,-197,61,6,0.046546922862712004,258,1
323,"(2,1)",,True,53,"[2, 14, 16, 0, 1]",3,0.0026315789473680003,-197,61,6,0.046546922862712004,258,1
324,"(9,5)",,False,53,"[16, 9, 17, 5, 18]",4,0.026510721247563002,-199,61,6,0.047131718184349004,260,1
325,"(9,5)",,False,53,"[16, 9, 17, 5, 18]",4,0.026510721247563002,-199,61,6,0.047131718184349004,260,1
326,15:14,assassinate,True,47,"[3, 11, 0, 12, 15]",3,0.017543859649122,-201,61,6,0.049610136452241,262,1
327,15:14,assassinate,True,47,"[3, 11, 0, 12, 15]",3,0.017543859649122,-201,61,6,0.049610136452241,262,1
328,"(0,14)",,False,47,"[8, 0, 14, 9, 10]",2,0.0,-203,61,6,0.043327692450499,264,1
329,"(0,14)",,False,47,"[8, 0, 14, 9, 10]",2,0.0,-203,61,6,0.043327692450499,264,1
330,"(15,1)",,False,49,"[15, 1, 11, 12, 18]",2,0.0,-205,61,7,0.14679148012481302,266,1
331,"(15,1)",,False,49,"[15, 1, 11, 12, 18]",2,0.0,-205,61,7,0.14679148012481302,266,1
332,"(2,4)",,False,49,"[11, 2, 8, 4, 18]",3,0.033695349484823,-207,61,7,0.152883098058536,268,1
333,"(2,4)",,False,49,"[11, 2, 8, 4, 18]",3,0.033695349484823,-207,61,7,0.152883098058536,268,1
334,"(1,6)",,False,52,"[9, 8, 1, 11, 6]",3,0.021637426900584,-209,61,8,0.201622110832637,270,1
335,"(1,6)",,False,52,"[9, 8, 1, 11, 6]",3,0.021637426900584,-209,61,8,0.201622110832637,270,1
336,"(13,17)",,True,52,"[13, 17, 10, 0, 2]",4,0.032416900837953004,-211,61,8,0.202242348294979,272,1
337,"(13,17)",,True,52,"[13, 17, 10, 0, 2]",4,0.032416900837953004,-211,61,8,0.202242348294979,272,1
338,"(19,17)",,False,52,"[11, 19, 14, 17, 15]",4,0.028571428571428,-213,61,8,0.190835886011324,274,1
339,"(19,17)",,False,52,"[11, 19, 14, 17, 15]",4,0.028571428571428,-213,61,8,0.190835886011324,274,1
340,"(17,3)",,False,54,"[0, 2, 17, 3, 7]",4,0.022807017543859002,-215,61,8,0.181739069896964,276,1
341,"(17,3)",,False,54,"[0, 2, 17, 3, 7]",4,0.022807017543859002,-215,61,8,0.181739069896964,276,1
342,"(11,0)",,False,54,"[11, 15, 13, 0, 14]",4,0.027144249512670002,-217,61,8,0.181511649494105,278,1
343,"(11,0)",,False,54,"[11, 15, 13, 0, 14]",4,0.027144249512670002,-217,61,8,0.181511649494105,278,1
344,"(16,13)",,False,54,"[16, 19, 8, 13, 7]",4,0.027144249512670002,-219,61,8,0.18601364522417102,280,1
345,"(16,13)",,False,54,"[16, 19, 8, 13, 7]",4,0.027144249512670002,-219,61,8,0.18601364522417102,280,1
346,"(4,16)",,False,55,"[4, 9, 16, 2, 18]",6,0.05151072124756301,-221,61,8,0.193713450292397,282,1
347,"(4,16)",,False,55,"[4, 9, 16, 2, 18]",6,0.05151072124756301,-221,61,8,0.193713450292397,282,1
348,"(5,4)",,False,55,"[5, 4, 15, 9, 19]",6,0.041861598440545,-223,61,8,0.17297410192147,284,1
349,"(5,4)",,False,55,"[5, 4, 15, 9, 19]",6,0.041861598440545,-223,61,8,0.17297410192147,284,1
350,"(16,8)",,False,55,"[3, 16, 8, 6, 18]",6,0.028622482131254002,-225,61,7,0.133583959899749,286,1
351,"(16,8)",,False,55,"[3, 16, 8, 6, 18]",6,0.028622482131254002,-225,61,7,0.133583959899749,286,1
352,"(12,0)",,False,53,"[8, 12, 0, 19, 1]",5,0.013993316624895,-227,61,7,0.13657755499860702,288,1
353,"(12,0)",,False,53,"[8, 12, 0, 19, 1]",5,0.013993316624895,-227,61,7,0.13657755499860702,288,1
354,"(12,6)",,False,55,"[15, 2, 12, 6, 7]",6,0.030318852687273003,-229,61,7,0.128898635477582,290,1
355,"(12,6)",,False,55,"[15, 2, 12, 6, 7]",6,0.030318852687273003,-229,61,7,0.128898635477582,290,1
356,"(9,18)",,True,53,"[9, 18, 6, 2, 15]",6,0.037280701754385005,-231,61,7,0.134746588693957,292,1
357,"(9,18)",,True,53,"[9, 18, 6, 2, 15]",6,0.037280701754385005,-231,61,7,0.134746588693957,292,1
358,"(10,1)",,False,55,"[10, 5, 18, 1, 8]",6,0.037768031189083,-233,61,8,0.157128933444722,294,1
359,"(10,1)",,False,55,"[10, 5, 18, 1, 8]",6,0.037768031189083,-233,61,8,0.157128933444722,294,1
360,3:10,assassinate,True,50,"[9, 5, 17, 3, 7]",5,0.020467836257309,-235,61,8,0.158646616541353,296,1
361,3:10,assassinate,True,50,"[9, 5, 17, 3, 7]",5,0.020467836257309,-235,61,8,0.158646616541353,296,1
362,"(1,13)",,False,52,"[0, 10, 1, 13, 18]",6,0.125730994152046,-237,61,9,0.20162907268170402,298,1
363,"(1,13)",,False,52,"[0, 10, 1, 13, 18]",6,0.125730994152046,-237,61,9,0.20162907268170402,298,1
364,"(5,3)",,False,54,"[5, 3, 16, 11, 2]",6,0.05282651072124701,-239,61,9,0.20045484080571802,300,1
365,"(5,3)",,False,54,"[5, 3, 16, 11, 2]",6,0.05282651072124701,-239,61,9,0.20045484080571802,300,1
366,"(5,0)",,False,52,"[7, 5, 0, 11, 4]",5,0.058936872094766,-241,61,8,0.17593610093610001,302,1
367,"(5,0)",,False,52,"[7, 5, 0, 11, 4]",5,0.058936872094766,-241,61,8,0.17593610093610001,302,1
368,"(1,7)",,False,54,"[1, 0, 7, 15, 10]",6,0.076386673755094,-243,61,9,0.18993633072580401,304,1
369,"(1,7)",,False,54,"[1, 0, 7, 15, 10]",6,0.076386673755094,-243,61,9,0.18993633072580401,304,1
370,3:4,assassinate,True,53,"[3, 16, 10, 6, 7]",5,0.024853801169590004,-245,61,9,0.158507379560011,306,1
371,3:4,assassinate,True,53,"[3, 16, 10, 6, 7]",5,0.024853801169590004,-245,61,9,0.158507379560011,306,1
372,"(17,14)",,True,53,"[8, 17, 14, 19, 12]",6,0.04215399610136401,-247,61,9,0.160656270305393,308,1
373,"(17,14)",,True,53,"[8, 17, 14, 19, 12]",6,0.04215399610136401,-247,61,9,0.160656270305393,308,1
374,"(13,3)",,False,53,"[13, 11, 19, 6, 3]",6,0.048698134224450004,-249,61,9,0.18049754014666203,310,1
375,"(13,3)",,False,53,"[13, 11, 19, 6, 3]",6,0.048698134224450004,-249,61,9,0.18049754014666203,310,1
376,"(3,1)",,False,56,"[3, 1, 9, 0, 7]",6,0.051329713171818,-251,61,10,0.16587765710572702,312,1
377,"(3,1)",,False,56,"[3, 1, 9, 0, 7]",6,0.051329713171818,-251,61,10,0.16587765710572702,312,1
378,"(19,16)",,False,58,"[19, 5, 16, 3, 11]",7,0.052271883412234,-253,61,10,0.162531328320802,314,1
379,"(19,16)",,False,58,"[19, 5, 16, 3, 11]",7,0.052271883412234,-253,61,10,0.162531328320802,314,1
380,"(8,7)",,False,58,"[3, 8, 19, 7, 5]",7,0.052794022092267,-255,61,10,0.15934744268077503,316,1
381,"(8,7)",,False,58,"[3, 8, 19, 7, 5]",7,0.052794022092267,-255,61,10,0.15934744268077503,316,1
382,"(11,1)",,True,60,"[11, 5, 9, 3, 1]",7,0.052483059500603,-257,61,11,0.172057458460967,318,1
383,"(11,1)",,True,60,"[11, 5, 9, 3, 1]",7,0.052483059500603,-257,61,11,0.172057458460967,318,1
384,"(10,14)",,False,60,"[17, 10, 14, 6, 5]",7,0.054546087440824,-259,61,11,0.164731272626009,320,1
385,"(10,14)",,False,60,"[17, 10, 14, 6, 5]",7,0.054546087440824,-259,61,11,0.164731272626009,320,1
386,"(12,6)",,False,58,"[15, 12, 2, 4, 6]",7,0.058201058201058004,-261,61,11,0.171878771001578,322,1
387,"(12,6)",,False,58,"[15, 12, 2, 4, 6]",7,0.058201058201058004,-261,61,11,0.171878771001578,322,1
388,"(6,7)",,False,58,"[12, 6, 7, 16, 14]",7,0.060338345864661004,-263,61,11,0.164081500046412,324,1
389,"(6,7)",,False,58,"[12, 6, 7, 16, 14]",7,0.060338345864661004,-263,61,11,0.164081500046412,324,1
390,"(17,11)",,False,59,"[12, 14, 19, 17, 11]",7,0.060823354683003004,-265,61,11,0.15371298616912601,326,1
391,"(17,11)",,False,59,"[12, 14, 19, 17, 11]",7,0.060823354683003004,-265,61,11,0.15371298616912601,326,1
392,"(0,18)",,False,59,"[14, 9, 0, 18, 19]",6,0.036053095702218006,-267,61,11,0.15371298616912601,328,1
393,"(0,18)",,False,59,"[14, 9, 0, 18, 19]",6,0.036053095702218006,-267,61,11,0.15371298616912601,328,1
394,"(1,19)",,False,59,"[1, 2, 13, 19, 6]",6,0.034372969460688005,-269,61,11,0.12145641882483901,330,1
395,"(1,19)",,False,59,"[1, 2, 13, 19, 6]",6,0.034372969460688005,-269,61,11,0.12145641882483901,330,1
396,"(15,13)",,False,59,"[7, 11, 15, 4, 13]",7,0.049999999999999004,-271,61,11,0.12999164578111902,332,1
397,"(15,13)",,False,59,"[7, 11, 15, 4, 13]",7,0.049999999999999004,-271,61,11,0.12999164578111902,332,1
398,"(0,6)",,True,59,"[12, 9, 0, 16, 6]",6,0.035380116959064005,-273,61,11,0.12163974751694001,334,1
399,"(0,6)",,True,59,"[12, 9, 0, 16, 6]",6,0.035380116959064005,-273,61,11,0.12163974751694001,334,1
400,"(12,1)",,False,61,"[16, 12, 1, 0, 14]",6,0.035326953748006006,-275,61,12,0.143517674658025,336,1
401,"(12,1)",,False,61,"[16, 12, 1, 0, 14]",6,0.035326953748006006,-275,61,12,0.143517674658025,336,1
402,"(16,9)",,False,63,"[4, 2, 16, 19, 9]",7,0.042149565833776007,-277,61,12,0.132735247208931,338,1
403,"(16,9)",,False,63,"[4, 2, 16, 19, 9]",7,0.042149565833776007,-277,61,12,0.132735247208931,338,1
404,"(1,16)",,False,66,"[1, 0, 16, 5, 12]",7,0.037092731829573004,-279,61,13,0.13593706488443302,340,1
405,"(1,16)",,False,66,"[1, 0, 16, 5, 12]",7,0.037092731829573004,-279,61,13,0.13593706488443302,340,1
406,"(1,11)",,False,69,"[1, 6, 11, 17, 5]",9,0.075243664717348,-281,61,14,0.14678362573099402,342,1
407,"(1,11)",,False,69,"[1, 6, 11, 17, 5]",9,0.075243664717348,-281,61,14,0.14678362573099402,342,1
408,"(18,1)",,False,71,"[7, 11, 18, 1, 2]",9,0.072319688109161,-283,61,15,0.16286549707602302,344,1
409,"(18,1)",,False,71,"[7, 11, 18, 1, 2]",9,0.072319688109161,-283,61,15,0.16286549707602302,344,1
410,"(13,12)",,False,69,"[13, 4, 12, 9, 8]",9,0.08102959418748801,-285,61,14,0.14180400496189902,346,1
411,"(13,12)",,False,69,"[13, 4, 12, 9, 8]",9,0.08102959418748801,-285,61,14,0.14180400496189902,346,1
412,"(3,0)",,False,67,"[3, 6, 0, 19, 16]",8,0.066471734892787,-287,61,13,0.132222812924567,348,1
413,"(3,0)",,False,67,"[3, 6, 0, 19, 16]",8,0.066471734892787,-287,61,13,0.132222812924567,348,1
414,"(13,3)",,True,68,"[13, 14, 5, 3, 12]",8,0.06228070175438501,-289,61,13,0.13383922769887602,350,1
415,"(13,3)",,True,68,"[13, 14, 5, 3, 12]",8,0.06228070175438501,-289,61,13,0.13383922769887602,350,1
416,"(15,10)",,False,70,"[3, 5, 8, 15, 10]",8,0.05615659519168201,-291,61,13,0.11425875943419801,352,1
417,"(15,10)",,False,70,"[3, 5, 8, 15, 10]",8,0.05615659519168201,-291,61,13,0.11425875943419801,352,1
418,"(14,19)",,False,69,"[5, 14, 10, 9, 19]",9,0.084470435347628,-293,61,13,0.11713400309891502,354,1
419,"(14,19)",,False,69,"[5, 14, 10, 9, 19]",9,0.084470435347628,-293,61,13,0.11713400309891502,354,1
420,15:10,assassinate,True,65,"[16, 10, 15, 19, 13]",8,0.067263957614834,-295,61,13,0.11409483953343601,356,1
421,15:10,assassinate,True,65,"[16, 10, 15, 19, 13]",8,0.067263957614834,-295,61,13,0.11409483953343601,356,1
422,"(1,11)",,False,67,"[8, 1, 16, 17, 11]",8,0.05495219530307201,-297,61,14,0.13447971781305101,358,1
423,"(1,11)",,False,67,"[8, 1, 16, 17, 11]",8,0.05495219530307201,-297,61,14,0.13447971781305101,358,1
424,"(12,2)",,False,67,"[17, 9, 1, 12, 2]",8,0.056869868273377006,-299,61,14,0.140312481540551,360,1
425,"(12,2)",,False,67,"[17, 9, 1, 12, 2]",8,0.056869868273377006,-299,61,14,0.140312481540551,360,1
426,"(1,15)",,False,67,"[3, 1, 17, 15, 16]",8,0.05872636135794,-301,61,14,0.21566289461026303,362,1
427,"(1,15)",,False,67,"[3, 1, 17, 15, 16]",8,0.05872636135794,-301,61,14,0.21566289461026303,362,1
428,"(11,18)",,False,67,"[11, 18, 7, 16, 9]",8,0.0605410833481,-303,61,14,0.22309350818122703,364,1
429,"(11,18)",,False,67,"[11, 18, 7, 16, 9]",8,0.0605410833481,-303,61,14,0.22309350818122703,364,1
430,"(11,0)",,False,65,"[11, 15, 14, 0, 17]",7,0.046491228070175,-305,61,13,0.22213973485903302,366,1
431,"(11,0)",,False,65,"[11, 15, 14, 0, 17]",7,0.046491228070175,-305,61,13,0.22213973485903302,366,1
432,"(9,3)",,False,65,"[18, 12, 9, 3, 7]",7,0.047570314675577006,-307,61,13,0.180593740242863,368,1
433,"(9,3)",,False,65,"[18, 12, 9, 3, 7]",7,0.047570314675577006,-307,61,13,0.180593740242863,368,1
434,2:20,assassinate,True,57,"[6, 3, 10, 2, 7]",7,0.05441845354126001,-309,61,12,0.171897335932423,370,1
435,2:20,assassinate,True,57,"[6, 3, 10, 2, 7]",7,0.05441845354126001,-309,61,12,0.171897335932423,370,1
436,"(11,9)",,False,58,"[11, 9, 4, 5, 18]",7,0.047373062285342,-311,61,12,0.17179860425474403,372,1
437,"(11,9)",,False,58,"[11, 9, 4, 5, 18]",7,0.047373062285342,-311,61,12,0.17179860425474403,372,1
438,"(15,2)",,False,58,"[15, 14, 17, 16, 2]",7,0.050909681611436004,-313,61,11,0.19673594761314,374,1
439,"(15,2)",,False,58,"[15, 14, 17, 16, 2]",7,0.050909681611436004,-313,61,11,0.19673594761314,374,1
440,"(19,11)",,False,58,"[3, 2, 19, 11, 4]",7,0.046621182586094004,-315,61,11,0.168395525851666,376,1
441,"(19,11)",,False,58,"[3, 2, 19, 11, 4]",7,0.046621182586094004,-315,61,11,0.168395525851666,376,1
442,"(11,4)",,False,58,"[2, 11, 4, 18, 19]",7,0.039798570500324,-317,61,11,0.18694653299916403,378,1
443,"(11,4)",,False,58,"[2, 11, 4, 18, 19]",7,0.039798570500324,-317,61,11,0.18694653299916403,378,1
444,"(8,10)",,False,60,"[8, 16, 18, 10, 13]",8,0.038094167041535,-319,61,11,0.18511717327506802,380,1
445,"(8,10)",,False,60,"[8, 16, 18, 10, 13]",8,0.038094167041535,-319,61,11,0.18511717327506802,380,1
446,"(0,14)",,False,60,"[0, 16, 6, 17, 14]",7,0.025730994152046,-321,61,11,0.18733639654692202,382,1
447,"(0,14)",,False,60,"[0, 16, 6, 17, 14]",7,0.025730994152046,-321,61,11,0.18733639654692202,382,1
448,8:14,assassinate,True,54,"[10, 17, 8, 2, 14]",6,0.019200779727095,-323,61,11,0.181488443330548,384,1
449,8:14,assassinate,True,54,"[10, 17, 8, 2, 14]",6,0.019200779727095,-323,61,11,0.181488443330548,384,1
450,"(3,1)",,False,57,"[3, 10, 1, 6, 17]",6,0.019548872180451003,-325,61,12,0.19322675375306902,386,1
451,"(3,1)",,False,57,"[3, 10, 1, 6, 17]",6,0.019548872180451003,-325,61,12,0.19322675375306902,386,1
452,"(2,13)",,True,59,"[2, 0, 5, 13, 18]",6,0.018973359324236,-327,61,12,0.18174729753677102,388,1
453,"(2,13)",,True,59,"[2, 0, 5, 13, 18]",6,0.018973359324236,-327,61,12,0.18174729753677102,388,1
454,"(12,8)",,False,61,"[5, 13, 12, 17, 8]",6,0.026848103163892002,-329,61,12,0.20413543571438303,390,1
455,"(12,8)",,False,61,"[5, 13, 12, 17, 8]",6,0.026848103163892002,-329,61,12,0.20413543571438303,390,1
456,"(9,14)",,False,59,"[18, 9, 17, 1, 14]",6,0.027335432598590004,-331,61,11,0.19873936979200102,392,1
457,"(9,14)",,False,59,"[18, 9, 17, 1, 14]",6,0.027335432598590004,-331,61,11,0.19873936979200102,392,1
458,"(3,1)",,False,62,"[3, 2, 18, 1, 5]",6,0.026023391812865,-333,61,12,0.190985038353459,394,1
459,"(3,1)",,False,62,"[3, 2, 18, 1, 5]",6,0.026023391812865,-333,61,12,0.190985038353459,394,1
460,"(12,17)",,False,62,"[12, 18, 17, 16, 7]",7,0.06222822012295601,-335,61,12,0.171191965928808,396,1
461,"(12,17)",,False,62,"[12, 18, 17, 16, 7]",7,0.06222822012295601,-335,61,12,0.171191965928808,396,1
462,"(12,14)",,False,62,"[12, 11, 4, 14, 13]",7,0.057992202729044005,-337,61,12,0.168922305764411,398,1
463,"(12,14)",,False,62,"[12, 11, 4, 14, 13]",7,0.057992202729044005,-337,61,12,0.168922305764411,398,1
464,"(11,8)",,False,64,"[11, 8, 5, 18, 15]",7,0.052520189362294,-339,61,12,0.15970481759955402,400,1
465,"(11,8)",,False,64,"[11, 8, 5, 18, 15]",7,0.052520189362294,-339,61,12,0.15970481759955402,400,1
466,"(7,2)",,False,61,"[12, 7, 6, 2, 3]",7,0.05899006776199701,-341,61,10,0.12870138308734702,402,1
467,"(7,2)",,False,61,"[12, 7, 6, 2, 3]",7,0.05899006776199701,-341,61,10,0.12870138308734702,402,1
468,"(8,9)",,False,61,"[15, 8, 14, 9, 12]",7,0.066548737162772,-343,61,10,0.12675522982540502,404,1
469,"(8,9)",,False,61,"[15, 8, 14, 9, 12]",7,0.066548737162772,-343,61,10,0.12675522982540502,404,1
470,"(11,5)",,False,63,"[11, 6, 5, 13, 7]",7,0.051750588592693006,-345,61,10,0.10740234424444901,406,1
471,"(11,5)",,False,63,"[11, 6, 5, 13, 7]",7,0.051750588592693006,-345,61,10,0.10740234424444901,406,1
472,10:14,assassinate,True,57,"[14, 15, 7, 10, 17]",6,0.030173075787110003,-347,61,10,0.09926963874332201,408,1
473,10:14,assassinate,True,57,"[14, 15, 7, 10, 17]",6,0.030173075787110003,-347,61,10,0.09926963874332201,408,1
474,"(0,12)",,False,58,"[19, 0, 12, 18, 15]",5,0.016764132553606002,-349,61,10,0.09312865497076,410,1
475,"(0,12)",,False,58,"[19, 0, 12, 18, 15]",5,0.016764132553606002,-349,61,10,0.09312865497076,410,1
476,"(4,14)",,False,58,"[4, 14, 13, 0, 3]",5,0.016764132553606002,-351,61,10,0.09546087440824201,412,1
477,"(4,14)",,False,58,"[4, 14, 13, 0, 3]",5,0.016764132553606002,-351,61,10,0.09546087440824201,412,1
478,"(11,0)",,False,56,"[11, 12, 16, 0, 13]",4,0.007504873294346,-353,61,9,0.074468578854543,414,1
479,"(11,0)",,False,56,"[11, 12, 16, 0, 13]",4,0.007504873294346,-353,61,9,0.074468578854543,414,1
480,"(19,13)",,False,56,"[16, 19, 5, 13, 14]",4,0.012183235867446001,-355,61,9,0.079550728673535,416,1
481,"(19,13)",,False,56,"[16, 19, 5, 13, 14]",4,0.012183235867446001,-355,61,9,0.079550728673535,416,1
482,19:18,assassinate,True,48,"[15, 5, 19, 6, 8]",4,0.026315789473684,-357,61,8,0.0908057179987,418,1
483,19:18,assassinate,True,48,"[15, 5, 19, 6, 8]",4,0.026315789473684,-357,61,8,0.0908057179987,418,1
484,"(1,15)",,False,50,"[6, 13, 9, 1, 15]",4,0.027986633249791,-359,61,9,0.09536804975401401,420,1
485,"(1,15)",,False,50,"[6, 13, 9, 1, 15]",4,0.027986633249791,-359,61,9,0.09536804975401401,420,1
486,"(19,14)",,False,52,"[19, 18, 14, 17, 11]",4,0.028752436647173002,-361,61,9,0.11484730344379401,422,1
487,"(19,14)",,False,52,"[19, 18, 14, 17, 11]",4,0.028752436647173002,-361,61,9,0.11484730344379401,422,1
488,"(0,1)",,False,52,"[0, 16, 4, 2, 1]",5,0.11097187412976801,-363,61,10,0.16163092917478802,424,1
489,"(0,1)",,False,52,"[0, 16, 4, 2, 1]",5,0.11097187412976801,-363,61,10,0.16163092917478802,424,1
490,"(10,0)",,False,52,"[5, 10, 6, 0, 13]",4,0.005221386800334,-365,61,10,0.10918035830316501,426,1
491,"(10,0)",,False,52,"[5, 10, 6, 0, 13]",4,0.005221386800334,-365,61,10,0.10918035830316501,426,1
492,"(0,16)",,False,52,"[0, 6, 9, 8, 16]",4,0.10902255639097701,-367,61,10,0.16536248027476003,428,1
493,"(0,16)",,False,52,"[0, 6, 9, 8, 16]",4,0.10902255639097701,-367,61,10,0.16536248027476003,428,1
494,"(0,9)",,False,53,"[4, 16, 0, 10, 9]",3,0.105263157894736,-369,61,10,0.22634363686995201,430,1
495,"(0,9)",,False,53,"[4, 16, 0, 10, 9]",3,0.105263157894736,-369,61,10,0.22634363686995201,430,1
496,"(12,9)",,False,53,"[12, 9, 2, 17, 11]",3,0.105263157894736,-371,61,10,0.21340008269832803,432,1
497,"(12,9)",,False,53,"[12, 9, 2, 17, 11]",3,0.105263157894736,-371,61,10,0.21340008269832803,432,1
498,2:12,assassinate,True,48,"[13, 12, 8, 2, 18]",4,0.10058479532163701,-373,61,10,0.152223994329257,434,1
499,2:12,assassinate,True,48,"[13, 12, 8, 2, 18]",4,0.10058479532163701,-373,61,10,0.152223994329257,434,1
500,"(1,5)",,False,51,"[1, 3, 16, 5, 18]",4,0.106432748538011,-375,61,11,0.18730158730158702,436,1
501,"(1,5)",,False,51,"[1, 3, 16, 5, 18]",4,0.106432748538011,-375,61,11,0.18730158730158702,436,1
502,"(3,2)",,False,53,"[3, 9, 2, 18, 4]",5,0.11019214703425201,-377,61,11,0.181063770537454,438,1
503,"(3,2)",,False,53,"[3, 9, 2, 18, 4]",5,0.11019214703425201,-377,61,11,0.181063770537454,438,1
504,6:10,assassinate,True,50,"[12, 13, 6, 5, 11]",7,0.14557226399331602,-379,61,11,0.16397601748478902,440,1
505,6:10,assassinate,True,50,"[12, 13, 6, 5, 11]",7,0.14557226399331602,-379,61,11,0.16397601748478902,440,1
506,"(16,0)",,False,50,"[3, 16, 13, 14, 0]",6,0.13563074352548002,-381,61,11,0.171215074723846,442,1
507,"(16,0)",,False,50,"[3, 16, 13, 14, 0]",6,0.13563074352548002,-381,61,11,0.171215074723846,442,1
508,"(10,17)",,False,49,"[4, 15, 6, 10, 17]",5,0.052923976608187005,-381,62,9,0.069906247099229,443,1
509,"(10,17)",,False,49,"[4, 15, 6, 10, 17]",5,0.052923976608187005,-381,62,9,0.069906247099229,443,1
510,9:14,assassinate,True,41,"[14, 19, 9, 10, 18]",4,0.04307992202729,-383,62,8,0.075556947925368,445,1
511,9:14,assassinate,True,41,"[14, 19, 9, 10, 18]",4,0.04307992202729,-383,62,8,0.075556947925368,445,1
512,"(1,4)",,False,44,"[5, 7, 13, 1, 4]",4,0.035575048732943,-385,62,9,0.08196416968346701,447,1
513,"(1,4)",,False,44,"[5, 7, 13, 1, 4]",4,0.035575048732943,-385,62,9,0.08196416968346701,447,1
514,"(15,0)",,False,43,"[15, 0, 19, 11, 12]",3,0.036062378167641004,-387,62,9,0.09988129154795801,449,1
515,"(15,0)",,False,43,"[15, 0, 19, 11, 12]",3,0.036062378167641004,-387,62,9,0.09988129154795801,449,1
516,"(12,7)",,True,43,"[2, 14, 8, 12, 7]",3,0.022041214146477,-389,62,9,0.09587162350320201,451,1
517,"(12,7)",,True,43,"[2, 14, 8, 12, 7]",3,0.022041214146477,-389,62,9,0.09587162350320201,451,1
518,"(0,1)",,False,45,"[5, 13, 0, 18, 1]",4,0.041931216931216,-391,62,10,0.13100807574491702,453,1
519,"(0,1)",,False,45,"[5, 13, 0, 18, 1]",4,0.041931216931216,-391,62,10,0.13100807574491702,453,1
520,"(1,3)",,False,47,"[1, 10, 3, 12, 8]",5,0.05022974101921401,-393,62,11,0.156784005468215,455,1
521,"(1,3)",,False,47,"[1, 10, 3, 12, 8]",5,0.05022974101921401,-393,62,11,0.156784005468215,455,1
522,"(6,1)",,False,50,"[6, 9, 1, 17, 7]",5,0.05399610136452201,-395,62,12,0.32566454013822405,457,1
523,"(6,1)",,False,50,"[6, 9, 1, 17, 7]",5,0.05399610136452201,-395,62,12,0.32566454013822405,457,1
524,"(7,10)",,False,50,"[3, 8, 7, 15, 10]",5,0.07499999999999901,-397,62,11,0.167623604465709,459,1
525,"(7,10)",,False,50,"[3, 8, 7, 15, 10]",5,0.07499999999999901,-397,62,11,0.167623604465709,459,1
526,"(4,10)",,False,52,"[4, 14, 18, 10, 15]",5,0.048684210526315004,-399,62,11,0.145907065643907,461,1
527,"(4,10)",,False,52,"[4, 14, 18, 10, 15]",5,0.048684210526315004,-399,62,11,0.145907065643907,461,1
528,"(4,9)",,False,54,"[4, 17, 2, 9, 11]",5,0.041183978464680006,-401,62,11,0.165279570981325,463,1
529,"(4,9)",,False,54,"[4, 17, 2, 9, 11]",5,0.041183978464680006,-401,62,11,0.165279570981325,463,1
530,"(13,4)",,False,52,"[19, 13, 4, 16, 6]",5,0.046150097465886004,-403,62,10,0.12683223209538902,465,1
531,"(13,4)",,False,52,"[19, 13, 4, 16, 6]",5,0.046150097465886004,-403,62,10,0.12683223209538902,465,1
532,"(14,13)",,False,52,"[19, 14, 12, 13, 4]",5,0.046456126719284,-405,62,10,0.11960257091836,467,1
533,"(14,13)",,False,52,"[19, 14, 12, 13, 4]",5,0.046456126719284,-405,62,10,0.11960257091836,467,1
534,6:4,assassinate,True,51,"[11, 0, 6, 16, 18]",6,0.06280790359737701,-407,62,10,0.12030391635654701,469,1
535,6:4,assassinate,True,51,"[11, 0, 6, 16, 18]",6,0.06280790359737701,-407,62,10,0.12030391635654701,469,1
536,"(1,3)",,False,54,"[1, 12, 3, 19, 15]",8,0.055019493177387004,-409,62,11,0.141423001949317,471,1
537,"(1,3)",,False,54,"[1, 12, 3, 19, 15]",8,0.055019493177387004,-409,62,11,0.141423001949317,471,1
538,"(2,1)",,True,56,"[7, 13, 2, 4, 1]",8,0.045175438596491,-411,62,12,0.156822612085769,473,1
539,"(2,1)",,True,56,"[7, 13, 2, 4, 1]",8,0.045175438596491,-411,62,12,0.156822612085769,473,1
540,"(3,0)",,True,55,"[9, 3, 0, 18, 16]",7,0.049241158451684,-413,62,12,0.162593984962405,475,1
541,"(3,0)",,True,55,"[9, 3, 0, 18, 16]",7,0.049241158451684,-413,62,12,0.162593984962405,475,1
542,"(0,10)",,False,55,"[0, 9, 10, 17, 19]",7,0.121003898635477,-415,62,12,0.18235867446393703,477,1
543,"(0,10)",,False,55,"[0, 9, 10, 17, 19]",7,0.121003898635477,-415,62,12,0.18235867446393703,477,1
544,"(2,0)",,False,55,"[16, 2, 9, 10, 0]",6,0.111027568922305,-417,62,12,0.194033695349484,479,1
545,"(2,0)",,False,55,"[16, 2, 9, 10, 0]",6,0.111027568922305,-417,62,12,0.194033695349484,479,1
546,"(6,17)",,False,57,"[16, 6, 4, 17, 9]",6,0.034405458089668,-419,62,12,0.16636730715678003,481,1
547,"(6,17)",,False,57,"[16, 6, 4, 17, 9]",6,0.034405458089668,-419,62,12,0.16636730715678003,481,1
548,"(15,6)",,False,57,"[15, 11, 3, 13, 6]",6,0.031542028471853,-421,62,11,0.137134502923976,483,1
549,"(15,6)",,False,57,"[15, 11, 3, 13, 6]",6,0.031542028471853,-421,62,11,0.137134502923976,483,1
550,16:18,assassinate,True,49,"[14, 5, 2, 16, 4]",5,0.022498375568551002,-423,62,10,0.135932423651721,485,1
551,16:18,assassinate,True,49,"[14, 5, 2, 16, 4]",5,0.022498375568551002,-423,62,10,0.135932423651721,485,1
552,"(3,16)",,False,51,"[3, 6, 18, 16, 5]",6,0.051007147498375004,-425,62,10,0.182813515269655,487,1
553,"(3,16)",,False,51,"[3, 6, 18, 16, 5]",6,0.051007147498375004,-425,62,10,0.182813515269655,487,1
554,"(0,10)",,True,51,"[12, 9, 0, 13, 10]",6,0.047141000649772,-427,62,10,0.168908382066276,489,1
555,"(0,10)",,True,51,"[12, 9, 0, 13, 10]",6,0.047141000649772,-427,62,10,0.168908382066276,489,1
556,"(19,1)",,False,53,"[14, 19, 8, 1, 5]",6,0.041755061053306,-429,62,11,0.178279030910609,491,1
557,"(19,1)",,False,53,"[14, 19, 8, 1, 5]",6,0.041755061053306,-429,62,11,0.178279030910609,491,1
558,"(5,16)",,False,53,"[5, 19, 18, 6, 16]",6,0.041755061053306,-431,62,11,0.178279030910609,493,1
559,"(5,16)",,False,53,"[5, 19, 18, 6, 16]",6,0.041755061053306,-431,62,11,0.178279030910609,493,1
560,"(1,8)",,False,55,"[1, 4, 7, 8, 13]",6,0.040888546151704,-433,62,12,0.190578476104791,495,1
561,"(1,8)",,False,55,"[1, 4, 7, 8, 13]",6,0.040888546151704,-433,62,12,0.190578476104791,495,1
562,"(4,2)",,False,53,"[4, 12, 15, 9, 2]",6,0.041365197505548006,-435,62,11,0.20320245057087102,497,1
563,"(4,2)",,False,53,"[4, 12, 15, 9, 2]",6,0.041365197505548006,-435,62,11,0.20320245057087102,497,1
564,18:10,assassinate,True,50,"[11, 16, 10, 12, 18]",6,0.031319795329083,-437,62,11,0.18570810567714502,499,1
565,18:10,assassinate,True,50,"[11, 16, 10, 12, 18]",6,0.031319795329083,-437,62,11,0.18570810567714502,499,1
566,"(13,18)",,False,53,"[7, 15, 9, 13, 18]",6,0.029894601824426003,-439,62,11,0.20372332346016503,501,1
567,"(13,18)",,False,53,"[7, 15, 9, 13, 18]",6,0.029894601824426003,-439,62,11,0.20372332346016503,501,1
568,"(8,1)",,True,55,"[3, 17, 15, 8, 1]",7,0.092439431913116,-441,62,12,0.22910052910052903,503,1
569,"(8,1)",,True,55,"[3, 17, 15, 8, 1]",7,0.092439431913116,-441,62,12,0.22910052910052903,503,1
570,"(1,6)",,False,55,"[14, 1, 6, 2, 17]",7,0.08893065998329101,-443,62,13,0.270182400445558,505,1
571,"(1,6)",,False,55,"[14, 1, 6, 2, 17]",7,0.08893065998329101,-443,62,13,0.270182400445558,505,1
572,"(16,1)",,False,57,"[10, 16, 1, 7, 11]",8,0.11522484987397201,-445,62,14,0.27701679412205704,507,1
573,"(16,1)",,False,57,"[10, 16, 1, 7, 11]",8,0.11522484987397201,-445,62,14,0.27701679412205704,507,1
574,"(1,18)",,False,59,"[14, 2, 17, 1, 18]",8,0.062642717905875,-447,62,15,0.297807017543859,509,1
575,"(1,18)",,False,59,"[14, 2, 17, 1, 18]",8,0.062642717905875,-447,62,15,0.297807017543859,509,1
576,"(15,6)",,False,60,"[15, 6, 13, 8, 17]",8,0.067328042328042,-449,62,15,0.30148983570036203,511,1
577,"(15,6)",,False,60,"[15, 6, 13, 8, 17]",8,0.067328042328042,-449,62,15,0.30148983570036203,511,1
578,"(15,2)",,True,60,"[11, 15, 2, 6, 8]",8,0.054576255453448005,-451,62,15,0.28599275967697,513,1
579,"(15,2)",,True,60,"[11, 15, 2, 6, 8]",8,0.054576255453448005,-451,62,15,0.28599275967697,513,1
580,"(18,0)",,False,58,"[14, 7, 18, 5, 0]",7,0.029789752158173,-453,62,14,0.27582846003898603,515,1
581,"(18,0)",,False,58,"[14, 7, 18, 5, 0]",7,0.029789752158173,-453,62,14,0.27582846003898603,515,1
582,7:18,assassinate,True,50,"[0, 7, 12, 9, 14]",6,0.025503573749187002,-455,62,13,0.25594541910331303,517,1
583,7:18,assassinate,True,50,"[0, 7, 12, 9, 14]",6,0.025503573749187002,-455,62,13,0.25594541910331303,517,1
584,"(6,1)",,False,50,"[11, 15, 6, 1, 9]",6,0.025503573749187002,-457,62,13,0.25594541910331303,519,1
585,"(6,1)",,False,50,"[11, 15, 6, 1, 9]",6,0.025503573749187002,-457,62,13,0.25594541910331303,519,1
586,"(7,6)",,False,53,"[7, 3, 6, 2, 5]",6,0.035250162443144,-459,62,13,0.28082242643646105,521,1
587,"(7,6)",,False,53,"[7, 3, 6, 2, 5]",6,0.035250162443144,-459,62,13,0.28082242643646105,521,1
588,"(8,12)",,True,53,"[18, 8, 14, 6, 12]",7,0.047628330084470004,-461,62,13,0.27828831337603205,523,1
589,"(8,12)",,True,53,"[18, 8, 14, 6, 12]",7,0.047628330084470004,-461,62,13,0.27828831337603205,523,1
590,"(17,13)",,False,53,"[11, 8, 17, 15, 13]",7,0.040415854450942,-463,62,13,0.268184349763297,525,1
591,"(17,13)",,False,53,"[11, 8, 17, 15, 13]",7,0.040415854450942,-463,62,13,0.268184349763297,525,1
592,"(17,11)",,False,55,"[16, 17, 12, 2, 11]",7,0.032910981156595,-465,62,13,0.24470899470899402,527,1
593,"(17,11)",,False,55,"[16, 17, 12, 2, 11]",7,0.032910981156595,-465,62,13,0.24470899470899402,527,1
594,"(11,5)",,False,55,"[18, 11, 5, 19, 9]",7,0.033711593799313,-467,62,13,0.241617933723196,529,1
595,"(11,5)",,False,55,"[18, 11, 5, 19, 9]",7,0.033711593799313,-467,62,13,0.241617933723196,529,1
596,"(9,5)",,False,53,"[7, 9, 17, 10, 5]",7,0.054334911352455,-469,62,12,0.213803026083727,531,1
597,"(9,5)",,False,53,"[7, 9, 17, 10, 5]",7,0.054334911352455,-469,62,12,0.213803026083727,531,1
598,4:10,assassinate,True,49,"[4, 9, 15, 6, 12]",6,0.020741668987283003,-471,62,12,0.20958414554905702,533,1
599,4:10,assassinate,True,49,"[4, 9, 15, 6, 12]",6,0.020741668987283003,-471,62,12,0.20958414554905702,533,1
600,"(19,5)",,False,50,"[19, 16, 5, 13, 7]",6,0.020546737213403003,-473,62,12,0.197215260373155,535,1
601,"(19,5)",,False,50,"[19, 16, 5, 13, 7]",6,0.020546737213403003,-473,62,12,0.197215260373155,535,1
602,"(17,11)",,False,48,"[3, 10, 8, 17, 11]",6,0.024877007333147003,-475,62,11,0.14855193539404002,537,1
603,"(17,11)",,False,48,"[3, 10, 8, 17, 11]",6,0.024877007333147003,-475,62,11,0.14855193539404002,537,1
604,"(0,17)",,False,48,"[0, 15, 9, 17, 18]",5,0.012206442031003,-477,62,11,0.15556947925368902,539,1
605,"(0,17)",,False,48,"[0, 15, 9, 17, 18]",5,0.012206442031003,-477,62,11,0.15556947925368902,539,1
606,"(9,8)",,False,50,"[9, 12, 8, 16, 3]",6,0.11746959992574,-479,62,11,0.184614313561681,541,1
607,"(9,8)",,False,50,"[9, 12, 8, 16, 3]",6,0.11746959992574,-479,62,11,0.184614313561681,541,1
608,7:6,assassinate,True,48,"[18, 15, 7, 2, 17]",6,0.10883690708252101,-481,62,11,0.18255360623781602,543,1
609,7:6,assassinate,True,48,"[18, 15, 7, 2, 17]",6,0.10883690708252101,-481,62,11,0.18255360623781602,543,1
610,"(1,11)",,True,50,"[1, 13, 12, 11, 18]",7,0.120922677063027,-483,62,12,0.199722369897808,545,1
611,"(1,11)",,True,50,"[1, 13, 12, 11, 18]",7,0.120922677063027,-483,62,12,0.199722369897808,545,1
612,"(14,4)",,False,53,"[9, 14, 6, 8, 4]",9,0.19116773415019,-481,64,12,0.172890559732664,545,1
613,"(14,4)",,False,53,"[9, 14, 6, 8, 4]",9,0.19116773415019,-481,64,12,0.172890559732664,545,1
614,"(11,0)",,False,53,"[14, 11, 6, 0, 12]",8,0.165060800148519,-481,65,12,0.189998987367408,546,1
615,"(11,0)",,False,53,"[14, 11, 6, 0, 12]",8,0.165060800148519,-481,65,12,0.189998987367408,546,1
616,"(4,17)",,False,53,"[19, 18, 4, 17, 10]",8,0.162415297503016,-481,66,12,0.18576618313460402,547,1
617,"(4,17)",,False,53,"[19, 18, 4, 17, 10]",8,0.162415297503016,-481,66,12,0.18576618313460402,547,1
618,"(1,10)",,False,55,"[13, 17, 5, 1, 10]",8,0.157184628237259,-481,67,13,0.21167438799017702,548,1
619,"(1,10)",,False,55,"[13, 17, 5, 1, 10]",8,0.157184628237259,-481,67,13,0.21167438799017702,548,1
620,"(7,17)",,False,54,"[7, 3, 17, 10, 6]",8,0.10369674185463601,-481,68,11,0.13061441482494102,549,1
621,"(7,17)",,False,54,"[7, 3, 17, 10, 6]",8,0.10369674185463601,-481,68,11,0.13061441482494102,549,1
622,"(3,6)",,False,56,"[3, 8, 12, 9, 6]",8,0.09563492063492,-483,68,11,0.12396268448900001,551,1
623,"(3,6)",,False,56,"[3, 8, 12, 9, 6]",8,0.09563492063492,-483,68,11,0.12396268448900001,551,1
624,"(1,4)",,False,56,"[15, 2, 12, 1, 4]",8,0.09078947368421,-483,69,12,0.18428014480646002,552,1
625,"(1,4)",,False,56,"[15, 2, 12, 1, 4]",8,0.09078947368421,-483,69,12,0.18428014480646002,552,1
626,"(5,7)",,False,56,"[5, 7, 19, 9, 18]",8,0.13857560568086802,-481,71,11,0.13338902812587,552,1
627,"(5,7)",,False,56,"[5, 7, 19, 9, 18]",8,0.13857560568086802,-481,71,11,0.13338902812587,552,1
628,"(19,1)",,False,56,"[18, 6, 19, 7, 1]",7,0.130604288499025,-481,72,11,0.13589529379003001,553,1
629,"(19,1)",,False,56,"[18, 6, 19, 7, 1]",7,0.130604288499025,-481,72,11,0.13589529379003001,553,1
630,"(0,16)",,False,56,"[10, 0, 19, 9, 16]",7,0.130604288499025,-481,73,11,0.13589529379003001,554,1
631,"(0,16)",,False,56,"[10, 0, 19, 9, 16]",7,0.130604288499025,-481,73,11,0.13589529379003001,554,1
632,"(4,14)",,False,58,"[16, 4, 14, 3, 11]",7,0.065204678362573,-481,74,11,0.133235867446393,555,1
633,"(4,14)",,False,58,"[16, 4, 14, 3, 11]",7,0.065204678362573,-481,74,11,0.133235867446393,555,1
634,"(10,17)",,False,58,"[19, 10, 17, 15, 5]",7,0.06715399610136401,-483,74,11,0.14019771651350602,557,1
635,"(10,17)",,False,58,"[19, 10, 17, 15, 5]",7,0.06715399610136401,-483,74,11,0.14019771651350602,557,1
636,"(13,2)",,False,59,"[13, 8, 9, 19, 2]",9,0.11743943191311601,-485,74,11,0.13714842662211002,559,1
637,"(13,2)",,False,59,"[13, 8, 9, 19, 2]",9,0.11743943191311601,-485,74,11,0.13714842662211002,559,1
638,"(4,0)",,True,59,"[6, 2, 10, 4, 0]",8,0.067613478139793,-487,74,11,0.134767474241158,561,1
639,"(4,0)",,True,59,"[6, 2, 10, 4, 0]",8,0.067613478139793,-487,74,11,0.134767474241158,561,1
640,"(1,5)",,False,59,"[1, 6, 10, 9, 5]",8,0.06598904669080101,-489,74,11,0.12039125591757101,563,1
641,"(1,5)",,False,59,"[1, 6, 10, 9, 5]",8,0.06598904669080101,-489,74,11,0.12039125591757101,563,1
642,"(15,18)",,False,57,"[9, 15, 18, 4, 17]",8,0.07846468021906601,-489,75,10,0.083166248955722,564,1
643,"(15,18)",,False,57,"[9, 15, 18, 4, 17]",8,0.07846468021906601,-489,75,10,0.083166248955722,564,1
644,3:12,assassinate,True,52,"[16, 3, 7, 14, 5]",7,0.046523716699155004,-491,75,10,0.078752436647173,566,1
645,3:12,assassinate,True,52,"[16, 3, 7, 14, 5]",7,0.046523716699155004,-491,75,10,0.078752436647173,566,1
646,"(7,1)",,False,54,"[8, 17, 7, 1, 9]",8,0.09103904542501001,-491,76,11,0.100194931773879,567,1
647,"(7,1)",,False,54,"[8, 17, 7, 1, 9]",8,0.09103904542501001,-491,76,11,0.100194931773879,567,1
648,"(16,15)",,True,56,"[16, 17, 7, 15, 10]",8,0.141402327367239,-489,78,11,0.107894736842105,567,1
649,"(16,15)",,True,56,"[16, 17, 7, 15, 10]",8,0.141402327367239,-489,78,11,0.107894736842105,567,1
650,"(11,3)",,False,58,"[4, 18, 11, 16, 3]",8,0.092884990253411,-489,79,11,0.11452241715399601,568,1
651,"(11,3)",,False,58,"[4, 18, 11, 16, 3]",8,0.092884990253411,-489,79,11,0.11452241715399601,568,1
652,4:6,assassinate,True,56,"[0, 2, 4, 12, 19]",7,0.038336582196231005,-491,79,11,0.115204678362573,570,1
653,4:6,assassinate,True,56,"[0, 2, 4, 12, 19]",7,0.038336582196231005,-491,79,11,0.115204678362573,570,1
654,"(9,3)",,False,56,"[9, 3, 8, 12, 7]",7,0.038336582196231005,-493,79,11,0.115204678362573,572,1
655,"(9,3)",,False,56,"[9, 3, 8, 12, 7]",7,0.038336582196231005,-493,79,11,0.115204678362573,572,1
656,"(12,1)",,True,58,"[12, 7, 2, 18, 1]",8,0.142300194931773,-491,81,12,0.137134502923976,572,1
657,"(12,1)",,True,58,"[12, 7, 2, 18, 1]",8,0.142300194931773,-491,81,12,0.137134502923976,572,1
658,"(2,5)",,False,59,"[13, 2, 8, 10, 5]",8,0.137426900584795,-489,83,12,0.127290448343079,572,1
659,"(2,5)",,False,59,"[13, 2, 8, 10, 5]",8,0.137426900584795,-489,83,12,0.127290448343079,572,1
660,9:20,assassinate,True,48,"[12, 15, 18, 5, 9]",7,0.126218323586744,-489,84,11,0.148213125406107,573,1
661,9:20,assassinate,True,48,"[12, 15, 18, 5, 9]",7,0.126218323586744,-489,84,11,0.148213125406107,573,1
662,"(4,1)",,False,50,"[18, 11, 7, 4, 1]",7,0.047920727745289,-491,84,12,0.198245614035087,575,1
663,"(4,1)",,False,50,"[18, 11, 7, 4, 1]",7,0.047920727745289,-491,84,12,0.198245614035087,575,1
664,"(16,1)",,True,52,"[8, 12, 16, 1, 2]",7,0.046458739441195,-493,84,13,0.23343079922027202,577,1
665,"(16,1)",,True,52,"[8, 12, 16, 1, 2]",7,0.046458739441195,-493,84,13,0.23343079922027202,577,1
666,"(18,0)",,False,52,"[8, 14, 2, 18, 0]",6,0.026559454191033,-495,84,13,0.22750753145489902,579,1
667,"(18,0)",,False,52,"[8, 14, 2, 18, 0]",6,0.026559454191033,-495,84,13,0.22750753145489902,579,1
668,"(5,11)",,False,52,"[5, 18, 19, 6, 11]",6,0.026267056530214,-497,84,13,0.23980215690742002,581,1
669,"(5,11)",,False,52,"[5, 18, 19, 6, 11]",6,0.026267056530214,-497,84,13,0.23980215690742002,581,1
670,"(12,5)",,False,49,"[12, 17, 3, 5, 19]",6,0.1088693957115,-497,85,11,0.11573377889167301,582,1
671,"(12,5)",,False,49,"[12, 17, 3, 5, 19]",6,0.1088693957115,-497,85,11,0.11573377889167301,582,1
672,"(4,5)",,False,51,"[4, 16, 5, 3, 12]",6,0.041033138401559005,-497,86,11,0.122458925090504,583,1
673,"(4,5)",,False,51,"[4, 16, 5, 3, 12]",6,0.041033138401559005,-497,86,11,0.122458925090504,583,1
674,"(9,19)",,False,54,"[9, 19, 10, 4, 14]",7,0.09138123085491501,-499,86,11,0.12048175995544401,585,1
675,"(9,19)",,False,54,"[9, 19, 10, 4, 14]",7,0.09138123085491501,-499,86,11,0.12048175995544401,585,1
676,"(12,18)",,True,54,"[5, 12, 18, 11, 9]",7,0.09138123085491501,-501,86,11,0.126608187134502,587,1
677,"(12,18)",,True,54,"[5, 12, 18, 11, 9]",7,0.09138123085491501,-501,86,11,0.126608187134502,587,1
678,"(7,15)",,False,52,"[7, 15, 2, 17, 8]",7,0.162354361038571,-499,88,11,0.142917478882391,587,1
679,"(7,15)",,False,52,"[7, 15, 2, 17, 8]",7,0.162354361038571,-499,88,11,0.142917478882391,587,1
680,"(18,13)",,False,52,"[8, 18, 13, 11, 7]",8,0.19141472562525103,-497,90,11,0.156148400008049,587,1
681,"(18,13)",,False,52,"[8, 18, 13, 11, 7]",8,0.19141472562525103,-497,90,11,0.156148400008049,587,1
682,"(12,15)",,False,52,"[8, 13, 12, 3, 15]",9,0.21506544138123002,-495,92,11,0.20614784825311103,587,1
683,"(12,15)",,False,52,"[8, 13, 12, 3, 15]",9,0.21506544138123002,-495,92,11,0.20614784825311103,587,1
684,"(1,9)",,False,52,"[11, 2, 1, 9, 14]",9,0.20002088554720102,-495,93,12,0.25825032667137904,588,1
685,"(1,9)",,False,52,"[11, 2, 1, 9, 14]",9,0.20002088554720102,-495,93,12,0.25825032667137904,588,1
686,"(11,1)",,False,54,"[11, 8, 5, 1, 7]",9,0.172696877521438,-495,94,13,0.259408314232875,589,1
687,"(11,1)",,False,54,"[11, 8, 5, 1, 7]",9,0.172696877521438,-495,94,13,0.259408314232875,589,1
688,"(4,5)",,False,56,"[8, 13, 4, 5, 14]",10,0.16116109361723402,-497,94,13,0.22957214974758802,591,1
689,"(4,5)",,False,56,"[8, 13, 4, 5, 14]",10,0.16116109361723402,-497,94,13,0.22957214974758802,591,1
690,"(19,0)",,False,54,"[16, 12, 19, 0, 11]",9,0.161589580010632,-499,94,13,0.261792106528948,593,1
691,"(19,0)",,False,54,"[16, 12, 19, 0, 11]",9,0.161589580010632,-499,94,13,0.261792106528948,593,1
692,"(3,7)",,False,56,"[19, 12, 14, 3, 7]",10,0.19700218559867602,-501,94,13,0.239012936381357,595,1
693,"(3,7)",,False,56,"[19, 12, 14, 3, 7]",10,0.19700218559867602,-501,94,13,0.239012936381357,595,1
694,"(2,5)",,False,59,"[15, 2, 14, 17, 5]",10,0.150747238466536,-503,94,13,0.19787199480181902,597,1
695,"(2,5)",,False,59,"[15, 2, 14, 17, 5]",10,0.150747238466536,-503,94,13,0.19787199480181902,597,1
696,"(16,0)",,False,59,"[17, 6, 16, 4, 0]",9,0.11301169590643201,-505,94,13,0.210341721306633,599,1
697,"(16,0)",,False,59,"[17, 6, 16, 4, 0]",9,0.11301169590643201,-505,94,13,0.210341721306633,599,1
698,"(2,7)",,False,61,"[15, 3, 2, 7, 9]",9,0.109795321637426,-507,94,13,0.19083820662768,601,1
699,"(2,7)",,False,61,"[15, 3, 2, 7, 9]",9,0.109795321637426,-507,94,13,0.19083820662768,601,1
700,"(4,9)",,False,59,"[4, 5, 18, 11, 9]",9,0.11917293233082701,-509,94,13,0.211939571150097,603,1
701,"(4,9)",,False,59,"[4, 5, 18, 11, 9]",9,0.11917293233082701,-509,94,13,0.211939571150097,603,1
702,17:20,assassinate,True,50,"[15, 17, 8, 7, 5]",8,0.101865775549986,-511,94,12,0.20768904584694,605,1
703,17:20,assassinate,True,50,"[15, 17, 8, 7, 5]",8,0.101865775549986,-511,94,12,0.20768904584694,605,1
704,"(8,17)",,False,50,"[3, 2, 8, 17, 15]",8,0.106934001670843,-513,94,11,0.18692881192881103,607,1
705,"(8,17)",,False,50,"[3, 2, 8, 17, 15]",8,0.106934001670843,-513,94,11,0.18692881192881103,607,1
706,"(5,10)",,False,50,"[2, 4, 5, 15, 10]",8,0.088157894736842,-515,94,10,0.131835902888534,609,1
707,"(5,10)",,False,50,"[2, 4, 5, 15, 10]",8,0.088157894736842,-515,94,10,0.131835902888534,609,1
708,"(3,4)",,False,50,"[17, 3, 4, 16, 19]",8,0.08165552770815901,-517,94,9,0.107031467557783,611,1
709,"(3,4)",,False,50,"[17, 3, 4, 16, 19]",8,0.08165552770815901,-517,94,9,0.107031467557783,611,1
710,"(5,3)",,False,52,"[9, 13, 5, 3, 8]",8,0.08156270305393101,-517,95,9,0.08265402563648101,612,1
711,"(5,3)",,False,52,"[9, 13, 5, 3, 8]",8,0.08156270305393101,-517,95,9,0.08265402563648101,612,1
712,6:6,assassinate,True,50,"[15, 6, 19, 2, 10]",7,0.057950431634642,-517,96,9,0.07345510240247001,613,1
713,6:6,assassinate,True,50,"[15, 6, 19, 2, 10]",7,0.057950431634642,-517,96,9,0.07345510240247001,613,1
714,"(10,2)",,False,52,"[13, 10, 5, 14, 2]",8,0.09667687737863101,-515,98,9,0.070826476966827,613,1
715,"(10,2)",,False,52,"[13, 10, 5, 14, 2]",8,0.09667687737863101,-515,98,9,0.070826476966827,613,1
716,"(9,1)",,False,54,"[9, 0, 18, 19, 1]",8,0.08724821312540601,-515,99,10,0.10066601689408701,614,1
717,"(9,1)",,False,54,"[9, 0, 18, 19, 1]",8,0.08724821312540601,-515,99,10,0.10066601689408701,614,1
718,"(7,16)",,False,52,"[7, 12, 11, 14, 16]",8,0.14171539961013602,-513,101,10,0.11741158451684701,614,1
719,"(7,16)",,False,52,"[7, 12, 11, 14, 16]",8,0.14171539961013602,-513,101,10,0.11741158451684701,614,1
720,"(17,18)",,False,55,"[14, 8, 4, 17, 18]",10,0.13661236424394302,-511,103,10,0.101067483523623,614,1
721,"(17,18)",,False,55,"[14, 8, 4, 17, 18]",10,0.13661236424394302,-511,103,10,0.101067483523623,614,1
722,"(0,11)",,False,56,"[0, 15, 2, 3, 11]",9,0.10750255267799101,-509,105,10,0.090578297595841,614,1
723,"(0,11)",,False,56,"[0, 15, 2, 3, 11]",9,0.10750255267799101,-509,105,10,0.090578297595841,614,1
724,"(1,6)",,False,58,"[17, 1, 15, 12, 6]",10,0.14848463751972502,-509,106,11,0.176975737063456,615,1
725,"(1,6)",,False,58,"[17, 1, 15, 12, 6]",10,0.14848463751972502,-509,106,11,0.176975737063456,615,1
726,"(18,13)",,False,58,"[18, 9, 6, 13, 14]",10,0.152858999350227,-511,106,11,0.17158494526915502,617,1
727,"(18,13)",,False,58,"[18, 9, 6, 13, 14]",10,0.152858999350227,-511,106,11,0.17158494526915502,617,1
728,"(0,4)",,False,58,"[19, 0, 6, 4, 18]",10,0.15292397660818702,-511,107,11,0.167218973359324,618,1
729,"(0,4)",,False,58,"[19, 0, 6, 4, 18]",10,0.15292397660818702,-511,107,11,0.167218973359324,618,1
730,"(1,2)",,False,60,"[1, 9, 5, 2, 7]",10,0.14838949224914103,-513,107,12,0.169548872180451,620,1
731,"(1,2)",,False,60,"[1, 9, 5, 2, 7]",10,0.14838949224914103,-513,107,12,0.169548872180451,620,1
732,"(17,7)",,False,62,"[17, 13, 12, 11, 7]",11,0.180929174788823,-511,109,12,0.11718648473034401,620,1
733,"(17,7)",,False,62,"[17, 13, 12, 11, 7]",11,0.180929174788823,-511,109,12,0.11718648473034401,620,1
734,"(12,1)",,False,64,"[12, 2, 11, 3, 1]",12,0.185731422573527,-509,111,13,0.14335304072146102,620,1
735,"(12,1)",,False,64,"[12, 2, 11, 3, 1]",12,0.185731422573527,-509,111,13,0.14335304072146102,620,1
736,"(3,8)",,False,64,"[5, 3, 9, 7, 8]",12,0.184068173541857,-507,113,13,0.14251572014729902,620,1
737,"(3,8)",,False,64,"[5, 3, 9, 7, 8]",12,0.184068173541857,-507,113,13,0.14251572014729902,620,1
738,16:10,assassinate,True,59,"[6, 4, 16, 8, 14]",12,0.16964633806739002,-505,115,12,0.12199248120300701,620,1
739,16:10,assassinate,True,59,"[6, 4, 16, 8, 14]",12,0.16964633806739002,-505,115,12,0.12199248120300701,620,1
740,9:14,assassinate,True,51,"[14, 19, 1, 2, 9]",11,0.16317181843497602,-503,117,10,0.092411584516847,620,1
741,9:14,assassinate,True,51,"[14, 19, 1, 2, 9]",11,0.16317181843497602,-503,117,10,0.092411584516847,620,1
742,12:4,assassinate,True,49,"[12, 13, 1, 6, 18]",10,0.12498375568551001,-501,119,10,0.080328135152696,620,1
743,12:4,assassinate,True,49,"[12, 13, 1, 6, 18]",10,0.12498375568551001,-501,119,10,0.080328135152696,620,1
744,13:10,assassinate,True,45,"[18, 9, 6, 13, 15]",9,0.10162443144899201,-499,121,9,0.059990253411306003,620,1
745,13:10,assassinate,True,45,"[18, 9, 6, 13, 15]",9,0.10162443144899201,-499,121,9,0.059990253411306003,620,1
746,"(0,5)",,False,46,"[15, 0, 5, 14, 12]",8,0.13106377053745402,-497,123,9,0.065747702589807,620,1
747,"(0,5)",,False,46,"[15, 0, 5, 14, 12]",8,0.13106377053745402,-497,123,9,0.065747702589807,620,1
748,"(13,18)",,False,48,"[3, 13, 12, 17, 18]",8,0.11445708287813501,-495,125,9,0.06358845832530001,620,1
749,"(13,18)",,False,48,"[3, 13, 12, 17, 18]",8,0.11445708287813501,-495,125,9,0.06358845832530001,620,1
750,"(5,9)",,False,48,"[5, 9, 17, 19, 12]",8,0.13048129583217302,-493,127,9,0.062424579968439003,620,1
751,"(5,9)",,False,48,"[5, 9, 17, 19, 12]",8,0.13048129583217302,-493,127,9,0.062424579968439003,620,1
752,"(3,18)",,False,51,"[3, 19, 7, 18, 14]",8,0.08510164299637901,-491,129,9,0.054650515176830006,620,1
753,"(3,18)",,False,51,"[3, 19, 7, 18, 14]",8,0.08510164299637901,-491,129,9,0.054650515176830006,620,1
754,"(3,1)",,False,51,"[0, 9, 3, 1, 7]",8,0.07794022092267701,-489,131,9,0.069335375475726,620,1
755,"(3,1)",,False,51,"[0, 9, 3, 1, 7]",8,0.07794022092267701,-489,131,9,0.069335375475726,620,1
756,"(3,0)",,False,49,"[19, 9, 3, 16, 0]",7,0.062150747238466,-487,133,8,0.042810730530028006,620,1
757,"(3,0)",,False,49,"[19, 9, 3, 16, 0]",7,0.062150747238466,-487,133,8,0.042810730530028006,620,1
758,"(10,0)",,False,49,"[19, 10, 4, 0, 14]",7,0.149090318388564,-485,135,8,0.045149911816578,620,1
759,"(10,0)",,False,49,"[19, 10, 4, 0, 14]",7,0.149090318388564,-485,135,8,0.045149911816578,620,1
760,"(12,1)",,False,51,"[6, 4, 0, 12, 1]",7,0.160507750858628,-483,137,9,0.11198366286085501,620,1
761,"(12,1)",,False,51,"[6, 4, 0, 12, 1]",7,0.160507750858628,-483,137,9,0.11198366286085501,620,1
762,"(5,12)",,False,51,"[6, 15, 5, 12, 14]",7,0.15737491877842702,-481,139,8,0.048171354311705,620,1
763,"(5,12)",,False,51,"[6, 15, 5, 12, 14]",7,0.15737491877842702,-481,139,8,0.048171354311705,620,1
764,"(11,9)",,False,53,"[11, 19, 2, 9, 14]",7,0.149665831244778,-479,141,8,0.040211640211640004,620,1
765,"(11,9)",,False,53,"[11, 19, 2, 9, 14]",7,0.149665831244778,-479,141,8,0.040211640211640004,620,1
766,"(11,0)",,False,53,"[11, 10, 17, 12, 0]",6,0.13431052378420802,-477,143,8,0.0404508746614,620,1
767,"(11,0)",,False,53,"[11, 10, 17, 12, 0]",6,0.13431052378420802,-477,143,8,0.0404508746614,620,1
768,"(1,10)",,True,55,"[1, 15, 10, 0, 8]",6,0.132361206045416,-475,145,9,0.059568112199691006,620,1
769,"(1,10)",,True,55,"[1, 15, 10, 0, 8]",6,0.132361206045416,-475,145,9,0.059568112199691006,620,1
770,"(8,5)",,False,55,"[8, 4, 3, 17, 5]",6,0.13265360370623502,-473,147,9,0.06097440571124701,620,1
771,"(8,5)",,False,55,"[8, 4, 3, 17, 5]",6,0.13265360370623502,-473,147,9,0.06097440571124701,620,1
772,"(3,19)",,False,57,"[13, 14, 3, 19, 2]",6,0.129093567251461,-471,149,9,0.060883690708252,620,1
773,"(3,19)",,False,57,"[13, 14, 3, 19, 2]",6,0.129093567251461,-471,149,9,0.060883690708252,620,1
774,"(18,16)",,False,60,"[18, 16, 19, 10, 2]",6,0.053711087483017006,-469,151,9,0.048812688286372,620,1
775,"(18,16)",,False,60,"[18, 16, 19, 10, 2]",6,0.053711087483017006,-469,151,9,0.048812688286372,620,1
776,"(6,18)",,False,60,"[19, 6, 18, 9, 11]",6,0.038424765617748005,-467,153,8,0.029225842383737002,620,1
777,"(6,18)",,False,60,"[19, 6, 18, 9, 11]",6,0.038424765617748005,-467,153,8,0.029225842383737002,620,1
778,2:16,assassinate,True,51,"[2, 11, 7, 17, 3]",5,0.023536113009797,-467,154,7,0.029801777170198003,621,1
779,2:16,assassinate,True,51,"[2, 11, 7, 17, 3]",5,0.023536113009797,-467,154,7,0.029801777170198003,621,1
780,"(12,16)",,False,53,"[3, 12, 16, 18, 13]",5,0.020333662438925003,-469,154,7,0.026594263436368,623,1
781,"(12,16)",,False,53,"[3, 12, 16, 18, 13]",5,0.020333662438925003,-469,154,7,0.026594263436368,623,1
782,"(5,2)",,False,53,"[5, 2, 11, 19, 16]",5,0.020114388535441,-471,154,6,0.025797788955683004,625,1
783,"(5,2)",,False,53,"[5, 2, 11, 19, 16]",5,0.020114388535441,-471,154,6,0.025797788955683004,625,1
784,"(16,11)",,False,56,"[8, 16, 12, 11, 10]",7,0.0452826088791,-469,156,6,0.022765246449456003,625,1
785,"(16,11)",,False,56,"[8, 16, 12, 11, 10]",7,0.0452826088791,-469,156,6,0.022765246449456003,625,1
786,"(12,2)",,False,58,"[16, 15, 12, 9, 2]",7,0.042959671907040003,-467,158,6,0.020238095238095003,625,1
787,"(12,2)",,False,58,"[16, 15, 12, 9, 2]",7,0.042959671907040003,-467,158,6,0.020238095238095003,625,1
788,"(17,11)",,False,60,"[17, 16, 11, 3, 4]",7,0.040049618996987,-465,160,6,0.018945511927968003,625,1
789,"(17,11)",,False,60,"[17, 16, 11, 3, 4]",7,0.040049618996987,-465,160,6,0.018945511927968003,625,1
790,"(0,10)",,True,58,"[17, 3, 1, 0, 10]",6,0.023784207994734,-463,162,5,0.009122975789642001,625,1
791,"(0,10)",,True,58,"[17, 3, 1, 0, 10]",6,0.023784207994734,-463,162,5,0.009122975789642001,625,1
792,"(8,3)",,False,60,"[2, 18, 8, 5, 3]",7,0.039434444697602,-461,164,5,0.009122975789642001,625,1
793,"(8,3)",,False,60,"[2, 18, 8, 5, 3]",7,0.039434444697602,-461,164,5,0.009122975789642001,625,1
794,"(0,3)",,False,60,"[0, 3, 8, 12, 15]",7,0.040342698237435005,-459,166,5,0.009122975789642001,625,1
795,"(0,3)",,False,60,"[0, 3, 8, 12, 15]",7,0.040342698237435005,-459,166,5,0.009122975789642001,625,1
796,6:8,assassinate,True,54,"[6, 1, 17, 5, 8]",6,0.035619351408825,-457,168,5,0.009322337831109001,625,1
797,6:8,assassinate,True,54,"[6, 1, 17, 5, 8]",6,0.035619351408825,-457,168,5,0.009322337831109001,625,1
798,"(0,7)",,False,52,"[0, 12, 7, 10, 9]",5,0.032098765432098005,-455,170,5,0.009428664253225002,625,1
799,"(0,7)",,False,52,"[0, 12, 7, 10, 9]",5,0.032098765432098005,-455,170,5,0.009428664253225002,625,1
