,actionDetail,actionType,bonusActivated,graphEdgeCount,nodeList,p1Degree,p1Score,p1WinAdvantage,p1WinCount,p2Degree,p2Score,p2WinCount,player
0,"(11,5)",,False,2,"[11, 5, 15, 10, 16]",0,-0.001,0,0,0,-0.001,0,1
1,"(11,5)",,False,2,"[11, 5, 15, 10, 16]",0,-0.001,0,0,0,-0.001,0,1
2,"(1,7)",,False,4,"[1, 7, 14, 8, 5]",0,-0.001,-1,0,1,0.0,1,1
3,"(1,7)",,False,4,"[1, 7, 14, 8, 5]",0,-0.001,-1,0,1,0.0,1,1
4,"(5,9)",,False,6,"[5, 9, 6, 3, 11]",0,-0.001,-3,0,1,0.0,3,1
5,"(5,9)",,False,6,"[5, 9, 6, 3, 11]",0,-0.001,-3,0,1,0.0,3,1
6,"(5,7)",,True,8,"[5, 7, 19, 0, 17]",1,0.0,-3,0,1,0.0,3,1
7,"(5,7)",,True,8,"[5, 7, 19, 0, 17]",1,0.0,-3,0,1,0.0,3,1
8,"(1,10)",,True,10,"[16, 0, 1, 10, 9]",2,0.046783625730994004,-3,1,2,0.08187134502923901,4,1
9,"(1,10)",,True,10,"[16, 0, 1, 10, 9]",2,0.046783625730994004,-3,1,2,0.08187134502923901,4,1
10,"(4,6)",,False,12,"[4, 18, 2, 8, 6]",3,0.140350877192982,-1,3,2,0.105263157894736,4,1
11,"(4,6)",,False,12,"[4, 18, 2, 8, 6]",3,0.140350877192982,-1,3,2,0.105263157894736,4,1
12,"(17,7)",,False,14,"[17, 19, 16, 2, 7]",3,0.035087719298245,1,5,2,0.0,4,1
13,"(17,7)",,False,14,"[17, 19, 16, 2, 7]",3,0.035087719298245,1,5,2,0.0,4,1
14,"(7,10)",,True,12,"[16, 12, 7, 3, 10]",3,0.105263157894736,2,6,2,0.105263157894736,4,1
15,"(7,10)",,True,12,"[16, 12, 7, 3, 10]",3,0.105263157894736,2,6,2,0.105263157894736,4,1
16,"(3,15)",,False,14,"[3, 15, 8, 5, 11]",3,0.035087719298245,2,7,2,0.040935672514619006,5,1
17,"(3,15)",,False,14,"[3, 15, 8, 5, 11]",3,0.035087719298245,2,7,2,0.040935672514619006,5,1
18,"(15,19)",,True,16,"[13, 15, 19, 0, 9]",3,0.038011695906432004,2,8,2,0.049707602339181006,6,1
19,"(15,19)",,True,16,"[13, 15, 19, 0, 9]",3,0.038011695906432004,2,8,2,0.049707602339181006,6,1
20,"(15,6)",,False,18,"[15, 6, 11, 12, 13]",3,0.017543859649122,2,9,2,0.020467836257309,7,1
21,"(15,6)",,False,18,"[15, 6, 11, 12, 13]",3,0.017543859649122,2,9,2,0.020467836257309,7,1
22,"(15,10)",,True,18,"[15, 16, 10, 2, 17]",3,0.027290448343079,2,10,2,0.06432748538011601,8,1
23,"(15,10)",,True,18,"[15, 16, 10, 2, 17]",3,0.027290448343079,2,10,2,0.06432748538011601,8,1
24,"(0,3)",,False,18,"[4, 0, 12, 14, 3]",3,0.033138401559454,2,11,3,0.087719298245614,9,1
25,"(0,3)",,False,18,"[4, 0, 12, 14, 3]",3,0.033138401559454,2,11,3,0.087719298245614,9,1
26,"(13,7)",,False,20,"[13, 15, 11, 12, 7]",3,0.028265107212475,0,11,3,0.045808966861598,11,1
27,"(13,7)",,False,20,"[13, 15, 11, 12, 7]",3,0.028265107212475,0,11,3,0.045808966861598,11,1
28,"(8,1)",,False,22,"[8, 15, 1, 7, 19]",4,0.125730994152046,0,12,4,0.160818713450292,12,1
29,"(8,1)",,False,22,"[8, 15, 1, 7, 19]",4,0.125730994152046,0,12,4,0.160818713450292,12,1
30,"(14,0)",,False,22,"[5, 14, 2, 0, 10]",4,0.125730994152046,0,13,4,0.160818713450292,13,1
31,"(14,0)",,False,22,"[5, 14, 2, 0, 10]",4,0.125730994152046,0,13,4,0.160818713450292,13,1
32,"(15,1)",,False,24,"[7, 15, 5, 1, 13]",5,0.10994152046783601,0,14,5,0.14171539961013602,14,1
33,"(15,1)",,False,24,"[7, 15, 5, 1, 13]",5,0.10994152046783601,0,14,5,0.14171539961013602,14,1
34,"(7,14)",,False,26,"[19, 7, 11, 13, 14]",5,0.11111111111111101,-2,14,5,0.137426900584795,16,1
35,"(7,14)",,False,26,"[19, 7, 11, 13, 14]",5,0.11111111111111101,-2,14,5,0.137426900584795,16,1
36,6:8,assassinate,True,23,"[17, 7, 11, 6, 5]",4,0.09356725146198801,-4,14,5,0.14912280701754302,18,1
37,6:8,assassinate,True,23,"[17, 7, 11, 6, 5]",4,0.09356725146198801,-4,14,5,0.14912280701754302,18,1
38,"(6,1)",,False,25,"[9, 6, 19, 11, 1]",4,0.074074074074074,-6,14,6,0.23489278752436601,20,1
39,"(6,1)",,False,25,"[9, 6, 19, 11, 1]",4,0.074074074074074,-6,14,6,0.23489278752436601,20,1
40,"(13,15)",,True,27,"[0, 13, 6, 15, 7]",5,0.11654135338345802,-8,14,6,0.21506544138123002,22,1
41,"(13,15)",,True,27,"[0, 13, 6, 15, 7]",5,0.11654135338345802,-8,14,6,0.21506544138123002,22,1
42,"(11,16)",,False,29,"[7, 12, 2, 11, 16]",5,0.09359509885825601,-10,14,6,0.186967418546365,24,1
43,"(11,16)",,False,29,"[7, 12, 2, 11, 16]",5,0.09359509885825601,-10,14,6,0.186967418546365,24,1
44,"(10,0)",,False,29,"[16, 14, 10, 8, 0]",4,0.073586744639376,-12,14,6,0.187329434697855,26,1
45,"(10,0)",,False,29,"[16, 14, 10, 8, 0]",4,0.073586744639376,-12,14,6,0.187329434697855,26,1
46,"(3,10)",,True,29,"[3, 14, 0, 5, 10]",5,0.097465886939571,-14,14,6,0.177387914230019,28,1
47,"(3,10)",,True,29,"[3, 14, 0, 5, 10]",5,0.097465886939571,-14,14,6,0.177387914230019,28,1
48,17:6,assassinate,True,27,"[5, 10, 6, 9, 17]",5,0.134502923976608,-16,14,6,0.195906432748537,30,1
49,17:6,assassinate,True,27,"[5, 10, 6, 9, 17]",5,0.134502923976608,-16,14,6,0.195906432748537,30,1
50,11:6,assassinate,True,25,"[9, 5, 11, 10, 2]",5,0.14473684210526302,-16,15,6,0.167641325536062,31,1
51,11:6,assassinate,True,25,"[9, 5, 11, 10, 2]",5,0.14473684210526302,-16,15,6,0.167641325536062,31,1
52,"(8,14)",,False,25,"[8, 14, 11, 2, 19]",5,0.14473684210526302,-16,16,6,0.167641325536062,32,1
53,"(8,14)",,False,25,"[8, 14, 11, 2, 19]",5,0.14473684210526302,-16,16,6,0.167641325536062,32,1
54,"(10,2)",,False,27,"[5, 10, 19, 2, 13]",5,0.191520467836257,-18,16,6,0.21442495126705602,34,1
55,"(10,2)",,False,27,"[5, 10, 19, 2, 13]",5,0.191520467836257,-18,16,6,0.21442495126705602,34,1
56,"(1,17)",,False,29,"[1, 10, 18, 0, 17]",6,0.189571150097465,-18,17,7,0.21296296296296202,35,1
57,"(1,17)",,False,29,"[1, 10, 18, 0, 17]",6,0.189571150097465,-18,17,7,0.21296296296296202,35,1
58,"(12,1)",,False,31,"[12, 6, 18, 1, 14]",6,0.11218323586744601,-18,18,8,0.238888888888888,36,1
59,"(12,1)",,False,31,"[12, 6, 18, 1, 14]",6,0.11218323586744601,-18,18,8,0.238888888888888,36,1
60,"(11,7)",,False,33,"[3, 19, 8, 11, 7]",6,0.115204678362573,-20,18,8,0.24405458089668602,38,1
61,"(11,7)",,False,33,"[3, 19, 8, 11, 7]",6,0.115204678362573,-20,18,8,0.24405458089668602,38,1
62,"(15,16)",,False,33,"[15, 16, 5, 2, 4]",6,0.10662768031189,-20,19,7,0.15224171539961,39,1
63,"(15,16)",,False,33,"[15, 16, 5, 2, 4]",6,0.10662768031189,-20,19,7,0.15224171539961,39,1
64,"(14,7)",,False,33,"[14, 7, 10, 12, 1]",6,0.105068226120857,-22,19,7,0.19863547758284503,41,1
65,"(14,7)",,False,33,"[14, 7, 10, 12, 1]",6,0.105068226120857,-22,19,7,0.19863547758284503,41,1
66,2:2,assassinate,True,33,"[19, 2, 14, 9, 0]",7,0.18206627680311802,-24,19,7,0.19376218323586702,43,1
67,2:2,assassinate,True,33,"[19, 2, 14, 9, 0]",7,0.18206627680311802,-24,19,7,0.19376218323586702,43,1
68,"(15,0)",,False,33,"[15, 0, 5, 7, 12]",6,0.17407407407407402,-24,20,7,0.20828460038986302,44,1
69,"(15,0)",,False,33,"[15, 0, 5, 7, 12]",6,0.17407407407407402,-24,20,7,0.20828460038986302,44,1
70,"(18,1)",,False,35,"[9, 18, 13, 14, 1]",6,0.09603174603174601,-24,21,8,0.202673350041771,45,1
71,"(18,1)",,False,35,"[9, 18, 13, 14, 1]",6,0.09603174603174601,-24,21,8,0.202673350041771,45,1
72,"(18,2)",,True,37,"[14, 18, 3, 15, 2]",6,0.12956001113895801,-26,21,8,0.229768866610971,47,1
73,"(18,2)",,True,37,"[14, 18, 3, 15, 2]",6,0.12956001113895801,-26,21,8,0.229768866610971,47,1
74,"(1,6)",,False,39,"[8, 15, 17, 1, 6]",7,0.13018657755499802,-28,21,9,0.26269841269841204,49,1
75,"(1,6)",,False,39,"[8, 15, 17, 1, 6]",7,0.13018657755499802,-28,21,9,0.26269841269841204,49,1
76,"(0,7)",,False,39,"[0, 6, 13, 11, 7]",7,0.167641325536062,-30,21,9,0.25768124013738003,51,1
77,"(0,7)",,False,39,"[0, 6, 13, 11, 7]",7,0.167641325536062,-30,21,9,0.25768124013738003,51,1
78,"(0,3)",,True,39,"[7, 0, 3, 16, 8]",7,0.151935394040657,-32,21,9,0.26162628794207704,53,1
79,"(0,3)",,True,39,"[7, 0, 3, 16, 8]",7,0.151935394040657,-32,21,9,0.26162628794207704,53,1
80,"(9,15)",,False,41,"[19, 5, 8, 9, 15]",8,0.197043534762832,-34,21,9,0.23415947275596302,55,1
81,"(9,15)",,False,41,"[19, 5, 8, 9, 15]",8,0.197043534762832,-34,21,9,0.23415947275596302,55,1
82,3:12,assassinate,True,34,"[8, 16, 11, 3, 19]",7,0.17212475633528201,-36,21,9,0.288457254246727,57,1
83,3:12,assassinate,True,34,"[8, 16, 11, 3, 19]",7,0.17212475633528201,-36,21,9,0.288457254246727,57,1
84,"(1,14)",,True,36,"[1, 17, 6, 14, 13]",7,0.138401559454191,-38,21,10,0.31876914508493404,59,1
85,"(1,14)",,True,36,"[1, 17, 6, 14, 13]",7,0.138401559454191,-38,21,10,0.31876914508493404,59,1
86,"(17,2)",,False,36,"[15, 17, 6, 2, 19]",7,0.104824561403508,-40,21,10,0.26247563352826503,61,1
87,"(17,2)",,False,36,"[15, 17, 6, 2, 19]",7,0.104824561403508,-40,21,10,0.26247563352826503,61,1
88,"(15,3)",,False,38,"[15, 8, 7, 19, 3]",7,0.11725146198830401,-42,21,10,0.28075048732943403,63,1
89,"(15,3)",,False,38,"[15, 8, 7, 19, 3]",7,0.11725146198830401,-42,21,10,0.28075048732943403,63,1
90,"(10,15)",,False,38,"[8, 9, 10, 15, 6]",7,0.12694235588972402,-44,21,9,0.17811194653299903,65,1
91,"(10,15)",,False,38,"[8, 9, 10, 15, 6]",7,0.12694235588972402,-44,21,9,0.17811194653299903,65,1
92,"(10,7)",,False,38,"[12, 19, 15, 10, 7]",7,0.135018100807574,-46,21,9,0.18881230854915002,67,1
93,"(10,7)",,False,38,"[12, 19, 15, 10, 7]",7,0.135018100807574,-46,21,9,0.18881230854915002,67,1
94,16:8,assassinate,True,35,"[19, 16, 7, 5, 10]",6,0.09431216931216901,-48,21,9,0.21062378167641302,69,1
95,16:8,assassinate,True,35,"[19, 16, 7, 5, 10]",6,0.09431216931216901,-48,21,9,0.21062378167641302,69,1
96,"(7,17)",,False,35,"[15, 8, 7, 17, 14]",6,0.093330548593706,-50,21,9,0.20966304650515102,71,1
97,"(7,17)",,False,35,"[15, 8, 7, 17, 14]",6,0.093330548593706,-50,21,9,0.20966304650515102,71,1
98,"(19,1)",,False,37,"[19, 18, 12, 1, 17]",6,0.07183235867446301,-52,21,10,0.241617933723196,73,1
99,"(19,1)",,False,37,"[19, 18, 12, 1, 17]",6,0.07183235867446301,-52,21,10,0.241617933723196,73,1
100,"(14,16)",,False,39,"[14, 16, 2, 10, 13]",7,0.093483709273182,-54,21,10,0.25519353940406503,75,1
101,"(14,16)",,False,39,"[14, 16, 2, 10, 13]",7,0.093483709273182,-54,21,10,0.25519353940406503,75,1
102,"(9,19)",,True,41,"[9, 11, 10, 13, 19]",7,0.09543302701197401,-56,21,10,0.290297503016801,77,1
103,"(9,19)",,True,41,"[9, 11, 10, 13, 19]",7,0.09543302701197401,-56,21,10,0.290297503016801,77,1
104,"(7,6)",,True,41,"[7, 16, 6, 12, 11]",7,0.09193817878028401,-58,21,10,0.30272208298524,79,1
105,"(7,6)",,True,41,"[7, 16, 6, 12, 11]",7,0.09193817878028401,-58,21,10,0.30272208298524,79,1
106,4:16,assassinate,True,34,"[18, 16, 14, 2, 4]",6,0.07261208576998,-60,21,10,0.397076023391812,81,1
107,4:16,assassinate,True,34,"[18, 16, 14, 2, 4]",6,0.07261208576998,-60,21,10,0.397076023391812,81,1
108,2:6,assassinate,True,32,"[15, 2, 7, 6, 16]",6,0.07212475633528201,-62,21,10,0.34907407407407404,83,1
109,2:6,assassinate,True,32,"[15, 2, 7, 6, 16]",6,0.07212475633528201,-62,21,10,0.34907407407407404,83,1
110,"(6,4)",,True,32,"[16, 6, 10, 4, 17]",6,0.074074074074074,-64,21,10,0.41515594541910306,85,1
111,"(6,4)",,True,32,"[16, 6, 10, 4, 17]",6,0.074074074074074,-64,21,10,0.41515594541910306,85,1
112,"(14,5)",,False,32,"[11, 10, 14, 5, 4]",7,0.17348927875243603,-66,21,10,0.5091896407685881,87,1
113,"(14,5)",,False,32,"[11, 10, 14, 5, 4]",7,0.17348927875243603,-66,21,10,0.5091896407685881,87,1
114,"(7,5)",,False,32,"[18, 7, 5, 6, 17]",8,0.24707602339181203,-68,21,10,0.443469785575048,89,1
115,"(7,5)",,False,32,"[18, 7, 5, 6, 17]",8,0.24707602339181203,-68,21,10,0.443469785575048,89,1
116,"(11,14)",,True,32,"[8, 11, 17, 18, 14]",8,0.27290448343079904,-70,21,10,0.44152046783625704,91,1
117,"(11,14)",,True,32,"[8, 11, 17, 18, 14]",8,0.27290448343079904,-70,21,10,0.44152046783625704,91,1
118,13:6,assassinate,True,30,"[14, 8, 18, 11, 13]",8,0.35522138680033405,-72,21,10,0.46875522138680004,93,1
119,13:6,assassinate,True,30,"[14, 8, 18, 11, 13]",8,0.35522138680033405,-72,21,10,0.46875522138680004,93,1
120,"(1,2)",,True,32,"[16, 11, 1, 14, 2]",9,0.276176552492341,-74,21,11,0.48639654692286205,95,1
121,"(1,2)",,True,32,"[16, 11, 1, 14, 2]",9,0.276176552492341,-74,21,11,0.48639654692286205,95,1
122,"(0,7)",,True,32,"[12, 0, 14, 5, 7]",9,0.28411306042884904,-76,21,11,0.46812865497076006,97,1
123,"(0,7)",,True,32,"[12, 0, 14, 5, 7]",9,0.28411306042884904,-76,21,11,0.46812865497076006,97,1
124,8:10,assassinate,True,28,"[8, 11, 4, 5, 18]",8,0.256140350877192,-78,21,10,0.432651072124756,99,1
125,8:10,assassinate,True,28,"[8, 11, 4, 5, 18]",8,0.256140350877192,-78,21,10,0.432651072124756,99,1
126,3:2,assassinate,True,28,"[11, 4, 3, 7, 10]",7,0.17071846282372502,-80,21,10,0.370509607351712,101,1
127,3:2,assassinate,True,28,"[11, 4, 3, 7, 10]",7,0.17071846282372502,-80,21,10,0.370509607351712,101,1
128,"(6,0)",,False,28,"[19, 13, 6, 0, 14]",6,0.12439431913116102,-82,21,10,0.40618212197159503,103,1
129,"(6,0)",,False,28,"[19, 13, 6, 0, 14]",6,0.12439431913116102,-82,21,10,0.40618212197159503,103,1
130,"(5,18)",,True,28,"[11, 5, 9, 10, 18]",7,0.208994708994708,-84,21,10,0.47674742411584503,105,1
131,"(5,18)",,True,28,"[11, 5, 9, 10, 18]",7,0.208994708994708,-84,21,10,0.47674742411584503,105,1
132,"(18,16)",,False,30,"[5, 18, 4, 7, 16]",7,0.190183792815371,-86,21,10,0.42674742411584504,107,1
133,"(18,16)",,False,30,"[5, 18, 4, 7, 16]",7,0.190183792815371,-86,21,10,0.42674742411584504,107,1
134,"(12,7)",,False,30,"[12, 0, 19, 7, 4]",7,0.19127680311890802,-88,21,10,0.44307992202729,109,1
135,"(12,7)",,False,30,"[12, 0, 19, 7, 4]",7,0.19127680311890802,-88,21,10,0.44307992202729,109,1
136,"(1,4)",,True,32,"[1, 0, 4, 19, 6]",7,0.19147173489278702,-90,21,11,0.42231968810916104,111,1
137,"(1,4)",,True,32,"[1, 0, 4, 19, 6]",7,0.19147173489278702,-90,21,11,0.42231968810916104,111,1
138,"(3,17)",,False,34,"[3, 9, 17, 5, 19]",7,0.209990253411306,-92,21,11,0.47690058479532105,113,1
139,"(3,17)",,False,34,"[3, 9, 17, 5, 19]",7,0.209990253411306,-92,21,11,0.47690058479532105,113,1
140,"(15,4)",,False,32,"[15, 19, 4, 3, 6]",7,0.22538986354775803,-94,21,10,0.472069061542745,115,1
141,"(15,4)",,False,32,"[15, 19, 4, 3, 6]",7,0.22538986354775803,-94,21,10,0.472069061542745,115,1
142,"(15,1)",,True,34,"[5, 14, 2, 15, 1]",8,0.26101364522417103,-96,21,11,0.44181286549707605,117,1
143,"(15,1)",,True,34,"[5, 14, 2, 15, 1]",8,0.26101364522417103,-96,21,11,0.44181286549707605,117,1
144,10:8,assassinate,True,31,"[12, 19, 7, 10, 3]",7,0.20516569200779702,-98,21,10,0.41218323586744604,119,1
145,10:8,assassinate,True,31,"[12, 19, 7, 10, 3]",7,0.20516569200779702,-98,21,10,0.41218323586744604,119,1
146,"(18,12)",,False,29,"[18, 15, 13, 12, 4]",7,0.306952566601689,-100,21,9,0.41578947368421004,121,1
147,"(18,12)",,False,29,"[18, 15, 13, 12, 4]",7,0.306952566601689,-100,21,9,0.41578947368421004,121,1
148,"(17,1)",,False,31,"[17, 1, 2, 16, 0]",8,0.273099415204678,-100,22,10,0.38654970760233903,122,1
149,"(17,1)",,False,31,"[17, 1, 2, 16, 0]",8,0.273099415204678,-100,22,10,0.38654970760233903,122,1
150,9:6,assassinate,True,29,"[14, 5, 8, 3, 9]",7,0.194444444444444,-102,22,10,0.35038986354775803,124,1
151,9:6,assassinate,True,29,"[14, 5, 8, 3, 9]",7,0.194444444444444,-102,22,10,0.35038986354775803,124,1
152,"(1,9)",,False,29,"[4, 12, 1, 9, 11]",7,0.23869395711500901,-104,22,10,0.38801169590643203,126,1
153,"(1,9)",,False,29,"[4, 12, 1, 9, 11]",7,0.23869395711500901,-104,22,10,0.38801169590643203,126,1
154,13:4,assassinate,True,28,"[18, 16, 8, 13, 12]",6,0.137816764132553,-106,22,10,0.37095516569200704,128,1
155,13:4,assassinate,True,28,"[18, 16, 8, 13, 12]",6,0.137816764132553,-106,22,10,0.37095516569200704,128,1
156,"(6,8)",,False,30,"[6, 8, 19, 13, 18]",6,0.162085769980506,-108,22,10,0.38762183235867403,130,1
157,"(6,8)",,False,30,"[6, 8, 19, 13, 18]",6,0.162085769980506,-108,22,10,0.38762183235867403,130,1
158,"(12,5)",,False,28,"[3, 12, 9, 14, 5]",6,0.204191033138401,-110,22,10,0.42982456140350805,132,1
159,"(12,5)",,False,28,"[3, 12, 9, 14, 5]",6,0.204191033138401,-110,22,10,0.42982456140350805,132,1
160,19:4,assassinate,True,27,"[14, 18, 13, 19, 10]",5,0.14571150097465801,-112,22,10,0.371832358674463,134,1
161,19:4,assassinate,True,27,"[14, 18, 13, 19, 10]",5,0.14571150097465801,-112,22,10,0.371832358674463,134,1
162,"(11,0)",,False,27,"[17, 19, 13, 11, 0]",4,0.047270955165692005,-114,22,10,0.41179337231968804,136,1
163,"(11,0)",,False,27,"[17, 19, 13, 11, 0]",4,0.047270955165692005,-114,22,10,0.41179337231968804,136,1
164,"(2,7)",,True,27,"[2, 3, 7, 18, 19]",4,0.04337231968810901,-116,22,10,0.365009746588693,138,1
165,"(2,7)",,True,27,"[2, 3, 7, 18, 19]",4,0.04337231968810901,-116,22,10,0.365009746588693,138,1
166,"(7,1)",,False,29,"[0, 7, 14, 15, 1]",4,0.045321637426900006,-118,22,11,0.41179337231968804,140,1
167,"(7,1)",,False,29,"[0, 7, 14, 15, 1]",4,0.045321637426900006,-118,22,11,0.41179337231968804,140,1
168,"(5,17)",,True,27,"[3, 18, 5, 17, 4]",4,0.036549707602339006,-120,22,10,0.40302144249512606,142,1
169,"(5,17)",,True,27,"[3, 18, 5, 17, 4]",4,0.036549707602339006,-120,22,10,0.40302144249512606,142,1
170,"(19,5)",,False,29,"[19, 13, 5, 18, 10]",4,0.039376218323586,-122,22,10,0.43528265107212405,144,1
171,"(19,5)",,False,29,"[19, 13, 5, 18, 10]",4,0.039376218323586,-122,22,10,0.43528265107212405,144,1
172,"(9,1)",,False,29,"[8, 4, 14, 9, 1]",4,0.039376218323586,-124,22,10,0.43528265107212405,146,1
173,"(9,1)",,False,29,"[8, 4, 14, 9, 1]",4,0.039376218323586,-124,22,10,0.43528265107212405,146,1
174,"(9,13)",,True,31,"[5, 9, 8, 13, 6]",4,0.041325536062378,-126,22,10,0.517153996101364,148,1
175,"(9,13)",,True,31,"[5, 9, 8, 13, 6]",4,0.041325536062378,-126,22,10,0.517153996101364,148,1
176,"(13,3)",,True,31,"[13, 6, 11, 15, 3]",4,0.041325536062378,-128,22,10,0.517153996101364,150,1
177,"(13,3)",,True,31,"[13, 6, 11, 15, 3]",4,0.041325536062378,-128,22,10,0.517153996101364,150,1
178,"(3,2)",,False,33,"[3, 12, 2, 19, 9]",4,0.037914230019493005,-130,22,10,0.457212475633528,152,1
179,"(3,2)",,False,33,"[3, 12, 2, 19, 9]",4,0.037914230019493005,-130,22,10,0.457212475633528,152,1
180,"(10,15)",,False,35,"[10, 17, 6, 15, 16]",4,0.039473684210526,-132,22,10,0.48947368421052606,154,1
181,"(10,15)",,False,35,"[10, 17, 6, 15, 16]",4,0.039473684210526,-132,22,10,0.48947368421052606,154,1
182,8:10,assassinate,True,31,"[7, 12, 11, 10, 8]",4,0.031091617933723004,-134,22,10,0.51130604288499,156,1
183,8:10,assassinate,True,31,"[7, 12, 11, 10, 8]",4,0.031091617933723004,-134,22,10,0.51130604288499,156,1
184,"(9,17)",,False,31,"[4, 9, 3, 17, 15]",5,0.112962962962962,-136,22,10,0.5580896686159841,158,1
185,"(9,17)",,False,31,"[4, 9, 3, 17, 15]",5,0.112962962962962,-136,22,10,0.5580896686159841,158,1
186,"(10,1)",,True,33,"[10, 18, 9, 1, 12]",5,0.100292397660818,-138,22,11,0.468421052631578,160,1
187,"(10,1)",,True,33,"[10, 18, 9, 1, 12]",5,0.100292397660818,-138,22,11,0.468421052631578,160,1
188,"(11,18)",,False,35,"[16, 11, 18, 3, 4]",5,0.066666666666666,-140,22,11,0.40750487329434604,162,1
189,"(11,18)",,False,35,"[16, 11, 18, 3, 4]",5,0.066666666666666,-140,22,11,0.40750487329434604,162,1
190,"(16,13)",,False,33,"[16, 5, 11, 2, 13]",5,0.067251461988304,-142,22,10,0.439083820662768,164,1
191,"(16,13)",,False,33,"[16, 5, 11, 2, 13]",5,0.067251461988304,-142,22,10,0.439083820662768,164,1
192,19:4,assassinate,True,32,"[19, 12, 3, 15, 18]",5,0.067251461988304,-144,22,10,0.416666666666666,166,1
193,19:4,assassinate,True,32,"[19, 12, 3, 15, 18]",5,0.067251461988304,-144,22,10,0.416666666666666,166,1
194,"(0,16)",,True,32,"[12, 0, 16, 18, 11]",5,0.06578947368421001,-146,22,10,0.384502923976608,168,1
195,"(0,16)",,True,32,"[12, 0, 16, 18, 11]",5,0.06578947368421001,-146,22,10,0.384502923976608,168,1
196,"(13,19)",,True,32,"[17, 13, 9, 11, 19]",5,0.08576998050682201,-148,22,9,0.44590643274853803,170,1
197,"(13,19)",,True,32,"[17, 13, 9, 11, 19]",5,0.08576998050682201,-148,22,9,0.44590643274853803,170,1
198,"(17,12)",,True,32,"[17, 9, 12, 10, 11]",5,0.073879142300194,-150,22,9,0.46198830409356706,172,1
199,"(17,12)",,True,32,"[17, 9, 12, 10, 11]",5,0.073879142300194,-150,22,9,0.46198830409356706,172,1
200,"(8,2)",,True,32,"[8, 6, 18, 4, 2]",5,0.116471734892787,-152,22,8,0.46920077972709506,174,1
201,"(8,2)",,True,32,"[8, 6, 18, 4, 2]",5,0.116471734892787,-152,22,8,0.46920077972709506,174,1
202,"(18,0)",,False,32,"[5, 3, 18, 0, 14]",4,0.061013645224171006,-154,22,8,0.38460038986354705,176,1
203,"(18,0)",,False,32,"[5, 3, 18, 0, 14]",4,0.061013645224171006,-154,22,8,0.38460038986354705,176,1
204,"(2,11)",,True,34,"[2, 0, 6, 11, 8]",5,0.13070175438596401,-156,22,8,0.33635477582846,178,1
205,"(2,11)",,True,34,"[2, 0, 6, 11, 8]",5,0.13070175438596401,-156,22,8,0.33635477582846,178,1
206,"(7,0)",,True,32,"[12, 7, 16, 9, 0]",4,0.17407407407407402,-158,22,7,0.30370370370370303,180,1
207,"(7,0)",,True,32,"[12, 7, 16, 9, 0]",4,0.17407407407407402,-158,22,7,0.30370370370370303,180,1
208,9:2,assassinate,True,32,"[9, 16, 18, 11, 8]",4,0.098927875243664,-160,22,7,0.206140350877192,182,1
209,9:2,assassinate,True,32,"[9, 16, 18, 11, 8]",4,0.098927875243664,-160,22,7,0.206140350877192,182,1
210,"(9,1)",,True,34,"[7, 10, 9, 16, 1]",4,0.10799220272904402,-162,22,8,0.29083820662768,184,1
211,"(9,1)",,True,34,"[7, 10, 9, 16, 1]",4,0.10799220272904402,-162,22,8,0.29083820662768,184,1
212,"(14,15)",,True,34,"[17, 14, 15, 19, 18]",4,0.11237816764132501,-164,22,8,0.36345029239766,186,1
213,"(14,15)",,True,34,"[17, 14, 15, 19, 18]",4,0.11237816764132501,-164,22,8,0.36345029239766,186,1
214,"(19,13)",,False,32,"[19, 11, 15, 16, 13]",4,0.103801169590643,-166,22,7,0.291910331384015,188,1
215,"(19,13)",,False,32,"[19, 11, 15, 16, 13]",4,0.103801169590643,-166,22,7,0.291910331384015,188,1
216,"(9,16)",,False,32,"[8, 9, 6, 16, 0]",4,0.10964912280701701,-168,22,6,0.245614035087719,190,1
217,"(9,16)",,False,32,"[8, 9, 6, 16, 0]",4,0.10964912280701701,-168,22,6,0.245614035087719,190,1
218,2:16,assassinate,True,25,"[2, 10, 16, 14, 13]",4,0.12690058479532101,-170,22,5,0.314230019493177,192,1
219,2:16,assassinate,True,25,"[2, 10, 16, 14, 13]",4,0.12690058479532101,-170,22,5,0.314230019493177,192,1
220,18:10,assassinate,True,21,"[4, 18, 12, 16, 10]",4,0.11111111111111101,-172,22,5,0.25438596491228,194,1
221,18:10,assassinate,True,21,"[4, 18, 12, 16, 10]",4,0.11111111111111101,-172,22,5,0.25438596491228,194,1
222,4:10,assassinate,True,15,"[2, 4, 19, 8, 17]",3,0.05847953216374201,-174,22,4,0.20467836257309902,196,1
223,4:10,assassinate,True,15,"[2, 4, 19, 8, 17]",3,0.05847953216374201,-174,22,4,0.20467836257309902,196,1
224,"(8,12)",,False,15,"[8, 12, 13, 6, 16]",3,0.029239766081871003,-174,22,3,0.029239766081871003,196,1
225,"(8,12)",,False,15,"[8, 12, 13, 6, 16]",3,0.029239766081871003,-174,22,3,0.029239766081871003,196,1
226,"(17,12)",,True,17,"[3, 17, 7, 12, 19]",3,0.042884990253411005,-174,23,3,0.074074074074074,197,1
227,"(17,12)",,True,17,"[3, 17, 7, 12, 19]",3,0.042884990253411005,-174,23,3,0.074074074074074,197,1
228,13:4,assassinate,True,16,"[7, 19, 13, 4, 9]",2,0.0,-176,23,3,0.05847953216374201,199,1
229,13:4,assassinate,True,16,"[7, 19, 13, 4, 9]",2,0.0,-176,23,3,0.05847953216374201,199,1
230,"(9,1)",,False,16,"[9, 5, 1, 11, 19]",2,0.0,-177,23,3,0.140350877192982,200,1
231,"(9,1)",,False,16,"[9, 5, 1, 11, 19]",2,0.0,-177,23,3,0.140350877192982,200,1
232,"(4,6)",,True,16,"[4, 6, 3, 2, 15]",2,0.0,-179,23,3,0.12865497076023302,202,1
233,"(4,6)",,True,16,"[4, 6, 3, 2, 15]",2,0.0,-179,23,3,0.12865497076023302,202,1
234,"(18,8)",,False,18,"[18, 8, 6, 4, 12]",2,0.0,-181,23,3,0.16374269005847902,204,1
235,"(18,8)",,False,18,"[18, 8, 6, 4, 12]",2,0.0,-181,23,3,0.16374269005847902,204,1
236,"(17,5)",,False,20,"[17, 3, 5, 15, 7]",2,0.0,-183,23,3,0.035087719298245,206,1
237,"(17,5)",,False,20,"[17, 3, 5, 15, 7]",2,0.0,-183,23,3,0.035087719298245,206,1
238,"(10,9)",,False,22,"[15, 10, 0, 9, 14]",3,0.09356725146198801,-181,25,3,0.067251461988304,206,1
239,"(10,9)",,False,22,"[15, 10, 0, 9, 14]",3,0.09356725146198801,-181,25,3,0.067251461988304,206,1
240,"(17,2)",,False,24,"[8, 17, 2, 14, 6]",3,0.007797270955165,-181,26,3,0.062378167641325005,207,1
241,"(17,2)",,False,24,"[8, 17, 2, 14, 6]",3,0.007797270955165,-181,26,3,0.062378167641325005,207,1
242,"(16,12)",,False,24,"[16, 9, 0, 12, 19]",3,0.006822612085769001,-183,26,3,0.06822612085769901,209,1
243,"(16,12)",,False,24,"[16, 9, 0, 12, 19]",3,0.006822612085769001,-183,26,3,0.06822612085769901,209,1
244,16:4,assassinate,True,23,"[11, 13, 3, 19, 16]",3,0.004873294346978,-183,27,3,0.034113060428849006,210,1
245,16:4,assassinate,True,23,"[11, 13, 3, 19, 16]",3,0.004873294346978,-183,27,3,0.034113060428849006,210,1
246,"(1,13)",,False,25,"[5, 19, 10, 1, 13]",3,0.007797270955165,-185,27,4,0.122807017543859,212,1
247,"(1,13)",,False,25,"[5, 19, 10, 1, 13]",3,0.007797270955165,-185,27,4,0.122807017543859,212,1
248,"(7,16)",,True,25,"[7, 16, 9, 18, 15]",3,0.005847953216374001,-187,27,3,0.105263157894736,214,1
249,"(7,16)",,True,25,"[7, 16, 9, 18, 15]",3,0.005847953216374001,-187,27,3,0.105263157894736,214,1
250,11:6,assassinate,True,23,"[17, 19, 5, 11, 9]",3,0.005847953216374001,-187,28,3,0.09941520467836201,215,1
251,11:6,assassinate,True,23,"[17, 19, 5, 11, 9]",3,0.005847953216374001,-187,28,3,0.09941520467836201,215,1
252,"(8,5)",,False,25,"[0, 8, 5, 16, 11]",4,0.11695906432748501,-185,30,3,0.09941520467836201,215,1
253,"(8,5)",,False,25,"[0, 8, 5, 16, 11]",4,0.11695906432748501,-185,30,3,0.09941520467836201,215,1
254,6:8,assassinate,True,22,"[6, 3, 13, 14, 7]",4,0.038011695906432004,-185,31,3,0.08187134502923901,216,1
255,6:8,assassinate,True,22,"[6, 3, 13, 14, 7]",4,0.038011695906432004,-185,31,3,0.08187134502923901,216,1
256,"(0,5)",,True,22,"[12, 0, 5, 13, 9]",3,0.005847953216374001,-187,31,3,0.08187134502923901,218,1
257,"(0,5)",,True,22,"[12, 0, 5, 13, 9]",3,0.005847953216374001,-187,31,3,0.08187134502923901,218,1
258,"(6,15)",,True,24,"[6, 2, 15, 7, 10]",3,0.005847953216374001,-189,31,3,0.087719298245614,220,1
259,"(6,15)",,True,24,"[6, 2, 15, 7, 10]",3,0.005847953216374001,-189,31,3,0.087719298245614,220,1
260,"(9,4)",,True,26,"[9, 12, 4, 18, 8]",3,0.005847953216374001,-191,31,3,0.09356725146198801,222,1
261,"(9,4)",,True,26,"[9, 12, 4, 18, 8]",3,0.005847953216374001,-191,31,3,0.09356725146198801,222,1
262,"(7,19)",,True,26,"[7, 3, 5, 19, 0]",3,0.005847953216374001,-193,31,3,0.09356725146198801,224,1
263,"(7,19)",,True,26,"[7, 3, 5, 19, 0]",3,0.005847953216374001,-193,31,3,0.09356725146198801,224,1
264,"(8,6)",,False,26,"[8, 6, 3, 13, 0]",3,0.0029239766081870003,-191,33,2,0.0,224,1
265,"(8,6)",,False,26,"[8, 6, 3, 13, 0]",3,0.0029239766081870003,-191,33,2,0.0,224,1
266,"(14,1)",,False,28,"[14, 1, 7, 17, 19]",3,0.023391812865497002,-191,34,3,0.09356725146198801,225,1
267,"(14,1)",,False,28,"[14, 1, 7, 17, 19]",3,0.023391812865497002,-191,34,3,0.09356725146198801,225,1
268,"(17,18)",,False,30,"[4, 17, 18, 10, 5]",3,0.013645224171539001,-193,34,3,0.029044834307992002,227,1
269,"(17,18)",,False,30,"[4, 17, 18, 10, 5]",3,0.013645224171539001,-193,34,3,0.029044834307992002,227,1
270,"(9,10)",,False,30,"[9, 10, 8, 16, 11]",3,0.013645224171539001,-195,34,3,0.029044834307992002,229,1
271,"(9,10)",,False,30,"[9, 10, 8, 16, 11]",3,0.013645224171539001,-195,34,3,0.029044834307992002,229,1
272,"(12,17)",,False,28,"[12, 4, 19, 17, 5]",3,0.070175438596491,-193,36,2,0.008771929824561,229,1
273,"(12,17)",,False,28,"[12, 4, 19, 17, 5]",3,0.070175438596491,-193,36,2,0.008771929824561,229,1
274,"(15,1)",,False,30,"[15, 8, 0, 11, 1]",3,0.017543859649122,-193,37,3,0.05249234196602601,230,1
275,"(15,1)",,False,30,"[15, 8, 0, 11, 1]",3,0.017543859649122,-193,37,3,0.05249234196602601,230,1
276,"(15,9)",,False,32,"[7, 15, 19, 18, 9]",3,0.022417153996101002,-195,37,3,0.058340295182400005,232,1
277,"(15,9)",,False,32,"[7, 15, 19, 18, 9]",3,0.022417153996101002,-195,37,3,0.058340295182400005,232,1
278,"(0,17)",,False,32,"[0, 5, 17, 12, 10]",2,0.015107212475633002,-197,37,3,0.066033138401559,234,1
279,"(0,17)",,False,32,"[0, 5, 17, 12, 10]",2,0.015107212475633002,-197,37,3,0.066033138401559,234,1
280,"(7,2)",,False,32,"[8, 9, 7, 2, 14]",3,0.118281815650236,-197,38,3,0.14630325814536302,235,1
281,"(7,2)",,False,32,"[8, 9, 7, 2, 14]",3,0.118281815650236,-197,38,3,0.14630325814536302,235,1
282,2:8,assassinate,True,29,"[11, 13, 2, 16, 4]",2,0.09356725146198801,-199,38,3,0.208333333333333,237,1
283,2:8,assassinate,True,29,"[11, 13, 2, 16, 4]",2,0.09356725146198801,-199,38,3,0.208333333333333,237,1
284,"(14,3)",,False,29,"[10, 15, 14, 9, 3]",2,0.09356725146198801,-201,38,3,0.25730994152046704,239,1
285,"(14,3)",,False,29,"[10, 15, 14, 9, 3]",2,0.09356725146198801,-201,38,3,0.25730994152046704,239,1
286,"(4,13)",,True,31,"[4, 18, 9, 13, 2]",2,0.019428200129954002,-203,38,3,0.15204678362573001,241,1
287,"(4,13)",,True,31,"[4, 18, 9, 13, 2]",2,0.019428200129954002,-203,38,3,0.15204678362573001,241,1
288,11:4,assassinate,True,30,"[15, 3, 2, 13, 11]",2,0.011046133853151001,-205,38,3,0.10955165692007701,243,1
289,11:4,assassinate,True,30,"[15, 3, 2, 13, 11]",2,0.011046133853151001,-205,38,3,0.10955165692007701,243,1
290,"(1,11)",,True,32,"[9, 15, 7, 1, 11]",2,0.016569200779727,-207,38,4,0.20662768031189002,245,1
291,"(1,11)",,True,32,"[9, 15, 7, 1, 11]",2,0.016569200779727,-207,38,4,0.20662768031189002,245,1
292,"(17,9)",,False,32,"[17, 9, 10, 15, 13]",2,0.26315789473684204,-205,40,3,0.19298245614035,245,1
293,"(17,9)",,False,32,"[17, 9, 10, 15, 13]",2,0.26315789473684204,-205,40,3,0.19298245614035,245,1
294,"(4,5)",,False,34,"[4, 5, 15, 2, 19]",2,0.26315789473684204,-203,42,3,0.19298245614035,245,1
295,"(4,5)",,False,34,"[4, 5, 15, 2, 19]",2,0.26315789473684204,-203,42,3,0.19298245614035,245,1
296,5:10,assassinate,True,30,"[5, 12, 0, 9, 13]",3,0.245614035087719,-201,44,3,0.09356725146198801,245,1
297,5:10,assassinate,True,30,"[5, 12, 0, 9, 13]",3,0.245614035087719,-201,44,3,0.09356725146198801,245,1
298,"(7,2)",,False,32,"[11, 7, 18, 2, 16]",3,0.16861598440545802,-199,46,3,0.09941520467836201,245,1
299,"(7,2)",,False,32,"[11, 7, 18, 2, 16]",3,0.16861598440545802,-199,46,3,0.09941520467836201,245,1
300,10:10,assassinate,True,26,"[2, 5, 10, 4, 19]",2,0.0,-199,47,3,0.011695906432748001,246,1
301,10:10,assassinate,True,26,"[2, 5, 10, 4, 19]",2,0.0,-199,47,3,0.011695906432748001,246,1
302,"(0,6)",,True,26,"[0, 12, 6, 15, 8]",2,0.0,-199,48,3,0.011695906432748001,247,1
303,"(0,6)",,True,26,"[0, 12, 6, 15, 8]",2,0.0,-199,48,3,0.011695906432748001,247,1
304,"(12,11)",,False,28,"[12, 11, 2, 13, 10]",2,0.0,-201,48,3,0.18713450292397601,249,1
305,"(12,11)",,False,28,"[12, 11, 2, 13, 10]",2,0.0,-201,48,3,0.18713450292397601,249,1
306,"(4,5)",,False,30,"[4, 11, 5, 7, 9]",2,0.0,-203,48,3,0.19883040935672502,251,1
307,"(4,5)",,False,30,"[4, 11, 5, 7, 9]",2,0.0,-203,48,3,0.19883040935672502,251,1
308,18:4,assassinate,True,29,"[18, 0, 13, 5, 19]",3,0.13157894736842102,-201,50,3,0.008771929824561,251,1
309,18:4,assassinate,True,29,"[18, 0, 13, 5, 19]",3,0.13157894736842102,-201,50,3,0.008771929824561,251,1
310,"(5,6)",,False,29,"[5, 6, 15, 19, 18]",3,0.13157894736842102,-199,52,3,0.008771929824561,251,1
311,"(5,6)",,False,29,"[5, 6, 15, 19, 18]",3,0.13157894736842102,-199,52,3,0.008771929824561,251,1
312,"(0,12)",,True,29,"[0, 12, 14, 5, 8]",3,0.07165135059871901,-199,53,3,0.098635477582846,252,1
313,"(0,12)",,True,29,"[0, 12, 14, 5, 8]",3,0.07165135059871901,-199,53,3,0.098635477582846,252,1
314,"(10,0)",,True,29,"[10, 3, 0, 7, 6]",2,0.0,-199,54,3,0.18713450292397601,253,1
315,"(10,0)",,True,29,"[10, 3, 0, 7, 6]",2,0.0,-199,54,3,0.18713450292397601,253,1
316,"(15,14)",,True,31,"[11, 15, 19, 14, 9]",3,0.028613199665831004,-197,56,3,0.008771929824561,253,1
317,"(15,14)",,True,31,"[11, 15, 19, 14, 9]",3,0.028613199665831004,-197,56,3,0.008771929824561,253,1
318,"(9,4)",,False,33,"[0, 16, 9, 18, 4]",3,0.027638540796435,-195,58,3,0.008771929824561,253,1
319,"(9,4)",,False,33,"[0, 16, 9, 18, 4]",3,0.027638540796435,-195,58,3,0.008771929824561,253,1
320,"(14,0)",,False,33,"[16, 14, 19, 0, 6]",2,0.023391812865497002,-193,60,3,0.014619883040935,253,1
321,"(14,0)",,False,33,"[16, 14, 19, 0, 6]",2,0.023391812865497002,-193,60,3,0.014619883040935,253,1
322,"(1,7)",,True,33,"[1, 7, 17, 5, 9]",2,0.007017543859649001,-193,61,4,0.054905782975958,254,1
323,"(1,7)",,True,33,"[1, 7, 17, 5, 9]",2,0.007017543859649001,-193,61,4,0.054905782975958,254,1
324,15:12,assassinate,True,28,"[2, 9, 19, 8, 15]",2,0.015594541910331002,-195,61,4,0.123781676413255,256,1
325,15:12,assassinate,True,28,"[2, 9, 19, 8, 15]",2,0.015594541910331002,-195,61,4,0.123781676413255,256,1
326,"(10,8)",,False,26,"[3, 18, 11, 10, 8]",2,0.020467836257309,-197,61,4,0.143274853801169,258,1
327,"(10,8)",,False,26,"[3, 18, 11, 10, 8]",2,0.020467836257309,-197,61,4,0.143274853801169,258,1
328,"(0,12)",,False,24,"[0, 8, 19, 12, 7]",1,0.0,-199,61,3,0.18128654970760202,260,1
329,"(0,12)",,False,24,"[0, 8, 19, 12, 7]",1,0.0,-199,61,3,0.18128654970760202,260,1
330,"(12,15)",,True,24,"[12, 15, 17, 7, 19]",1,0.0,-201,61,3,0.19298245614035,262,1
331,"(12,15)",,True,24,"[12, 15, 17, 7, 19]",1,0.0,-201,61,3,0.19298245614035,262,1
332,"(10,1)",,True,26,"[0, 10, 12, 4, 1]",2,0.087719298245614,-202,61,4,0.21345029239766003,263,1
333,"(10,1)",,True,26,"[0, 10, 12, 4, 1]",2,0.087719298245614,-202,61,4,0.21345029239766003,263,1
334,"(14,9)",,True,28,"[14, 5, 12, 15, 9]",3,0.10428849902534101,-202,62,4,0.15126705653021402,264,1
335,"(14,9)",,True,28,"[14, 5, 12, 15, 9]",3,0.10428849902534101,-202,62,4,0.15126705653021402,264,1
336,"(9,11)",,False,28,"[2, 19, 9, 11, 16]",3,0.092592592592592,-202,63,3,0.10838206627680301,265,1
337,"(9,11)",,False,28,"[2, 19, 9, 11, 16]",3,0.092592592592592,-202,63,3,0.10838206627680301,265,1
338,"(1,6)",,False,30,"[14, 1, 10, 12, 6]",3,0.035575048732943,-202,64,4,0.11832358674463901,266,1
339,"(1,6)",,False,30,"[14, 1, 10, 12, 6]",3,0.035575048732943,-202,64,4,0.11832358674463901,266,1
340,12:12,assassinate,True,25,"[5, 12, 8, 7, 10]",3,0.033138401559454,-204,64,4,0.10721247563352801,268,1
341,12:12,assassinate,True,25,"[5, 12, 8, 7, 10]",3,0.033138401559454,-204,64,4,0.10721247563352801,268,1
342,"(0,16)",,False,25,"[13, 0, 5, 16, 3]",3,0.043859649122807,-204,65,4,0.12426900584795302,269,1
343,"(0,16)",,False,25,"[13, 0, 5, 16, 3]",3,0.043859649122807,-204,65,4,0.12426900584795302,269,1
344,"(12,1)",,True,27,"[12, 9, 19, 1, 16]",3,0.051656920077972006,-206,65,5,0.19346978557504801,271,1
345,"(12,1)",,True,27,"[12, 9, 19, 1, 16]",3,0.051656920077972006,-206,65,5,0.19346978557504801,271,1
346,"(15,6)",,True,29,"[15, 17, 8, 6, 9]",4,0.162768031189083,-208,65,5,0.26754385964912203,273,1
347,"(15,6)",,True,29,"[15, 17, 8, 6, 9]",4,0.162768031189083,-208,65,5,0.26754385964912203,273,1
348,"(4,5)",,False,29,"[7, 10, 4, 15, 5]",4,0.14444444444444401,-210,65,5,0.250682261208577,275,1
349,"(4,5)",,False,29,"[7, 10, 4, 15, 5]",4,0.14444444444444401,-210,65,5,0.250682261208577,275,1
350,"(1,18)",,True,31,"[14, 1, 8, 4, 18]",5,0.123879142300194,-212,65,6,0.273538011695906,277,1
351,"(1,18)",,True,31,"[14, 1, 8, 4, 18]",5,0.123879142300194,-212,65,6,0.273538011695906,277,1
352,14:4,assassinate,True,30,"[7, 12, 10, 14, 5]",5,0.117543859649122,-214,65,6,0.22842755035737403,279,1
353,14:4,assassinate,True,30,"[7, 12, 10, 14, 5]",5,0.117543859649122,-214,65,6,0.22842755035737403,279,1
354,"(12,14)",,False,32,"[12, 14, 10, 17, 9]",5,0.12543859649122802,-216,65,6,0.24873294346978503,281,1
355,"(12,14)",,False,32,"[12, 14, 10, 17, 9]",5,0.12543859649122802,-216,65,6,0.24873294346978503,281,1
356,"(8,9)",,False,30,"[8, 14, 6, 9, 5]",5,0.205708716235032,-218,65,5,0.21776663881927003,283,1
357,"(8,9)",,False,30,"[8, 14, 6, 9, 5]",5,0.205708716235032,-218,65,5,0.21776663881927003,283,1
358,16:10,assassinate,True,26,"[7, 2, 0, 19, 16]",5,0.24083820662768002,-218,66,5,0.285769980506822,284,1
359,16:10,assassinate,True,26,"[7, 2, 0, 19, 16]",5,0.24083820662768002,-218,66,5,0.285769980506822,284,1
360,4:8,assassinate,True,23,"[18, 7, 5, 3, 4]",5,0.21929824561403502,-218,67,5,0.321637426900584,285,1
361,4:8,assassinate,True,23,"[18, 7, 5, 3, 4]",5,0.21929824561403502,-218,67,5,0.321637426900584,285,1
362,10:8,assassinate,True,20,"[6, 0, 4, 16, 10]",5,0.125730994152046,-218,68,5,0.22222222222222202,286,1
363,10:8,assassinate,True,20,"[6, 0, 4, 16, 10]",5,0.125730994152046,-218,68,5,0.22222222222222202,286,1
364,"(6,11)",,True,20,"[15, 6, 9, 11, 17]",5,0.125730994152046,-220,68,5,0.22222222222222202,288,1
365,"(6,11)",,True,20,"[15, 6, 9, 11, 17]",5,0.125730994152046,-220,68,5,0.22222222222222202,288,1
366,9:6,assassinate,True,18,"[18, 11, 9, 14, 1]",5,0.125730994152046,-220,69,5,0.16959064327485301,289,1
367,9:6,assassinate,True,18,"[18, 11, 9, 14, 1]",5,0.125730994152046,-220,69,5,0.16959064327485301,289,1
368,"(3,1)",,False,20,"[10, 3, 9, 1, 7]",5,0.09941520467836201,-220,70,6,0.21929824561403502,290,1
369,"(3,1)",,False,20,"[10, 3, 9, 1, 7]",5,0.09941520467836201,-220,70,6,0.21929824561403502,290,1
370,"(0,12)",,True,20,"[0, 1, 5, 10, 12]",4,0.09551656920077901,-222,70,6,0.293372319688109,292,1
371,"(0,12)",,True,20,"[0, 1, 5, 10, 12]",4,0.09551656920077901,-222,70,6,0.293372319688109,292,1
372,"(16,11)",,True,22,"[12, 7, 16, 13, 11]",4,0.11306042884990201,-224,70,6,0.31384015594541903,294,1
373,"(16,11)",,True,22,"[12, 7, 16, 13, 11]",4,0.11306042884990201,-224,70,6,0.31384015594541903,294,1
374,"(1,2)",,True,24,"[15, 1, 9, 2, 18]",4,0.056042884990253006,-226,70,7,0.35136452241715405,296,1
375,"(1,2)",,True,24,"[15, 1, 9, 2, 18]",4,0.056042884990253006,-226,70,7,0.35136452241715405,296,1
376,"(1,4)",,False,26,"[11, 5, 1, 9, 4]",5,0.16033138401559402,-228,70,8,0.486842105263157,298,1
377,"(1,4)",,False,26,"[11, 5, 1, 9, 4]",5,0.16033138401559402,-228,70,8,0.486842105263157,298,1
378,15:6,assassinate,True,24,"[14, 15, 12, 5, 8]",4,0.11062378167641301,-230,70,8,0.489766081871344,300,1
379,15:6,assassinate,True,24,"[14, 15, 12, 5, 8]",4,0.11062378167641301,-230,70,8,0.489766081871344,300,1
380,"(1,13)",,True,24,"[17, 0, 3, 1, 13]",4,0.162768031189083,-232,70,8,0.44931773879142206,302,1
381,"(1,13)",,True,24,"[17, 0, 3, 1, 13]",4,0.162768031189083,-232,70,8,0.44931773879142206,302,1
382,"(4,19)",,True,26,"[4, 17, 12, 19, 10]",4,0.129629629629629,-234,70,8,0.44249512670565305,304,1
383,"(4,19)",,True,26,"[4, 17, 12, 19, 10]",4,0.129629629629629,-234,70,8,0.44249512670565305,304,1
384,"(13,9)",,False,28,"[13, 8, 18, 9, 5]",4,0.13401559454191,-236,70,8,0.45224171539961006,306,1
385,"(13,9)",,False,28,"[13, 8, 18, 9, 5]",4,0.13401559454191,-236,70,8,0.45224171539961006,306,1
386,"(17,1)",,False,28,"[4, 13, 17, 3, 1]",4,0.13352826510721202,-238,70,8,0.39619883040935605,308,1
387,"(17,1)",,False,28,"[4, 13, 17, 3, 1]",4,0.13352826510721202,-238,70,8,0.39619883040935605,308,1
388,"(1,16)",,False,30,"[17, 6, 1, 11, 16]",4,0.130604288499025,-240,70,9,0.39376218323586704,310,1
389,"(1,16)",,False,30,"[17, 6, 1, 11, 16]",4,0.130604288499025,-240,70,9,0.39376218323586704,310,1
390,"(14,6)",,False,32,"[11, 14, 19, 18, 6]",4,0.126803118908382,-242,70,9,0.400779727095516,312,1
391,"(14,6)",,False,32,"[11, 14, 19, 18, 6]",4,0.126803118908382,-242,70,9,0.400779727095516,312,1
392,7:8,assassinate,True,27,"[5, 13, 4, 17, 7]",3,0.087719298245614,-244,70,9,0.366471734892787,314,1
393,7:8,assassinate,True,27,"[5, 13, 4, 17, 7]",3,0.087719298245614,-244,70,9,0.366471734892787,314,1
394,"(11,9)",,False,29,"[11, 9, 10, 5, 6]",3,0.09356725146198801,-246,70,9,0.41578947368421004,316,1
395,"(11,9)",,False,29,"[11, 9, 10, 5, 6]",3,0.09356725146198801,-246,70,9,0.41578947368421004,316,1
396,"(13,7)",,True,31,"[16, 9, 13, 7, 19]",4,0.143762183235867,-248,70,9,0.43050682261208506,318,1
397,"(13,7)",,True,31,"[16, 9, 13, 7, 19]",4,0.143762183235867,-248,70,9,0.43050682261208506,318,1
398,"(13,15)",,False,33,"[11, 14, 13, 8, 15]",5,0.17787524366471702,-250,70,9,0.42524366471734804,320,1
399,"(13,15)",,False,33,"[11, 14, 13, 8, 15]",5,0.17787524366471702,-250,70,9,0.42524366471734804,320,1
400,"(1,19)",,True,35,"[1, 11, 7, 18, 19]",5,0.176900584795321,-252,70,10,0.43375568551007104,322,1
401,"(1,19)",,True,35,"[1, 11, 7, 18, 19]",5,0.176900584795321,-252,70,10,0.43375568551007104,322,1
402,"(11,10)",,False,37,"[5, 11, 7, 17, 10]",5,0.143372319688109,-254,70,10,0.366699155295646,324,1
403,"(11,10)",,False,37,"[5, 11, 7, 17, 10]",5,0.143372319688109,-254,70,10,0.366699155295646,324,1
404,15:4,assassinate,True,36,"[19, 6, 8, 17, 15]",5,0.12358674463937601,-256,70,10,0.339506172839506,326,1
405,15:4,assassinate,True,36,"[19, 6, 8, 17, 15]",5,0.12358674463937601,-256,70,10,0.339506172839506,326,1
406,"(14,1)",,True,36,"[12, 14, 8, 1, 16]",5,0.07056530214424901,-258,70,10,0.363937621832358,328,1
407,"(14,1)",,True,36,"[12, 14, 8, 1, 16]",5,0.07056530214424901,-258,70,10,0.363937621832358,328,1
408,"(19,3)",,False,36,"[19, 8, 2, 3, 9]",6,0.11189083820662701,-260,70,10,0.351949317738791,330,1
409,"(19,3)",,False,36,"[19, 8, 2, 3, 9]",6,0.11189083820662701,-260,70,10,0.351949317738791,330,1
410,"(19,10)",,False,36,"[19, 4, 18, 5, 10]",6,0.10919892323401001,-262,70,9,0.30123920913394503,332,1
411,"(19,10)",,False,36,"[19, 4, 18, 5, 10]",6,0.10919892323401001,-262,70,9,0.30123920913394503,332,1
412,"(2,13)",,False,38,"[2, 13, 14, 12, 9]",6,0.109217488164856,-264,70,9,0.26697298802561903,334,1
413,"(2,13)",,False,38,"[2, 13, 14, 12, 9]",6,0.109217488164856,-264,70,9,0.26697298802561903,334,1
414,"(2,19)",,False,36,"[2, 10, 14, 3, 19]",6,0.140100250626566,-266,70,8,0.228752436647173,336,1
415,"(2,19)",,False,36,"[2, 10, 14, 3, 19]",6,0.140100250626566,-266,70,8,0.228752436647173,336,1
416,"(15,13)",,False,38,"[9, 15, 3, 13, 19]",6,0.173712057922584,-268,70,8,0.273572820941241,338,1
417,"(15,13)",,False,38,"[9, 15, 3, 13, 19]",6,0.173712057922584,-268,70,8,0.273572820941241,338,1
418,"(5,18)",,False,40,"[2, 10, 5, 15, 18]",6,0.124575327206906,-270,70,8,0.210902255639097,340,1
419,"(5,18)",,False,40,"[2, 10, 5, 15, 18]",6,0.124575327206906,-270,70,8,0.210902255639097,340,1
420,"(14,18)",,False,40,"[19, 5, 3, 14, 18]",6,0.108047897521581,-272,70,7,0.173906989696463,342,1
421,"(14,18)",,False,40,"[19, 5, 3, 14, 18]",6,0.108047897521581,-272,70,7,0.173906989696463,342,1
422,"(10,1)",,False,42,"[10, 7, 1, 13, 8]",7,0.09567669172932301,-274,70,8,0.184990253411306,344,1
423,"(10,1)",,False,42,"[10, 7, 1, 13, 8]",7,0.09567669172932301,-274,70,8,0.184990253411306,344,1
424,18:10,assassinate,True,38,"[11, 6, 13, 18, 2]",7,0.11249187784275501,-276,70,8,0.22118258609486602,346,1
425,18:10,assassinate,True,38,"[11, 6, 13, 18, 2]",7,0.11249187784275501,-276,70,8,0.22118258609486602,346,1
426,"(9,1)",,False,38,"[8, 14, 9, 4, 1]",7,0.140450663696277,-276,71,8,0.178531978093381,347,1
427,"(9,1)",,False,38,"[8, 14, 9, 4, 1]",7,0.140450663696277,-276,71,8,0.178531978093381,347,1
428,"(1,12)",,True,40,"[6, 1, 5, 10, 12]",8,0.22466119001206702,-276,72,9,0.23535459017915103,348,1
429,"(1,12)",,True,40,"[6, 1, 5, 10, 12]",8,0.22466119001206702,-276,72,9,0.23535459017915103,348,1
430,18:2,assassinate,True,38,"[14, 13, 18, 3, 10]",7,0.142300194931773,-276,73,9,0.22799359509885803,349,1
431,18:2,assassinate,True,38,"[14, 13, 18, 3, 10]",7,0.142300194931773,-276,73,9,0.22799359509885803,349,1
432,"(8,0)",,True,38,"[4, 12, 8, 0, 3]",6,0.10591757170704501,-278,73,9,0.24567669172932302,351,1
433,"(8,0)",,True,38,"[4, 12, 8, 0, 3]",6,0.10591757170704501,-278,73,9,0.24567669172932302,351,1
434,14:10,assassinate,True,34,"[18, 11, 8, 14, 16]",5,0.053439153439153,-280,73,8,0.204998607630186,353,1
435,14:10,assassinate,True,34,"[18, 11, 8, 14, 16]",5,0.053439153439153,-280,73,8,0.204998607630186,353,1
436,"(7,0)",,False,34,"[12, 7, 2, 0, 5]",4,0.017641325536062,-282,73,8,0.19402673350041702,355,1
437,"(7,0)",,False,34,"[12, 7, 2, 0, 5]",4,0.017641325536062,-282,73,8,0.19402673350041702,355,1
438,"(1,14)",,True,36,"[9, 1, 12, 14, 15]",4,0.017641325536062,-284,73,9,0.24958228905597302,357,1
439,"(1,14)",,True,36,"[9, 1, 12, 14, 15]",4,0.017641325536062,-284,73,9,0.24958228905597302,357,1
440,"(13,4)",,False,36,"[13, 7, 15, 5, 4]",4,0.013631300473405002,-286,73,9,0.252638540796435,359,1
441,"(13,4)",,False,36,"[13, 7, 15, 5, 4]",4,0.013631300473405002,-286,73,9,0.252638540796435,359,1
442,"(14,1)",,True,36,"[14, 11, 17, 7, 1]",4,0.013631300473405002,-288,73,9,0.252638540796435,361,1
443,"(14,1)",,True,36,"[14, 11, 17, 7, 1]",4,0.013631300473405002,-288,73,9,0.252638540796435,361,1
444,"(0,10)",,False,34,"[0, 6, 10, 7, 19]",3,0.016569200779727,-290,73,8,0.24132553606237803,363,1
445,"(0,10)",,False,34,"[0, 6, 10, 7, 19]",3,0.016569200779727,-290,73,8,0.24132553606237803,363,1
446,"(7,8)",,True,36,"[0, 7, 5, 8, 11]",4,0.127680311890838,-292,73,8,0.238206627680311,365,1
447,"(7,8)",,True,36,"[0, 7, 5, 8, 11]",4,0.127680311890838,-292,73,8,0.238206627680311,365,1
448,"(0,4)",,False,34,"[11, 5, 0, 4, 8]",3,0.016569200779727,-294,73,8,0.24132553606237803,367,1
449,"(0,4)",,False,34,"[11, 5, 0, 4, 8]",3,0.016569200779727,-294,73,8,0.24132553606237803,367,1
450,13:12,assassinate,True,27,"[14, 0, 12, 6, 13]",3,0.019395711500974,-296,73,7,0.20497076023391803,369,1
451,13:12,assassinate,True,27,"[14, 0, 12, 6, 13]",3,0.019395711500974,-296,73,7,0.20497076023391803,369,1
452,"(4,10)",,False,29,"[4, 10, 5, 9, 19]",4,0.053021442495126005,-298,73,7,0.20555555555555502,371,1
453,"(4,10)",,False,29,"[4, 10, 5, 9, 19]",4,0.053021442495126005,-298,73,7,0.20555555555555502,371,1
454,"(8,3)",,False,29,"[11, 8, 17, 3, 12]",5,0.14658869395711502,-300,73,7,0.243957115009746,373,1
455,"(8,3)",,False,29,"[11, 8, 17, 3, 12]",5,0.14658869395711502,-300,73,7,0.243957115009746,373,1
456,"(11,10)",,False,27,"[11, 17, 4, 0, 10]",4,0.122807017543859,-302,73,6,0.22124756335282603,375,1
457,"(11,10)",,False,27,"[11, 17, 4, 0, 10]",4,0.122807017543859,-302,73,6,0.22124756335282603,375,1
458,16:12,assassinate,True,22,"[16, 6, 5, 13, 9]",4,0.19298245614035,-304,73,5,0.328460038986354,377,1
459,16:12,assassinate,True,22,"[16, 6, 5, 13, 9]",4,0.19298245614035,-304,73,5,0.328460038986354,377,1
460,"(15,6)",,True,24,"[16, 13, 15, 3, 6]",4,0.11842105263157801,-306,73,5,0.22563352826510702,379,1
461,"(15,6)",,True,24,"[16, 13, 15, 3, 6]",4,0.11842105263157801,-306,73,5,0.22563352826510702,379,1
462,"(2,1)",,True,26,"[6, 2, 19, 1, 11]",4,0.053118908382066,-308,73,6,0.23732943469785503,381,1
463,"(2,1)",,True,26,"[6, 2, 19, 1, 11]",4,0.053118908382066,-308,73,6,0.23732943469785503,381,1
464,"(6,13)",,False,28,"[6, 13, 11, 16, 5]",5,0.13635477582846,-310,73,6,0.233138401559454,383,1
465,"(6,13)",,False,28,"[6, 13, 11, 16, 5]",5,0.13635477582846,-310,73,6,0.233138401559454,383,1
466,"(7,5)",,False,28,"[7, 5, 6, 12, 4]",5,0.14405458089668602,-312,73,6,0.26783625730994104,385,1
467,"(7,5)",,False,28,"[7, 5, 6, 12, 4]",5,0.14405458089668602,-312,73,6,0.26783625730994104,385,1
468,"(16,1)",,False,30,"[2, 16, 5, 1, 10]",6,0.18859649122807,-314,73,7,0.34990253411306005,387,1
469,"(16,1)",,False,30,"[2, 16, 5, 1, 10]",6,0.18859649122807,-314,73,7,0.34990253411306005,387,1
470,4:10,assassinate,True,26,"[6, 3, 14, 4, 0]",5,0.087719298245614,-316,73,7,0.284405458089668,389,1
471,4:10,assassinate,True,26,"[6, 3, 14, 4, 0]",5,0.087719298245614,-316,73,7,0.284405458089668,389,1
472,"(4,11)",,False,26,"[4, 17, 11, 15, 10]",5,0.15886939571150002,-318,73,6,0.262183235867446,391,1
473,"(4,11)",,False,26,"[4, 17, 11, 15, 10]",5,0.15886939571150002,-318,73,6,0.262183235867446,391,1
474,"(19,10)",,True,24,"[9, 19, 3, 18, 10]",5,0.212475633528265,-320,73,6,0.32358674463937603,393,1
475,"(19,10)",,True,24,"[9, 19, 3, 18, 10]",5,0.212475633528265,-320,73,6,0.32358674463937603,393,1
476,7:6,assassinate,True,22,"[4, 1, 7, 10, 3]",5,0.18908382066276802,-320,74,6,0.259259259259259,394,1
477,7:6,assassinate,True,22,"[4, 1, 7, 10, 3]",5,0.18908382066276802,-320,74,6,0.259259259259259,394,1
478,"(5,0)",,True,22,"[5, 12, 1, 8, 0]",4,0.18713450292397601,-320,75,6,0.25438596491228,395,1
479,"(5,0)",,True,22,"[5, 12, 1, 8, 0]",4,0.18713450292397601,-320,75,6,0.25438596491228,395,1
480,"(4,1)",,False,24,"[3, 12, 4, 1, 5]",4,0.13352826510721202,-322,75,7,0.38206627680311805,397,1
481,"(4,1)",,False,24,"[3, 12, 4, 1, 5]",4,0.13352826510721202,-322,75,7,0.38206627680311805,397,1
482,"(1,19)",,False,26,"[1, 0, 11, 19, 18]",4,0.148148148148148,-324,75,8,0.430799220272904,399,1
483,"(1,19)",,False,26,"[1, 0, 11, 19, 18]",4,0.148148148148148,-324,75,8,0.430799220272904,399,1
484,"(1,2)",,False,28,"[3, 1, 2, 0, 5]",5,0.11988304093567201,-326,75,9,0.43567251461988304,401,1
485,"(1,2)",,False,28,"[3, 1, 2, 0, 5]",5,0.11988304093567201,-326,75,9,0.43567251461988304,401,1
486,"(2,0)",,True,28,"[4, 8, 2, 0, 5]",5,0.12865497076023302,-328,75,9,0.44980506822612004,403,1
487,"(2,0)",,True,28,"[4, 8, 2, 0, 5]",5,0.12865497076023302,-328,75,9,0.44980506822612004,403,1
488,"(15,1)",,True,30,"[3, 6, 15, 1, 9]",5,0.08479532163742601,-330,75,10,0.48099415204678303,405,1
489,"(15,1)",,True,30,"[3, 6, 15, 1, 9]",5,0.08479532163742601,-330,75,10,0.48099415204678303,405,1
490,"(15,4)",,False,30,"[5, 10, 15, 4, 9]",5,0.070175438596491,-332,75,10,0.47368421052631504,407,1
491,"(15,4)",,False,30,"[5, 10, 15, 4, 9]",5,0.070175438596491,-332,75,10,0.47368421052631504,407,1
492,"(1,9)",,False,32,"[16, 1, 13, 19, 9]",5,0.067446393762183,-334,75,11,0.465497076023391,409,1
493,"(1,9)",,False,32,"[16, 1, 13, 19, 9]",5,0.067446393762183,-334,75,11,0.465497076023391,409,1
494,"(12,6)",,False,30,"[12, 7, 5, 11, 6]",5,0.140545808966861,-336,75,11,0.49132553606237805,411,1
495,"(12,6)",,False,30,"[12, 7, 5, 11, 6]",5,0.140545808966861,-336,75,11,0.49132553606237805,411,1
496,"(17,1)",,True,32,"[17, 3, 15, 14, 1]",5,0.12446393762183201,-338,75,12,0.493762183235867,413,1
497,"(17,1)",,True,32,"[17, 3, 15, 14, 1]",5,0.12446393762183201,-338,75,12,0.493762183235867,413,1
498,"(15,4)",,True,32,"[9, 19, 15, 5, 4]",5,0.123976608187134,-340,75,12,0.49239766081871306,415,1
499,"(15,4)",,True,32,"[9, 19, 15, 5, 4]",5,0.123976608187134,-340,75,12,0.49239766081871306,415,1
500,"(5,7)",,True,34,"[17, 19, 10, 5, 7]",6,0.22923976608187102,-342,75,12,0.51364522417154,417,1
501,"(5,7)",,True,34,"[17, 19, 10, 5, 7]",6,0.22923976608187102,-342,75,12,0.51364522417154,417,1
502,"(0,17)",,True,34,"[4, 0, 1, 5, 17]",5,0.21637426900584703,-344,75,12,0.5316764132553601,419,1
503,"(0,17)",,True,34,"[4, 0, 1, 5, 17]",5,0.21637426900584703,-344,75,12,0.5316764132553601,419,1
504,"(0,1)",,False,36,"[0, 14, 9, 12, 1]",6,0.215399610136452,-346,75,13,0.5458089668615981,421,1
505,"(0,1)",,False,36,"[0, 14, 9, 12, 1]",6,0.215399610136452,-346,75,13,0.5458089668615981,421,1
506,"(8,6)",,False,38,"[16, 2, 11, 8, 6]",6,0.15886939571150002,-348,75,13,0.49990253411306,423,1
507,"(8,6)",,False,38,"[16, 2, 11, 8, 6]",6,0.15886939571150002,-348,75,13,0.49990253411306,423,1
508,"(0,8)",,True,38,"[0, 16, 10, 6, 8]",6,0.131091617933723,-350,75,13,0.488304093567251,425,1
509,"(0,8)",,True,38,"[0, 16, 10, 6, 8]",6,0.131091617933723,-350,75,13,0.488304093567251,425,1
510,"(7,1)",,True,40,"[19, 7, 1, 10, 17]",6,0.12329434697855701,-352,75,14,0.501364522417154,427,1
511,"(7,1)",,True,40,"[19, 7, 1, 10, 17]",6,0.12329434697855701,-352,75,14,0.501364522417154,427,1
512,18:2,assassinate,True,40,"[18, 8, 5, 15, 17]",5,0.018031189083820003,-354,75,14,0.444931773879142,429,1
513,18:2,assassinate,True,40,"[18, 8, 5, 15, 17]",5,0.018031189083820003,-354,75,14,0.444931773879142,429,1
514,"(11,15)",,False,40,"[9, 11, 17, 15, 16]",5,0.013157894736842,-356,75,14,0.464814814814814,431,1
515,"(11,15)",,False,40,"[9, 11, 17, 15, 16]",5,0.013157894736842,-356,75,14,0.464814814814814,431,1
516,"(6,3)",,False,40,"[13, 6, 14, 3, 9]",5,0.013157894736842,-358,75,14,0.49619883040935603,433,1
517,"(6,3)",,False,40,"[13, 6, 14, 3, 9]",5,0.013157894736842,-358,75,14,0.49619883040935603,433,1
518,"(3,9)",,True,40,"[16, 3, 9, 17, 5]",5,0.013157894736842,-360,75,14,0.483235867446393,435,1
519,"(3,9)",,True,40,"[16, 3, 9, 17, 5]",5,0.013157894736842,-360,75,14,0.483235867446393,435,1
520,12:14,assassinate,True,32,"[1, 11, 17, 9, 12]",4,0.034697855750487006,-362,75,12,0.49278752436647105,437,1
521,12:14,assassinate,True,32,"[1, 11, 17, 9, 12]",4,0.034697855750487006,-362,75,12,0.49278752436647105,437,1
522,"(19,18)",,True,34,"[19, 5, 11, 18, 16]",5,0.078529657477025,-364,75,12,0.548969646338067,439,1
523,"(19,18)",,True,34,"[19, 5, 11, 18, 16]",5,0.078529657477025,-364,75,12,0.548969646338067,439,1
524,"(12,17)",,False,36,"[12, 13, 3, 17, 7]",5,0.070300751879699,-366,75,12,0.583876357560568,441,1
525,"(12,17)",,False,36,"[12, 13, 3, 17, 7]",5,0.070300751879699,-366,75,12,0.583876357560568,441,1
526,"(0,5)",,True,34,"[0, 7, 1, 14, 5]",4,0.037621832358674,-368,75,12,0.5238791423001941,443,1
527,"(0,5)",,True,34,"[0, 7, 1, 14, 5]",4,0.037621832358674,-368,75,12,0.5238791423001941,443,1
528,"(12,5)",,True,36,"[12, 13, 10, 5, 16]",5,0.07953216374269001,-370,75,12,0.548343079922027,445,1
529,"(12,5)",,True,36,"[12, 13, 10, 5, 16]",5,0.07953216374269001,-370,75,12,0.548343079922027,445,1
530,"(11,4)",,False,36,"[8, 2, 11, 7, 4]",5,0.077387914230019,-372,75,12,0.5428849902534111,447,1
531,"(11,4)",,False,36,"[8, 2, 11, 7, 4]",5,0.077387914230019,-372,75,12,0.5428849902534111,447,1
532,"(12,2)",,True,38,"[18, 4, 15, 12, 2]",5,0.07745753272069,-374,75,12,0.49807852965747706,449,1
533,"(12,2)",,True,38,"[18, 4, 15, 12, 2]",5,0.07745753272069,-374,75,12,0.49807852965747706,449,1
534,"(4,17)",,False,40,"[18, 4, 9, 7, 17]",6,0.113937621832358,-376,75,12,0.45799220272904406,451,1
535,"(4,17)",,False,40,"[18, 4, 9, 7, 17]",6,0.113937621832358,-376,75,12,0.45799220272904406,451,1
536,"(3,19)",,True,40,"[3, 6, 14, 19, 10]",6,0.10778334725703101,-378,75,12,0.4744917850181,453,1
537,"(3,19)",,True,40,"[3, 6, 14, 19, 10]",6,0.10778334725703101,-378,75,12,0.4744917850181,453,1
538,5:14,assassinate,True,34,"[14, 5, 7, 16, 18]",7,0.192592592592592,-380,75,12,0.49600389863547706,455,1
539,5:14,assassinate,True,34,"[14, 5, 7, 16, 18]",7,0.192592592592592,-380,75,12,0.49600389863547706,455,1
540,"(14,7)",,False,34,"[14, 4, 7, 3, 1]",7,0.21384015594541902,-382,75,11,0.473879142300194,457,1
541,"(14,7)",,False,34,"[14, 4, 7, 3, 1]",7,0.21384015594541902,-382,75,11,0.473879142300194,457,1
542,"(1,5)",,False,34,"[13, 14, 2, 1, 5]",7,0.277680311890838,-384,75,12,0.5849902534113061,459,1
543,"(1,5)",,False,34,"[13, 14, 2, 1, 5]",7,0.277680311890838,-384,75,12,0.5849902534113061,459,1
544,"(1,11)",,False,36,"[15, 2, 1, 19, 11]",8,0.266666666666666,-386,75,13,0.579629629629629,461,1
545,"(1,11)",,False,36,"[15, 2, 1, 19, 11]",8,0.266666666666666,-386,75,13,0.579629629629629,461,1
546,10:6,assassinate,True,34,"[19, 10, 7, 12, 9]",7,0.21364522417153903,-388,75,13,0.5436647173489271,463,1
547,10:6,assassinate,True,34,"[19, 10, 7, 12, 9]",7,0.21364522417153903,-388,75,13,0.5436647173489271,463,1
548,"(15,18)",,False,36,"[11, 15, 18, 7, 12]",7,0.187329434697855,-390,75,13,0.491520467836257,465,1
549,"(15,18)",,False,36,"[11, 15, 18, 7, 12]",7,0.187329434697855,-390,75,13,0.491520467836257,465,1
550,16:2,assassinate,True,34,"[7, 16, 8, 9, 19]",6,0.08304093567251401,-392,75,12,0.360916179337231,467,1
551,16:2,assassinate,True,34,"[7, 16, 8, 9, 19]",6,0.08304093567251401,-392,75,12,0.360916179337231,467,1
552,"(2,16)",,False,36,"[2, 14, 11, 16, 4]",7,0.10740740740740701,-394,75,12,0.37943469785575,469,1
553,"(2,16)",,False,36,"[2, 14, 11, 16, 4]",7,0.10740740740740701,-394,75,12,0.37943469785575,469,1
554,"(1,12)",,False,38,"[9, 1, 19, 12, 3]",7,0.10487329434697801,-396,75,13,0.383333333333333,471,1
555,"(1,12)",,False,38,"[9, 1, 19, 12, 3]",7,0.10487329434697801,-396,75,13,0.383333333333333,471,1
556,"(13,0)",,True,38,"[18, 5, 13, 0, 6]",7,0.054580896686159,-398,75,13,0.40575048732943403,473,1
557,"(13,0)",,True,38,"[18, 5, 13, 0, 6]",7,0.054580896686159,-398,75,13,0.40575048732943403,473,1
558,"(5,6)",,False,40,"[5, 10, 0, 6, 11]",7,0.05409356725146101,-400,75,13,0.43382066276803105,475,1
559,"(5,6)",,False,40,"[5, 10, 0, 6, 11]",7,0.05409356725146101,-400,75,13,0.43382066276803105,475,1
560,"(0,11)",,False,40,"[6, 14, 0, 11, 3]",6,0.037231968810916005,-402,75,13,0.422904483430799,477,1
561,"(0,11)",,False,40,"[6, 14, 0, 11, 3]",6,0.037231968810916005,-402,75,13,0.422904483430799,477,1
562,"(14,0)",,True,38,"[14, 11, 6, 7, 0]",5,0.032651072124756,-404,75,12,0.36666666666666603,479,1
563,"(14,0)",,True,38,"[14, 11, 6, 7, 0]",5,0.032651072124756,-404,75,12,0.36666666666666603,479,1
564,"(2,11)",,False,38,"[4, 2, 7, 1, 11]",6,0.09424951267056501,-406,75,12,0.38830409356725104,481,1
565,"(2,11)",,False,38,"[4, 2, 7, 1, 11]",6,0.09424951267056501,-406,75,12,0.38830409356725104,481,1
566,"(10,1)",,False,40,"[5, 10, 1, 4, 17]",7,0.128362573099415,-408,75,13,0.45116959064327405,483,1
567,"(10,1)",,False,40,"[5, 10, 1, 4, 17]",7,0.128362573099415,-408,75,13,0.45116959064327405,483,1
568,"(6,0)",,False,40,"[6, 0, 18, 16, 15]",6,0.05214424951267001,-410,75,13,0.428557504873294,485,1
569,"(6,0)",,False,40,"[6, 0, 18, 16, 15]",6,0.05214424951267001,-410,75,13,0.428557504873294,485,1
570,"(1,8)",,False,42,"[4, 7, 10, 1, 8]",7,0.110038986354775,-412,75,14,0.44181286549707605,487,1
571,"(1,8)",,False,42,"[4, 7, 10, 1, 8]",7,0.110038986354775,-412,75,14,0.44181286549707605,487,1
572,"(0,15)",,True,42,"[0, 5, 2, 15, 3]",6,0.098705096073517,-414,75,14,0.441395154553049,489,1
573,"(0,15)",,True,42,"[0, 5, 2, 15, 3]",6,0.098705096073517,-414,75,14,0.441395154553049,489,1
574,"(10,13)",,False,44,"[10, 12, 4, 13, 11]",6,0.09451406293511501,-416,75,14,0.449972152603731,491,1
575,"(10,13)",,False,44,"[10, 12, 4, 13, 11]",6,0.09451406293511501,-416,75,14,0.449972152603731,491,1
576,18:8,assassinate,True,41,"[10, 5, 19, 18, 3]",5,0.057894736842105006,-418,75,14,0.434795321637426,493,1
577,18:8,assassinate,True,41,"[10, 5, 19, 18, 3]",5,0.057894736842105006,-418,75,14,0.434795321637426,493,1
578,"(3,14)",,True,41,"[3, 2, 11, 10, 14]",5,0.05847953216374201,-420,75,14,0.426413255360623,495,1
579,"(3,14)",,True,41,"[3, 2, 11, 10, 14]",5,0.05847953216374201,-420,75,14,0.426413255360623,495,1
580,6:10,assassinate,True,37,"[19, 8, 16, 6, 7]",5,0.055750487329434,-422,75,14,0.42631578947368404,497,1
581,6:10,assassinate,True,37,"[19, 8, 16, 6, 7]",5,0.055750487329434,-422,75,14,0.42631578947368404,497,1
582,"(1,18)",,True,39,"[13, 5, 1, 18, 15]",5,0.106432748538011,-424,75,15,0.5588693957115011,499,1
583,"(1,18)",,True,39,"[13, 5, 1, 18, 15]",5,0.106432748538011,-424,75,15,0.5588693957115011,499,1
584,16:6,assassinate,True,37,"[5, 16, 10, 18, 2]",4,0.009454191033138,-426,75,15,0.476023391812865,501,1
585,16:6,assassinate,True,37,"[5, 16, 10, 18, 2]",4,0.009454191033138,-426,75,15,0.476023391812865,501,1
586,"(6,12)",,True,37,"[6, 12, 11, 5, 16]",4,0.009454191033138,-428,75,14,0.45555555555555505,503,1
587,"(6,12)",,True,37,"[6, 12, 11, 5, 16]",4,0.009454191033138,-428,75,14,0.45555555555555505,503,1
588,"(1,16)",,False,37,"[4, 1, 16, 10, 3]",4,0.009454191033138,-430,75,14,0.45555555555555505,505,1
589,"(1,16)",,False,37,"[4, 1, 16, 10, 3]",4,0.009454191033138,-430,75,14,0.45555555555555505,505,1
590,"(19,1)",,False,37,"[17, 19, 1, 3, 13]",4,0.009454191033138,-432,75,14,0.5081871345029231,507,1
591,"(19,1)",,False,37,"[17, 19, 1, 3, 13]",4,0.009454191033138,-432,75,14,0.5081871345029231,507,1
592,"(9,0)",,True,37,"[5, 9, 14, 0, 10]",4,0.09083820662768001,-434,75,14,0.504775828460039,509,1
593,"(9,0)",,True,37,"[5, 9, 14, 0, 10]",4,0.09083820662768001,-434,75,14,0.504775828460039,509,1
594,"(3,8)",,False,37,"[12, 11, 3, 2, 8]",4,0.086452241715399,-436,75,14,0.49113060428849903,511,1
595,"(3,8)",,False,37,"[12, 11, 3, 2, 8]",4,0.086452241715399,-436,75,14,0.49113060428849903,511,1
596,"(12,14)",,True,39,"[13, 3, 10, 12, 14]",5,0.102436647173489,-438,75,14,0.47807017543859603,513,1
597,"(12,14)",,True,39,"[13, 3, 10, 12, 14]",5,0.102436647173489,-438,75,14,0.47807017543859603,513,1
598,6:4,assassinate,True,36,"[15, 10, 14, 11, 6]",4,0.026900584795321,-440,75,13,0.41189083820662703,515,1
599,6:4,assassinate,True,36,"[15, 10, 14, 11, 6]",4,0.026900584795321,-440,75,13,0.41189083820662703,515,1
600,"(5,1)",,True,38,"[5, 10, 1, 19, 2]",4,0.025536062378167003,-442,75,14,0.428265107212475,517,1
601,"(5,1)",,True,38,"[5, 10, 1, 19, 2]",4,0.025536062378167003,-442,75,14,0.428265107212475,517,1
602,"(11,15)",,False,38,"[11, 15, 12, 2, 5]",5,0.12495126705653001,-444,75,14,0.49600389863547706,519,1
603,"(11,15)",,False,38,"[11, 15, 12, 2, 5]",5,0.12495126705653001,-444,75,14,0.49600389863547706,519,1
604,17:14,assassinate,True,32,"[17, 15, 7, 2, 4]",5,0.12085769980506801,-446,75,13,0.496978557504873,521,1
605,17:14,assassinate,True,32,"[17, 15, 7, 2, 4]",5,0.12085769980506801,-446,75,13,0.496978557504873,521,1
606,"(18,1)",,False,34,"[18, 0, 1, 16, 10]",5,0.12670565302144202,-448,75,14,0.576900584795321,523,1
607,"(18,1)",,False,34,"[18, 0, 1, 16, 10]",5,0.12670565302144202,-448,75,14,0.576900584795321,523,1
608,"(19,17)",,True,36,"[19, 15, 11, 17, 2]",6,0.14766081871345002,-450,75,14,0.625146198830409,525,1
609,"(19,17)",,True,36,"[19, 15, 11, 17, 2]",6,0.14766081871345002,-450,75,14,0.625146198830409,525,1
610,6:2,assassinate,True,36,"[3, 19, 15, 6, 4]",5,0.040448343079922004,-452,75,14,0.549122807017543,527,1
611,6:2,assassinate,True,36,"[3, 19, 15, 6, 4]",5,0.040448343079922004,-452,75,14,0.549122807017543,527,1
612,"(6,18)",,False,38,"[14, 6, 18, 5, 15]",5,0.04278752436647101,-454,75,14,0.63157894736842,529,1
613,"(6,18)",,False,38,"[14, 6, 18, 5, 15]",5,0.04278752436647101,-454,75,14,0.63157894736842,529,1
614,"(10,2)",,True,38,"[8, 4, 10, 9, 2]",5,0.043274853801169,-456,75,14,0.6034113060428841,531,1
615,"(10,2)",,True,38,"[8, 4, 10, 9, 2]",5,0.043274853801169,-456,75,14,0.6034113060428841,531,1
616,"(13,4)",,False,38,"[13, 16, 2, 4, 14]",5,0.035380116959064005,-458,75,14,0.6001949317738791,533,1
617,"(13,4)",,False,38,"[13, 16, 2, 4, 14]",5,0.035380116959064005,-458,75,14,0.6001949317738791,533,1
618,"(12,1)",,False,38,"[12, 1, 7, 0, 10]",5,0.018518518518518,-460,75,14,0.533138401559454,535,1
619,"(12,1)",,False,38,"[12, 1, 7, 0, 10]",5,0.018518518518518,-460,75,14,0.533138401559454,535,1
620,"(14,18)",,False,38,"[14, 4, 6, 18, 10]",6,0.074171539961013,-462,75,14,0.543274853801169,537,1
621,"(14,18)",,False,38,"[14, 4, 6, 18, 10]",6,0.074171539961013,-462,75,14,0.543274853801169,537,1
622,"(9,0)",,True,38,"[9, 4, 1, 0, 19]",5,0.051851851851851004,-464,75,14,0.533333333333333,539,1
623,"(9,0)",,True,38,"[9, 4, 1, 0, 19]",5,0.051851851851851004,-464,75,14,0.533333333333333,539,1
624,"(15,10)",,True,38,"[15, 0, 10, 18, 5]",6,0.06929824561403501,-466,75,14,0.529629629629629,541,1
625,"(15,10)",,True,38,"[15, 0, 10, 18, 5]",6,0.06929824561403501,-466,75,14,0.529629629629629,541,1
626,"(1,8)",,True,40,"[1, 19, 8, 14, 10]",6,0.071345029239766,-468,75,15,0.5884990253411301,543,1
627,"(1,8)",,True,40,"[1, 19, 8, 14, 10]",6,0.071345029239766,-468,75,15,0.5884990253411301,543,1
628,"(17,1)",,False,42,"[17, 11, 9, 7, 1]",7,0.091228070175438,-470,75,16,0.5978557504873291,545,1
629,"(17,1)",,False,42,"[17, 11, 9, 7, 1]",7,0.091228070175438,-470,75,16,0.5978557504873291,545,1
630,"(18,19)",,False,42,"[18, 12, 15, 19, 17]",7,0.092690058479532,-472,75,16,0.6115009746588691,547,1
631,"(18,19)",,False,42,"[18, 12, 15, 19, 17]",7,0.092690058479532,-472,75,16,0.6115009746588691,547,1
632,14:16,assassinate,True,35,"[14, 18, 19, 12, 8]",7,0.091130604288499,-474,75,15,0.611111111111111,549,1
633,14:16,assassinate,True,35,"[14, 18, 19, 12, 8]",7,0.091130604288499,-474,75,15,0.611111111111111,549,1
634,"(1,3)",,True,37,"[1, 18, 3, 5, 8]",7,0.096491228070175,-476,75,16,0.598440545808966,551,1
635,"(1,3)",,True,37,"[1, 18, 3, 5, 8]",7,0.096491228070175,-476,75,16,0.598440545808966,551,1
636,"(14,8)",,False,39,"[14, 8, 11, 16, 19]",7,0.09844054580896601,-478,75,16,0.673489278752436,553,1
637,"(14,8)",,False,39,"[14, 8, 11, 16, 19]",7,0.09844054580896601,-478,75,16,0.673489278752436,553,1
638,"(10,11)",,True,39,"[10, 5, 18, 2, 11]",8,0.17943469785575,-480,75,16,0.6261208576998051,555,1
639,"(10,11)",,True,39,"[10, 5, 18, 2, 11]",8,0.17943469785575,-480,75,16,0.6261208576998051,555,1
640,"(0,14)",,False,39,"[0, 5, 14, 11, 8]",7,0.10214424951267001,-482,75,16,0.670760233918128,557,1
641,"(0,14)",,False,39,"[0, 5, 14, 11, 8]",7,0.10214424951267001,-482,75,16,0.670760233918128,557,1
642,13:4,assassinate,True,38,"[13, 4, 3, 12, 14]",6,0.034307992202729,-484,75,16,0.612865497076023,559,1
643,13:4,assassinate,True,38,"[13, 4, 3, 12, 14]",6,0.034307992202729,-484,75,16,0.612865497076023,559,1
644,"(4,3)",,True,40,"[8, 4, 3, 16, 1]",6,0.033430799220272,-486,75,16,0.583625730994152,561,1
645,"(4,3)",,True,40,"[8, 4, 3, 16, 1]",6,0.033430799220272,-486,75,16,0.583625730994152,561,1
646,"(14,16)",,True,40,"[14, 16, 3, 0, 15]",6,0.033430799220272,-488,75,15,0.530994152046783,563,1
647,"(14,16)",,True,40,"[14, 16, 3, 0, 15]",6,0.033430799220272,-488,75,15,0.530994152046783,563,1
648,"(19,13)",,True,42,"[19, 13, 11, 6, 9]",6,0.043567251461988005,-490,75,15,0.5132553606237811,565,1
649,"(19,13)",,True,42,"[19, 13, 11, 6, 9]",6,0.043567251461988005,-490,75,15,0.5132553606237811,565,1
650,"(16,8)",,False,44,"[16, 17, 12, 8, 13]",7,0.056042884990253006,-492,75,15,0.507504873294346,567,1
651,"(16,8)",,False,44,"[16, 17, 12, 8, 13]",7,0.056042884990253006,-492,75,15,0.507504873294346,567,1
652,"(10,17)",,False,46,"[9, 10, 17, 8, 7]",7,0.05847953216374201,-494,75,15,0.48118908382066206,569,1
653,"(10,17)",,False,46,"[9, 10, 17, 8, 7]",7,0.05847953216374201,-494,75,15,0.48118908382066206,569,1
654,"(8,14)",,True,46,"[8, 16, 9, 14, 17]",7,0.057017543859649,-496,75,15,0.43343079922027206,571,1
655,"(8,14)",,True,46,"[8, 16, 9, 14, 17]",7,0.057017543859649,-496,75,15,0.43343079922027206,571,1
656,"(18,5)",,True,48,"[3, 18, 5, 0, 1]",8,0.117543859649122,-498,75,15,0.39483430799220204,573,1
657,"(18,5)",,True,48,"[3, 18, 5, 0, 1]",8,0.117543859649122,-498,75,15,0.39483430799220204,573,1
658,"(5,0)",,True,48,"[13, 5, 0, 7, 17]",8,0.117543859649122,-500,75,15,0.39483430799220204,575,1
659,"(5,0)",,True,48,"[13, 5, 0, 7, 17]",8,0.117543859649122,-500,75,15,0.39483430799220204,575,1
660,"(14,1)",,True,50,"[11, 10, 14, 5, 1]",8,0.111500974658869,-502,75,16,0.41283764967975406,577,1
661,"(14,1)",,True,50,"[11, 10, 14, 5, 1]",8,0.111500974658869,-502,75,16,0.41283764967975406,577,1
662,"(18,19)",,True,50,"[18, 13, 6, 19, 17]",9,0.130019493177387,-504,75,16,0.432261208576998,579,1
663,"(18,19)",,True,50,"[18, 13, 6, 19, 17]",9,0.130019493177387,-504,75,16,0.432261208576998,579,1
664,"(2,19)",,True,50,"[2, 9, 5, 19, 14]",9,0.12456140350877101,-506,75,16,0.42774993038150905,581,1
665,"(2,19)",,True,50,"[2, 9, 5, 19, 14]",9,0.12456140350877101,-506,75,16,0.42774993038150905,581,1
666,"(11,19)",,True,50,"[11, 3, 5, 19, 10]",10,0.146881091617933,-508,75,16,0.431551099972152,583,1
667,"(11,19)",,True,50,"[11, 3, 5, 19, 10]",10,0.146881091617933,-508,75,16,0.431551099972152,583,1
668,"(6,18)",,True,50,"[19, 6, 18, 0, 13]",10,0.148635477582845,-510,75,16,0.41929824561403506,585,1
669,"(6,18)",,True,50,"[19, 6, 18, 0, 13]",10,0.148635477582845,-510,75,16,0.41929824561403506,585,1
670,"(13,4)",,False,48,"[13, 5, 7, 6, 4]",10,0.149415204678362,-512,75,15,0.42962962962962903,587,1
671,"(13,4)",,False,48,"[13, 5, 7, 6, 4]",10,0.149415204678362,-512,75,15,0.42962962962962903,587,1
672,"(18,1)",,False,48,"[4, 13, 5, 18, 1]",10,0.18996101364522402,-514,75,15,0.42807017543859605,589,1
673,"(18,1)",,False,48,"[4, 13, 5, 18, 1]",10,0.18996101364522402,-514,75,15,0.42807017543859605,589,1
674,"(17,0)",,False,48,"[4, 17, 16, 19, 0]",10,0.18312447786131902,-516,75,15,0.44026733500417703,591,1
675,"(17,0)",,False,48,"[4, 17, 16, 19, 0]",10,0.18312447786131902,-516,75,15,0.44026733500417703,591,1
676,"(4,0)",,True,48,"[7, 13, 4, 11, 0]",9,0.163645224171539,-518,75,15,0.446686159844054,593,1
677,"(4,0)",,True,48,"[7, 13, 4, 11, 0]",9,0.163645224171539,-518,75,15,0.446686159844054,593,1
678,"(4,11)",,False,48,"[4, 7, 11, 18, 13]",9,0.17387914230019402,-520,75,15,0.42251461988304,595,1
679,"(4,11)",,False,48,"[4, 7, 11, 18, 13]",9,0.17387914230019402,-520,75,15,0.42251461988304,595,1
680,8:4,assassinate,True,47,"[15, 12, 8, 2, 5]",8,0.106237816764132,-522,75,15,0.379824561403508,597,1
681,8:4,assassinate,True,47,"[15, 12, 8, 2, 5]",8,0.106237816764132,-522,75,15,0.379824561403508,597,1
682,"(13,19)",,False,47,"[16, 13, 15, 12, 19]",8,0.11091617933723101,-524,75,15,0.387719298245614,599,1
683,"(13,19)",,False,47,"[16, 13, 15, 12, 19]",8,0.11091617933723101,-524,75,15,0.387719298245614,599,1
684,"(8,10)",,False,49,"[8, 15, 16, 10, 12]",8,0.12504873294346902,-526,75,15,0.42407407407407305,601,1
685,"(8,10)",,False,49,"[8, 15, 16, 10, 12]",8,0.12504873294346902,-526,75,15,0.42407407407407305,601,1
686,7:14,assassinate,True,43,"[11, 5, 18, 7, 1]",7,0.108368142578668,-528,75,14,0.40439988861041404,603,1
687,7:14,assassinate,True,43,"[11, 5, 18, 7, 1]",7,0.108368142578668,-528,75,14,0.40439988861041404,603,1
688,"(18,11)",,False,43,"[2, 19, 6, 18, 11]",7,0.108465608465608,-530,75,14,0.411125034809245,605,1
689,"(18,11)",,False,43,"[2, 19, 6, 18, 11]",7,0.108465608465608,-530,75,14,0.411125034809245,605,1
690,"(19,10)",,False,43,"[1, 19, 12, 10, 16]",8,0.15203285992759602,-532,75,14,0.41551099972152505,607,1
691,"(19,10)",,False,43,"[1, 19, 12, 10, 16]",8,0.15203285992759602,-532,75,14,0.41551099972152505,607,1
692,"(6,1)",,True,45,"[14, 6, 1, 5, 17]",8,0.13448900027847302,-534,75,15,0.41843497632971305,609,1
693,"(6,1)",,True,45,"[14, 6, 1, 5, 17]",8,0.13448900027847302,-534,75,15,0.41843497632971305,609,1
694,"(13,0)",,True,45,"[13, 19, 18, 8, 0]",7,0.093455861876914,-536,75,15,0.410735171261487,611,1
695,"(13,0)",,True,45,"[13, 19, 18, 8, 0]",7,0.093455861876914,-536,75,15,0.410735171261487,611,1
696,"(0,5)",,True,45,"[17, 0, 12, 19, 5]",6,0.070481759955444,-538,75,15,0.42759676970203203,613,1
697,"(0,5)",,True,45,"[17, 0, 12, 19, 5]",6,0.070481759955444,-538,75,15,0.42759676970203203,613,1
698,"(2,0)",,False,45,"[10, 2, 8, 0, 17]",5,0.028752436647173002,-540,75,15,0.41812865497076,615,1
699,"(2,0)",,False,45,"[10, 2, 8, 0, 17]",5,0.028752436647173002,-540,75,15,0.41812865497076,615,1
700,"(3,7)",,False,47,"[3, 16, 7, 2, 6]",6,0.082943469785575,-542,75,15,0.44434697855750405,617,1
701,"(3,7)",,False,47,"[3, 16, 7, 2, 6]",6,0.082943469785575,-542,75,15,0.44434697855750405,617,1
702,"(11,5)",,False,47,"[11, 5, 9, 12, 2]",7,0.10594541910331301,-544,75,15,0.437719298245614,619,1
703,"(11,5)",,False,47,"[11, 5, 9, 12, 2]",7,0.10594541910331301,-544,75,15,0.437719298245614,619,1
704,"(17,10)",,False,45,"[17, 10, 11, 13, 14]",7,0.15176830966304602,-546,75,14,0.39452102478418205,621,1
705,"(17,10)",,False,45,"[17, 10, 11, 13, 14]",7,0.15176830966304602,-546,75,14,0.39452102478418205,621,1
706,"(4,3)",,True,45,"[5, 4, 18, 6, 3]",7,0.162587023113338,-548,75,14,0.40474798106377,623,1
707,"(4,3)",,True,45,"[5, 4, 18, 6, 3]",7,0.162587023113338,-548,75,14,0.40474798106377,623,1
708,"(16,9)",,True,45,"[16, 1, 3, 9, 4]",7,0.161111111111111,-550,75,14,0.40004177109440203,625,1
709,"(16,9)",,True,45,"[16, 1, 3, 9, 4]",7,0.161111111111111,-550,75,14,0.40004177109440203,625,1
710,"(2,1)",,False,47,"[2, 1, 0, 10, 16]",7,0.123589065255731,-552,75,15,0.45683189455119205,627,1
711,"(2,1)",,False,47,"[2, 1, 0, 10, 16]",7,0.123589065255731,-552,75,15,0.45683189455119205,627,1
712,"(16,14)",,True,45,"[17, 16, 9, 19, 14]",7,0.170003712986169,-554,75,14,0.40620532813515203,629,1
713,"(16,14)",,True,45,"[17, 16, 9, 19, 14]",7,0.170003712986169,-554,75,14,0.40620532813515203,629,1
714,"(9,3)",,False,45,"[18, 4, 2, 9, 3]",8,0.19061542745753202,-556,75,14,0.39124199387357206,631,1
715,"(9,3)",,False,45,"[18, 4, 2, 9, 3]",8,0.19061542745753202,-556,75,14,0.39124199387357206,631,1
716,"(0,9)",,False,43,"[14, 0, 9, 17, 16]",7,0.20167084377610603,-558,75,14,0.431161236424394,633,1
717,"(0,9)",,False,43,"[14, 0, 9, 17, 16]",7,0.20167084377610603,-558,75,14,0.431161236424394,633,1
718,"(11,10)",,False,41,"[11, 8, 16, 10, 6]",7,0.20446022463566302,-560,75,13,0.43909310312819005,635,1
719,"(11,10)",,False,41,"[11, 8, 16, 10, 6]",7,0.20446022463566302,-560,75,13,0.43909310312819005,635,1
720,7:2,assassinate,True,41,"[7, 10, 2, 17, 16]",6,0.102608372783811,-562,75,13,0.360145734707138,637,1
721,7:2,assassinate,True,41,"[7, 10, 2, 17, 16]",6,0.102608372783811,-562,75,13,0.360145734707138,637,1
722,12:8,assassinate,True,36,"[14, 19, 12, 3, 9]",5,0.038610414926204005,-564,75,12,0.30303536619326005,639,1
723,12:8,assassinate,True,36,"[14, 19, 12, 3, 9]",5,0.038610414926204005,-564,75,12,0.30303536619326005,639,1
724,"(1,6)",,True,38,"[16, 1, 8, 6, 0]",5,0.039376218323586,-566,75,13,0.380116959064327,641,1
725,"(1,6)",,True,38,"[16, 1, 8, 6, 0]",5,0.039376218323586,-566,75,13,0.380116959064327,641,1
726,"(17,5)",,False,38,"[0, 8, 17, 16, 5]",5,0.040104891859277,-568,75,13,0.36798013552399506,643,1
727,"(17,5)",,False,38,"[0, 8, 17, 16, 5]",5,0.040104891859277,-568,75,13,0.36798013552399506,643,1
728,"(3,7)",,False,40,"[19, 3, 18, 9, 7]",5,0.040397289520096004,-570,75,13,0.39502691914972604,645,1
729,"(3,7)",,False,40,"[19, 3, 18, 9, 7]",5,0.040397289520096004,-570,75,13,0.39502691914972604,645,1
730,"(12,19)",,True,42,"[6, 12, 19, 18, 0]",5,0.038935301216002,-572,75,13,0.43942263065070003,647,1
731,"(12,19)",,True,42,"[6, 12, 19, 18, 0]",5,0.038935301216002,-572,75,13,0.43942263065070003,647,1
732,15:12,assassinate,True,37,"[3, 1, 15, 9, 10]",5,0.019980506822612,-574,75,13,0.49571150097465805,649,1
733,15:12,assassinate,True,37,"[3, 1, 15, 9, 10]",5,0.019980506822612,-574,75,13,0.49571150097465805,649,1
734,"(18,0)",,True,37,"[18, 14, 9, 5, 0]",4,0.008284600389863,-576,75,13,0.471345029239766,651,1
735,"(18,0)",,True,37,"[18, 14, 9, 5, 0]",4,0.008284600389863,-576,75,13,0.471345029239766,651,1
736,"(13,0)",,True,37,"[13, 17, 0, 9, 3]",4,0.008284600389863,-578,75,13,0.471345029239766,653,1
737,"(13,0)",,True,37,"[13, 17, 0, 9, 3]",4,0.008284600389863,-578,75,13,0.471345029239766,653,1
738,"(16,7)",,False,35,"[10, 16, 7, 0, 19]",4,0.006335282651072,-580,75,12,0.468421052631578,655,1
739,"(16,7)",,False,35,"[10, 16, 7, 0, 19]",4,0.006335282651072,-580,75,12,0.468421052631578,655,1
740,"(2,15)",,True,37,"[17, 5, 2, 15, 12]",5,0.081091617933723,-582,75,12,0.49434697855750404,657,1
741,"(2,15)",,True,37,"[17, 5, 2, 15, 12]",5,0.081091617933723,-582,75,12,0.49434697855750404,657,1
742,"(9,1)",,True,39,"[9, 17, 11, 1, 19]",6,0.11111111111111101,-584,75,13,0.48518518518518505,659,1
743,"(9,1)",,True,39,"[9, 17, 11, 1, 19]",6,0.11111111111111101,-584,75,13,0.48518518518518505,659,1
744,10:20,assassinate,True,30,"[0, 10, 6, 13, 9]",5,0.101364522417153,-586,75,12,0.5789473684210521,661,1
745,10:20,assassinate,True,30,"[0, 10, 6, 13, 9]",5,0.101364522417153,-586,75,12,0.5789473684210521,661,1
746,"(0,16)",,True,30,"[0, 5, 16, 13, 14]",4,0.08187134502923901,-588,75,12,0.5789473684210521,663,1
747,"(0,16)",,True,30,"[0, 5, 16, 13, 14]",4,0.08187134502923901,-588,75,12,0.5789473684210521,663,1
748,"(19,4)",,False,30,"[0, 13, 17, 19, 4]",4,0.07309941520467801,-590,75,12,0.573099415204678,665,1
749,"(19,4)",,False,30,"[0, 13, 17, 19, 4]",4,0.07309941520467801,-590,75,12,0.573099415204678,665,1
750,"(14,5)",,False,30,"[2, 14, 6, 7, 5]",4,0.077972709551656,-592,75,12,0.5682261208576991,667,1
751,"(14,5)",,False,30,"[2, 14, 6, 7, 5]",4,0.077972709551656,-592,75,12,0.5682261208576991,667,1
752,"(6,4)",,True,32,"[2, 6, 5, 4, 12]",5,0.09941520467836201,-594,75,12,0.5350877192982451,669,1
753,"(6,4)",,True,32,"[2, 6, 5, 4, 12]",5,0.09941520467836201,-594,75,12,0.5350877192982451,669,1
754,"(9,8)",,False,34,"[16, 9, 3, 8, 4]",6,0.17153996101364502,-596,75,12,0.498050682261208,671,1
755,"(9,8)",,False,34,"[16, 9, 3, 8, 4]",6,0.17153996101364502,-596,75,12,0.498050682261208,671,1
756,13:4,assassinate,True,33,"[8, 12, 9, 14, 13]",5,0.07582846003898601,-598,75,12,0.425730994152046,673,1
757,13:4,assassinate,True,33,"[8, 12, 9, 14, 13]",5,0.07582846003898601,-598,75,12,0.425730994152046,673,1
758,"(17,13)",,False,35,"[7, 17, 18, 13, 15]",5,0.078752436647173,-600,75,12,0.47495126705653,675,1
759,"(17,13)",,False,35,"[7, 17, 18, 13, 15]",5,0.078752436647173,-600,75,12,0.47495126705653,675,1
760,"(6,14)",,False,35,"[16, 5, 17, 6, 14]",5,0.08947368421052601,-602,75,12,0.45448343079922005,677,1
761,"(6,14)",,False,35,"[16, 5, 17, 6, 14]",5,0.08947368421052601,-602,75,12,0.45448343079922005,677,1
762,"(0,9)",,False,33,"[14, 0, 15, 9, 6]",4,0.04844054580896601,-604,75,12,0.41442495126705603,679,1
763,"(0,9)",,False,33,"[14, 0, 15, 9, 6]",4,0.04844054580896601,-604,75,12,0.41442495126705603,679,1
764,"(15,12)",,False,33,"[19, 13, 0, 15, 12]",4,0.062085769980506,-606,75,12,0.42027290448343,681,1
765,"(15,12)",,False,33,"[19, 13, 0, 15, 12]",4,0.062085769980506,-606,75,12,0.42027290448343,681,1
766,"(1,12)",,True,35,"[1, 9, 11, 2, 12]",4,0.049805068226120006,-608,75,13,0.43996101364522405,683,1
767,"(1,12)",,True,35,"[1, 9, 11, 2, 12]",4,0.049805068226120006,-608,75,13,0.43996101364522405,683,1
768,"(6,10)",,True,35,"[6, 7, 8, 9, 10]",4,0.051072124756335005,-610,75,12,0.482163742690058,685,1
769,"(6,10)",,True,35,"[6, 7, 8, 9, 10]",4,0.051072124756335005,-610,75,12,0.482163742690058,685,1
770,"(14,8)",,False,35,"[7, 18, 6, 14, 8]",5,0.074074074074074,-612,75,12,0.48265107212475605,687,1
771,"(14,8)",,False,35,"[7, 18, 6, 14, 8]",5,0.074074074074074,-612,75,12,0.48265107212475605,687,1
772,"(18,8)",,False,37,"[11, 18, 10, 8, 16]",5,0.065302144249512,-614,75,12,0.42495126705653,689,1
773,"(18,8)",,False,37,"[11, 18, 10, 8, 16]",5,0.065302144249512,-614,75,12,0.42495126705653,689,1
774,19:16,assassinate,True,30,"[12, 0, 10, 19, 1]",5,0.069103313840155,-616,75,11,0.475243664717348,691,1
775,19:16,assassinate,True,30,"[12, 0, 10, 19, 1]",5,0.069103313840155,-616,75,11,0.475243664717348,691,1
776,"(5,17)",,True,32,"[5, 12, 2, 17, 8]",6,0.13684210526315702,-618,75,11,0.501072124756335,693,1
777,"(5,17)",,True,32,"[5, 12, 2, 17, 8]",6,0.13684210526315702,-618,75,11,0.501072124756335,693,1
778,"(0,2)",,True,32,"[19, 0, 2, 18, 8]",6,0.17046783625730902,-620,75,11,0.5020467836257301,695,1
779,"(0,2)",,True,32,"[19, 0, 2, 18, 8]",6,0.17046783625730902,-620,75,11,0.5020467836257301,695,1
780,"(1,19)",,False,34,"[1, 19, 7, 5, 13]",7,0.24307992202729,-622,75,12,0.5502923976608181,697,1
781,"(1,19)",,False,34,"[1, 19, 7, 5, 13]",7,0.24307992202729,-622,75,12,0.5502923976608181,697,1
782,"(7,1)",,False,36,"[7, 6, 11, 19, 1]",7,0.21803118908382002,-624,75,13,0.5543859649122801,699,1
783,"(7,1)",,False,36,"[7, 6, 11, 19, 1]",7,0.21803118908382002,-624,75,13,0.5543859649122801,699,1
784,"(13,12)",,False,38,"[9, 4, 13, 3, 12]",8,0.24766081871345003,-626,75,13,0.5313840155945411,701,1
785,"(13,12)",,False,38,"[9, 4, 13, 3, 12]",8,0.24766081871345003,-626,75,13,0.5313840155945411,701,1
786,15:4,assassinate,True,37,"[4, 15, 18, 17, 16]",7,0.161500974658869,-628,75,13,0.47553606237816703,703,1
787,15:4,assassinate,True,37,"[4, 15, 18, 17, 16]",7,0.161500974658869,-628,75,13,0.47553606237816703,703,1
788,"(19,15)",,False,37,"[19, 15, 2, 12, 17]",7,0.236549707602339,-630,75,12,0.5359649122807011,705,1
789,"(19,15)",,False,37,"[19, 15, 2, 12, 17]",7,0.236549707602339,-630,75,12,0.5359649122807011,705,1
790,"(18,1)",,False,39,"[12, 18, 1, 9, 5]",7,0.171247563352826,-632,75,13,0.5447368421052631,707,1
791,"(18,1)",,False,39,"[12, 18, 1, 9, 5]",7,0.171247563352826,-632,75,13,0.5447368421052631,707,1
792,9:8,assassinate,True,36,"[4, 17, 9, 0, 16]",6,0.138888888888888,-634,75,13,0.506140350877192,709,1
793,9:8,assassinate,True,36,"[4, 17, 9, 0, 16]",6,0.138888888888888,-634,75,13,0.506140350877192,709,1
794,"(5,18)",,False,36,"[4, 19, 5, 18, 12]",6,0.153021442495126,-636,75,12,0.46130604288499005,711,1
795,"(5,18)",,False,36,"[4, 19, 5, 18, 12]",6,0.153021442495126,-636,75,12,0.46130604288499005,711,1
796,"(5,0)",,False,34,"[4, 5, 0, 16, 19]",5,0.162768031189083,-638,75,12,0.4817738791423,713,1
797,"(5,0)",,False,34,"[4, 5, 0, 16, 19]",5,0.162768031189083,-638,75,12,0.4817738791423,713,1
798,"(8,1)",,False,36,"[14, 8, 7, 19, 1]",6,0.125341130604288,-640,75,13,0.5052631578947361,715,1
799,"(8,1)",,False,36,"[14, 8, 7, 19, 1]",6,0.125341130604288,-640,75,13,0.5052631578947361,715,1
