,actionDetail,actionType,bonusActivated,graphEdgeCount,nodeList,p1Degree,p1Score,p1WinAdvantage,p1WinCount,p2Degree,p2Score,p2WinCount,player
0,"(4,1)",,False,2,"[4, 6, 1, 12, 3]",0,-0.001,-1,0,1,0.0,1,1
1,"(4,1)",,False,2,"[4, 6, 1, 12, 3]",0,-0.001,-1,0,1,0.0,1,1
2,"(5,1)",,False,4,"[5, 14, 7, 1, 19]",0,-0.001,-3,0,2,0.011695906432748001,3,1
3,"(5,1)",,False,4,"[5, 14, 7, 1, 19]",0,-0.001,-3,0,2,0.011695906432748001,3,1
4,"(7,9)",,True,6,"[7, 9, 6, 8, 19]",0,-0.001,-5,0,2,0.011695906432748001,5,1
5,"(7,9)",,True,6,"[7, 9, 6, 8, 19]",0,-0.001,-5,0,2,0.011695906432748001,5,1
6,"(11,17)",,True,8,"[11, 17, 5, 3, 2]",0,-0.001,-7,0,2,0.0,7,1
7,"(11,17)",,True,8,"[11, 17, 5, 3, 2]",0,-0.001,-7,0,2,0.0,7,1
8,"(12,1)",,False,10,"[2, 0, 12, 9, 1]",1,0.0,-8,0,3,0.052631578947368,8,1
9,"(12,1)",,False,10,"[2, 0, 12, 9, 1]",1,0.0,-8,0,3,0.052631578947368,8,1
10,"(16,1)",,False,12,"[16, 1, 14, 8, 6]",2,0.011695906432748001,-10,0,4,0.061403508771929,10,1
11,"(16,1)",,False,12,"[16, 1, 14, 8, 6]",2,0.011695906432748001,-10,0,4,0.061403508771929,10,1
12,"(9,1)",,False,14,"[4, 6, 8, 9, 1]",2,0.008771929824561,-12,0,5,0.127680311890838,12,1
13,"(9,1)",,False,14,"[4, 6, 8, 9, 1]",2,0.008771929824561,-12,0,5,0.127680311890838,12,1
14,"(17,5)",,False,16,"[4, 17, 19, 5, 8]",3,0.043859649122807,-14,0,5,0.18615984405458003,14,1
15,"(17,5)",,False,16,"[4, 17, 19, 5, 8]",3,0.043859649122807,-14,0,5,0.18615984405458003,14,1
16,"(11,1)",,False,18,"[11, 7, 9, 16, 1]",3,0.061403508771929,-16,0,6,0.228070175438596,16,1
17,"(11,1)",,False,18,"[11, 7, 9, 16, 1]",3,0.061403508771929,-16,0,6,0.228070175438596,16,1
18,"(19,12)",,False,18,"[8, 11, 10, 19, 12]",3,0.045808966861598,-18,0,6,0.212475633528265,18,1
19,"(19,12)",,False,18,"[8, 11, 10, 19, 12]",3,0.045808966861598,-18,0,6,0.212475633528265,18,1
20,"(7,19)",,False,18,"[5, 3, 7, 19, 18]",4,0.08576998050682201,-20,0,6,0.182261208576998,20,1
21,"(7,19)",,False,18,"[5, 3, 7, 19, 18]",4,0.08576998050682201,-20,0,6,0.182261208576998,20,1
22,"(3,13)",,False,21,"[6, 8, 17, 3, 13]",6,0.154970760233918,-22,0,6,0.19688109161793302,22,1
23,"(3,13)",,False,21,"[6, 8, 17, 3, 13]",6,0.154970760233918,-22,0,6,0.19688109161793302,22,1
24,7:4,assassinate,True,20,"[7, 12, 19, 1, 9]",5,0.177387914230019,-22,1,6,0.21734892787524301,23,1
25,7:4,assassinate,True,20,"[7, 12, 19, 1, 9]",5,0.177387914230019,-22,1,6,0.21734892787524301,23,1
26,"(5,14)",,False,20,"[5, 13, 19, 14, 8]",5,0.07602339181286501,-22,2,5,0.132553606237816,24,1
27,"(5,14)",,False,20,"[5, 13, 19, 14, 8]",5,0.07602339181286501,-22,2,5,0.132553606237816,24,1
28,"(16,9)",,False,22,"[3, 14, 16, 9, 5]",6,0.139961013645224,-22,3,5,0.192592592592592,25,1
29,"(16,9)",,False,22,"[3, 14, 16, 9, 5]",6,0.139961013645224,-22,3,5,0.192592592592592,25,1
30,"(9,6)",,False,24,"[17, 9, 6, 2, 5]",6,0.192592592592592,-24,3,5,0.280311890838206,27,1
31,"(9,6)",,False,24,"[17, 9, 6, 2, 5]",6,0.192592592592592,-24,3,5,0.280311890838206,27,1
32,"(6,8)",,False,24,"[6, 8, 0, 9, 2]",6,0.14873294346978502,-22,5,4,0.052241715399610006,27,1
33,"(6,8)",,False,24,"[6, 8, 0, 9, 2]",6,0.14873294346978502,-22,5,4,0.052241715399610006,27,1
34,"(3,4)",,False,23,"[3, 10, 15, 8, 4]",6,0.156432748538011,-20,7,3,0.041910331384015,27,1
35,"(3,4)",,False,23,"[3, 10, 15, 8, 4]",6,0.156432748538011,-20,7,3,0.041910331384015,27,1
36,15:4,assassinate,True,22,"[4, 1, 3, 14, 15]",6,0.366471734892787,-18,9,3,0.057504873294346004,27,1
37,15:4,assassinate,True,22,"[4, 1, 3, 14, 15]",6,0.366471734892787,-18,9,3,0.057504873294346004,27,1
38,"(17,6)",,False,24,"[19, 15, 2, 17, 6]",6,0.241423001949317,-16,11,3,0.045711500974658,27,1
39,"(17,6)",,False,24,"[19, 15, 2, 17, 6]",6,0.241423001949317,-16,11,3,0.045711500974658,27,1
40,"(15,3)",,False,26,"[13, 15, 3, 0, 5]",6,0.22816764132553602,-14,13,3,0.048635477582846004,27,1
41,"(15,3)",,False,26,"[13, 15, 3, 0, 5]",6,0.22816764132553602,-14,13,3,0.048635477582846004,27,1
42,"(0,16)",,False,24,"[0, 9, 16, 13, 15]",5,0.123781676413255,-12,15,3,0.059454191033138,27,1
43,"(0,16)",,False,24,"[0, 9, 16, 13, 15]",5,0.123781676413255,-12,15,3,0.059454191033138,27,1
44,"(10,5)",,False,26,"[10, 8, 5, 14, 7]",5,0.141172375382901,-10,17,3,0.049220272904483005,27,1
45,"(10,5)",,False,26,"[10, 8, 5, 14, 7]",5,0.141172375382901,-10,17,3,0.049220272904483005,27,1
46,"(13,19)",,False,26,"[18, 2, 13, 6, 19]",5,0.179239766081871,-8,19,3,0.042397660818713004,27,1
47,"(13,19)",,False,26,"[18, 2, 13, 6, 19]",5,0.179239766081871,-8,19,3,0.042397660818713004,27,1
48,"(10,0)",,False,26,"[14, 10, 0, 13, 9]",4,0.122807017543859,-6,21,3,0.059454191033138,27,1
49,"(10,0)",,False,26,"[14, 10, 0, 13, 9]",4,0.122807017543859,-6,21,3,0.059454191033138,27,1
50,"(6,4)",,False,28,"[6, 11, 4, 7, 18]",4,0.10407964355332701,-4,23,3,0.046992481203007,27,1
51,"(6,4)",,False,28,"[6, 11, 4, 7, 18]",4,0.10407964355332701,-4,23,3,0.046992481203007,27,1
52,"(1,7)",,False,30,"[1, 14, 11, 5, 7]",4,0.080492898913951,-2,25,4,0.08013088276246101,27,1
53,"(1,7)",,False,30,"[1, 14, 11, 5, 7]",4,0.080492898913951,-2,25,4,0.08013088276246101,27,1
54,"(2,3)",,False,30,"[2, 18, 16, 3, 14]",4,0.10964912280701701,0,27,4,0.08500417710944001,27,1
55,"(2,3)",,False,30,"[2, 18, 16, 3, 14]",4,0.10964912280701701,0,27,4,0.08500417710944001,27,1
56,"(13,3)",,False,30,"[13, 6, 3, 15, 10]",4,0.080492898913951,2,29,4,0.08013088276246101,27,1
57,"(13,3)",,False,30,"[13, 6, 3, 15, 10]",4,0.080492898913951,2,29,4,0.08013088276246101,27,1
58,"(1,18)",,False,32,"[14, 8, 17, 1, 18]",4,0.088485101642996,2,30,5,0.167850181008075,28,1
59,"(1,18)",,False,32,"[14, 8, 17, 1, 18]",4,0.088485101642996,2,30,5,0.167850181008075,28,1
60,"(11,17)",,False,30,"[18, 11, 17, 16, 5]",4,0.11949317738791401,0,30,5,0.24600389863547703,30,1
61,"(11,17)",,False,30,"[18, 11, 17, 16, 5]",4,0.11949317738791401,0,30,5,0.24600389863547703,30,1
62,"(12,0)",,False,30,"[2, 19, 12, 10, 0]",4,0.149610136452241,-2,30,5,0.311890838206627,32,1
63,"(12,0)",,False,30,"[2, 19, 12, 10, 0]",4,0.149610136452241,-2,30,5,0.311890838206627,32,1
64,"(5,19)",,False,30,"[13, 14, 11, 5, 19]",4,0.14571150097465801,-4,30,5,0.245614035087719,34,1
65,"(5,19)",,False,30,"[13, 14, 11, 5, 19]",4,0.14571150097465801,-4,30,5,0.245614035087719,34,1
66,"(15,9)",,False,30,"[12, 15, 9, 5, 11]",4,0.167641325536062,-6,30,5,0.242690058479532,36,1
67,"(15,9)",,False,30,"[12, 15, 9, 5, 11]",4,0.167641325536062,-6,30,5,0.242690058479532,36,1
68,"(1,16)",,True,32,"[1, 18, 14, 16, 15]",4,0.08576998050682201,-8,30,6,0.239278752436647,38,1
69,"(1,16)",,True,32,"[1, 18, 14, 16, 15]",4,0.08576998050682201,-8,30,6,0.239278752436647,38,1
70,"(13,1)",,False,34,"[4, 13, 0, 1, 9]",4,0.06159844054580801,-10,30,7,0.26803118908382,40,1
71,"(13,1)",,False,34,"[4, 13, 0, 1, 9]",4,0.06159844054580801,-10,30,7,0.26803118908382,40,1
72,"(3,9)",,False,36,"[17, 8, 2, 3, 9]",4,0.032859927596769,-12,30,7,0.239404065719855,42,1
73,"(3,9)",,False,36,"[17, 8, 2, 3, 9]",4,0.032859927596769,-12,30,7,0.239404065719855,42,1
74,"(12,17)",,False,36,"[12, 6, 17, 9, 16]",4,0.033138401559454,-14,30,7,0.25263157894736804,44,1
75,"(12,17)",,False,36,"[12, 6, 17, 9, 16]",4,0.033138401559454,-14,30,7,0.25263157894736804,44,1
76,3:8,assassinate,True,33,"[12, 10, 4, 7, 3]",4,0.05399610136452201,-16,30,7,0.203313840155945,46,1
77,3:8,assassinate,True,33,"[12, 10, 4, 7, 3]",4,0.05399610136452201,-16,30,7,0.203313840155945,46,1
78,"(13,7)",,False,33,"[14, 3, 13, 16, 7]",4,0.054970760233918003,-18,30,7,0.170175438596491,48,1
79,"(13,7)",,False,33,"[14, 3, 13, 16, 7]",4,0.054970760233918003,-18,30,7,0.170175438596491,48,1
80,"(2,11)",,False,35,"[2, 16, 10, 11, 8]",5,0.090350877192982,-20,30,7,0.16140350877192902,50,1
81,"(2,11)",,False,35,"[2, 16, 10, 11, 8]",5,0.090350877192982,-20,30,7,0.16140350877192902,50,1
82,"(0,13)",,False,35,"[0, 16, 9, 11, 13]",4,0.04337231968810901,-22,30,7,0.17641325536062302,52,1
83,"(0,13)",,False,35,"[0, 16, 9, 11, 13]",4,0.04337231968810901,-22,30,7,0.17641325536062302,52,1
84,"(13,11)",,False,35,"[13, 4, 11, 12, 16]",4,0.039181286549707005,-24,30,7,0.198607630186577,54,1
85,"(13,11)",,False,35,"[13, 4, 11, 12, 16]",4,0.039181286549707005,-24,30,7,0.198607630186577,54,1
86,"(16,8)",,False,35,"[7, 9, 19, 16, 8]",4,0.042592592592592,-26,30,7,0.20643274853801102,56,1
87,"(16,8)",,False,35,"[7, 9, 19, 16, 8]",4,0.042592592592592,-26,30,7,0.20643274853801102,56,1
88,"(13,14)",,False,37,"[0, 6, 13, 14, 19]",4,0.043567251461988005,-28,30,7,0.15107212475633502,58,1
89,"(13,14)",,False,37,"[0, 6, 13, 14, 19]",4,0.043567251461988005,-28,30,7,0.15107212475633502,58,1
90,"(2,13)",,False,37,"[10, 4, 2, 18, 13]",4,0.043859649122807,-30,30,7,0.174366471734892,60,1
91,"(2,13)",,False,37,"[10, 4, 2, 18, 13]",4,0.043859649122807,-30,30,7,0.174366471734892,60,1
92,"(17,1)",,False,37,"[18, 17, 7, 6, 1]",4,0.049999999999999004,-32,30,7,0.144883040935672,62,1
93,"(17,1)",,False,37,"[18, 17, 7, 6, 1]",4,0.049999999999999004,-32,30,7,0.144883040935672,62,1
94,"(19,7)",,False,37,"[10, 19, 7, 17, 5]",4,0.049999999999999004,-34,30,7,0.144883040935672,64,1
95,"(19,7)",,False,37,"[10, 19, 7, 17, 5]",4,0.049999999999999004,-34,30,7,0.144883040935672,64,1
96,"(2,7)",,False,39,"[14, 2, 7, 10, 15]",4,0.046324143692564004,-36,30,7,0.13898635477582802,66,1
97,"(2,7)",,False,39,"[14, 2, 7, 10, 15]",4,0.046324143692564004,-36,30,7,0.13898635477582802,66,1
98,"(1,15)",,False,41,"[14, 12, 1, 15, 17]",4,0.030019493177387002,-38,30,8,0.27854358117516004,68,1
99,"(1,15)",,False,41,"[14, 12, 1, 15, 17]",4,0.030019493177387002,-38,30,8,0.27854358117516004,68,1
100,"(10,1)",,True,43,"[12, 6, 13, 10, 1]",4,0.027907732293697002,-40,30,9,0.239884433305485,70,1
101,"(10,1)",,True,43,"[12, 6, 13, 10, 1]",4,0.027907732293697002,-40,30,9,0.239884433305485,70,1
102,"(12,13)",,False,43,"[8, 3, 12, 13, 11]",4,0.027907732293697002,-42,30,9,0.239884433305485,72,1
103,"(12,13)",,False,43,"[8, 3, 12, 13, 11]",4,0.027907732293697002,-42,30,9,0.239884433305485,72,1
104,"(16,4)",,False,43,"[17, 14, 16, 4, 2]",4,0.038707880813143004,-44,30,9,0.255966304650515,74,1
105,"(16,4)",,False,43,"[17, 14, 16, 4, 2]",4,0.038707880813143004,-44,30,9,0.255966304650515,74,1
106,"(11,2)",,False,41,"[13, 11, 6, 3, 2]",4,0.048927875243664,-46,30,8,0.191861598440545,76,1
107,"(11,2)",,False,41,"[13, 11, 6, 3, 2]",4,0.048927875243664,-46,30,8,0.191861598440545,76,1
108,"(4,5)",,False,39,"[16, 4, 5, 13, 6]",4,0.049187784275503,-48,30,7,0.18835282651072102,78,1
109,"(4,5)",,False,39,"[16, 4, 5, 13, 6]",4,0.049187784275503,-48,30,7,0.18835282651072102,78,1
110,"(5,9)",,False,41,"[5, 19, 11, 16, 9]",5,0.07962962962962901,-50,30,7,0.167446393762183,80,1
111,"(5,9)",,False,41,"[5, 19, 11, 16, 9]",5,0.07962962962962901,-50,30,7,0.167446393762183,80,1
112,"(16,15)",,False,43,"[16, 13, 7, 15, 14]",5,0.070620996936786,-52,30,7,0.154399888610414,82,1
113,"(16,15)",,False,43,"[16, 13, 7, 15, 14]",5,0.070620996936786,-52,30,7,0.154399888610414,82,1
114,"(0,12)",,False,43,"[0, 15, 2, 17, 12]",4,0.040309106098579,-54,30,7,0.150111389585073,84,1
115,"(0,12)",,False,43,"[0, 15, 2, 17, 12]",4,0.040309106098579,-54,30,7,0.150111389585073,84,1
116,"(5,0)",,False,41,"[5, 0, 6, 10, 16]",3,0.016766664135085003,-56,30,6,0.12388167388167301,86,1
117,"(5,0)",,False,41,"[5, 0, 6, 10, 16]",3,0.016766664135085003,-56,30,6,0.12388167388167301,86,1
118,"(1,14)",,True,41,"[1, 14, 0, 13, 19]",3,0.016617933723196,-58,30,6,0.092787524366471,88,1
119,"(1,14)",,True,41,"[1, 14, 0, 13, 19]",3,0.016617933723196,-58,30,6,0.092787524366471,88,1
120,"(8,1)",,True,43,"[7, 13, 19, 8, 1]",4,0.038264854054327,-60,30,7,0.154396091238196,90,1
121,"(8,1)",,True,43,"[7, 13, 19, 8, 1]",4,0.038264854054327,-60,30,7,0.154396091238196,90,1
122,"(18,19)",,False,43,"[14, 18, 6, 19, 2]",4,0.038499025341130005,-62,30,7,0.15360623781676402,92,1
123,"(18,19)",,False,43,"[14, 18, 6, 19, 2]",4,0.038499025341130005,-62,30,7,0.15360623781676402,92,1
124,"(3,19)",,False,41,"[17, 5, 3, 19, 13]",4,0.056363130047340004,-64,30,6,0.144472291840712,94,1
125,"(3,19)",,False,41,"[17, 5, 3, 19, 13]",4,0.056363130047340004,-64,30,6,0.144472291840712,94,1
126,"(0,4)",,False,41,"[0, 15, 4, 13, 8]",3,0.009259259259259,-66,30,6,0.121584263689526,96,1
127,"(0,4)",,False,41,"[0, 15, 4, 13, 8]",3,0.009259259259259,-66,30,6,0.121584263689526,96,1
128,"(10,17)",,False,41,"[10, 2, 17, 12, 11]",3,0.009259259259259,-68,30,6,0.101364522417153,98,1
129,"(10,17)",,False,41,"[10, 2, 17, 12, 11]",3,0.009259259259259,-68,30,6,0.101364522417153,98,1
130,13:14,assassinate,True,33,"[19, 5, 3, 7, 13]",3,0.011695906432748001,-70,30,5,0.11364522417153901,100,1
131,13:14,assassinate,True,33,"[19, 5, 3, 7, 13]",3,0.011695906432748001,-70,30,5,0.11364522417153901,100,1
132,"(13,7)",,False,35,"[6, 15, 13, 2, 7]",3,0.009746588693957,-72,30,5,0.08810916179337201,102,1
133,"(13,7)",,False,35,"[6, 15, 13, 2, 7]",3,0.009746588693957,-72,30,5,0.08810916179337201,102,1
134,"(3,1)",,False,35,"[9, 18, 3, 4, 1]",3,0.009746588693957,-74,30,5,0.10955165692007701,104,1
135,"(3,1)",,False,35,"[9, 18, 3, 4, 1]",3,0.009746588693957,-74,30,5,0.10955165692007701,104,1
136,"(8,9)",,False,33,"[8, 19, 9, 18, 15]",3,0.009746588693957,-76,30,5,0.11111111111111101,106,1
137,"(8,9)",,False,33,"[8, 19, 9, 18, 15]",3,0.009746588693957,-76,30,5,0.11111111111111101,106,1
138,"(16,2)",,False,33,"[13, 4, 16, 2, 10]",4,0.11111111111111101,-76,31,5,0.116471734892787,107,1
139,"(16,2)",,False,33,"[13, 4, 16, 2, 10]",4,0.11111111111111101,-76,31,5,0.116471734892787,107,1
140,"(3,7)",,False,33,"[5, 10, 3, 8, 7]",4,0.11111111111111101,-76,32,5,0.116471734892787,108,1
141,"(3,7)",,False,33,"[5, 10, 3, 8, 7]",4,0.11111111111111101,-76,32,5,0.116471734892787,108,1
142,15:8,assassinate,True,30,"[8, 5, 11, 15, 10]",4,0.105263157894736,-76,33,5,0.12465886939571101,109,1
143,15:8,assassinate,True,30,"[8, 5, 11, 15, 10]",4,0.105263157894736,-76,33,5,0.12465886939571101,109,1
144,"(3,14)",,True,33,"[6, 3, 14, 7, 10]",6,0.187329434697855,-74,35,5,0.106432748538011,109,1
145,"(3,14)",,True,33,"[6, 3, 14, 7, 10]",6,0.187329434697855,-74,35,5,0.106432748538011,109,1
146,"(7,15)",,False,33,"[17, 5, 7, 14, 15]",6,0.20604288499025303,-72,37,4,0.085477582846003,109,1
147,"(7,15)",,False,33,"[17, 5, 7, 14, 15]",6,0.20604288499025303,-72,37,4,0.085477582846003,109,1
148,"(10,11)",,False,35,"[10, 13, 4, 11, 6]",6,0.18840155945419101,-70,39,4,0.076705653021442,109,1
149,"(10,11)",,False,35,"[10, 13, 4, 11, 6]",6,0.18840155945419101,-70,39,4,0.076705653021442,109,1
150,"(12,9)",,False,37,"[11, 12, 13, 9, 14]",7,0.18547758284600302,-68,41,4,0.062573099415204,109,1
151,"(12,9)",,False,37,"[11, 12, 13, 9, 14]",7,0.18547758284600302,-68,41,4,0.062573099415204,109,1
152,"(4,18)",,False,39,"[4, 10, 6, 18, 15]",7,0.16569200779727,-66,43,4,0.046686159844054005,109,1
153,"(4,18)",,False,39,"[4, 10, 6, 18, 15]",7,0.16569200779727,-66,43,4,0.046686159844054005,109,1
154,"(3,16)",,False,41,"[15, 14, 3, 16, 6]",7,0.146226677805625,-64,45,4,0.041047062099693006,109,1
155,"(3,16)",,False,41,"[15, 14, 3, 16, 6]",7,0.146226677805625,-64,45,4,0.041047062099693006,109,1
156,"(13,0)",,False,41,"[16, 13, 12, 0, 7]",6,0.093887496519075,-62,47,4,0.042119186856028,109,1
157,"(13,0)",,False,41,"[16, 13, 12, 0, 7]",6,0.093887496519075,-62,47,4,0.042119186856028,109,1
158,"(3,9)",,False,43,"[15, 3, 14, 9, 4]",7,0.13777499303815002,-60,49,4,0.028947368421052003,109,1
159,"(3,9)",,False,43,"[15, 3, 14, 9, 4]",7,0.13777499303815002,-60,49,4,0.028947368421052003,109,1
160,"(2,1)",,False,45,"[8, 3, 7, 2, 1]",7,0.132748538011695,-58,51,5,0.037287663603453,109,1
161,"(2,1)",,False,45,"[8, 3, 7, 2, 1]",7,0.132748538011695,-58,51,5,0.037287663603453,109,1
162,"(7,10)",,False,45,"[16, 15, 4, 7, 10]",7,0.12865497076023302,-56,53,4,0.024122807017543,109,1
163,"(7,10)",,False,45,"[16, 15, 4, 7, 10]",7,0.12865497076023302,-56,53,4,0.024122807017543,109,1
164,"(12,1)",,False,47,"[12, 1, 13, 2, 14]",8,0.15038986354775802,-54,55,5,0.04527290448343,109,1
165,"(12,1)",,False,47,"[12, 1, 13, 2, 14]",8,0.15038986354775802,-54,55,5,0.04527290448343,109,1
166,5:14,assassinate,True,41,"[11, 5, 12, 2, 16]",8,0.132716049382716,-52,57,5,0.066244314489928,109,1
167,5:14,assassinate,True,41,"[11, 5, 12, 2, 16]",8,0.132716049382716,-52,57,5,0.066244314489928,109,1
168,"(3,5)",,True,43,"[3, 0, 6, 16, 5]",8,0.135361552028218,-50,59,5,0.074723846653671,109,1
169,"(3,5)",,True,43,"[3, 0, 6, 16, 5]",8,0.135361552028218,-50,59,5,0.074723846653671,109,1
170,"(12,5)",,False,43,"[6, 2, 8, 12, 5]",8,0.176134781397939,-48,61,5,0.073906989696463,109,1
171,"(12,5)",,False,43,"[6, 2, 8, 12, 5]",8,0.176134781397939,-48,61,5,0.073906989696463,109,1
172,"(0,19)",,False,41,"[5, 0, 19, 15, 6]",7,0.160540239487607,-46,63,5,0.07155388471177901,109,1
173,"(0,19)",,False,41,"[5, 0, 19, 15, 6]",7,0.160540239487607,-46,63,5,0.07155388471177901,109,1
174,"(4,13)",,False,43,"[16, 15, 4, 13, 17]",7,0.105583402951823,-44,65,5,0.061041492620439,109,1
175,"(4,13)",,False,43,"[16, 15, 4, 13, 17]",7,0.105583402951823,-44,65,5,0.061041492620439,109,1
176,"(11,18)",,False,43,"[11, 18, 13, 2, 14]",7,0.10938457254246702,-42,67,5,0.062990810359231,109,1
177,"(11,18)",,False,43,"[11, 18, 13, 2, 14]",7,0.10938457254246702,-42,67,5,0.062990810359231,109,1
178,3:16,assassinate,True,36,"[6, 14, 18, 3, 10]",6,0.095822890559732,-40,69,4,0.043581175160122006,109,1
179,3:16,assassinate,True,36,"[6, 14, 18, 3, 10]",6,0.095822890559732,-40,69,4,0.043581175160122006,109,1
180,"(0,12)",,False,34,"[8, 0, 6, 12, 2]",5,0.076510721247563,-38,71,4,0.044249512670565004,109,1
181,"(0,12)",,False,34,"[8, 0, 6, 12, 2]",5,0.076510721247563,-38,71,4,0.044249512670565004,109,1
182,"(11,0)",,False,32,"[5, 13, 11, 0, 17]",4,0.040155945419103,-36,73,4,0.036939571150097,109,1
183,"(11,0)",,False,32,"[5, 13, 11, 0, 17]",4,0.040155945419103,-36,73,4,0.036939571150097,109,1
184,"(12,14)",,False,34,"[4, 0, 12, 14, 18]",4,0.046003898635477006,-36,74,4,0.049122807017543006,110,1
185,"(12,14)",,False,34,"[4, 0, 12, 14, 18]",4,0.046003898635477006,-36,74,4,0.049122807017543006,110,1
186,"(0,5)",,True,34,"[0, 7, 5, 2, 8]",4,0.046003898635477006,-36,75,4,0.049122807017543006,111,1
187,"(0,5)",,True,34,"[0, 7, 5, 2, 8]",4,0.046003898635477006,-36,75,4,0.049122807017543006,111,1
188,"(0,15)",,False,32,"[0, 7, 14, 8, 15]",3,0.037231968810916005,-36,76,3,0.037914230019493005,112,1
189,"(0,15)",,False,32,"[0, 7, 14, 8, 15]",3,0.037231968810916005,-36,76,3,0.037914230019493005,112,1
190,"(0,13)",,False,30,"[15, 0, 11, 9, 13]",2,0.0,-36,77,3,0.041423001949317,113,1
191,"(0,13)",,False,30,"[15, 0, 11, 9, 13]",2,0.0,-36,77,3,0.041423001949317,113,1
192,"(9,12)",,False,30,"[14, 9, 12, 17, 0]",2,0.0,-38,77,3,0.044054580896686006,115,1
193,"(9,12)",,False,30,"[14, 9, 12, 17, 0]",2,0.0,-38,77,3,0.044054580896686006,115,1
194,"(11,1)",,False,32,"[10, 8, 11, 1, 5]",3,0.036062378167641004,-40,77,4,0.093762183235867,117,1
195,"(11,1)",,False,32,"[10, 8, 11, 1, 5]",3,0.036062378167641004,-40,77,4,0.093762183235867,117,1
196,"(10,7)",,False,32,"[18, 13, 10, 5, 7]",3,0.034502923976608,-42,77,4,0.059259259259259005,119,1
197,"(10,7)",,False,32,"[18, 13, 10, 5, 7]",3,0.034502923976608,-42,77,4,0.059259259259259005,119,1
198,"(19,4)",,False,32,"[2, 19, 14, 12, 4]",3,0.034502923976608,-44,77,4,0.04902534113060401,121,1
199,"(19,4)",,False,32,"[2, 19, 14, 12, 4]",3,0.034502923976608,-44,77,4,0.04902534113060401,121,1
200,"(16,18)",,False,30,"[10, 16, 17, 18, 14]",3,0.033528265107212005,-46,77,4,0.070467836257309,123,1
201,"(16,18)",,False,30,"[10, 16, 17, 18, 14]",3,0.033528265107212005,-46,77,4,0.070467836257309,123,1
202,"(16,12)",,False,32,"[16, 2, 12, 4, 5]",3,0.015037593984962001,-48,77,4,0.044862155388471006,125,1
203,"(16,12)",,False,32,"[16, 2, 12, 4, 5]",3,0.015037593984962001,-48,77,4,0.044862155388471006,125,1
204,"(16,6)",,False,32,"[17, 16, 7, 4, 6]",3,0.010442773600668,-46,79,3,0.009468114731272001,125,1
205,"(16,6)",,False,32,"[17, 16, 7, 4, 6]",3,0.010442773600668,-46,79,3,0.009468114731272001,125,1
206,"(6,7)",,False,34,"[6, 3, 13, 0, 7]",3,0.010233918128654,-44,81,3,0.005360623781676,125,1
207,"(6,7)",,False,34,"[6, 3, 13, 0, 7]",3,0.010233918128654,-44,81,3,0.005360623781676,125,1
208,"(2,16)",,False,32,"[17, 3, 13, 2, 16]",3,0.010916179337231002,-44,82,3,0.011208576998050002,126,1
209,"(2,16)",,False,32,"[17, 3, 13, 2, 16]",3,0.010916179337231002,-44,82,3,0.011208576998050002,126,1
210,"(14,9)",,False,32,"[19, 14, 11, 13, 9]",3,0.009899749373433001,-42,84,3,0.009120022277917,126,1
211,"(14,9)",,False,32,"[19, 14, 11, 13, 9]",3,0.009899749373433001,-42,84,3,0.009120022277917,126,1
212,"(1,4)",,True,32,"[1, 16, 4, 9, 5]",3,0.009405458089668,-42,85,3,0.048732943469785,127,1
213,"(1,4)",,True,32,"[1, 16, 4, 9, 5]",3,0.009405458089668,-42,85,3,0.048732943469785,127,1
214,"(7,4)",,False,31,"[7, 11, 13, 6, 4]",3,0.011069340016708,-44,85,3,0.09605959342801401,129,1
215,"(7,4)",,False,31,"[7, 11, 13, 6, 4]",3,0.011069340016708,-44,85,3,0.09605959342801401,129,1
216,"(1,14)",,False,33,"[18, 0, 5, 1, 14]",3,0.008145363408521001,-46,85,4,0.11506544138123001,131,1
217,"(1,14)",,False,33,"[18, 0, 5, 1, 14]",3,0.008145363408521001,-46,85,4,0.11506544138123001,131,1
218,"(11,5)",,False,32,"[17, 10, 11, 7, 5]",3,0.011069340016708,-48,85,4,0.034168755221386,133,1
219,"(11,5)",,False,32,"[17, 10, 11, 7, 5]",3,0.011069340016708,-48,85,4,0.034168755221386,133,1
220,"(5,1)",,False,34,"[5, 9, 1, 4, 0]",4,0.024714564188248002,-50,85,5,0.09245335561125001,135,1
221,"(5,1)",,False,34,"[5, 9, 1, 4, 0]",4,0.024714564188248002,-50,85,5,0.09245335561125001,135,1
222,"(0,18)",,False,34,"[9, 0, 18, 12, 7]",4,0.025201893622946003,-52,85,5,0.09216095795043101,137,1
223,"(0,18)",,False,34,"[9, 0, 18, 12, 7]",4,0.025201893622946003,-52,85,5,0.09216095795043101,137,1
224,"(3,4)",,False,36,"[3, 5, 4, 6, 13]",4,0.021999443052074002,-54,85,5,0.078028404344193,139,1
225,"(3,4)",,False,36,"[3, 5, 4, 6, 13]",4,0.021999443052074002,-54,85,5,0.078028404344193,139,1
226,"(8,5)",,False,34,"[15, 8, 5, 19, 7]",4,0.036159844054580004,-56,85,5,0.08810916179337201,141,1
227,"(8,5)",,False,34,"[15, 8, 5, 19, 7]",4,0.036159844054580004,-56,85,5,0.08810916179337201,141,1
228,"(11,18)",,False,34,"[17, 15, 6, 11, 18]",5,0.080669265756985,-56,86,5,0.086777128005198,142,1
229,"(11,18)",,False,34,"[17, 15, 6, 11, 18]",5,0.080669265756985,-56,86,5,0.086777128005198,142,1
230,"(1,9)",,False,34,"[1, 9, 10, 8, 18]",5,0.080116959064327,-54,88,5,0.07149122807017501,142,1
231,"(1,9)",,False,34,"[1, 9, 10, 8, 18]",5,0.080116959064327,-54,88,5,0.07149122807017501,142,1
232,"(0,3)",,False,32,"[0, 3, 11, 14, 6]",4,0.031384015594541,-54,89,4,0.07076023391812801,143,1
233,"(0,3)",,False,32,"[0, 3, 11, 14, 6]",4,0.031384015594541,-54,89,4,0.07076023391812801,143,1
234,"(8,4)",,False,32,"[10, 15, 8, 3, 4]",4,0.025536062378167003,-56,89,3,0.037621832358674,145,1
235,"(8,4)",,False,32,"[10, 15, 8, 3, 4]",4,0.025536062378167003,-56,89,3,0.037621832358674,145,1
236,"(19,1)",,False,32,"[2, 19, 3, 1, 5]",4,0.035394040657198006,-58,89,4,0.11229462545252,147,1
237,"(19,1)",,False,32,"[2, 19, 3, 1, 5]",4,0.035394040657198006,-58,89,4,0.11229462545252,147,1
238,"(2,13)",,False,32,"[17, 2, 13, 16, 10]",4,0.044444444444444,-60,89,4,0.12046783625730902,149,1
239,"(2,13)",,False,32,"[17, 2, 13, 16, 10]",4,0.044444444444444,-60,89,4,0.12046783625730902,149,1
240,"(9,8)",,False,35,"[3, 9, 19, 8, 15]",4,0.035672514619883,-62,89,4,0.111500974658869,151,1
241,"(9,8)",,False,35,"[3, 9, 19, 8, 15]",4,0.035672514619883,-62,89,4,0.111500974658869,151,1
242,"(1,13)",,False,37,"[1, 5, 13, 17, 18]",4,0.03396686159844,-64,89,5,0.164230019493177,153,1
243,"(1,13)",,False,37,"[1, 5, 13, 17, 18]",4,0.03396686159844,-64,89,5,0.164230019493177,153,1
244,"(9,2)",,False,39,"[6, 5, 9, 2, 7]",4,0.032342430149447,-66,89,5,0.11816114359974,155,1
245,"(9,2)",,False,39,"[6, 5, 9, 2, 7]",4,0.032342430149447,-66,89,5,0.11816114359974,155,1
246,"(0,12)",,False,39,"[0, 16, 14, 17, 12]",4,0.024561403508771004,-68,89,5,0.12577740647916,157,1
247,"(0,12)",,False,39,"[0, 16, 14, 17, 12]",4,0.024561403508771004,-68,89,5,0.12577740647916,157,1
248,"(17,18)",,False,41,"[17, 3, 6, 7, 18]",5,0.046433634591529,-70,89,5,0.117362851573377,159,1
249,"(17,18)",,False,41,"[17, 3, 6, 7, 18]",5,0.046433634591529,-70,89,5,0.117362851573377,159,1
250,"(16,18)",,False,41,"[16, 6, 10, 13, 18]",5,0.040183792815371,-72,89,5,0.118059036480089,161,1
251,"(16,18)",,False,41,"[16, 6, 10, 13, 18]",5,0.040183792815371,-72,89,5,0.118059036480089,161,1
252,"(3,1)",,False,43,"[3, 1, 12, 6, 10]",6,0.055047340573656005,-74,89,6,0.14848231690336902,163,1
253,"(3,1)",,False,43,"[3, 1, 12, 6, 10]",6,0.055047340573656005,-74,89,6,0.14848231690336902,163,1
254,"(9,0)",,False,44,"[15, 2, 9, 1, 0]",5,0.037840392226357,-76,89,6,0.09305207463102201,165,1
255,"(9,0)",,False,44,"[15, 2, 9, 1, 0]",5,0.037840392226357,-76,89,6,0.09305207463102201,165,1
256,"(1,6)",,False,44,"[3, 13, 1, 2, 6]",5,0.043017265385686,-78,89,6,0.068595098858256,167,1
257,"(1,6)",,False,44,"[3, 13, 1, 2, 6]",5,0.043017265385686,-78,89,6,0.068595098858256,167,1
258,"(5,3)",,False,46,"[10, 5, 3, 18, 9]",6,0.054390606144992006,-78,90,6,0.068240044555834,168,1
259,"(5,3)",,False,46,"[10, 5, 3, 18, 9]",6,0.054390606144992006,-78,90,6,0.068240044555834,168,1
260,"(15,18)",,False,48,"[15, 9, 18, 3, 7]",7,0.07726998472612501,-76,92,6,0.06455026455026401,168,1
261,"(15,18)",,False,48,"[15, 9, 18, 3, 7]",7,0.07726998472612501,-76,92,6,0.06455026455026401,168,1
262,"(4,17)",,False,50,"[5, 2, 4, 17, 13]",8,0.10371572871572801,-74,94,6,0.059533091989232005,168,1
263,"(4,17)",,False,50,"[5, 2, 4, 17, 13]",8,0.10371572871572801,-74,94,6,0.059533091989232005,168,1
264,"(17,7)",,False,52,"[17, 7, 11, 5, 16]",9,0.106709323814586,-72,96,6,0.059110739812494005,168,1
265,"(17,7)",,False,52,"[17, 7, 11, 5, 16]",9,0.106709323814586,-72,96,6,0.059110739812494005,168,1
266,"(13,9)",,False,50,"[5, 13, 11, 9, 15]",9,0.10895989974937301,-70,98,5,0.074250440917107,168,1
267,"(13,9)",,False,50,"[5, 13, 11, 9, 15]",9,0.10895989974937301,-70,98,5,0.074250440917107,168,1
268,"(1,14)",,False,52,"[12, 1, 3, 14, 9]",10,0.13709041121321802,-68,100,6,0.08624106562703,168,1
269,"(1,14)",,False,52,"[12, 1, 3, 14, 9]",10,0.13709041121321802,-68,100,6,0.08624106562703,168,1
270,"(0,7)",,False,51,"[5, 0, 7, 13, 10]",9,0.15922445001392302,-66,102,6,0.075995544416597,168,1
271,"(0,7)",,False,51,"[5, 0, 7, 13, 10]",9,0.15922445001392302,-66,102,6,0.075995544416597,168,1
272,"(13,11)",,False,51,"[13, 15, 11, 18, 19]",10,0.165564373897707,-64,104,6,0.094669544230947,168,1
273,"(13,11)",,False,51,"[13, 15, 11, 18, 19]",10,0.165564373897707,-64,104,6,0.094669544230947,168,1
274,"(10,15)",,False,53,"[10, 15, 16, 14, 5]",10,0.158672143321266,-62,106,6,0.066752529471827,168,1
275,"(10,15)",,False,53,"[10, 15, 16, 14, 5]",10,0.158672143321266,-62,106,6,0.066752529471827,168,1
276,"(19,11)",,False,53,"[14, 19, 11, 4, 5]",11,0.18714842662211,-60,108,6,0.06343404808317,168,1
277,"(19,11)",,False,53,"[14, 19, 11, 4, 5]",11,0.18714842662211,-60,108,6,0.06343404808317,168,1
278,"(7,0)",,False,53,"[16, 7, 4, 0, 9]",11,0.18714842662211,-58,110,6,0.06343404808317,168,1
279,"(7,0)",,False,53,"[16, 7, 4, 0, 9]",11,0.18714842662211,-58,110,6,0.06343404808317,168,1
280,"(13,0)",,False,51,"[1, 13, 0, 14, 5]",10,0.17034252297410102,-56,112,6,0.072096908939014,168,1
281,"(13,0)",,False,51,"[1, 13, 0, 14, 5]",10,0.17034252297410102,-56,112,6,0.072096908939014,168,1
282,"(17,8)",,False,51,"[17, 15, 5, 8, 16]",10,0.14503620161514902,-54,114,6,0.06863686995265901,168,1
283,"(17,8)",,False,51,"[17, 15, 5, 8, 16]",10,0.14503620161514902,-54,114,6,0.06863686995265901,168,1
284,"(11,9)",,False,52,"[11, 16, 10, 13, 9]",10,0.158739441195581,-52,116,6,0.063287849252761,168,1
285,"(11,9)",,False,52,"[11, 16, 10, 13, 9]",10,0.158739441195581,-52,116,6,0.063287849252761,168,1
286,"(9,3)",,False,52,"[17, 9, 3, 6, 4]",10,0.15427963849016402,-50,118,5,0.041808435229487004,168,1
287,"(9,3)",,False,52,"[17, 9, 3, 6, 4]",10,0.15427963849016402,-50,118,5,0.041808435229487004,168,1
288,"(8,16)",,False,54,"[6, 8, 16, 14, 11]",10,0.11740462266778001,-48,120,5,0.037002227791701,168,1
289,"(8,16)",,False,54,"[6, 8, 16, 14, 11]",10,0.11740462266778001,-48,120,5,0.037002227791701,168,1
290,"(11,0)",,False,54,"[1, 11, 13, 5, 0]",9,0.09349067112225001,-46,122,5,0.029573934837092003,168,1
291,"(11,0)",,False,54,"[1, 11, 13, 5, 0]",9,0.09349067112225001,-46,122,5,0.029573934837092003,168,1
292,"(0,10)",,False,54,"[0, 10, 9, 2, 14]",8,0.08019353940406501,-44,124,5,0.029560011138958002,168,1
293,"(0,10)",,False,54,"[0, 10, 9, 2, 14]",8,0.08019353940406501,-44,124,5,0.029560011138958002,168,1
294,"(0,3)",,False,52,"[0, 3, 14, 2, 5]",7,0.061784089854265006,-42,126,4,0.020880905968625,168,1
295,"(0,3)",,False,52,"[0, 3, 14, 2, 5]",7,0.061784089854265006,-42,126,4,0.020880905968625,168,1
296,"(19,9)",,True,52,"[14, 19, 15, 9, 3]",8,0.072389306599832,-42,127,4,0.110045948203842,169,1
297,"(19,9)",,True,52,"[14, 19, 15, 9, 3]",8,0.072389306599832,-42,127,4,0.110045948203842,169,1
298,"(0,9)",,True,52,"[11, 0, 2, 9, 3]",8,0.082901698691172,-44,127,4,0.11106934001670801,171,1
299,"(0,9)",,True,52,"[11, 0, 2, 9, 3]",8,0.082901698691172,-44,127,4,0.11106934001670801,171,1
300,"(0,17)",,False,53,"[0, 1, 11, 17, 15]",7,0.06743120427330901,-42,129,4,0.023526830544374003,171,1
301,"(0,17)",,False,53,"[0, 1, 11, 17, 15]",7,0.06743120427330901,-42,129,4,0.023526830544374003,171,1
302,"(12,4)",,False,55,"[12, 11, 4, 15, 7]",7,0.054214872197328005,-40,131,4,0.018687923512484002,171,1
303,"(12,4)",,False,55,"[12, 11, 4, 15, 7]",7,0.054214872197328005,-40,131,4,0.018687923512484002,171,1
304,"(0,12)",,False,55,"[0, 10, 17, 12, 18]",6,0.041077441077441004,-38,133,4,0.01058201058201,171,1
305,"(0,12)",,False,55,"[0, 10, 17, 12, 18]",6,0.041077441077441004,-38,133,4,0.01058201058201,171,1
306,"(2,1)",,False,54,"[2, 3, 12, 1, 0]",6,0.043910913647755005,-36,135,5,0.021628144435161003,171,1
307,"(2,1)",,False,54,"[2, 3, 12, 1, 0]",6,0.043910913647755005,-36,135,5,0.021628144435161003,171,1
308,"(16,5)",,False,56,"[10, 16, 6, 2, 5]",6,0.03620857699805,-34,137,5,0.019931773879142002,171,1
309,"(16,5)",,False,56,"[10, 16, 6, 2, 5]",6,0.03620857699805,-34,137,5,0.019931773879142002,171,1
310,"(18,8)",,False,58,"[4, 15, 18, 14, 8]",7,0.045474798106377,-32,139,5,0.020463405989721,171,1
311,"(18,8)",,False,58,"[4, 15, 18, 14, 8]",7,0.045474798106377,-32,139,5,0.020463405989721,171,1
312,"(7,1)",,False,58,"[7, 0, 12, 13, 1]",7,0.05065173617805101,-30,141,6,0.030753018910913,171,1
313,"(7,1)",,False,58,"[7, 0, 12, 13, 1]",7,0.05065173617805101,-30,141,6,0.030753018910913,171,1
314,"(5,15)",,False,58,"[6, 14, 5, 7, 15]",7,0.04903658719448101,-28,143,5,0.015248981038454,171,1
315,"(5,15)",,False,58,"[6, 14, 5, 7, 15]",7,0.04903658719448101,-28,143,5,0.015248981038454,171,1
316,"(2,15)",,False,58,"[2, 4, 9, 5, 15]",7,0.046769766945205,-26,145,5,0.015395179868864002,171,1
317,"(2,15)",,False,58,"[2, 4, 9, 5, 15]",7,0.046769766945205,-26,145,5,0.015395179868864002,171,1
318,"(7,2)",,False,58,"[3, 5, 17, 7, 2]",7,0.045755235667516006,-24,147,5,0.011950817213975002,171,1
319,"(7,2)",,False,58,"[3, 5, 17, 7, 2]",7,0.045755235667516006,-24,147,5,0.011950817213975002,171,1
320,"(1,5)",,False,58,"[1, 9, 13, 5, 11]",7,0.048055745424166005,-22,149,6,0.025354762196867,171,1
321,"(1,5)",,False,58,"[1, 9, 13, 5, 11]",7,0.048055745424166005,-22,149,6,0.025354762196867,171,1
322,"(1,18)",,False,58,"[1, 18, 4, 12, 0]",7,0.05477646135540801,-20,151,7,0.048400040505303006,171,1
323,"(1,18)",,False,58,"[1, 18, 4, 12, 0]",7,0.05477646135540801,-20,151,7,0.048400040505303006,171,1
324,"(8,2)",,False,60,"[3, 14, 8, 9, 2]",8,0.062835961958768,-18,153,7,0.045089048378522005,171,1
325,"(8,2)",,False,60,"[3, 14, 8, 9, 2]",8,0.062835961958768,-18,153,7,0.045089048378522005,171,1
326,"(0,13)",,True,60,"[2, 9, 0, 16, 13]",8,0.062041206700649006,-16,155,7,0.04449135316008301,171,1
327,"(0,13)",,True,60,"[2, 9, 0, 16, 13]",8,0.062041206700649006,-16,155,7,0.04449135316008301,171,1
328,"(4,15)",,False,62,"[4, 15, 3, 11, 9]",8,0.052581774950195004,-14,157,7,0.041203792958178005,171,1
329,"(4,15)",,False,62,"[4, 15, 3, 11, 9]",8,0.052581774950195004,-14,157,7,0.041203792958178005,171,1
330,"(2,7)",,False,64,"[2, 15, 7, 18, 14]",9,0.060755618650355,-12,159,7,0.037044088140579,171,1
331,"(2,7)",,False,64,"[2, 15, 7, 18, 14]",9,0.060755618650355,-12,159,7,0.037044088140579,171,1
332,10:18,assassinate,True,57,"[18, 17, 12, 2, 10]",10,0.08132028789923501,-10,161,7,0.044738091667916,171,1
333,10:18,assassinate,True,57,"[18, 17, 12, 2, 10]",10,0.08132028789923501,-10,161,7,0.044738091667916,171,1
334,"(0,15)",,False,55,"[6, 4, 0, 15, 8]",9,0.07634952766531701,-8,163,7,0.050829709601639,171,1
335,"(0,15)",,False,55,"[6, 4, 0, 15, 8]",9,0.07634952766531701,-8,163,7,0.050829709601639,171,1
336,"(7,16)",,False,55,"[2, 10, 7, 11, 16]",9,0.083159287106655,-6,165,7,0.050399146013181004,171,1
337,"(7,16)",,False,55,"[2, 10, 7, 11, 16]",9,0.083159287106655,-6,165,7,0.050399146013181004,171,1
338,"(2,18)",,False,54,"[12, 6, 2, 18, 10]",9,0.09000172991401001,-4,167,6,0.026821894804350002,171,1
339,"(2,18)",,False,54,"[12, 6, 2, 18, 10]",9,0.09000172991401001,-4,167,6,0.026821894804350002,171,1
340,"(2,13)",,False,52,"[2, 14, 18, 13, 15]",9,0.09974009096816101,-2,169,6,0.037916550635848,171,1
341,"(2,13)",,False,52,"[2, 14, 18, 13, 15]",9,0.09974009096816101,-2,169,6,0.037916550635848,171,1
342,"(15,1)",,False,54,"[0, 16, 15, 1, 6]",9,0.08973632337925401,0,171,7,0.057283186178955,171,1
343,"(15,1)",,False,54,"[0, 16, 15, 1, 6]",9,0.08973632337925401,0,171,7,0.057283186178955,171,1
344,"(10,1)",,False,54,"[3, 11, 10, 1, 12]",9,0.10718271714143701,0,172,8,0.15872893016855802,172,1
345,"(10,1)",,False,54,"[3, 11, 10, 1, 12]",9,0.10718271714143701,0,172,8,0.15872893016855802,172,1
346,"(12,2)",,False,56,"[12, 2, 3, 4, 5]",10,0.116597048175995,-2,172,8,0.16331105541631802,174,1
347,"(12,2)",,False,56,"[12, 2, 3, 4, 5]",10,0.116597048175995,-2,172,8,0.16331105541631802,174,1
348,"(7,8)",,False,58,"[7, 13, 10, 19, 8]",10,0.10011898432951001,-2,173,8,0.11142692590061001,175,1
349,"(7,8)",,False,58,"[7, 13, 10, 19, 8]",10,0.10011898432951001,-2,173,8,0.11142692590061001,175,1
350,"(4,1)",,False,60,"[9, 17, 4, 1, 6]",11,0.129734057365636,0,175,9,0.110964912280701,175,1
351,"(4,1)",,False,60,"[9, 17, 4, 1, 6]",11,0.129734057365636,0,175,9,0.110964912280701,175,1
352,3:12,assassinate,True,55,"[10, 3, 14, 2, 16]",11,0.115176830966304,0,176,9,0.12613478139793902,176,1
353,3:12,assassinate,True,55,"[10, 3, 14, 2, 16]",11,0.115176830966304,0,176,9,0.12613478139793902,176,1
354,"(18,5)",,False,55,"[2, 18, 5, 4, 13]",11,0.121539961013645,-2,176,9,0.130295646523716,178,1
355,"(18,5)",,False,55,"[2, 18, 5, 4, 13]",11,0.121539961013645,-2,176,9,0.130295646523716,178,1
356,"(17,8)",,False,57,"[14, 17, 16, 19, 8]",11,0.11931869300290301,0,178,9,0.11502780844886101,178,1
357,"(17,8)",,False,57,"[14, 17, 16, 19, 8]",11,0.11931869300290301,0,178,9,0.11502780844886101,178,1
358,"(0,10)",,False,55,"[17, 0, 1, 10, 6]",10,0.074012050327839,0,179,9,0.17904040404040403,179,1
359,"(0,10)",,False,55,"[17, 0, 1, 10, 6]",10,0.074012050327839,0,179,9,0.17904040404040403,179,1
360,"(8,19)",,False,58,"[16, 8, 6, 19, 17]",10,0.08589529379003001,-2,179,9,0.118407128933444,181,1
361,"(8,19)",,False,58,"[16, 8, 6, 19, 17]",10,0.08589529379003001,-2,179,9,0.118407128933444,181,1
362,"(7,13)",,False,58,"[5, 12, 7, 13, 19]",10,0.078376496797549,-4,179,9,0.11757170704539101,183,1
363,"(7,13)",,False,58,"[5, 12, 7, 13, 19]",10,0.078376496797549,-4,179,9,0.11757170704539101,183,1
364,"(18,8)",,False,58,"[18, 4, 9, 11, 8]",10,0.067933723196881,-6,179,9,0.11018518518518501,185,1
365,"(18,8)",,False,58,"[18, 4, 9, 11, 8]",10,0.067933723196881,-6,179,9,0.11018518518518501,185,1
366,"(18,0)",,False,56,"[10, 18, 0, 16, 2]",9,0.072337275938383,-8,179,9,0.11054023948760701,187,1
367,"(18,0)",,False,56,"[10, 18, 0, 16, 2]",9,0.072337275938383,-8,179,9,0.11054023948760701,187,1
368,"(4,0)",,False,56,"[4, 17, 0, 12, 6]",8,0.053053931124106,-10,179,9,0.110038986354775,189,1
369,"(4,0)",,False,56,"[4, 17, 0, 12, 6]",8,0.053053931124106,-10,179,9,0.110038986354775,189,1
370,"(3,0)",,False,56,"[19, 3, 0, 7, 16]",8,0.053053931124106,-12,179,9,0.110038986354775,191,1
371,"(3,0)",,False,56,"[19, 3, 0, 7, 16]",8,0.053053931124106,-12,179,9,0.110038986354775,191,1
372,"(0,9)",,False,56,"[13, 0, 6, 1, 9]",7,0.036322287199480004,-14,179,9,0.10532813515269601,193,1
373,"(0,9)",,False,56,"[13, 0, 6, 1, 9]",7,0.036322287199480004,-14,179,9,0.10532813515269601,193,1
374,"(8,2)",,False,56,"[15, 8, 2, 11, 14]",7,0.041450849345586,-16,179,9,0.110410284971688,195,1
375,"(8,2)",,False,56,"[15, 8, 2, 11, 14]",7,0.041450849345586,-16,179,9,0.110410284971688,195,1
376,"(19,3)",,True,58,"[19, 11, 18, 17, 3]",7,0.02584238373712,-18,179,9,0.10764643089204401,197,1
377,"(19,3)",,True,58,"[19, 11, 18, 17, 3]",7,0.02584238373712,-18,179,9,0.10764643089204401,197,1
378,"(8,1)",,False,60,"[2, 8, 1, 10, 17]",8,0.044795750058907007,-20,179,10,0.12370563160036802,199,1
379,"(8,1)",,False,60,"[2, 8, 1, 10, 17]",8,0.044795750058907007,-20,179,10,0.12370563160036802,199,1
380,"(12,1)",,False,60,"[12, 2, 1, 6, 17]",8,0.04639144156688001,-22,179,10,0.13653346328784902,201,1
381,"(12,1)",,False,60,"[12, 2, 1, 6, 17]",8,0.04639144156688001,-22,179,10,0.13653346328784902,201,1
382,"(2,18)",,False,57,"[6, 2, 18, 14, 13]",8,0.055715678084099,-24,179,8,0.06823308270676601,203,1
383,"(2,18)",,False,57,"[6, 2, 18, 14, 13]",8,0.055715678084099,-24,179,8,0.06823308270676601,203,1
384,"(9,10)",,False,57,"[13, 9, 7, 11, 10]",8,0.07804992278676401,-26,179,8,0.093834333308017,205,1
385,"(9,10)",,False,57,"[13, 9, 7, 11, 10]",8,0.07804992278676401,-26,179,8,0.093834333308017,205,1
386,"(14,7)",,False,55,"[15, 14, 7, 16, 6]",8,0.08405736563631301,-28,179,8,0.09725006961849,207,1
387,"(14,7)",,False,55,"[15, 14, 7, 16, 6]",8,0.08405736563631301,-28,179,8,0.09725006961849,207,1
388,"(1,8)",,False,55,"[1, 16, 15, 2, 8]",8,0.07807017543859601,-28,180,8,0.11803118908382002,208,1
389,"(1,8)",,False,55,"[1, 16, 15, 2, 8]",8,0.07807017543859601,-28,180,8,0.11803118908382002,208,1
390,"(18,19)",,False,55,"[10, 18, 11, 7, 19]",8,0.07807017543859601,-30,180,8,0.11803118908382002,210,1
391,"(18,19)",,False,55,"[10, 18, 11, 7, 19]",8,0.07807017543859601,-30,180,8,0.11803118908382002,210,1
392,"(9,12)",,False,56,"[9, 15, 12, 11, 3]",8,0.06369395711500901,-32,180,8,0.09678362573099401,212,1
393,"(9,12)",,False,56,"[9, 15, 12, 11, 3]",8,0.06369395711500901,-32,180,8,0.09678362573099401,212,1
394,"(13,9)",,False,54,"[13, 3, 18, 12, 9]",8,0.064668615984405,-34,180,8,0.091423001949317,214,1
395,"(13,9)",,False,54,"[13, 3, 18, 12, 9]",8,0.064668615984405,-34,180,8,0.091423001949317,214,1
396,"(3,16)",,False,54,"[6, 3, 5, 7, 16]",8,0.065302144249512,-36,180,7,0.07943469785575001,216,1
397,"(3,16)",,False,54,"[6, 3, 5, 7, 16]",8,0.065302144249512,-36,180,7,0.07943469785575001,216,1
398,"(10,7)",,False,54,"[10, 2, 7, 9, 19]",8,0.048607630186577,-34,182,6,0.033639654692286004,216,1
399,"(10,7)",,False,54,"[10, 2, 7, 9, 19]",8,0.048607630186577,-34,182,6,0.033639654692286004,216,1
400,"(10,0)",,False,54,"[4, 8, 6, 10, 0]",7,0.024951267056530002,-34,183,6,0.028114478114478002,217,1
401,"(10,0)",,False,54,"[4, 8, 6, 10, 0]",7,0.024951267056530002,-34,183,6,0.028114478114478002,217,1
402,"(8,16)",,False,56,"[12, 3, 8, 16, 6]",7,0.029003063213589003,-32,185,6,0.027237285132021002,217,1
403,"(8,16)",,False,56,"[12, 3, 8, 16, 6]",7,0.029003063213589003,-32,185,6,0.027237285132021002,217,1
404,"(1,15)",,True,56,"[1, 12, 15, 9, 8]",7,0.026998050682261004,-32,186,7,0.07090200248094901,218,1
405,"(1,15)",,True,56,"[1, 12, 15, 9, 8]",7,0.026998050682261004,-32,186,7,0.07090200248094901,218,1
406,"(10,11)",,False,56,"[10, 12, 2, 8, 11]",7,0.0269142163879,-34,186,6,0.052286018075491006,220,1
407,"(10,11)",,False,56,"[10, 12, 2, 8, 11]",7,0.0269142163879,-34,186,6,0.052286018075491006,220,1
408,"(9,14)",,False,56,"[9, 18, 14, 6, 15]",7,0.029146941427643003,-36,186,6,0.050575512856214005,222,1
409,"(9,14)",,False,56,"[9, 18, 14, 6, 15]",7,0.029146941427643003,-36,186,6,0.050575512856214005,222,1
410,"(19,14)",,False,54,"[19, 14, 7, 3, 13]",7,0.041612578454683004,-38,186,6,0.074979114452798,224,1
411,"(19,14)",,False,54,"[19, 14, 7, 3, 13]",7,0.041612578454683004,-38,186,6,0.074979114452798,224,1
412,"(8,19)",,False,56,"[4, 16, 8, 12, 19]",7,0.033744082428292,-40,186,6,0.064877471456418,226,1
413,"(8,19)",,False,56,"[4, 16, 8, 12, 19]",7,0.033744082428292,-40,186,6,0.064877471456418,226,1
414,"(1,2)",,False,58,"[10, 5, 1, 2, 18]",7,0.025754200315603003,-42,186,7,0.067687737863176,228,1
415,"(1,2)",,False,58,"[10, 5, 1, 2, 18]",7,0.025754200315603003,-42,186,7,0.067687737863176,228,1
416,"(19,14)",,False,58,"[16, 19, 14, 18, 5]",7,0.025754200315603003,-44,186,7,0.067687737863176,230,1
417,"(19,14)",,False,58,"[16, 19, 14, 18, 5]",7,0.025754200315603003,-44,186,7,0.067687737863176,230,1
418,"(0,5)",,False,58,"[0, 6, 19, 5, 18]",6,0.013723411091832002,-46,186,7,0.062474562474562005,232,1
419,"(0,5)",,False,58,"[0, 6, 19, 5, 18]",6,0.013723411091832002,-46,186,7,0.062474562474562005,232,1
420,"(5,14)",,False,58,"[5, 14, 16, 18, 6]",6,0.011904761904761,-48,186,7,0.056042884990253006,234,1
421,"(5,14)",,False,58,"[5, 14, 16, 18, 6]",6,0.011904761904761,-48,186,7,0.056042884990253006,234,1
422,"(1,13)",,False,60,"[10, 8, 1, 13, 7]",7,0.028227977350784004,-50,186,8,0.070333240508679,236,1
423,"(1,13)",,False,60,"[10, 8, 1, 13, 7]",7,0.028227977350784004,-50,186,8,0.070333240508679,236,1
424,"(1,11)",,False,62,"[1, 8, 4, 11, 16]",7,0.023343290887150002,-52,186,9,0.09574019223142001,238,1
425,"(1,11)",,False,62,"[1, 8, 4, 11, 16]",7,0.023343290887150002,-52,186,9,0.09574019223142001,238,1
426,"(19,4)",,False,64,"[19, 6, 12, 4, 18]",7,0.022811658776571,-54,186,9,0.08009881606372801,240,1
427,"(19,4)",,False,64,"[19, 6, 12, 4, 18]",7,0.022811658776571,-54,186,9,0.08009881606372801,240,1
428,"(0,14)",,False,64,"[18, 3, 13, 0, 14]",6,0.005653021442495,-56,186,9,0.077425466021957,242,1
429,"(0,14)",,False,64,"[18, 3, 13, 0, 14]",6,0.005653021442495,-56,186,9,0.077425466021957,242,1
430,"(15,9)",,False,64,"[19, 15, 9, 0, 18]",6,0.005458089668615,-58,186,9,0.07955115060378201,244,1
431,"(15,9)",,False,64,"[19, 15, 9, 0, 18]",6,0.005458089668615,-58,186,9,0.07955115060378201,244,1
432,"(4,1)",,False,64,"[4, 0, 1, 16, 6]",6,0.006042884990253,-60,186,10,0.106592871066555,246,1
433,"(4,1)",,False,64,"[4, 0, 1, 16, 6]",6,0.006042884990253,-60,186,10,0.106592871066555,246,1
434,"(10,7)",,False,64,"[15, 10, 7, 18, 2]",6,0.005907932223721,-62,186,10,0.100628805891963,248,1
435,"(10,7)",,False,64,"[15, 10, 7, 18, 2]",6,0.005907932223721,-62,186,10,0.100628805891963,248,1
436,"(17,18)",,False,62,"[15, 17, 0, 10, 18]",6,0.005945419103313,-64,186,9,0.09066985645933001,250,1
437,"(17,18)",,False,62,"[15, 17, 0, 10, 18]",6,0.005945419103313,-64,186,9,0.09066985645933001,250,1
438,"(6,2)",,False,62,"[19, 6, 13, 2, 5]",6,0.006042884990253,-66,186,9,0.085764073483371,252,1
439,"(6,2)",,False,62,"[19, 6, 13, 2, 5]",6,0.006042884990253,-66,186,9,0.085764073483371,252,1
440,"(10,11)",,False,62,"[10, 16, 7, 2, 11]",6,0.006773879142300001,-68,186,9,0.08620857699805001,254,1
441,"(10,11)",,False,62,"[10, 16, 7, 2, 11]",6,0.006773879142300001,-68,186,9,0.08620857699805001,254,1
442,"(15,5)",,False,60,"[15, 7, 6, 5, 3]",6,0.0083402951824,-70,186,8,0.048544973544973,256,1
443,"(15,5)",,False,60,"[15, 7, 6, 5, 3]",6,0.0083402951824,-70,186,8,0.048544973544973,256,1
444,"(18,17)",,False,62,"[18, 12, 17, 13, 8]",7,0.014675577833472002,-72,186,8,0.048463751972523006,258,1
445,"(18,17)",,False,62,"[18, 12, 17, 13, 8]",7,0.014675577833472002,-72,186,8,0.048463751972523006,258,1
446,"(16,15)",,False,60,"[4, 16, 15, 0, 19]",7,0.027680311890838003,-74,186,8,0.063970110461338,260,1
447,"(16,15)",,False,60,"[4, 16, 15, 0, 19]",7,0.027680311890838003,-74,186,8,0.063970110461338,260,1
448,"(1,12)",,False,60,"[11, 1, 2, 9, 12]",7,0.034064327485380005,-76,186,9,0.09075698505523001,262,1
449,"(1,12)",,False,60,"[11, 1, 2, 9, 12]",7,0.034064327485380005,-76,186,9,0.09075698505523001,262,1
450,"(0,18)",,False,60,"[5, 0, 14, 18, 4]",6,0.016722361459203,-78,186,9,0.08485797827903001,264,1
451,"(0,18)",,False,60,"[5, 0, 14, 18, 4]",6,0.016722361459203,-78,186,9,0.08485797827903001,264,1
452,"(11,19)",,False,60,"[16, 17, 18, 11, 19]",6,0.017007797270955,-80,186,9,0.08281351526965501,266,1
453,"(11,19)",,False,60,"[16, 17, 18, 11, 19]",6,0.017007797270955,-80,186,9,0.08281351526965501,266,1
454,"(1,10)",,False,60,"[1, 10, 17, 11, 0]",6,0.017655249234196,-82,186,10,0.10649772579597101,268,1
455,"(1,10)",,False,60,"[1, 10, 17, 11, 0]",6,0.017655249234196,-82,186,10,0.10649772579597101,268,1
456,"(12,4)",,False,61,"[2, 1, 12, 4, 13]",6,0.016485658590921,-84,186,10,0.12287199480181901,270,1
457,"(12,4)",,False,61,"[2, 1, 12, 4, 13]",6,0.016485658590921,-84,186,10,0.12287199480181901,270,1
458,"(8,15)",,False,61,"[8, 15, 3, 18, 7]",6,0.016485658590921,-86,186,10,0.146715694961308,272,1
459,"(8,15)",,False,61,"[8, 15, 3, 18, 7]",6,0.016485658590921,-86,186,10,0.146715694961308,272,1
460,"(18,1)",,False,61,"[0, 18, 7, 19, 1]",6,0.016485658590921,-88,186,10,0.11657848324514901,274,1
461,"(18,1)",,False,61,"[0, 18, 7, 19, 1]",6,0.016485658590921,-88,186,10,0.11657848324514901,274,1
462,"(10,13)",,False,59,"[17, 9, 10, 6, 13]",6,0.016485658590921,-90,186,9,0.09409171075837701,276,1
463,"(10,13)",,False,59,"[17, 9, 10, 6, 13]",6,0.016485658590921,-90,186,9,0.09409171075837701,276,1
464,"(13,7)",,False,60,"[0, 13, 7, 2, 3]",6,0.016485658590921,-92,186,9,0.081156595191682,278,1
465,"(13,7)",,False,60,"[0, 13, 7, 2, 3]",6,0.016485658590921,-92,186,9,0.081156595191682,278,1
466,"(13,10)",,False,61,"[13, 6, 9, 10, 15]",8,0.049358244095086004,-94,186,9,0.09750301680126201,280,1
467,"(13,10)",,False,61,"[13, 6, 9, 10, 15]",8,0.049358244095086004,-94,186,9,0.09750301680126201,280,1
468,"(14,18)",,False,63,"[14, 3, 5, 18, 11]",8,0.045844409002303,-96,186,9,0.071153050977612,282,1
469,"(14,18)",,False,63,"[14, 3, 5, 18, 11]",8,0.045844409002303,-96,186,9,0.071153050977612,282,1
470,"(11,2)",,False,63,"[9, 4, 11, 15, 2]",8,0.045746943115364,-98,186,9,0.061590318388563006,284,1
471,"(11,2)",,False,63,"[9, 4, 11, 15, 2]",8,0.045746943115364,-98,186,9,0.061590318388563006,284,1
472,"(4,11)",,False,63,"[9, 4, 2, 11, 14]",8,0.046006852147203,-100,186,9,0.06472325595132601,286,1
473,"(4,11)",,False,63,"[9, 4, 2, 11, 14]",8,0.046006852147203,-100,186,9,0.06472325595132601,286,1
474,"(15,10)",,False,65,"[6, 14, 15, 7, 10]",8,0.042757989249217004,-102,186,9,0.06824827219564,288,1
475,"(15,10)",,False,65,"[6, 14, 15, 7, 10]",8,0.042757989249217004,-102,186,9,0.06824827219564,288,1
476,"(1,16)",,False,67,"[1, 16, 2, 12, 7]",8,0.043363037222686,-104,186,10,0.068388564002599,290,1
477,"(1,16)",,False,67,"[1, 16, 2, 12, 7]",8,0.043363037222686,-104,186,10,0.068388564002599,290,1
478,"(8,1)",,False,67,"[2, 8, 18, 1, 9]",8,0.040682725331848,-106,186,10,0.07141000649772501,292,1
479,"(8,1)",,False,67,"[2, 8, 18, 1, 9]",8,0.040682725331848,-106,186,10,0.07141000649772501,292,1
480,"(15,2)",,False,65,"[18, 3, 10, 15, 2]",8,0.0635477582846,-108,186,10,0.08250487329434601,294,1
481,"(15,2)",,False,65,"[18, 3, 10, 15, 2]",8,0.0635477582846,-108,186,10,0.08250487329434601,294,1
482,"(0,2)",,False,65,"[0, 3, 1, 2, 7]",8,0.07147962498839601,-108,187,10,0.08242133110554101,295,1
483,"(0,2)",,False,65,"[0, 3, 1, 2, 7]",8,0.07147962498839601,-108,187,10,0.08242133110554101,295,1
484,"(10,13)",,False,65,"[15, 10, 14, 0, 13]",9,0.082992202729044,-108,188,10,0.08943887496519001,296,1
485,"(10,13)",,False,65,"[15, 10, 14, 0, 13]",9,0.082992202729044,-108,188,10,0.08943887496519001,296,1
486,"(14,11)",,False,67,"[3, 8, 2, 14, 11]",9,0.08147148498025601,-106,190,10,0.07238359431341801,296,1
487,"(14,11)",,False,67,"[3, 8, 2, 14, 11]",9,0.08147148498025601,-106,190,10,0.07238359431341801,296,1
488,"(1,17)",,False,69,"[16, 5, 1, 8, 17]",10,0.094837261503928,-104,192,11,0.08506029383222301,296,1
489,"(1,17)",,False,69,"[16, 5, 1, 8, 17]",10,0.094837261503928,-104,192,11,0.08506029383222301,296,1
490,"(0,8)",,False,69,"[12, 7, 0, 8, 3]",10,0.100292397660818,-102,194,11,0.084210526315789,296,1
491,"(0,8)",,False,69,"[12, 7, 0, 8, 3]",10,0.100292397660818,-102,194,11,0.084210526315789,296,1
492,"(6,11)",,False,71,"[6, 11, 8, 19, 3]",10,0.077550357374918,-100,196,11,0.07150747238466501,296,1
493,"(6,11)",,False,71,"[6, 11, 8, 19, 3]",10,0.077550357374918,-100,196,11,0.07150747238466501,296,1
494,"(1,14)",,False,74,"[1, 14, 19, 2, 16]",10,0.07666430385728601,-98,198,12,0.06682024927638901,296,1
495,"(1,14)",,False,74,"[1, 14, 19, 2, 16]",10,0.07666430385728601,-98,198,12,0.06682024927638901,296,1
496,"(8,12)",,False,72,"[8, 17, 18, 3, 12]",10,0.09379276076902401,-96,200,12,0.07994687153613801,296,1
497,"(8,12)",,False,72,"[8, 17, 18, 3, 12]",10,0.09379276076902401,-96,200,12,0.07994687153613801,296,1
498,"(18,0)",,False,72,"[3, 8, 18, 0, 14]",10,0.07108085699416901,-96,201,12,0.08258569059652601,297,1
499,"(18,0)",,False,72,"[3, 8, 18, 0, 14]",10,0.07108085699416901,-96,201,12,0.08258569059652601,297,1
500,"(0,19)",,False,72,"[8, 0, 15, 17, 19]",10,0.08957115009746501,-94,203,12,0.079004223521767,297,1
501,"(0,19)",,False,72,"[8, 0, 15, 17, 19]",10,0.08957115009746501,-94,203,12,0.079004223521767,297,1
502,"(1,3)",,False,74,"[1, 13, 10, 3, 8]",10,0.087102014294996,-94,204,13,0.107106887589343,298,1
503,"(1,3)",,False,74,"[1, 13, 10, 3, 8]",10,0.087102014294996,-94,204,13,0.107106887589343,298,1
504,"(1,18)",,False,74,"[1, 18, 11, 14, 13]",10,0.080961663417803,-94,205,13,0.0941114359974,299,1
505,"(1,18)",,False,74,"[1, 18, 11, 14, 13]",10,0.080961663417803,-94,205,13,0.0941114359974,299,1
506,"(5,14)",,False,74,"[3, 19, 5, 12, 14]",10,0.074901057357197,-96,205,13,0.09252761533463201,301,1
507,"(5,14)",,False,74,"[3, 19, 5, 12, 14]",10,0.074901057357197,-96,205,13,0.09252761533463201,301,1
508,"(11,2)",,False,76,"[14, 8, 11, 13, 2]",11,0.099130304393462,-94,207,13,0.08684210526315701,301,1
509,"(11,2)",,False,76,"[14, 8, 11, 13, 2]",11,0.099130304393462,-94,207,13,0.08684210526315701,301,1
510,"(11,12)",,False,74,"[19, 11, 18, 12, 5]",11,0.100225635313354,-92,209,12,0.081365450663696,301,1
511,"(11,12)",,False,74,"[19, 11, 18, 12, 5]",11,0.100225635313354,-92,209,12,0.081365450663696,301,1
512,"(12,7)",,False,72,"[12, 4, 7, 5, 6]",11,0.10786974558904301,-90,211,12,0.094629820739211,301,1
513,"(12,7)",,False,72,"[12, 4, 7, 5, 6]",11,0.10786974558904301,-90,211,12,0.094629820739211,301,1
514,"(10,12)",,False,70,"[11, 10, 12, 3, 2]",11,0.10894187034537901,-88,213,11,0.10608911880841701,301,1
515,"(10,12)",,False,70,"[11, 10, 12, 3, 2]",11,0.10894187034537901,-88,213,11,0.10608911880841701,301,1
516,"(3,1)",,False,72,"[11, 17, 3, 9, 1]",12,0.14214989039550402,-86,215,12,0.09789288034902001,301,1
517,"(3,1)",,False,72,"[11, 17, 3, 9, 1]",12,0.14214989039550402,-86,215,12,0.09789288034902001,301,1
518,"(0,3)",,True,70,"[0, 3, 9, 11, 15]",11,0.11520699897892801,-84,217,11,0.09756567344286601,301,1
519,"(0,3)",,True,70,"[0, 3, 9, 11, 15]",11,0.11520699897892801,-84,217,11,0.09756567344286601,301,1
520,"(16,11)",,False,70,"[16, 15, 13, 2, 11]",11,0.11281533606095001,-82,219,11,0.09503156038243701,301,1
521,"(16,11)",,False,70,"[16, 15, 13, 2, 11]",11,0.11281533606095001,-82,219,11,0.09503156038243701,301,1
522,"(5,11)",,False,72,"[16, 3, 5, 18, 11]",12,0.130430105765503,-80,221,11,0.08384550701372101,301,1
523,"(5,11)",,False,72,"[16, 3, 5, 18, 11]",12,0.130430105765503,-80,221,11,0.08384550701372101,301,1
524,"(0,18)",,False,72,"[0, 11, 1, 18, 19]",11,0.099416842760495,-78,223,11,0.08004433742307801,301,1
525,"(0,18)",,False,72,"[0, 11, 1, 18, 19]",11,0.099416842760495,-78,223,11,0.08004433742307801,301,1
526,"(16,10)",,False,70,"[7, 17, 16, 18, 10]",11,0.12428385359241902,-76,225,11,0.08520503118026301,301,1
527,"(16,10)",,False,70,"[7, 17, 16, 18, 10]",11,0.12428385359241902,-76,225,11,0.08520503118026301,301,1
528,"(0,3)",,False,68,"[8, 19, 0, 3, 17]",10,0.11095491577947701,-74,227,10,0.061487854251012004,301,1
529,"(0,3)",,False,68,"[8, 19, 0, 3, 17]",10,0.11095491577947701,-74,227,10,0.061487854251012004,301,1
530,"(4,10)",,False,69,"[0, 4, 3, 10, 15]",10,0.167370657282937,-72,229,10,0.056092989207024005,301,1
531,"(4,10)",,False,69,"[0, 4, 3, 10, 15]",10,0.167370657282937,-72,229,10,0.056092989207024005,301,1
532,"(5,1)",,False,71,"[5, 0, 1, 16, 17]",10,0.164131076850375,-70,231,11,0.067270237884272,301,1
533,"(5,1)",,False,71,"[5, 0, 1, 16, 17]",10,0.164131076850375,-70,231,11,0.067270237884272,301,1
534,"(7,6)",,False,71,"[7, 17, 19, 15, 6]",10,0.11595044007324701,-68,233,11,0.071818645941452,301,1
535,"(7,6)",,False,71,"[7, 17, 19, 15, 6]",10,0.11595044007324701,-68,233,11,0.071818645941452,301,1
536,"(8,3)",,False,71,"[11, 8, 2, 13, 3]",10,0.11653523539488402,-66,235,11,0.06977186231572101,301,1
537,"(8,3)",,False,71,"[11, 8, 2, 13, 3]",10,0.11653523539488402,-66,235,11,0.06977186231572101,301,1
538,"(11,6)",,False,71,"[10, 13, 18, 11, 6]",10,0.09272254710851201,-64,237,10,0.059194282001299,301,1
539,"(11,6)",,False,71,"[10, 13, 18, 11, 6]",10,0.09272254710851201,-64,237,10,0.059194282001299,301,1
540,"(11,12)",,False,73,"[11, 7, 5, 12, 10]",10,0.071196509793001,-62,239,10,0.04818063677712801,301,1
541,"(11,12)",,False,73,"[11, 7, 5, 12, 10]",10,0.071196509793001,-62,239,10,0.04818063677712801,301,1
542,"(1,11)",,False,75,"[9, 17, 1, 14, 11]",10,0.067806722192687,-60,241,11,0.05403597377281501,301,1
543,"(1,11)",,False,75,"[9, 17, 1, 14, 11]",10,0.067806722192687,-60,241,11,0.05403597377281501,301,1
544,"(3,5)",,False,73,"[11, 17, 10, 3, 5]",10,0.099057829759584,-58,243,11,0.06778752436647101,301,1
545,"(3,5)",,False,73,"[11, 17, 10, 3, 5]",10,0.099057829759584,-58,243,11,0.06778752436647101,301,1
546,"(6,1)",,False,75,"[19, 2, 6, 17, 1]",10,0.074610136452241,-58,244,12,0.102534113060428,302,1
547,"(6,1)",,False,75,"[19, 2, 6, 17, 1]",10,0.074610136452241,-58,244,12,0.102534113060428,302,1
548,"(1,4)",,False,75,"[1, 14, 9, 4, 5]",10,0.076625064344362,-60,244,12,0.099797051551437,304,1
549,"(1,4)",,False,75,"[1, 14, 9, 4, 5]",10,0.076625064344362,-60,244,12,0.099797051551437,304,1
550,"(2,7)",,False,75,"[2, 5, 17, 4, 7]",10,0.077794022092267,-60,245,11,0.08095934280144801,305,1
551,"(2,7)",,False,75,"[2, 5, 17, 4, 7]",10,0.077794022092267,-60,245,11,0.08095934280144801,305,1
552,"(17,3)",,False,75,"[17, 1, 6, 13, 3]",10,0.07756955520113401,-60,246,11,0.07869547606389701,306,1
553,"(17,3)",,False,75,"[17, 1, 6, 13, 3]",10,0.07756955520113401,-60,246,11,0.07869547606389701,306,1
554,"(16,3)",,False,73,"[16, 1, 9, 8, 3]",10,0.09231791600212601,-60,247,11,0.09521151363256601,307,1
555,"(16,3)",,False,73,"[16, 1, 9, 8, 3]",10,0.09231791600212601,-60,247,11,0.09521151363256601,307,1
556,"(6,11)",,False,73,"[6, 7, 10, 3, 11]",10,0.081371729978541,-60,248,11,0.086237690185058,308,1
557,"(6,11)",,False,73,"[6, 7, 10, 3, 11]",10,0.081371729978541,-60,248,11,0.086237690185058,308,1
558,"(18,1)",,False,73,"[2, 18, 1, 9, 4]",10,0.08790958878678101,-60,249,12,0.10982548965005101,309,1
559,"(18,1)",,False,73,"[2, 18, 1, 9, 4]",10,0.08790958878678101,-60,249,12,0.10982548965005101,309,1
560,"(15,1)",,False,75,"[17, 0, 15, 1, 19]",11,0.09919242550821401,-62,249,13,0.149654852944326,311,1
561,"(15,1)",,False,75,"[17, 0, 15, 1, 19]",11,0.09919242550821401,-62,249,13,0.149654852944326,311,1
562,"(11,15)",,False,73,"[7, 11, 15, 16, 5]",11,0.11023043720412101,-64,249,13,0.16787454747981,313,1
563,"(11,15)",,False,73,"[7, 11, 15, 16, 5]",11,0.11023043720412101,-64,249,13,0.16787454747981,313,1
564,"(18,15)",,False,73,"[9, 18, 4, 3, 15]",11,0.112910749094959,-66,249,13,0.167305996472663,315,1
565,"(18,15)",,False,73,"[9, 18, 4, 3, 15]",11,0.112910749094959,-66,249,13,0.167305996472663,315,1
566,"(16,2)",,False,75,"[16, 3, 15, 2, 9]",11,0.10563403458140301,-68,249,13,0.153549699163734,317,1
567,"(16,2)",,False,75,"[16, 3, 15, 2, 9]",11,0.10563403458140301,-68,249,13,0.153549699163734,317,1
568,10:10,assassinate,True,69,"[8, 10, 18, 17, 2]",10,0.12943469785575,-68,250,13,0.17261208576998002,318,1
569,10:10,assassinate,True,69,"[8, 10, 18, 17, 2]",10,0.12943469785575,-68,250,13,0.17261208576998002,318,1
570,"(4,10)",,False,71,"[4, 16, 10, 5, 6]",10,0.135282651072124,-70,250,13,0.18469785575048703,320,1
571,"(4,10)",,False,71,"[4, 16, 10, 5, 6]",10,0.135282651072124,-70,250,13,0.18469785575048703,320,1
572,"(18,11)",,False,71,"[8, 16, 5, 18, 11]",10,0.136118072960178,-72,250,13,0.14673172831067502,322,1
573,"(18,11)",,False,71,"[8, 16, 5, 18, 11]",10,0.136118072960178,-72,250,13,0.14673172831067502,322,1
574,"(1,0)",,False,73,"[8, 1, 7, 15, 0]",11,0.13856400259909002,-72,251,14,0.15154236601605,323,1
575,"(1,0)",,False,73,"[8, 1, 7, 15, 0]",11,0.13856400259909002,-72,251,14,0.15154236601605,323,1
576,"(19,4)",,False,73,"[2, 19, 8, 4, 15]",12,0.152891487979207,-70,253,14,0.145189362294625,323,1
577,"(19,4)",,False,73,"[2, 19, 8, 4, 15]",12,0.152891487979207,-70,253,14,0.145189362294625,323,1
578,"(18,0)",,False,71,"[10, 18, 0, 7, 14]",11,0.144620811287477,-70,254,14,0.15510999721526,324,1
579,"(18,0)",,False,71,"[10, 18, 0, 7, 14]",11,0.144620811287477,-70,254,14,0.15510999721526,324,1
580,"(12,1)",,False,73,"[12, 1, 11, 14, 2]",12,0.09102153531978001,-70,255,15,0.202227791701475,325,1
581,"(12,1)",,False,73,"[12, 1, 11, 14, 2]",12,0.09102153531978001,-70,255,15,0.202227791701475,325,1
582,"(13,4)",,True,71,"[9, 12, 13, 10, 4]",12,0.10302840434419301,-72,255,14,0.144834307992202,327,1
583,"(13,4)",,True,71,"[9, 12, 13, 10, 4]",12,0.10302840434419301,-72,255,14,0.144834307992202,327,1
584,"(11,2)",,False,73,"[9, 11, 2, 7, 13]",12,0.08842476561774801,-74,255,14,0.130214424951267,329,1
585,"(11,2)",,False,73,"[9, 11, 2, 7, 13]",12,0.08842476561774801,-74,255,14,0.130214424951267,329,1
586,"(19,0)",,False,71,"[9, 3, 19, 18, 0]",11,0.079786003470214,-76,255,13,0.12232718548508001,331,1
587,"(19,0)",,False,71,"[9, 3, 19, 18, 0]",11,0.079786003470214,-76,255,13,0.12232718548508001,331,1
588,"(17,12)",,False,71,"[17, 9, 3, 12, 14]",12,0.130497540146662,-78,255,13,0.14048083170890102,333,1
589,"(17,12)",,False,71,"[17, 9, 3, 12, 14]",12,0.130497540146662,-78,255,13,0.14048083170890102,333,1
590,"(8,18)",,False,71,"[12, 8, 5, 18, 3]",12,0.129481110182864,-80,255,13,0.14248584424023,335,1
591,"(8,18)",,False,71,"[12, 8, 5, 18, 3]",12,0.129481110182864,-80,255,13,0.14248584424023,335,1
592,"(11,19)",,False,73,"[4, 6, 11, 18, 19]",13,0.13914647730437202,-78,257,13,0.13787942077415702,335,1
593,"(11,19)",,False,73,"[4, 6, 11, 18, 19]",13,0.13914647730437202,-78,257,13,0.13787942077415702,335,1
594,15:4,assassinate,True,72,"[15, 17, 6, 5, 2]",12,0.08500417710944001,-78,258,13,0.12447786131996601,336,1
595,15:4,assassinate,True,72,"[15, 17, 6, 5, 2]",12,0.08500417710944001,-78,258,13,0.12447786131996601,336,1
596,"(19,0)",,False,72,"[19, 7, 3, 10, 0]",12,0.180813143971038,-76,260,13,0.13525480367585602,336,1
597,"(19,0)",,False,72,"[19, 7, 3, 10, 0]",12,0.180813143971038,-76,260,13,0.13525480367585602,336,1
598,"(0,12)",,False,70,"[7, 0, 14, 11, 12]",11,0.134029518240044,-74,262,12,0.082623224728487,336,1
599,"(0,12)",,False,70,"[7, 0, 14, 11, 12]",11,0.134029518240044,-74,262,12,0.082623224728487,336,1
600,"(1,12)",,False,70,"[1, 12, 3, 16, 7]",11,0.149345586187691,-74,263,13,0.18788638262322402,337,1
601,"(1,12)",,False,70,"[1, 12, 3, 16, 7]",11,0.149345586187691,-74,263,13,0.18788638262322402,337,1
602,"(11,2)",,False,70,"[11, 2, 13, 16, 17]",11,0.14678868889395202,-76,263,12,0.169980506822612,339,1
603,"(11,2)",,False,70,"[11, 2, 13, 16, 17]",11,0.14678868889395202,-76,263,12,0.169980506822612,339,1
604,"(13,0)",,False,70,"[13, 7, 18, 0, 10]",10,0.13830915673020902,-78,263,12,0.17055644160907302,341,1
605,"(13,0)",,False,70,"[13, 7, 18, 0, 10]",10,0.13830915673020902,-78,263,12,0.17055644160907302,341,1
606,"(14,3)",,True,68,"[8, 14, 5, 3, 1]",10,0.146593757120072,-80,263,12,0.17764440340617602,343,1
607,"(14,3)",,True,68,"[8, 14, 5, 3, 1]",10,0.146593757120072,-80,263,12,0.17764440340617602,343,1
608,"(1,2)",,False,69,"[1, 5, 2, 13, 17]",10,0.133208020050125,-82,263,13,0.19513817222795501,345,1
609,"(1,2)",,False,69,"[1, 5, 2, 13, 17]",10,0.133208020050125,-82,263,13,0.19513817222795501,345,1
610,"(17,11)",,False,71,"[17, 11, 6, 19, 4]",10,0.128772608158573,-84,263,13,0.185380116959064,347,1
611,"(17,11)",,False,71,"[17, 11, 6, 19, 4]",10,0.128772608158573,-84,263,13,0.185380116959064,347,1
612,"(15,0)",,False,71,"[10, 5, 15, 17, 0]",9,0.021574413241079,-86,263,13,0.12251461988304001,349,1
613,"(15,0)",,False,71,"[10, 5, 15, 17, 0]",9,0.021574413241079,-86,263,13,0.12251461988304001,349,1
614,"(18,15)",,False,73,"[0, 6, 18, 15, 9]",9,0.021379481467200003,-88,263,13,0.141228070175438,351,1
615,"(18,15)",,False,73,"[0, 6, 18, 15, 9]",9,0.021379481467200003,-88,263,13,0.141228070175438,351,1
616,"(1,15)",,False,73,"[11, 1, 0, 15, 4]",9,0.023314518489957,-90,263,14,0.223879142300194,353,1
617,"(1,15)",,False,73,"[11, 1, 0, 15, 4]",9,0.023314518489957,-90,263,14,0.223879142300194,353,1
618,"(2,7)",,False,72,"[2, 10, 4, 14, 7]",9,0.034126984126984006,-92,263,12,0.18630604288499,355,1
619,"(2,7)",,False,72,"[2, 10, 4, 14, 7]",9,0.034126984126984006,-92,263,12,0.18630604288499,355,1
620,"(1,4)",,False,74,"[0, 13, 14, 1, 4]",10,0.067395340202357,-94,263,13,0.159860298895386,357,1
621,"(1,4)",,False,74,"[0, 13, 14, 1, 4]",10,0.067395340202357,-94,263,13,0.159860298895386,357,1
622,"(0,6)",,False,72,"[5, 14, 0, 6, 12]",9,0.12324329341873201,-92,265,12,0.117949967511371,357,1
623,"(0,6)",,False,72,"[5, 14, 0, 6, 12]",9,0.12324329341873201,-92,265,12,0.117949967511371,357,1
624,"(1,2)",,False,72,"[13, 8, 7, 1, 2]",9,0.12230344379467101,-92,266,13,0.139684860298895,358,1
625,"(1,2)",,False,72,"[13, 8, 7, 1, 2]",9,0.12230344379467101,-92,266,13,0.139684860298895,358,1
626,"(10,1)",,False,72,"[18, 11, 10, 1, 3]",9,0.12297642253782601,-92,267,13,0.160282651072124,359,1
627,"(10,1)",,False,72,"[18, 11, 10, 1, 3]",9,0.12297642253782601,-92,267,13,0.160282651072124,359,1
628,"(14,19)",,False,72,"[14, 5, 8, 4, 19]",10,0.133697670101178,-94,267,13,0.15346003898635402,361,1
629,"(14,19)",,False,72,"[14, 5, 8, 4, 19]",10,0.133697670101178,-94,267,13,0.15346003898635402,361,1
630,"(15,9)",,False,72,"[16, 19, 15, 9, 11]",10,0.070727745289148,-96,267,12,0.131952566601689,363,1
631,"(15,9)",,False,72,"[16, 19, 15, 9, 11]",10,0.070727745289148,-96,267,12,0.131952566601689,363,1
632,"(3,12)",,False,72,"[16, 19, 3, 5, 12]",10,0.070727745289148,-98,267,12,0.131952566601689,365,1
633,"(3,12)",,False,72,"[16, 19, 3, 5, 12]",10,0.070727745289148,-98,267,12,0.131952566601689,365,1
634,"(0,5)",,False,72,"[16, 3, 0, 18, 5]",9,0.053801169590643,-100,267,12,0.123879142300194,367,1
635,"(0,5)",,False,72,"[16, 3, 0, 18, 5]",9,0.053801169590643,-100,267,12,0.123879142300194,367,1
636,"(6,7)",,False,72,"[6, 7, 18, 3, 4]",9,0.050862003493582005,-102,267,12,0.131747297536771,369,1
637,"(6,7)",,False,72,"[6, 7, 18, 3, 4]",9,0.050862003493582005,-102,267,12,0.131747297536771,369,1
638,"(1,15)",,False,74,"[3, 7, 1, 17, 15]",10,0.038993316624895004,-104,267,13,0.159826333510544,371,1
639,"(1,15)",,False,74,"[3, 7, 1, 17, 15]",10,0.038993316624895004,-104,267,13,0.159826333510544,371,1
640,"(1,4)",,False,76,"[1, 4, 13, 15, 14]",10,0.038505987190197,-106,267,14,0.17209690893901403,373,1
641,"(1,4)",,False,76,"[1, 4, 13, 15, 14]",10,0.038505987190197,-106,267,14,0.17209690893901403,373,1
642,"(7,18)",,False,77,"[7, 1, 4, 18, 12]",12,0.057184628237259005,-108,267,14,0.172152603731551,375,1
643,"(7,18)",,False,77,"[7, 1, 4, 18, 12]",12,0.057184628237259005,-108,267,14,0.172152603731551,375,1
644,"(8,13)",,False,76,"[10, 5, 8, 3, 13]",12,0.057801229653654,-110,267,12,0.13242870247514202,377,1
645,"(8,13)",,False,76,"[10, 5, 8, 3, 13]",12,0.057801229653654,-110,267,12,0.13242870247514202,377,1
646,"(10,16)",,False,76,"[14, 10, 2, 16, 12]",12,0.055746255617256005,-112,267,12,0.128669303978901,379,1
647,"(10,16)",,False,76,"[14, 10, 2, 16, 12]",12,0.055746255617256005,-112,267,12,0.128669303978901,379,1
648,"(0,8)",,False,76,"[9, 14, 0, 4, 8]",11,0.049947035344352006,-114,267,12,0.12015496256982301,381,1
649,"(0,8)",,False,76,"[9, 14, 0, 4, 8]",11,0.049947035344352006,-114,267,12,0.12015496256982301,381,1
650,"(6,3)",,False,76,"[18, 13, 6, 19, 3]",11,0.049786503295275,-116,267,12,0.12082289055973201,383,1
651,"(6,3)",,False,76,"[18, 13, 6, 19, 3]",11,0.049786503295275,-116,267,12,0.12082289055973201,383,1
652,"(5,15)",,False,78,"[8, 18, 5, 13, 15]",11,0.044615666984088004,-118,267,12,0.11526090868196101,385,1
653,"(5,15)",,False,78,"[8, 18, 5, 13, 15]",11,0.044615666984088004,-118,267,12,0.11526090868196101,385,1
654,"(7,3)",,False,80,"[6, 5, 7, 19, 3]",12,0.054021839109558004,-120,267,12,0.108528265107212,387,1
655,"(7,3)",,False,80,"[6, 5, 7, 19, 3]",12,0.054021839109558004,-120,267,12,0.108528265107212,387,1
656,"(14,11)",,False,78,"[14, 11, 5, 18, 17]",12,0.05911599173372001,-122,267,12,0.119416597048176,389,1
657,"(14,11)",,False,78,"[14, 11, 5, 18, 17]",12,0.05911599173372001,-122,267,12,0.119416597048176,389,1
658,"(0,2)",,False,78,"[0, 16, 17, 2, 18]",12,0.070391255917571,-124,267,12,0.12604427736006601,391,1
659,"(0,2)",,False,78,"[0, 16, 17, 2, 18]",12,0.070391255917571,-124,267,12,0.12604427736006601,391,1
660,"(13,19)",,False,80,"[12, 13, 6, 10, 19]",12,0.065810359231411,-126,267,12,0.11970899470899402,393,1
661,"(13,19)",,False,80,"[12, 13, 6, 10, 19]",12,0.065810359231411,-126,267,12,0.11970899470899402,393,1
662,5:8,assassinate,True,77,"[14, 12, 19, 5, 3]",11,0.036934215881584,-128,267,12,0.114090961020785,395,1
663,5:8,assassinate,True,77,"[14, 12, 19, 5, 3]",11,0.036934215881584,-128,267,12,0.114090961020785,395,1
664,"(0,18)",,False,77,"[19, 0, 6, 18, 10]",11,0.036966704510564004,-130,267,12,0.12051906832608501,397,1
665,"(0,18)",,False,77,"[19, 0, 6, 18, 10]",11,0.036966704510564004,-130,267,12,0.12051906832608501,397,1
666,"(18,13)",,False,78,"[3, 8, 18, 10, 13]",13,0.15382830295110902,-128,269,12,0.128072674563902,397,1
667,"(18,13)",,False,78,"[3, 8, 18, 10, 13]",13,0.15382830295110902,-128,269,12,0.128072674563902,397,1
668,"(0,15)",,False,78,"[6, 16, 4, 0, 15]",12,0.13579711386728902,-126,271,12,0.13050932173739102,397,1
669,"(0,15)",,False,78,"[6, 16, 4, 0, 15]",12,0.13579711386728902,-126,271,12,0.13050932173739102,397,1
670,"(11,18)",,False,78,"[13, 11, 18, 2, 8]",12,0.13435833172675202,-126,272,12,0.14152296696156302,398,1
671,"(11,18)",,False,78,"[13, 11, 18, 2, 8]",12,0.13435833172675202,-126,272,12,0.14152296696156302,398,1
672,11:24,assassinate,True,65,"[3, 8, 18, 11, 4]",11,0.131300473405736,-126,273,11,0.18649717728665002,399,1
673,11:24,assassinate,True,65,"[3, 8, 18, 11, 4]",11,0.131300473405736,-126,273,11,0.18649717728665002,399,1
674,"(16,18)",,False,65,"[15, 10, 16, 7, 18]",12,0.14922723475355001,-128,273,11,0.21271233639654602,401,1
675,"(16,18)",,False,65,"[15, 10, 16, 7, 18]",12,0.14922723475355001,-128,273,11,0.21271233639654602,401,1
676,"(14,18)",,False,65,"[14, 18, 6, 2, 12]",12,0.15146198830409302,-130,273,11,0.23378585352269501,403,1
677,"(14,18)",,False,65,"[14, 18, 6, 2, 12]",12,0.15146198830409302,-130,273,11,0.23378585352269501,403,1
678,"(17,9)",,False,65,"[17, 4, 9, 2, 7]",12,0.149387357282094,-132,273,11,0.183973823447507,405,1
679,"(17,9)",,False,65,"[17, 4, 9, 2, 7]",12,0.149387357282094,-132,273,11,0.183973823447507,405,1
680,"(3,0)",,False,65,"[3, 0, 19, 4, 9]",11,0.142174881648565,-134,273,11,0.172333611807296,407,1
681,"(3,0)",,False,65,"[3, 0, 19, 4, 9]",11,0.142174881648565,-134,273,11,0.172333611807296,407,1
682,12:6,assassinate,True,61,"[0, 7, 6, 16, 12]",10,0.124422166527429,-136,273,10,0.148454469507101,409,1
683,12:6,assassinate,True,61,"[0, 7, 6, 16, 12]",10,0.124422166527429,-136,273,10,0.148454469507101,409,1
684,"(5,0)",,True,61,"[5, 12, 0, 19, 17]",9,0.030228348649401004,-138,273,10,0.13042328042328,411,1
685,"(5,0)",,True,61,"[5, 12, 0, 19, 17]",9,0.030228348649401004,-138,273,10,0.13042328042328,411,1
686,"(0,7)",,False,61,"[0, 16, 7, 4, 12]",9,0.058140722175809005,-140,273,10,0.087793557968996,413,1
687,"(0,7)",,False,61,"[0, 16, 7, 4, 12]",9,0.058140722175809005,-140,273,10,0.087793557968996,413,1
688,16:20,assassinate,True,52,"[14, 7, 5, 9, 16]",8,0.06362897985705,-142,273,10,0.10441613292490401,415,1
689,16:20,assassinate,True,52,"[14, 7, 5, 9, 16]",8,0.06362897985705,-142,273,10,0.10441613292490401,415,1
690,13:12,assassinate,True,47,"[8, 15, 13, 6, 9]",8,0.131300473405736,-140,275,10,0.11504223521767301,415,1
691,13:12,assassinate,True,47,"[8, 15, 13, 6, 9]",8,0.131300473405736,-140,275,10,0.11504223521767301,415,1
692,"(1,13)",,False,49,"[1, 13, 17, 0, 15]",8,0.14007240323029702,-140,276,11,0.198538011695906,416,1
693,"(1,13)",,False,49,"[1, 13, 17, 0, 15]",8,0.14007240323029702,-140,276,11,0.198538011695906,416,1
694,"(15,5)",,False,52,"[15, 5, 8, 17, 7]",8,0.12218045112781901,-142,276,11,0.172765246449456,418,1
695,"(15,5)",,False,52,"[15, 5, 8, 17, 7]",8,0.12218045112781901,-142,276,11,0.172765246449456,418,1
696,"(17,2)",,False,52,"[3, 17, 8, 14, 2]",8,0.12335004177109402,-144,276,11,0.17545252018936203,420,1
697,"(17,2)",,False,52,"[3, 17, 8, 14, 2]",8,0.12335004177109402,-144,276,11,0.17545252018936203,420,1
698,"(0,16)",,False,52,"[7, 6, 11, 0, 16]",8,0.12335004177109402,-144,277,11,0.17545252018936203,421,1
699,"(0,16)",,False,52,"[7, 6, 11, 0, 16]",8,0.12335004177109402,-144,277,11,0.17545252018936203,421,1
700,"(0,17)",,False,52,"[19, 9, 0, 16, 17]",7,0.13684210526315702,-146,277,11,0.19401280980228303,423,1
701,"(0,17)",,False,52,"[19, 9, 0, 16, 17]",7,0.13684210526315702,-146,277,11,0.19401280980228303,423,1
702,"(15,0)",,False,52,"[9, 15, 3, 0, 16]",6,0.124171539961013,-148,277,11,0.16672236145920302,425,1
703,"(15,0)",,False,52,"[9, 15, 3, 0, 16]",6,0.124171539961013,-148,277,11,0.16672236145920302,425,1
704,"(1,11)",,False,54,"[16, 1, 11, 5, 15]",6,0.051963241436925,-150,277,12,0.19458368142578603,427,1
705,"(1,11)",,False,54,"[16, 1, 11, 5, 15]",6,0.051963241436925,-150,277,12,0.19458368142578603,427,1
706,"(10,18)",,False,54,"[10, 7, 8, 13, 18]",6,0.049889876205665006,-152,277,11,0.164803422698159,429,1
707,"(10,18)",,False,54,"[10, 7, 8, 13, 18]",6,0.049889876205665006,-152,277,11,0.164803422698159,429,1
708,"(16,13)",,False,57,"[16, 14, 10, 13, 17]",6,0.042193868509657007,-154,277,11,0.16923875344927902,431,1
709,"(16,13)",,False,57,"[16, 14, 10, 13, 17]",6,0.042193868509657007,-154,277,11,0.16923875344927902,431,1
710,"(9,15)",,False,55,"[9, 3, 15, 16, 7]",6,0.056920077972709,-156,277,11,0.18231690336953402,433,1
711,"(9,15)",,False,55,"[9, 3, 15, 16, 7]",6,0.056920077972709,-156,277,11,0.18231690336953402,433,1
712,"(18,10)",,False,55,"[18, 14, 10, 6, 16]",6,0.11461102250575901,-158,277,10,0.13668514721146202,435,1
713,"(18,10)",,False,55,"[18, 14, 10, 6, 16]",6,0.11461102250575901,-158,277,10,0.13668514721146202,435,1
714,4:14,assassinate,True,47,"[15, 17, 4, 12, 7]",5,0.09990253411306001,-158,278,9,0.11423001949317702,436,1
715,4:14,assassinate,True,47,"[15, 17, 4, 12, 7]",5,0.09990253411306001,-158,278,9,0.11423001949317702,436,1
716,"(11,1)",,False,50,"[11, 10, 19, 14, 1]",5,0.04766081871345,-158,279,10,0.21617933723196803,437,1
717,"(11,1)",,False,50,"[11, 10, 19, 14, 1]",5,0.04766081871345,-158,279,10,0.21617933723196803,437,1
718,"(18,2)",,False,50,"[3, 10, 17, 18, 2]",5,0.035018100807574004,-160,279,10,0.16470342522974102,439,1
719,"(18,2)",,False,50,"[3, 10, 17, 18, 2]",5,0.035018100807574004,-160,279,10,0.16470342522974102,439,1
720,"(1,12)",,False,53,"[1, 12, 9, 0, 14]",5,0.036473127262600005,-162,279,11,0.26423001949317704,441,1
721,"(1,12)",,False,53,"[1, 12, 9, 0, 14]",5,0.036473127262600005,-162,279,11,0.26423001949317704,441,1
722,"(2,14)",,False,53,"[2, 14, 19, 8, 4]",6,0.07674742411584501,-164,279,11,0.262800519818063,443,1
723,"(2,14)",,False,53,"[2, 14, 19, 8, 4]",6,0.07674742411584501,-164,279,11,0.262800519818063,443,1
724,"(17,16)",,False,53,"[17, 16, 5, 13, 8]",6,0.06651350598719001,-166,279,10,0.16944212382808801,445,1
725,"(17,16)",,False,53,"[17, 16, 5, 13, 8]",6,0.06651350598719001,-166,279,10,0.16944212382808801,445,1
726,"(12,10)",,False,55,"[12, 13, 10, 18, 19]",6,0.076642996379838,-168,279,10,0.173614592035644,447,1
727,"(12,10)",,False,55,"[12, 13, 10, 18, 19]",6,0.076642996379838,-168,279,10,0.173614592035644,447,1
728,"(18,13)",,False,57,"[18, 7, 13, 17, 15]",7,0.09987721829827001,-170,279,10,0.164980000506316,449,1
729,"(18,13)",,False,57,"[18, 7, 13, 17, 15]",7,0.09987721829827001,-170,279,10,0.164980000506316,449,1
730,"(1,13)",,False,59,"[17, 1, 7, 15, 13]",8,0.109368036122422,-172,279,11,0.17686197817776703,451,1
731,"(1,13)",,False,59,"[17, 1, 7, 15, 13]",8,0.109368036122422,-172,279,11,0.17686197817776703,451,1
732,"(1,4)",,False,59,"[6, 1, 15, 16, 4]",8,0.10936832822797701,-174,279,12,0.224039264828738,453,1
733,"(1,4)",,False,59,"[6, 1, 15, 16, 4]",8,0.10936832822797701,-174,279,12,0.224039264828738,453,1
734,5:4,assassinate,True,56,"[19, 0, 16, 2, 5]",7,0.105228348649401,-176,279,11,0.179044834307992,455,1
735,5:4,assassinate,True,56,"[19, 0, 16, 2, 5]",7,0.105228348649401,-176,279,11,0.179044834307992,455,1
736,"(0,11)",,False,54,"[0, 12, 17, 18, 11]",6,0.062180915251090006,-178,279,10,0.19314489928525003,457,1
737,"(0,11)",,False,54,"[0, 12, 17, 18, 11]",6,0.062180915251090006,-178,279,10,0.19314489928525003,457,1
738,"(1,18)",,False,54,"[9, 0, 14, 1, 18]",6,0.053817413905133005,-180,279,11,0.22842755035737403,459,1
739,"(1,18)",,False,54,"[9, 0, 14, 1, 18]",6,0.053817413905133005,-180,279,11,0.22842755035737403,459,1
740,"(17,12)",,False,55,"[17, 12, 14, 4, 10]",6,0.043562473722432,-182,279,10,0.202153804991782,461,1
741,"(17,12)",,False,55,"[17, 12, 14, 4, 10]",6,0.043562473722432,-182,279,10,0.202153804991782,461,1
742,"(2,1)",,False,55,"[2, 17, 1, 4, 3]",6,0.081400259909031,-184,279,10,0.222189733593242,463,1
743,"(2,1)",,False,55,"[2, 17, 1, 4, 3]",6,0.081400259909031,-184,279,10,0.222189733593242,463,1
744,"(5,2)",,False,57,"[6, 16, 15, 5, 2]",6,0.07646198830409301,-186,279,10,0.173781676413255,465,1
745,"(5,2)",,False,57,"[6, 16, 15, 5, 2]",6,0.07646198830409301,-186,279,10,0.173781676413255,465,1
746,"(18,9)",,False,57,"[2, 18, 7, 9, 12]",6,0.05414194317703001,-188,279,9,0.1099675827746,467,1
747,"(18,9)",,False,57,"[2, 18, 7, 9, 12]",6,0.05414194317703001,-188,279,9,0.1099675827746,467,1
748,"(0,10)",,False,57,"[0, 8, 9, 10, 1]",5,0.027093195952845,-190,279,9,0.10192611157523401,469,1
749,"(0,10)",,False,57,"[0, 8, 9, 10, 1]",5,0.027093195952845,-190,279,9,0.10192611157523401,469,1
750,"(0,18)",,False,58,"[6, 12, 0, 18, 14]",6,0.08072325062168001,-192,279,9,0.10181215709839901,471,1
751,"(0,18)",,False,58,"[6, 12, 0, 18, 14]",6,0.08072325062168001,-192,279,9,0.10181215709839901,471,1
752,"(11,15)",,False,60,"[11, 2, 15, 6, 14]",6,0.054822240787153004,-194,279,9,0.08118676320430701,473,1
753,"(11,15)",,False,60,"[11, 2, 15, 6, 14]",6,0.054822240787153004,-194,279,9,0.08118676320430701,473,1
754,"(2,19)",,False,60,"[2, 12, 19, 10, 17]",7,0.06776895943562601,-196,279,9,0.08269980506822601,475,1
755,"(2,19)",,False,60,"[2, 12, 19, 10, 17]",7,0.06776895943562601,-196,279,9,0.08269980506822601,475,1
756,"(11,18)",,False,62,"[11, 8, 5, 19, 18]",7,0.055098394133481006,-196,280,9,0.062276060521674004,476,1
757,"(11,18)",,False,62,"[11, 8, 5, 19, 18]",7,0.055098394133481006,-196,280,9,0.062276060521674004,476,1
758,5:8,assassinate,True,59,"[5, 6, 7, 4, 2]",7,0.05454144620811201,-196,281,9,0.05864197530864101,477,1
759,5:8,assassinate,True,59,"[5, 6, 7, 4, 2]",7,0.05454144620811201,-196,281,9,0.05864197530864101,477,1
760,"(5,6)",,False,58,"[10, 19, 5, 6, 4]",7,0.079913377720395,-194,283,9,0.078372277495084,477,1
761,"(5,6)",,False,58,"[10, 19, 5, 6, 4]",7,0.079913377720395,-194,283,9,0.078372277495084,477,1
762,"(10,1)",,False,58,"[10, 1, 17, 8, 7]",7,0.11004826882019801,-192,285,10,0.104970760233918,477,1
763,"(10,1)",,False,58,"[10, 1, 17, 8, 7]",7,0.11004826882019801,-192,285,10,0.104970760233918,477,1
764,"(18,1)",,False,60,"[6, 7, 18, 0, 1]",7,0.103408985426529,-192,286,11,0.13622250069618402,478,1
765,"(18,1)",,False,60,"[6, 7, 18, 0, 1]",7,0.103408985426529,-192,286,11,0.13622250069618402,478,1
766,"(11,8)",,False,62,"[2, 13, 11, 6, 8]",8,0.112956001113895,-192,287,11,0.12430381509328801,479,1
767,"(11,8)",,False,62,"[2, 13, 11, 6, 8]",8,0.112956001113895,-192,287,11,0.12430381509328801,479,1
768,"(4,1)",,False,64,"[18, 4, 13, 1, 10]",9,0.08165489481278901,-192,288,12,0.16452494873547502,480,1
769,"(4,1)",,False,64,"[18, 4, 13, 1, 10]",9,0.08165489481278901,-192,288,12,0.16452494873547502,480,1
770,11:10,assassinate,True,61,"[8, 14, 11, 13, 4]",8,0.061619326093010005,-194,288,12,0.16868560289612902,482,1
771,11:10,assassinate,True,61,"[8, 14, 11, 13, 4]",8,0.061619326093010005,-194,288,12,0.16868560289612902,482,1
772,"(6,17)",,False,61,"[6, 19, 5, 8, 17]",8,0.054991645781119,-196,288,12,0.1526037315511,484,1
773,"(6,17)",,False,61,"[6, 19, 5, 8, 17]",8,0.054991645781119,-196,288,12,0.1526037315511,484,1
774,"(16,2)",,False,64,"[16, 4, 5, 10, 2]",8,0.039481278954963006,-198,288,12,0.129442292600187,486,1
775,"(16,2)",,False,64,"[16, 4, 5, 10, 2]",8,0.039481278954963006,-198,288,12,0.129442292600187,486,1
776,"(16,19)",,False,66,"[17, 15, 5, 16, 19]",8,0.033214981899192,-200,288,12,0.12392787524366401,488,1
777,"(16,19)",,False,66,"[17, 15, 5, 16, 19]",8,0.033214981899192,-200,288,12,0.12392787524366401,488,1
778,"(0,15)",,False,64,"[0, 9, 3, 5, 15]",7,0.033276567487093005,-202,288,12,0.134306921149026,490,1
779,"(0,15)",,False,64,"[0, 9, 3, 5, 15]",7,0.033276567487093005,-202,288,12,0.134306921149026,490,1
780,"(16,1)",,False,66,"[16, 13, 1, 15, 9]",7,0.027290448343079,-204,288,13,0.137956001113895,492,1
781,"(16,1)",,False,66,"[16, 13, 1, 15, 9]",7,0.027290448343079,-204,288,13,0.137956001113895,492,1
782,"(16,17)",,False,64,"[16, 18, 15, 7, 17]",7,0.031529143371248,-206,288,12,0.13093122764175302,494,1
783,"(16,17)",,False,64,"[16, 18, 15, 7, 17]",7,0.031529143371248,-206,288,12,0.13093122764175302,494,1
784,"(10,12)",,False,64,"[10, 3, 12, 7, 14]",7,0.029270477382605003,-208,288,12,0.11710052385109501,496,1
785,"(10,12)",,False,64,"[10, 3, 12, 7, 14]",7,0.029270477382605003,-208,288,12,0.11710052385109501,496,1
786,"(7,13)",,False,64,"[14, 7, 5, 8, 13]",7,0.026201235411761004,-210,288,12,0.11206129802621001,498,1
787,"(7,13)",,False,64,"[14, 7, 5, 8, 13]",7,0.026201235411761004,-210,288,12,0.11206129802621001,498,1
788,"(15,2)",,False,64,"[13, 15, 14, 2, 5]",7,0.025676227606052003,-212,288,12,0.10642532256567301,500,1
789,"(15,2)",,False,64,"[13, 15, 14, 2, 5]",7,0.025676227606052003,-212,288,12,0.10642532256567301,500,1
790,"(4,2)",,False,66,"[6, 4, 16, 2, 1]",7,0.020795971410006,-214,288,12,0.098120258558855,502,1
791,"(4,2)",,False,66,"[6, 4, 16, 2, 1]",7,0.020795971410006,-214,288,12,0.098120258558855,502,1
792,"(1,7)",,False,68,"[1, 10, 4, 7, 16]",7,0.020727209762297003,-216,288,13,0.10748083949838301,504,1
793,"(1,7)",,False,68,"[1, 10, 4, 7, 16]",7,0.020727209762297003,-216,288,13,0.10748083949838301,504,1
794,"(5,6)",,False,66,"[5, 6, 13, 7, 3]",7,0.025494291283764,-218,288,12,0.09256980835928201,506,1
795,"(5,6)",,False,66,"[5, 6, 13, 7, 3]",7,0.025494291283764,-218,288,12,0.09256980835928201,506,1
796,"(0,8)",,False,66,"[0, 8, 18, 5, 14]",6,0.014146477304372001,-220,288,12,0.09802979671400701,508,1
797,"(0,8)",,False,66,"[0, 8, 18, 5, 14]",6,0.014146477304372001,-220,288,12,0.09802979671400701,508,1
798,"(19,1)",,False,68,"[2, 19, 8, 16, 1]",6,0.013561681982734,-222,288,13,0.104497987392724,510,1
799,"(19,1)",,False,68,"[2, 19, 8, 16, 1]",6,0.013561681982734,-222,288,13,0.104497987392724,510,1
