,actionDetail,actionType,bonusActivated,graphEdgeCount,nodeList,p1Degree,p1Score,p1WinAdvantage,p1WinCount,p2Degree,p2Score,p2WinCount,player
0,"(3,6)",,True,2,"[3, 6, 4, 9, 15]",0,-0.001,0,0,0,-0.001,0,1
1,"(3,6)",,True,2,"[3, 6, 4, 9, 15]",0,-0.001,0,0,0,-0.001,0,1
2,"(7,19)",,True,4,"[7, 19, 0, 18, 11]",0,-0.001,0,0,0,-0.001,0,1
3,"(7,19)",,True,4,"[7, 19, 0, 18, 11]",0,-0.001,0,0,0,-0.001,0,1
4,"(9,16)",,True,6,"[9, 16, 12, 15, 14]",0,-0.001,0,0,0,-0.001,0,1
5,"(9,16)",,True,6,"[9, 16, 12, 15, 14]",0,-0.001,0,0,0,-0.001,0,1
6,"(10,1)",,True,8,"[10, 2, 17, 1, 7]",0,-0.001,-1,0,1,0.0,1,1
7,"(10,1)",,True,8,"[10, 2, 17, 1, 7]",0,-0.001,-1,0,1,0.0,1,1
8,"(18,9)",,True,10,"[18, 9, 16, 11, 4]",0,-0.001,-3,0,1,0.0,3,1
9,"(18,9)",,True,10,"[18, 9, 16, 11, 4]",0,-0.001,-3,0,1,0.0,3,1
10,"(1,7)",,True,12,"[11, 0, 1, 7, 13]",0,-0.001,-5,0,2,0.029239766081871003,5,1
11,"(1,7)",,True,12,"[11, 0, 1, 7, 13]",0,-0.001,-5,0,2,0.029239766081871003,5,1
12,"(11,8)",,True,11,"[11, 8, 13, 16, 3]",0,-0.001,-5,0,0,-0.001,5,1
13,"(11,8)",,True,11,"[11, 8, 13, 16, 3]",0,-0.001,-5,0,0,-0.001,5,1
14,6:8,assassinate,True,9,"[19, 6, 1, 12, 14]",1,0.0,-3,2,0,-0.001,5,1
15,6:8,assassinate,True,9,"[19, 6, 1, 12, 14]",1,0.0,-3,2,0,-0.001,5,1
16,17:2,assassinate,True,10,"[17, 12, 10, 4, 18]",3,0.040935672514619006,-1,4,0,-0.001,5,1
17,17:2,assassinate,True,10,"[17, 12, 10, 4, 18]",3,0.040935672514619006,-1,4,0,-0.001,5,1
18,13:4,assassinate,True,10,"[13, 15, 10, 2, 12]",2,0.017543859649122,1,6,0,-0.001,5,1
19,13:4,assassinate,True,10,"[13, 15, 10, 2, 12]",2,0.017543859649122,1,6,0,-0.001,5,1
20,"(19,8)",,True,13,"[15, 19, 12, 8, 0]",2,0.035087719298245,3,8,0,-0.001,5,1
21,"(19,8)",,True,13,"[15, 19, 12, 8, 0]",2,0.035087719298245,3,8,0,-0.001,5,1
22,14:4,assassinate,True,11,"[5, 6, 14, 16, 3]",1,0.0,5,10,0,-0.001,5,1
23,14:4,assassinate,True,11,"[5, 6, 14, 16, 3]",1,0.0,5,10,0,-0.001,5,1
24,7:4,assassinate,True,11,"[4, 18, 3, 7, 12]",3,0.134502923976608,7,12,0,-0.001,5,1
25,7:4,assassinate,True,11,"[4, 18, 3, 7, 12]",3,0.134502923976608,7,12,0,-0.001,5,1
26,11:4,assassinate,True,11,"[3, 8, 15, 14, 11]",3,0.040935672514619006,9,14,0,-0.001,5,1
27,11:4,assassinate,True,11,"[3, 8, 15, 14, 11]",3,0.040935672514619006,9,14,0,-0.001,5,1
28,9:8,assassinate,True,9,"[14, 19, 9, 0, 7]",5,0.105263157894736,11,16,0,-0.001,5,1
29,9:8,assassinate,True,9,"[14, 19, 9, 0, 7]",5,0.105263157894736,11,16,0,-0.001,5,1
30,"(0,2)",,True,9,"[10, 0, 2, 9, 13]",5,0.175438596491228,13,18,0,-0.001,5,1
31,"(0,2)",,True,9,"[10, 0, 2, 9, 13]",5,0.175438596491228,13,18,0,-0.001,5,1
32,"(3,0)",,True,10,"[3, 10, 0, 2, 6]",4,0.12865497076023302,15,20,0,-0.001,5,1
33,"(3,0)",,True,10,"[3, 10, 0, 2, 6]",4,0.12865497076023302,15,20,0,-0.001,5,1
34,9:2,assassinate,True,11,"[9, 5, 15, 3, 2]",5,0.269005847953216,17,22,0,-0.001,5,1
35,9:2,assassinate,True,11,"[9, 5, 15, 3, 2]",5,0.269005847953216,17,22,0,-0.001,5,1
36,19:4,assassinate,True,11,"[18, 14, 11, 19, 15]",4,0.210526315789473,19,24,0,-0.001,5,1
37,19:4,assassinate,True,11,"[18, 14, 11, 19, 15]",4,0.210526315789473,19,24,0,-0.001,5,1
38,4:4,assassinate,True,11,"[4, 6, 17, 3, 16]",3,0.134502923976608,21,26,0,-0.001,5,1
39,4:4,assassinate,True,11,"[4, 6, 17, 3, 16]",3,0.134502923976608,21,26,0,-0.001,5,1
40,17:4,assassinate,True,11,"[11, 13, 7, 17, 14]",2,0.046783625730994004,23,28,1,0.0,5,1
41,17:4,assassinate,True,11,"[11, 13, 7, 17, 14]",2,0.046783625730994004,23,28,1,0.0,5,1
42,"(18,0)",,True,12,"[18, 16, 11, 0, 17]",1,0.0,24,29,1,0.0,5,1
43,"(18,0)",,True,12,"[18, 16, 11, 0, 17]",1,0.0,24,29,1,0.0,5,1
44,8:6,assassinate,True,10,"[3, 6, 19, 8, 9]",0,-0.001,23,29,1,0.0,6,1
45,8:6,assassinate,True,10,"[3, 6, 19, 8, 9]",0,-0.001,23,29,1,0.0,6,1
46,"(5,4)",,True,12,"[5, 4, 16, 0, 14]",0,-0.001,21,29,1,0.0,8,1
47,"(5,4)",,True,12,"[5, 4, 16, 0, 14]",0,-0.001,21,29,1,0.0,8,1
48,"(4,1)",,True,14,"[16, 7, 4, 19, 1]",0,-0.001,19,29,2,0.245614035087719,10,1
49,"(4,1)",,True,14,"[16, 7, 4, 19, 1]",0,-0.001,19,29,2,0.245614035087719,10,1
50,"(3,13)",,True,17,"[3, 13, 5, 18, 0]",2,0.005847953216374001,17,29,2,0.286549707602339,12,1
51,"(3,13)",,True,17,"[3, 13, 5, 18, 0]",2,0.005847953216374001,17,29,2,0.286549707602339,12,1
52,"(1,14)",,True,20,"[1, 14, 8, 11, 3]",2,0.09356725146198801,17,30,3,0.29532163742690004,13,1
53,"(1,14)",,True,20,"[1, 14, 8, 11, 3]",2,0.09356725146198801,17,30,3,0.29532163742690004,13,1
54,9:10,assassinate,True,17,"[0, 3, 12, 9, 13]",2,0.08187134502923901,15,30,3,0.251461988304093,15,1
55,9:10,assassinate,True,17,"[0, 3, 12, 9, 13]",2,0.08187134502923901,15,30,3,0.251461988304093,15,1
56,"(14,17)",,True,16,"[14, 4, 17, 13, 12]",2,0.0,13,30,2,0.19298245614035,17,1
57,"(14,17)",,True,16,"[14, 4, 17, 13, 12]",2,0.0,13,30,2,0.19298245614035,17,1
58,"(16,1)",,True,16,"[11, 16, 7, 1, 0]",2,0.0,11,30,3,0.20467836257309902,19,1
59,"(16,1)",,True,16,"[11, 16, 7, 1, 0]",2,0.0,11,30,3,0.20467836257309902,19,1
60,12:6,assassinate,True,15,"[0, 9, 12, 17, 3]",2,0.0,9,30,3,0.207602339181286,21,1
61,12:6,assassinate,True,15,"[0, 9, 12, 17, 3]",2,0.0,9,30,3,0.207602339181286,21,1
62,17:10,assassinate,True,10,"[14, 17, 5, 9, 8]",1,0.0,7,30,2,0.11695906432748501,23,1
63,17:10,assassinate,True,10,"[14, 17, 5, 9, 8]",1,0.0,7,30,2,0.11695906432748501,23,1
64,"(2,1)",,True,12,"[2, 7, 11, 3, 1]",1,0.0,5,30,3,0.16959064327485301,25,1
65,"(2,1)",,True,12,"[2, 7, 11, 3, 1]",1,0.0,5,30,3,0.16959064327485301,25,1
66,"(19,2)",,True,15,"[19, 2, 18, 13, 10]",3,0.11695906432748501,3,30,3,0.19883040935672502,27,1
67,"(19,2)",,True,15,"[19, 2, 18, 13, 10]",3,0.11695906432748501,3,30,3,0.19883040935672502,27,1
68,"(19,10)",,True,18,"[18, 7, 19, 5, 10]",3,0.14619883040935602,1,30,3,0.23976608187134502,29,1
69,"(19,10)",,True,18,"[18, 7, 19, 5, 10]",3,0.14619883040935602,1,30,3,0.23976608187134502,29,1
70,14:2,assassinate,True,17,"[14, 16, 6, 19, 2]",2,0.105263157894736,3,32,2,0.08187134502923901,29,1
71,14:2,assassinate,True,17,"[14, 16, 6, 19, 2]",2,0.105263157894736,3,32,2,0.08187134502923901,29,1
72,3:10,assassinate,True,14,"[9, 6, 18, 3, 11]",1,0.0,3,33,2,0.23391812865497003,30,1
73,3:10,assassinate,True,14,"[9, 6, 18, 3, 11]",1,0.0,3,33,2,0.23391812865497003,30,1
74,2:6,assassinate,True,12,"[13, 5, 15, 14, 2]",1,0.0,1,33,2,0.087719298245614,32,1
75,2:6,assassinate,True,12,"[13, 5, 15, 14, 2]",1,0.0,1,33,2,0.087719298245614,32,1
76,"(15,1)",,True,12,"[2, 8, 14, 15, 1]",1,0.0,-1,33,3,0.122807017543859,34,1
77,"(15,1)",,True,12,"[2, 8, 14, 15, 1]",1,0.0,-1,33,3,0.122807017543859,34,1
78,"(15,17)",,True,11,"[15, 5, 17, 6, 12]",1,0.0,-3,33,3,0.122807017543859,36,1
79,"(15,17)",,True,11,"[15, 5, 17, 6, 12]",1,0.0,-3,33,3,0.122807017543859,36,1
80,"(0,11)",,True,12,"[14, 0, 11, 15, 1]",2,0.011695906432748001,-4,33,3,0.09356725146198801,37,1
81,"(0,11)",,True,12,"[14, 0, 11, 15, 1]",2,0.011695906432748001,-4,33,3,0.09356725146198801,37,1
82,"(13,1)",,True,15,"[9, 13, 12, 1, 2]",4,0.15204678362573001,-2,35,4,0.10818713450292301,37,1
83,"(13,1)",,True,15,"[9, 13, 12, 1, 2]",4,0.15204678362573001,-2,35,4,0.10818713450292301,37,1
84,"(10,0)",,True,16,"[10, 0, 11, 5, 19]",3,0.043859649122807,-2,36,4,0.32456140350877105,38,1
85,"(10,0)",,True,16,"[10, 0, 11, 5, 19]",3,0.043859649122807,-2,36,4,0.32456140350877105,38,1
86,11:4,assassinate,True,16,"[12, 16, 5, 11, 2]",2,0.011695906432748001,-4,36,4,0.245614035087719,40,1
87,11:4,assassinate,True,16,"[12, 16, 5, 11, 2]",2,0.011695906432748001,-4,36,4,0.245614035087719,40,1
88,"(2,15)",,True,19,"[0, 2, 15, 13, 18]",2,0.07602339181286501,-6,36,4,0.15204678362573001,42,1
89,"(2,15)",,True,19,"[0, 2, 15, 13, 18]",2,0.07602339181286501,-6,36,4,0.15204678362573001,42,1
90,"(4,0)",,True,19,"[5, 4, 3, 0, 14]",1,0.0,-8,36,4,0.271929824561403,44,1
91,"(4,0)",,True,19,"[5, 4, 3, 0, 14]",1,0.0,-8,36,4,0.271929824561403,44,1
92,"(2,13)",,True,20,"[2, 13, 0, 3, 10]",1,0.0,-10,36,4,0.070175438596491,46,1
93,"(2,13)",,True,20,"[2, 13, 0, 3, 10]",1,0.0,-10,36,4,0.070175438596491,46,1
94,"(16,6)",,True,21,"[16, 6, 19, 18, 14]",1,0.0,-12,36,4,0.096491228070175,48,1
95,"(16,6)",,True,21,"[16, 6, 19, 18, 14]",1,0.0,-12,36,4,0.096491228070175,48,1
96,"(4,15)",,True,21,"[4, 18, 15, 6, 3]",1,0.0,-14,36,4,0.14424951267056502,50,1
97,"(4,15)",,True,21,"[4, 18, 15, 6, 3]",1,0.0,-14,36,4,0.14424951267056502,50,1
98,"(11,1)",,True,24,"[13, 11, 5, 18, 1]",1,0.0,-16,36,5,0.20662768031189002,52,1
99,"(11,1)",,True,24,"[13, 11, 5, 18, 1]",1,0.0,-16,36,5,0.20662768031189002,52,1
100,"(17,15)",,True,23,"[16, 17, 1, 15, 6]",1,0.0,-18,36,5,0.228070175438596,54,1
101,"(17,15)",,True,23,"[16, 17, 1, 15, 6]",1,0.0,-18,36,5,0.228070175438596,54,1
102,"(7,12)",,True,23,"[7, 4, 3, 12, 17]",1,0.0,-20,36,4,0.157894736842105,56,1
103,"(7,12)",,True,23,"[7, 4, 3, 12, 17]",1,0.0,-20,36,4,0.157894736842105,56,1
104,"(15,1)",,True,26,"[13, 15, 17, 9, 1]",1,0.0,-22,36,5,0.11988304093567201,58,1
105,"(15,1)",,True,26,"[13, 15, 17, 9, 1]",1,0.0,-22,36,5,0.11988304093567201,58,1
106,"(11,9)",,True,29,"[2, 12, 11, 3, 9]",1,0.0,-24,36,5,0.109161793372319,60,1
107,"(11,9)",,True,29,"[2, 12, 11, 3, 9]",1,0.0,-24,36,5,0.109161793372319,60,1
108,"(3,13)",,True,31,"[12, 3, 2, 13, 0]",1,0.0,-26,36,5,0.09795321637426901,62,1
109,"(3,13)",,True,31,"[12, 3, 2, 13, 0]",1,0.0,-26,36,5,0.09795321637426901,62,1
110,"(18,9)",,True,34,"[6, 18, 17, 9, 12]",1,0.0,-28,36,5,0.047855750487329006,64,1
111,"(18,9)",,True,34,"[6, 18, 17, 9, 12]",1,0.0,-28,36,5,0.047855750487329006,64,1
112,"(11,15)",,True,35,"[11, 15, 6, 7, 19]",1,0.0,-30,36,5,0.041812865497076,66,1
113,"(11,15)",,True,35,"[11, 15, 6, 7, 19]",1,0.0,-30,36,5,0.041812865497076,66,1
114,"(1,12)",,True,36,"[13, 6, 16, 1, 12]",1,0.0,-32,36,6,0.087914230019493,68,1
115,"(1,12)",,True,36,"[13, 6, 16, 1, 12]",1,0.0,-32,36,6,0.087914230019493,68,1
116,"(4,17)",,True,39,"[4, 12, 13, 19, 17]",1,0.0,-34,36,6,0.08416179337231901,70,1
117,"(4,17)",,True,39,"[4, 12, 13, 19, 17]",1,0.0,-34,36,6,0.08416179337231901,70,1
118,"(9,1)",,True,40,"[4, 9, 10, 1, 6]",2,0.017543859649122,-36,36,6,0.06223196881091601,72,1
119,"(9,1)",,True,40,"[4, 9, 10, 1, 6]",2,0.017543859649122,-36,36,6,0.06223196881091601,72,1
120,7:18,assassinate,True,33,"[1, 7, 11, 9, 12]",3,0.09941520467836201,-36,37,6,0.10311890838206601,73,1
121,7:18,assassinate,True,33,"[1, 7, 11, 9, 12]",3,0.09941520467836201,-36,37,6,0.10311890838206601,73,1
122,11:16,assassinate,True,27,"[17, 12, 6, 7, 11]",3,0.093762183235867,-36,38,5,0.201461988304093,74,1
123,11:16,assassinate,True,27,"[17, 12, 6, 7, 11]",3,0.093762183235867,-36,38,5,0.201461988304093,74,1
124,"(9,7)",,True,26,"[9, 7, 0, 6, 11]",3,0.11306042884990201,-38,38,4,0.25438596491228,76,1
125,"(9,7)",,True,26,"[9, 7, 0, 6, 11]",3,0.11306042884990201,-38,38,4,0.25438596491228,76,1
126,"(1,10)",,True,29,"[1, 10, 0, 9, 5]",5,0.21408382066276802,-40,38,5,0.31569200779727,78,1
127,"(1,10)",,True,29,"[1, 10, 0, 9, 5]",5,0.21408382066276802,-40,38,5,0.31569200779727,78,1
128,14:2,assassinate,True,27,"[9, 15, 13, 10, 14]",4,0.17426900584795302,-42,38,4,0.258284600389863,80,1
129,14:2,assassinate,True,27,"[9, 15, 13, 10, 14]",4,0.17426900584795302,-42,38,4,0.258284600389863,80,1
130,"(11,0)",,True,26,"[3, 19, 11, 0, 4]",3,0.08187134502923901,-42,39,4,0.09941520467836201,81,1
131,"(11,0)",,True,26,"[3, 19, 11, 0, 4]",3,0.08187134502923901,-42,39,4,0.09941520467836201,81,1
132,14:2,assassinate,True,27,"[14, 7, 16, 6, 9]",4,0.175438596491228,-40,41,4,0.10721247563352801,81,1
133,14:2,assassinate,True,27,"[14, 7, 16, 6, 9]",4,0.175438596491228,-40,41,4,0.10721247563352801,81,1
134,"(8,4)",,True,28,"[8, 9, 16, 4, 3]",4,0.150097465886939,-38,43,4,0.10818713450292301,81,1
135,"(8,4)",,True,28,"[8, 9, 16, 4, 3]",4,0.150097465886939,-38,43,4,0.10818713450292301,81,1
136,"(1,10)",,True,27,"[1, 10, 15, 8, 17]",4,0.15399610136452202,-38,44,4,0.16179337231968802,82,1
137,"(1,10)",,True,27,"[1, 10, 15, 8, 17]",4,0.15399610136452202,-38,44,4,0.16179337231968802,82,1
138,12:2,assassinate,True,28,"[8, 3, 4, 17, 12]",3,0.063840155945419,-38,45,4,0.076510721247563,83,1
139,12:2,assassinate,True,28,"[8, 3, 4, 17, 12]",3,0.063840155945419,-38,45,4,0.076510721247563,83,1
140,"(1,14)",,True,31,"[1, 16, 5, 14, 19]",5,0.12183235867446301,-38,46,5,0.15653021442495102,84,1
141,"(1,14)",,True,31,"[1, 16, 5, 14, 19]",5,0.12183235867446301,-38,46,5,0.15653021442495102,84,1
142,16:8,assassinate,True,29,"[9, 18, 16, 4, 10]",4,0.149220272904483,-36,48,4,0.13011695906432702,84,1
143,16:8,assassinate,True,29,"[9, 18, 16, 4, 10]",4,0.149220272904483,-36,48,4,0.13011695906432702,84,1
144,6:6,assassinate,True,28,"[18, 13, 6, 8, 3]",5,0.16520467836257302,-34,50,4,0.11842105263157801,84,1
145,6:6,assassinate,True,28,"[18, 13, 6, 8, 3]",5,0.16520467836257302,-34,50,4,0.11842105263157801,84,1
146,17:6,assassinate,True,25,"[3, 9, 19, 2, 17]",4,0.08430799220272901,-34,51,4,0.12719298245614,85,1
147,17:6,assassinate,True,25,"[3, 9, 19, 2, 17]",4,0.08430799220272901,-34,51,4,0.12719298245614,85,1
148,"(19,1)",,True,26,"[13, 19, 1, 18, 10]",4,0.07212475633528201,-36,51,5,0.134502923976608,87,1
149,"(19,1)",,True,26,"[13, 19, 1, 18, 10]",4,0.07212475633528201,-36,51,5,0.134502923976608,87,1
150,"(10,3)",,True,25,"[18, 10, 8, 11, 3]",4,0.068615984405458,-36,52,4,0.106432748538011,88,1
151,"(10,3)",,True,25,"[18, 10, 8, 11, 3]",4,0.068615984405458,-36,52,4,0.106432748538011,88,1
152,"(18,9)",,True,25,"[18, 13, 15, 12, 9]",4,0.076608187134502,-38,52,4,0.1270955165692,90,1
153,"(18,9)",,True,25,"[18, 13, 15, 12, 9]",4,0.076608187134502,-38,52,4,0.1270955165692,90,1
154,"(14,12)",,True,28,"[14, 15, 12, 19, 5]",4,0.07056530214424901,-40,52,4,0.11988304093567201,92,1
155,"(14,12)",,True,28,"[14, 15, 12, 19, 5]",4,0.07056530214424901,-40,52,4,0.11988304093567201,92,1
156,"(13,0)",,True,27,"[13, 19, 0, 7, 4]",4,0.117738791423001,-38,54,3,0.068908382066276,92,1
157,"(13,0)",,True,27,"[13, 19, 0, 7, 4]",4,0.117738791423001,-38,54,3,0.068908382066276,92,1
158,14:8,assassinate,True,25,"[3, 8, 14, 2, 18]",5,0.207602339181286,-36,56,3,0.067738791423001,92,1
159,14:8,assassinate,True,25,"[3, 8, 14, 2, 18]",5,0.207602339181286,-36,56,3,0.067738791423001,92,1
160,5:10,assassinate,True,22,"[1, 9, 5, 15, 14]",4,0.17251461988304,-34,58,3,0.07261208576998,92,1
161,5:10,assassinate,True,22,"[1, 9, 5, 15, 14]",4,0.17251461988304,-34,58,3,0.07261208576998,92,1
162,"(1,0)",,True,25,"[1, 0, 4, 10, 13]",5,0.16861598440545802,-32,60,4,0.069883040935672,92,1
163,"(1,0)",,True,25,"[1, 0, 4, 10, 13]",5,0.16861598440545802,-32,60,4,0.069883040935672,92,1
164,10:14,assassinate,True,20,"[12, 15, 18, 17, 10]",4,0.16374269005847902,-30,62,3,0.122807017543859,92,1
165,10:14,assassinate,True,20,"[12, 15, 18, 17, 10]",4,0.16374269005847902,-30,62,3,0.122807017543859,92,1
166,11:2,assassinate,True,21,"[11, 14, 8, 16, 10]",5,0.19103313840155903,-28,64,3,0.040935672514619006,92,1
167,11:2,assassinate,True,21,"[11, 14, 8, 16, 10]",5,0.19103313840155903,-28,64,3,0.040935672514619006,92,1
168,"(1,11)",,True,22,"[0, 1, 9, 13, 11]",5,0.28849902534113003,-26,66,4,0.134502923976608,92,1
169,"(1,11)",,True,22,"[0, 1, 9, 13, 11]",5,0.28849902534113003,-26,66,4,0.134502923976608,92,1
170,2:8,assassinate,True,19,"[15, 2, 8, 3, 10]",4,0.16374269005847902,-24,68,4,0.14912280701754302,92,1
171,2:8,assassinate,True,19,"[15, 2, 8, 3, 10]",4,0.16374269005847902,-24,68,4,0.14912280701754302,92,1
172,9:12,assassinate,True,15,"[3, 5, 9, 0, 12]",4,0.160818713450292,-22,70,3,0.14912280701754302,92,1
173,9:12,assassinate,True,15,"[3, 5, 9, 0, 12]",4,0.160818713450292,-22,70,3,0.14912280701754302,92,1
174,11:4,assassinate,True,12,"[11, 19, 18, 16, 5]",4,0.245614035087719,-20,72,2,0.210526315789473,92,1
175,11:4,assassinate,True,12,"[11, 19, 18, 16, 5]",4,0.245614035087719,-20,72,2,0.210526315789473,92,1
176,"(14,1)",,True,15,"[14, 8, 1, 2, 12]",4,0.18713450292397601,-20,73,3,0.31578947368421,93,1
177,"(14,1)",,True,15,"[14, 8, 1, 2, 12]",4,0.18713450292397601,-20,73,3,0.31578947368421,93,1
178,"(1,11)",,True,18,"[1, 11, 13, 17, 2]",4,0.178362573099415,-20,74,4,0.190058479532163,94,1
179,"(1,11)",,True,18,"[1, 11, 13, 17, 2]",4,0.178362573099415,-20,74,4,0.190058479532163,94,1
180,7:6,assassinate,True,17,"[4, 3, 13, 1, 7]",3,0.08187134502923901,-20,75,4,0.14619883040935602,95,1
181,7:6,assassinate,True,17,"[4, 3, 13, 1, 7]",3,0.08187134502923901,-20,75,4,0.14619883040935602,95,1
182,17:2,assassinate,True,18,"[8, 19, 4, 14, 17]",2,0.004873294346978,-20,76,4,0.038011695906432004,96,1
183,17:2,assassinate,True,18,"[8, 19, 4, 14, 17]",2,0.004873294346978,-20,76,4,0.038011695906432004,96,1
184,"(9,17)",,True,21,"[9, 17, 10, 18, 7]",2,0.008771929824561,-22,76,4,0.046783625730994004,98,1
185,"(9,17)",,True,21,"[9, 17, 10, 18, 7]",2,0.008771929824561,-22,76,4,0.046783625730994004,98,1
186,4:8,assassinate,True,19,"[10, 15, 4, 2, 14]",2,0.040935672514619006,-24,76,4,0.105263157894736,100,1
187,4:8,assassinate,True,19,"[10, 15, 4, 2, 14]",2,0.040935672514619006,-24,76,4,0.105263157894736,100,1
188,"(0,16)",,True,18,"[0, 9, 12, 16, 8]",1,0.0,-26,76,4,0.157894736842105,102,1
189,"(0,16)",,True,18,"[0, 9, 12, 16, 8]",1,0.0,-26,76,4,0.157894736842105,102,1
190,"(3,7)",,True,18,"[0, 3, 7, 18, 16]",1,0.0,-28,76,4,0.14619883040935602,104,1
191,"(3,7)",,True,18,"[0, 3, 7, 18, 16]",1,0.0,-28,76,4,0.14619883040935602,104,1
192,"(5,1)",,True,17,"[13, 5, 1, 2, 15]",1,0.0,-30,76,5,0.350877192982456,106,1
193,"(5,1)",,True,17,"[13, 5, 1, 2, 15]",1,0.0,-30,76,5,0.350877192982456,106,1
194,"(11,16)",,True,17,"[15, 11, 16, 19, 3]",1,0.0,-32,76,4,0.14619883040935602,108,1
195,"(11,16)",,True,17,"[15, 11, 16, 19, 3]",1,0.0,-32,76,4,0.14619883040935602,108,1
196,"(13,15)",,True,19,"[13, 6, 5, 3, 15]",1,0.0,-34,76,4,0.29824561403508704,110,1
197,"(13,15)",,True,19,"[13, 6, 5, 3, 15]",1,0.0,-34,76,4,0.29824561403508704,110,1
198,"(12,10)",,True,22,"[12, 10, 5, 2, 3]",3,0.09941520467836201,-36,76,4,0.304093567251461,112,1
199,"(12,10)",,True,22,"[12, 10, 5, 2, 3]",3,0.09941520467836201,-36,76,4,0.304093567251461,112,1
200,"(18,1)",,True,25,"[9, 16, 3, 18, 1]",3,0.09941520467836201,-38,76,5,0.38187134502923903,114,1
201,"(18,1)",,True,25,"[9, 16, 3, 18, 1]",3,0.09941520467836201,-38,76,5,0.38187134502923903,114,1
202,9:8,assassinate,True,23,"[17, 18, 9, 10, 5]",3,0.09356725146198801,-40,76,5,0.256335282651072,116,1
203,9:8,assassinate,True,23,"[17, 18, 9, 10, 5]",3,0.09356725146198801,-40,76,5,0.256335282651072,116,1
204,11:12,assassinate,True,19,"[1, 18, 15, 6, 11]",2,0.087719298245614,-42,76,4,0.26315789473684204,118,1
205,11:12,assassinate,True,19,"[1, 18, 15, 6, 11]",2,0.087719298245614,-42,76,4,0.26315789473684204,118,1
206,"(16,11)",,True,18,"[16, 11, 12, 7, 15]",2,0.087719298245614,-44,76,3,0.16374269005847902,120,1
207,"(16,11)",,True,18,"[16, 11, 12, 7, 15]",2,0.087719298245614,-44,76,3,0.16374269005847902,120,1
208,"(10,2)",,True,20,"[10, 2, 18, 0, 8]",2,0.09356725146198801,-46,76,3,0.175438596491228,122,1
209,"(10,2)",,True,20,"[10, 2, 18, 0, 8]",2,0.09356725146198801,-46,76,3,0.175438596491228,122,1
210,"(8,1)",,True,23,"[7, 8, 5, 3, 1]",2,0.008771929824561,-48,76,4,0.11793372319688102,124,1
211,"(8,1)",,True,23,"[7, 8, 5, 3, 1]",2,0.008771929824561,-48,76,4,0.11793372319688102,124,1
212,"(11,1)",,True,26,"[14, 18, 11, 1, 8]",2,0.006335282651072,-50,76,5,0.11306042884990201,126,1
213,"(11,1)",,True,26,"[14, 18, 11, 1, 8]",2,0.006335282651072,-50,76,5,0.11306042884990201,126,1
214,"(16,13)",,True,25,"[16, 11, 19, 5, 13]",2,0.004873294346978,-52,76,5,0.15692007797270902,128,1
215,"(16,13)",,True,25,"[16, 11, 19, 5, 13]",2,0.004873294346978,-52,76,5,0.15692007797270902,128,1
216,8:12,assassinate,True,21,"[13, 19, 15, 0, 8]",2,0.008771929824561,-54,76,4,0.13645224171539902,130,1
217,8:12,assassinate,True,21,"[13, 19, 15, 0, 8]",2,0.008771929824561,-54,76,4,0.13645224171539902,130,1
218,"(8,14)",,True,21,"[3, 10, 8, 14, 17]",2,0.008771929824561,-56,76,4,0.142300194931773,132,1
219,"(8,14)",,True,21,"[3, 10, 8, 14, 17]",2,0.008771929824561,-56,76,4,0.142300194931773,132,1
220,4:8,assassinate,True,16,"[4, 15, 9, 6, 11]",1,0.0,-58,76,3,0.17251461988304,134,1
221,4:8,assassinate,True,16,"[4, 15, 9, 6, 11]",1,0.0,-58,76,3,0.17251461988304,134,1
222,"(11,4)",,True,19,"[11, 15, 13, 4, 16]",3,0.075048732943469,-60,76,3,0.17446393762183202,136,1
223,"(11,4)",,True,19,"[11, 15, 13, 4, 16]",3,0.075048732943469,-60,76,3,0.17446393762183202,136,1
224,15:6,assassinate,True,18,"[17, 3, 4, 15, 19]",2,0.013742690058479001,-62,76,3,0.045029239766081,138,1
225,15:6,assassinate,True,18,"[17, 3, 4, 15, 19]",2,0.013742690058479001,-62,76,3,0.045029239766081,138,1
226,"(12,1)",,True,21,"[12, 18, 0, 1, 9]",2,0.012865497076023,-64,76,4,0.070175438596491,140,1
227,"(12,1)",,True,21,"[12, 18, 0, 1, 9]",2,0.012865497076023,-64,76,4,0.070175438596491,140,1
228,"(11,1)",,True,22,"[11, 1, 10, 3, 8]",2,0.006822612085769001,-66,76,4,0.038888888888888,142,1
229,"(11,1)",,True,22,"[11, 1, 10, 3, 8]",2,0.006822612085769001,-66,76,4,0.038888888888888,142,1
230,"(15,11)",,True,25,"[3, 15, 19, 17, 11]",2,0.009746588693957,-68,76,4,0.05204678362573,144,1
231,"(15,11)",,True,25,"[3, 15, 19, 17, 11]",2,0.009746588693957,-68,76,4,0.05204678362573,144,1
232,"(1,7)",,True,28,"[2, 1, 4, 10, 7]",4,0.055068226120857,-68,77,5,0.09346978557504801,145,1
233,"(1,7)",,True,28,"[2, 1, 4, 10, 7]",4,0.055068226120857,-68,77,5,0.09346978557504801,145,1
234,15:4,assassinate,True,28,"[15, 7, 10, 6, 19]",3,0.013993316624895,-68,78,5,0.037524366471734,146,1
235,15:4,assassinate,True,28,"[15, 7, 10, 6, 19]",3,0.013993316624895,-68,78,5,0.037524366471734,146,1
236,"(10,7)",,True,25,"[17, 10, 9, 7, 15]",3,0.021442495126705003,-68,79,3,0.026315789473684,147,1
237,"(10,7)",,True,25,"[17, 10, 9, 7, 15]",3,0.021442495126705003,-68,79,3,0.026315789473684,147,1
238,14:16,assassinate,True,17,"[14, 18, 6, 5, 10]",2,0.0,-68,80,3,0.075048732943469,148,1
239,14:16,assassinate,True,17,"[14, 18, 6, 5, 10]",2,0.0,-68,80,3,0.075048732943469,148,1
240,"(15,1)",,True,18,"[15, 14, 4, 7, 1]",2,0.0,-70,80,4,0.11306042884990201,150,1
241,"(15,1)",,True,18,"[15, 14, 4, 7, 1]",2,0.0,-70,80,4,0.11306042884990201,150,1
242,7:10,assassinate,True,15,"[9, 7, 16, 1, 13]",1,0.0,-72,80,3,0.122807017543859,152,1
243,7:10,assassinate,True,15,"[9, 7, 16, 1, 13]",1,0.0,-72,80,3,0.122807017543859,152,1
244,"(13,2)",,True,15,"[13, 4, 16, 2, 17]",1,0.0,-74,80,3,0.134502923976608,154,1
245,"(13,2)",,True,15,"[13, 4, 16, 2, 17]",1,0.0,-74,80,3,0.134502923976608,154,1
246,2:2,assassinate,True,16,"[19, 2, 3, 5, 7]",3,0.143274853801169,-72,82,3,0.10818713450292301,154,1
247,2:2,assassinate,True,16,"[19, 2, 3, 5, 7]",3,0.143274853801169,-72,82,3,0.10818713450292301,154,1
248,6:6,assassinate,True,15,"[13, 9, 14, 6, 15]",2,0.07309941520467801,-72,83,3,0.087719298245614,155,1
249,6:6,assassinate,True,15,"[13, 9, 14, 6, 15]",2,0.07309941520467801,-72,83,3,0.087719298245614,155,1
250,16:10,assassinate,True,12,"[11, 19, 16, 9, 7]",1,0.0,-74,83,3,0.122807017543859,157,1
251,16:10,assassinate,True,12,"[11, 19, 16, 9, 7]",1,0.0,-74,83,3,0.122807017543859,157,1
252,"(1,4)",,True,13,"[19, 1, 9, 4, 15]",1,0.0,-76,83,4,0.129629629629629,159,1
253,"(1,4)",,True,13,"[19, 1, 9, 4, 15]",1,0.0,-76,83,4,0.129629629629629,159,1
254,"(1,3)",,True,13,"[2, 1, 3, 12, 14]",1,0.0,-78,83,5,0.170565302144249,161,1
255,"(1,3)",,True,13,"[2, 1, 3, 12, 14]",1,0.0,-78,83,5,0.170565302144249,161,1
256,"(7,1)",,True,14,"[7, 1, 16, 12, 4]",1,0.0,-80,83,5,0.190058479532163,163,1
257,"(7,1)",,True,14,"[7, 1, 16, 12, 4]",1,0.0,-80,83,5,0.190058479532163,163,1
258,"(10,12)",,True,12,"[4, 11, 10, 19, 12]",1,0.0,-82,83,4,0.157894736842105,165,1
259,"(10,12)",,True,12,"[4, 11, 10, 19, 12]",1,0.0,-82,83,4,0.157894736842105,165,1
260,"(6,10)",,True,14,"[6, 10, 17, 9, 4]",1,0.0,-84,83,4,0.19298245614035,167,1
261,"(6,10)",,True,14,"[6, 10, 17, 9, 4]",1,0.0,-84,83,4,0.19298245614035,167,1
262,18:8,assassinate,True,12,"[14, 8, 5, 18, 17]",2,0.046783625730994004,-84,84,4,0.14619883040935602,168,1
263,18:8,assassinate,True,12,"[14, 8, 5, 18, 17]",2,0.046783625730994004,-84,84,4,0.14619883040935602,168,1
264,"(19,7)",,True,14,"[16, 19, 3, 7, 8]",2,0.070175438596491,-86,84,4,0.33333333333333304,170,1
265,"(19,7)",,True,14,"[16, 19, 3, 7, 8]",2,0.070175438596491,-86,84,4,0.33333333333333304,170,1
266,2:4,assassinate,True,14,"[2, 6, 14, 8, 13]",3,0.06432748538011601,-87,84,4,0.228070175438596,171,1
267,2:4,assassinate,True,14,"[2, 6, 14, 8, 13]",3,0.06432748538011601,-87,84,4,0.228070175438596,171,1
268,14:2,assassinate,True,13,"[14, 8, 13, 2, 15]",4,0.122807017543859,-89,84,3,0.18713450292397601,173,1
269,14:2,assassinate,True,13,"[14, 8, 13, 2, 15]",4,0.122807017543859,-89,84,3,0.18713450292397601,173,1
270,"(18,11)",,True,15,"[6, 18, 0, 16, 11]",4,0.14619883040935602,-91,84,3,0.280701754385964,175,1
271,"(18,11)",,True,15,"[6, 18, 0, 16, 11]",4,0.14619883040935602,-91,84,3,0.280701754385964,175,1
272,"(14,18)",,True,16,"[14, 5, 3, 8, 18]",4,0.22222222222222202,-91,85,3,0.29239766081871305,176,1
273,"(14,18)",,True,16,"[14, 5, 3, 8, 18]",4,0.22222222222222202,-91,85,3,0.29239766081871305,176,1
274,"(11,18)",,True,17,"[11, 2, 13, 18, 5]",4,0.22222222222222202,-91,86,3,0.25730994152046704,177,1
275,"(11,18)",,True,17,"[11, 2, 13, 18, 5]",4,0.22222222222222202,-91,86,3,0.25730994152046704,177,1
276,10:8,assassinate,True,15,"[10, 17, 16, 9, 15]",4,0.210526315789473,-89,88,3,0.08479532163742601,177,1
277,10:8,assassinate,True,15,"[10, 17, 16, 9, 15]",4,0.210526315789473,-89,88,3,0.08479532163742601,177,1
278,12:2,assassinate,True,15,"[0, 12, 9, 17, 13]",4,0.20467836257309902,-87,90,3,0.08479532163742601,177,1
279,12:2,assassinate,True,15,"[0, 12, 9, 17, 13]",4,0.20467836257309902,-87,90,3,0.08479532163742601,177,1
280,5:6,assassinate,True,14,"[19, 5, 10, 17, 13]",3,0.046783625730994004,-85,92,3,0.040935672514619006,177,1
281,5:6,assassinate,True,14,"[19, 5, 10, 17, 13]",3,0.046783625730994004,-85,92,3,0.040935672514619006,177,1
282,"(1,2)",,True,16,"[19, 6, 1, 16, 2]",3,0.070175438596491,-85,93,4,0.251461988304093,178,1
283,"(1,2)",,True,16,"[19, 6, 1, 16, 2]",3,0.070175438596491,-85,93,4,0.251461988304093,178,1
284,10:4,assassinate,True,16,"[10, 16, 2, 17, 13]",3,0.19298245614035,-87,93,4,0.26315789473684204,180,1
285,10:4,assassinate,True,16,"[10, 16, 2, 17, 13]",3,0.19298245614035,-87,93,4,0.26315789473684204,180,1
286,3:4,assassinate,True,13,"[14, 16, 3, 2, 13]",2,0.0,-87,94,3,0.026315789473684,181,1
287,3:4,assassinate,True,13,"[14, 16, 3, 2, 13]",2,0.0,-87,94,3,0.026315789473684,181,1
288,"(19,7)",,True,13,"[15, 2, 19, 5, 7]",2,0.0,-89,94,3,0.087719298245614,183,1
289,"(19,7)",,True,13,"[15, 2, 19, 5, 7]",2,0.0,-89,94,3,0.087719298245614,183,1
290,"(3,1)",,True,13,"[3, 13, 7, 5, 1]",2,0.0,-91,94,4,0.09941520467836201,185,1
291,"(3,1)",,True,13,"[3, 13, 7, 5, 1]",2,0.0,-91,94,4,0.09941520467836201,185,1
292,"(15,11)",,True,13,"[3, 0, 18, 15, 11]",2,0.0,-93,94,4,0.09941520467836201,187,1
293,"(15,11)",,True,13,"[3, 0, 18, 15, 11]",2,0.0,-93,94,4,0.09941520467836201,187,1
294,"(7,2)",,True,15,"[11, 19, 7, 2, 5]",2,0.0,-95,94,4,0.20467836257309902,189,1
295,"(7,2)",,True,15,"[11, 19, 7, 2, 5]",2,0.0,-95,94,4,0.20467836257309902,189,1
296,"(14,1)",,True,17,"[11, 14, 0, 2, 1]",2,0.0,-97,94,5,0.19590643274853803,191,1
297,"(14,1)",,True,17,"[11, 14, 0, 2, 1]",2,0.0,-97,94,5,0.19590643274853803,191,1
298,"(7,19)",,True,16,"[0, 5, 7, 19, 8]",2,0.0,-99,94,5,0.15204678362573001,193,1
299,"(7,19)",,True,16,"[0, 5, 7, 19, 8]",2,0.0,-99,94,5,0.15204678362573001,193,1
300,"(3,8)",,True,18,"[0, 3, 8, 18, 17]",2,0.0,-101,94,5,0.16179337231968802,195,1
301,"(3,8)",,True,18,"[0, 3, 8, 18, 17]",2,0.0,-101,94,5,0.16179337231968802,195,1
302,"(15,5)",,True,21,"[16, 18, 15, 11, 5]",2,0.0,-103,94,5,0.317153996101364,197,1
303,"(15,5)",,True,21,"[16, 18, 15, 11, 5]",2,0.0,-103,94,5,0.317153996101364,197,1
304,2:6,assassinate,True,16,"[15, 2, 18, 10, 8]",2,0.0,-105,94,3,0.031189083820662003,199,1
305,2:6,assassinate,True,16,"[15, 2, 18, 10, 8]",2,0.0,-105,94,3,0.031189083820662003,199,1
306,"(2,1)",,True,18,"[14, 2, 7, 10, 1]",2,0.0,-107,94,4,0.08966861598440501,201,1
307,"(2,1)",,True,18,"[14, 2, 7, 10, 1]",2,0.0,-107,94,4,0.08966861598440501,201,1
308,"(5,1)",,True,19,"[5, 14, 17, 1, 0]",2,0.0,-109,94,5,0.30799220272904404,203,1
309,"(5,1)",,True,19,"[5, 14, 17, 1, 0]",2,0.0,-109,94,5,0.30799220272904404,203,1
310,"(15,14)",,True,19,"[13, 0, 15, 14, 7]",2,0.0,-111,94,4,0.16666666666666602,205,1
311,"(15,14)",,True,19,"[13, 0, 15, 14, 7]",2,0.0,-111,94,4,0.16666666666666602,205,1
312,"(19,1)",,True,18,"[19, 5, 2, 1, 4]",2,0.020467836257309,-113,94,3,0.19590643274853803,207,1
313,"(19,1)",,True,18,"[19, 5, 2, 1, 4]",2,0.020467836257309,-113,94,3,0.19590643274853803,207,1
314,"(1,8)",,True,21,"[10, 1, 18, 8, 4]",4,0.225146198830409,-113,95,4,0.251461988304093,208,1
315,"(1,8)",,True,21,"[10, 1, 18, 8, 4]",4,0.225146198830409,-113,95,4,0.251461988304093,208,1
316,4:6,assassinate,True,20,"[4, 17, 16, 19, 7]",3,0.157894736842105,-115,95,4,0.24853801169590603,210,1
317,4:6,assassinate,True,20,"[4, 17, 16, 19, 7]",3,0.157894736842105,-115,95,4,0.24853801169590603,210,1
318,"(6,14)",,True,23,"[2, 13, 18, 6, 14]",3,0.08187134502923901,-117,95,4,0.206140350877192,212,1
319,"(6,14)",,True,23,"[2, 13, 18, 6, 14]",3,0.08187134502923901,-117,95,4,0.206140350877192,212,1
320,"(0,5)",,True,24,"[1, 0, 14, 5, 10]",2,0.023391812865497002,-119,95,4,0.22884990253411303,214,1
321,"(0,5)",,True,24,"[1, 0, 14, 5, 10]",2,0.023391812865497002,-119,95,4,0.22884990253411303,214,1
322,13:12,assassinate,True,20,"[11, 9, 8, 13, 2]",3,0.08479532163742601,-121,95,4,0.284600389863547,216,1
323,13:12,assassinate,True,20,"[11, 9, 8, 13, 2]",3,0.08479532163742601,-121,95,4,0.284600389863547,216,1
324,"(11,1)",,True,19,"[15, 10, 9, 11, 1]",2,0.096491228070175,-121,96,3,0.20808966861598402,217,1
325,"(11,1)",,True,19,"[15, 10, 9, 11, 1]",2,0.096491228070175,-121,96,3,0.20808966861598402,217,1
326,"(16,11)",,True,19,"[16, 17, 13, 0, 11]",2,0.122807017543859,-123,96,2,0.19883040935672502,219,1
327,"(16,11)",,True,19,"[16, 17, 13, 0, 11]",2,0.122807017543859,-123,96,2,0.19883040935672502,219,1
328,6:8,assassinate,True,17,"[12, 6, 10, 15, 0]",2,0.031189083820662003,-121,98,2,0.013645224171539001,219,1
329,6:8,assassinate,True,17,"[12, 6, 10, 15, 0]",2,0.031189083820662003,-121,98,2,0.013645224171539001,219,1
330,7:4,assassinate,True,17,"[18, 10, 6, 7, 15]",1,0.0,-121,99,2,0.032163742690058006,220,1
331,7:4,assassinate,True,17,"[18, 10, 6, 7, 15]",1,0.0,-121,99,2,0.032163742690058006,220,1
332,"(4,1)",,True,20,"[4, 2, 5, 1, 7]",3,0.09317738791423001,-121,100,3,0.145808966861598,221,1
333,"(4,1)",,True,20,"[4, 2, 5, 1, 7]",3,0.09317738791423001,-121,100,3,0.145808966861598,221,1
334,16:6,assassinate,True,19,"[16, 18, 13, 12, 9]",5,0.21345029239766003,-119,102,3,0.100389863547758,221,1
335,16:6,assassinate,True,19,"[16, 18, 13, 12, 9]",5,0.21345029239766003,-119,102,3,0.100389863547758,221,1
336,8:4,assassinate,True,19,"[11, 18, 8, 1, 4]",6,0.249025341130604,-117,104,3,0.091130604288499,221,1
337,8:4,assassinate,True,19,"[11, 18, 8, 1, 4]",6,0.249025341130604,-117,104,3,0.091130604288499,221,1
338,17:4,assassinate,True,19,"[9, 2, 17, 5, 19]",5,0.17300194931773802,-115,106,3,0.08723196881091601,221,1
339,17:4,assassinate,True,19,"[9, 2, 17, 5, 19]",5,0.17300194931773802,-115,106,3,0.08723196881091601,221,1
340,19:4,assassinate,True,17,"[9, 10, 16, 13, 19]",6,0.19590643274853803,-113,108,3,0.070175438596491,221,1
341,19:4,assassinate,True,17,"[9, 10, 16, 13, 19]",6,0.19590643274853803,-113,108,3,0.070175438596491,221,1
342,2:2,assassinate,True,16,"[10, 16, 7, 2, 8]",5,0.228070175438596,-111,110,3,0.070175438596491,221,1
343,2:2,assassinate,True,16,"[10, 16, 7, 2, 8]",5,0.228070175438596,-111,110,3,0.070175438596491,221,1
344,5:6,assassinate,True,15,"[7, 12, 17, 5, 10]",4,0.22222222222222202,-109,112,3,0.07602339181286501,221,1
345,5:6,assassinate,True,15,"[7, 12, 17, 5, 10]",4,0.22222222222222202,-109,112,3,0.07602339181286501,221,1
346,"(1,13)",,True,18,"[10, 2, 1, 13, 11]",4,0.20175438596491202,-107,114,4,0.160818713450292,221,1
347,"(1,13)",,True,18,"[10, 2, 1, 13, 11]",4,0.20175438596491202,-107,114,4,0.160818713450292,221,1
348,14:4,assassinate,True,16,"[16, 5, 14, 3, 8]",4,0.33918128654970703,-105,116,3,0.15204678362573001,221,1
349,14:4,assassinate,True,16,"[16, 5, 14, 3, 8]",4,0.33918128654970703,-105,116,3,0.15204678362573001,221,1
350,"(0,4)",,True,17,"[0, 4, 3, 19, 12]",5,0.39181286549707606,-103,118,3,0.345029239766081,221,1
351,"(0,4)",,True,17,"[0, 4, 3, 19, 12]",5,0.39181286549707606,-103,118,3,0.345029239766081,221,1
352,7:6,assassinate,True,16,"[13, 19, 11, 10, 7]",5,0.39766081871345005,-101,120,3,0.22222222222222202,221,1
353,7:6,assassinate,True,16,"[13, 19, 11, 10, 7]",5,0.39766081871345005,-101,120,3,0.22222222222222202,221,1
354,3:2,assassinate,True,17,"[0, 16, 3, 5, 19]",7,0.43274853801169505,-99,122,3,0.09941520467836201,221,1
355,3:2,assassinate,True,17,"[0, 16, 3, 5, 19]",7,0.43274853801169505,-99,122,3,0.09941520467836201,221,1
356,13:6,assassinate,True,13,"[11, 5, 13, 2, 4]",6,0.31578947368421,-97,124,1,0.0,221,1
357,13:6,assassinate,True,13,"[11, 5, 13, 2, 4]",6,0.31578947368421,-97,124,1,0.0,221,1
358,12:6,assassinate,True,12,"[1, 12, 17, 11, 2]",5,0.19883040935672502,-95,126,1,0.0,221,1
359,12:6,assassinate,True,12,"[1, 12, 17, 11, 2]",5,0.19883040935672502,-95,126,1,0.0,221,1
360,19:6,assassinate,True,11,"[5, 12, 4, 9, 19]",7,0.29239766081871305,-93,128,1,0.0,221,1
361,19:6,assassinate,True,11,"[5, 12, 4, 9, 19]",7,0.29239766081871305,-93,128,1,0.0,221,1
362,"(13,0)",,True,12,"[13, 0, 7, 5, 17]",8,0.35672514619883,-91,130,1,0.0,221,1
363,"(13,0)",,True,12,"[13, 0, 7, 5, 17]",8,0.35672514619883,-91,130,1,0.0,221,1
364,11:6,assassinate,True,11,"[1, 14, 5, 7, 11]",7,0.280701754385964,-89,132,0,-0.001,221,1
365,11:6,assassinate,True,11,"[1, 14, 5, 7, 11]",7,0.280701754385964,-89,132,0,-0.001,221,1
366,3:6,assassinate,True,10,"[19, 5, 8, 3, 7]",6,0.22222222222222202,-87,134,0,-0.001,221,1
367,3:6,assassinate,True,10,"[19, 5, 8, 3, 7]",6,0.22222222222222202,-87,134,0,-0.001,221,1
368,"(0,6)",,True,10,"[5, 18, 9, 0, 6]",5,0.21637426900584703,-85,136,0,-0.001,221,1
369,"(0,6)",,True,10,"[5, 18, 9, 0, 6]",5,0.21637426900584703,-85,136,0,-0.001,221,1
370,19:4,assassinate,True,10,"[19, 18, 6, 3, 13]",5,0.21637426900584703,-83,138,0,-0.001,221,1
371,19:4,assassinate,True,10,"[19, 18, 6, 3, 13]",5,0.21637426900584703,-83,138,0,-0.001,221,1
372,15:6,assassinate,True,8,"[19, 4, 9, 15, 17]",4,0.105263157894736,-81,140,0,-0.001,221,1
373,15:6,assassinate,True,8,"[19, 4, 9, 15, 17]",4,0.105263157894736,-81,140,0,-0.001,221,1
374,11:4,assassinate,True,8,"[8, 14, 5, 4, 11]",4,0.07602339181286501,-79,142,0,-0.001,221,1
375,11:4,assassinate,True,8,"[8, 14, 5, 4, 11]",4,0.07602339181286501,-79,142,0,-0.001,221,1
376,12:2,assassinate,True,9,"[9, 2, 1, 12, 13]",3,0.08187134502923901,-77,144,0,-0.001,221,1
377,12:2,assassinate,True,9,"[9, 2, 1, 12, 13]",3,0.08187134502923901,-77,144,0,-0.001,221,1
378,"(10,0)",,True,10,"[10, 5, 19, 12, 0]",2,0.035087719298245,-75,146,1,0.0,221,1
379,"(10,0)",,True,10,"[10, 5, 19, 12, 0]",2,0.035087719298245,-75,146,1,0.0,221,1
380,4:4,assassinate,True,10,"[4, 5, 12, 10, 11]",2,0.05847953216374201,-73,148,1,0.0,221,1
381,4:4,assassinate,True,10,"[4, 5, 12, 10, 11]",2,0.05847953216374201,-73,148,1,0.0,221,1
382,"(14,17)",,True,13,"[14, 7, 15, 17, 8]",2,0.0,-72,149,1,0.0,221,1
383,"(14,17)",,True,13,"[14, 7, 15, 17, 8]",2,0.0,-72,149,1,0.0,221,1
384,"(19,7)",,True,15,"[19, 7, 12, 17, 15]",2,0.0,-72,149,1,0.0,221,1
385,"(19,7)",,True,15,"[19, 7, 12, 17, 15]",2,0.0,-72,149,1,0.0,221,1
386,"(17,7)",,True,15,"[17, 7, 12, 4, 14]",2,0.0,-70,151,0,-0.001,221,1
387,"(17,7)",,True,15,"[17, 7, 12, 4, 14]",2,0.0,-70,151,0,-0.001,221,1
388,13:2,assassinate,True,16,"[16, 18, 14, 19, 13]",3,0.070175438596491,-68,153,0,-0.001,221,1
389,13:2,assassinate,True,16,"[16, 18, 14, 19, 13]",3,0.070175438596491,-68,153,0,-0.001,221,1
390,17:8,assassinate,True,14,"[8, 11, 7, 17, 13]",2,0.011695906432748001,-66,155,0,-0.001,221,1
391,17:8,assassinate,True,14,"[8, 11, 7, 17, 13]",2,0.011695906432748001,-66,155,0,-0.001,221,1
392,12:2,assassinate,True,15,"[7, 3, 12, 11, 13]",1,0.0,-64,157,0,-0.001,221,1
393,12:2,assassinate,True,15,"[7, 3, 12, 11, 13]",1,0.0,-64,157,0,-0.001,221,1
394,"(19,1)",,True,17,"[19, 1, 15, 12, 5]",1,0.0,-63,158,1,0.0,221,1
395,"(19,1)",,True,17,"[19, 1, 15, 12, 5]",1,0.0,-63,158,1,0.0,221,1
396,17:6,assassinate,True,16,"[12, 2, 15, 17, 10]",3,0.029239766081871003,-61,160,1,0.0,221,1
397,17:6,assassinate,True,16,"[12, 2, 15, 17, 10]",3,0.029239766081871003,-61,160,1,0.0,221,1
398,18:6,assassinate,True,14,"[15, 18, 5, 11, 3]",3,0.029239766081871003,-59,162,1,0.0,221,1
399,18:6,assassinate,True,14,"[15, 18, 5, 11, 3]",3,0.029239766081871003,-59,162,1,0.0,221,1
400,7:8,assassinate,True,12,"[6, 7, 8, 16, 11]",3,0.06432748538011601,-57,164,1,0.0,221,1
401,7:8,assassinate,True,12,"[6, 7, 8, 16, 11]",3,0.06432748538011601,-57,164,1,0.0,221,1
402,14:6,assassinate,True,11,"[19, 14, 16, 15, 2]",2,0.023391812865497002,-55,166,1,0.0,221,1
403,14:6,assassinate,True,11,"[19, 14, 16, 15, 2]",2,0.023391812865497002,-55,166,1,0.0,221,1
404,7:2,assassinate,True,12,"[6, 4, 14, 13, 7]",2,0.052631578947368,-53,168,1,0.0,221,1
405,7:2,assassinate,True,12,"[6, 4, 14, 13, 7]",2,0.052631578947368,-53,168,1,0.0,221,1
406,"(2,4)",,True,14,"[0, 11, 2, 4, 7]",2,0.023391812865497002,-51,170,1,0.0,221,1
407,"(2,4)",,True,14,"[0, 11, 2, 4, 7]",2,0.023391812865497002,-51,170,1,0.0,221,1
408,"(10,14)",,True,16,"[10, 14, 3, 4, 0]",2,0.023391812865497002,-49,172,1,0.0,221,1
409,"(10,14)",,True,16,"[10, 14, 3, 4, 0]",2,0.023391812865497002,-49,172,1,0.0,221,1
410,"(4,18)",,True,17,"[11, 6, 13, 4, 18]",2,0.020467836257309,-47,174,1,0.0,221,1
411,"(4,18)",,True,17,"[11, 6, 13, 4, 18]",2,0.020467836257309,-47,174,1,0.0,221,1
412,"(3,17)",,True,18,"[10, 18, 14, 3, 17]",2,0.011695906432748001,-45,176,1,0.0,221,1
413,"(3,17)",,True,18,"[10, 18, 14, 3, 17]",2,0.011695906432748001,-45,176,1,0.0,221,1
414,"(13,6)",,True,20,"[13, 6, 14, 17, 0]",2,0.011695906432748001,-43,178,1,0.0,221,1
415,"(13,6)",,True,20,"[13, 6, 14, 17, 0]",2,0.011695906432748001,-43,178,1,0.0,221,1
416,12:4,assassinate,True,20,"[4, 12, 18, 13, 3]",1,0.0,-42,179,1,0.0,221,1
417,12:4,assassinate,True,20,"[4, 12, 18, 13, 3]",1,0.0,-42,179,1,0.0,221,1
418,"(7,6)",,True,22,"[7, 6, 4, 2, 10]",1,0.0,-42,179,1,0.0,221,1
419,"(7,6)",,True,22,"[7, 6, 4, 2, 10]",1,0.0,-42,179,1,0.0,221,1
420,"(9,19)",,True,24,"[9, 19, 16, 6, 13]",1,0.0,-42,179,1,0.0,221,1
421,"(9,19)",,True,24,"[9, 19, 16, 6, 13]",1,0.0,-42,179,1,0.0,221,1
422,"(11,12)",,True,26,"[11, 12, 10, 4, 9]",1,0.0,-42,179,1,0.0,221,1
423,"(11,12)",,True,26,"[11, 12, 10, 4, 9]",1,0.0,-42,179,1,0.0,221,1
424,"(4,19)",,True,28,"[4, 19, 2, 9, 6]",1,0.0,-42,179,1,0.0,221,1
425,"(4,19)",,True,28,"[4, 19, 2, 9, 6]",1,0.0,-42,179,1,0.0,221,1
426,5:6,assassinate,True,26,"[9, 5, 10, 19, 3]",0,-0.001,-43,179,1,0.0,222,1
427,5:6,assassinate,True,26,"[9, 5, 10, 19, 3]",0,-0.001,-43,179,1,0.0,222,1
428,"(1,13)",,True,28,"[19, 1, 13, 8, 9]",0,-0.001,-45,179,2,0.040796435533277005,224,1
429,"(1,13)",,True,28,"[19, 1, 13, 8, 9]",0,-0.001,-45,179,2,0.040796435533277005,224,1
430,"(6,5)",,True,31,"[6, 5, 2, 11, 3]",0,-0.001,-47,179,2,0.017265385686438,226,1
431,"(6,5)",,True,31,"[6, 5, 2, 11, 3]",0,-0.001,-47,179,2,0.017265385686438,226,1
432,17:8,assassinate,True,29,"[5, 14, 6, 19, 17]",1,0.0,-47,180,2,0.021164021164021003,227,1
433,17:8,assassinate,True,29,"[5, 14, 6, 19, 17]",1,0.0,-47,180,2,0.021164021164021003,227,1
434,3:8,assassinate,True,27,"[12, 9, 5, 3, 2]",1,0.0,-49,180,2,0.012809802283486,229,1
435,3:8,assassinate,True,27,"[12, 9, 5, 3, 2]",1,0.0,-49,180,2,0.012809802283486,229,1
436,"(16,17)",,True,30,"[16, 0, 8, 7, 17]",1,0.0,-51,180,2,0.012426900584795002,231,1
437,"(16,17)",,True,30,"[16, 0, 8, 7, 17]",1,0.0,-51,180,2,0.012426900584795002,231,1
438,3:2,assassinate,True,31,"[6, 19, 3, 17, 4]",2,0.015107212475633002,-49,182,2,0.014132553606237,231,1
439,3:2,assassinate,True,31,"[6, 19, 3, 17, 4]",2,0.015107212475633002,-49,182,2,0.014132553606237,231,1
440,"(3,1)",,True,32,"[6, 3, 4, 0, 1]",2,0.039717348927875006,-49,183,3,0.11901280980228301,232,1
441,"(3,1)",,True,32,"[6, 3, 4, 0, 1]",2,0.039717348927875006,-49,183,3,0.11901280980228301,232,1
442,"(7,16)",,True,32,"[4, 7, 19, 16, 13]",2,0.039717348927875006,-51,183,2,0.105263157894736,234,1
443,"(7,16)",,True,32,"[4, 7, 19, 16, 13]",2,0.039717348927875006,-51,183,2,0.105263157894736,234,1
444,"(17,1)",,True,34,"[12, 17, 1, 19, 16]",2,0.040529564652371,-53,183,3,0.13625730994152002,236,1
445,"(17,1)",,True,34,"[12, 17, 1, 19, 16]",2,0.040529564652371,-53,183,3,0.13625730994152002,236,1
446,5:4,assassinate,True,34,"[13, 5, 11, 10, 15]",1,0.0,-55,183,3,0.128070175438596,238,1
447,5:4,assassinate,True,34,"[13, 5, 11, 10, 15]",1,0.0,-55,183,3,0.128070175438596,238,1
448,"(13,6)",,True,35,"[13, 6, 18, 11, 14]",1,0.0,-57,183,3,0.105263157894736,240,1
449,"(13,6)",,True,35,"[13, 6, 18, 11, 14]",1,0.0,-57,183,3,0.105263157894736,240,1
450,12:10,assassinate,True,32,"[13, 17, 5, 12, 9]",2,0.0,-59,183,3,0.096491228070175,242,1
451,12:10,assassinate,True,32,"[13, 17, 5, 12, 9]",2,0.0,-59,183,3,0.096491228070175,242,1
452,16:8,assassinate,True,30,"[7, 13, 18, 3, 16]",1,0.0,-61,183,3,0.02033788174139,244,1
453,16:8,assassinate,True,30,"[7, 13, 18, 3, 16]",1,0.0,-61,183,3,0.02033788174139,244,1
454,10:8,assassinate,True,27,"[0, 15, 10, 14, 11]",1,0.0,-63,183,3,0.023350041771094003,246,1
455,10:8,assassinate,True,27,"[0, 15, 10, 14, 11]",1,0.0,-63,183,3,0.023350041771094003,246,1
456,"(9,12)",,True,29,"[6, 9, 2, 7, 12]",1,0.0,-65,183,3,0.020955165692007,248,1
457,"(9,12)",,True,29,"[6, 9, 2, 7, 12]",1,0.0,-65,183,3,0.020955165692007,248,1
458,18:8,assassinate,True,27,"[16, 0, 18, 4, 15]",1,0.0,-67,183,3,0.035087719298245,250,1
459,18:8,assassinate,True,27,"[16, 0, 18, 4, 15]",1,0.0,-67,183,3,0.035087719298245,250,1
460,9:10,assassinate,True,24,"[9, 6, 2, 8, 12]",1,0.0,-69,183,3,0.017543859649122,252,1
461,9:10,assassinate,True,24,"[9, 6, 2, 8, 12]",1,0.0,-69,183,3,0.017543859649122,252,1
462,"(12,1)",,True,27,"[6, 16, 2, 12, 1]",3,0.07719298245614001,-67,185,4,0.07699805068226101,252,1
463,"(12,1)",,True,27,"[6, 16, 2, 12, 1]",3,0.07719298245614001,-67,185,4,0.07699805068226101,252,1
464,"(5,0)",,True,28,"[6, 5, 7, 3, 0]",4,0.164912280701754,-65,187,4,0.08576998050682201,252,1
465,"(5,0)",,True,28,"[6, 5, 7, 3, 0]",4,0.164912280701754,-65,187,4,0.08576998050682201,252,1
466,19:10,assassinate,True,25,"[3, 19, 8, 10, 16]",3,0.14152046783625702,-63,189,3,0.139571150097465,252,1
467,19:10,assassinate,True,25,"[3, 19, 8, 10, 16]",3,0.14152046783625702,-63,189,3,0.139571150097465,252,1
468,"(3,6)",,True,28,"[9, 3, 8, 5, 6]",3,0.127680311890838,-61,191,3,0.067641325536062,252,1
469,"(3,6)",,True,28,"[9, 3, 8, 5, 6]",3,0.127680311890838,-61,191,3,0.067641325536062,252,1
470,"(5,1)",,True,29,"[13, 5, 4, 14, 1]",4,0.22904483430799202,-59,193,4,0.170175438596491,252,1
471,"(5,1)",,True,29,"[13, 5, 4, 14, 1]",4,0.22904483430799202,-59,193,4,0.170175438596491,252,1
472,16:8,assassinate,True,25,"[10, 11, 7, 13, 16]",3,0.18128654970760202,-59,194,4,0.218323586744639,253,1
473,16:8,assassinate,True,25,"[10, 11, 7, 13, 16]",3,0.18128654970760202,-59,194,4,0.218323586744639,253,1
474,4:8,assassinate,True,23,"[16, 3, 14, 17, 4]",3,0.16959064327485301,-59,195,4,0.200779727095516,254,1
475,4:8,assassinate,True,23,"[16, 3, 14, 17, 4]",3,0.16959064327485301,-59,195,4,0.200779727095516,254,1
476,"(19,5)",,True,26,"[8, 12, 19, 6, 5]",5,0.295808966861598,-57,197,4,0.21978557504873203,254,1
477,"(19,5)",,True,26,"[8, 12, 19, 6, 5]",5,0.295808966861598,-57,197,4,0.21978557504873203,254,1
478,16:2,assassinate,True,26,"[12, 13, 16, 14, 18]",4,0.20224171539961003,-55,199,4,0.20224171539961003,254,1
479,16:2,assassinate,True,26,"[12, 13, 16, 14, 18]",4,0.20224171539961003,-55,199,4,0.20224171539961003,254,1
480,"(1,4)",,True,29,"[5, 1, 4, 18, 12]",6,0.349415204678362,-53,201,5,0.272417153996101,254,1
481,"(1,4)",,True,29,"[5, 1, 4, 18, 12]",6,0.349415204678362,-53,201,5,0.272417153996101,254,1
482,8:4,assassinate,True,25,"[4, 3, 6, 5, 8]",6,0.38791423001949304,-51,203,4,0.23489278752436601,254,1
483,8:4,assassinate,True,25,"[4, 3, 6, 5, 8]",6,0.38791423001949304,-51,203,4,0.23489278752436601,254,1
484,"(10,1)",,True,28,"[5, 17, 10, 2, 1]",6,0.334307992202729,-49,205,5,0.17485380116959,254,1
485,"(10,1)",,True,28,"[5, 17, 10, 2, 1]",6,0.334307992202729,-49,205,5,0.17485380116959,254,1
486,2:6,assassinate,True,25,"[14, 2, 9, 5, 0]",6,0.41033138401559405,-47,207,4,0.17641325536062302,254,1
487,2:6,assassinate,True,25,"[14, 2, 9, 5, 0]",6,0.41033138401559405,-47,207,4,0.17641325536062302,254,1
488,"(12,0)",,True,26,"[12, 0, 13, 16, 5]",7,0.34015594541910305,-45,209,4,0.10233918128654901,254,1
489,"(12,0)",,True,26,"[12, 0, 13, 16, 5]",7,0.34015594541910305,-45,209,4,0.10233918128654901,254,1
490,16:4,assassinate,True,26,"[1, 17, 4, 16, 14]",6,0.24074074074074,-43,211,4,0.067251461988304,254,1
491,16:4,assassinate,True,26,"[1, 17, 4, 16, 14]",6,0.24074074074074,-43,211,4,0.067251461988304,254,1
492,8:4,assassinate,True,24,"[5, 8, 12, 4, 13]",6,0.28167641325536,-41,213,3,0.032163742690058006,254,1
493,8:4,assassinate,True,24,"[5, 8, 12, 4, 13]",6,0.28167641325536,-41,213,3,0.032163742690058006,254,1
494,"(0,2)",,True,25,"[14, 0, 2, 12, 16]",5,0.22124756335282603,-39,215,3,0.029239766081871003,254,1
495,"(0,2)",,True,25,"[14, 0, 2, 12, 16]",5,0.22124756335282603,-39,215,3,0.029239766081871003,254,1
496,7:2,assassinate,True,26,"[7, 8, 9, 3, 2]",4,0.167641325536062,-37,217,3,0.029239766081871003,254,1
497,7:2,assassinate,True,26,"[7, 8, 9, 3, 2]",4,0.167641325536062,-37,217,3,0.029239766081871003,254,1
498,4:2,assassinate,True,25,"[1, 4, 18, 5, 16]",3,0.11861598440545801,-35,219,3,0.029239766081871003,254,1
499,4:2,assassinate,True,25,"[1, 4, 18, 5, 16]",3,0.11861598440545801,-35,219,3,0.029239766081871003,254,1
500,14:12,assassinate,True,17,"[9, 14, 16, 0, 4]",2,0.08187134502923901,-33,221,1,0.0,254,1
501,14:12,assassinate,True,17,"[9, 14, 16, 0, 4]",2,0.08187134502923901,-33,221,1,0.0,254,1
502,15:12,assassinate,True,13,"[2, 17, 14, 15, 6]",1,0.0,-32,222,1,0.0,254,1
503,15:12,assassinate,True,13,"[2, 17, 14, 15, 6]",1,0.0,-32,222,1,0.0,254,1
504,"(16,5)",,True,15,"[16, 5, 13, 9, 4]",1,0.0,-32,222,1,0.0,254,1
505,"(16,5)",,True,15,"[16, 5, 13, 9, 4]",1,0.0,-32,222,1,0.0,254,1
506,"(6,8)",,True,15,"[6, 8, 5, 7, 14]",1,0.0,-32,222,1,0.0,254,1
507,"(6,8)",,True,15,"[6, 8, 5, 7, 14]",1,0.0,-32,222,1,0.0,254,1
508,"(4,1)",,True,17,"[4, 12, 2, 14, 1]",1,0.0,-33,222,2,0.07602339181286501,255,1
509,"(4,1)",,True,17,"[4, 12, 2, 14, 1]",1,0.0,-33,222,2,0.07602339181286501,255,1
510,11:8,assassinate,True,15,"[0, 16, 17, 11, 13]",3,0.14619883040935602,-31,224,2,0.07602339181286501,255,1
511,11:8,assassinate,True,15,"[0, 16, 17, 11, 13]",3,0.14619883040935602,-31,224,2,0.07602339181286501,255,1
512,"(16,5)",,True,15,"[16, 15, 11, 0, 5]",3,0.18713450292397601,-29,226,2,0.070175438596491,255,1
513,"(16,5)",,True,15,"[16, 15, 11, 0, 5]",3,0.18713450292397601,-29,226,2,0.070175438596491,255,1
514,8:4,assassinate,True,15,"[0, 7, 10, 8, 11]",3,0.29824561403508704,-27,228,2,0.280701754385964,255,1
515,8:4,assassinate,True,15,"[0, 7, 10, 8, 11]",3,0.29824561403508704,-27,228,2,0.280701754385964,255,1
516,"(9,1)",,True,18,"[6, 15, 9, 1, 0]",3,0.24658869395711502,-25,230,3,0.08674463937621801,255,1
517,"(9,1)",,True,18,"[6, 15, 9, 1, 0]",3,0.24658869395711502,-25,230,3,0.08674463937621801,255,1
518,5:6,assassinate,True,13,"[13, 16, 0, 5, 3]",3,0.15204678362573001,-23,232,1,0.0,255,1
519,5:6,assassinate,True,13,"[13, 16, 0, 5, 3]",3,0.15204678362573001,-23,232,1,0.0,255,1
520,7:6,assassinate,True,12,"[2, 17, 12, 13, 7]",2,0.087719298245614,-21,234,1,0.0,255,1
521,7:6,assassinate,True,12,"[2, 17, 12, 13, 7]",2,0.087719298245614,-21,234,1,0.0,255,1
522,10:4,assassinate,True,12,"[11, 9, 5, 14, 10]",1,0.0,-20,235,1,0.0,255,1
523,10:4,assassinate,True,12,"[11, 9, 5, 14, 10]",1,0.0,-20,235,1,0.0,255,1
524,"(7,17)",,True,14,"[7, 17, 14, 12, 5]",1,0.0,-20,235,1,0.0,255,1
525,"(7,17)",,True,14,"[7, 17, 14, 12, 5]",1,0.0,-20,235,1,0.0,255,1
526,"(16,17)",,True,14,"[16, 17, 5, 7, 0]",1,0.0,-20,235,1,0.0,255,1
527,"(16,17)",,True,14,"[16, 17, 5, 7, 0]",1,0.0,-20,235,1,0.0,255,1
528,"(9,17)",,True,16,"[9, 17, 19, 5, 11]",1,0.0,-20,235,1,0.0,255,1
529,"(9,17)",,True,16,"[9, 17, 19, 5, 11]",1,0.0,-20,235,1,0.0,255,1
530,2:6,assassinate,True,15,"[7, 2, 13, 5, 15]",2,0.08187134502923901,-18,237,1,0.0,255,1
531,2:6,assassinate,True,15,"[7, 2, 13, 5, 15]",2,0.08187134502923901,-18,237,1,0.0,255,1
532,6:4,assassinate,True,15,"[6, 13, 0, 2, 19]",2,0.06432748538011601,-16,239,1,0.0,255,1
533,6:4,assassinate,True,15,"[6, 13, 0, 2, 19]",2,0.06432748538011601,-16,239,1,0.0,255,1
534,"(1,13)",,True,16,"[1, 13, 19, 17, 14]",2,0.09941520467836201,-14,241,2,0.07602339181286501,255,1
535,"(1,13)",,True,16,"[1, 13, 19, 17, 14]",2,0.09941520467836201,-14,241,2,0.07602339181286501,255,1
536,"(10,0)",,True,17,"[10, 0, 3, 11, 2]",1,0.0,-14,242,2,0.40935672514619803,256,1
537,"(10,0)",,True,17,"[10, 0, 3, 11, 2]",1,0.0,-14,242,2,0.40935672514619803,256,1
538,"(7,1)",,True,18,"[13, 7, 0, 1, 14]",2,0.19883040935672502,-14,243,3,0.23976608187134502,257,1
539,"(7,1)",,True,18,"[13, 7, 0, 1, 14]",2,0.19883040935672502,-14,243,3,0.23976608187134502,257,1
540,16:6,assassinate,True,17,"[13, 2, 9, 14, 16]",1,0.0,-14,244,3,0.09941520467836201,258,1
541,16:6,assassinate,True,17,"[13, 2, 9, 14, 16]",1,0.0,-14,244,3,0.09941520467836201,258,1
542,"(6,9)",,True,17,"[15, 6, 0, 9, 5]",1,0.0,-16,244,3,0.105263157894736,260,1
543,"(6,9)",,True,17,"[15, 6, 0, 9, 5]",1,0.0,-16,244,3,0.105263157894736,260,1
544,"(13,15)",,True,20,"[19, 7, 4, 13, 15]",1,0.0,-18,244,3,0.16803118908382,262,1
545,"(13,15)",,True,20,"[19, 7, 4, 13, 15]",1,0.0,-18,244,3,0.16803118908382,262,1
546,"(9,16)",,True,21,"[9, 16, 12, 14, 11]",1,0.0,-20,244,2,0.024366471734892002,264,1
547,"(9,16)",,True,21,"[9, 16, 12, 14, 11]",1,0.0,-20,244,2,0.024366471734892002,264,1
548,"(7,17)",,True,22,"[7, 11, 19, 17, 14]",1,0.0,-22,244,2,0.038011695906432004,266,1
549,"(7,17)",,True,22,"[7, 11, 19, 17, 14]",1,0.0,-22,244,2,0.038011695906432004,266,1
550,"(5,1)",,True,23,"[0, 5, 19, 7, 1]",1,0.0,-24,244,3,0.11988304093567201,268,1
551,"(5,1)",,True,23,"[0, 5, 19, 7, 1]",1,0.0,-24,244,3,0.11988304093567201,268,1
552,"(1,12)",,True,26,"[10, 4, 1, 19, 12]",1,0.0,-26,244,4,0.11988304093567201,270,1
553,"(1,12)",,True,26,"[10, 4, 1, 19, 12]",1,0.0,-26,244,4,0.11988304093567201,270,1
554,"(16,12)",,True,29,"[16, 13, 0, 6, 12]",1,0.0,-28,244,4,0.11851851851851801,272,1
555,"(16,12)",,True,29,"[16, 13, 0, 6, 12]",1,0.0,-28,244,4,0.11851851851851801,272,1
556,"(9,1)",,True,32,"[15, 13, 9, 8, 1]",3,0.07982456140350801,-28,245,5,0.13937621832358602,273,1
557,"(9,1)",,True,32,"[15, 13, 9, 8, 1]",3,0.07982456140350801,-28,245,5,0.13937621832358602,273,1
558,"(19,0)",,True,31,"[10, 19, 0, 12, 2]",3,0.078654970760233,-28,246,5,0.202339181286549,274,1
559,"(19,0)",,True,31,"[10, 19, 0, 12, 2]",3,0.078654970760233,-28,246,5,0.202339181286549,274,1
560,"(7,2)",,True,32,"[4, 8, 17, 7, 2]",3,0.07690058479532101,-30,246,4,0.100389863547758,276,1
561,"(7,2)",,True,32,"[4, 8, 17, 7, 2]",3,0.07690058479532101,-30,246,4,0.100389863547758,276,1
562,"(8,19)",,True,34,"[8, 19, 14, 10, 17]",3,0.060428849902534006,-32,246,4,0.09137426900584701,278,1
563,"(8,19)",,True,34,"[8, 19, 14, 10, 17]",3,0.060428849902534006,-32,246,4,0.09137426900584701,278,1
564,"(9,4)",,True,37,"[10, 15, 9, 13, 4]",3,0.040350877192982006,-34,246,4,0.05901559454191001,280,1
565,"(9,4)",,True,37,"[10, 15, 9, 13, 4]",3,0.040350877192982006,-34,246,4,0.05901559454191001,280,1
566,"(19,7)",,True,40,"[8, 4, 14, 19, 7]",5,0.090155945419103,-32,248,4,0.053849902534113,280,1
567,"(19,7)",,True,40,"[8, 4, 14, 19, 7]",5,0.090155945419103,-32,248,4,0.053849902534113,280,1
568,"(16,7)",,True,39,"[16, 7, 8, 13, 11]",5,0.101559454191033,-30,250,2,0.006042884990253,280,1
569,"(16,7)",,True,39,"[16, 7, 8, 13, 11]",5,0.101559454191033,-30,250,2,0.006042884990253,280,1
570,8:6,assassinate,True,37,"[8, 4, 7, 0, 13]",5,0.10095609393855001,-28,252,2,0.006042884990253,280,1
571,8:6,assassinate,True,37,"[8, 4, 7, 0, 13]",5,0.10095609393855001,-28,252,2,0.006042884990253,280,1
572,"(6,1)",,True,38,"[6, 17, 1, 18, 15]",5,0.090852130325814,-26,254,2,0.011208576998050002,280,1
573,"(6,1)",,True,38,"[6, 17, 1, 18, 15]",5,0.090852130325814,-26,254,2,0.011208576998050002,280,1
574,3:10,assassinate,True,35,"[4, 12, 7, 3, 16]",6,0.18490671122250002,-24,256,2,0.013645224171539001,280,1
575,3:10,assassinate,True,35,"[4, 12, 7, 3, 16]",6,0.18490671122250002,-24,256,2,0.013645224171539001,280,1
576,2:2,assassinate,True,34,"[2, 11, 14, 19, 1]",6,0.158096630465051,-22,258,2,0.011695906432748001,280,1
577,2:2,assassinate,True,34,"[2, 11, 14, 19, 1]",6,0.158096630465051,-22,258,2,0.011695906432748001,280,1
578,"(7,0)",,True,33,"[3, 13, 18, 7, 0]",6,0.27360066833751,-20,260,1,0.0,280,1
579,"(7,0)",,True,33,"[3, 13, 18, 7, 0]",6,0.27360066833751,-20,260,1,0.0,280,1
580,8:2,assassinate,True,34,"[8, 9, 18, 15, 6]",7,0.302582846003898,-18,262,1,0.0,280,1
581,8:2,assassinate,True,34,"[8, 9, 18, 15, 6]",7,0.302582846003898,-18,262,1,0.0,280,1
582,12:6,assassinate,True,29,"[11, 5, 12, 14, 2]",6,0.192216652742968,-16,264,0,-0.001,280,1
583,12:6,assassinate,True,29,"[11, 5, 12, 14, 2]",6,0.192216652742968,-16,264,0,-0.001,280,1
584,3:2,assassinate,True,28,"[16, 15, 3, 18, 12]",5,0.104497354497354,-14,266,0,-0.001,280,1
585,3:2,assassinate,True,28,"[16, 15, 3, 18, 12]",5,0.104497354497354,-14,266,0,-0.001,280,1
586,7:16,assassinate,True,22,"[16, 10, 4, 7, 6]",6,0.24463937621832302,-12,268,0,-0.001,280,1
587,7:16,assassinate,True,22,"[16, 10, 4, 7, 6]",6,0.24463937621832302,-12,268,0,-0.001,280,1
588,2:2,assassinate,True,23,"[2, 14, 7, 5, 12]",7,0.266715399610136,-10,270,0,-0.001,280,1
589,2:2,assassinate,True,23,"[2, 14, 7, 5, 12]",7,0.266715399610136,-10,270,0,-0.001,280,1
590,7:4,assassinate,True,21,"[13, 5, 11, 7, 0]",6,0.196052631578947,-8,272,0,-0.001,280,1
591,7:4,assassinate,True,21,"[13, 5, 11, 7, 0]",6,0.196052631578947,-8,272,0,-0.001,280,1
592,13:4,assassinate,True,19,"[13, 4, 10, 18, 15]",5,0.170565302144249,-6,274,0,-0.001,280,1
593,13:4,assassinate,True,19,"[13, 4, 10, 18, 15]",5,0.170565302144249,-6,274,0,-0.001,280,1
594,"(5,6)",,True,22,"[15, 8, 1, 5, 6]",7,0.301559454191033,-4,276,0,-0.001,280,1
595,"(5,6)",,True,22,"[15, 8, 1, 5, 6]",7,0.301559454191033,-4,276,0,-0.001,280,1
596,13:2,assassinate,True,20,"[8, 6, 13, 16, 10]",6,0.27826510721247505,-2,278,0,-0.001,280,1
597,13:2,assassinate,True,20,"[8, 6, 13, 16, 10]",6,0.27826510721247505,-2,278,0,-0.001,280,1
598,"(0,12)",,True,18,"[8, 0, 12, 1, 19]",5,0.16130604288499,0,280,0,-0.001,280,1
599,"(0,12)",,True,18,"[8, 0, 12, 1, 19]",5,0.16130604288499,0,280,0,-0.001,280,1
600,10:4,assassinate,True,17,"[6, 10, 8, 17, 0]",5,0.20857699805068203,2,282,0,-0.001,280,1
601,10:4,assassinate,True,17,"[6, 10, 8, 17, 0]",5,0.20857699805068203,2,282,0,-0.001,280,1
602,19:10,assassinate,True,14,"[19, 18, 8, 7, 0]",4,0.24366471734892703,4,284,0,-0.001,280,1
603,19:10,assassinate,True,14,"[19, 18, 8, 7, 0]",4,0.24366471734892703,4,284,0,-0.001,280,1
604,"(12,17)",,True,16,"[12, 0, 19, 9, 17]",4,0.19395711500974602,6,286,0,-0.001,280,1
605,"(12,17)",,True,16,"[12, 0, 19, 9, 17]",4,0.19395711500974602,6,286,0,-0.001,280,1
606,"(6,13)",,True,18,"[19, 2, 6, 10, 13]",4,0.10428849902534101,8,288,0,-0.001,280,1
607,"(6,13)",,True,18,"[19, 2, 6, 10, 13]",4,0.10428849902534101,8,288,0,-0.001,280,1
608,"(0,3)",,True,17,"[13, 9, 0, 3, 16]",3,0.09356725146198801,10,290,0,-0.001,280,1
609,"(0,3)",,True,17,"[13, 9, 0, 3, 16]",3,0.09356725146198801,10,290,0,-0.001,280,1
610,"(17,13)",,True,20,"[5, 17, 13, 10, 6]",5,0.212475633528265,12,292,1,0.0,280,1
611,"(17,13)",,True,20,"[5, 17, 13, 10, 6]",5,0.212475633528265,12,292,1,0.0,280,1
612,11:6,assassinate,True,19,"[11, 5, 6, 10, 4]",4,0.20857699805068203,14,294,1,0.0,280,1
613,11:6,assassinate,True,19,"[11, 5, 6, 10, 4]",4,0.20857699805068203,14,294,1,0.0,280,1
614,14:4,assassinate,True,19,"[0, 17, 14, 7, 11]",4,0.18401559454191002,16,296,1,0.0,280,1
615,14:4,assassinate,True,19,"[0, 17, 14, 7, 11]",4,0.18401559454191002,16,296,1,0.0,280,1
616,7:2,assassinate,True,20,"[5, 12, 7, 10, 17]",4,0.187914230019493,18,298,1,0.0,280,1
617,7:2,assassinate,True,20,"[5, 12, 7, 10, 17]",4,0.187914230019493,18,298,1,0.0,280,1
618,19:4,assassinate,True,18,"[2, 19, 4, 6, 5]",3,0.140350877192982,20,300,1,0.0,280,1
619,19:4,assassinate,True,18,"[2, 19, 4, 6, 5]",3,0.140350877192982,20,300,1,0.0,280,1
620,18:6,assassinate,True,17,"[15, 17, 16, 18, 12]",2,0.070175438596491,22,302,1,0.0,280,1
621,18:6,assassinate,True,17,"[15, 17, 16, 18, 12]",2,0.070175438596491,22,302,1,0.0,280,1
622,9:10,assassinate,True,13,"[16, 17, 9, 2, 8]",1,0.0,23,303,1,0.0,280,1
623,9:10,assassinate,True,13,"[16, 17, 9, 2, 8]",1,0.0,23,303,1,0.0,280,1
624,"(5,15)",,True,15,"[5, 15, 8, 12, 18]",1,0.0,23,303,1,0.0,280,1
625,"(5,15)",,True,15,"[5, 15, 8, 12, 18]",1,0.0,23,303,1,0.0,280,1
626,"(17,7)",,True,17,"[17, 7, 12, 16, 13]",1,0.0,23,303,1,0.0,280,1
627,"(17,7)",,True,17,"[17, 7, 12, 16, 13]",1,0.0,23,303,1,0.0,280,1
628,"(9,11)",,True,19,"[9, 11, 4, 13, 18]",1,0.0,23,303,1,0.0,280,1
629,"(9,11)",,True,19,"[9, 11, 4, 13, 18]",1,0.0,23,303,1,0.0,280,1
630,5:8,assassinate,True,17,"[8, 15, 13, 2, 5]",3,0.11111111111111101,25,305,1,0.0,280,1
631,5:8,assassinate,True,17,"[8, 15, 13, 2, 5]",3,0.11111111111111101,25,305,1,0.0,280,1
632,10:8,assassinate,True,15,"[1, 3, 12, 14, 10]",4,0.087719298245614,27,307,1,0.0,280,1
633,10:8,assassinate,True,15,"[1, 3, 12, 14, 10]",4,0.087719298245614,27,307,1,0.0,280,1
634,5:4,assassinate,True,15,"[10, 12, 5, 14, 7]",3,0.06432748538011601,29,309,1,0.0,280,1
635,5:4,assassinate,True,15,"[10, 12, 5, 14, 7]",3,0.06432748538011601,29,309,1,0.0,280,1
636,13:6,assassinate,True,14,"[0, 13, 16, 6, 19]",3,0.134502923976608,31,311,1,0.0,280,1
637,13:6,assassinate,True,14,"[0, 13, 16, 6, 19]",3,0.134502923976608,31,311,1,0.0,280,1
638,2:6,assassinate,True,13,"[10, 2, 3, 16, 15]",3,0.087719298245614,33,313,1,0.0,280,1
639,2:6,assassinate,True,13,"[10, 2, 3, 16, 15]",3,0.087719298245614,33,313,1,0.0,280,1
640,"(11,16)",,True,16,"[18, 11, 16, 6, 7]",5,0.20175438596491202,35,315,1,0.0,280,1
641,"(11,16)",,True,16,"[18, 11, 16, 6, 7]",5,0.20175438596491202,35,315,1,0.0,280,1
642,9:4,assassinate,True,16,"[19, 14, 9, 8, 15]",4,0.207602339181286,37,317,1,0.0,280,1
643,9:4,assassinate,True,16,"[19, 14, 9, 8, 15]",4,0.207602339181286,37,317,1,0.0,280,1
644,"(9,7)",,True,19,"[2, 9, 7, 11, 6]",4,0.228070175438596,39,319,1,0.0,280,1
645,"(9,7)",,True,19,"[2, 9, 7, 11, 6]",4,0.228070175438596,39,319,1,0.0,280,1
646,"(16,8)",,True,20,"[11, 7, 16, 8, 17]",4,0.24366471734892703,41,321,1,0.0,280,1
647,"(16,8)",,True,20,"[11, 7, 16, 8, 17]",4,0.24366471734892703,41,321,1,0.0,280,1
648,18:4,assassinate,True,20,"[19, 2, 4, 18, 9]",5,0.26705653021442405,43,323,1,0.0,280,1
649,18:4,assassinate,True,20,"[19, 2, 4, 18, 9]",5,0.26705653021442405,43,323,1,0.0,280,1
650,8:6,assassinate,True,17,"[8, 18, 12, 15, 1]",5,0.269005847953216,45,325,1,0.0,280,1
651,8:6,assassinate,True,17,"[8, 18, 12, 15, 1]",5,0.269005847953216,45,325,1,0.0,280,1
652,15:4,assassinate,True,17,"[10, 18, 1, 4, 15]",5,0.269005847953216,47,327,1,0.0,280,1
653,15:4,assassinate,True,17,"[10, 18, 1, 4, 15]",5,0.269005847953216,47,327,1,0.0,280,1
654,19:2,assassinate,True,18,"[8, 19, 4, 11, 14]",7,0.312865497076023,49,329,1,0.0,280,1
655,19:2,assassinate,True,18,"[8, 19, 4, 11, 14]",7,0.312865497076023,49,329,1,0.0,280,1
656,2:4,assassinate,True,18,"[2, 4, 12, 17, 15]",7,0.312865497076023,51,331,1,0.0,280,1
657,2:4,assassinate,True,18,"[2, 4, 12, 17, 15]",7,0.312865497076023,51,331,1,0.0,280,1
658,12:8,assassinate,True,16,"[5, 0, 12, 4, 1]",7,0.30116959064327403,53,333,1,0.0,280,1
659,12:8,assassinate,True,16,"[5, 0, 12, 4, 1]",7,0.30116959064327403,53,333,1,0.0,280,1
660,10:4,assassinate,True,16,"[13, 10, 14, 0, 12]",6,0.29239766081871305,55,335,1,0.0,280,1
661,10:4,assassinate,True,16,"[13, 10, 14, 0, 12]",6,0.29239766081871305,55,335,1,0.0,280,1
662,"(1,0)",,True,17,"[1, 0, 10, 18, 3]",5,0.26315789473684204,57,337,0,-0.001,280,1
663,"(1,0)",,True,17,"[1, 0, 10, 18, 3]",5,0.26315789473684204,57,337,0,-0.001,280,1
664,9:12,assassinate,True,13,"[9, 10, 1, 3, 8]",6,0.19883040935672502,59,339,0,-0.001,280,1
665,9:12,assassinate,True,13,"[9, 10, 1, 3, 8]",6,0.19883040935672502,59,339,0,-0.001,280,1
666,13:4,assassinate,True,13,"[13, 2, 6, 9, 3]",5,0.18713450292397601,61,341,0,-0.001,280,1
667,13:4,assassinate,True,13,"[13, 2, 6, 9, 3]",5,0.18713450292397601,61,341,0,-0.001,280,1
668,"(5,0)",,True,14,"[19, 8, 5, 0, 17]",4,0.134502923976608,63,343,0,-0.001,280,1
669,"(5,0)",,True,14,"[19, 8, 5, 0, 17]",4,0.134502923976608,63,343,0,-0.001,280,1
670,17:8,assassinate,True,11,"[17, 7, 9, 8, 6]",3,0.157894736842105,65,345,0,-0.001,280,1
671,17:8,assassinate,True,11,"[17, 7, 9, 8, 6]",3,0.157894736842105,65,345,0,-0.001,280,1
672,"(0,10)",,True,12,"[0, 13, 11, 12, 10]",2,0.035087719298245,67,347,0,-0.001,280,1
673,"(0,10)",,True,12,"[0, 13, 11, 12, 10]",2,0.035087719298245,67,347,0,-0.001,280,1
674,5:6,assassinate,True,11,"[17, 12, 19, 2, 5]",2,0.040935672514619006,69,349,0,-0.001,280,1
675,5:6,assassinate,True,11,"[17, 12, 19, 2, 5]",2,0.040935672514619006,69,349,0,-0.001,280,1
676,16:4,assassinate,True,11,"[5, 11, 16, 12, 2]",2,0.029239766081871003,71,351,0,-0.001,280,1
677,16:4,assassinate,True,11,"[5, 11, 16, 12, 2]",2,0.029239766081871003,71,351,0,-0.001,280,1
678,3:8,assassinate,True,9,"[3, 8, 11, 7, 17]",1,0.0,73,353,0,-0.001,280,1
679,3:8,assassinate,True,9,"[3, 8, 11, 7, 17]",1,0.0,73,353,0,-0.001,280,1
680,15:2,assassinate,True,9,"[15, 19, 12, 5, 3]",0,-0.001,74,354,0,-0.001,280,1
681,15:2,assassinate,True,9,"[15, 19, 12, 5, 3]",0,-0.001,74,354,0,-0.001,280,1
682,"(0,18)",,True,10,"[8, 15, 1, 0, 18]",1,0.0,76,356,0,-0.001,280,1
683,"(0,18)",,True,10,"[8, 15, 1, 0, 18]",1,0.0,76,356,0,-0.001,280,1
684,14:6,assassinate,True,9,"[14, 2, 10, 18, 15]",2,0.023391812865497002,78,358,1,0.0,280,1
685,14:6,assassinate,True,9,"[14, 2, 10, 18, 15]",2,0.023391812865497002,78,358,1,0.0,280,1
686,4:6,assassinate,True,7,"[17, 4, 6, 3, 2]",1,0.0,79,359,1,0.0,280,1
687,4:6,assassinate,True,7,"[17, 4, 6, 3, 2]",1,0.0,79,359,1,0.0,280,1
688,"(19,1)",,True,9,"[19, 15, 10, 1, 2]",1,0.0,78,359,2,0.029239766081871003,281,1
689,"(19,1)",,True,9,"[19, 15, 10, 1, 2]",1,0.0,78,359,2,0.029239766081871003,281,1
690,"(11,4)",,True,11,"[14, 9, 11, 16, 4]",1,0.0,76,359,2,0.046783625730994004,283,1
691,"(11,4)",,True,11,"[14, 9, 11, 16, 4]",1,0.0,76,359,2,0.046783625730994004,283,1
692,"(8,15)",,True,11,"[8, 15, 6, 9, 17]",1,0.0,74,359,2,0.052631578947368,285,1
693,"(8,15)",,True,11,"[8, 15, 6, 9, 17]",1,0.0,74,359,2,0.052631578947368,285,1
694,"(15,3)",,True,13,"[9, 15, 17, 5, 3]",1,0.0,72,359,2,0.070175438596491,287,1
695,"(15,3)",,True,13,"[9, 15, 17, 5, 3]",1,0.0,72,359,2,0.070175438596491,287,1
696,"(15,16)",,True,15,"[15, 16, 19, 18, 14]",1,0.0,70,359,2,0.07602339181286501,289,1
697,"(15,16)",,True,15,"[15, 16, 19, 18, 14]",1,0.0,70,359,2,0.07602339181286501,289,1
698,"(14,17)",,True,17,"[14, 15, 13, 0, 17]",1,0.0,68,359,2,0.08187134502923901,291,1
699,"(14,17)",,True,17,"[14, 15, 13, 0, 17]",1,0.0,68,359,2,0.08187134502923901,291,1
700,"(15,2)",,True,20,"[15, 16, 2, 17, 0]",3,0.114035087719298,70,361,2,0.012670565302144,291,1
701,"(15,2)",,True,20,"[15, 16, 2, 17, 0]",3,0.114035087719298,70,361,2,0.012670565302144,291,1
702,"(18,2)",,True,22,"[5, 6, 18, 2, 16]",3,0.12231968810916101,72,363,2,0.012670565302144,291,1
703,"(18,2)",,True,22,"[5, 6, 18, 2, 16]",3,0.12231968810916101,72,363,2,0.012670565302144,291,1
704,"(3,0)",,True,23,"[2, 4, 3, 0, 16]",2,0.014619883040935,72,364,2,0.019005847953216002,292,1
705,"(3,0)",,True,23,"[2, 4, 3, 0, 16]",2,0.014619883040935,72,364,2,0.019005847953216002,292,1
706,11:12,assassinate,True,19,"[0, 19, 6, 11, 12]",3,0.07309941520467801,74,366,2,0.0,292,1
707,11:12,assassinate,True,19,"[0, 19, 6, 11, 12]",3,0.07309941520467801,74,366,2,0.0,292,1
708,"(19,8)",,True,22,"[9, 19, 8, 10, 11]",3,0.04337231968810901,76,368,2,0.0,292,1
709,"(19,8)",,True,22,"[9, 19, 8, 10, 11]",3,0.04337231968810901,76,368,2,0.0,292,1
710,"(6,0)",,True,23,"[5, 6, 0, 19, 12]",4,0.131091617933723,78,370,2,0.0,292,1
711,"(6,0)",,True,23,"[5, 6, 0, 19, 12]",4,0.131091617933723,78,370,2,0.0,292,1
712,15:16,assassinate,True,13,"[2, 8, 11, 16, 15]",3,0.052631578947368,80,372,2,0.0,292,1
713,15:16,assassinate,True,13,"[2, 8, 11, 16, 15]",3,0.052631578947368,80,372,2,0.0,292,1
714,"(1,4)",,True,16,"[1, 16, 4, 19, 8]",3,0.07602339181286501,80,373,3,0.175438596491228,293,1
715,"(1,4)",,True,16,"[1, 16, 4, 19, 8]",3,0.07602339181286501,80,373,3,0.175438596491228,293,1
716,"(14,2)",,True,17,"[5, 14, 2, 18, 0]",3,0.07602339181286501,80,374,3,0.087719298245614,294,1
717,"(14,2)",,True,17,"[5, 14, 2, 18, 0]",3,0.07602339181286501,80,374,3,0.087719298245614,294,1
718,"(2,1)",,True,18,"[11, 6, 19, 2, 1]",3,0.08187134502923901,80,375,4,0.23391812865497003,295,1
719,"(2,1)",,True,18,"[11, 6, 19, 2, 1]",3,0.08187134502923901,80,375,4,0.23391812865497003,295,1
720,8:8,assassinate,True,16,"[12, 2, 5, 11, 8]",3,0.140350877192982,78,375,4,0.280701754385964,297,1
721,8:8,assassinate,True,16,"[12, 2, 5, 11, 8]",3,0.140350877192982,78,375,4,0.280701754385964,297,1
722,9:4,assassinate,True,16,"[6, 18, 17, 16, 9]",4,0.10331384015594501,78,376,4,0.11306042884990201,298,1
723,9:4,assassinate,True,16,"[6, 18, 17, 16, 9]",4,0.10331384015594501,78,376,4,0.11306042884990201,298,1
724,"(11,1)",,True,19,"[15, 11, 1, 9, 5]",6,0.225146198830409,80,378,5,0.19298245614035,298,1
725,"(11,1)",,True,19,"[15, 11, 1, 9, 5]",6,0.225146198830409,80,378,5,0.19298245614035,298,1
726,5:2,assassinate,True,20,"[14, 5, 12, 7, 10]",5,0.29532163742690004,82,380,5,0.210526315789473,298,1
727,5:2,assassinate,True,20,"[14, 5, 12, 7, 10]",5,0.29532163742690004,82,380,5,0.210526315789473,298,1
728,"(1,6)",,True,23,"[2, 13, 1, 12, 6]",7,0.29824561403508704,84,382,6,0.26608187134502903,298,1
729,"(1,6)",,True,23,"[2, 13, 1, 12, 6]",7,0.29824561403508704,84,382,6,0.26608187134502903,298,1
730,9:2,assassinate,True,24,"[16, 12, 19, 9, 14]",6,0.185185185185185,86,384,6,0.148148148148148,298,1
731,9:2,assassinate,True,24,"[16, 12, 19, 9, 14]",6,0.185185185185185,86,384,6,0.148148148148148,298,1
732,8:4,assassinate,True,22,"[10, 9, 13, 12, 8]",5,0.10428849902534101,86,385,6,0.11598440545808901,299,1
733,8:4,assassinate,True,22,"[10, 9, 13, 12, 8]",5,0.10428849902534101,86,385,6,0.11598440545808901,299,1
734,"(11,3)",,True,25,"[18, 11, 3, 15, 8]",7,0.273879142300194,88,387,6,0.14424951267056502,299,1
735,"(11,3)",,True,25,"[18, 11, 3, 15, 8]",7,0.273879142300194,88,387,6,0.14424951267056502,299,1
736,"(11,0)",,True,22,"[1, 10, 11, 14, 0]",6,0.307017543859649,90,389,4,0.11695906432748501,299,1
737,"(11,0)",,True,22,"[1, 10, 11, 14, 0]",6,0.307017543859649,90,389,4,0.11695906432748501,299,1
738,13:4,assassinate,True,18,"[15, 13, 19, 12, 11]",5,0.40350877192982404,92,391,4,0.321637426900584,299,1
739,13:4,assassinate,True,18,"[15, 13, 19, 12, 11]",5,0.40350877192982404,92,391,4,0.321637426900584,299,1
740,"(2,0)",,True,19,"[2, 17, 3, 0, 11]",4,0.485380116959064,94,393,4,0.40935672514619803,299,1
741,"(2,0)",,True,19,"[2, 17, 3, 0, 11]",4,0.485380116959064,94,393,4,0.40935672514619803,299,1
742,"(12,0)",,True,18,"[12, 19, 17, 5, 0]",3,0.37426900584795303,94,394,3,0.385964912280701,300,1
743,"(12,0)",,True,18,"[12, 19, 17, 5, 0]",3,0.37426900584795303,94,394,3,0.385964912280701,300,1
744,19:6,assassinate,True,15,"[10, 9, 19, 14, 13]",2,0.070175438596491,96,396,2,0.05847953216374201,300,1
745,19:6,assassinate,True,15,"[10, 9, 19, 14, 13]",2,0.070175438596491,96,396,2,0.05847953216374201,300,1
746,14:6,assassinate,True,14,"[11, 14, 13, 5, 19]",2,0.07602339181286501,96,397,2,0.140350877192982,301,1
747,14:6,assassinate,True,14,"[11, 14, 13, 5, 19]",2,0.07602339181286501,96,397,2,0.140350877192982,301,1
748,"(5,0)",,True,14,"[5, 15, 8, 19, 0]",1,0.0,94,397,2,0.12865497076023302,303,1
749,"(5,0)",,True,14,"[5, 15, 8, 19, 0]",1,0.0,94,397,2,0.12865497076023302,303,1
750,"(7,1)",,True,17,"[17, 7, 1, 5, 6]",1,0.0,92,397,3,0.118908382066276,305,1
751,"(7,1)",,True,17,"[17, 7, 1, 5, 6]",1,0.0,92,397,3,0.118908382066276,305,1
752,"(5,8)",,True,20,"[5, 9, 10, 0, 8]",1,0.0,90,397,3,0.101364522417154,307,1
753,"(5,8)",,True,20,"[5, 9, 10, 0, 8]",1,0.0,90,397,3,0.101364522417154,307,1
754,"(18,16)",,True,21,"[18, 10, 5, 16, 17]",1,0.0,88,397,3,0.055068226120857,309,1
755,"(18,16)",,True,21,"[18, 10, 5, 16, 17]",1,0.0,88,397,3,0.055068226120857,309,1
756,"(18,1)",,True,23,"[18, 5, 1, 15, 8]",1,0.0,86,397,4,0.14083820662768,311,1
757,"(18,1)",,True,23,"[18, 5, 1, 15, 8]",1,0.0,86,397,4,0.14083820662768,311,1
758,"(7,5)",,True,26,"[12, 7, 5, 18, 15]",1,0.0,84,397,4,0.12524366471734802,313,1
759,"(7,5)",,True,26,"[12, 7, 5, 18, 15]",1,0.0,84,397,4,0.12524366471734802,313,1
760,"(2,6)",,True,25,"[2, 16, 4, 6, 5]",1,0.0,82,397,3,0.042397660818713004,315,1
761,"(2,6)",,True,25,"[2, 16, 4, 6, 5]",1,0.0,82,397,3,0.042397660818713004,315,1
762,16:8,assassinate,True,23,"[16, 18, 13, 15, 5]",2,0.087719298245614,84,399,3,0.08479532163742601,315,1
763,16:8,assassinate,True,23,"[16, 18, 13, 15, 5]",2,0.087719298245614,84,399,3,0.08479532163742601,315,1
764,"(1,16)",,True,26,"[5, 15, 13, 1, 16]",2,0.09941520467836201,84,400,4,0.16666666666666602,316,1
765,"(1,16)",,True,26,"[5, 15, 13, 1, 16]",2,0.09941520467836201,84,400,4,0.16666666666666602,316,1
766,8:6,assassinate,True,24,"[18, 2, 16, 8, 3]",1,0.0,82,400,4,0.10233918128654901,318,1
767,8:6,assassinate,True,24,"[18, 2, 16, 8, 3]",1,0.0,82,400,4,0.10233918128654901,318,1
768,"(1,4)",,True,26,"[1, 4, 6, 11, 13]",1,0.0,80,400,5,0.137426900584795,320,1
769,"(1,4)",,True,26,"[1, 4, 6, 11, 13]",1,0.0,80,400,5,0.137426900584795,320,1
770,"(18,17)",,True,29,"[18, 17, 9, 5, 7]",1,0.0,78,400,5,0.142300194931773,322,1
771,"(18,17)",,True,29,"[18, 17, 9, 5, 7]",1,0.0,78,400,5,0.142300194931773,322,1
772,"(14,2)",,True,28,"[6, 14, 2, 9, 0]",1,0.0,76,400,4,0.09356725146198801,324,1
773,"(14,2)",,True,28,"[6, 14, 2, 9, 0]",1,0.0,76,400,4,0.09356725146198801,324,1
774,"(1,13)",,True,31,"[6, 1, 7, 13, 10]",2,0.19883040935672502,78,402,5,0.180311890838206,324,1
775,"(1,13)",,True,31,"[6, 1, 7, 13, 10]",2,0.19883040935672502,78,402,5,0.180311890838206,324,1
776,3:16,assassinate,True,25,"[3, 14, 11, 1, 16]",2,0.18713450292397601,78,403,5,0.279239766081871,325,1
777,3:16,assassinate,True,25,"[3, 14, 11, 1, 16]",2,0.18713450292397601,78,403,5,0.279239766081871,325,1
778,"(17,13)",,True,28,"[9, 8, 17, 13, 15]",2,0.047758284600389,76,403,5,0.25027847396268404,327,1
779,"(17,13)",,True,28,"[9, 8, 17, 13, 15]",2,0.047758284600389,76,403,5,0.25027847396268404,327,1
780,10:10,assassinate,True,21,"[10, 14, 19, 11, 3]",2,0.083820662768031,76,404,3,0.154970760233918,328,1
781,10:10,assassinate,True,21,"[10, 14, 19, 11, 3]",2,0.083820662768031,76,404,3,0.154970760233918,328,1
782,"(1,17)",,True,24,"[9, 3, 1, 17, 5]",2,0.035087719298245,74,404,4,0.18762183235867402,330,1
783,"(1,17)",,True,24,"[9, 3, 1, 17, 5]",2,0.035087719298245,74,404,4,0.18762183235867402,330,1
784,"(0,17)",,True,25,"[16, 0, 17, 6, 8]",1,0.0,72,404,4,0.13401559454191,332,1
785,"(0,17)",,True,25,"[16, 0, 17, 6, 8]",1,0.0,72,404,4,0.13401559454191,332,1
786,14:4,assassinate,True,25,"[14, 0, 18, 5, 19]",3,0.025341130604288,70,404,4,0.13401559454191,334,1
787,14:4,assassinate,True,25,"[14, 0, 18, 5, 19]",3,0.025341130604288,70,404,4,0.13401559454191,334,1
788,"(4,2)",,True,26,"[8, 18, 4, 2, 17]",3,0.027777777777777003,68,404,4,0.109161793372319,336,1
789,"(4,2)",,True,26,"[8, 18, 4, 2, 17]",3,0.027777777777777003,68,404,4,0.109161793372319,336,1
790,5:2,assassinate,True,27,"[15, 14, 3, 19, 5]",5,0.096686159844054,70,406,4,0.077875243664717,336,1
791,5:2,assassinate,True,27,"[15, 14, 3, 19, 5]",5,0.096686159844054,70,406,4,0.077875243664717,336,1
792,9:4,assassinate,True,27,"[9, 13, 18, 0, 10]",4,0.11111111111111101,72,408,4,0.08070175438596401,336,1
793,9:4,assassinate,True,27,"[9, 13, 18, 0, 10]",4,0.11111111111111101,72,408,4,0.08070175438596401,336,1
794,"(5,11)",,True,30,"[5, 6, 11, 12, 15]",4,0.08615984405458,72,409,4,0.093957115009746,337,1
795,"(5,11)",,True,30,"[5, 6, 11, 12, 15]",4,0.08615984405458,72,409,4,0.093957115009746,337,1
796,"(9,1)",,True,33,"[9, 15, 14, 4, 1]",6,0.13639654692286202,72,410,5,0.181258702311333,338,1
797,"(9,1)",,True,33,"[9, 15, 14, 4, 1]",6,0.13639654692286202,72,410,5,0.181258702311333,338,1
798,"(16,14)",,True,36,"[16, 14, 11, 0, 10]",8,0.22726260094681103,74,412,5,0.15760233918128602,338,1
799,"(16,14)",,True,36,"[16, 14, 11, 0, 10]",8,0.22726260094681103,74,412,5,0.15760233918128602,338,1
