,actionDetail,actionType,bonusActivated,graphEdgeCount,nodeList,p1Degree,p1Score,p1WinAdvantage,p1WinCount,p2Degree,p2Score,p2WinCount,player
0,"(11,12)",,False,2,"[11, 12, 2, 3, 15]",0,-0.001,0,0,0,-0.001,0,1
1,"(11,12)",,False,2,"[11, 12, 2, 3, 15]",0,-0.001,0,0,0,-0.001,0,1
2,"(8,1)",,False,5,"[8, 11, 1, 5, 6]",2,0.005847953216374001,2,2,1,0.0,0,1
3,"(8,1)",,False,5,"[8, 11, 1, 5, 6]",2,0.005847953216374001,2,2,1,0.0,0,1
4,"(3,8)",,False,5,"[3, 0, 8, 19, 9]",2,0.005847953216374001,4,4,0,-0.001,0,1
5,"(3,8)",,False,5,"[3, 0, 8, 19, 9]",2,0.005847953216374001,4,4,0,-0.001,0,1
6,"(12,2)",,False,7,"[12, 2, 9, 15, 5]",2,0.005847953216374001,6,6,0,-0.001,0,1
7,"(12,2)",,False,7,"[12, 2, 9, 15, 5]",2,0.005847953216374001,6,6,0,-0.001,0,1
8,"(15,1)",,False,9,"[15, 8, 18, 16, 1]",2,0.005847953216374001,8,8,1,0.0,0,1
9,"(15,1)",,False,9,"[15, 8, 18, 16, 1]",2,0.005847953216374001,8,8,1,0.0,0,1
10,11:2,assassinate,True,10,"[11, 4, 3, 16, 5]",2,0.023391812865497002,10,10,1,0.0,0,1
11,11:2,assassinate,True,10,"[11, 4, 3, 16, 5]",2,0.023391812865497002,10,10,1,0.0,0,1
12,"(7,10)",,False,11,"[15, 12, 5, 7, 10]",2,0.046783625730994004,12,12,1,0.0,0,1
13,"(7,10)",,False,11,"[15, 12, 5, 7, 10]",2,0.046783625730994004,12,12,1,0.0,0,1
14,"(3,9)",,False,14,"[3, 9, 15, 0, 4]",2,0.040935672514619006,14,14,1,0.0,0,1
15,"(3,9)",,False,14,"[3, 9, 15, 0, 4]",2,0.040935672514619006,14,14,1,0.0,0,1
16,"(12,14)",,False,17,"[12, 10, 14, 5, 11]",2,0.046783625730994004,16,16,1,0.0,0,1
17,"(12,14)",,False,17,"[12, 10, 14, 5, 11]",2,0.046783625730994004,16,16,1,0.0,0,1
18,"(10,1)",,False,18,"[10, 1, 0, 15, 13]",2,0.033138401559454,16,17,2,0.070175438596491,1,1
19,"(10,1)",,False,18,"[10, 1, 0, 15, 13]",2,0.033138401559454,16,17,2,0.070175438596491,1,1
20,"(6,7)",,False,21,"[6, 0, 8, 7, 5]",2,0.050682261208577,14,17,2,0.070175438596491,3,1
21,"(6,7)",,False,21,"[6, 0, 8, 7, 5]",2,0.050682261208577,14,17,2,0.070175438596491,3,1
22,"(1,14)",,False,21,"[1, 2, 0, 14, 18]",2,0.05282651072124701,14,18,2,0.087621832358674,4,1
23,"(1,14)",,False,21,"[1, 2, 0, 14, 18]",2,0.05282651072124701,14,18,2,0.087621832358674,4,1
24,"(3,6)",,False,22,"[16, 17, 3, 11, 6]",2,0.123781676413255,16,20,1,0.0,4,1
25,"(3,6)",,False,22,"[16, 17, 3, 11, 6]",2,0.123781676413255,16,20,1,0.0,4,1
26,"(1,10)",,False,23,"[9, 1, 5, 10, 17]",2,0.074074074074074,16,21,2,0.096491228070175,5,1
27,"(1,10)",,False,23,"[9, 1, 5, 10, 17]",2,0.074074074074074,16,21,2,0.096491228070175,5,1
28,"(18,0)",,False,24,"[18, 0, 8, 11, 14]",3,0.15633528265107202,18,23,2,0.043859649122807,5,1
29,"(18,0)",,False,24,"[18, 0, 8, 11, 14]",3,0.15633528265107202,18,23,2,0.043859649122807,5,1
30,"(16,1)",,False,26,"[10, 16, 8, 1, 18]",3,0.15487329434697802,18,24,3,0.155945419103313,6,1
31,"(16,1)",,False,26,"[10, 16, 8, 1, 18]",3,0.15487329434697802,18,24,3,0.155945419103313,6,1
32,"(10,6)",,False,27,"[10, 11, 6, 14, 4]",3,0.112573099415204,18,25,3,0.143762183235867,7,1
33,"(10,6)",,False,27,"[10, 11, 6, 14, 4]",3,0.112573099415204,18,25,3,0.143762183235867,7,1
34,"(17,11)",,False,27,"[9, 17, 6, 4, 11]",3,0.08966861598440501,16,25,3,0.15886939571150002,9,1
35,"(17,11)",,False,27,"[9, 17, 6, 4, 11]",3,0.08966861598440501,16,25,3,0.15886939571150002,9,1
36,"(12,1)",,False,26,"[6, 18, 16, 12, 1]",3,0.16666666666666602,14,25,4,0.24658869395711502,11,1
37,"(12,1)",,False,26,"[6, 18, 16, 12, 1]",3,0.16666666666666602,14,25,4,0.24658869395711502,11,1
38,7:4,assassinate,True,24,"[8, 10, 7, 11, 18]",3,0.16520467836257302,12,25,4,0.20370370370370303,13,1
39,7:4,assassinate,True,24,"[8, 10, 7, 11, 18]",3,0.16520467836257302,12,25,4,0.20370370370370303,13,1
40,"(10,17)",,True,25,"[6, 10, 17, 12, 11]",3,0.129629629629629,12,26,4,0.20906432748538,14,1
41,"(10,17)",,True,25,"[6, 10, 17, 12, 11]",3,0.129629629629629,12,26,4,0.20906432748538,14,1
42,"(19,8)",,False,24,"[13, 19, 8, 18, 11]",3,0.14522417153996,12,27,4,0.18615984405458003,15,1
43,"(19,8)",,False,24,"[13, 19, 8, 18, 11]",3,0.14522417153996,12,27,4,0.18615984405458003,15,1
44,13:4,assassinate,True,22,"[0, 13, 15, 8, 7]",2,0.11306042884990201,14,29,3,0.087719298245614,15,1
45,13:4,assassinate,True,22,"[0, 13, 15, 8, 7]",2,0.11306042884990201,14,29,3,0.087719298245614,15,1
46,"(1,9)",,True,23,"[1, 19, 8, 7, 9]",2,0.11306042884990201,14,30,4,0.16959064327485301,16,1
47,"(1,9)",,True,23,"[1, 19, 8, 7, 9]",2,0.11306042884990201,14,30,4,0.16959064327485301,16,1
48,"(16,17)",,False,26,"[16, 17, 7, 11, 4]",2,0.044346978557504003,12,30,4,0.1088693957115,18,1
49,"(16,17)",,False,26,"[16, 17, 7, 11, 4]",2,0.044346978557504003,12,30,4,0.1088693957115,18,1
50,"(16,4)",,False,28,"[16, 9, 0, 4, 19]",2,0.077972709551656,10,30,4,0.123781676413255,20,1
51,"(16,4)",,False,28,"[16, 9, 0, 4, 19]",2,0.077972709551656,10,30,4,0.123781676413255,20,1
52,"(10,3)",,False,28,"[11, 10, 2, 3, 19]",2,0.0,8,30,4,0.096491228070175,22,1
53,"(10,3)",,False,28,"[11, 10, 2, 3, 19]",2,0.0,8,30,4,0.096491228070175,22,1
54,"(10,14)",,False,29,"[13, 10, 14, 8, 9]",2,0.0,6,30,4,0.058674463937621005,24,1
55,"(10,14)",,False,29,"[13, 10, 14, 8, 9]",2,0.0,6,30,4,0.058674463937621005,24,1
56,"(1,10)",,False,32,"[1, 10, 5, 17, 6]",2,0.0,4,30,5,0.12158869395711501,26,1
57,"(1,10)",,False,32,"[1, 10, 5, 17, 6]",2,0.0,4,30,5,0.12158869395711501,26,1
58,"(8,15)",,False,31,"[8, 10, 9, 15, 6]",2,0.0,2,30,3,0.006237816764132,28,1
59,"(8,15)",,False,31,"[8, 10, 9, 15, 6]",2,0.0,2,30,3,0.006237816764132,28,1
60,"(5,4)",,False,31,"[7, 5, 0, 4, 6]",2,0.0,0,30,3,0.006237816764132,30,1
61,"(5,4)",,False,31,"[7, 5, 0, 4, 6]",2,0.0,0,30,3,0.006237816764132,30,1
62,"(9,3)",,False,31,"[9, 15, 10, 3, 11]",2,0.0,-2,30,3,0.035867446393762,32,1
63,"(9,3)",,False,31,"[9, 15, 10, 3, 11]",2,0.0,-2,30,3,0.035867446393762,32,1
64,"(14,3)",,False,32,"[16, 14, 5, 3, 10]",2,0.0,-4,30,3,0.010461338531513,34,1
65,"(14,3)",,False,32,"[16, 14, 5, 3, 10]",2,0.0,-4,30,3,0.010461338531513,34,1
66,"(9,12)",,False,32,"[9, 0, 8, 10, 12]",2,0.0,-5,30,3,0.006335282651072,35,1
67,"(9,12)",,False,32,"[9, 0, 8, 10, 12]",2,0.0,-5,30,3,0.006335282651072,35,1
68,"(17,3)",,False,34,"[17, 14, 3, 2, 10]",2,0.0,-7,30,3,0.004385964912280001,37,1
69,"(17,3)",,False,34,"[17, 14, 3, 2, 10]",2,0.0,-7,30,3,0.004385964912280001,37,1
70,"(15,11)",,False,37,"[5, 16, 15, 11, 6]",4,0.064132553606237,-5,32,3,0.004385964912280001,37,1
71,"(15,11)",,False,37,"[5, 16, 15, 11, 6]",4,0.064132553606237,-5,32,3,0.004385964912280001,37,1
72,"(11,14)",,False,40,"[7, 18, 11, 12, 14]",6,0.105165692007797,-3,34,3,0.004093567251461001,37,1
73,"(11,14)",,False,40,"[7, 18, 11, 12, 14]",6,0.105165692007797,-3,34,3,0.004093567251461001,37,1
74,"(13,1)",,False,40,"[0, 9, 4, 13, 1]",6,0.092690058479532,-1,36,3,0.037426900584795,37,1
75,"(13,1)",,False,40,"[0, 9, 4, 13, 1]",6,0.092690058479532,-1,36,3,0.037426900584795,37,1
76,"(13,10)",,False,41,"[2, 13, 10, 9, 18]",8,0.162962962962962,1,38,3,0.105263157894736,37,1
77,"(13,10)",,False,41,"[2, 13, 10, 9, 18]",8,0.162962962962962,1,38,3,0.105263157894736,37,1
78,"(17,15)",,False,41,"[9, 17, 15, 8, 7]",8,0.16716791979949802,3,40,3,0.105263157894736,37,1
79,"(17,15)",,False,41,"[9, 17, 15, 8, 7]",8,0.16716791979949802,3,40,3,0.105263157894736,37,1
80,"(10,3)",,False,42,"[7, 10, 3, 11, 17]",8,0.194249512670565,5,42,3,0.032163742690058006,37,1
81,"(10,3)",,False,42,"[7, 10, 3, 11, 17]",8,0.194249512670565,5,42,3,0.032163742690058006,37,1
82,"(15,4)",,False,42,"[15, 12, 4, 2, 17]",8,0.17719298245614,7,44,3,0.035233918128654,37,1
83,"(15,4)",,False,42,"[15, 12, 4, 2, 17]",8,0.17719298245614,7,44,3,0.035233918128654,37,1
84,11:6,assassinate,True,39,"[5, 8, 3, 11, 12]",7,0.11842105263157801,9,46,3,0.09941520467836201,37,1
85,11:6,assassinate,True,39,"[5, 8, 3, 11, 12]",7,0.11842105263157801,9,46,3,0.09941520467836201,37,1
86,"(11,13)",,False,40,"[10, 11, 13, 4, 14]",8,0.18888888888888802,9,47,3,0.19883040935672502,38,1
87,"(11,13)",,False,40,"[10, 11, 13, 4, 14]",8,0.18888888888888802,9,47,3,0.19883040935672502,38,1
88,"(3,19)",,False,41,"[10, 3, 19, 15, 7]",8,0.152436647173489,11,49,3,0.008187134502923,38,1
89,"(3,19)",,False,41,"[10, 3, 19, 15, 7]",8,0.152436647173489,11,49,3,0.008187134502923,38,1
90,9:6,assassinate,True,38,"[2, 14, 9, 1, 5]",7,0.101364522417154,13,51,2,0.0,38,1
91,9:6,assassinate,True,38,"[2, 14, 9, 1, 5]",7,0.101364522417154,13,51,2,0.0,38,1
92,"(13,15)",,False,37,"[13, 19, 10, 15, 4]",7,0.198050682261208,13,52,2,0.19883040935672502,39,1
93,"(13,15)",,False,37,"[13, 19, 10, 15, 4]",7,0.198050682261208,13,52,2,0.19883040935672502,39,1
94,"(14,0)",,False,38,"[10, 5, 14, 0, 7]",6,0.1770955165692,13,53,3,0.200584795321637,40,1
95,"(14,0)",,False,38,"[10, 5, 14, 0, 7]",6,0.1770955165692,13,53,3,0.200584795321637,40,1
96,"(15,17)",,False,40,"[2, 15, 5, 4, 17]",6,0.166764132553606,11,53,3,0.20155945419103302,42,1
97,"(15,17)",,False,40,"[2, 15, 5, 4, 17]",6,0.166764132553606,11,53,3,0.20155945419103302,42,1
98,"(8,16)",,False,43,"[8, 15, 4, 12, 16]",6,0.16968810916179303,13,55,3,0.050250626566416004,42,1
99,"(8,16)",,False,43,"[8, 15, 4, 12, 16]",6,0.16968810916179303,13,55,3,0.050250626566416004,42,1
100,"(0,19)",,False,41,"[10, 0, 14, 4, 19]",5,0.069094453304979,15,57,3,0.061990835675046006,42,1
101,"(0,19)",,False,41,"[10, 0, 14, 4, 19]",5,0.069094453304979,15,57,3,0.061990835675046006,42,1
102,"(1,19)",,False,40,"[1, 19, 18, 5, 6]",5,0.09283625730994101,15,58,4,0.138190383365821,43,1
103,"(1,19)",,False,40,"[1, 19, 18, 5, 6]",5,0.09283625730994101,15,58,4,0.138190383365821,43,1
104,"(5,15)",,False,41,"[16, 5, 11, 14, 15]",5,0.079587858535226,13,58,4,0.10886011324607801,45,1
105,"(5,15)",,False,41,"[16, 5, 11, 14, 15]",5,0.079587858535226,13,58,4,0.10886011324607801,45,1
106,"(18,0)",,False,40,"[18, 4, 0, 19, 5]",5,0.082372598162071,13,59,4,0.114661654135338,46,1
107,"(18,0)",,False,40,"[18, 4, 0, 19, 5]",5,0.082372598162071,13,59,4,0.114661654135338,46,1
108,"(4,6)",,False,39,"[9, 4, 14, 16, 6]",5,0.06901977165135001,11,59,4,0.10735171261487,48,1
109,"(4,6)",,False,39,"[9, 4, 14, 16, 6]",5,0.06901977165135001,11,59,4,0.10735171261487,48,1
110,"(17,1)",,True,40,"[13, 17, 15, 1, 12]",6,0.09312865497076,11,60,5,0.15146198830409302,49,1
111,"(17,1)",,True,40,"[13, 17, 15, 1, 12]",6,0.09312865497076,11,60,5,0.15146198830409302,49,1
112,8:8,assassinate,True,34,"[8, 1, 6, 7, 15]",6,0.106432748538011,11,61,3,0.194639376218323,50,1
113,8:8,assassinate,True,34,"[8, 1, 6, 7, 15]",6,0.106432748538011,11,61,3,0.194639376218323,50,1
114,"(14,7)",,False,33,"[18, 14, 2, 7, 9]",7,0.148343079922027,9,61,3,0.19883040935672502,52,1
115,"(14,7)",,False,33,"[18, 14, 2, 7, 9]",7,0.148343079922027,9,61,3,0.19883040935672502,52,1
116,"(18,12)",,True,34,"[18, 12, 5, 9, 0]",7,0.18414090782511802,7,61,3,0.210526315789473,54,1
117,"(18,12)",,True,34,"[18, 12, 5, 9, 0]",7,0.18414090782511802,7,61,3,0.210526315789473,54,1
118,"(10,15)",,False,35,"[10, 15, 9, 16, 12]",7,0.213742690058479,7,62,4,0.22695627958785802,55,1
119,"(10,15)",,False,35,"[10, 15, 9, 16, 12]",7,0.213742690058479,7,62,4,0.22695627958785802,55,1
120,"(14,17)",,False,35,"[2, 8, 14, 16, 17]",7,0.23517126148705003,9,64,3,0.192251461988304,55,1
121,"(14,17)",,False,35,"[2, 8, 14, 16, 17]",7,0.23517126148705003,9,64,3,0.192251461988304,55,1
122,"(6,9)",,False,38,"[4, 7, 8, 6, 9]",9,0.332344750765803,11,66,3,0.28479532163742605,55,1
123,"(6,9)",,False,38,"[4, 7, 8, 6, 9]",9,0.332344750765803,11,66,3,0.28479532163742605,55,1
124,"(15,1)",,True,41,"[15, 8, 9, 4, 1]",11,0.440086326928432,13,68,5,0.141833751044277,55,1
125,"(15,1)",,True,41,"[15, 8, 9, 4, 1]",11,0.440086326928432,13,68,5,0.141833751044277,55,1
126,"(18,7)",,False,41,"[14, 12, 18, 7, 4]",11,0.440086326928432,15,70,5,0.141833751044277,55,1
127,"(18,7)",,False,41,"[14, 12, 18, 7, 4]",11,0.440086326928432,15,70,5,0.141833751044277,55,1
128,"(2,18)",,False,44,"[2, 17, 7, 10, 18]",13,0.46747424115845104,17,72,5,0.127290448343079,55,1
129,"(2,18)",,False,44,"[2, 17, 7, 10, 18]",13,0.46747424115845104,17,72,5,0.127290448343079,55,1
130,"(18,1)",,False,43,"[15, 18, 1, 10, 4]",13,0.46334270018480506,19,74,6,0.13521809574441102,55,1
131,"(18,1)",,False,43,"[15, 18, 1, 10, 4]",13,0.46334270018480506,19,74,6,0.13521809574441102,55,1
132,"(6,15)",,False,42,"[13, 6, 11, 15, 10]",13,0.448538011695906,21,76,6,0.13406432748538,55,1
133,"(6,15)",,False,42,"[13, 6, 11, 15, 10]",13,0.448538011695906,21,76,6,0.13406432748538,55,1
134,"(2,0)",,False,41,"[18, 2, 15, 5, 0]",12,0.36081871345029204,23,78,6,0.153578390420495,55,1
135,"(2,0)",,False,41,"[18, 2, 15, 5, 0]",12,0.36081871345029204,23,78,6,0.153578390420495,55,1
136,"(0,11)",,False,40,"[19, 14, 9, 0, 11]",11,0.40993139414192004,25,80,5,0.11467557783347201,55,1
137,"(0,11)",,False,40,"[19, 14, 9, 0, 11]",11,0.40993139414192004,25,80,5,0.11467557783347201,55,1
138,"(3,11)",,False,41,"[16, 3, 4, 6, 11]",11,0.366948938001569,27,82,5,0.094500139236981,55,1
139,"(3,11)",,False,41,"[16, 3, 4, 6, 11]",11,0.366948938001569,27,82,5,0.094500139236981,55,1
140,"(1,3)",,True,43,"[16, 1, 3, 12, 5]",11,0.31578947368421,29,84,6,0.11432748538011601,55,1
141,"(1,3)",,True,43,"[16, 1, 3, 12, 5]",11,0.31578947368421,29,84,6,0.11432748538011601,55,1
142,"(15,17)",,False,44,"[9, 16, 7, 15, 17]",11,0.31059593428014404,31,86,5,0.107323865218602,55,1
143,"(15,17)",,False,44,"[9, 16, 7, 15, 17]",11,0.31059593428014404,31,86,5,0.107323865218602,55,1
144,"(10,0)",,False,43,"[8, 16, 17, 10, 0]",10,0.285955629815278,33,88,5,0.11198830409356701,55,1
145,"(10,0)",,False,43,"[8, 16, 17, 10, 0]",10,0.285955629815278,33,88,5,0.11198830409356701,55,1
146,16:8,assassinate,True,37,"[14, 5, 16, 12, 0]",9,0.26058201058201,35,90,3,0.064814814814814,55,1
147,16:8,assassinate,True,37,"[14, 5, 16, 12, 0]",9,0.26058201058201,35,90,3,0.064814814814814,55,1
148,"(1,12)",,True,38,"[2, 19, 1, 12, 11]",9,0.25030632135895203,37,92,4,0.079922027290448,55,1
149,"(1,12)",,True,38,"[2, 19, 1, 12, 11]",9,0.25030632135895203,37,92,4,0.079922027290448,55,1
150,"(15,18)",,False,41,"[8, 15, 18, 13, 5]",11,0.36725146198830405,39,94,4,0.06335282651072101,55,1
151,"(15,18)",,False,41,"[8, 15, 18, 13, 5]",11,0.36725146198830405,39,94,4,0.06335282651072101,55,1
152,4:8,assassinate,True,39,"[0, 2, 4, 8, 7]",12,0.359587099060783,41,96,4,0.014309764309764002,55,1
153,4:8,assassinate,True,39,"[0, 2, 4, 8, 7]",12,0.359587099060783,41,96,4,0.014309764309764002,55,1
154,"(17,12)",,False,39,"[4, 2, 17, 12, 3]",12,0.351494476933073,43,98,3,0.0014619883040930001,55,1
155,"(17,12)",,False,39,"[4, 2, 17, 12, 3]",12,0.351494476933073,43,98,3,0.0014619883040930001,55,1
156,13:4,assassinate,True,39,"[3, 8, 12, 2, 13]",11,0.30211176088369,45,100,3,0.0014619883040930001,55,1
157,13:4,assassinate,True,39,"[3, 8, 12, 2, 13]",11,0.30211176088369,45,100,3,0.0014619883040930001,55,1
158,"(7,0)",,False,38,"[7, 12, 4, 0, 3]",10,0.36441798941798903,47,102,3,0.0014619883040930001,55,1
159,"(7,0)",,False,38,"[7, 12, 4, 0, 3]",10,0.36441798941798903,47,102,3,0.0014619883040930001,55,1
160,"(18,16)",,False,38,"[6, 11, 18, 16, 1]",10,0.37670565302144204,49,104,3,0.0014619883040930001,55,1
161,"(18,16)",,False,38,"[6, 11, 18, 16, 1]",10,0.37670565302144204,49,104,3,0.0014619883040930001,55,1
162,"(9,7)",,False,40,"[0, 9, 14, 7, 5]",11,0.370126705653021,51,106,3,0.0014619883040930001,55,1
163,"(9,7)",,False,40,"[0, 9, 14, 7, 5]",11,0.370126705653021,51,106,3,0.0014619883040930001,55,1
164,"(0,6)",,False,40,"[0, 6, 16, 3, 14]",10,0.382832080200501,53,108,3,0.0014619883040930001,55,1
165,"(0,6)",,False,40,"[0, 6, 16, 3, 14]",10,0.382832080200501,53,108,3,0.0014619883040930001,55,1
166,"(3,4)",,False,39,"[3, 2, 4, 5, 10]",10,0.338387635756056,55,110,3,0.0026315789473680003,55,1
167,"(3,4)",,False,39,"[3, 2, 4, 5, 10]",10,0.338387635756056,55,110,3,0.0026315789473680003,55,1
168,"(0,5)",,False,38,"[15, 17, 0, 14, 5]",9,0.31228070175438505,57,112,3,0.0043372319688100005,55,1
169,"(0,5)",,False,38,"[15, 17, 0, 14, 5]",9,0.31228070175438505,57,112,3,0.0043372319688100005,55,1
170,19:4,assassinate,True,34,"[11, 19, 18, 2, 17]",8,0.26315789473684204,59,114,3,0.006237816764132,55,1
171,19:4,assassinate,True,34,"[11, 19, 18, 2, 17]",8,0.26315789473684204,59,114,3,0.006237816764132,55,1
172,"(8,17)",,False,32,"[8, 6, 17, 12, 18]",8,0.239083820662768,61,116,3,0.007797270955165,55,1
173,"(8,17)",,False,32,"[8, 6, 17, 12, 18]",8,0.239083820662768,61,116,3,0.007797270955165,55,1
174,"(3,13)",,False,32,"[3, 13, 4, 5, 7]",8,0.19846839320523502,63,118,3,0.010721247563352,55,1
175,"(3,13)",,False,32,"[3, 13, 4, 5, 7]",8,0.19846839320523502,63,118,3,0.010721247563352,55,1
176,"(7,1)",,False,33,"[15, 9, 7, 4, 1]",8,0.23297131718184302,65,120,4,0.024561403508771004,55,1
177,"(7,1)",,False,33,"[15, 9, 7, 4, 1]",8,0.23297131718184302,65,120,4,0.024561403508771004,55,1
178,"(12,0)",,False,32,"[2, 12, 15, 0, 1]",7,0.20623781676413203,67,122,4,0.08810916179337201,55,1
179,"(12,0)",,False,32,"[2, 12, 15, 0, 1]",7,0.20623781676413203,67,122,4,0.08810916179337201,55,1
180,"(3,16)",,False,33,"[3, 6, 5, 18, 16]",7,0.155750487329434,69,124,3,0.019005847953216002,55,1
181,"(3,16)",,False,33,"[3, 6, 5, 18, 16]",7,0.155750487329434,69,124,3,0.019005847953216002,55,1
182,"(0,17)",,False,30,"[4, 5, 0, 8, 17]",6,0.132066276803118,71,126,3,0.019980506822612,55,1
183,"(0,17)",,False,30,"[4, 5, 0, 8, 17]",6,0.132066276803118,71,126,3,0.019980506822612,55,1
184,"(0,3)",,False,31,"[6, 10, 0, 13, 3]",5,0.12475633528265101,73,128,3,0.029239766081871003,55,1
185,"(0,3)",,False,31,"[6, 10, 0, 13, 3]",5,0.12475633528265101,73,128,3,0.029239766081871003,55,1
186,"(13,18)",,False,32,"[12, 13, 10, 18, 2]",6,0.18840155945419101,75,130,3,0.021929824561403,55,1
187,"(13,18)",,False,32,"[12, 13, 10, 18, 2]",6,0.18840155945419101,75,130,3,0.021929824561403,55,1
188,"(3,9)",,False,33,"[3, 11, 8, 6, 9]",6,0.11851851851851801,77,132,3,0.022417153996101002,55,1
189,"(3,9)",,False,33,"[3, 11, 8, 6, 9]",6,0.11851851851851801,77,132,3,0.022417153996101002,55,1
190,"(17,1)",,False,36,"[17, 12, 7, 19, 1]",8,0.21276803118908302,79,134,4,0.04307992202729,55,1
191,"(17,1)",,False,36,"[17, 12, 7, 19, 1]",8,0.21276803118908302,79,134,4,0.04307992202729,55,1
192,"(18,9)",,False,36,"[17, 13, 18, 9, 8]",8,0.20604288499025303,81,136,4,0.050389863547758006,55,1
193,"(18,9)",,False,36,"[17, 13, 18, 9, 8]",8,0.20604288499025303,81,136,4,0.050389863547758006,55,1
194,"(1,13)",,True,37,"[1, 4, 17, 13, 3]",8,0.270175438596491,83,138,5,0.10233918128654901,55,1
195,"(1,13)",,True,37,"[1, 4, 17, 13, 3]",8,0.270175438596491,83,138,5,0.10233918128654901,55,1
196,"(0,3)",,False,34,"[4, 0, 10, 14, 3]",7,0.33411306042884903,85,140,5,0.14658869395711502,55,1
197,"(0,3)",,False,34,"[4, 0, 10, 14, 3]",7,0.33411306042884903,85,140,5,0.14658869395711502,55,1
198,"(2,17)",,False,33,"[18, 2, 17, 6, 9]",7,0.296296296296296,87,142,4,0.05399610136452201,55,1
199,"(2,17)",,False,33,"[18, 2, 17, 6, 9]",7,0.296296296296296,87,142,4,0.05399610136452201,55,1
200,"(19,1)",,False,35,"[15, 14, 19, 2, 1]",7,0.266812865497076,89,144,5,0.11052631578947301,55,1
201,"(19,1)",,False,35,"[15, 14, 19, 2, 1]",7,0.266812865497076,89,144,5,0.11052631578947301,55,1
202,"(10,1)",,False,35,"[2, 4, 10, 12, 1]",7,0.251229926668523,91,146,6,0.18880998793279402,55,1
203,"(10,1)",,False,35,"[2, 4, 10, 12, 1]",7,0.251229926668523,91,146,6,0.18880998793279402,55,1
204,14:4,assassinate,True,35,"[11, 14, 13, 17, 2]",8,0.24379003063213503,93,148,6,0.157880813143971,55,1
205,14:4,assassinate,True,35,"[11, 14, 13, 17, 2]",8,0.24379003063213503,93,148,6,0.157880813143971,55,1
206,"(14,13)",,False,36,"[17, 2, 14, 13, 0]",8,0.256042884990253,95,150,6,0.162573099415204,55,1
207,"(14,13)",,False,36,"[17, 2, 14, 13, 0]",8,0.256042884990253,95,150,6,0.162573099415204,55,1
208,"(2,11)",,False,37,"[0, 4, 2, 11, 17]",8,0.257504873294346,97,152,6,0.11788499025341101,55,1
209,"(2,11)",,False,37,"[0, 4, 2, 11, 17]",8,0.257504873294346,97,152,6,0.11788499025341101,55,1
210,5:6,assassinate,True,34,"[5, 14, 4, 16, 6]",7,0.220662768031189,99,154,6,0.099561403508771,55,1
211,5:6,assassinate,True,34,"[5, 14, 4, 16, 6]",7,0.220662768031189,99,154,6,0.099561403508771,55,1
212,3:8,assassinate,True,28,"[14, 2, 17, 3, 4]",6,0.230214424951267,101,156,5,0.052631578947368,55,1
213,3:8,assassinate,True,28,"[14, 2, 17, 3, 4]",6,0.230214424951267,101,156,5,0.052631578947368,55,1
214,"(17,7)",,False,31,"[16, 19, 3, 17, 7]",8,0.3135477582846,103,158,5,0.075048732943469,55,1
215,"(17,7)",,False,31,"[16, 19, 3, 17, 7]",8,0.3135477582846,103,158,5,0.075048732943469,55,1
216,"(18,9)",,False,34,"[18, 17, 14, 4, 9]",8,0.281871345029239,105,160,5,0.05847953216374201,55,1
217,"(18,9)",,False,34,"[18, 17, 14, 4, 9]",8,0.281871345029239,105,160,5,0.05847953216374201,55,1
218,"(5,0)",,False,33,"[3, 7, 17, 5, 0]",7,0.288011695906432,107,162,5,0.05847953216374201,55,1
219,"(5,0)",,False,33,"[3, 7, 17, 5, 0]",7,0.288011695906432,107,162,5,0.05847953216374201,55,1
220,"(11,16)",,False,32,"[14, 10, 11, 16, 4]",7,0.308479532163742,109,164,5,0.07602339181286501,55,1
221,"(11,16)",,False,32,"[14, 10, 11, 16, 4]",7,0.308479532163742,109,164,5,0.07602339181286501,55,1
222,"(3,11)",,False,34,"[3, 17, 5, 11, 6]",7,0.249025341130604,111,166,5,0.070175438596491,55,1
223,"(3,11)",,False,34,"[3, 17, 5, 11, 6]",7,0.249025341130604,111,166,5,0.070175438596491,55,1
224,"(1,16)",,True,36,"[17, 1, 16, 0, 10]",7,0.204873294346978,113,168,6,0.09941520467836201,55,1
225,"(1,16)",,True,36,"[17, 1, 16, 0, 10]",7,0.204873294346978,113,168,6,0.09941520467836201,55,1
226,"(3,1)",,False,38,"[3, 1, 17, 4, 8]",7,0.161477768495312,113,169,7,0.198691172375382,56,1
227,"(3,1)",,False,38,"[3, 1, 17, 4, 8]",7,0.161477768495312,113,169,7,0.198691172375382,56,1
228,"(9,18)",,False,39,"[14, 9, 18, 3, 17]",7,0.14490856771558502,111,169,7,0.178223336118072,58,1
229,"(9,18)",,False,39,"[14, 9, 18, 3, 17]",7,0.14490856771558502,111,169,7,0.178223336118072,58,1
230,"(17,14)",,False,42,"[15, 17, 18, 14, 9]",9,0.197020328599275,113,171,7,0.17179058758006102,58,1
231,"(17,14)",,False,42,"[15, 17, 18, 14, 9]",9,0.197020328599275,113,171,7,0.17179058758006102,58,1
232,"(10,3)",,False,43,"[14, 10, 15, 19, 3]",9,0.21091617933723103,115,173,7,0.134405458089668,58,1
233,"(10,3)",,False,43,"[14, 10, 15, 19, 3]",9,0.21091617933723103,115,173,7,0.134405458089668,58,1
234,"(3,9)",,False,42,"[12, 5, 18, 3, 9]",9,0.19548872180451102,117,175,5,0.05240879977722,58,1
235,"(3,9)",,False,42,"[12, 5, 18, 3, 9]",9,0.19548872180451102,117,175,5,0.05240879977722,58,1
236,"(8,4)",,False,45,"[17, 8, 4, 6, 9]",9,0.160700362016151,119,177,5,0.033737120579225004,58,1
237,"(8,4)",,False,45,"[17, 8, 4, 6, 9]",9,0.160700362016151,119,177,5,0.033737120579225004,58,1
238,8:8,assassinate,True,40,"[8, 3, 16, 9, 4]",8,0.12078808131439701,121,179,5,0.038902812587023,58,1
239,8:8,assassinate,True,40,"[8, 3, 16, 9, 4]",8,0.12078808131439701,121,179,5,0.038902812587023,58,1
240,"(7,2)",,False,39,"[16, 12, 9, 7, 2]",8,0.12458925090504001,123,181,4,0.034113060428849006,58,1
241,"(7,2)",,False,39,"[16, 12, 9, 7, 2]",8,0.12458925090504001,123,181,4,0.034113060428849006,58,1
242,"(1,19)",,True,40,"[1, 0, 16, 14, 19]",8,0.19504316346421602,125,183,5,0.062795878585352,58,1
243,"(1,19)",,True,40,"[1, 0, 16, 14, 19]",8,0.19504316346421602,125,183,5,0.062795878585352,58,1
244,4:8,assassinate,True,36,"[16, 5, 2, 4, 12]",7,0.068337510442773,127,185,5,0.050125313283208,58,1
245,4:8,assassinate,True,36,"[16, 5, 2, 4, 12]",7,0.068337510442773,127,185,5,0.050125313283208,58,1
246,"(16,0)",,False,35,"[8, 16, 0, 2, 19]",7,0.131481481481481,129,187,4,0.024714564188248002,58,1
247,"(16,0)",,False,35,"[8, 16, 0, 2, 19]",7,0.131481481481481,129,187,4,0.024714564188248002,58,1
248,"(15,17)",,False,38,"[4, 2, 15, 13, 17]",7,0.17979671400724,131,189,4,0.028613199665831004,58,1
249,"(15,17)",,False,38,"[4, 2, 15, 13, 17]",7,0.17979671400724,131,189,4,0.028613199665831004,58,1
250,"(7,0)",,False,35,"[7, 3, 0, 11, 17]",6,0.15285435811751502,133,191,4,0.064814814814814,58,1
251,"(7,0)",,False,35,"[7, 3, 0, 11, 17]",6,0.15285435811751502,133,191,4,0.064814814814814,58,1
252,5:6,assassinate,True,32,"[9, 12, 5, 19, 17]",5,0.09200779727095501,135,193,3,0.012183235867446001,58,1
253,5:6,assassinate,True,32,"[9, 12, 5, 19, 17]",5,0.09200779727095501,135,193,3,0.012183235867446001,58,1
254,"(19,10)",,False,32,"[19, 5, 16, 10, 3]",5,0.07582846003898601,137,195,3,0.004873294346978,58,1
255,"(19,10)",,False,32,"[19, 5, 16, 10, 3]",5,0.07582846003898601,137,195,3,0.004873294346978,58,1
256,"(19,11)",,False,34,"[7, 13, 19, 17, 11]",5,0.073586744639376,139,197,3,0.004093567251461001,58,1
257,"(19,11)",,False,34,"[7, 13, 19, 17, 11]",5,0.073586744639376,139,197,3,0.004093567251461001,58,1
258,"(19,8)",,True,35,"[6, 19, 8, 17, 4]",5,0.044346978557504003,141,199,3,0.007602339181286001,58,1
259,"(19,8)",,True,35,"[6, 19, 8, 17, 4]",5,0.044346978557504003,141,199,3,0.007602339181286001,58,1
260,"(6,18)",,False,38,"[6, 7, 4, 11, 18]",7,0.21588693957115002,143,201,3,0.007699805068226001,58,1
261,"(6,18)",,False,38,"[6, 7, 4, 11, 18]",7,0.21588693957115002,143,201,3,0.007699805068226001,58,1
262,"(10,18)",,False,39,"[16, 10, 18, 13, 1]",7,0.21822612085769902,145,203,3,0.006432748538011001,58,1
263,"(10,18)",,False,39,"[16, 10, 18, 13, 1]",7,0.21822612085769902,145,203,3,0.006432748538011001,58,1
264,"(6,0)",,False,36,"[8, 18, 6, 0, 15]",6,0.192105263157894,147,205,3,0.006432748538011001,58,1
265,"(6,0)",,False,36,"[8, 18, 6, 0, 15]",6,0.192105263157894,147,205,3,0.006432748538011001,58,1
266,"(11,14)",,False,37,"[5, 11, 14, 18, 8]",6,0.173405736563631,149,207,3,0.006432748538011001,58,1
267,"(11,14)",,False,37,"[5, 11, 14, 18, 8]",6,0.173405736563631,149,207,3,0.006432748538011001,58,1
268,"(19,5)",,False,40,"[15, 18, 19, 14, 5]",8,0.251503759398496,151,209,3,0.007407407407407001,58,1
269,"(19,5)",,False,40,"[15, 18, 19, 14, 5]",8,0.251503759398496,151,209,3,0.007407407407407001,58,1
270,"(9,15)",,False,42,"[9, 18, 5, 15, 19]",8,0.23946904297781402,153,211,3,0.007268170426065,58,1
271,"(9,15)",,False,42,"[9, 18, 5, 15, 19]",8,0.23946904297781402,153,211,3,0.007268170426065,58,1
272,"(1,7)",,False,42,"[1, 19, 6, 7, 5]",8,0.2517497447322,155,213,4,0.087092731829573,58,1
273,"(1,7)",,False,42,"[1, 19, 6, 7, 5]",8,0.2517497447322,155,213,4,0.087092731829573,58,1
274,"(4,16)",,False,43,"[4, 16, 6, 3, 14]",8,0.21913348185278,157,215,4,0.038046505151768,58,1
275,"(4,16)",,False,43,"[4, 16, 6, 3, 14]",8,0.21913348185278,157,215,4,0.038046505151768,58,1
276,"(16,8)",,False,45,"[16, 8, 13, 7, 14]",8,0.18862665924069402,159,217,4,0.023370927318295,58,1
277,"(16,8)",,False,45,"[16, 8, 13, 7, 14]",8,0.18862665924069402,159,217,4,0.023370927318295,58,1
278,"(6,14)",,False,46,"[4, 6, 3, 8, 14]",8,0.20395433027011903,161,219,4,0.017453355611250002,58,1
279,"(6,14)",,False,46,"[4, 6, 3, 8, 14]",8,0.20395433027011903,161,219,4,0.017453355611250002,58,1
280,"(15,1)",,False,45,"[4, 7, 9, 15, 1]",8,0.21345029239766003,163,221,4,0.022755963984034,58,1
281,"(15,1)",,False,45,"[4, 7, 9, 15, 1]",8,0.21345029239766003,163,221,4,0.022755963984034,58,1
282,"(2,1)",,False,45,"[8, 0, 2, 15, 1]",8,0.21881787802840402,165,223,5,0.06601225285435801,58,1
283,"(2,1)",,False,45,"[8, 0, 2, 15, 1]",8,0.21881787802840402,165,223,5,0.06601225285435801,58,1
284,"(0,11)",,False,43,"[8, 0, 18, 11, 15]",7,0.18467697020328602,167,225,5,0.075090504037872,58,1
285,"(0,11)",,False,43,"[8, 0, 18, 11, 15]",7,0.18467697020328602,167,225,5,0.075090504037872,58,1
286,"(5,1)",,False,44,"[15, 5, 11, 1, 12]",7,0.174686716791979,169,227,5,0.05559732664995801,58,1
287,"(5,1)",,False,44,"[15, 5, 11, 1, 12]",7,0.174686716791979,169,227,5,0.05559732664995801,58,1
288,18:20,assassinate,True,34,"[10, 18, 17, 2, 6]",6,0.17850181008075702,171,229,5,0.129573934837092,58,1
289,18:20,assassinate,True,34,"[10, 18, 17, 2, 6]",6,0.17850181008075702,171,229,5,0.129573934837092,58,1
290,"(3,1)",,False,37,"[3, 16, 9, 12, 1]",6,0.16874308277817002,173,231,6,0.138485280151946,58,1
291,"(3,1)",,False,37,"[3, 16, 9, 12, 1]",6,0.16874308277817002,173,231,6,0.138485280151946,58,1
292,"(10,0)",,False,36,"[18, 10, 4, 19, 0]",5,0.157163742690058,175,233,6,0.152018936229462,58,1
293,"(10,0)",,False,36,"[18, 10, 4, 19, 0]",5,0.157163742690058,175,233,6,0.152018936229462,58,1
294,"(12,17)",,False,39,"[14, 4, 12, 17, 19]",7,0.276023391812865,177,235,6,0.153411306042884,58,1
295,"(12,17)",,False,39,"[14, 4, 12, 17, 19]",7,0.276023391812865,177,235,6,0.153411306042884,58,1
296,12:4,assassinate,True,35,"[5, 15, 12, 0, 19]",7,0.303508771929824,179,237,6,0.16559454191033102,58,1
297,12:4,assassinate,True,35,"[5, 15, 12, 0, 19]",7,0.303508771929824,179,237,6,0.16559454191033102,58,1
298,"(17,1)",,False,38,"[17, 3, 13, 12, 1]",9,0.29185463659147803,181,239,7,0.13719715956558,58,1
299,"(17,1)",,False,38,"[17, 3, 13, 12, 1]",9,0.29185463659147803,181,239,7,0.13719715956558,58,1
300,"(18,3)",,False,41,"[9, 18, 7, 3, 8]",11,0.31340282524493,183,241,7,0.13859079516974201,58,1
301,"(18,3)",,False,41,"[9, 18, 7, 3, 8]",11,0.31340282524493,183,241,7,0.13859079516974201,58,1
302,"(17,0)",,False,42,"[14, 17, 0, 6, 19]",12,0.356384015594541,185,243,7,0.17188109161793302,58,1
303,"(17,0)",,False,42,"[14, 17, 0, 6, 19]",12,0.356384015594541,185,243,7,0.17188109161793302,58,1
304,"(11,1)",,True,45,"[17, 3, 11, 1, 5]",12,0.326858813700918,187,245,8,0.12656641604010002,58,1
305,"(11,1)",,True,45,"[17, 3, 11, 1, 5]",12,0.326858813700918,187,245,8,0.12656641604010002,58,1
306,14:6,assassinate,True,44,"[14, 12, 13, 3, 16]",11,0.25029007704446304,189,247,8,0.095755592685417,58,1
307,14:6,assassinate,True,44,"[14, 12, 13, 3, 16]",11,0.25029007704446304,189,247,8,0.095755592685417,58,1
308,3:12,assassinate,True,40,"[19, 14, 11, 12, 3]",12,0.285653949689037,191,249,7,0.08821126891302301,58,1
309,3:12,assassinate,True,40,"[19, 14, 11, 12, 3]",12,0.285653949689037,191,249,7,0.08821126891302301,58,1
310,"(6,16)",,False,41,"[13, 5, 9, 6, 16]",13,0.29614313561681904,193,251,7,0.07649679754942901,58,1
311,"(6,16)",,False,41,"[13, 5, 9, 6, 16]",13,0.29614313561681904,193,251,7,0.07649679754942901,58,1
312,"(9,16)",,False,43,"[9, 7, 5, 16, 17]",13,0.277415761626287,195,253,7,0.06936786410470601,58,1
313,"(9,16)",,False,43,"[9, 7, 5, 16, 17]",13,0.277415761626287,195,253,7,0.06936786410470601,58,1
314,"(5,4)",,False,45,"[5, 19, 4, 16, 15]",13,0.30178223336118004,197,255,7,0.07180451127819501,58,1
315,"(5,4)",,False,45,"[5, 19, 4, 16, 15]",13,0.30178223336118004,197,255,7,0.07180451127819501,58,1
316,"(0,18)",,False,46,"[13, 0, 15, 18, 4]",14,0.262795878585352,199,257,7,0.063652186020607,58,1
317,"(0,18)",,False,46,"[13, 0, 15, 18, 4]",14,0.262795878585352,199,257,7,0.063652186020607,58,1
318,"(1,14)",,False,48,"[8, 17, 11, 1, 14]",14,0.363380673906989,201,259,8,0.16599136730715602,58,1
319,"(1,14)",,False,48,"[8, 17, 11, 1, 14]",14,0.363380673906989,201,259,8,0.16599136730715602,58,1
320,"(1,12)",,False,51,"[0, 1, 10, 6, 12]",14,0.369841269841269,203,261,9,0.209370648844333,58,1
321,"(1,12)",,False,51,"[0, 1, 10, 6, 12]",14,0.369841269841269,203,261,9,0.209370648844333,58,1
322,"(3,18)",,False,48,"[6, 19, 8, 3, 18]",14,0.32953216374269,205,263,7,0.13698830409356702,58,1
323,"(3,18)",,False,48,"[6, 19, 8, 3, 18]",14,0.32953216374269,205,263,7,0.13698830409356702,58,1
324,"(1,2)",,False,49,"[15, 13, 1, 12, 2]",14,0.32865497076023303,207,265,8,0.129316346421609,58,1
325,"(1,2)",,False,49,"[15, 13, 1, 12, 2]",14,0.32865497076023303,207,265,8,0.129316346421609,58,1
326,"(0,6)",,False,48,"[0, 15, 6, 4, 13]",13,0.29349763297131704,209,267,8,0.11496797549429101,58,1
327,"(0,6)",,False,48,"[0, 15, 6, 4, 13]",13,0.29349763297131704,209,267,8,0.11496797549429101,58,1
328,"(16,3)",,False,49,"[15, 16, 17, 10, 3]",13,0.33380673906989605,211,269,8,0.116757170704539,58,1
329,"(16,3)",,False,49,"[15, 16, 17, 10, 3]",13,0.33380673906989605,211,269,8,0.116757170704539,58,1
330,"(17,16)",,True,50,"[17, 14, 16, 12, 7]",13,0.311380302608372,213,271,8,0.115685045948203,58,1
331,"(17,16)",,True,50,"[17, 14, 16, 12, 7]",13,0.311380302608372,213,271,8,0.115685045948203,58,1
332,3:8,assassinate,True,44,"[18, 12, 3, 8, 10]",12,0.254077322936972,215,273,8,0.134600389863547,58,1
333,3:8,assassinate,True,44,"[18, 12, 3, 8, 10]",12,0.254077322936972,215,273,8,0.134600389863547,58,1
334,"(12,3)",,False,44,"[12, 9, 3, 8, 2]",12,0.29247888239116304,217,275,8,0.20224171539961003,58,1
335,"(12,3)",,False,44,"[12, 9, 3, 8, 2]",12,0.29247888239116304,217,275,8,0.20224171539961003,58,1
336,"(12,2)",,False,45,"[14, 6, 5, 12, 2]",12,0.282927225471085,219,277,8,0.157017543859649,58,1
337,"(12,2)",,False,45,"[14, 6, 5, 12, 2]",12,0.282927225471085,219,277,8,0.157017543859649,58,1
338,"(10,0)",,False,46,"[6, 13, 10, 8, 0]",11,0.23675856307435203,221,279,8,0.11228070175438501,58,1
339,"(10,0)",,False,46,"[6, 13, 10, 8, 0]",11,0.23675856307435203,221,279,8,0.11228070175438501,58,1
340,"(0,15)",,False,45,"[6, 12, 0, 15, 16]",10,0.22022185092360502,223,281,8,0.11601225285435801,58,1
341,"(0,15)",,False,45,"[6, 12, 0, 15, 16]",10,0.22022185092360502,223,281,8,0.11601225285435801,58,1
342,"(1,10)",,False,46,"[1, 13, 17, 4, 10]",11,0.24777220829852403,225,283,9,0.16464773043720402,58,1
343,"(1,10)",,False,46,"[1, 13, 17, 4, 10]",11,0.24777220829852403,225,283,9,0.16464773043720402,58,1
344,"(1,3)",,False,49,"[1, 13, 3, 4, 17]",11,0.23669358581639202,227,285,10,0.15807110368513802,58,1
345,"(1,3)",,False,49,"[1, 13, 3, 4, 17]",11,0.23669358581639202,227,285,10,0.15807110368513802,58,1
346,9:2,assassinate,True,48,"[1, 9, 6, 12, 5]",10,0.181625359695535,229,287,10,0.14540053838299402,58,1
347,9:2,assassinate,True,48,"[1, 9, 6, 12, 5]",10,0.181625359695535,229,287,10,0.14540053838299402,58,1
348,"(1,13)",,False,47,"[1, 13, 3, 11, 19]",10,0.202548036758563,231,289,9,0.102060707323865,58,1
349,"(1,13)",,False,47,"[1, 13, 3, 11, 19]",10,0.202548036758563,231,289,9,0.102060707323865,58,1
350,"(18,6)",,False,46,"[4, 18, 11, 6, 10]",11,0.27936507936507904,233,291,8,0.091701475912002,58,1
351,"(18,6)",,False,46,"[4, 18, 11, 6, 10]",11,0.27936507936507904,233,291,8,0.091701475912002,58,1
352,"(2,19)",,False,47,"[3, 2, 7, 4, 19]",11,0.29335143414090703,235,293,8,0.086229462545252,58,1
353,"(2,19)",,False,47,"[3, 2, 7, 4, 19]",11,0.29335143414090703,235,293,8,0.086229462545252,58,1
354,"(8,12)",,False,50,"[8, 19, 15, 7, 12]",13,0.30925693864290305,237,295,8,0.043692564745196005,58,1
355,"(8,12)",,False,50,"[8, 19, 15, 7, 12]",13,0.30925693864290305,237,295,8,0.043692564745196005,58,1
356,"(10,12)",,False,50,"[3, 10, 11, 12, 14]",13,0.36908706952566606,239,297,8,0.08552399517311701,58,1
357,"(10,12)",,False,50,"[3, 10, 11, 12, 14]",13,0.36908706952566606,239,297,8,0.08552399517311701,58,1
358,"(9,0)",,False,49,"[9, 3, 16, 18, 0]",12,0.26873433583959905,241,299,8,0.074631021999443,58,1
359,"(9,0)",,False,49,"[9, 3, 16, 18, 0]",12,0.26873433583959905,241,299,8,0.074631021999443,58,1
360,"(4,12)",,False,50,"[4, 10, 15, 3, 12]",12,0.335178223336118,243,301,8,0.07316903369534901,58,1
361,"(4,12)",,False,50,"[4, 10, 15, 3, 12]",12,0.335178223336118,243,301,8,0.07316903369534901,58,1
362,"(1,9)",,False,50,"[1, 3, 9, 18, 11]",12,0.298266499582289,245,303,9,0.162642717905875,58,1
363,"(1,9)",,False,50,"[1, 3, 9, 18, 11]",12,0.298266499582289,245,303,9,0.162642717905875,58,1
364,"(5,6)",,False,53,"[14, 4, 5, 8, 6]",12,0.24252297410192103,247,305,9,0.090452984312633,58,1
365,"(5,6)",,False,53,"[14, 4, 5, 8, 6]",12,0.24252297410192103,247,305,9,0.090452984312633,58,1
366,"(10,15)",,False,52,"[11, 7, 10, 2, 15]",12,0.24840573656363102,249,307,8,0.05682957393483701,58,1
367,"(10,15)",,False,52,"[11, 7, 10, 2, 15]",12,0.24840573656363102,249,307,8,0.05682957393483701,58,1
368,"(2,0)",,False,49,"[2, 0, 10, 18, 13]",11,0.25438596491228,251,309,8,0.079392926761347,58,1
369,"(2,0)",,False,49,"[2, 0, 10, 18, 13]",11,0.25438596491228,251,309,8,0.079392926761347,58,1
370,"(8,5)",,False,48,"[8, 12, 15, 18, 5]",11,0.24853801169590603,253,311,8,0.07319688109161701,58,1
371,"(8,5)",,False,48,"[8, 12, 15, 18, 5]",11,0.24853801169590603,253,311,8,0.07319688109161701,58,1
372,"(0,4)",,False,45,"[0, 17, 4, 9, 11]",10,0.253829016986911,255,313,7,0.023781676413255,58,1
373,"(0,4)",,False,45,"[0, 17, 4, 9, 11]",10,0.253829016986911,255,313,7,0.023781676413255,58,1
374,"(7,0)",,False,44,"[9, 15, 4, 7, 0]",9,0.17226863454933602,257,315,7,0.029954515919428003,58,1
375,"(7,0)",,False,44,"[9, 15, 4, 7, 0]",9,0.17226863454933602,257,315,7,0.029954515919428003,58,1
376,"(13,17)",,False,46,"[10, 13, 16, 17, 2]",10,0.181850459482038,259,317,7,0.031959528450756,58,1
377,"(13,17)",,False,46,"[10, 13, 16, 17, 2]",10,0.181850459482038,259,317,7,0.031959528450756,58,1
378,"(1,4)",,False,47,"[8, 6, 1, 3, 4]",10,0.17632507193910701,261,319,7,0.054525201893622005,58,1
379,"(1,4)",,False,47,"[8, 6, 1, 3, 4]",10,0.17632507193910701,261,319,7,0.054525201893622005,58,1
380,"(18,13)",,False,48,"[18, 9, 19, 7, 13]",11,0.225433955258516,263,321,6,0.020328599275967002,58,1
381,"(18,13)",,False,48,"[18, 9, 19, 7, 13]",11,0.225433955258516,263,321,6,0.020328599275967002,58,1
382,"(16,15)",,False,49,"[18, 16, 8, 10, 15]",11,0.20854450942170202,265,323,6,0.015838206627680002,58,1
383,"(16,15)",,False,49,"[18, 16, 8, 10, 15]",11,0.20854450942170202,265,323,6,0.015838206627680002,58,1
384,"(5,0)",,False,46,"[3, 5, 15, 0, 4]",10,0.183635013459574,267,325,6,0.027322936972059002,58,1
385,"(5,0)",,False,46,"[3, 5, 15, 0, 4]",10,0.183635013459574,267,325,6,0.027322936972059002,58,1
386,"(19,0)",,False,45,"[14, 15, 19, 0, 4]",9,0.165701290262693,269,327,6,0.046458739441195,58,1
387,"(19,0)",,False,45,"[14, 15, 19, 0, 4]",9,0.165701290262693,269,327,6,0.046458739441195,58,1
388,"(13,0)",,False,43,"[13, 0, 8, 1, 19]",8,0.142390698969646,271,329,6,0.055717998700454005,58,1
389,"(13,0)",,False,43,"[13, 0, 8, 1, 19]",8,0.142390698969646,271,329,6,0.055717998700454005,58,1
390,"(18,0)",,False,42,"[2, 18, 16, 8, 0]",7,0.11339459760512301,273,331,6,0.07677063027940201,58,1
391,"(18,0)",,False,42,"[2, 18, 16, 8, 0]",7,0.11339459760512301,273,331,6,0.07677063027940201,58,1
392,"(5,7)",,False,45,"[17, 0, 5, 7, 4]",9,0.21531606794764602,275,333,6,0.052241715399610006,58,1
393,"(5,7)",,False,45,"[17, 0, 5, 7, 4]",9,0.21531606794764602,275,333,6,0.052241715399610006,58,1
394,"(11,6)",,False,44,"[12, 16, 11, 14, 6]",9,0.227875243664717,277,335,6,0.049805068226120006,58,1
395,"(11,6)",,False,44,"[12, 16, 11, 14, 6]",9,0.227875243664717,277,335,6,0.049805068226120006,58,1
396,"(18,13)",,False,43,"[18, 3, 13, 9, 14]",9,0.24532163742690002,279,337,6,0.044736842105263006,58,1
397,"(18,13)",,False,43,"[18, 3, 13, 9, 14]",9,0.24532163742690002,279,337,6,0.044736842105263006,58,1
398,"(12,9)",,False,44,"[12, 14, 13, 16, 9]",9,0.220467836257309,281,339,6,0.049122807017543006,58,1
399,"(12,9)",,False,44,"[12, 14, 13, 16, 9]",9,0.220467836257309,281,339,6,0.049122807017543006,58,1
400,"(6,13)",,False,44,"[10, 6, 14, 13, 11]",9,0.220662768031189,283,341,6,0.04766081871345,58,1
401,"(6,13)",,False,44,"[10, 6, 14, 13, 11]",9,0.220662768031189,283,341,6,0.04766081871345,58,1
402,"(14,13)",,False,43,"[14, 17, 13, 19, 6]",9,0.19629629629629602,285,343,6,0.04766081871345,58,1
403,"(14,13)",,False,43,"[14, 17, 13, 19, 6]",9,0.19629629629629602,285,343,6,0.04766081871345,58,1
404,"(18,8)",,False,46,"[9, 18, 13, 8, 17]",9,0.21598440545808903,287,345,6,0.047076023391812,58,1
405,"(18,8)",,False,46,"[9, 18, 13, 8, 17]",9,0.21598440545808903,287,345,6,0.047076023391812,58,1
406,"(1,2)",,False,47,"[1, 13, 2, 10, 14]",9,0.19030214424951203,289,347,7,0.09127680311890801,58,1
407,"(1,2)",,False,47,"[1, 13, 2, 10, 14]",9,0.19030214424951203,289,347,7,0.09127680311890801,58,1
408,"(1,13)",,False,48,"[1, 15, 11, 19, 13]",9,0.172445001392369,291,349,8,0.11685695720783401,58,1
409,"(1,13)",,False,48,"[1, 15, 11, 19, 13]",9,0.172445001392369,291,349,8,0.11685695720783401,58,1
410,"(10,0)",,False,45,"[12, 10, 14, 0, 3]",8,0.1744917850181,293,351,8,0.14721526037315502,58,1
411,"(10,0)",,False,45,"[12, 10, 14, 0, 3]",8,0.1744917850181,293,351,8,0.14721526037315502,58,1
412,"(14,1)",,True,48,"[14, 1, 13, 15, 10]",8,0.122737399053188,293,352,9,0.185811751601225,59,1
413,"(14,1)",,True,48,"[14, 1, 13, 15, 10]",8,0.122737399053188,293,352,9,0.185811751601225,59,1
414,"(19,13)",,False,45,"[19, 13, 11, 16, 9]",8,0.1770955165692,295,354,7,0.15662768031189,59,1
415,"(19,13)",,False,45,"[19, 13, 11, 16, 9]",8,0.1770955165692,295,354,7,0.15662768031189,59,1
416,"(13,0)",,False,44,"[16, 6, 17, 13, 0]",7,0.149512670565302,297,356,7,0.136549707602339,59,1
417,"(13,0)",,False,44,"[16, 6, 17, 13, 0]",7,0.149512670565302,297,356,7,0.136549707602339,59,1
418,"(4,10)",,False,45,"[16, 6, 4, 10, 3]",7,0.149220272904483,299,358,7,0.13630604288499001,59,1
419,"(4,10)",,False,45,"[16, 6, 4, 10, 3]",7,0.149220272904483,299,358,7,0.13630604288499001,59,1
420,"(7,0)",,True,46,"[7, 8, 6, 3, 0]",8,0.18939014202172003,301,360,7,0.138603453077137,59,1
421,"(7,0)",,True,46,"[7, 8, 6, 3, 0]",8,0.18939014202172003,301,360,7,0.138603453077137,59,1
422,"(11,13)",,False,45,"[11, 13, 7, 9, 16]",8,0.20845168476747403,303,362,7,0.141924255082149,59,1
423,"(11,13)",,False,45,"[11, 13, 7, 9, 16]",8,0.20845168476747403,303,362,7,0.141924255082149,59,1
424,"(3,5)",,False,44,"[9, 19, 0, 3, 5]",8,0.26055416318574204,305,364,7,0.146365914786967,59,1
425,"(3,5)",,False,44,"[9, 19, 0, 3, 5]",8,0.26055416318574204,305,364,7,0.146365914786967,59,1
426,"(5,7)",,False,43,"[5, 7, 9, 2, 13]",8,0.281091617933723,307,366,7,0.143817878028404,59,1
427,"(5,7)",,False,43,"[5, 7, 9, 2, 13]",8,0.281091617933723,307,366,7,0.143817878028404,59,1
428,"(3,6)",,False,44,"[3, 6, 12, 7, 10]",8,0.279922027290448,309,368,7,0.141868560289612,59,1
429,"(3,6)",,False,44,"[3, 6, 12, 7, 10]",8,0.279922027290448,309,368,7,0.141868560289612,59,1
430,"(18,14)",,False,43,"[18, 9, 4, 14, 10]",9,0.314035087719298,311,370,6,0.040016708437761006,59,1
431,"(18,14)",,False,43,"[18, 9, 4, 14, 10]",9,0.314035087719298,311,370,6,0.040016708437761006,59,1
432,"(7,1)",,False,42,"[6, 18, 16, 7, 1]",9,0.34015594541910305,313,372,7,0.10808966861598401,59,1
433,"(7,1)",,False,42,"[6, 18, 16, 7, 1]",9,0.34015594541910305,313,372,7,0.10808966861598401,59,1
434,"(1,8)",,False,43,"[1, 6, 8, 0, 10]",10,0.338206627680311,315,374,8,0.13898635477582802,59,1
435,"(1,8)",,False,43,"[1, 6, 8, 0, 10]",10,0.338206627680311,315,374,8,0.13898635477582802,59,1
436,"(1,17)",,False,44,"[1, 17, 9, 6, 4]",10,0.27048640118815503,317,376,9,0.15592685417246802,59,1
437,"(1,17)",,False,44,"[1, 17, 9, 6, 4]",10,0.27048640118815503,317,376,9,0.15592685417246802,59,1
438,"(0,11)",,False,43,"[14, 0, 11, 3, 12]",9,0.246412327114081,319,378,9,0.15351805439524702,59,1
439,"(0,11)",,False,43,"[14, 0, 11, 3, 12]",9,0.246412327114081,319,378,9,0.15351805439524702,59,1
440,"(19,16)",,False,46,"[11, 19, 16, 12, 4]",9,0.185997400909681,321,380,9,0.11738141650422301,59,1
441,"(19,16)",,False,46,"[11, 19, 16, 12, 4]",9,0.185997400909681,321,380,9,0.11738141650422301,59,1
442,"(5,1)",,False,47,"[17, 7, 18, 5, 1]",9,0.16889213775178602,321,381,10,0.169298245614035,60,1
443,"(5,1)",,False,47,"[17, 7, 18, 5, 1]",9,0.16889213775178602,321,381,10,0.169298245614035,60,1
444,"(0,8)",,False,46,"[18, 11, 0, 9, 8]",8,0.14731968810916102,321,382,10,0.19556530214424903,61,1
445,"(0,8)",,False,46,"[18, 11, 0, 9, 8]",8,0.14731968810916102,321,382,10,0.19556530214424903,61,1
446,"(14,1)",,False,49,"[14, 12, 17, 0, 1]",10,0.23129583217302502,321,383,11,0.280859556298152,62,1
447,"(14,1)",,False,49,"[14, 12, 17, 0, 1]",10,0.23129583217302502,321,383,11,0.280859556298152,62,1
448,"(16,18)",,False,52,"[16, 19, 14, 18, 10]",10,0.19291837142714302,319,383,11,0.25296235603253103,64,1
449,"(16,18)",,False,52,"[16, 19, 14, 18, 10]",10,0.19291837142714302,319,383,11,0.25296235603253103,64,1
450,"(18,1)",,False,55,"[13, 18, 17, 7, 1]",10,0.171365914786967,317,383,12,0.221073517126148,66,1
451,"(18,1)",,False,55,"[13, 18, 17, 7, 1]",10,0.171365914786967,317,383,12,0.221073517126148,66,1
452,"(4,17)",,False,54,"[4, 17, 3, 14, 8]",10,0.18481684007999802,319,385,10,0.174223437381332,66,1
453,"(4,17)",,False,54,"[4, 17, 3, 14, 8]",10,0.18481684007999802,319,385,10,0.174223437381332,66,1
454,"(10,1)",,False,53,"[10, 17, 1, 2, 11]",10,0.18569403306245402,319,386,11,0.247060833902939,67,1
455,"(10,1)",,False,53,"[10, 17, 1, 2, 11]",10,0.18569403306245402,319,386,11,0.247060833902939,67,1
456,4:10,assassinate,True,46,"[4, 6, 1, 18, 13]",9,0.22026915579547102,319,387,10,0.265639526165841,68,1
457,4:10,assassinate,True,46,"[4, 6, 1, 18, 13]",9,0.22026915579547102,319,387,10,0.265639526165841,68,1
458,"(12,6)",,False,47,"[12, 14, 9, 11, 6]",10,0.236494012809802,317,387,10,0.263143971038707,70,1
459,"(12,6)",,False,47,"[12, 14, 9, 11, 6]",10,0.236494012809802,317,387,10,0.263143971038707,70,1
460,"(9,18)",,False,47,"[2, 9, 16, 6, 18]",10,0.22031467557783302,315,387,10,0.26031746031746,72,1
461,"(9,18)",,False,47,"[2, 9, 16, 6, 18]",10,0.22031467557783302,315,387,10,0.26031746031746,72,1
462,"(8,15)",,False,46,"[10, 8, 14, 5, 15]",11,0.335059871901977,317,389,10,0.286271233639654,72,1
463,"(8,15)",,False,46,"[10, 8, 14, 5, 15]",11,0.335059871901977,317,389,10,0.286271233639654,72,1
464,15:10,assassinate,True,43,"[1, 18, 15, 2, 16]",10,0.27531328320802,319,391,10,0.22467279309384502,72,1
465,15:10,assassinate,True,43,"[1, 18, 15, 2, 16]",10,0.27531328320802,319,391,10,0.22467279309384502,72,1
466,"(1,4)",,False,46,"[1, 5, 14, 4, 18]",10,0.214327485380116,321,393,11,0.20339738234475002,72,1
467,"(1,4)",,False,46,"[1, 5, 14, 4, 18]",10,0.214327485380116,321,393,11,0.20339738234475002,72,1
468,"(0,18)",,False,43,"[9, 0, 18, 1, 8]",9,0.27707463102199903,323,395,9,0.172869674185463,72,1
469,"(0,18)",,False,43,"[9, 0, 18, 1, 8]",9,0.27707463102199903,323,395,9,0.172869674185463,72,1
470,"(1,15)",,False,44,"[13, 1, 6, 15, 14]",9,0.30909913673071504,325,397,10,0.27325953773322104,72,1
471,"(1,15)",,False,44,"[13, 1, 6, 15, 14]",9,0.30909913673071504,325,397,10,0.27325953773322104,72,1
472,"(8,2)",,False,45,"[8, 18, 3, 17, 2]",9,0.313004734057365,327,399,10,0.26521396082799503,72,1
473,"(8,2)",,False,45,"[8, 18, 3, 17, 2]",9,0.313004734057365,327,399,10,0.26521396082799503,72,1
474,"(10,15)",,False,46,"[10, 15, 16, 17, 9]",11,0.345391255917571,329,401,10,0.252529471827717,72,1
475,"(10,15)",,False,46,"[10, 15, 16, 17, 9]",11,0.345391255917571,329,401,10,0.252529471827717,72,1
476,"(13,0)",,False,45,"[13, 14, 15, 11, 0]",11,0.357356353847581,331,403,9,0.23186670379652802,72,1
477,"(13,0)",,False,45,"[13, 14, 15, 11, 0]",11,0.357356353847581,331,403,9,0.23186670379652802,72,1
478,"(12,19)",,False,46,"[6, 7, 12, 18, 19]",11,0.29860763018657704,333,405,9,0.211904761904761,72,1
479,"(12,19)",,False,46,"[6, 7, 12, 18, 19]",11,0.29860763018657704,333,405,9,0.211904761904761,72,1
480,"(12,17)",,False,45,"[7, 16, 12, 3, 17]",11,0.271999443052074,335,407,7,0.16766917293233002,72,1
481,"(12,17)",,False,45,"[7, 16, 12, 3, 17]",11,0.271999443052074,335,407,7,0.16766917293233002,72,1
482,"(0,5)",,False,46,"[9, 11, 7, 0, 5]",10,0.246959992574027,337,409,7,0.15751415575976901,72,1
483,"(0,5)",,False,46,"[9, 11, 7, 0, 5]",10,0.246959992574027,337,409,7,0.15751415575976901,72,1
484,"(0,4)",,True,47,"[10, 0, 15, 14, 4]",9,0.13300929090402702,339,411,7,0.12219964895403401,72,1
485,"(0,4)",,True,47,"[10, 0, 15, 14, 4]",9,0.13300929090402702,339,411,7,0.12219964895403401,72,1
486,"(19,0)",,False,48,"[17, 3, 19, 10, 0]",8,0.09180358303165301,339,412,7,0.111705188898171,73,1
487,"(19,0)",,False,48,"[17, 3, 19, 10, 0]",8,0.09180358303165301,339,412,7,0.111705188898171,73,1
488,"(0,16)",,False,49,"[19, 12, 0, 16, 7]",9,0.199919200357796,341,414,7,0.116913073930617,73,1
489,"(0,16)",,False,49,"[19, 12, 0, 16, 7]",9,0.199919200357796,341,414,7,0.116913073930617,73,1
490,"(4,18)",,False,51,"[4, 19, 18, 17, 11]",9,0.144948440123878,343,416,7,0.09709501025290401,73,1
491,"(4,18)",,False,51,"[4, 19, 18, 17, 11]",9,0.144948440123878,343,416,7,0.09709501025290401,73,1
492,13:12,assassinate,True,47,"[12, 8, 2, 7, 13]",10,0.16352455212104303,345,418,7,0.09742875707787901,73,1
493,13:12,assassinate,True,47,"[12, 8, 2, 7, 13]",10,0.16352455212104303,345,418,7,0.09742875707787901,73,1
494,"(0,12)",,True,44,"[0, 2, 11, 12, 19]",9,0.191079729237623,347,420,5,0.040951916829109,73,1
495,"(0,12)",,True,44,"[0, 2, 11, 12, 19]",9,0.191079729237623,347,420,5,0.040951916829109,73,1
496,"(4,12)",,False,45,"[3, 4, 12, 11, 5]",9,0.16395011220862601,349,422,5,0.038564213564213,73,1
497,"(4,12)",,False,45,"[3, 4, 12, 11, 5]",9,0.16395011220862601,349,422,5,0.038564213564213,73,1
498,"(5,1)",,False,46,"[8, 14, 6, 5, 1]",10,0.24104339796860502,351,424,6,0.068184349763297,73,1
499,"(5,1)",,False,46,"[8, 14, 6, 5, 1]",10,0.24104339796860502,351,424,6,0.068184349763297,73,1
500,"(9,19)",,False,45,"[9, 19, 14, 7, 13]",10,0.298158590921748,353,426,6,0.07259352083913401,73,1
501,"(9,19)",,False,45,"[9, 19, 14, 7, 13]",10,0.298158590921748,353,426,6,0.07259352083913401,73,1
502,"(1,13)",,False,44,"[12, 17, 1, 13, 19]",10,0.34693678641047004,355,428,7,0.18003341687552202,73,1
503,"(1,13)",,False,44,"[12, 17, 1, 13, 19]",10,0.34693678641047004,355,428,7,0.18003341687552202,73,1
504,"(0,3)",,False,43,"[0, 16, 3, 11, 13]",9,0.263399238837835,357,430,7,0.12527847396268402,73,1
505,"(0,3)",,False,43,"[0, 16, 3, 11, 13]",9,0.263399238837835,357,430,7,0.12527847396268402,73,1
506,4:8,assassinate,True,39,"[4, 12, 5, 6, 3]",8,0.240545808966861,359,432,7,0.15224171539961,73,1
507,4:8,assassinate,True,39,"[4, 12, 5, 6, 3]",8,0.240545808966861,359,432,7,0.15224171539961,73,1
508,16:16,assassinate,True,31,"[16, 6, 15, 11, 5]",7,0.22651072124756302,359,433,7,0.239278752436647,74,1
509,16:16,assassinate,True,31,"[16, 6, 15, 11, 5]",7,0.22651072124756302,359,433,7,0.239278752436647,74,1
510,"(6,9)",,False,34,"[18, 16, 6, 4, 9]",7,0.24113060428849903,361,435,7,0.157894736842105,74,1
511,"(6,9)",,False,34,"[18, 16, 6, 4, 9]",7,0.24113060428849903,361,435,7,0.157894736842105,74,1
512,"(3,19)",,False,35,"[3, 19, 7, 13, 5]",9,0.29731968810916104,363,437,7,0.12485380116959001,74,1
513,"(3,19)",,False,35,"[3, 19, 7, 13, 5]",9,0.29731968810916104,363,437,7,0.12485380116959001,74,1
514,"(13,3)",,False,38,"[14, 8, 13, 3, 4]",11,0.454352226720647,365,439,7,0.22961463487779202,74,1
515,"(13,3)",,False,38,"[14, 8, 13, 3, 4]",11,0.454352226720647,365,439,7,0.22961463487779202,74,1
516,"(14,12)",,False,39,"[19, 15, 14, 6, 12]",12,0.532683560753736,367,441,6,0.049740090968161,74,1
517,"(14,12)",,False,39,"[19, 15, 14, 6, 12]",12,0.532683560753736,367,441,6,0.049740090968161,74,1
518,"(4,1)",,False,40,"[17, 14, 7, 4, 1]",12,0.499057829759584,369,443,7,0.072936972059779,74,1
519,"(4,1)",,False,40,"[17, 14, 7, 4, 1]",12,0.499057829759584,369,443,7,0.072936972059779,74,1
520,"(3,14)",,False,43,"[19, 0, 3, 14, 12]",14,0.47283950617283904,371,445,7,0.054223521767381,74,1
521,"(3,14)",,False,43,"[19, 0, 3, 14, 12]",14,0.47283950617283904,371,445,7,0.054223521767381,74,1
522,17:2,assassinate,True,41,"[9, 18, 8, 14, 17]",13,0.382975958414554,373,447,7,0.05198180636777101,74,1
523,17:2,assassinate,True,41,"[9, 18, 8, 14, 17]",13,0.382975958414554,373,447,7,0.05198180636777101,74,1
524,"(14,10)",,False,40,"[19, 11, 14, 10, 8]",13,0.39337231968810904,375,449,7,0.05087719298245601,74,1
525,"(14,10)",,False,40,"[19, 11, 14, 10, 8]",13,0.39337231968810904,375,449,7,0.05087719298245601,74,1
526,"(0,10)",,False,41,"[3, 17, 0, 7, 10]",14,0.401559454191033,377,451,7,0.04317738791423,74,1
527,"(0,10)",,False,41,"[3, 17, 0, 7, 10]",14,0.401559454191033,377,451,7,0.04317738791423,74,1
528,4:4,assassinate,True,39,"[17, 15, 14, 18, 4]",13,0.33723196881091605,379,453,6,0.019785575048732,74,1
529,4:4,assassinate,True,39,"[17, 15, 14, 18, 4]",13,0.33723196881091605,379,453,6,0.019785575048732,74,1
530,"(7,14)",,False,38,"[16, 10, 13, 7, 14]",13,0.341423001949317,381,455,5,0.01569200779727,74,1
531,"(7,14)",,False,38,"[16, 10, 13, 7, 14]",13,0.341423001949317,381,455,5,0.01569200779727,74,1
532,"(17,1)",,True,39,"[17, 10, 16, 8, 1]",13,0.38723196881091604,383,457,6,0.080214424951267,74,1
533,"(17,1)",,True,39,"[17, 10, 16, 8, 1]",13,0.38723196881091604,383,457,6,0.080214424951267,74,1
534,"(4,1)",,False,40,"[2, 5, 4, 8, 1]",13,0.48732943469785506,385,459,7,0.203606237816764,74,1
535,"(4,1)",,False,40,"[2, 5, 4, 8, 1]",13,0.48732943469785506,385,459,7,0.203606237816764,74,1
536,"(5,0)",,False,38,"[5, 8, 11, 16, 0]",12,0.473879142300194,387,461,7,0.270662768031189,74,1
537,"(5,0)",,False,38,"[5, 8, 11, 16, 0]",12,0.473879142300194,387,461,7,0.270662768031189,74,1
538,"(7,0)",,False,35,"[2, 9, 7, 0, 10]",11,0.467348927875243,389,463,5,0.10406107862248201,74,1
539,"(7,0)",,False,35,"[2, 9, 7, 0, 10]",11,0.467348927875243,389,463,5,0.10406107862248201,74,1
540,"(18,17)",,False,34,"[4, 18, 5, 17, 19]",11,0.42456140350877103,391,465,3,0.0,74,1
541,"(18,17)",,False,34,"[4, 18, 5, 17, 19]",11,0.42456140350877103,391,465,3,0.0,74,1
542,"(16,1)",,False,37,"[16, 3, 15, 1, 17]",13,0.49220272904483403,393,467,4,0.082846003898635,74,1
543,"(16,1)",,False,37,"[16, 3, 15, 1, 17]",13,0.49220272904483403,393,467,4,0.082846003898635,74,1
544,"(1,11)",,False,40,"[9, 1, 16, 5, 11]",15,0.612865497076023,395,469,5,0.06091617933723101,74,1
545,"(1,11)",,False,40,"[9, 1, 16, 5, 11]",15,0.612865497076023,395,469,5,0.06091617933723101,74,1
546,"(7,14)",,False,39,"[13, 7, 14, 8, 17]",15,0.6304093567251461,397,471,5,0.06091617933723101,74,1
547,"(7,14)",,False,39,"[13, 7, 14, 8, 17]",15,0.6304093567251461,397,471,5,0.06091617933723101,74,1
548,"(18,2)",,False,40,"[18, 6, 7, 8, 2]",15,0.592369813422444,399,473,5,0.035686438318017,74,1
549,"(18,2)",,False,40,"[18, 6, 7, 8, 2]",15,0.592369813422444,399,473,5,0.035686438318017,74,1
550,"(13,6)",,False,40,"[4, 13, 8, 6, 7]",15,0.564689501531606,401,475,4,0.032275132275132005,74,1
551,"(13,6)",,False,40,"[4, 13, 8, 6, 7]",15,0.564689501531606,401,475,4,0.032275132275132005,74,1
552,"(13,19)",,False,42,"[2, 13, 19, 5, 4]",16,0.574101921470342,403,477,4,0.025452520189362,74,1
553,"(13,19)",,False,42,"[2, 13, 19, 5, 4]",16,0.574101921470342,403,477,4,0.025452520189362,74,1
554,"(14,15)",,False,41,"[11, 2, 12, 14, 15]",16,0.6041492620439991,405,479,4,0.027360066833751,74,1
555,"(14,15)",,False,41,"[11, 2, 12, 14, 15]",16,0.6041492620439991,405,479,4,0.027360066833751,74,1
556,"(5,6)",,False,38,"[2, 7, 5, 6, 10]",16,0.624004455583402,407,481,3,0.016624895572263,74,1
557,"(5,6)",,False,38,"[2, 7, 5, 6, 10]",16,0.624004455583402,407,481,3,0.016624895572263,74,1
558,"(2,1)",,False,40,"[2, 1, 7, 6, 13]",17,0.6041492620439991,409,483,4,0.024923419660261,74,1
559,"(2,1)",,False,40,"[2, 1, 7, 6, 13]",17,0.6041492620439991,409,483,4,0.024923419660261,74,1
560,"(18,14)",,False,41,"[18, 11, 19, 14, 8]",17,0.6977165135059871,411,485,4,0.026385407964355,74,1
561,"(18,14)",,False,41,"[18, 11, 19, 14, 8]",17,0.6977165135059871,411,485,4,0.026385407964355,74,1
562,"(1,12)",,False,40,"[0, 1, 9, 12, 7]",17,0.700194931773879,413,487,5,0.048538011695906005,74,1
563,"(1,12)",,False,40,"[0, 1, 9, 12, 7]",17,0.700194931773879,413,487,5,0.048538011695906005,74,1
564,"(15,1)",,False,39,"[2, 14, 15, 16, 1]",17,0.7070175438596491,415,489,6,0.059941520467836004,74,1
565,"(15,1)",,False,39,"[2, 14, 15, 16, 1]",17,0.7070175438596491,415,489,6,0.059941520467836004,74,1
566,"(13,12)",,False,40,"[7, 13, 8, 17, 12]",17,0.684043441938178,417,491,6,0.06126427179058701,74,1
567,"(13,12)",,False,40,"[7, 13, 8, 17, 12]",17,0.684043441938178,417,491,6,0.06126427179058701,74,1
568,"(7,1)",,False,42,"[19, 11, 7, 15, 1]",18,0.6920077972709551,419,493,7,0.051656920077972006,74,1
569,"(7,1)",,False,42,"[19, 11, 7, 15, 1]",18,0.6920077972709551,419,493,7,0.051656920077972006,74,1
570,16:4,assassinate,True,39,"[7, 11, 16, 5, 6]",17,0.6276803118908381,421,495,6,0.034113060428849006,74,1
571,16:4,assassinate,True,39,"[7, 11, 16, 5, 6]",17,0.6276803118908381,421,495,6,0.034113060428849006,74,1
572,"(1,4)",,False,40,"[19, 12, 1, 15, 4]",17,0.6042884990253411,423,497,7,0.051656920077972006,74,1
573,"(1,4)",,False,40,"[19, 12, 1, 15, 4]",17,0.6042884990253411,423,497,7,0.051656920077972006,74,1
574,"(1,3)",,False,40,"[1, 13, 4, 19, 3]",17,0.6013645224171541,425,499,7,0.052631578947368,74,1
575,"(1,3)",,False,40,"[1, 13, 4, 19, 3]",17,0.6013645224171541,425,499,7,0.052631578947368,74,1
576,7:4,assassinate,True,38,"[4, 7, 16, 18, 2]",17,0.552631578947368,427,501,7,0.038986354775828,74,1
577,7:4,assassinate,True,38,"[4, 7, 16, 18, 2]",17,0.552631578947368,427,501,7,0.038986354775828,74,1
578,"(4,0)",,False,38,"[6, 4, 15, 0, 3]",16,0.6130604288499021,429,503,7,0.123781676413255,74,1
579,"(4,0)",,False,38,"[6, 4, 15, 0, 3]",16,0.6130604288499021,429,503,7,0.123781676413255,74,1
580,"(8,1)",,False,39,"[8, 11, 1, 15, 3]",16,0.586744639376218,431,505,8,0.138401559454191,74,1
581,"(8,1)",,False,39,"[8, 11, 1, 15, 3]",16,0.586744639376218,431,505,8,0.138401559454191,74,1
582,"(7,18)",,False,38,"[12, 7, 18, 4, 2]",16,0.5964912280701751,433,507,6,0.11306042884990201,74,1
583,"(7,18)",,False,38,"[12, 7, 18, 4, 2]",16,0.5964912280701751,433,507,6,0.11306042884990201,74,1
584,"(1,9)",,False,40,"[8, 1, 6, 9, 2]",16,0.6728070175438591,435,509,7,0.128167641325536,74,1
585,"(1,9)",,False,40,"[8, 1, 6, 9, 2]",16,0.6728070175438591,435,509,7,0.128167641325536,74,1
586,"(1,16)",,False,39,"[5, 13, 7, 1, 16]",16,0.6375522138680031,437,511,8,0.196964633806739,74,1
587,"(1,16)",,False,39,"[5, 13, 7, 1, 16]",16,0.6375522138680031,437,511,8,0.196964633806739,74,1
588,12:2,assassinate,True,40,"[7, 12, 11, 6, 1]",15,0.5167677189607011,439,513,8,0.11119802874188801,74,1
589,12:2,assassinate,True,40,"[7, 12, 11, 6, 1]",15,0.5167677189607011,439,513,8,0.11119802874188801,74,1
590,5:4,assassinate,True,36,"[19, 0, 7, 5, 13]",14,0.45256196045669705,441,515,7,0.073057644110275,74,1
591,5:4,assassinate,True,36,"[19, 0, 7, 5, 13]",14,0.45256196045669705,441,515,7,0.073057644110275,74,1
592,3:2,assassinate,True,34,"[3, 15, 13, 12, 9]",12,0.34433305485937005,443,517,6,0.057992202729044005,74,1
593,3:2,assassinate,True,34,"[3, 15, 13, 12, 9]",12,0.34433305485937005,443,517,6,0.057992202729044005,74,1
594,"(16,2)",,False,33,"[16, 15, 19, 7, 2]",12,0.35565302144249505,445,519,4,0.016764132553606002,74,1
595,"(16,2)",,False,33,"[16, 15, 19, 7, 2]",12,0.35565302144249505,445,519,4,0.016764132553606002,74,1
596,11:12,assassinate,True,25,"[7, 15, 12, 11, 3]",11,0.336062378167641,447,521,4,0.022417153996101002,74,1
597,11:12,assassinate,True,25,"[7, 15, 12, 11, 3]",11,0.336062378167641,447,521,4,0.022417153996101002,74,1
598,"(0,8)",,True,24,"[0, 19, 16, 4, 8]",11,0.38791423001949304,449,523,4,0.09356725146198801,74,1
599,"(0,8)",,True,24,"[0, 19, 16, 4, 8]",11,0.38791423001949304,449,523,4,0.09356725146198801,74,1
600,"(11,15)",,False,27,"[7, 18, 12, 11, 15]",11,0.42524366471734804,451,525,4,0.044541910331384,74,1
601,"(11,15)",,False,27,"[7, 18, 12, 11, 15]",11,0.42524366471734804,451,525,4,0.044541910331384,74,1
602,"(5,2)",,False,27,"[17, 6, 14, 5, 2]",11,0.416666666666666,453,527,4,0.05214424951267001,74,1
603,"(5,2)",,False,27,"[17, 6, 14, 5, 2]",11,0.416666666666666,453,527,4,0.05214424951267001,74,1
604,"(10,14)",,False,30,"[5, 10, 19, 16, 14]",13,0.512670565302144,455,529,4,0.045321637426900006,74,1
605,"(10,14)",,False,30,"[5, 10, 19, 16, 14]",13,0.512670565302144,455,529,4,0.045321637426900006,74,1
606,"(16,14)",,False,29,"[3, 16, 2, 14, 7]",13,0.544834307992202,457,531,3,0.020467836257309,74,1
607,"(16,14)",,False,29,"[3, 16, 2, 14, 7]",13,0.544834307992202,457,531,3,0.020467836257309,74,1
608,"(4,16)",,False,32,"[10, 17, 11, 4, 16]",13,0.586744639376218,459,533,3,0.013645224171539001,74,1
609,"(4,16)",,False,32,"[10, 17, 11, 4, 16]",13,0.586744639376218,459,533,3,0.013645224171539001,74,1
610,"(0,12)",,False,31,"[0, 18, 12, 13, 15]",12,0.48732943469785506,461,535,3,0.013645224171539001,74,1
611,"(0,12)",,False,31,"[0, 18, 12, 13, 15]",12,0.48732943469785506,461,535,3,0.013645224171539001,74,1
612,13:4,assassinate,True,31,"[0, 16, 12, 13, 17]",13,0.5175438596491221,463,537,3,0.007797270955165,74,1
613,13:4,assassinate,True,31,"[0, 16, 12, 13, 17]",13,0.5175438596491221,463,537,3,0.007797270955165,74,1
614,"(15,7)",,False,32,"[15, 7, 0, 17, 12]",13,0.519632414369256,465,539,3,0.007797270955165,74,1
615,"(15,7)",,False,32,"[15, 7, 0, 17, 12]",13,0.519632414369256,465,539,3,0.007797270955165,74,1
616,17:4,assassinate,True,28,"[17, 1, 4, 13, 9]",12,0.48600668337510405,467,541,3,0.007797270955165,74,1
617,17:4,assassinate,True,28,"[17, 1, 4, 13, 9]",12,0.48600668337510405,467,541,3,0.007797270955165,74,1
618,"(7,1)",,False,31,"[7, 1, 2, 14, 16]",12,0.569200779727095,469,543,4,0.039961013645224,74,1
619,"(7,1)",,False,31,"[7, 1, 2, 14, 16]",12,0.569200779727095,469,543,4,0.039961013645224,74,1
620,"(17,16)",,False,33,"[17, 19, 18, 16, 8]",12,0.521637426900584,471,545,4,0.038986354775828,74,1
621,"(17,16)",,False,33,"[17, 19, 18, 16, 8]",12,0.521637426900584,471,545,4,0.038986354775828,74,1
622,"(10,19)",,False,35,"[10, 19, 5, 3, 8]",12,0.5538011695906431,473,547,4,0.038661468486029006,74,1
623,"(10,19)",,False,35,"[10, 19, 5, 3, 8]",12,0.5538011695906431,473,547,4,0.038661468486029006,74,1
624,"(1,12)",,False,35,"[5, 1, 18, 12, 16]",12,0.521052631578947,475,549,5,0.11062378167641301,74,1
625,"(1,12)",,False,35,"[5, 1, 18, 12, 16]",12,0.521052631578947,475,549,5,0.11062378167641301,74,1
626,"(0,10)",,False,36,"[0, 19, 7, 10, 11]",11,0.507699805068226,477,551,5,0.07066276803118901,74,1
627,"(0,10)",,False,36,"[0, 19, 7, 10, 11]",11,0.507699805068226,477,551,5,0.07066276803118901,74,1
628,"(12,11)",,False,35,"[14, 12, 5, 11, 10]",11,0.526218323586744,479,553,4,0.048830409356725,74,1
629,"(12,11)",,False,35,"[14, 12, 5, 11, 10]",11,0.526218323586744,479,553,4,0.048830409356725,74,1
630,"(4,7)",,False,35,"[8, 4, 18, 7, 11]",11,0.5121832358674461,481,555,4,0.046296296296296,74,1
631,"(4,7)",,False,35,"[8, 4, 18, 7, 11]",11,0.5121832358674461,481,555,4,0.046296296296296,74,1
632,"(10,11)",,False,38,"[10, 11, 3, 2, 18]",13,0.56120857699805,483,557,4,0.0317738791423,74,1
633,"(10,11)",,False,38,"[10, 11, 3, 2, 18]",13,0.56120857699805,483,557,4,0.0317738791423,74,1
634,3:4,assassinate,True,36,"[17, 3, 14, 15, 0]",12,0.47680311890838206,485,559,4,0.019883040935672003,74,1
635,3:4,assassinate,True,36,"[17, 3, 14, 15, 0]",12,0.47680311890838206,485,559,4,0.019883040935672003,74,1
636,6:6,assassinate,True,32,"[19, 9, 15, 12, 6]",11,0.36130604288499,487,561,4,0.019883040935672003,74,1
637,6:6,assassinate,True,32,"[19, 9, 15, 12, 6]",11,0.36130604288499,487,561,4,0.019883040935672003,74,1
638,"(5,15)",,False,31,"[11, 17, 5, 16, 15]",11,0.361988304093567,489,563,2,0.005263157894736001,74,1
639,"(5,15)",,False,31,"[11, 17, 5, 16, 15]",11,0.361988304093567,489,563,2,0.005263157894736001,74,1
640,"(19,0)",,False,32,"[12, 11, 19, 6, 0]",12,0.31598440545808903,491,565,3,0.005263157894736001,74,1
641,"(19,0)",,False,32,"[12, 11, 19, 6, 0]",12,0.31598440545808903,491,565,3,0.005263157894736001,74,1
642,"(19,1)",,False,35,"[19, 14, 12, 1, 16]",12,0.534697855750487,493,567,4,0.10467836257309901,74,1
643,"(19,1)",,False,35,"[19, 14, 12, 1, 16]",12,0.534697855750487,493,567,4,0.10467836257309901,74,1
644,"(3,8)",,False,34,"[3, 5, 8, 0, 4]",12,0.538011695906432,495,569,3,0.09941520467836201,74,1
645,"(3,8)",,False,34,"[3, 5, 8, 0, 4]",12,0.538011695906432,495,569,3,0.09941520467836201,74,1
646,"(3,17)",,False,34,"[3, 0, 17, 9, 14]",12,0.5238791423001941,497,571,3,0.09941520467836201,74,1
647,"(3,17)",,False,34,"[3, 0, 17, 9, 14]",12,0.5238791423001941,497,571,3,0.09941520467836201,74,1
648,"(6,13)",,False,35,"[10, 0, 6, 16, 13]",12,0.576608187134502,499,573,3,0.105263157894736,74,1
649,"(6,13)",,False,35,"[10, 0, 6, 16, 13]",12,0.576608187134502,499,573,3,0.105263157894736,74,1
650,"(9,12)",,False,34,"[13, 9, 17, 12, 7]",12,0.5994152046783621,501,575,3,0.105263157894736,74,1
651,"(9,12)",,False,34,"[13, 9, 17, 12, 7]",12,0.5994152046783621,501,575,3,0.105263157894736,74,1
652,"(14,4)",,False,33,"[19, 14, 4, 16, 11]",12,0.628167641325536,503,577,3,0.105263157894736,74,1
653,"(14,4)",,False,33,"[19, 14, 4, 16, 11]",12,0.628167641325536,503,577,3,0.105263157894736,74,1
654,16:4,assassinate,True,31,"[10, 13, 12, 15, 16]",12,0.589961013645224,505,579,3,0.09941520467836201,74,1
655,16:4,assassinate,True,31,"[10, 13, 12, 15, 16]",12,0.589961013645224,505,579,3,0.09941520467836201,74,1
656,"(0,8)",,False,30,"[9, 0, 5, 3, 8]",11,0.5665692007797271,507,581,3,0.134502923976608,74,1
657,"(0,8)",,False,30,"[9, 0, 5, 3, 8]",11,0.5665692007797271,507,581,3,0.134502923976608,74,1
658,"(0,15)",,False,30,"[2, 14, 0, 15, 12]",10,0.612865497076023,509,583,3,0.178362573099415,74,1
659,"(0,15)",,False,30,"[2, 14, 0, 15, 12]",10,0.612865497076023,509,583,3,0.178362573099415,74,1
660,5:4,assassinate,True,30,"[0, 7, 12, 17, 5]",9,0.47465886939571106,511,585,3,0.12690058479532101,74,1
661,5:4,assassinate,True,30,"[0, 7, 12, 17, 5]",9,0.47465886939571106,511,585,3,0.12690058479532101,74,1
662,3:6,assassinate,True,29,"[6, 0, 3, 11, 18]",8,0.37602339181286504,513,587,3,0.09590643274853801,74,1
663,3:6,assassinate,True,29,"[6, 0, 3, 11, 18]",8,0.37602339181286504,513,587,3,0.09590643274853801,74,1
664,9:6,assassinate,True,26,"[15, 3, 13, 12, 9]",7,0.276608187134502,515,589,3,0.07933723196881001,74,1
665,9:6,assassinate,True,26,"[15, 3, 13, 12, 9]",7,0.276608187134502,515,589,3,0.07933723196881001,74,1
666,"(2,14)",,False,29,"[15, 0, 2, 11, 14]",7,0.298830409356725,517,591,3,0.0953216374269,74,1
667,"(2,14)",,False,29,"[15, 0, 2, 11, 14]",7,0.298830409356725,517,591,3,0.0953216374269,74,1
668,"(1,16)",,False,30,"[2, 7, 1, 10, 16]",7,0.36364522417153905,519,593,4,0.20224171539961003,74,1
669,"(1,16)",,False,30,"[2, 7, 1, 10, 16]",7,0.36364522417153905,519,593,4,0.20224171539961003,74,1
670,"(10,1)",,False,29,"[16, 10, 9, 1, 6]",7,0.41325536062378104,521,595,5,0.26598440545808905,74,1
671,"(10,1)",,False,29,"[16, 10, 9, 1, 6]",7,0.41325536062378104,521,595,5,0.26598440545808905,74,1
672,"(1,12)",,False,30,"[14, 1, 12, 9, 3]",7,0.328362573099415,523,597,6,0.290545808966861,74,1
673,"(1,12)",,False,30,"[14, 1, 12, 9, 3]",7,0.328362573099415,523,597,6,0.290545808966861,74,1
674,"(1,9)",,True,32,"[1, 16, 6, 9, 3]",7,0.37719298245614,525,599,7,0.35311890838206605,74,1
675,"(1,9)",,True,32,"[1, 16, 6, 9, 3]",7,0.37719298245614,525,599,7,0.35311890838206605,74,1
676,"(16,5)",,False,35,"[9, 16, 15, 11, 5]",7,0.28518518518518504,525,600,7,0.293372319688109,75,1
677,"(16,5)",,False,35,"[9, 16, 15, 11, 5]",7,0.28518518518518504,525,600,7,0.293372319688109,75,1
678,"(4,1)",,False,38,"[11, 4, 1, 0, 16]",7,0.22709551656920002,525,601,8,0.28625730994152004,76,1
679,"(4,1)",,False,38,"[11, 4, 1, 0, 16]",7,0.22709551656920002,525,601,8,0.28625730994152004,76,1
680,"(18,6)",,False,37,"[3, 4, 18, 8, 6]",7,0.216861598440545,523,601,8,0.31481481481481405,78,1
681,"(18,6)",,False,37,"[3, 4, 18, 8, 6]",7,0.216861598440545,523,601,8,0.31481481481481405,78,1
682,"(6,10)",,False,38,"[6, 16, 10, 3, 9]",7,0.21658312447786102,521,601,8,0.27204121414647703,80,1
683,"(6,10)",,False,38,"[6, 16, 10, 3, 9]",7,0.21658312447786102,521,601,8,0.27204121414647703,80,1
684,17:10,assassinate,True,35,"[5, 8, 1, 9, 17]",6,0.17222222222222203,519,601,8,0.26803118908382,82,1
685,17:10,assassinate,True,35,"[5, 8, 1, 9, 17]",6,0.17222222222222203,519,601,8,0.26803118908382,82,1
686,"(2,0)",,False,34,"[7, 13, 2, 5, 0]",5,0.143497632971317,517,601,7,0.220147591200222,84,1
687,"(2,0)",,False,34,"[7, 13, 2, 5, 0]",5,0.143497632971317,517,601,7,0.220147591200222,84,1
688,"(1,17)",,False,35,"[13, 1, 7, 17, 3]",5,0.140383365821962,515,601,8,0.29408706952566604,86,1
689,"(1,17)",,False,35,"[13, 1, 7, 17, 3]",5,0.140383365821962,515,601,8,0.29408706952566604,86,1
690,"(0,12)",,False,36,"[2, 8, 0, 11, 12]",4,0.096263807667316,513,601,8,0.305880441845354,88,1
691,"(0,12)",,False,36,"[2, 8, 0, 11, 12]",4,0.096263807667316,513,601,8,0.305880441845354,88,1
692,"(12,16)",,False,37,"[12, 5, 17, 16, 15]",6,0.14473684210526302,511,601,8,0.318713450292397,90,1
693,"(12,16)",,False,37,"[12, 5, 17, 16, 15]",6,0.14473684210526302,511,601,8,0.318713450292397,90,1
694,"(8,2)",,False,38,"[19, 8, 2, 16, 10]",6,0.146686159844054,509,601,8,0.277777777777777,92,1
695,"(8,2)",,False,38,"[19, 8, 2, 16, 10]",6,0.146686159844054,509,601,8,0.277777777777777,92,1
696,"(15,6)",,False,39,"[19, 8, 15, 6, 0]",6,0.175800612642717,507,601,8,0.233834586466165,94,1
697,"(15,6)",,False,39,"[19, 8, 15, 6, 0]",6,0.175800612642717,507,601,8,0.233834586466165,94,1
698,"(6,16)",,False,38,"[9, 7, 17, 6, 16]",6,0.170175438596491,505,601,7,0.201267056530214,96,1
699,"(6,16)",,False,38,"[9, 7, 17, 6, 16]",6,0.170175438596491,505,601,7,0.201267056530214,96,1
700,"(8,13)",,False,41,"[14, 18, 8, 13, 10]",6,0.14148565859092102,503,601,7,0.18760094681147302,98,1
701,"(8,13)",,False,41,"[14, 18, 8, 13, 10]",6,0.14148565859092102,503,601,7,0.18760094681147302,98,1
702,16:18,assassinate,True,32,"[15, 16, 12, 5, 8]",5,0.13499025341130602,503,602,7,0.262670565302144,99,1
703,16:18,assassinate,True,32,"[15, 16, 12, 5, 8]",5,0.13499025341130602,503,602,7,0.262670565302144,99,1
704,"(3,8)",,False,35,"[9, 3, 8, 13, 17]",7,0.19827346143135602,503,603,7,0.218059036480089,100,1
705,"(3,8)",,False,35,"[9, 3, 8, 13, 17]",7,0.19827346143135602,503,603,7,0.218059036480089,100,1
706,"(8,16)",,False,38,"[17, 8, 16, 19, 18]",9,0.328395061728395,505,605,7,0.19587394411955802,100,1
707,"(8,16)",,False,38,"[17, 8, 16, 19, 18]",9,0.328395061728395,505,605,7,0.19587394411955802,100,1
708,"(0,18)",,False,39,"[0, 18, 17, 5, 1]",10,0.30335561125034805,507,607,7,0.217432470064049,100,1
709,"(0,18)",,False,39,"[0, 18, 17, 5, 1]",10,0.30335561125034805,507,607,7,0.217432470064049,100,1
710,11:4,assassinate,True,39,"[11, 1, 3, 0, 18]",11,0.35856307435254803,509,609,7,0.14466026176552402,100,1
711,11:4,assassinate,True,39,"[11, 1, 3, 0, 18]",11,0.35856307435254803,509,609,7,0.14466026176552402,100,1
712,"(3,14)",,False,39,"[15, 4, 3, 14, 5]",11,0.35565302144249505,511,611,7,0.15272904483430702,100,1
713,"(3,14)",,False,39,"[15, 4, 3, 14, 5]",11,0.35565302144249505,511,611,7,0.15272904483430702,100,1
714,"(1,6)",,False,42,"[19, 1, 6, 3, 17]",13,0.39999250262408104,513,613,8,0.13062678062678001,100,1
715,"(1,6)",,False,42,"[19, 1, 6, 3, 17]",13,0.39999250262408104,513,613,8,0.13062678062678001,100,1
716,"(11,0)",,False,42,"[2, 8, 11, 7, 0]",13,0.39999250262408104,515,615,8,0.13062678062678001,100,1
717,"(11,0)",,False,42,"[2, 8, 11, 7, 0]",13,0.39999250262408104,515,615,8,0.13062678062678001,100,1
718,"(13,0)",,False,42,"[11, 13, 7, 0, 14]",12,0.40793186670379605,517,617,8,0.170723104056437,100,1
719,"(13,0)",,False,42,"[11, 13, 7, 0, 14]",12,0.40793186670379605,517,617,8,0.170723104056437,100,1
720,"(16,12)",,False,45,"[17, 16, 2, 12, 18]",12,0.412670565302144,519,619,8,0.149707602339181,100,1
721,"(16,12)",,False,45,"[17, 16, 2, 12, 18]",12,0.412670565302144,519,619,8,0.149707602339181,100,1
722,"(1,13)",,True,48,"[1, 2, 13, 12, 9]",14,0.446616541353383,521,621,9,0.159182678919521,100,1
723,"(1,13)",,True,48,"[1, 2, 13, 12, 9]",14,0.446616541353383,521,621,9,0.159182678919521,100,1
724,"(4,5)",,False,48,"[4, 17, 14, 5, 13]",14,0.40265942634363605,523,623,9,0.15440685045948202,100,1
725,"(4,5)",,False,48,"[4, 17, 14, 5, 13]",14,0.40265942634363605,523,623,9,0.15440685045948202,100,1
726,"(1,11)",,False,47,"[17, 1, 11, 8, 5]",14,0.39837092731829504,525,625,10,0.22985240879977703,100,1
727,"(1,11)",,False,47,"[17, 1, 11, 8, 5]",14,0.39837092731829504,525,625,10,0.22985240879977703,100,1
728,"(5,0)",,False,44,"[13, 5, 17, 0, 8]",13,0.384795321637426,527,627,10,0.257504873294346,100,1
729,"(5,0)",,False,44,"[13, 5, 17, 0, 8]",13,0.384795321637426,527,627,10,0.257504873294346,100,1
730,"(4,3)",,False,45,"[2, 4, 3, 12, 11]",14,0.394931773879142,529,629,10,0.21676413255360602,100,1
731,"(4,3)",,False,45,"[2, 4, 3, 12, 11]",14,0.394931773879142,529,629,10,0.21676413255360602,100,1
732,"(6,0)",,False,42,"[3, 15, 18, 6, 0]",13,0.37567529935950905,531,631,10,0.29521024784182603,100,1
733,"(6,0)",,False,42,"[3, 15, 18, 6, 0]",13,0.37567529935950905,531,631,10,0.29521024784182603,100,1
734,"(0,4)",,False,43,"[3, 0, 8, 17, 4]",12,0.33577567656515,533,633,10,0.27061719956456703,100,1
735,"(0,4)",,False,43,"[3, 0, 8, 17, 4]",12,0.33577567656515,533,633,10,0.27061719956456703,100,1
736,"(10,8)",,False,42,"[10, 14, 8, 9, 2]",12,0.385370834493641,535,635,8,0.18879606423466003,100,1
737,"(10,8)",,False,42,"[10, 14, 8, 9, 2]",12,0.385370834493641,535,635,8,0.18879606423466003,100,1
738,"(3,5)",,False,45,"[14, 3, 5, 16, 17]",12,0.352729044834308,537,637,8,0.150682261208577,100,1
739,"(3,5)",,False,45,"[14, 3, 5, 16, 17]",12,0.352729044834308,537,637,8,0.150682261208577,100,1
740,14:4,assassinate,True,41,"[14, 3, 11, 16, 4]",11,0.342202729044834,539,639,7,0.126754385964912,100,1
741,14:4,assassinate,True,41,"[14, 3, 11, 16, 4]",11,0.342202729044834,539,639,7,0.126754385964912,100,1
742,"(9,0)",,False,40,"[9, 15, 10, 0, 8]",10,0.408530163793321,541,641,7,0.155302608372783,100,1
743,"(9,0)",,False,40,"[9, 15, 10, 0, 8]",10,0.408530163793321,541,641,7,0.155302608372783,100,1
744,"(8,4)",,False,41,"[3, 14, 8, 0, 4]",10,0.32063492063492005,543,643,7,0.111125034809245,100,1
745,"(8,4)",,False,41,"[3, 14, 8, 0, 4]",10,0.32063492063492005,543,643,7,0.111125034809245,100,1
746,"(0,19)",,False,40,"[16, 0, 14, 19, 10]",9,0.337593984962406,545,645,7,0.16677805625174003,100,1
747,"(0,19)",,False,40,"[16, 0, 14, 19, 10]",9,0.337593984962406,545,645,7,0.16677805625174003,100,1
748,"(11,2)",,False,41,"[4, 3, 11, 2, 7]",9,0.31127819548872104,547,647,7,0.16482873851294902,100,1
749,"(11,2)",,False,41,"[4, 3, 11, 2, 7]",9,0.31127819548872104,547,647,7,0.16482873851294902,100,1
750,"(14,17)",,False,44,"[14, 11, 3, 17, 18]",11,0.348050682261208,549,649,7,0.154158544509421,100,1
751,"(14,17)",,False,44,"[14, 11, 3, 17, 18]",11,0.348050682261208,549,649,7,0.154158544509421,100,1
752,2:6,assassinate,True,43,"[17, 10, 3, 2, 8]",12,0.35114174324700603,551,651,7,0.127694235588972,100,1
753,2:6,assassinate,True,43,"[17, 10, 3, 2, 8]",12,0.35114174324700603,551,651,7,0.127694235588972,100,1
754,"(4,2)",,False,44,"[5, 15, 4, 18, 2]",12,0.38428014480646006,553,653,7,0.13354218880534602,100,1
755,"(4,2)",,False,44,"[5, 15, 4, 18, 2]",12,0.38428014480646006,553,653,7,0.13354218880534602,100,1
756,"(0,17)",,False,45,"[0, 11, 17, 2, 4]",13,0.42277917014759103,555,655,7,0.11151489835700301,100,1
757,"(0,17)",,False,45,"[0, 11, 17, 2, 4]",13,0.42277917014759103,555,655,7,0.11151489835700301,100,1
758,"(1,14)",,False,48,"[5, 1, 14, 11, 16]",13,0.39074074074074006,557,657,8,0.09618490671122201,100,1
759,"(1,14)",,False,48,"[5, 1, 14, 11, 16]",13,0.39074074074074006,557,657,8,0.09618490671122201,100,1
760,18:6,assassinate,True,45,"[8, 6, 18, 2, 7]",12,0.32080896686159804,559,659,8,0.07394411955815401,100,1
761,18:6,assassinate,True,45,"[8, 6, 18, 2, 7]",12,0.32080896686159804,559,659,8,0.07394411955815401,100,1
762,5:6,assassinate,True,40,"[5, 3, 2, 11, 8]",11,0.33308270676691704,561,661,7,0.068518518518518,100,1
763,5:6,assassinate,True,40,"[5, 3, 2, 11, 8]",11,0.33308270676691704,561,661,7,0.068518518518518,100,1
764,"(0,18)",,False,41,"[0, 15, 17, 5, 18]",12,0.43249791144527905,563,663,7,0.07485380116959,100,1
765,"(0,18)",,False,41,"[0, 15, 17, 5, 18]",12,0.43249791144527905,563,663,7,0.07485380116959,100,1
766,"(1,15)",,False,40,"[5, 17, 1, 10, 15]",12,0.436688944583681,565,665,6,0.05029239766081801,100,1
767,"(1,15)",,False,40,"[5, 17, 1, 10, 15]",12,0.436688944583681,565,665,6,0.05029239766081801,100,1
768,"(7,13)",,False,39,"[6, 7, 19, 13, 10]",12,0.44837092731829503,567,667,6,0.050779727095516,100,1
769,"(7,13)",,False,39,"[6, 7, 19, 13, 10]",12,0.44837092731829503,567,667,6,0.050779727095516,100,1
770,"(4,1)",,False,40,"[7, 18, 4, 1, 14]",12,0.44697855750487303,569,669,7,0.096296296296296,100,1
771,"(4,1)",,False,40,"[7, 18, 4, 1, 14]",12,0.44697855750487303,569,669,7,0.096296296296296,100,1
772,"(12,6)",,False,39,"[12, 11, 6, 10, 9]",12,0.45552770815928706,571,671,7,0.09678362573099401,100,1
773,"(12,6)",,False,39,"[12, 11, 6, 10, 9]",12,0.45552770815928706,571,671,7,0.09678362573099401,100,1
774,15:10,assassinate,True,36,"[15, 19, 7, 2, 1]",11,0.384502923976608,573,673,6,0.05941241993873501,100,1
775,15:10,assassinate,True,36,"[15, 19, 7, 2, 1]",11,0.384502923976608,573,673,6,0.05941241993873501,100,1
776,"(0,14)",,False,35,"[12, 8, 0, 4, 14]",10,0.29928989139515405,575,675,6,0.113742690058479,100,1
777,"(0,14)",,False,35,"[12, 8, 0, 4, 14]",10,0.29928989139515405,575,675,6,0.113742690058479,100,1
778,"(0,3)",,False,34,"[11, 0, 15, 18, 3]",9,0.294806460595934,577,677,6,0.07202729044834301,100,1
779,"(0,3)",,False,34,"[11, 0, 15, 18, 3]",9,0.294806460595934,577,677,6,0.07202729044834301,100,1
780,"(9,12)",,False,37,"[9, 11, 12, 19, 7]",9,0.27716977629258305,579,679,6,0.048616912652,100,1
781,"(9,12)",,False,37,"[9, 11, 12, 19, 7]",9,0.27716977629258305,579,679,6,0.048616912652,100,1
782,"(17,13)",,False,38,"[7, 17, 2, 14, 13]",9,0.268003341687552,581,681,6,0.038415483152325,100,1
783,"(17,13)",,False,38,"[7, 17, 2, 14, 13]",9,0.268003341687552,581,681,6,0.038415483152325,100,1
784,"(8,18)",,False,40,"[2, 8, 18, 7, 15]",9,0.303508771929824,583,683,6,0.040921748816485005,100,1
785,"(8,18)",,False,40,"[2, 8, 18, 7, 15]",9,0.303508771929824,583,683,6,0.040921748816485005,100,1
786,5:4,assassinate,True,40,"[16, 11, 10, 5, 17]",8,0.25591757170704504,585,685,6,0.034419381787802,100,1
787,5:4,assassinate,True,40,"[16, 11, 10, 5, 17]",8,0.25591757170704504,585,685,6,0.034419381787802,100,1
788,"(9,16)",,False,43,"[4, 11, 9, 16, 17]",10,0.287099693678641,587,687,6,0.019799498746867,100,1
789,"(9,16)",,False,43,"[4, 11, 9, 16, 17]",10,0.287099693678641,587,687,6,0.019799498746867,100,1
790,"(18,12)",,False,44,"[14, 2, 18, 0, 12]",11,0.39623363965469205,589,689,6,0.031168198273461,100,1
791,"(18,12)",,False,44,"[14, 2, 18, 0, 12]",11,0.39623363965469205,589,689,6,0.031168198273461,100,1
792,"(17,6)",,False,44,"[17, 4, 13, 9, 6]",11,0.370196324143692,591,691,6,0.027645502645502,100,1
793,"(17,6)",,False,44,"[17, 4, 13, 9, 6]",11,0.370196324143692,591,691,6,0.027645502645502,100,1
794,"(8,0)",,False,41,"[9, 8, 1, 18, 0]",10,0.26468950153160603,593,693,6,0.01911723753829,100,1
795,"(8,0)",,False,41,"[9, 8, 1, 18, 0]",10,0.26468950153160603,593,693,6,0.01911723753829,100,1
796,"(11,18)",,True,43,"[11, 18, 15, 6, 2]",10,0.327972709551656,595,695,6,0.026775271512113,100,1
797,"(11,18)",,True,43,"[11, 18, 15, 6, 2]",10,0.327972709551656,595,695,6,0.026775271512113,100,1
798,5:6,assassinate,True,40,"[14, 12, 10, 5, 17]",9,0.190267335004177,597,697,5,0.025675299359509,100,1
799,5:6,assassinate,True,40,"[14, 12, 10, 5, 17]",9,0.190267335004177,597,697,5,0.025675299359509,100,1
