,actionDetail,actionType,bonusActivated,graphEdgeCount,nodeList,p1Degree,p1Score,p1WinAdvantage,p1WinCount,p2Degree,p2Score,p2WinCount,player
0,"(4,13)",,True,3,"[4, 14, 18, 13, 16]",2,0.0,2,2,0,-0.001,0,1
1,"(4,13)",,True,3,"[4, 14, 18, 13, 16]",2,0.0,2,2,0,-0.001,0,1
2,"(14,0)",,True,4,"[14, 0, 12, 18, 13]",3,0.011695906432748001,4,4,0,-0.001,0,1
3,"(14,0)",,True,4,"[14, 0, 12, 18, 13]",3,0.011695906432748001,4,4,0,-0.001,0,1
4,7:2,assassinate,True,5,"[10, 7, 14, 12, 16]",4,0.029239766081871003,6,6,0,-0.001,0,1
5,7:2,assassinate,True,5,"[10, 7, 14, 12, 16]",4,0.029239766081871003,6,6,0,-0.001,0,1
6,4:4,assassinate,True,4,"[9, 2, 0, 4, 1]",3,0.017543859649122,8,8,0,-0.001,0,1
7,4:4,assassinate,True,4,"[9, 2, 0, 4, 1]",3,0.017543859649122,8,8,0,-0.001,0,1
8,12:2,assassinate,True,4,"[11, 15, 6, 12, 2]",2,0.005847953216374001,10,10,0,-0.001,0,1
9,12:2,assassinate,True,4,"[11, 15, 6, 12, 2]",2,0.005847953216374001,10,10,0,-0.001,0,1
10,17:4,assassinate,True,4,"[16, 1, 7, 9, 17]",2,0.011695906432748001,12,12,0,-0.001,0,1
11,17:4,assassinate,True,4,"[16, 1, 7, 9, 17]",2,0.011695906432748001,12,12,0,-0.001,0,1
12,19:4,assassinate,True,4,"[3, 14, 18, 9, 19]",1,0.0,14,14,0,-0.001,0,1
13,19:4,assassinate,True,4,"[3, 14, 18, 9, 19]",1,0.0,14,14,0,-0.001,0,1
14,"(8,1)",,True,6,"[8, 12, 6, 1, 17]",1,0.0,15,15,1,0.0,0,1
15,"(8,1)",,True,6,"[8, 12, 6, 1, 17]",1,0.0,15,15,1,0.0,0,1
16,"(4,1)",,True,8,"[0, 4, 19, 1, 7]",1,0.0,14,15,2,0.017543859649122,1,1
17,"(4,1)",,True,8,"[0, 4, 19, 1, 7]",1,0.0,14,15,2,0.017543859649122,1,1
18,2:2,assassinate,True,9,"[15, 10, 7, 2, 12]",3,0.029239766081871003,16,17,2,0.017543859649122,1,1
19,2:2,assassinate,True,9,"[15, 10, 7, 2, 12]",3,0.029239766081871003,16,17,2,0.017543859649122,1,1
20,9:4,assassinate,True,9,"[10, 3, 9, 19, 18]",2,0.005847953216374001,16,18,2,0.029239766081871003,2,1
21,9:4,assassinate,True,9,"[10, 3, 9, 19, 18]",2,0.005847953216374001,16,18,2,0.029239766081871003,2,1
22,14:4,assassinate,True,8,"[11, 2, 19, 15, 14]",2,0.005847953216374001,15,18,2,0.023391812865497002,3,1
23,14:4,assassinate,True,8,"[11, 2, 19, 15, 14]",2,0.005847953216374001,15,18,2,0.023391812865497002,3,1
24,"(14,5)",,True,10,"[14, 5, 15, 10, 11]",2,0.040935672514619006,15,18,2,0.040935672514619006,3,1
25,"(14,5)",,True,10,"[14, 5, 15, 10, 11]",2,0.040935672514619006,15,18,2,0.040935672514619006,3,1
26,"(11,1)",,True,12,"[17, 16, 11, 1, 14]",2,0.05847953216374201,14,18,3,0.18128654970760202,4,1
27,"(11,1)",,True,12,"[17, 16, 11, 1, 14]",2,0.05847953216374201,14,18,3,0.18128654970760202,4,1
28,"(18,14)",,True,14,"[18, 8, 14, 17, 16]",2,0.06432748538011601,12,18,3,0.228070175438596,6,1
29,"(18,14)",,True,14,"[18, 8, 14, 17, 16]",2,0.06432748538011601,12,18,3,0.228070175438596,6,1
30,"(19,14)",,True,15,"[16, 4, 19, 9, 14]",2,0.12865497076023302,12,19,3,0.25730994152046704,7,1
31,"(19,14)",,True,15,"[16, 4, 19, 9, 14]",2,0.12865497076023302,12,19,3,0.25730994152046704,7,1
32,"(1,9)",,True,18,"[1, 5, 2, 17, 9]",4,0.242690058479532,10,19,4,0.450292397660818,9,1
33,"(1,9)",,True,18,"[1, 5, 2, 17, 9]",4,0.242690058479532,10,19,4,0.450292397660818,9,1
34,"(10,12)",,True,19,"[10, 16, 17, 12, 9]",4,0.29824561403508704,8,19,4,0.39181286549707606,11,1
35,"(10,12)",,True,19,"[10, 16, 17, 12, 9]",4,0.29824561403508704,8,19,4,0.39181286549707606,11,1
36,"(6,8)",,True,22,"[6, 17, 8, 15, 16]",4,0.269005847953216,6,19,5,0.450292397660818,13,1
37,"(6,8)",,True,22,"[6, 17, 8, 15, 16]",4,0.269005847953216,6,19,5,0.450292397660818,13,1
38,19:8,assassinate,True,20,"[9, 6, 13, 19, 10]",3,0.09941520467836201,6,20,5,0.20955165692007702,14,1
39,19:8,assassinate,True,20,"[9, 6, 13, 19, 10]",3,0.09941520467836201,6,20,5,0.20955165692007702,14,1
40,15:2,assassinate,True,21,"[16, 8, 15, 11, 13]",4,0.12426900584795302,6,21,5,0.197855750487329,15,1
41,15:2,assassinate,True,21,"[16, 8, 15, 11, 13]",4,0.12426900584795302,6,21,5,0.197855750487329,15,1
42,3:2,assassinate,True,18,"[17, 16, 11, 3, 0]",4,0.10721247563352801,8,23,3,0.028265107212475,15,1
43,3:2,assassinate,True,18,"[17, 16, 11, 3, 0]",4,0.10721247563352801,8,23,3,0.028265107212475,15,1
44,"(14,1)",,True,21,"[14, 0, 1, 15, 12]",4,0.10477582846003801,8,24,4,0.159844054580896,16,1
45,"(14,1)",,True,21,"[14, 0, 1, 15, 12]",4,0.10477582846003801,8,24,4,0.159844054580896,16,1
46,2:2,assassinate,True,22,"[10, 9, 16, 2, 6]",3,0.025730994152046,6,24,4,0.12651072124756302,18,1
47,2:2,assassinate,True,22,"[10, 9, 16, 2, 6]",3,0.025730994152046,6,24,4,0.12651072124756302,18,1
48,10:8,assassinate,True,20,"[8, 19, 10, 4, 0]",3,0.026315789473684,4,24,4,0.140350877192982,20,1
49,10:8,assassinate,True,20,"[8, 19, 10, 4, 0]",3,0.026315789473684,4,24,4,0.140350877192982,20,1
50,"(1,4)",,True,23,"[15, 5, 1, 4, 13]",3,0.042300194931773005,2,24,5,0.21481481481481401,22,1
51,"(1,4)",,True,23,"[15, 5, 1, 4, 13]",3,0.042300194931773005,2,24,5,0.21481481481481401,22,1
52,18:10,assassinate,True,16,"[11, 8, 16, 18, 10]",2,0.0029239766081870003,2,25,3,0.08187134502923901,23,1
53,18:10,assassinate,True,16,"[11, 8, 16, 18, 10]",2,0.0029239766081870003,2,25,3,0.08187134502923901,23,1
54,"(18,13)",,True,18,"[18, 10, 11, 13, 4]",2,0.005847953216374001,0,25,3,0.031189083820662003,25,1
55,"(18,13)",,True,18,"[18, 10, 11, 13, 4]",2,0.005847953216374001,0,25,3,0.031189083820662003,25,1
56,"(8,15)",,True,19,"[13, 6, 8, 15, 4]",2,0.005847953216374001,-2,25,3,0.05847953216374201,27,1
57,"(8,15)",,True,19,"[13, 6, 8, 15, 4]",2,0.005847953216374001,-2,25,3,0.05847953216374201,27,1
58,"(14,0)",,True,20,"[14, 0, 8, 2, 4]",3,0.08187134502923901,0,27,3,0.05847953216374201,27,1
59,"(14,0)",,True,20,"[14, 0, 8, 2, 4]",3,0.08187134502923901,0,27,3,0.05847953216374201,27,1
60,4:2,assassinate,True,21,"[2, 10, 3, 12, 4]",2,0.005847953216374001,0,28,3,0.014619883040935,28,1
61,4:2,assassinate,True,21,"[2, 10, 3, 12, 4]",2,0.005847953216374001,0,28,3,0.014619883040935,28,1
62,"(16,8)",,True,24,"[18, 3, 16, 10, 8]",2,0.003898635477582,0,29,3,0.007017543859649001,29,1
63,"(16,8)",,True,24,"[18, 3, 16, 10, 8]",2,0.003898635477582,0,29,3,0.007017543859649001,29,1
64,"(1,17)",,True,25,"[1, 12, 6, 17, 11]",3,0.063840155945419,0,30,4,0.082748538011695,30,1
65,"(1,17)",,True,25,"[1, 12, 6, 17, 11]",3,0.063840155945419,0,30,4,0.082748538011695,30,1
66,6:6,assassinate,True,24,"[13, 12, 2, 4, 6]",4,0.14571150097465801,2,32,4,0.06968810916179301,30,1
67,6:6,assassinate,True,24,"[13, 12, 2, 4, 6]",4,0.14571150097465801,2,32,4,0.06968810916179301,30,1
68,11:4,assassinate,True,24,"[9, 2, 11, 3, 12]",5,0.185575048732943,4,34,4,0.049317738791423,30,1
69,11:4,assassinate,True,24,"[9, 2, 11, 3, 12]",5,0.185575048732943,4,34,4,0.049317738791423,30,1
70,7:8,assassinate,True,21,"[7, 2, 15, 18, 19]",5,0.242690058479532,6,36,4,0.047758284600389,30,1
71,7:8,assassinate,True,21,"[7, 2, 15, 18, 19]",5,0.242690058479532,6,36,4,0.047758284600389,30,1
72,13:12,assassinate,True,17,"[2, 9, 8, 1, 13]",4,0.242690058479532,8,38,3,0.052631578947368,30,1
73,13:12,assassinate,True,17,"[2, 9, 8, 1, 13]",4,0.242690058479532,8,38,3,0.052631578947368,30,1
74,"(1,11)",,True,19,"[12, 1, 11, 6, 14]",4,0.22222222222222202,10,40,4,0.114035087719298,30,1
75,"(1,11)",,True,19,"[12, 1, 11, 6, 14]",4,0.22222222222222202,10,40,4,0.114035087719298,30,1
76,"(16,0)",,True,20,"[16, 5, 4, 0, 7]",3,0.19883040935672502,12,42,4,0.122807017543859,30,1
77,"(16,0)",,True,20,"[16, 5, 4, 0, 7]",3,0.19883040935672502,12,42,4,0.122807017543859,30,1
78,10:8,assassinate,True,18,"[1, 5, 3, 10, 18]",2,0.087719298245614,12,43,4,0.20175438596491202,31,1
79,10:8,assassinate,True,18,"[1, 5, 3, 10, 18]",2,0.087719298245614,12,43,4,0.20175438596491202,31,1
80,9:8,assassinate,True,16,"[8, 9, 16, 2, 4]",2,0.16374269005847902,12,44,3,0.23976608187134502,32,1
81,9:8,assassinate,True,16,"[8, 9, 16, 2, 4]",2,0.16374269005847902,12,44,3,0.23976608187134502,32,1
82,"(15,1)",,True,17,"[16, 6, 15, 1, 13]",2,0.16374269005847902,14,46,3,0.14619883040935602,32,1
83,"(15,1)",,True,17,"[16, 6, 15, 1, 13]",2,0.16374269005847902,14,46,3,0.14619883040935602,32,1
84,3:4,assassinate,True,17,"[3, 19, 9, 12, 18]",1,0.0,14,47,3,0.11695906432748501,33,1
85,3:4,assassinate,True,17,"[3, 19, 9, 12, 18]",1,0.0,14,47,3,0.11695906432748501,33,1
86,"(8,6)",,True,14,"[12, 1, 8, 5, 6]",1,0.0,12,47,3,0.18713450292397601,35,1
87,"(8,6)",,True,14,"[12, 1, 8, 5, 6]",1,0.0,12,47,3,0.18713450292397601,35,1
88,"(11,10)",,True,13,"[11, 10, 2, 16, 6]",1,0.0,10,47,2,0.105263157894736,37,1
89,"(11,10)",,True,13,"[11, 10, 2, 16, 6]",1,0.0,10,47,2,0.105263157894736,37,1
90,"(11,8)",,True,16,"[11, 4, 2, 9, 8]",3,0.08479532163742601,8,47,2,0.23391812865497003,39,1
91,"(11,8)",,True,16,"[11, 4, 2, 9, 8]",3,0.08479532163742601,8,47,2,0.23391812865497003,39,1
92,"(7,11)",,True,19,"[7, 3, 0, 2, 11]",3,0.20857699805068203,10,49,2,0.127680311890838,39,1
93,"(7,11)",,True,19,"[7, 3, 0, 2, 11]",3,0.20857699805068203,10,49,2,0.127680311890838,39,1
94,"(13,1)",,True,22,"[2, 13, 16, 15, 1]",3,0.160818713450292,10,50,3,0.175438596491228,40,1
95,"(13,1)",,True,22,"[2, 13, 16, 15, 1]",3,0.160818713450292,10,50,3,0.175438596491228,40,1
96,"(18,1)",,True,25,"[18, 17, 1, 2, 15]",3,0.100389863547758,10,51,4,0.24074074074074,41,1
97,"(18,1)",,True,25,"[18, 17, 1, 2, 15]",3,0.100389863547758,10,51,4,0.24074074074074,41,1
98,9:4,assassinate,True,23,"[18, 11, 3, 14, 9]",2,0.010233918128654,8,51,4,0.16520467836257302,43,1
99,9:4,assassinate,True,23,"[18, 11, 3, 14, 9]",2,0.010233918128654,8,51,4,0.16520467836257302,43,1
100,14:10,assassinate,True,20,"[6, 16, 10, 14, 12]",1,0.0,6,51,4,0.12085769980506801,45,1
101,14:10,assassinate,True,20,"[6, 16, 10, 14, 12]",1,0.0,6,51,4,0.12085769980506801,45,1
102,"(14,0)",,True,21,"[15, 2, 14, 0, 3]",2,0.0029239766081870003,4,51,4,0.12085769980506801,47,1
103,"(14,0)",,True,21,"[15, 2, 14, 0, 3]",2,0.0029239766081870003,4,51,4,0.12085769980506801,47,1
104,4:4,assassinate,True,21,"[13, 9, 2, 6, 4]",3,0.08479532163742601,4,52,4,0.109161793372319,48,1
105,4:4,assassinate,True,21,"[13, 9, 2, 6, 4]",3,0.08479532163742601,4,52,4,0.109161793372319,48,1
106,19:6,assassinate,True,20,"[16, 5, 3, 19, 6]",5,0.24853801169590603,6,54,4,0.19883040935672502,48,1
107,19:6,assassinate,True,20,"[16, 5, 3, 19, 6]",5,0.24853801169590603,6,54,4,0.19883040935672502,48,1
108,"(1,2)",,True,22,"[17, 1, 0, 16, 2]",5,0.27582846003898603,8,56,5,0.26120857699805,48,1
109,"(1,2)",,True,22,"[17, 1, 0, 16, 2]",5,0.27582846003898603,8,56,5,0.26120857699805,48,1
110,9:2,assassinate,True,23,"[4, 2, 17, 9, 8]",4,0.202729044834307,8,57,5,0.24756335282651,49,1
111,9:2,assassinate,True,23,"[4, 2, 17, 9, 8]",4,0.202729044834307,8,57,5,0.24756335282651,49,1
112,"(19,15)",,True,26,"[9, 19, 15, 18, 3]",6,0.19200779727095502,8,58,5,0.256335282651072,50,1
113,"(19,15)",,True,26,"[9, 19, 15, 18, 3]",6,0.19200779727095502,8,58,5,0.256335282651072,50,1
114,14:4,assassinate,True,22,"[14, 19, 6, 12, 8]",5,0.140350877192982,10,60,3,0.046783625730994004,50,1
115,14:4,assassinate,True,22,"[14, 19, 6, 12, 8]",5,0.140350877192982,10,60,3,0.046783625730994004,50,1
116,12:4,assassinate,True,22,"[19, 1, 12, 10, 11]",4,0.159844054580896,12,62,3,0.040935672514619006,50,1
117,12:4,assassinate,True,22,"[19, 1, 12, 10, 11]",4,0.159844054580896,12,62,3,0.040935672514619006,50,1
118,9:4,assassinate,True,21,"[12, 9, 4, 18, 14]",4,0.08966861598440501,14,64,3,0.040935672514619006,50,1
119,9:4,assassinate,True,21,"[12, 9, 4, 18, 14]",4,0.08966861598440501,14,64,3,0.040935672514619006,50,1
120,"(1,9)",,True,24,"[1, 9, 4, 11, 16]",4,0.109161793372319,16,66,4,0.105263157894736,50,1
121,"(1,9)",,True,24,"[1, 9, 4, 11, 16]",4,0.109161793372319,16,66,4,0.105263157894736,50,1
122,"(0,1)",,True,25,"[19, 0, 11, 1, 5]",5,0.152046783625731,18,68,5,0.151559454191033,50,1
123,"(0,1)",,True,25,"[19, 0, 11, 1, 5]",5,0.152046783625731,18,68,5,0.151559454191033,50,1
124,17:6,assassinate,True,22,"[13, 5, 7, 6, 17]",4,0.10477582846003801,20,70,4,0.10185185185185101,50,1
125,17:6,assassinate,True,22,"[13, 5, 7, 6, 17]",4,0.10477582846003801,20,70,4,0.10185185185185101,50,1
126,11:10,assassinate,True,19,"[7, 3, 6, 14, 11]",5,0.15204678362573001,22,72,4,0.109161793372319,50,1
127,11:10,assassinate,True,19,"[7, 3, 6, 14, 11]",5,0.15204678362573001,22,72,4,0.109161793372319,50,1
128,5:4,assassinate,True,19,"[16, 7, 8, 5, 15]",5,0.185185185185185,24,74,4,0.127680311890838,50,1
129,5:4,assassinate,True,19,"[16, 7, 8, 5, 15]",5,0.185185185185185,24,74,4,0.127680311890838,50,1
130,14:2,assassinate,True,20,"[15, 13, 14, 8, 5]",5,0.354775828460038,26,76,4,0.167641325536062,50,1
131,14:2,assassinate,True,20,"[15, 13, 14, 8, 5]",5,0.354775828460038,26,76,4,0.167641325536062,50,1
132,"(1,18)",,True,23,"[2, 12, 1, 18, 3]",7,0.333138401559454,28,78,5,0.26354775828460003,50,1
133,"(1,18)",,True,23,"[2, 12, 1, 18, 3]",7,0.333138401559454,28,78,5,0.26354775828460003,50,1
134,2:6,assassinate,True,20,"[12, 11, 10, 8, 2]",6,0.30214424951267005,28,79,5,0.307017543859649,51,1
135,2:6,assassinate,True,20,"[12, 11, 10, 8, 2]",6,0.30214424951267005,28,79,5,0.307017543859649,51,1
136,17:2,assassinate,True,21,"[6, 9, 19, 17, 8]",7,0.31578947368421,30,81,5,0.256335282651072,51,1
137,17:2,assassinate,True,21,"[6, 9, 19, 17, 8]",7,0.31578947368421,30,81,5,0.256335282651072,51,1
138,12:2,assassinate,True,22,"[8, 12, 0, 2, 14]",7,0.31481481481481405,32,83,5,0.18128654970760202,51,1
139,12:2,assassinate,True,22,"[8, 12, 0, 2, 14]",7,0.31481481481481405,32,83,5,0.18128654970760202,51,1
140,6:8,assassinate,True,19,"[4, 3, 18, 17, 6]",6,0.26023391812865404,34,85,5,0.16959064327485301,51,1
141,6:8,assassinate,True,19,"[4, 3, 18, 17, 6]",6,0.26023391812865404,34,85,5,0.16959064327485301,51,1
142,17:2,assassinate,True,18,"[2, 0, 11, 17, 13]",6,0.256335282651072,36,87,5,0.122807017543859,51,1
143,17:2,assassinate,True,18,"[2, 0, 11, 17, 13]",6,0.256335282651072,36,87,5,0.122807017543859,51,1
144,5:4,assassinate,True,18,"[5, 18, 15, 9, 19]",5,0.22124756335282603,38,89,5,0.11695906432748501,51,1
145,5:4,assassinate,True,18,"[5, 18, 15, 9, 19]",5,0.22124756335282603,38,89,5,0.11695906432748501,51,1
146,10:6,assassinate,True,16,"[5, 1, 10, 3, 4]",4,0.11598440545808901,40,91,5,0.11111111111111101,51,1
147,10:6,assassinate,True,16,"[5, 1, 10, 3, 4]",4,0.11598440545808901,40,91,5,0.11111111111111101,51,1
148,"(10,1)",,True,19,"[10, 1, 5, 16, 14]",6,0.353801169590643,42,93,6,0.23684210526315702,51,1
149,"(10,1)",,True,19,"[10, 1, 5, 16, 14]",6,0.353801169590643,42,93,6,0.23684210526315702,51,1
150,19:8,assassinate,True,17,"[1, 9, 15, 14, 19]",5,0.388888888888888,44,95,6,0.33040935672514604,51,1
151,19:8,assassinate,True,17,"[1, 9, 15, 14, 19]",5,0.388888888888888,44,95,6,0.33040935672514604,51,1
152,"(18,5)",,True,20,"[8, 18, 5, 4, 3]",7,0.30116959064327403,46,97,6,0.225146198830409,51,1
153,"(18,5)",,True,20,"[8, 18, 5, 4, 3]",7,0.30116959064327403,46,97,6,0.225146198830409,51,1
154,"(0,11)",,True,21,"[18, 19, 0, 3, 11]",6,0.21637426900584703,46,98,6,0.36842105263157804,52,1
155,"(0,11)",,True,21,"[18, 19, 0, 3, 11]",6,0.21637426900584703,46,98,6,0.36842105263157804,52,1
156,"(2,0)",,True,22,"[2, 9, 0, 15, 11]",5,0.14912280701754302,44,98,6,0.273879142300194,54,1
157,"(2,0)",,True,22,"[2, 9, 0, 15, 11]",5,0.14912280701754302,44,98,6,0.273879142300194,54,1
158,"(7,0)",,True,21,"[14, 16, 10, 7, 0]",4,0.012670565302144,44,99,6,0.38791423001949304,55,1
159,"(7,0)",,True,21,"[14, 16, 10, 7, 0]",4,0.012670565302144,44,99,6,0.38791423001949304,55,1
160,"(11,15)",,True,24,"[9, 11, 15, 17, 4]",4,0.013645224171539001,42,99,6,0.16179337231968802,57,1
161,"(11,15)",,True,24,"[9, 11, 15, 17, 4]",4,0.013645224171539001,42,99,6,0.16179337231968802,57,1
162,"(18,5)",,True,23,"[15, 8, 18, 5, 4]",4,0.034113060428849006,40,99,6,0.15886939571150002,59,1
163,"(18,5)",,True,23,"[15, 8, 18, 5, 4]",4,0.034113060428849006,40,99,6,0.15886939571150002,59,1
164,"(13,16)",,True,22,"[2, 14, 15, 13, 16]",4,0.175438596491228,40,100,5,0.245614035087719,60,1
165,"(13,16)",,True,22,"[2, 14, 15, 13, 16]",4,0.175438596491228,40,100,5,0.245614035087719,60,1
166,"(13,9)",,True,23,"[13, 19, 8, 9, 0]",4,0.05847953216374201,40,101,5,0.245614035087719,61,1
167,"(13,9)",,True,23,"[13, 19, 8, 9, 0]",4,0.05847953216374201,40,101,5,0.245614035087719,61,1
168,"(12,1)",,True,26,"[12, 5, 9, 14, 1]",4,0.011500974658869002,38,101,6,0.21656920077972702,63,1
169,"(12,1)",,True,26,"[12, 5, 9, 14, 1]",4,0.011500974658869002,38,101,6,0.21656920077972702,63,1
170,17:8,assassinate,True,22,"[12, 14, 13, 17, 1]",4,0.013840155945419002,36,101,6,0.294152046783625,65,1
171,17:8,assassinate,True,22,"[12, 14, 13, 17, 1]",4,0.013840155945419002,36,101,6,0.294152046783625,65,1
172,"(18,19)",,True,23,"[7, 18, 16, 19, 17]",4,0.020662768031189,34,101,6,0.22982456140350802,67,1
173,"(18,19)",,True,23,"[7, 18, 16, 19, 17]",4,0.020662768031189,34,101,6,0.22982456140350802,67,1
174,6:8,assassinate,True,21,"[1, 13, 15, 6, 9]",4,0.023586744639376003,32,101,6,0.215204678362573,69,1
175,6:8,assassinate,True,21,"[1, 13, 15, 6, 9]",4,0.023586744639376003,32,101,6,0.215204678362573,69,1
176,"(8,1)",,True,22,"[0, 8, 1, 4, 14]",4,0.010721247563352,30,101,6,0.21637426900584703,71,1
177,"(8,1)",,True,22,"[0, 8, 1, 4, 14]",4,0.010721247563352,30,101,6,0.21637426900584703,71,1
178,"(17,1)",,True,23,"[16, 17, 2, 1, 12]",5,0.24220272904483403,28,101,7,0.33040935672514604,73,1
179,"(17,1)",,True,23,"[16, 17, 2, 1, 12]",5,0.24220272904483403,28,101,7,0.33040935672514604,73,1
180,"(6,17)",,True,24,"[6, 16, 9, 13, 17]",5,0.219200779727095,28,102,6,0.322904483430799,74,1
181,"(6,17)",,True,24,"[6, 16, 9, 13, 17]",5,0.219200779727095,28,102,6,0.322904483430799,74,1
182,"(14,8)",,True,25,"[19, 14, 13, 8, 18]",5,0.277875243664717,26,102,5,0.352339181286549,76,1
183,"(14,8)",,True,25,"[19, 14, 13, 8, 18]",5,0.277875243664717,26,102,5,0.352339181286549,76,1
184,10:8,assassinate,True,23,"[6, 12, 4, 10, 19]",6,0.330994152046783,28,104,5,0.270175438596491,76,1
185,10:8,assassinate,True,23,"[6, 12, 4, 10, 19]",6,0.330994152046783,28,104,5,0.270175438596491,76,1
186,"(4,15)",,True,26,"[11, 18, 4, 15, 16]",6,0.22202729044834302,30,106,5,0.21695906432748502,76,1
187,"(4,15)",,True,26,"[11, 18, 4, 15, 16]",6,0.22202729044834302,30,106,5,0.21695906432748502,76,1
188,16:4,assassinate,True,24,"[17, 18, 2, 16, 11]",6,0.31481481481481405,32,108,5,0.24756335282651,76,1
189,16:4,assassinate,True,24,"[17, 18, 2, 16, 11]",6,0.31481481481481405,32,108,5,0.24756335282651,76,1
190,6:10,assassinate,True,21,"[3, 13, 1, 8, 6]",5,0.26120857699805,34,110,5,0.24366471734892703,76,1
191,6:10,assassinate,True,21,"[3, 13, 1, 8, 6]",5,0.26120857699805,34,110,5,0.24366471734892703,76,1
192,"(3,0)",,True,20,"[3, 8, 0, 19, 1]",4,0.175438596491228,36,112,4,0.16959064327485301,76,1
193,"(3,0)",,True,20,"[3, 8, 0, 19, 1]",4,0.175438596491228,36,112,4,0.16959064327485301,76,1
194,14:4,assassinate,True,20,"[3, 14, 2, 11, 15]",3,0.013645224171539001,36,113,4,0.11500974658869301,77,1
195,14:4,assassinate,True,20,"[3, 14, 2, 11, 15]",3,0.013645224171539001,36,113,4,0.11500974658869301,77,1
196,"(10,18)",,True,22,"[19, 7, 2, 10, 18]",3,0.013645224171539001,34,113,4,0.12475633528265101,79,1
197,"(10,18)",,True,22,"[19, 7, 2, 10, 18]",3,0.013645224171539001,34,113,4,0.12475633528265101,79,1
198,11:8,assassinate,True,20,"[10, 15, 19, 6, 11]",3,0.006822612085769001,32,113,4,0.100389863547758,81,1
199,11:8,assassinate,True,20,"[10, 15, 19, 6, 11]",3,0.006822612085769001,32,113,4,0.100389863547758,81,1
200,9:12,assassinate,True,16,"[19, 11, 9, 14, 5]",2,0.0,30,113,4,0.140350877192982,83,1
201,9:12,assassinate,True,16,"[19, 11, 9, 14, 5]",2,0.0,30,113,4,0.140350877192982,83,1
202,"(14,13)",,True,19,"[14, 18, 8, 13, 15]",4,0.16959064327485301,28,113,4,0.33333333333333304,85,1
203,"(14,13)",,True,19,"[14, 18, 8, 13, 15]",4,0.16959064327485301,28,113,4,0.33333333333333304,85,1
204,"(5,3)",,True,21,"[5, 3, 15, 4, 19]",4,0.16959064327485301,26,113,4,0.321637426900584,87,1
205,"(5,3)",,True,21,"[5, 3, 15, 4, 19]",4,0.16959064327485301,26,113,4,0.321637426900584,87,1
206,"(1,12)",,True,24,"[3, 1, 7, 13, 12]",4,0.18128654970760202,26,114,5,0.259649122807017,88,1
207,"(1,12)",,True,24,"[3, 1, 7, 13, 12]",4,0.18128654970760202,26,114,5,0.259649122807017,88,1
208,3:8,assassinate,True,18,"[0, 3, 2, 5, 10]",3,0.134502923976608,28,116,3,0.09356725146198801,88,1
209,3:8,assassinate,True,18,"[0, 3, 2, 5, 10]",3,0.134502923976608,28,116,3,0.09356725146198801,88,1
210,9:2,assassinate,True,19,"[9, 10, 15, 19, 5]",4,0.140350877192982,30,118,3,0.023391812865497002,88,1
211,9:2,assassinate,True,19,"[9, 10, 15, 19, 5]",4,0.140350877192982,30,118,3,0.023391812865497002,88,1
212,2:4,assassinate,True,17,"[8, 13, 7, 2, 11]",4,0.125730994152046,32,120,3,0.017543859649122,88,1
213,2:4,assassinate,True,17,"[8, 13, 7, 2, 11]",4,0.125730994152046,32,120,3,0.017543859649122,88,1
214,"(6,1)",,True,18,"[6, 19, 1, 3, 9]",5,0.21345029239766003,34,122,4,0.15204678362573001,88,1
215,"(6,1)",,True,18,"[6, 19, 1, 3, 9]",5,0.21345029239766003,34,122,4,0.15204678362573001,88,1
216,"(2,7)",,True,21,"[10, 18, 2, 19, 7]",5,0.271929824561403,36,124,4,0.25730994152046704,88,1
217,"(2,7)",,True,21,"[10, 18, 2, 19, 7]",5,0.271929824561403,36,124,4,0.25730994152046704,88,1
218,16:4,assassinate,True,21,"[17, 1, 16, 18, 9]",4,0.175438596491228,36,125,4,0.23099415204678303,89,1
219,16:4,assassinate,True,21,"[17, 1, 16, 18, 9]",4,0.175438596491228,36,125,4,0.23099415204678303,89,1
220,"(12,6)",,True,23,"[12, 18, 9, 6, 8]",4,0.18908382066276802,34,125,4,0.307017543859649,91,1
221,"(12,6)",,True,23,"[12, 18, 9, 6, 8]",4,0.18908382066276802,34,125,4,0.307017543859649,91,1
222,4:14,assassinate,True,18,"[8, 18, 4, 16, 7]",3,0.14619883040935602,36,127,4,0.051656920077972006,91,1
223,4:14,assassinate,True,18,"[8, 18, 4, 16, 7]",3,0.14619883040935602,36,127,4,0.051656920077972006,91,1
224,5:2,assassinate,True,19,"[5, 18, 15, 14, 17]",3,0.14619883040935602,38,129,4,0.015594541910331002,91,1
225,5:2,assassinate,True,19,"[5, 18, 15, 14, 17]",3,0.14619883040935602,38,129,4,0.015594541910331002,91,1
226,14:6,assassinate,True,17,"[16, 14, 8, 2, 7]",3,0.09941520467836201,40,131,4,0.015594541910331002,91,1
227,14:6,assassinate,True,17,"[16, 14, 8, 2, 7]",3,0.09941520467836201,40,131,4,0.015594541910331002,91,1
228,"(1,18)",,True,20,"[7, 1, 5, 18, 12]",3,0.14619883040935602,40,132,5,0.14619883040935602,92,1
229,"(1,18)",,True,20,"[7, 1, 5, 18, 12]",3,0.14619883040935602,40,132,5,0.14619883040935602,92,1
230,4:2,assassinate,True,21,"[19, 7, 12, 4, 17]",4,0.17641325536062302,42,134,5,0.083820662768031,92,1
231,4:2,assassinate,True,21,"[19, 7, 12, 4, 17]",4,0.17641325536062302,42,134,5,0.083820662768031,92,1
232,13:14,assassinate,True,16,"[9, 13, 8, 7, 17]",3,0.14619883040935602,42,135,4,0.25730994152046704,93,1
233,13:14,assassinate,True,16,"[9, 13, 8, 7, 17]",3,0.14619883040935602,42,135,4,0.25730994152046704,93,1
234,"(10,18)",,True,17,"[10, 16, 12, 2, 18]",3,0.14619883040935602,42,136,4,0.29239766081871305,94,1
235,"(10,18)",,True,17,"[10, 16, 12, 2, 18]",3,0.14619883040935602,42,136,4,0.29239766081871305,94,1
236,19:8,assassinate,True,15,"[6, 1, 17, 2, 19]",3,0.11111111111111101,42,137,4,0.143274853801169,95,1
237,19:8,assassinate,True,15,"[6, 1, 17, 2, 19]",3,0.11111111111111101,42,137,4,0.143274853801169,95,1
238,9:2,assassinate,True,14,"[12, 6, 14, 8, 9]",2,0.052631578947368,44,139,3,0.038011695906432004,95,1
239,9:2,assassinate,True,14,"[12, 6, 14, 8, 9]",2,0.052631578947368,44,139,3,0.038011695906432004,95,1
240,"(15,17)",,True,15,"[15, 6, 16, 17, 8]",2,0.070175438596491,44,140,3,0.087719298245614,96,1
241,"(15,17)",,True,15,"[15, 6, 16, 17, 8]",2,0.070175438596491,44,140,3,0.087719298245614,96,1
242,"(1,5)",,True,16,"[1, 18, 8, 3, 5]",3,0.10818713450292301,44,141,4,0.16666666666666602,97,1
243,"(1,5)",,True,16,"[1, 18, 8, 3, 5]",3,0.10818713450292301,44,141,4,0.16666666666666602,97,1
244,15:2,assassinate,True,13,"[11, 16, 8, 13, 15]",3,0.11695906432748501,46,143,2,0.06432748538011601,97,1
245,15:2,assassinate,True,13,"[11, 16, 8, 13, 15]",3,0.11695906432748501,46,143,2,0.06432748538011601,97,1
246,"(11,14)",,True,16,"[11, 19, 12, 14, 0]",3,0.178362573099415,48,145,2,0.07602339181286501,97,1
247,"(11,14)",,True,16,"[11, 19, 12, 14, 0]",3,0.178362573099415,48,145,2,0.07602339181286501,97,1
248,3:6,assassinate,True,15,"[4, 3, 16, 11, 15]",2,0.087719298245614,50,147,2,0.070175438596491,97,1
249,3:6,assassinate,True,15,"[4, 3, 16, 11, 15]",2,0.087719298245614,50,147,2,0.070175438596491,97,1
250,6:6,assassinate,True,12,"[4, 6, 13, 3, 1]",1,0.0,52,149,0,-0.001,97,1
251,6:6,assassinate,True,12,"[4, 6, 13, 3, 1]",1,0.0,52,149,0,-0.001,97,1
252,"(15,8)",,True,14,"[15, 8, 18, 19, 6]",1,0.0,54,151,0,-0.001,97,1
253,"(15,8)",,True,14,"[15, 8, 18, 19, 6]",1,0.0,54,151,0,-0.001,97,1
254,"(9,14)",,True,16,"[9, 14, 12, 19, 5]",1,0.0,56,153,0,-0.001,97,1
255,"(9,14)",,True,16,"[9, 14, 12, 19, 5]",1,0.0,56,153,0,-0.001,97,1
256,"(13,1)",,True,16,"[13, 7, 9, 14, 1]",1,0.0,57,154,1,0.0,97,1
257,"(13,1)",,True,16,"[13, 7, 9, 14, 1]",1,0.0,57,154,1,0.0,97,1
258,"(15,3)",,True,18,"[15, 3, 5, 2, 0]",1,0.0,57,154,1,0.0,97,1
259,"(15,3)",,True,18,"[15, 3, 5, 2, 0]",1,0.0,57,154,1,0.0,97,1
260,17:4,assassinate,True,18,"[13, 2, 10, 12, 17]",2,0.046783625730994004,59,156,1,0.0,97,1
261,17:4,assassinate,True,18,"[13, 2, 10, 12, 17]",2,0.046783625730994004,59,156,1,0.0,97,1
262,15:4,assassinate,True,15,"[15, 13, 9, 3, 19]",2,0.23391812865497003,61,158,1,0.0,97,1
263,15:4,assassinate,True,15,"[15, 13, 9, 3, 19]",2,0.23391812865497003,61,158,1,0.0,97,1
264,8:6,assassinate,True,13,"[12, 6, 8, 14, 17]",1,0.0,62,159,1,0.0,97,1
265,8:6,assassinate,True,13,"[12, 6, 8, 14, 17]",1,0.0,62,159,1,0.0,97,1
266,"(3,16)",,True,15,"[3, 16, 11, 13, 19]",1,0.0,62,159,1,0.0,97,1
267,"(3,16)",,True,15,"[3, 16, 11, 13, 19]",1,0.0,62,159,1,0.0,97,1
268,"(1,8)",,True,17,"[2, 1, 8, 13, 10]",1,0.0,61,159,2,0.08187134502923901,98,1
269,"(1,8)",,True,17,"[2, 1, 8, 13, 10]",1,0.0,61,159,2,0.08187134502923901,98,1
270,"(19,8)",,True,19,"[19, 5, 8, 7, 10]",1,0.0,59,159,2,0.16374269005847902,100,1
271,"(19,8)",,True,19,"[19, 5, 8, 7, 10]",1,0.0,59,159,2,0.16374269005847902,100,1
272,"(16,8)",,True,19,"[14, 16, 6, 7, 8]",1,0.0,57,159,2,0.304093567251461,102,1
273,"(16,8)",,True,19,"[14, 16, 6, 7, 8]",1,0.0,57,159,2,0.304093567251461,102,1
274,"(5,14)",,True,21,"[3, 5, 16, 14, 7]",1,0.0,55,159,2,0.304093567251461,104,1
275,"(5,14)",,True,21,"[3, 5, 16, 14, 7]",1,0.0,55,159,2,0.304093567251461,104,1
276,11:6,assassinate,True,20,"[9, 11, 0, 1, 8]",1,0.0,53,159,2,0.140350877192982,106,1
277,11:6,assassinate,True,20,"[9, 11, 0, 1, 8]",1,0.0,53,159,2,0.140350877192982,106,1
278,"(9,8)",,True,23,"[17, 9, 8, 19, 11]",3,0.140350877192982,51,159,2,0.228070175438596,108,1
279,"(9,8)",,True,23,"[17, 9, 8, 19, 11]",3,0.140350877192982,51,159,2,0.228070175438596,108,1
280,10:12,assassinate,True,17,"[15, 1, 16, 19, 10]",2,0.087719298245614,51,160,2,0.19298245614035,109,1
281,10:12,assassinate,True,17,"[15, 1, 16, 19, 10]",2,0.087719298245614,51,160,2,0.19298245614035,109,1
282,"(4,0)",,True,17,"[15, 17, 4, 9, 0]",1,0.0,51,161,2,0.011695906432748001,110,1
283,"(4,0)",,True,17,"[15, 17, 4, 9, 0]",1,0.0,51,161,2,0.011695906432748001,110,1
284,"(7,1)",,True,20,"[7, 5, 1, 10, 12]",3,0.07933723196881001,51,162,3,0.123976608187134,111,1
285,"(7,1)",,True,20,"[7, 5, 1, 10, 12]",3,0.07933723196881001,51,162,3,0.123976608187134,111,1
286,"(7,12)",,True,23,"[0, 13, 7, 10, 12]",3,0.046588693957115006,51,163,3,0.08810916179337201,112,1
287,"(7,12)",,True,23,"[0, 13, 7, 10, 12]",3,0.046588693957115006,51,163,3,0.08810916179337201,112,1
288,"(0,2)",,True,24,"[0, 2, 10, 5, 11]",4,0.09704817599554401,53,165,3,0.075591757170704,112,1
289,"(0,2)",,True,24,"[0, 2, 10, 5, 11]",4,0.09704817599554401,53,165,3,0.075591757170704,112,1
290,19:10,assassinate,True,21,"[19, 6, 13, 12, 3]",3,0.12085769980506801,53,166,3,0.13986354775828402,113,1
291,19:10,assassinate,True,21,"[19, 6, 13, 12, 3]",3,0.12085769980506801,53,166,3,0.13986354775828402,113,1
292,9:4,assassinate,True,21,"[12, 4, 9, 15, 18]",2,0.034795321637426005,55,168,3,0.031871345029239,113,1
293,9:4,assassinate,True,21,"[12, 4, 9, 15, 18]",2,0.034795321637426005,55,168,3,0.031871345029239,113,1
294,5:12,assassinate,True,16,"[18, 7, 14, 5, 16]",1,0.0,55,169,3,0.050682261208576,114,1
295,5:12,assassinate,True,16,"[18, 7, 14, 5, 16]",1,0.0,55,169,3,0.050682261208576,114,1
296,"(9,1)",,True,18,"[7, 16, 9, 11, 1]",1,0.0,53,169,4,0.14619883040935602,116,1
297,"(9,1)",,True,18,"[7, 16, 9, 11, 1]",1,0.0,53,169,4,0.14619883040935602,116,1
298,"(8,7)",,True,17,"[0, 6, 8, 1, 7]",2,0.140350877192982,51,169,4,0.20175438596491202,118,1
299,"(8,7)",,True,17,"[0, 6, 8, 1, 7]",2,0.140350877192982,51,169,4,0.20175438596491202,118,1
300,13:10,assassinate,True,14,"[0, 5, 13, 19, 7]",3,0.20467836257309902,51,170,3,0.36842105263157804,119,1
301,13:10,assassinate,True,14,"[0, 5, 13, 19, 7]",3,0.20467836257309902,51,170,3,0.36842105263157804,119,1
302,"(1,17)",,True,14,"[1, 17, 3, 15, 6]",3,0.20467836257309902,51,171,3,0.36842105263157804,120,1
303,"(1,17)",,True,14,"[1, 17, 3, 15, 6]",3,0.20467836257309902,51,171,3,0.36842105263157804,120,1
304,18:2,assassinate,True,13,"[3, 5, 4, 8, 18]",2,0.08187134502923901,49,171,3,0.11695906432748501,122,1
305,18:2,assassinate,True,13,"[3, 5, 4, 8, 18]",2,0.08187134502923901,49,171,3,0.11695906432748501,122,1
306,"(18,8)",,True,15,"[18, 4, 2, 8, 17]",2,0.105263157894736,47,171,3,0.175438596491228,124,1
307,"(18,8)",,True,15,"[18, 4, 2, 8, 17]",2,0.105263157894736,47,171,3,0.175438596491228,124,1
308,17:4,assassinate,True,15,"[13, 17, 18, 4, 12]",4,0.140350877192982,49,173,2,0.023391812865497002,124,1
309,17:4,assassinate,True,15,"[13, 17, 18, 4, 12]",4,0.140350877192982,49,173,2,0.023391812865497002,124,1
310,"(7,1)",,True,18,"[0, 15, 7, 1, 8]",4,0.21929824561403502,51,175,3,0.210526315789473,124,1
311,"(7,1)",,True,18,"[0, 15, 7, 1, 8]",4,0.21929824561403502,51,175,3,0.210526315789473,124,1
312,"(13,1)",,True,21,"[13, 1, 0, 8, 12]",6,0.35672514619883,53,177,4,0.271929824561403,124,1
313,"(13,1)",,True,21,"[13, 1, 0, 8, 12]",6,0.35672514619883,53,177,4,0.271929824561403,124,1
314,"(3,9)",,True,22,"[0, 3, 12, 9, 10]",7,0.44931773879142206,55,179,3,0.145224171539961,124,1
315,"(3,9)",,True,22,"[0, 3, 12, 9, 10]",7,0.44931773879142206,55,179,3,0.145224171539961,124,1
316,5:2,assassinate,True,21,"[5, 7, 12, 13, 17]",6,0.468421052631578,57,181,3,0.145224171539961,124,1
317,5:2,assassinate,True,21,"[5, 7, 12, 13, 17]",6,0.468421052631578,57,181,3,0.145224171539961,124,1
318,"(8,7)",,True,23,"[3, 6, 16, 8, 7]",6,0.46978557504873203,59,183,3,0.137426900584795,124,1
319,"(8,7)",,True,23,"[3, 6, 16, 8, 7]",6,0.46978557504873203,59,183,3,0.137426900584795,124,1
320,2:4,assassinate,True,22,"[2, 1, 3, 17, 19]",6,0.25341130604288503,61,185,3,0.06432748538011601,124,1
321,2:4,assassinate,True,22,"[2, 1, 3, 17, 19]",6,0.25341130604288503,61,185,3,0.06432748538011601,124,1
322,10:6,assassinate,True,19,"[7, 5, 10, 4, 18]",5,0.19395711500974602,63,187,3,0.040448343079922004,124,1
323,10:6,assassinate,True,19,"[7, 5, 10, 4, 18]",5,0.19395711500974602,63,187,3,0.040448343079922004,124,1
324,"(0,19)",,True,19,"[0, 14, 19, 5, 9]",4,0.065302144249512,65,189,3,0.040448343079922004,124,1
325,"(0,19)",,True,19,"[0, 14, 19, 5, 9]",4,0.065302144249512,65,189,3,0.040448343079922004,124,1
326,17:6,assassinate,True,18,"[16, 14, 3, 17, 6]",4,0.065302144249512,67,191,3,0.040448343079922004,124,1
327,17:6,assassinate,True,18,"[16, 14, 3, 17, 6]",4,0.065302144249512,67,191,3,0.040448343079922004,124,1
328,"(12,1)",,True,21,"[12, 10, 11, 17, 1]",4,0.07699805068226101,67,192,4,0.138401559454191,125,1
329,"(12,1)",,True,21,"[12, 10, 11, 17, 1]",4,0.07699805068226101,67,192,4,0.138401559454191,125,1
330,19:4,assassinate,True,17,"[3, 11, 19, 1, 2]",4,0.114035087719298,67,193,2,0.12865497076023302,126,1
331,19:4,assassinate,True,17,"[3, 11, 19, 1, 2]",4,0.114035087719298,67,193,2,0.12865497076023302,126,1
332,8:8,assassinate,True,15,"[14, 2, 8, 12, 13]",3,0.091617933723196,69,195,2,0.040935672514619006,126,1
333,8:8,assassinate,True,15,"[14, 2, 8, 12, 13]",3,0.091617933723196,69,195,2,0.040935672514619006,126,1
334,"(9,2)",,True,16,"[7, 9, 2, 19, 18]",3,0.07212475633528201,71,197,2,0.0,126,1
335,"(9,2)",,True,16,"[7, 9, 2, 19, 18]",3,0.07212475633528201,71,197,2,0.0,126,1
336,"(15,0)",,True,15,"[15, 8, 0, 18, 17]",2,0.105263157894736,73,199,2,0.0,126,1
337,"(15,0)",,True,15,"[15, 8, 0, 18, 17]",2,0.105263157894736,73,199,2,0.0,126,1
338,13:10,assassinate,True,12,"[4, 0, 14, 13, 17]",3,0.07602339181286501,75,201,1,0.0,126,1
339,13:10,assassinate,True,12,"[4, 0, 14, 13, 17]",3,0.07602339181286501,75,201,1,0.0,126,1
340,11:8,assassinate,True,10,"[7, 1, 11, 12, 14]",2,0.046783625730994004,77,203,1,0.0,126,1
341,11:8,assassinate,True,10,"[7, 1, 11, 12, 14]",2,0.046783625730994004,77,203,1,0.0,126,1
342,7:4,assassinate,True,8,"[19, 18, 7, 6, 4]",3,0.08187134502923901,79,205,1,0.0,126,1
343,7:4,assassinate,True,8,"[19, 18, 7, 6, 4]",3,0.08187134502923901,79,205,1,0.0,126,1
344,"(0,15)",,True,9,"[16, 1, 14, 0, 15]",4,0.052631578947368,81,207,1,0.0,126,1
345,"(0,15)",,True,9,"[16, 1, 14, 0, 15]",4,0.052631578947368,81,207,1,0.0,126,1
346,16:4,assassinate,True,8,"[3, 10, 2, 5, 16]",3,0.017543859649122,83,209,1,0.0,126,1
347,16:4,assassinate,True,8,"[3, 10, 2, 5, 16]",3,0.017543859649122,83,209,1,0.0,126,1
348,5:4,assassinate,True,8,"[5, 1, 11, 6, 4]",2,0.017543859649122,85,211,1,0.0,126,1
349,5:4,assassinate,True,8,"[5, 1, 11, 6, 4]",2,0.017543859649122,85,211,1,0.0,126,1
350,"(1,9)",,True,11,"[10, 14, 1, 9, 11]",2,0.052631578947368,85,212,2,0.070175438596491,127,1
351,"(1,9)",,True,11,"[10, 14, 1, 9, 11]",2,0.052631578947368,85,212,2,0.070175438596491,127,1
352,"(12,8)",,True,14,"[12, 0, 8, 3, 6]",4,0.18713450292397601,87,214,2,0.114035087719298,127,1
353,"(12,8)",,True,14,"[12, 0, 8, 3, 6]",4,0.18713450292397601,87,214,2,0.114035087719298,127,1
354,11:6,assassinate,True,11,"[15, 10, 11, 8, 17]",4,0.157894736842105,89,216,2,0.105263157894736,127,1
355,11:6,assassinate,True,11,"[15, 10, 11, 8, 17]",4,0.157894736842105,89,216,2,0.105263157894736,127,1
356,13:2,assassinate,True,11,"[10, 13, 16, 15, 7]",3,0.15204678362573001,91,218,2,0.105263157894736,127,1
357,13:2,assassinate,True,11,"[10, 13, 16, 15, 7]",3,0.15204678362573001,91,218,2,0.105263157894736,127,1
358,"(6,12)",,True,14,"[6, 9, 12, 10, 16]",3,0.20467836257309902,93,220,2,0.19298245614035,127,1
359,"(6,12)",,True,14,"[6, 9, 12, 10, 16]",3,0.20467836257309902,93,220,2,0.19298245614035,127,1
360,14:4,assassinate,True,14,"[14, 4, 2, 3, 8]",2,0.06432748538011601,95,222,2,0.052631578947368,127,1
361,14:4,assassinate,True,14,"[14, 4, 2, 3, 8]",2,0.06432748538011601,95,222,2,0.052631578947368,127,1
362,"(11,10)",,True,15,"[11, 0, 16, 10, 17]",2,0.017543859649122,95,223,2,0.040935672514619006,128,1
363,"(11,10)",,True,15,"[11, 0, 16, 10, 17]",2,0.017543859649122,95,223,2,0.040935672514619006,128,1
364,"(16,9)",,True,15,"[16, 9, 8, 15, 0]",2,0.020467836257309,93,223,2,0.026315789473684,130,1
365,"(16,9)",,True,15,"[16, 9, 8, 15, 0]",2,0.020467836257309,93,223,2,0.026315789473684,130,1
366,"(9,10)",,True,17,"[0, 9, 3, 10, 19]",2,0.005847953216374001,91,223,2,0.032163742690058006,132,1
367,"(9,10)",,True,17,"[0, 9, 3, 10, 19]",2,0.005847953216374001,91,223,2,0.032163742690058006,132,1
368,7:4,assassinate,True,17,"[7, 13, 14, 16, 19]",3,0.078947368421052,93,225,2,0.023391812865497002,132,1
369,7:4,assassinate,True,17,"[7, 13, 14, 16, 19]",3,0.078947368421052,93,225,2,0.023391812865497002,132,1
370,15:8,assassinate,True,15,"[8, 2, 15, 0, 1]",2,0.070175438596491,95,227,2,0.055555555555555004,132,1
371,15:8,assassinate,True,15,"[8, 2, 15, 0, 1]",2,0.070175438596491,95,227,2,0.055555555555555004,132,1
372,11:10,assassinate,True,12,"[3, 19, 9, 11, 16]",2,0.06432748538011601,95,228,2,0.11695906432748501,133,1
373,11:10,assassinate,True,12,"[3, 19, 9, 11, 16]",2,0.06432748538011601,95,228,2,0.11695906432748501,133,1
374,"(14,18)",,True,14,"[14, 3, 18, 12, 17]",2,0.070175438596491,93,228,2,0.175438596491228,135,1
375,"(14,18)",,True,14,"[14, 3, 18, 12, 17]",2,0.070175438596491,93,228,2,0.175438596491228,135,1
376,"(18,6)",,True,16,"[9, 19, 7, 18, 6]",2,0.08187134502923901,91,228,2,0.29239766081871305,137,1
377,"(18,6)",,True,16,"[9, 19, 7, 18, 6]",2,0.08187134502923901,91,228,2,0.29239766081871305,137,1
378,"(17,0)",,True,17,"[15, 2, 1, 17, 0]",3,0.180311890838206,93,230,2,0.053606237816764005,137,1
379,"(17,0)",,True,17,"[15, 2, 1, 17, 0]",3,0.180311890838206,93,230,2,0.053606237816764005,137,1
380,3:6,assassinate,True,16,"[17, 14, 3, 5, 15]",5,0.17446393762183202,95,232,2,0.038986354775828,137,1
381,3:6,assassinate,True,16,"[17, 14, 3, 5, 15]",5,0.17446393762183202,95,232,2,0.038986354775828,137,1
382,12:6,assassinate,True,15,"[16, 9, 14, 2, 12]",4,0.07212475633528201,97,234,1,0.0,137,1
383,12:6,assassinate,True,15,"[16, 9, 14, 2, 12]",4,0.07212475633528201,97,234,1,0.0,137,1
384,"(4,0)",,True,16,"[6, 19, 4, 0, 17]",5,0.077972709551656,99,236,1,0.0,137,1
385,"(4,0)",,True,16,"[6, 19, 4, 0, 17]",5,0.077972709551656,99,236,1,0.0,137,1
386,9:16,assassinate,True,10,"[12, 9, 15, 7, 8]",4,0.043859649122807,101,238,0,-0.001,137,1
387,9:16,assassinate,True,10,"[12, 9, 15, 7, 8]",4,0.043859649122807,101,238,0,-0.001,137,1
388,5:4,assassinate,True,10,"[9, 6, 12, 5, 1]",5,0.07309941520467801,103,240,0,-0.001,137,1
389,5:4,assassinate,True,10,"[9, 6, 12, 5, 1]",5,0.07309941520467801,103,240,0,-0.001,137,1
390,15:2,assassinate,True,11,"[9, 16, 6, 13, 15]",6,0.10818713450292301,105,242,0,-0.001,137,1
391,15:2,assassinate,True,11,"[9, 16, 6, 13, 15]",6,0.10818713450292301,105,242,0,-0.001,137,1
392,16:6,assassinate,True,10,"[4, 12, 16, 2, 17]",5,0.08187134502923901,107,244,0,-0.001,137,1
393,16:6,assassinate,True,10,"[4, 12, 16, 2, 17]",5,0.08187134502923901,107,244,0,-0.001,137,1
394,18:4,assassinate,True,10,"[18, 15, 2, 4, 9]",5,0.140350877192982,109,246,0,-0.001,137,1
395,18:4,assassinate,True,10,"[18, 15, 2, 4, 9]",5,0.140350877192982,109,246,0,-0.001,137,1
396,2:2,assassinate,True,11,"[1, 3, 6, 15, 2]",5,0.22222222222222202,111,248,0,-0.001,137,1
397,2:2,assassinate,True,11,"[1, 3, 6, 15, 2]",5,0.22222222222222202,111,248,0,-0.001,137,1
398,14:4,assassinate,True,11,"[10, 2, 3, 0, 14]",5,0.19883040935672502,113,250,0,-0.001,137,1
399,14:4,assassinate,True,11,"[10, 2, 3, 0, 14]",5,0.19883040935672502,113,250,0,-0.001,137,1
400,17:4,assassinate,True,11,"[6, 18, 10, 16, 17]",5,0.22222222222222202,115,252,0,-0.001,137,1
401,17:4,assassinate,True,11,"[6, 18, 10, 16, 17]",5,0.22222222222222202,115,252,0,-0.001,137,1
402,13:4,assassinate,True,11,"[12, 13, 17, 0, 7]",7,0.190058479532163,117,254,1,0.0,137,1
403,13:4,assassinate,True,11,"[12, 13, 17, 0, 7]",7,0.190058479532163,117,254,1,0.0,137,1
404,12:2,assassinate,True,12,"[11, 7, 14, 12, 8]",8,0.29532163742690004,119,256,1,0.0,137,1
405,12:2,assassinate,True,12,"[11, 7, 14, 12, 8]",8,0.29532163742690004,119,256,1,0.0,137,1
406,19:4,assassinate,True,11,"[19, 17, 15, 3, 8]",8,0.242690058479532,121,258,1,0.0,137,1
407,19:4,assassinate,True,11,"[19, 17, 15, 3, 8]",8,0.242690058479532,121,258,1,0.0,137,1
408,6:4,assassinate,True,10,"[13, 9, 11, 18, 6]",7,0.190058479532163,123,260,1,0.0,137,1
409,6:4,assassinate,True,10,"[13, 9, 11, 18, 6]",7,0.190058479532163,123,260,1,0.0,137,1
410,7:4,assassinate,True,10,"[18, 7, 3, 19, 16]",6,0.23391812865497003,125,262,1,0.0,137,1
411,7:4,assassinate,True,10,"[18, 7, 3, 19, 16]",6,0.23391812865497003,125,262,1,0.0,137,1
412,14:6,assassinate,True,9,"[14, 12, 10, 13, 2]",5,0.18128654970760202,127,264,1,0.0,137,1
413,14:6,assassinate,True,9,"[14, 12, 10, 13, 2]",5,0.18128654970760202,127,264,1,0.0,137,1
414,1:2,assassinate,True,10,"[14, 15, 12, 1, 11]",4,0.20467836257309902,129,266,0,-0.001,137,1
415,1:2,assassinate,True,10,"[14, 15, 12, 1, 11]",4,0.20467836257309902,129,266,0,-0.001,137,1
416,10:6,assassinate,True,8,"[14, 5, 10, 4, 17]",3,0.11695906432748501,131,268,0,-0.001,137,1
417,10:6,assassinate,True,8,"[14, 5, 10, 4, 17]",3,0.11695906432748501,131,268,0,-0.001,137,1
418,13:6,assassinate,True,7,"[6, 8, 1, 9, 13]",4,0.07602339181286501,133,270,1,0.0,137,1
419,13:6,assassinate,True,7,"[6, 8, 1, 9, 13]",4,0.07602339181286501,133,270,1,0.0,137,1
420,8:4,assassinate,True,7,"[18, 12, 8, 7, 5]",5,0.11111111111111101,135,272,1,0.0,137,1
421,8:4,assassinate,True,7,"[18, 12, 8, 7, 5]",5,0.11111111111111101,135,272,1,0.0,137,1
422,2:4,assassinate,True,6,"[3, 2, 19, 10, 17]",4,0.052631578947368,137,274,1,0.0,137,1
423,2:4,assassinate,True,6,"[3, 2, 19, 10, 17]",4,0.052631578947368,137,274,1,0.0,137,1
424,"(19,11)",,True,9,"[0, 19, 11, 4, 16]",4,0.09941520467836201,139,276,1,0.0,137,1
425,"(19,11)",,True,9,"[0, 19, 11, 4, 16]",4,0.09941520467836201,139,276,1,0.0,137,1
426,9:8,assassinate,True,7,"[4, 5, 18, 9, 14]",4,0.052631578947368,141,278,1,0.0,137,1
427,9:8,assassinate,True,7,"[4, 5, 18, 9, 14]",4,0.052631578947368,141,278,1,0.0,137,1
428,7:4,assassinate,True,7,"[8, 2, 7, 18, 6]",3,0.017543859649122,143,280,1,0.0,137,1
429,7:4,assassinate,True,7,"[8, 2, 7, 18, 6]",3,0.017543859649122,143,280,1,0.0,137,1
430,11:2,assassinate,True,8,"[8, 11, 3, 12, 15]",3,0.07602339181286501,145,282,1,0.0,137,1
431,11:2,assassinate,True,8,"[8, 11, 3, 12, 15]",3,0.07602339181286501,145,282,1,0.0,137,1
432,9:2,assassinate,True,9,"[4, 9, 7, 12, 8]",4,0.122807017543859,147,284,1,0.0,137,1
433,9:2,assassinate,True,9,"[4, 9, 7, 12, 8]",4,0.122807017543859,147,284,1,0.0,137,1
434,5:4,assassinate,True,9,"[4, 5, 14, 6, 3]",4,0.052631578947368,149,286,1,0.0,137,1
435,5:4,assassinate,True,9,"[4, 5, 14, 6, 3]",4,0.052631578947368,149,286,1,0.0,137,1
436,19:6,assassinate,True,8,"[7, 15, 11, 3, 19]",4,0.09941520467836201,151,288,1,0.0,137,1
437,19:6,assassinate,True,8,"[7, 15, 11, 3, 19]",4,0.09941520467836201,151,288,1,0.0,137,1
438,13:2,assassinate,True,9,"[2, 9, 19, 13, 0]",4,0.16959064327485301,153,290,1,0.0,137,1
439,13:2,assassinate,True,9,"[2, 9, 19, 13, 0]",4,0.16959064327485301,153,290,1,0.0,137,1
440,10:4,assassinate,True,9,"[10, 15, 13, 14, 9]",3,0.11111111111111101,155,292,1,0.0,137,1
441,10:4,assassinate,True,9,"[10, 15, 13, 14, 9]",3,0.11111111111111101,155,292,1,0.0,137,1
442,"(2,11)",,True,12,"[2, 4, 1, 11, 5]",3,0.087719298245614,157,294,1,0.0,137,1
443,"(2,11)",,True,12,"[2, 4, 1, 11, 5]",3,0.087719298245614,157,294,1,0.0,137,1
444,18:4,assassinate,True,12,"[8, 10, 6, 18, 5]",2,0.05847953216374201,159,296,1,0.0,137,1
445,18:4,assassinate,True,12,"[8, 10, 6, 18, 5]",2,0.05847953216374201,159,296,1,0.0,137,1
446,11:6,assassinate,True,10,"[10, 11, 6, 12, 9]",2,0.023391812865497002,161,298,1,0.0,137,1
447,11:6,assassinate,True,10,"[10, 11, 6, 12, 9]",2,0.023391812865497002,161,298,1,0.0,137,1
448,"(4,0)",,True,11,"[9, 4, 1, 19, 0]",3,0.16959064327485301,163,300,1,0.0,137,1
449,"(4,0)",,True,11,"[9, 4, 1, 19, 0]",3,0.16959064327485301,163,300,1,0.0,137,1
450,17:4,assassinate,True,10,"[17, 5, 16, 18, 19]",2,0.029239766081871003,165,302,1,0.0,137,1
451,17:4,assassinate,True,10,"[17, 5, 16, 18, 19]",2,0.029239766081871003,165,302,1,0.0,137,1
452,"(14,2)",,True,13,"[14, 2, 0, 4, 9]",4,0.21929824561403502,167,304,1,0.0,137,1
453,"(14,2)",,True,13,"[14, 2, 0, 4, 9]",4,0.21929824561403502,167,304,1,0.0,137,1
454,13:4,assassinate,True,11,"[7, 11, 1, 19, 13]",3,0.11111111111111101,169,306,1,0.0,137,1
455,13:4,assassinate,True,11,"[7, 11, 1, 19, 13]",3,0.11111111111111101,169,306,1,0.0,137,1
456,"(7,0)",,True,11,"[18, 7, 13, 19, 0]",2,0.023391812865497002,171,308,1,0.0,137,1
457,"(7,0)",,True,11,"[18, 7, 13, 19, 0]",2,0.023391812865497002,171,308,1,0.0,137,1
458,4:4,assassinate,True,11,"[16, 3, 7, 17, 4]",2,0.05847953216374201,173,310,1,0.0,137,1
459,4:4,assassinate,True,11,"[16, 3, 7, 17, 4]",2,0.05847953216374201,173,310,1,0.0,137,1
460,"(2,1)",,True,13,"[10, 2, 0, 1, 4]",2,0.005847953216374001,173,311,2,0.026315789473684,138,1
461,"(2,1)",,True,13,"[10, 2, 0, 1, 4]",2,0.005847953216374001,173,311,2,0.026315789473684,138,1
462,"(7,1)",,True,13,"[7, 11, 0, 1, 10]",2,0.029239766081871003,171,311,3,0.20175438596491202,140,1
463,"(7,1)",,True,13,"[7, 11, 0, 1, 10]",2,0.029239766081871003,171,311,3,0.20175438596491202,140,1
464,"(19,12)",,True,16,"[19, 12, 14, 17, 18]",4,0.19298245614035,169,311,3,0.33625730994152003,142,1
465,"(19,12)",,True,16,"[19, 12, 14, 17, 18]",4,0.19298245614035,169,311,3,0.33625730994152003,142,1
466,"(19,15)",,True,18,"[10, 19, 15, 7, 6]",4,0.29824561403508704,167,311,3,0.44444444444444403,144,1
467,"(19,15)",,True,18,"[10, 19, 15, 7, 6]",4,0.29824561403508704,167,311,3,0.44444444444444403,144,1
468,"(9,0)",,True,19,"[16, 17, 9, 0, 6]",3,0.22222222222222202,167,312,3,0.44444444444444403,145,1
469,"(9,0)",,True,19,"[16, 17, 9, 0, 6]",3,0.22222222222222202,167,312,3,0.44444444444444403,145,1
470,5:8,assassinate,True,17,"[16, 11, 5, 19, 15]",2,0.15204678362573001,166,312,3,0.228070175438596,146,1
471,5:8,assassinate,True,17,"[16, 11, 5, 19, 15]",2,0.15204678362573001,166,312,3,0.228070175438596,146,1
472,"(10,11)",,True,20,"[10, 5, 11, 8, 0]",2,0.092592592592592,164,312,3,0.13937621832358602,148,1
473,"(10,11)",,True,20,"[10, 5, 11, 8, 0]",2,0.092592592592592,164,312,3,0.13937621832358602,148,1
474,13:4,assassinate,True,20,"[2, 3, 10, 13, 19]",2,0.007797270955165,162,312,3,0.040935672514619006,150,1
475,13:4,assassinate,True,20,"[2, 3, 10, 13, 19]",2,0.007797270955165,162,312,3,0.040935672514619006,150,1
476,2:10,assassinate,True,13,"[14, 17, 18, 2, 12]",2,0.05847953216374201,164,314,1,0.0,150,1
477,2:10,assassinate,True,13,"[14, 17, 18, 2, 12]",2,0.05847953216374201,164,314,1,0.0,150,1
478,19:4,assassinate,True,13,"[3, 18, 10, 19, 12]",4,0.07602339181286501,166,316,1,0.0,150,1
479,19:4,assassinate,True,13,"[3, 18, 10, 19, 12]",4,0.07602339181286501,166,316,1,0.0,150,1
480,"(3,1)",,True,15,"[19, 3, 4, 17, 1]",4,0.309941520467836,168,318,2,0.280701754385964,150,1
481,"(3,1)",,True,15,"[19, 3, 4, 17, 1]",4,0.309941520467836,168,318,2,0.280701754385964,150,1
482,8:6,assassinate,True,12,"[14, 15, 2, 8, 7]",5,0.11111111111111101,170,320,1,0.0,150,1
483,8:6,assassinate,True,12,"[14, 15, 2, 8, 7]",5,0.11111111111111101,170,320,1,0.0,150,1
484,6:4,assassinate,True,12,"[0, 7, 15, 6, 5]",5,0.251461988304093,172,322,1,0.0,150,1
485,6:4,assassinate,True,12,"[0, 7, 15, 6, 5]",5,0.251461988304093,172,322,1,0.0,150,1
486,4:4,assassinate,True,12,"[7, 1, 8, 17, 4]",6,0.25730994152046704,174,324,1,0.0,150,1
487,4:4,assassinate,True,12,"[7, 1, 8, 17, 4]",6,0.25730994152046704,174,324,1,0.0,150,1
488,3:4,assassinate,True,11,"[15, 14, 11, 13, 3]",5,0.140350877192982,176,326,1,0.0,150,1
489,3:4,assassinate,True,11,"[15, 14, 11, 13, 3]",5,0.140350877192982,176,326,1,0.0,150,1
490,16:4,assassinate,True,11,"[7, 16, 1, 11, 6]",4,0.12865497076023302,178,328,1,0.0,150,1
491,16:4,assassinate,True,11,"[7, 16, 1, 11, 6]",4,0.12865497076023302,178,328,1,0.0,150,1
492,10:6,assassinate,True,9,"[18, 10, 3, 19, 14]",3,0.040935672514619006,180,330,1,0.0,150,1
493,10:6,assassinate,True,9,"[18, 10, 3, 19, 14]",3,0.040935672514619006,180,330,1,0.0,150,1
494,3:2,assassinate,True,10,"[4, 5, 6, 15, 3]",3,0.157894736842105,182,332,1,0.0,150,1
495,3:2,assassinate,True,10,"[4, 5, 6, 15, 3]",3,0.157894736842105,182,332,1,0.0,150,1
496,13:4,assassinate,True,10,"[2, 3, 18, 15, 13]",2,0.035087719298245,184,334,1,0.0,150,1
497,13:4,assassinate,True,10,"[2, 3, 18, 15, 13]",2,0.035087719298245,184,334,1,0.0,150,1
498,8:4,assassinate,True,9,"[6, 2, 14, 8, 15]",1,0.0,185,335,1,0.0,150,1
499,8:4,assassinate,True,9,"[6, 2, 14, 8, 15]",1,0.0,185,335,1,0.0,150,1
500,"(3,8)",,True,12,"[3, 8, 0, 7, 4]",3,0.06432748538011601,187,337,1,0.0,150,1
501,"(3,8)",,True,12,"[3, 8, 0, 7, 4]",3,0.06432748538011601,187,337,1,0.0,150,1
502,6:2,assassinate,True,13,"[6, 18, 13, 17, 15]",2,0.06432748538011601,189,339,1,0.0,150,1
503,6:2,assassinate,True,13,"[6, 18, 13, 17, 15]",2,0.06432748538011601,189,339,1,0.0,150,1
504,12:8,assassinate,True,11,"[4, 6, 12, 5, 15]",1,0.0,190,340,1,0.0,150,1
505,12:8,assassinate,True,11,"[4, 6, 12, 5, 15]",1,0.0,190,340,1,0.0,150,1
506,"(3,15)",,True,11,"[0, 3, 15, 19, 6]",1,0.0,190,340,1,0.0,150,1
507,"(3,15)",,True,11,"[0, 3, 15, 19, 6]",1,0.0,190,340,1,0.0,150,1
508,"(14,1)",,True,11,"[11, 6, 14, 19, 1]",1,0.0,189,340,2,0.040935672514619006,151,1
509,"(14,1)",,True,11,"[11, 6, 14, 19, 1]",1,0.0,189,340,2,0.040935672514619006,151,1
510,"(1,11)",,True,14,"[17, 8, 3, 1, 11]",3,0.075048732943469,189,341,3,0.148148148148148,152,1
511,"(1,11)",,True,14,"[17, 8, 3, 1, 11]",3,0.075048732943469,189,341,3,0.148148148148148,152,1
512,16:6,assassinate,True,13,"[7, 16, 9, 2, 1]",4,0.062865497076023,191,343,3,0.045808966861598,152,1
513,16:6,assassinate,True,13,"[7, 16, 9, 2, 1]",4,0.062865497076023,191,343,3,0.045808966861598,152,1
514,"(4,0)",,True,14,"[13, 4, 2, 18, 0]",5,0.10964912280701701,193,345,3,0.053606237816764005,152,1
515,"(4,0)",,True,14,"[13, 4, 2, 18, 0]",5,0.10964912280701701,193,345,3,0.053606237816764005,152,1
516,"(0,5)",,True,15,"[18, 0, 17, 5, 9]",6,0.318713450292397,195,347,3,0.11695906432748501,152,1
517,"(0,5)",,True,15,"[18, 0, 17, 5, 9]",6,0.318713450292397,195,347,3,0.11695906432748501,152,1
518,"(8,1)",,True,18,"[8, 1, 15, 11, 9]",6,0.32651072124756303,197,349,4,0.145224171539961,152,1
519,"(8,1)",,True,18,"[8, 1, 15, 11, 9]",6,0.32651072124756303,197,349,4,0.145224171539961,152,1
520,3:6,assassinate,True,15,"[13, 6, 15, 17, 3]",5,0.280701754385964,199,351,3,0.087719298245614,152,1
521,3:6,assassinate,True,15,"[13, 6, 15, 17, 3]",5,0.280701754385964,199,351,3,0.087719298245614,152,1
522,"(5,1)",,True,18,"[0, 5, 1, 12, 2]",7,0.373294346978557,201,353,4,0.13937621832358602,152,1
523,"(5,1)",,True,18,"[0, 5, 1, 12, 2]",7,0.373294346978557,201,353,4,0.13937621832358602,152,1
524,4:2,assassinate,True,19,"[13, 4, 15, 12, 2]",6,0.27826510721247505,203,355,4,0.069200779727095,152,1
525,4:2,assassinate,True,19,"[13, 4, 15, 12, 2]",6,0.27826510721247505,203,355,4,0.069200779727095,152,1
526,6:4,assassinate,True,19,"[4, 6, 2, 17, 12]",5,0.231481481481481,205,357,4,0.06335282651072101,152,1
527,6:4,assassinate,True,19,"[4, 6, 2, 17, 12]",5,0.231481481481481,205,357,4,0.06335282651072101,152,1
528,"(12,0)",,True,20,"[12, 0, 3, 19, 1]",4,0.16130604288499,207,359,4,0.055555555555555004,152,1
529,"(12,0)",,True,20,"[12, 0, 3, 19, 1]",4,0.16130604288499,207,359,4,0.055555555555555004,152,1
530,16:8,assassinate,True,17,"[4, 18, 5, 16, 15]",3,0.16374269005847902,209,361,4,0.114035087719298,152,1
531,16:8,assassinate,True,17,"[4, 18, 5, 16, 15]",3,0.16374269005847902,209,361,4,0.114035087719298,152,1
532,"(16,11)",,True,19,"[16, 11, 14, 13, 10]",3,0.157894736842105,211,363,4,0.11208576998050601,152,1
533,"(16,11)",,True,19,"[16, 11, 14, 13, 10]",3,0.157894736842105,211,363,4,0.11208576998050601,152,1
534,15:4,assassinate,True,19,"[10, 16, 17, 4, 15]",3,0.200779727095516,213,365,4,0.13352826510721202,152,1
535,15:4,assassinate,True,19,"[10, 16, 17, 4, 15]",3,0.200779727095516,213,365,4,0.13352826510721202,152,1
536,"(1,6)",,True,21,"[9, 0, 1, 13, 6]",3,0.22417153996101302,215,367,5,0.210526315789473,152,1
537,"(1,6)",,True,21,"[9, 0, 1, 13, 6]",3,0.22417153996101302,215,367,5,0.210526315789473,152,1
538,"(4,1)",,True,22,"[15, 5, 4, 8, 1]",4,0.197855750487329,215,368,5,0.24366471734892703,153,1
539,"(4,1)",,True,22,"[15, 5, 4, 8, 1]",4,0.197855750487329,215,368,5,0.24366471734892703,153,1
540,"(2,11)",,True,24,"[2, 5, 6, 14, 11]",4,0.14571150097465801,213,368,5,0.211988304093567,155,1
541,"(2,11)",,True,24,"[2, 5, 6, 14, 11]",4,0.14571150097465801,213,368,5,0.211988304093567,155,1
542,9:2,assassinate,True,23,"[11, 12, 16, 15, 9]",5,0.19980506822612001,213,369,5,0.22709551656920002,156,1
543,9:2,assassinate,True,23,"[11, 12, 16, 15, 9]",5,0.19980506822612001,213,369,5,0.22709551656920002,156,1
544,17:2,assassinate,True,22,"[16, 12, 17, 9, 13]",4,0.132163742690058,213,370,4,0.137134502923976,157,1
545,17:2,assassinate,True,22,"[16, 12, 17, 9, 13]",4,0.132163742690058,213,370,4,0.137134502923976,157,1
546,7:8,assassinate,True,18,"[15, 7, 13, 6, 18]",3,0.11598440545808901,213,371,4,0.228070175438596,158,1
547,7:8,assassinate,True,18,"[15, 7, 13, 6, 18]",3,0.11598440545808901,213,371,4,0.228070175438596,158,1
548,"(3,6)",,True,19,"[7, 17, 3, 6, 2]",3,0.092592592592592,211,371,4,0.16374269005847902,160,1
549,"(3,6)",,True,19,"[7, 17, 3, 6, 2]",3,0.092592592592592,211,371,4,0.16374269005847902,160,1
550,"(9,18)",,True,18,"[13, 9, 12, 3, 18]",3,0.277777777777777,213,373,3,0.251461988304093,160,1
551,"(9,18)",,True,18,"[13, 9, 12, 3, 18]",3,0.277777777777777,213,373,3,0.251461988304093,160,1
552,"(16,1)",,True,21,"[0, 14, 16, 3, 1]",3,0.18128654970760202,213,374,4,0.33333333333333304,161,1
553,"(16,1)",,True,21,"[0, 14, 16, 3, 1]",3,0.18128654970760202,213,374,4,0.33333333333333304,161,1
554,"(1,19)",,True,22,"[1, 18, 11, 19, 12]",3,0.054580896686159,211,374,5,0.408382066276803,163,1
555,"(1,19)",,True,22,"[1, 18, 11, 19, 12]",3,0.054580896686159,211,374,5,0.408382066276803,163,1
556,"(16,0)",,True,23,"[4, 16, 0, 7, 9]",2,0.0,209,374,5,0.28947368421052605,165,1
557,"(16,0)",,True,23,"[4, 16, 0, 7, 9]",2,0.0,209,374,5,0.28947368421052605,165,1
558,17:6,assassinate,True,22,"[17, 15, 9, 10, 0]",2,0.0,207,374,5,0.30799220272904404,167,1
559,17:6,assassinate,True,22,"[17, 15, 9, 10, 0]",2,0.0,207,374,5,0.30799220272904404,167,1
560,"(16,12)",,True,23,"[16, 14, 5, 12, 11]",2,0.0,205,374,5,0.22124756335282603,169,1
561,"(16,12)",,True,23,"[16, 14, 5, 12, 11]",2,0.0,205,374,5,0.22124756335282603,169,1
562,"(14,17)",,True,26,"[14, 10, 0, 17, 6]",2,0.0,203,374,5,0.17251461988304,171,1
563,"(14,17)",,True,26,"[14, 10, 0, 17, 6]",2,0.0,203,374,5,0.17251461988304,171,1
564,"(12,16)",,True,25,"[13, 12, 16, 6, 7]",2,0.0,201,374,4,0.100389863547758,173,1
565,"(12,16)",,True,25,"[13, 12, 16, 6, 7]",2,0.0,201,374,4,0.100389863547758,173,1
566,6:4,assassinate,True,25,"[6, 5, 4, 0, 8]",2,0.0,199,374,4,0.083820662768031,175,1
567,6:4,assassinate,True,25,"[6, 5, 4, 0, 8]",2,0.0,199,374,4,0.083820662768031,175,1
568,"(6,1)",,True,28,"[13, 6, 15, 1, 14]",4,0.08986354775828401,199,375,5,0.12183235867446301,176,1
569,"(6,1)",,True,28,"[13, 6, 15, 1, 14]",4,0.08986354775828401,199,375,5,0.12183235867446301,176,1
570,13:4,assassinate,True,24,"[9, 13, 3, 16, 0]",4,0.10838206627680301,201,377,4,0.088693957115009,176,1
571,13:4,assassinate,True,24,"[9, 13, 3, 16, 0]",4,0.10838206627680301,201,377,4,0.088693957115009,176,1
572,"(3,8)",,True,23,"[5, 3, 0, 17, 8]",4,0.160818713450292,203,379,4,0.148148148148148,176,1
573,"(3,8)",,True,23,"[5, 3, 0, 17, 8]",4,0.160818713450292,203,379,4,0.148148148148148,176,1
574,15:4,assassinate,True,23,"[16, 18, 15, 7, 0]",5,0.182261208576998,205,381,4,0.08576998050682201,176,1
575,15:4,assassinate,True,23,"[16, 18, 15, 7, 0]",5,0.182261208576998,205,381,4,0.08576998050682201,176,1
576,3:4,assassinate,True,21,"[10, 0, 3, 18, 15]",5,0.178849902534113,207,383,3,0.040448343079922004,176,1
577,3:4,assassinate,True,21,"[10, 0, 3, 18, 15]",5,0.178849902534113,207,383,3,0.040448343079922004,176,1
578,19:4,assassinate,True,19,"[3, 19, 15, 17, 13]",4,0.18615984405458003,209,385,2,0.0,176,1
579,19:4,assassinate,True,19,"[3, 19, 15, 17, 13]",4,0.18615984405458003,209,385,2,0.0,176,1
580,6:4,assassinate,True,19,"[6, 7, 14, 18, 8]",5,0.19200779727095502,211,387,2,0.0,176,1
581,6:4,assassinate,True,19,"[6, 7, 14, 18, 8]",5,0.19200779727095502,211,387,2,0.0,176,1
582,"(1,2)",,True,22,"[11, 4, 5, 1, 2]",5,0.177387914230019,213,389,3,0.048245614035087,176,1
583,"(1,2)",,True,22,"[11, 4, 5, 1, 2]",5,0.177387914230019,213,389,3,0.048245614035087,176,1
584,"(19,8)",,True,24,"[12, 19, 15, 10, 8]",5,0.16569200779727,215,391,3,0.05409356725146101,176,1
585,"(19,8)",,True,24,"[12, 19, 15, 10, 8]",5,0.16569200779727,215,391,3,0.05409356725146101,176,1
586,13:4,assassinate,True,20,"[4, 8, 12, 17, 13]",4,0.11306042884990201,217,393,3,0.049707602339181006,176,1
587,13:4,assassinate,True,20,"[4, 8, 12, 17, 13]",4,0.11306042884990201,217,393,3,0.049707602339181006,176,1
588,"(0,14)",,True,20,"[0, 18, 14, 10, 19]",3,0.08187134502923901,217,394,3,0.10818713450292301,177,1
589,"(0,14)",,True,20,"[0, 18, 14, 10, 19]",3,0.08187134502923901,217,394,3,0.10818713450292301,177,1
590,8:16,assassinate,True,14,"[8, 12, 11, 14, 18]",2,0.070175438596491,217,395,2,0.12865497076023302,178,1
591,8:16,assassinate,True,14,"[8, 12, 11, 14, 18]",2,0.070175438596491,217,395,2,0.12865497076023302,178,1
592,"(1,10)",,True,16,"[1, 2, 10, 6, 7]",2,0.070175438596491,215,395,3,0.175438596491228,180,1
593,"(1,10)",,True,16,"[1, 2, 10, 6, 7]",2,0.070175438596491,215,395,3,0.175438596491228,180,1
594,"(13,16)",,True,18,"[13, 19, 9, 15, 16]",2,0.07602339181286501,213,395,3,0.17933723196881002,182,1
595,"(13,16)",,True,18,"[13, 19, 9, 15, 16]",2,0.07602339181286501,213,395,3,0.17933723196881002,182,1
596,"(17,3)",,True,21,"[18, 13, 17, 16, 3]",2,0.026315789473684,211,395,3,0.088693957115009,184,1
597,"(17,3)",,True,21,"[18, 13, 17, 16, 3]",2,0.026315789473684,211,395,3,0.088693957115009,184,1
598,"(0,15)",,True,21,"[2, 0, 17, 15, 16]",1,0.0,209,395,3,0.138401559454191,186,1
599,"(0,15)",,True,21,"[2, 0, 17, 15, 16]",1,0.0,209,395,3,0.138401559454191,186,1
600,"(17,9)",,True,22,"[15, 17, 12, 2, 9]",1,0.0,207,395,3,0.14619883040935602,188,1
601,"(17,9)",,True,22,"[15, 17, 12, 2, 9]",1,0.0,207,395,3,0.14619883040935602,188,1
602,9:10,assassinate,True,17,"[6, 4, 8, 9, 11]",1,0.0,205,395,3,0.134502923976608,190,1
603,9:10,assassinate,True,17,"[6, 4, 8, 9, 11]",1,0.0,205,395,3,0.134502923976608,190,1
604,7:4,assassinate,True,15,"[0, 18, 15, 5, 7]",1,0.0,203,395,3,0.087719298245614,192,1
605,7:4,assassinate,True,15,"[0, 18, 15, 5, 7]",1,0.0,203,395,3,0.087719298245614,192,1
606,"(17,7)",,True,18,"[17, 7, 18, 19, 3]",1,0.0,201,395,3,0.083820662768031,194,1
607,"(17,7)",,True,18,"[17, 7, 18, 19, 3]",1,0.0,201,395,3,0.083820662768031,194,1
608,"(1,19)",,True,21,"[1, 10, 2, 0, 19]",1,0.0,199,395,4,0.148148148148148,196,1
609,"(1,19)",,True,21,"[1, 10, 2, 0, 19]",1,0.0,199,395,4,0.148148148148148,196,1
610,"(17,1)",,True,24,"[3, 0, 17, 14, 1]",1,0.0,197,395,5,0.142300194931773,198,1
611,"(17,1)",,True,24,"[3, 0, 17, 14, 1]",1,0.0,197,395,5,0.142300194931773,198,1
612,"(7,9)",,True,27,"[11, 0, 15, 7, 9]",3,0.18274853801169502,195,395,5,0.23732943469785503,200,1
613,"(7,9)",,True,27,"[11, 0, 15, 7, 9]",3,0.18274853801169502,195,395,5,0.23732943469785503,200,1
614,"(11,12)",,True,30,"[11, 6, 5, 12, 9]",3,0.071052631578947,195,396,5,0.12275132275132201,201,1
615,"(11,12)",,True,30,"[11, 6, 5, 12, 9]",3,0.071052631578947,195,396,5,0.12275132275132201,201,1
616,14:14,assassinate,True,23,"[16, 11, 14, 3, 7]",3,0.044834307992202005,193,396,5,0.09844054580896601,203,1
617,14:14,assassinate,True,23,"[16, 11, 14, 3, 7]",3,0.044834307992202005,193,396,5,0.09844054580896601,203,1
618,11:14,assassinate,True,18,"[10, 16, 11, 1, 0]",5,0.23976608187134502,193,397,5,0.251461988304093,204,1
619,11:14,assassinate,True,18,"[10, 16, 11, 1, 0]",5,0.23976608187134502,193,397,5,0.251461988304093,204,1
620,17:10,assassinate,True,15,"[14, 4, 16, 15, 17]",4,0.19298245614035,195,399,4,0.18128654970760202,204,1
621,17:10,assassinate,True,15,"[14, 4, 16, 15, 17]",4,0.19298245614035,195,399,4,0.18128654970760202,204,1
622,12:2,assassinate,True,16,"[19, 0, 14, 12, 3]",4,0.141812865497076,197,401,4,0.10233918128654901,204,1
623,12:2,assassinate,True,16,"[19, 0, 14, 12, 3]",4,0.141812865497076,197,401,4,0.10233918128654901,204,1
624,17:2,assassinate,True,17,"[12, 10, 17, 2, 16]",4,0.20029239766081802,199,403,4,0.12865497076023302,204,1
625,17:2,assassinate,True,17,"[12, 10, 17, 2, 16]",4,0.20029239766081802,199,403,4,0.12865497076023302,204,1
626,"(1,4)",,True,20,"[1, 2, 9, 15, 4]",4,0.167376775271512,199,404,5,0.18103592314118602,205,1
627,"(1,4)",,True,20,"[1, 2, 9, 15, 4]",4,0.167376775271512,199,404,5,0.18103592314118602,205,1
628,8:8,assassinate,True,18,"[14, 5, 6, 1, 8]",3,0.121345029239766,199,405,5,0.18421052631578902,206,1
629,8:8,assassinate,True,18,"[14, 5, 6, 1, 8]",3,0.121345029239766,199,405,5,0.18421052631578902,206,1
630,6:6,assassinate,True,17,"[10, 6, 14, 12, 8]",3,0.15204678362573001,197,405,5,0.17933723196881002,208,1
631,6:6,assassinate,True,17,"[10, 6, 14, 12, 8]",3,0.15204678362573001,197,405,5,0.17933723196881002,208,1
632,"(6,1)",,True,20,"[8, 13, 6, 1, 3]",3,0.15204678362573001,197,406,6,0.27875243664717303,209,1
633,"(6,1)",,True,20,"[8, 13, 6, 1, 3]",3,0.15204678362573001,197,406,6,0.27875243664717303,209,1
634,"(9,4)",,True,23,"[9, 10, 4, 5, 3]",5,0.277777777777777,195,406,6,0.32943469785575,211,1
635,"(9,4)",,True,23,"[9, 10, 4, 5, 3]",5,0.277777777777777,195,406,6,0.32943469785575,211,1
636,18:4,assassinate,True,21,"[16, 18, 14, 10, 1]",4,0.27485380116959,195,407,5,0.311890838206627,212,1
637,18:4,assassinate,True,21,"[16, 18, 14, 10, 1]",4,0.27485380116959,195,407,5,0.311890838206627,212,1
638,"(5,11)",,True,24,"[5, 10, 16, 14, 11]",4,0.20175438596491202,195,408,5,0.23586744639376203,213,1
639,"(5,11)",,True,24,"[5, 10, 16, 14, 11]",4,0.20175438596491202,195,408,5,0.23586744639376203,213,1
640,13:4,assassinate,True,22,"[6, 16, 13, 5, 3]",3,0.09941520467836201,195,409,4,0.118908382066276,214,1
641,13:4,assassinate,True,22,"[6, 16, 13, 5, 3]",3,0.09941520467836201,195,409,4,0.118908382066276,214,1
642,2:8,assassinate,True,20,"[9, 2, 16, 14, 1]",4,0.11549707602339102,197,411,4,0.10087719298245601,214,1
643,2:8,assassinate,True,20,"[9, 2, 16, 14, 1]",4,0.11549707602339102,197,411,4,0.10087719298245601,214,1
644,"(11,1)",,True,23,"[15, 14, 13, 11, 1]",6,0.29093567251461905,199,413,5,0.23538011695906402,214,1
645,"(11,1)",,True,23,"[15, 14, 13, 11, 1]",6,0.29093567251461905,199,413,5,0.23538011695906402,214,1
646,"(1,18)",,True,26,"[1, 18, 14, 5, 3]",8,0.38499025341130605,201,415,6,0.22222222222222202,214,1
647,"(1,18)",,True,26,"[1, 18, 14, 5, 3]",8,0.38499025341130605,201,415,6,0.22222222222222202,214,1
648,"(17,0)",,True,27,"[17, 0, 7, 10, 8]",9,0.45419103313840103,203,417,6,0.27485380116959,214,1
649,"(17,0)",,True,27,"[17, 0, 7, 10, 8]",9,0.45419103313840103,203,417,6,0.27485380116959,214,1
650,14:4,assassinate,True,25,"[14, 6, 15, 1, 4]",8,0.50682261208577,205,419,6,0.207602339181286,214,1
651,14:4,assassinate,True,25,"[14, 6, 15, 1, 4]",8,0.50682261208577,205,419,6,0.207602339181286,214,1
652,7:4,assassinate,True,25,"[4, 9, 0, 7, 12]",7,0.42933723196881,207,421,6,0.16520467836257302,214,1
653,7:4,assassinate,True,25,"[4, 9, 0, 7, 12]",7,0.42933723196881,207,421,6,0.16520467836257302,214,1
654,3:2,assassinate,True,26,"[16, 3, 13, 11, 19]",8,0.37095516569200704,209,423,6,0.13518518518518502,214,1
655,3:2,assassinate,True,26,"[16, 3, 13, 11, 19]",8,0.37095516569200704,209,423,6,0.13518518518518502,214,1
656,12:4,assassinate,True,24,"[18, 12, 17, 5, 14]",7,0.296686159844054,211,425,6,0.12339181286549701,214,1
657,12:4,assassinate,True,24,"[18, 12, 17, 5, 14]",7,0.296686159844054,211,425,6,0.12339181286549701,214,1
658,5:4,assassinate,True,24,"[16, 0, 5, 11, 4]",7,0.24600389863547703,213,427,6,0.11364522417153901,214,1
659,5:4,assassinate,True,24,"[16, 0, 5, 11, 4]",7,0.24600389863547703,213,427,6,0.11364522417153901,214,1
660,19:10,assassinate,True,21,"[11, 16, 19, 14, 9]",6,0.23635477582846,215,429,5,0.11988304093567201,214,1
661,19:10,assassinate,True,21,"[11, 16, 19, 14, 9]",6,0.23635477582846,215,429,5,0.11988304093567201,214,1
662,15:6,assassinate,True,20,"[3, 15, 9, 12, 11]",5,0.085185185185185,217,431,5,0.053021442495126005,214,1
663,15:6,assassinate,True,20,"[3, 15, 9, 12, 11]",5,0.085185185185185,217,431,5,0.053021442495126005,214,1
664,7:4,assassinate,True,20,"[15, 2, 16, 7, 17]",7,0.207992202729044,219,433,5,0.076413255360623,214,1
665,7:4,assassinate,True,20,"[15, 2, 16, 7, 17]",7,0.207992202729044,219,433,5,0.076413255360623,214,1
666,16:6,assassinate,True,19,"[16, 17, 7, 13, 3]",6,0.22709551656920002,221,435,5,0.106237816764132,214,1
667,16:6,assassinate,True,19,"[16, 17, 7, 13, 3]",6,0.22709551656920002,221,435,5,0.106237816764132,214,1
668,15:2,assassinate,True,20,"[15, 19, 5, 9, 2]",5,0.26803118908382,223,437,5,0.12183235867446301,214,1
669,15:2,assassinate,True,20,"[15, 19, 5, 9, 2]",5,0.26803118908382,223,437,5,0.12183235867446301,214,1
670,"(14,1)",,True,21,"[17, 14, 10, 9, 1]",5,0.24424951267056502,225,439,5,0.218615984405458,214,1
671,"(14,1)",,True,21,"[17, 14, 10, 9, 1]",5,0.24424951267056502,225,439,5,0.218615984405458,214,1
672,18:4,assassinate,True,21,"[13, 9, 3, 18, 17]",4,0.081481481481481,225,440,5,0.10838206627680301,215,1
673,18:4,assassinate,True,21,"[13, 9, 3, 18, 17]",4,0.081481481481481,225,440,5,0.10838206627680301,215,1
674,12:8,assassinate,True,19,"[15, 19, 12, 6, 10]",3,0.06822612085769901,225,441,5,0.11111111111111101,216,1
675,12:8,assassinate,True,19,"[15, 19, 12, 6, 10]",3,0.06822612085769901,225,441,5,0.11111111111111101,216,1
676,"(16,1)",,True,18,"[9, 10, 16, 4, 1]",3,0.091617933723196,225,442,4,0.132553606237816,217,1
677,"(16,1)",,True,18,"[9, 10, 16, 4, 1]",3,0.091617933723196,225,442,4,0.132553606237816,217,1
678,3:4,assassinate,True,18,"[13, 5, 6, 18, 3]",3,0.142300194931773,223,442,4,0.21442495126705602,219,1
679,3:4,assassinate,True,18,"[13, 5, 6, 18, 3]",3,0.142300194931773,223,442,4,0.21442495126705602,219,1
680,"(3,7)",,True,18,"[3, 12, 15, 7, 17]",3,0.14424951267056502,221,442,4,0.26120857699805,221,1
681,"(3,7)",,True,18,"[3, 12, 15, 7, 17]",3,0.14424951267056502,221,442,4,0.26120857699805,221,1
682,"(1,4)",,True,21,"[1, 3, 4, 0, 7]",5,0.232943469785575,219,442,5,0.319688109161793,223,1
683,"(1,4)",,True,21,"[1, 3, 4, 0, 7]",5,0.232943469785575,219,442,5,0.319688109161793,223,1
684,"(14,15)",,True,22,"[11, 14, 7, 15, 4]",5,0.21929824561403502,221,444,5,0.19980506822612001,223,1
685,"(14,15)",,True,22,"[11, 14, 7, 15, 4]",5,0.21929824561403502,221,444,5,0.19980506822612001,223,1
686,12:4,assassinate,True,22,"[17, 19, 14, 11, 12]",4,0.148148148148148,223,446,5,0.14619883040935602,223,1
687,12:4,assassinate,True,22,"[17, 19, 14, 11, 12]",4,0.148148148148148,223,446,5,0.14619883040935602,223,1
688,8:10,assassinate,True,17,"[12, 17, 15, 8, 5]",3,0.18713450292397601,223,447,5,0.288986354775828,224,1
689,8:10,assassinate,True,17,"[12, 17, 15, 8, 5]",3,0.18713450292397601,223,447,5,0.288986354775828,224,1
690,"(18,16)",,True,20,"[5, 18, 9, 16, 12]",3,0.207992202729044,221,447,5,0.340448343079922,226,1
691,"(18,16)",,True,20,"[5, 18, 9, 16, 12]",3,0.207992202729044,221,447,5,0.340448343079922,226,1
692,"(14,15)",,True,19,"[14, 15, 2, 0, 18]",3,0.27485380116959,219,447,5,0.39522417153996103,228,1
693,"(14,15)",,True,19,"[14, 15, 2, 0, 18]",3,0.27485380116959,219,447,5,0.39522417153996103,228,1
694,13:8,assassinate,True,17,"[13, 18, 2, 7, 17]",2,0.06432748538011601,217,447,5,0.19629629629629602,230,1
695,13:8,assassinate,True,17,"[13, 18, 2, 7, 17]",2,0.06432748538011601,217,447,5,0.19629629629629602,230,1
696,"(2,1)",,True,18,"[2, 16, 1, 9, 10]",2,0.0,215,447,6,0.14873294346978502,232,1
697,"(2,1)",,True,18,"[2, 16, 1, 9, 10]",2,0.0,215,447,6,0.14873294346978502,232,1
698,"(2,13)",,True,21,"[9, 2, 7, 13, 11]",2,0.0,213,447,6,0.178849902534113,234,1
699,"(2,13)",,True,21,"[9, 2, 7, 13, 11]",2,0.0,213,447,6,0.178849902534113,234,1
700,"(18,1)",,True,22,"[13, 15, 18, 8, 1]",2,0.027290448343079,211,447,6,0.135964912280701,236,1
701,"(18,1)",,True,22,"[13, 15, 18, 8, 1]",2,0.027290448343079,211,447,6,0.135964912280701,236,1
702,9:8,assassinate,True,19,"[16, 0, 9, 15, 7]",2,0.027290448343079,209,447,6,0.12670565302144202,238,1
703,9:8,assassinate,True,19,"[16, 0, 9, 15, 7]",2,0.027290448343079,209,447,6,0.12670565302144202,238,1
704,11:12,assassinate,True,11,"[11, 16, 4, 19, 9]",2,0.09356725146198801,207,447,4,0.190058479532163,240,1
705,11:12,assassinate,True,11,"[11, 16, 4, 19, 9]",2,0.09356725146198801,207,447,4,0.190058479532163,240,1
706,2:4,assassinate,True,11,"[5, 10, 2, 6, 17]",3,0.046783625730994004,205,447,4,0.125730994152046,242,1
707,2:4,assassinate,True,11,"[5, 10, 2, 6, 17]",3,0.046783625730994004,205,447,4,0.125730994152046,242,1
708,10:6,assassinate,True,10,"[10, 2, 11, 17, 18]",3,0.040935672514619006,203,447,4,0.096491228070175,244,1
709,10:6,assassinate,True,10,"[10, 2, 11, 17, 18]",3,0.040935672514619006,203,447,4,0.096491228070175,244,1
710,"(1,5)",,True,13,"[15, 1, 5, 13, 18]",3,0.046783625730994004,201,447,5,0.09356725146198801,246,1
711,"(1,5)",,True,13,"[15, 1, 5, 13, 18]",3,0.046783625730994004,201,447,5,0.09356725146198801,246,1
712,14:10,assassinate,True,7,"[2, 9, 12, 14, 8]",3,0.029239766081871003,199,447,3,0.046783625730994004,248,1
713,14:10,assassinate,True,7,"[2, 9, 12, 14, 8]",3,0.029239766081871003,199,447,3,0.046783625730994004,248,1
714,"(0,2)",,True,8,"[7, 15, 17, 0, 2]",4,0.06432748538011601,201,449,3,0.05847953216374201,248,1
715,"(0,2)",,True,8,"[7, 15, 17, 0, 2]",4,0.06432748538011601,201,449,3,0.05847953216374201,248,1
716,11:2,assassinate,True,9,"[5, 6, 11, 17, 14]",5,0.105263157894736,203,451,3,0.070175438596491,248,1
717,11:2,assassinate,True,9,"[5, 6, 11, 17, 14]",5,0.105263157894736,203,451,3,0.070175438596491,248,1
718,"(7,15)",,True,12,"[7, 17, 15, 11, 8]",5,0.157894736842105,205,453,3,0.140350877192982,248,1
719,"(7,15)",,True,12,"[7, 17, 15, 11, 8]",5,0.157894736842105,205,453,3,0.140350877192982,248,1
720,"(0,8)",,True,13,"[17, 0, 8, 9, 18]",6,0.22222222222222202,207,455,3,0.157894736842105,248,1
721,"(0,8)",,True,13,"[17, 0, 8, 9, 18]",6,0.22222222222222202,207,455,3,0.157894736842105,248,1
722,13:2,assassinate,True,14,"[13, 14, 17, 16, 2]",7,0.26315789473684204,209,457,3,0.06432748538011601,248,1
723,13:2,assassinate,True,14,"[13, 14, 17, 16, 2]",7,0.26315789473684204,209,457,3,0.06432748538011601,248,1
724,4:8,assassinate,True,12,"[19, 16, 18, 10, 4]",6,0.22222222222222202,211,459,2,0.040935672514619006,248,1
725,4:8,assassinate,True,12,"[19, 16, 18, 10, 4]",6,0.22222222222222202,211,459,2,0.040935672514619006,248,1
726,9:4,assassinate,True,12,"[9, 11, 3, 18, 6]",5,0.16374269005847902,213,461,2,0.035087719298245,248,1
727,9:4,assassinate,True,12,"[9, 11, 3, 18, 6]",5,0.16374269005847902,213,461,2,0.035087719298245,248,1
728,15:4,assassinate,True,10,"[15, 8, 4, 9, 7]",4,0.134502923976608,215,463,2,0.040935672514619006,248,1
729,15:4,assassinate,True,10,"[15, 8, 4, 9, 7]",4,0.134502923976608,215,463,2,0.040935672514619006,248,1
730,"(0,19)",,True,11,"[8, 11, 0, 19, 5]",5,0.228070175438596,217,465,2,0.052631578947368,248,1
731,"(0,19)",,True,11,"[8, 11, 0, 19, 5]",5,0.228070175438596,217,465,2,0.052631578947368,248,1
732,14:6,assassinate,True,10,"[2, 14, 19, 18, 8]",4,0.134502923976608,219,467,2,0.040935672514619006,248,1
733,14:6,assassinate,True,10,"[2, 14, 19, 18, 8]",4,0.134502923976608,219,467,2,0.040935672514619006,248,1
734,18:6,assassinate,True,9,"[1, 15, 8, 3, 18]",3,0.08187134502923901,221,469,2,0.035087719298245,248,1
735,18:6,assassinate,True,9,"[1, 15, 8, 3, 18]",3,0.08187134502923901,221,469,2,0.035087719298245,248,1
736,17:6,assassinate,True,7,"[3, 9, 6, 14, 17]",2,0.011695906432748001,222,470,2,0.011695906432748001,248,1
737,17:6,assassinate,True,7,"[3, 9, 6, 14, 17]",2,0.011695906432748001,222,470,2,0.011695906432748001,248,1
738,"(1,4)",,True,9,"[1, 9, 4, 3, 5]",2,0.023391812865497002,221,470,3,0.046783625730994004,249,1
739,"(1,4)",,True,9,"[1, 9, 4, 3, 5]",2,0.023391812865497002,221,470,3,0.046783625730994004,249,1
740,"(19,18)",,True,11,"[9, 19, 0, 18, 2]",2,0.035087719298245,219,470,3,0.08187134502923901,251,1
741,"(19,18)",,True,11,"[9, 19, 0, 18, 2]",2,0.035087719298245,219,470,3,0.08187134502923901,251,1
742,"(8,1)",,True,13,"[8, 6, 1, 15, 2]",2,0.052631578947368,217,470,4,0.20467836257309902,253,1
743,"(8,1)",,True,13,"[8, 6, 1, 15, 2]",2,0.052631578947368,217,470,4,0.20467836257309902,253,1
744,"(15,6)",,True,16,"[15, 7, 4, 0, 6]",2,0.11695906432748501,215,470,4,0.35964912280701705,255,1
745,"(15,6)",,True,16,"[15, 7, 4, 0, 6]",2,0.11695906432748501,215,470,4,0.35964912280701705,255,1
746,15:6,assassinate,True,15,"[11, 0, 7, 15, 4]",1,0.0,213,470,4,0.14619883040935602,257,1
747,15:6,assassinate,True,15,"[11, 0, 7, 15, 4]",1,0.0,213,470,4,0.14619883040935602,257,1
748,"(9,2)",,True,17,"[9, 2, 14, 10, 12]",1,0.0,211,470,4,0.114035087719298,259,1
749,"(9,2)",,True,17,"[9, 2, 14, 10, 12]",1,0.0,211,470,4,0.114035087719298,259,1
750,"(7,14)",,True,18,"[7, 19, 10, 3, 14]",1,0.0,209,470,4,0.106237816764132,261,1
751,"(7,14)",,True,18,"[7, 19, 10, 3, 14]",1,0.0,209,470,4,0.106237816764132,261,1
752,"(4,14)",,True,21,"[4, 17, 14, 11, 3]",3,0.041812865497076,209,471,4,0.059941520467836004,262,1
753,"(4,14)",,True,21,"[4, 17, 14, 11, 3]",3,0.041812865497076,209,471,4,0.059941520467836004,262,1
754,"(4,11)",,True,24,"[10, 14, 4, 12, 11]",3,0.030994152046783,207,471,4,0.045419103313840005,264,1
755,"(4,11)",,True,24,"[10, 14, 4, 12, 11]",3,0.030994152046783,207,471,4,0.045419103313840005,264,1
756,2:8,assassinate,True,22,"[14, 12, 2, 8, 19]",2,0.010233918128654,205,471,4,0.077972709551656,266,1
757,2:8,assassinate,True,22,"[14, 12, 2, 8, 19]",2,0.010233918128654,205,471,4,0.077972709551656,266,1
758,"(8,12)",,True,23,"[8, 0, 12, 9, 7]",2,0.018379281537176002,203,471,4,0.10873015873015801,268,1
759,"(8,12)",,True,23,"[8, 0, 12, 9, 7]",2,0.018379281537176002,203,471,4,0.10873015873015801,268,1
760,19:10,assassinate,True,18,"[19, 1, 6, 7, 5]",1,0.0,201,471,4,0.157894736842105,270,1
761,19:10,assassinate,True,18,"[19, 1, 6, 7, 5]",1,0.0,201,471,4,0.157894736842105,270,1
762,"(15,1)",,True,20,"[15, 1, 10, 5, 2]",1,0.0,199,471,5,0.245614035087719,272,1
763,"(15,1)",,True,20,"[15, 1, 10, 5, 2]",1,0.0,199,471,5,0.245614035087719,272,1
764,"(13,4)",,True,23,"[19, 0, 13, 18, 4]",3,0.156432748538011,197,471,5,0.23976608187134502,274,1
765,"(13,4)",,True,23,"[19, 0, 13, 18, 4]",3,0.156432748538011,197,471,5,0.23976608187134502,274,1
766,10:10,assassinate,True,18,"[8, 12, 10, 15, 7]",2,0.07602339181286501,195,471,5,0.207602339181286,276,1
767,10:10,assassinate,True,18,"[8, 12, 10, 15, 7]",2,0.07602339181286501,195,471,5,0.207602339181286,276,1
768,"(8,4)",,True,19,"[2, 17, 8, 19, 4]",2,0.105263157894736,193,471,5,0.23684210526315702,278,1
769,"(8,4)",,True,19,"[2, 17, 8, 19, 4]",2,0.105263157894736,193,471,5,0.23684210526315702,278,1
770,"(9,5)",,True,21,"[10, 9, 14, 5, 19]",2,0.080409356725146,191,471,5,0.21783625730994102,280,1
771,"(9,5)",,True,21,"[10, 9, 14, 5, 19]",2,0.080409356725146,191,471,5,0.21783625730994102,280,1
772,"(2,8)",,True,23,"[2, 17, 8, 5, 14]",2,0.12670565302144202,189,471,5,0.32456140350877105,282,1
773,"(2,8)",,True,23,"[2, 17, 8, 5, 14]",2,0.12670565302144202,189,471,5,0.32456140350877105,282,1
774,"(4,2)",,True,22,"[4, 18, 2, 7, 3]",2,0.12865497076023302,189,472,3,0.148148148148148,283,1
775,"(4,2)",,True,22,"[4, 18, 2, 7, 3]",2,0.12865497076023302,189,472,3,0.148148148148148,283,1
776,"(9,8)",,True,23,"[10, 18, 9, 8, 3]",2,0.055555555555555004,191,474,3,0.032163742690058006,283,1
777,"(9,8)",,True,23,"[10, 18, 9, 8, 3]",2,0.055555555555555004,191,474,3,0.032163742690058006,283,1
778,"(5,1)",,True,26,"[5, 8, 3, 15, 1]",2,0.017460317460317003,191,475,4,0.135867446393762,284,1
779,"(5,1)",,True,26,"[5, 8, 3, 15, 1]",2,0.017460317460317003,191,475,4,0.135867446393762,284,1
780,16:10,assassinate,True,21,"[8, 10, 16, 14, 7]",1,0.0,189,475,3,0.11111111111111101,286,1
781,16:10,assassinate,True,21,"[8, 10, 16, 14, 7]",1,0.0,189,475,3,0.11111111111111101,286,1
782,"(1,16)",,True,23,"[2, 7, 15, 1, 16]",1,0.0,187,475,4,0.207115009746588,288,1
783,"(1,16)",,True,23,"[2, 7, 15, 1, 16]",1,0.0,187,475,4,0.207115009746588,288,1
784,14:6,assassinate,True,22,"[18, 2, 14, 10, 0]",1,0.0,185,475,4,0.141812865497076,290,1
785,14:6,assassinate,True,22,"[18, 2, 14, 10, 0]",1,0.0,185,475,4,0.141812865497076,290,1
786,"(10,1)",,True,25,"[5, 15, 10, 1, 11]",1,0.0,183,475,5,0.22270955165692002,292,1
787,"(10,1)",,True,25,"[5, 15, 10, 1, 11]",1,0.0,183,475,5,0.22270955165692002,292,1
788,"(5,14)",,True,28,"[13, 7, 2, 5, 14]",1,0.0,181,475,5,0.207602339181286,294,1
789,"(5,14)",,True,28,"[13, 7, 2, 5, 14]",1,0.0,181,475,5,0.207602339181286,294,1
790,"(19,10)",,True,31,"[13, 19, 5, 10, 11]",1,0.0,179,475,5,0.26861598440545803,296,1
791,"(19,10)",,True,31,"[13, 19, 5, 10, 11]",1,0.0,179,475,5,0.26861598440545803,296,1
792,3:8,assassinate,True,27,"[6, 3, 2, 17, 11]",1,0.0,177,475,5,0.32748538011695905,298,1
793,3:8,assassinate,True,27,"[6, 3, 2, 17, 11]",1,0.0,177,475,5,0.32748538011695905,298,1
794,"(1,17)",,True,30,"[1, 16, 7, 8, 17]",1,0.0,175,475,6,0.23450292397660802,300,1
795,"(1,17)",,True,30,"[1, 16, 7, 8, 17]",1,0.0,175,475,6,0.23450292397660802,300,1
796,"(0,4)",,True,31,"[2, 8, 17, 0, 4]",2,0.0,173,475,6,0.21208576998050602,302,1
797,"(0,4)",,True,31,"[2, 8, 17, 0, 4]",2,0.0,173,475,6,0.21208576998050602,302,1
798,"(18,17)",,True,30,"[19, 18, 17, 9, 11]",2,0.0,171,475,6,0.24463937621832302,304,1
799,"(18,17)",,True,30,"[19, 18, 17, 9, 11]",2,0.0,171,475,6,0.24463937621832302,304,1
