,actionDetail,actionType,bonusActivated,graphEdgeCount,nodeList,p1Degree,p1Score,p1WinAdvantage,p1WinCount,p2Degree,p2Score,p2WinCount,player
0,"(19,4)",,True,2,"[19, 4, 6, 14, 13]",0,-0.001,0,0,0,-0.001,0,1
1,"(19,4)",,True,2,"[19, 4, 6, 14, 13]",0,-0.001,0,0,0,-0.001,0,1
2,"(12,1)",,True,4,"[12, 9, 19, 3, 1]",0,-0.001,-1,0,1,0.0,1,1
3,"(12,1)",,True,4,"[12, 9, 19, 3, 1]",0,-0.001,-1,0,1,0.0,1,1
4,"(19,1)",,True,6,"[5, 19, 8, 16, 1]",0,-0.001,-3,0,2,0.011695906432748001,3,1
5,"(19,1)",,True,6,"[5, 19, 8, 16, 1]",0,-0.001,-3,0,2,0.011695906432748001,3,1
6,"(8,12)",,True,8,"[8, 12, 2, 4, 14]",0,-0.001,-5,0,2,0.046783625730994004,5,1
7,"(8,12)",,True,8,"[8, 12, 2, 4, 14]",0,-0.001,-5,0,2,0.046783625730994004,5,1
8,"(6,13)",,True,8,"[6, 13, 16, 7, 15]",0,-0.001,-7,0,1,0.0,7,1
9,"(6,13)",,True,8,"[6, 13, 16, 7, 15]",0,-0.001,-7,0,1,0.0,7,1
10,"(8,14)",,True,10,"[8, 14, 17, 2, 19]",0,-0.001,-9,0,1,0.0,9,1
11,"(8,14)",,True,10,"[8, 14, 17, 2, 19]",0,-0.001,-9,0,1,0.0,9,1
12,"(3,14)",,True,12,"[3, 0, 14, 2, 9]",0,-0.001,-11,0,1,0.0,11,1
13,"(3,14)",,True,12,"[3, 0, 14, 2, 9]",0,-0.001,-11,0,1,0.0,11,1
14,"(2,1)",,True,12,"[2, 4, 10, 1, 9]",0,-0.001,-12,0,1,0.0,12,1
15,"(2,1)",,True,12,"[2, 4, 10, 1, 9]",0,-0.001,-12,0,1,0.0,12,1
16,"(2,14)",,True,14,"[2, 14, 8, 17, 5]",0,-0.001,-14,0,1,0.0,14,1
17,"(2,14)",,True,14,"[2, 14, 8, 17, 5]",0,-0.001,-14,0,1,0.0,14,1
18,14:6,assassinate,True,13,"[17, 10, 14, 11, 0]",2,0.05847953216374201,-12,2,1,0.0,14,1
19,14:6,assassinate,True,13,"[17, 10, 14, 11, 0]",2,0.05847953216374201,-12,2,1,0.0,14,1
20,4:6,assassinate,True,11,"[10, 4, 2, 6, 13]",1,0.0,-11,3,1,0.0,14,1
21,4:6,assassinate,True,11,"[10, 4, 2, 6, 13]",1,0.0,-11,3,1,0.0,14,1
22,"(15,19)",,True,13,"[15, 19, 10, 11, 12]",1,0.0,-11,3,1,0.0,14,1
23,"(15,19)",,True,13,"[15, 19, 10, 11, 12]",1,0.0,-11,3,1,0.0,14,1
24,3:4,assassinate,True,12,"[4, 13, 3, 8, 11]",0,-0.001,-12,3,1,0.0,15,1
25,3:4,assassinate,True,12,"[4, 13, 3, 8, 11]",0,-0.001,-12,3,1,0.0,15,1
26,"(17,19)",,True,14,"[17, 19, 7, 2, 13]",0,-0.001,-14,3,1,0.0,17,1
27,"(17,19)",,True,14,"[17, 19, 7, 2, 13]",0,-0.001,-14,3,1,0.0,17,1
28,"(10,1)",,True,16,"[10, 0, 5, 1, 3]",1,0.0,-15,3,2,0.08187134502923901,18,1
29,"(10,1)",,True,16,"[10, 0, 5, 1, 3]",1,0.0,-15,3,2,0.08187134502923901,18,1
30,"(3,2)",,True,18,"[6, 12, 5, 3, 2]",2,0.062378167641325005,-17,3,2,0.16374269005847902,20,1
31,"(3,2)",,True,18,"[6, 12, 5, 3, 2]",2,0.062378167641325005,-17,3,2,0.16374269005847902,20,1
32,19:6,assassinate,True,15,"[19, 5, 16, 9, 7]",1,0.0,-19,3,2,0.12865497076023302,22,1
33,19:6,assassinate,True,15,"[19, 5, 16, 9, 7]",1,0.0,-19,3,2,0.12865497076023302,22,1
34,"(11,2)",,True,17,"[10, 11, 8, 2, 0]",1,0.0,-21,3,2,0.19298245614035,24,1
35,"(11,2)",,True,17,"[10, 11, 8, 2, 0]",1,0.0,-21,3,2,0.19298245614035,24,1
36,"(2,18)",,True,19,"[12, 2, 3, 18, 14]",1,0.0,-23,3,2,0.18713450292397601,26,1
37,"(2,18)",,True,19,"[12, 2, 3, 18, 14]",1,0.0,-23,3,2,0.18713450292397601,26,1
38,8:10,assassinate,True,15,"[18, 8, 19, 17, 12]",0,-0.001,-24,3,2,0.0,27,1
39,8:10,assassinate,True,15,"[18, 8, 19, 17, 12]",0,-0.001,-24,3,2,0.0,27,1
40,"(16,3)",,True,17,"[16, 3, 10, 4, 17]",0,-0.001,-26,3,2,0.0,29,1
41,"(16,3)",,True,17,"[16, 3, 10, 4, 17]",0,-0.001,-26,3,2,0.0,29,1
42,"(0,19)",,True,18,"[16, 4, 0, 19, 6]",1,0.0,-25,4,2,0.0,29,1
43,"(0,19)",,True,18,"[16, 4, 0, 19, 6]",1,0.0,-25,4,2,0.0,29,1
44,"(3,0)",,True,18,"[3, 5, 0, 8, 15]",0,-0.001,-26,4,2,0.0,30,1
45,"(3,0)",,True,18,"[3, 5, 0, 8, 15]",0,-0.001,-26,4,2,0.0,30,1
46,"(19,16)",,True,18,"[19, 16, 18, 4, 3]",0,-0.001,-28,4,2,0.0,32,1
47,"(19,16)",,True,18,"[19, 16, 18, 4, 3]",0,-0.001,-28,4,2,0.0,32,1
48,"(1,13)",,True,20,"[5, 1, 3, 17, 13]",0,-0.001,-30,4,3,0.05847953216374201,34,1
49,"(1,13)",,True,20,"[5, 1, 3, 17, 13]",0,-0.001,-30,4,3,0.05847953216374201,34,1
50,5:6,assassinate,True,18,"[18, 5, 13, 2, 0]",0,-0.001,-32,4,3,0.070175438596491,36,1
51,5:6,assassinate,True,18,"[18, 5, 13, 2, 0]",0,-0.001,-32,4,3,0.070175438596491,36,1
52,"(5,12)",,True,20,"[5, 15, 2, 7, 12]",0,-0.001,-34,4,3,0.077972709551656,38,1
53,"(5,12)",,True,20,"[5, 15, 2, 7, 12]",0,-0.001,-34,4,3,0.077972709551656,38,1
54,"(7,1)",,True,22,"[7, 14, 1, 9, 17]",0,-0.001,-36,4,4,0.12865497076023302,40,1
55,"(7,1)",,True,22,"[7, 14, 1, 9, 17]",0,-0.001,-36,4,4,0.12865497076023302,40,1
56,10:8,assassinate,True,19,"[16, 12, 11, 19, 10]",0,-0.001,-38,4,3,0.087719298245614,42,1
57,10:8,assassinate,True,19,"[16, 12, 11, 19, 10]",0,-0.001,-38,4,3,0.087719298245614,42,1
58,"(5,13)",,True,22,"[7, 5, 19, 13, 17]",2,0.09356725146198801,-38,5,3,0.11111111111111101,43,1
59,"(5,13)",,True,22,"[7, 5, 19, 13, 17]",2,0.09356725146198801,-38,5,3,0.11111111111111101,43,1
60,9:10,assassinate,True,19,"[11, 1, 9, 16, 14]",1,0.0,-38,6,3,0.137426900584795,44,1
61,9:10,assassinate,True,19,"[11, 1, 9, 16, 14]",1,0.0,-38,6,3,0.137426900584795,44,1
62,18:8,assassinate,True,16,"[11, 6, 18, 17, 5]",1,0.0,-40,6,3,0.122807017543859,46,1
63,18:8,assassinate,True,16,"[11, 6, 18, 17, 5]",1,0.0,-40,6,3,0.122807017543859,46,1
64,6:8,assassinate,True,13,"[6, 18, 15, 4, 13]",1,0.0,-42,6,3,0.18713450292397601,48,1
65,6:8,assassinate,True,13,"[6, 18, 15, 4, 13]",1,0.0,-42,6,3,0.18713450292397601,48,1
66,"(5,10)",,True,15,"[5, 0, 6, 17, 10]",1,0.0,-44,6,3,0.175438596491228,50,1
67,"(5,10)",,True,15,"[5, 0, 6, 17, 10]",1,0.0,-44,6,3,0.175438596491228,50,1
68,"(8,14)",,True,15,"[8, 14, 15, 13, 4]",1,0.0,-46,6,3,0.22222222222222202,52,1
69,"(8,14)",,True,15,"[8, 14, 15, 13, 4]",1,0.0,-46,6,3,0.22222222222222202,52,1
70,17:6,assassinate,True,13,"[6, 13, 12, 17, 2]",1,0.0,-48,6,3,0.23391812865497003,54,1
71,17:6,assassinate,True,13,"[6, 13, 12, 17, 2]",1,0.0,-48,6,3,0.23391812865497003,54,1
72,"(13,4)",,True,15,"[13, 7, 4, 17, 2]",1,0.0,-50,6,3,0.19590643274853803,56,1
73,"(13,4)",,True,15,"[13, 7, 4, 17, 2]",1,0.0,-50,6,3,0.19590643274853803,56,1
74,"(18,1)",,True,17,"[17, 2, 18, 1, 19]",2,0.032163742690058006,-52,6,4,0.318713450292397,58,1
75,"(18,1)",,True,17,"[17, 2, 18, 1, 19]",2,0.032163742690058006,-52,6,4,0.318713450292397,58,1
76,"(18,17)",,True,19,"[18, 5, 17, 16, 13]",2,0.035087719298245,-54,6,4,0.280701754385964,60,1
77,"(18,17)",,True,19,"[18, 5, 17, 16, 13]",2,0.035087719298245,-54,6,4,0.280701754385964,60,1
78,"(1,16)",,True,21,"[1, 4, 2, 16, 17]",2,0.042884990253411005,-56,6,5,0.19688109161793302,62,1
79,"(1,16)",,True,21,"[1, 4, 2, 16, 17]",2,0.042884990253411005,-56,6,5,0.19688109161793302,62,1
80,"(15,3)",,True,23,"[15, 9, 17, 3, 14]",2,0.079922027290448,-58,6,5,0.215399610136452,64,1
81,"(15,3)",,True,23,"[15, 9, 17, 3, 14]",2,0.079922027290448,-58,6,5,0.215399610136452,64,1
82,8:6,assassinate,True,21,"[11, 8, 4, 2, 13]",1,0.0,-60,6,5,0.211988304093567,66,1
83,8:6,assassinate,True,21,"[11, 8, 4, 2, 13]",1,0.0,-60,6,5,0.211988304093567,66,1
84,"(13,18)",,True,21,"[7, 13, 4, 2, 18]",1,0.0,-62,6,5,0.320175438596491,68,1
85,"(13,18)",,True,21,"[7, 13, 4, 2, 18]",1,0.0,-62,6,5,0.320175438596491,68,1
86,"(11,17)",,True,23,"[11, 6, 12, 17, 3]",1,0.0,-64,6,5,0.29093567251461905,70,1
87,"(11,17)",,True,23,"[11, 6, 12, 17, 3]",1,0.0,-64,6,5,0.29093567251461905,70,1
88,"(5,15)",,True,25,"[12, 18, 5, 15, 14]",2,0.028822055137844003,-66,6,5,0.229518240044555,72,1
89,"(5,15)",,True,25,"[12, 18, 5, 15, 14]",2,0.028822055137844003,-66,6,5,0.229518240044555,72,1
90,"(4,1)",,True,27,"[2, 16, 0, 4, 1]",2,0.038011695906432004,-68,6,6,0.249025341130604,74,1
91,"(4,1)",,True,27,"[2, 16, 0, 4, 1]",2,0.038011695906432004,-68,6,6,0.249025341130604,74,1
92,"(9,7)",,True,29,"[14, 13, 2, 9, 7]",2,0.020467836257309,-70,6,6,0.25438596491228,76,1
93,"(9,7)",,True,29,"[14, 13, 2, 9, 7]",2,0.020467836257309,-70,6,6,0.25438596491228,76,1
94,"(14,7)",,True,29,"[13, 11, 9, 14, 7]",2,0.020467836257309,-72,6,6,0.191910331384015,78,1
95,"(14,7)",,True,29,"[13, 11, 9, 14, 7]",2,0.020467836257309,-72,6,6,0.191910331384015,78,1
96,15:10,assassinate,True,26,"[5, 15, 1, 18, 16]",2,0.035087719298245,-74,6,6,0.18908382066276802,80,1
97,15:10,assassinate,True,26,"[5, 15, 1, 18, 16]",2,0.035087719298245,-74,6,6,0.18908382066276802,80,1
98,"(16,7)",,True,26,"[16, 7, 18, 17, 3]",2,0.035087719298245,-76,6,6,0.26120857699805,82,1
99,"(16,7)",,True,26,"[16, 7, 18, 17, 3]",2,0.035087719298245,-76,6,6,0.26120857699805,82,1
100,"(11,4)",,True,26,"[3, 12, 5, 11, 4]",2,0.019493177387914,-78,6,5,0.20175438596491202,84,1
101,"(11,4)",,True,26,"[3, 12, 5, 11, 4]",2,0.019493177387914,-78,6,5,0.20175438596491202,84,1
102,18:6,assassinate,True,24,"[6, 2, 18, 13, 11]",2,0.087719298245614,-80,6,5,0.21637426900584703,86,1
103,18:6,assassinate,True,24,"[6, 2, 18, 13, 11]",2,0.087719298245614,-80,6,5,0.21637426900584703,86,1
104,"(15,19)",,True,24,"[6, 0, 15, 11, 19]",2,0.0,-82,6,5,0.19298245614035,88,1
105,"(15,19)",,True,24,"[6, 0, 15, 11, 19]",2,0.0,-82,6,5,0.19298245614035,88,1
106,"(1,6)",,True,26,"[15, 1, 5, 3, 6]",2,0.0,-84,6,6,0.271929824561403,90,1
107,"(1,6)",,True,26,"[15, 1, 5, 3, 6]",2,0.0,-84,6,6,0.271929824561403,90,1
108,"(15,1)",,True,28,"[13, 17, 15, 1, 12]",3,0.09356725146198801,-86,6,7,0.348050682261208,92,1
109,"(15,1)",,True,28,"[13, 17, 15, 1, 12]",3,0.09356725146198801,-86,6,7,0.348050682261208,92,1
110,18:2,assassinate,True,29,"[18, 6, 3, 10, 7]",2,0.0,-88,6,7,0.293093845725424,94,1
111,18:2,assassinate,True,29,"[18, 6, 3, 10, 7]",2,0.0,-88,6,7,0.293093845725424,94,1
112,"(18,7)",,True,31,"[10, 17, 18, 3, 7]",2,0.0,-90,6,7,0.36345029239766,96,1
113,"(18,7)",,True,31,"[10, 17, 18, 3, 7]",2,0.0,-90,6,7,0.36345029239766,96,1
114,18:4,assassinate,True,30,"[16, 18, 2, 11, 9]",2,0.0,-92,6,7,0.28157894736842104,98,1
115,18:4,assassinate,True,30,"[16, 18, 2, 11, 9]",2,0.0,-92,6,7,0.28157894736842104,98,1
116,"(2,10)",,True,30,"[2, 3, 10, 7, 11]",3,0.09356725146198801,-94,6,7,0.30761626287942,100,1
117,"(2,10)",,True,30,"[2, 3, 10, 7, 11]",3,0.09356725146198801,-94,6,7,0.30761626287942,100,1
118,"(18,15)",,True,30,"[18, 15, 16, 4, 8]",3,0.09941520467836201,-96,6,6,0.32358674463937603,102,1
119,"(18,15)",,True,30,"[18, 15, 16, 4, 8]",3,0.09941520467836201,-96,6,6,0.32358674463937603,102,1
120,19:12,assassinate,True,23,"[2, 4, 10, 19, 7]",2,0.08187134502923901,-98,6,5,0.23732943469785503,104,1
121,19:12,assassinate,True,23,"[2, 4, 10, 19, 7]",2,0.08187134502923901,-98,6,5,0.23732943469785503,104,1
122,"(6,19)",,True,25,"[6, 18, 19, 16, 13]",2,0.087719298245614,-100,6,5,0.280214424951267,106,1
123,"(6,19)",,True,25,"[6, 18, 19, 16, 13]",2,0.087719298245614,-100,6,5,0.280214424951267,106,1
124,"(0,15)",,True,25,"[0, 10, 13, 15, 9]",2,0.087719298245614,-102,6,5,0.282163742690058,108,1
125,"(0,15)",,True,25,"[0, 10, 13, 15, 9]",2,0.087719298245614,-102,6,5,0.282163742690058,108,1
126,"(9,19)",,True,27,"[18, 9, 19, 7, 4]",3,0.11695906432748501,-104,6,5,0.40350877192982404,110,1
127,"(9,19)",,True,27,"[18, 9, 19, 7, 4]",3,0.11695906432748501,-104,6,5,0.40350877192982404,110,1
128,13:10,assassinate,True,23,"[1, 3, 13, 7, 8]",3,0.11111111111111101,-106,6,4,0.36842105263157904,112,1
129,13:10,assassinate,True,23,"[1, 3, 13, 7, 8]",3,0.11111111111111101,-106,6,4,0.36842105263157904,112,1
130,"(12,1)",,True,25,"[0, 12, 4, 18, 1]",3,0.14619883040935602,-108,6,5,0.22027290448343,114,1
131,"(12,1)",,True,25,"[0, 12, 4, 18, 1]",3,0.14619883040935602,-108,6,5,0.22027290448343,114,1
132,"(4,13)",,True,27,"[4, 5, 13, 0, 3]",3,0.15204678362573001,-110,6,5,0.252923976608187,116,1
133,"(4,13)",,True,27,"[4, 5, 13, 0, 3]",3,0.15204678362573001,-110,6,5,0.252923976608187,116,1
134,9:8,assassinate,True,24,"[19, 18, 9, 16, 6]",3,0.105263157894736,-112,6,5,0.280701754385964,118,1
135,9:8,assassinate,True,24,"[19, 18, 9, 16, 6]",3,0.105263157894736,-112,6,5,0.280701754385964,118,1
136,"(4,1)",,True,23,"[13, 4, 14, 6, 1]",3,0.105263157894736,-114,6,4,0.23684210526315702,120,1
137,"(4,1)",,True,23,"[13, 4, 14, 6, 1]",3,0.105263157894736,-114,6,4,0.23684210526315702,120,1
138,14:2,assassinate,True,24,"[15, 14, 3, 11, 5]",2,0.023391812865497002,-116,6,4,0.14522417153996,122,1
139,14:2,assassinate,True,24,"[15, 14, 3, 11, 5]",2,0.023391812865497002,-116,6,4,0.14522417153996,122,1
140,"(9,1)",,True,26,"[9, 11, 1, 7, 3]",2,0.046783625730994004,-118,6,5,0.22465886939571103,124,1
141,"(9,1)",,True,26,"[9, 11, 1, 7, 3]",2,0.046783625730994004,-118,6,5,0.22465886939571103,124,1
142,11:8,assassinate,True,23,"[19, 9, 11, 3, 6]",2,0.035867446393762,-120,6,5,0.19707602339181202,126,1
143,11:8,assassinate,True,23,"[19, 9, 11, 3, 6]",2,0.035867446393762,-120,6,5,0.19707602339181202,126,1
144,"(4,0)",,True,23,"[5, 4, 6, 0, 10]",1,0.0,-122,6,5,0.19298245614035,128,1
145,"(4,0)",,True,23,"[5, 4, 6, 0, 10]",1,0.0,-122,6,5,0.19298245614035,128,1
146,16:16,assassinate,True,16,"[0, 16, 1, 13, 6]",1,0.0,-124,6,4,0.19298245614035,130,1
147,16:16,assassinate,True,16,"[0, 16, 1, 13, 6]",1,0.0,-124,6,4,0.19298245614035,130,1
148,"(5,7)",,True,18,"[15, 13, 14, 5, 7]",1,0.0,-126,6,4,0.155945419103313,132,1
149,"(5,7)",,True,18,"[15, 13, 14, 5, 7]",1,0.0,-126,6,4,0.155945419103313,132,1
150,"(3,5)",,True,18,"[18, 3, 16, 4, 5]",1,0.0,-128,6,4,0.16959064327485301,134,1
151,"(3,5)",,True,18,"[18, 3, 16, 4, 5]",1,0.0,-128,6,4,0.16959064327485301,134,1
152,"(8,1)",,True,20,"[8, 19, 2, 12, 1]",1,0.0,-130,6,5,0.21734892787524301,136,1
153,"(8,1)",,True,20,"[8, 19, 2, 12, 1]",1,0.0,-130,6,5,0.21734892787524301,136,1
154,"(8,0)",,True,22,"[7, 8, 0, 19, 2]",2,0.017056530214424,-132,6,5,0.202729044834307,138,1
155,"(8,0)",,True,22,"[7, 8, 0, 19, 2]",2,0.017056530214424,-132,6,5,0.202729044834307,138,1
156,"(19,3)",,True,22,"[18, 19, 10, 17, 3]",2,0.016081871345029003,-134,6,5,0.21734892787524301,140,1
157,"(19,3)",,True,22,"[18, 19, 10, 17, 3]",2,0.016081871345029003,-134,6,5,0.21734892787524301,140,1
158,"(8,11)",,True,24,"[8, 0, 11, 9, 13]",2,0.028752436647173002,-136,6,5,0.28235867446393703,142,1
159,"(8,11)",,True,24,"[8, 0, 11, 9, 13]",2,0.028752436647173002,-136,6,5,0.28235867446393703,142,1
160,"(1,14)",,True,26,"[1, 18, 9, 2, 14]",3,0.08723196881091601,-138,6,6,0.35711500974658805,144,1
161,"(1,14)",,True,26,"[1, 18, 9, 2, 14]",3,0.08723196881091601,-138,6,6,0.35711500974658805,144,1
162,"(4,9)",,True,26,"[14, 4, 9, 0, 1]",3,0.080311890838206,-140,6,6,0.35565302144249505,146,1
163,"(4,9)",,True,26,"[14, 4, 9, 0, 1]",3,0.080311890838206,-140,6,6,0.35565302144249505,146,1
164,5:12,assassinate,True,21,"[18, 12, 2, 5, 0]",3,0.092592592592592,-142,6,6,0.402534113060428,148,1
165,5:12,assassinate,True,21,"[18, 12, 2, 5, 0]",3,0.092592592592592,-142,6,6,0.402534113060428,148,1
166,"(0,7)",,True,21,"[0, 14, 4, 7, 5]",3,0.10818713450292301,-144,6,6,0.367446393762183,150,1
167,"(0,7)",,True,21,"[0, 14, 4, 7, 5]",3,0.10818713450292301,-144,6,6,0.367446393762183,150,1
168,15:8,assassinate,True,16,"[15, 10, 18, 13, 17]",2,0.29239766081871305,-146,6,5,0.39181286549707606,152,1
169,15:8,assassinate,True,16,"[15, 10, 18, 13, 17]",2,0.29239766081871305,-146,6,5,0.39181286549707606,152,1
170,"(11,2)",,True,18,"[3, 11, 2, 13, 0]",2,0.052631578947368,-148,6,5,0.43274853801169505,154,1
171,"(11,2)",,True,18,"[3, 11, 2, 13, 0]",2,0.052631578947368,-148,6,5,0.43274853801169505,154,1
172,"(11,17)",,True,20,"[11, 12, 17, 15, 5]",3,0.167641325536062,-150,6,5,0.43274853801169505,156,1
173,"(11,17)",,True,20,"[11, 12, 17, 15, 5]",3,0.167641325536062,-150,6,5,0.43274853801169505,156,1
174,12:8,assassinate,True,17,"[7, 19, 3, 12, 14]",2,0.029239766081871003,-152,6,5,0.23684210526315702,158,1
175,12:8,assassinate,True,17,"[7, 19, 3, 12, 14]",2,0.029239766081871003,-152,6,5,0.23684210526315702,158,1
176,"(19,2)",,True,17,"[10, 0, 19, 2, 18]",2,0.052631578947368,-154,6,5,0.207602339181286,160,1
177,"(19,2)",,True,17,"[10, 0, 19, 2, 18]",2,0.052631578947368,-154,6,5,0.207602339181286,160,1
178,"(1,3)",,True,19,"[17, 1, 3, 5, 4]",2,0.006822612085769001,-156,6,6,0.19688109161793302,162,1
179,"(1,3)",,True,19,"[17, 1, 3, 5, 4]",2,0.006822612085769001,-156,6,6,0.19688109161793302,162,1
180,"(5,14)",,True,21,"[5, 14, 13, 6, 4]",2,0.006822612085769001,-158,6,6,0.259259259259259,164,1
181,"(5,14)",,True,21,"[5, 14, 13, 6, 4]",2,0.006822612085769001,-158,6,6,0.259259259259259,164,1
182,"(17,1)",,True,23,"[17, 1, 14, 9, 0]",2,0.004873294346978,-160,6,7,0.32456140350877105,166,1
183,"(17,1)",,True,23,"[17, 1, 14, 9, 0]",2,0.004873294346978,-160,6,7,0.32456140350877105,166,1
184,"(14,18)",,True,25,"[14, 0, 18, 12, 10]",2,0.004873294346978,-162,6,7,0.34307992202729004,168,1
185,"(14,18)",,True,25,"[14, 0, 18, 12, 10]",2,0.004873294346978,-162,6,7,0.34307992202729004,168,1
186,19:8,assassinate,True,22,"[1, 9, 19, 2, 5]",2,0.0029239766081870003,-164,6,7,0.32358674463937603,170,1
187,19:8,assassinate,True,22,"[1, 9, 19, 2, 5]",2,0.0029239766081870003,-164,6,7,0.32358674463937603,170,1
188,"(15,1)",,True,24,"[9, 6, 15, 5, 1]",2,0.0029239766081870003,-166,6,8,0.367446393762183,172,1
189,"(15,1)",,True,24,"[9, 6, 15, 5, 1]",2,0.0029239766081870003,-166,6,8,0.367446393762183,172,1
190,"(14,19)",,True,26,"[14, 5, 18, 13, 19]",2,0.0029239766081870003,-168,6,8,0.37037037037037,174,1
191,"(14,19)",,True,26,"[14, 5, 18, 13, 19]",2,0.0029239766081870003,-168,6,8,0.37037037037037,174,1
192,17:12,assassinate,True,19,"[16, 18, 17, 5, 9]",2,0.0029239766081870003,-170,6,6,0.33918128654970703,176,1
193,17:12,assassinate,True,19,"[16, 18, 17, 5, 9]",2,0.0029239766081870003,-170,6,6,0.33918128654970703,176,1
194,"(15,12)",,True,21,"[2, 15, 8, 12, 19]",2,0.0029239766081870003,-172,6,6,0.345029239766081,178,1
195,"(15,12)",,True,21,"[2, 15, 8, 12, 19]",2,0.0029239766081870003,-172,6,6,0.345029239766081,178,1
196,"(1,13)",,True,23,"[1, 15, 13, 0, 4]",2,0.0029239766081870003,-174,6,7,0.299220272904483,180,1
197,"(1,13)",,True,23,"[1, 15, 13, 0, 4]",2,0.0029239766081870003,-174,6,7,0.299220272904483,180,1
198,"(17,4)",,True,25,"[17, 11, 3, 4, 0]",2,0.0029239766081870003,-176,6,7,0.269005847953216,182,1
199,"(17,4)",,True,25,"[17, 11, 3, 4, 0]",2,0.0029239766081870003,-176,6,7,0.269005847953216,182,1
200,"(14,18)",,True,25,"[8, 17, 14, 12, 18]",2,0.0029239766081870003,-178,6,7,0.299220272904483,184,1
201,"(14,18)",,True,25,"[8, 17, 14, 12, 18]",2,0.0029239766081870003,-178,6,7,0.299220272904483,184,1
202,"(15,14)",,True,23,"[15, 16, 14, 2, 4]",2,0.0029239766081870003,-180,6,7,0.32066276803118904,186,1
203,"(15,14)",,True,23,"[15, 16, 14, 2, 4]",2,0.0029239766081870003,-180,6,7,0.32066276803118904,186,1
204,11:6,assassinate,True,21,"[13, 14, 6, 0, 11]",2,0.005847953216374001,-182,6,7,0.294346978557504,188,1
205,11:6,assassinate,True,21,"[13, 14, 6, 0, 11]",2,0.005847953216374001,-182,6,7,0.294346978557504,188,1
206,"(18,10)",,True,23,"[14, 18, 6, 17, 10]",3,0.09356725146198801,-184,6,7,0.36842105263157804,190,1
207,"(18,10)",,True,23,"[14, 18, 6, 17, 10]",3,0.09356725146198801,-184,6,7,0.36842105263157804,190,1
208,"(16,1)",,True,25,"[8, 19, 16, 1, 9]",3,0.10721247563352801,-186,6,8,0.423976608187134,192,1
209,"(16,1)",,True,25,"[8, 19, 16, 1, 9]",3,0.10721247563352801,-186,6,8,0.423976608187134,192,1
210,8:12,assassinate,True,20,"[2, 8, 15, 5, 14]",2,0.087719298245614,-188,6,7,0.44152046783625704,194,1
211,8:12,assassinate,True,20,"[2, 8, 15, 5, 14]",2,0.087719298245614,-188,6,7,0.44152046783625704,194,1
212,"(9,19)",,True,20,"[0, 9, 12, 19, 2]",2,0.087719298245614,-190,6,7,0.40058479532163704,196,1
213,"(9,19)",,True,20,"[0, 9, 12, 19, 2]",2,0.087719298245614,-190,6,7,0.40058479532163704,196,1
214,"(8,1)",,True,22,"[19, 6, 8, 4, 1]",3,0.14619883040935602,-192,6,8,0.41033138401559405,198,1
215,"(8,1)",,True,22,"[19, 6, 8, 4, 1]",3,0.14619883040935602,-192,6,8,0.41033138401559405,198,1
216,"(11,1)",,True,22,"[14, 11, 7, 1, 18]",3,0.066276803118908,-194,6,9,0.40740740740740705,200,1
217,"(11,1)",,True,22,"[14, 11, 7, 1, 18]",3,0.066276803118908,-194,6,9,0.40740740740740705,200,1
218,"(0,1)",,True,22,"[0, 15, 19, 5, 1]",4,0.17153996101364502,-196,6,10,0.45419103313840103,202,1
219,"(0,1)",,True,22,"[0, 15, 19, 5, 1]",4,0.17153996101364502,-196,6,10,0.45419103313840103,202,1
220,"(16,9)",,True,24,"[3, 16, 4, 9, 2]",5,0.28265107212475604,-198,6,10,0.591617933723196,204,1
221,"(16,9)",,True,24,"[3, 16, 4, 9, 2]",5,0.28265107212475604,-198,6,10,0.591617933723196,204,1
222,"(3,14)",,True,24,"[3, 2, 12, 13, 14]",5,0.28265107212475604,-200,6,10,0.6471734892787521,206,1
223,"(3,14)",,True,24,"[3, 2, 12, 13, 14]",5,0.28265107212475604,-200,6,10,0.6471734892787521,206,1
224,"(2,10)",,True,26,"[7, 2, 0, 12, 10]",5,0.223196881091617,-202,6,10,0.586744639376218,208,1
225,"(2,10)",,True,26,"[7, 2, 0, 12, 10]",5,0.223196881091617,-202,6,10,0.586744639376218,208,1
226,"(10,11)",,True,26,"[15, 17, 10, 14, 11]",5,0.17348927875243603,-204,6,10,0.519493177387914,210,1
227,"(10,11)",,True,26,"[15, 17, 10, 14, 11]",5,0.17348927875243603,-204,6,10,0.519493177387914,210,1
228,18:4,assassinate,True,25,"[2, 8, 17, 18, 13]",4,0.096491228070175,-206,6,10,0.41617933723196804,212,1
229,18:4,assassinate,True,25,"[2, 8, 17, 18, 13]",4,0.096491228070175,-206,6,10,0.41617933723196804,212,1
230,"(8,7)",,True,27,"[16, 6, 8, 7, 2]",5,0.20175438596491202,-208,6,10,0.550682261208577,214,1
231,"(8,7)",,True,27,"[16, 6, 8, 7, 2]",5,0.20175438596491202,-208,6,10,0.550682261208577,214,1
232,"(4,13)",,True,27,"[4, 6, 13, 11, 15]",5,0.20175438596491202,-210,6,10,0.547758284600389,216,1
233,"(4,13)",,True,27,"[4, 6, 13, 11, 15]",5,0.20175438596491202,-210,6,10,0.547758284600389,216,1
234,2:6,assassinate,True,25,"[2, 6, 11, 15, 17]",5,0.29239766081871305,-212,6,10,0.588693957115009,218,1
235,2:6,assassinate,True,25,"[2, 6, 11, 15, 17]",5,0.29239766081871305,-212,6,10,0.588693957115009,218,1
236,"(1,5)",,True,27,"[12, 1, 14, 0, 5]",5,0.177387914230019,-214,6,11,0.594541910331383,220,1
237,"(1,5)",,True,27,"[12, 1, 14, 0, 5]",5,0.177387914230019,-214,6,11,0.594541910331383,220,1
238,"(0,18)",,True,27,"[9, 19, 0, 18, 2]",5,0.127680311890838,-216,6,11,0.6267056530214421,222,1
239,"(0,18)",,True,27,"[9, 19, 0, 18, 2]",5,0.127680311890838,-216,6,11,0.6267056530214421,222,1
240,"(19,9)",,True,29,"[19, 0, 15, 18, 9]",5,0.22563352826510702,-218,6,11,0.667641325536062,224,1
241,"(19,9)",,True,29,"[19, 0, 15, 18, 9]",5,0.22563352826510702,-218,6,11,0.667641325536062,224,1
242,3:10,assassinate,True,25,"[15, 9, 10, 4, 3]",5,0.22222222222222202,-220,6,10,0.5935672514619881,226,1
243,3:10,assassinate,True,25,"[15, 9, 10, 4, 3]",5,0.22222222222222202,-220,6,10,0.5935672514619881,226,1
244,"(0,11)",,True,25,"[0, 16, 11, 5, 18]",4,0.19883040935672502,-222,6,10,0.615009746588693,228,1
245,"(0,11)",,True,25,"[0, 16, 11, 5, 18]",4,0.19883040935672502,-222,6,10,0.615009746588693,228,1
246,"(8,12)",,True,27,"[0, 18, 8, 12, 7]",4,0.101656920077972,-224,6,10,0.5580896686159841,230,1
247,"(8,12)",,True,27,"[0, 18, 8, 12, 7]",4,0.101656920077972,-224,6,10,0.5580896686159841,230,1
248,6:12,assassinate,True,23,"[12, 16, 0, 6, 8]",4,0.09064327485380101,-226,6,9,0.6076998050682261,232,1
249,6:12,assassinate,True,23,"[12, 16, 0, 6, 8]",4,0.09064327485380101,-226,6,9,0.6076998050682261,232,1
250,"(11,7)",,True,24,"[19, 11, 10, 7, 12]",4,0.078947368421052,-228,6,9,0.5570175438596491,234,1
251,"(11,7)",,True,24,"[19, 11, 10, 7, 12]",4,0.078947368421052,-228,6,9,0.5570175438596491,234,1
252,"(1,18)",,True,25,"[1, 4, 18, 2, 15]",4,0.065302144249512,-230,6,9,0.5116959064327481,236,1
253,"(1,18)",,True,25,"[1, 4, 18, 2, 15]",4,0.065302144249512,-230,6,9,0.5116959064327481,236,1
254,"(11,3)",,True,27,"[11, 10, 3, 6, 7]",5,0.08576998050682201,-232,6,9,0.5565302144249511,238,1
255,"(11,3)",,True,27,"[11, 10, 3, 6, 7]",5,0.08576998050682201,-232,6,9,0.5565302144249511,238,1
256,"(6,1)",,True,29,"[3, 13, 6, 1, 5]",5,0.077485380116959,-234,6,10,0.6164717348927871,240,1
257,"(6,1)",,True,29,"[3, 13, 6, 1, 5]",5,0.077485380116959,-234,6,10,0.6164717348927871,240,1
258,19:8,assassinate,True,26,"[6, 13, 2, 19, 17]",5,0.07943469785575001,-236,6,10,0.5901559454191031,242,1
259,19:8,assassinate,True,26,"[6, 13, 2, 19, 17]",5,0.07943469785575001,-236,6,10,0.5901559454191031,242,1
260,"(5,4)",,True,26,"[5, 4, 9, 6, 14]",5,0.09064327485380101,-238,6,10,0.619883040935672,244,1
261,"(5,4)",,True,26,"[5, 4, 9, 6, 14]",5,0.09064327485380101,-238,6,10,0.619883040935672,244,1
262,16:6,assassinate,True,22,"[4, 11, 16, 18, 15]",4,0.055555555555555004,-240,6,9,0.510721247563352,246,1
263,16:6,assassinate,True,22,"[4, 11, 16, 18, 15]",4,0.055555555555555004,-240,6,9,0.510721247563352,246,1
264,"(11,18)",,True,22,"[11, 10, 7, 0, 18]",4,0.071150097465886,-242,6,8,0.47076023391812805,248,1
265,"(11,18)",,True,22,"[11, 10, 7, 0, 18]",4,0.071150097465886,-242,6,8,0.47076023391812805,248,1
266,12:8,assassinate,True,19,"[15, 12, 9, 4, 6]",3,0.0029239766081870003,-244,6,8,0.41812865497076,250,1
267,12:8,assassinate,True,19,"[15, 12, 9, 4, 6]",3,0.0029239766081870003,-244,6,8,0.41812865497076,250,1
268,"(3,15)",,True,21,"[7, 11, 3, 10, 15]",4,0.067251461988304,-246,6,8,0.453216374269005,252,1
269,"(3,15)",,True,21,"[7, 11, 3, 10, 15]",4,0.067251461988304,-246,6,8,0.453216374269005,252,1
270,"(14,12)",,True,23,"[14, 12, 5, 8, 11]",4,0.067251461988304,-248,6,8,0.45906432748538,254,1
271,"(14,12)",,True,23,"[14, 12, 5, 8, 11]",4,0.067251461988304,-248,6,8,0.45906432748538,254,1
272,"(2,15)",,True,25,"[2, 14, 15, 12, 7]",5,0.11500974658869301,-250,6,8,0.433723196881091,256,1
273,"(2,15)",,True,25,"[2, 14, 15, 12, 7]",5,0.11500974658869301,-250,6,8,0.433723196881091,256,1
274,9:4,assassinate,True,24,"[16, 9, 10, 13, 15]",5,0.106237816764132,-252,6,8,0.366471734892787,258,1
275,9:4,assassinate,True,24,"[16, 9, 10, 13, 15]",5,0.106237816764132,-252,6,8,0.366471734892787,258,1
276,3:6,assassinate,True,22,"[3, 14, 2, 11, 17]",5,0.088693957115009,-254,6,8,0.318713450292397,260,1
277,3:6,assassinate,True,22,"[3, 14, 2, 11, 17]",5,0.088693957115009,-254,6,8,0.318713450292397,260,1
278,"(19,10)",,True,22,"[19, 13, 2, 10, 12]",5,0.08089668615984401,-256,6,8,0.30214424951267005,262,1
279,"(19,10)",,True,22,"[19, 13, 2, 10, 12]",5,0.08089668615984401,-256,6,8,0.30214424951267005,262,1
280,"(12,15)",,True,24,"[12, 16, 15, 2, 9]",5,0.09064327485380101,-258,6,8,0.332358674463937,264,1
281,"(12,15)",,True,24,"[12, 16, 15, 2, 9]",5,0.09064327485380101,-258,6,8,0.332358674463937,264,1
282,"(19,6)",,True,24,"[19, 5, 10, 6, 15]",5,0.096491228070175,-260,6,8,0.37037037037037,266,1
283,"(19,6)",,True,24,"[19, 5, 10, 6, 15]",5,0.096491228070175,-260,6,8,0.37037037037037,266,1
284,"(16,10)",,True,26,"[15, 16, 3, 4, 10]",5,0.10818713450292301,-262,6,8,0.36842105263157804,268,1
285,"(16,10)",,True,26,"[15, 16, 3, 4, 10]",5,0.10818713450292301,-262,6,8,0.36842105263157804,268,1
286,"(2,7)",,True,26,"[2, 7, 13, 11, 17]",5,0.129629629629629,-264,6,8,0.398635477582845,270,1
287,"(2,7)",,True,26,"[2, 7, 13, 11, 17]",5,0.129629629629629,-264,6,8,0.398635477582845,270,1
288,"(5,1)",,True,26,"[5, 6, 2, 13, 1]",5,0.139766081871345,-266,6,8,0.377582846003898,272,1
289,"(5,1)",,True,26,"[5, 6, 2, 13, 1]",5,0.139766081871345,-266,6,8,0.377582846003898,272,1
290,"(3,6)",,True,27,"[11, 2, 13, 3, 6]",5,0.139668615984405,-268,6,7,0.371442495126705,274,1
291,"(3,6)",,True,27,"[11, 2, 13, 3, 6]",5,0.139668615984405,-268,6,7,0.371442495126705,274,1
292,"(14,9)",,True,29,"[17, 14, 15, 18, 9]",6,0.22773600668337501,-270,6,7,0.42284878863826203,276,1
293,"(14,9)",,True,29,"[17, 14, 15, 18, 9]",6,0.22773600668337501,-270,6,7,0.42284878863826203,276,1
294,"(0,4)",,True,29,"[0, 19, 6, 4, 5]",5,0.201225285435811,-272,6,7,0.42431077694235503,278,1
295,"(0,4)",,True,29,"[0, 19, 6, 4, 5]",5,0.201225285435811,-272,6,7,0.42431077694235503,278,1
296,7:6,assassinate,True,27,"[5, 11, 13, 7, 15]",4,0.112670565302144,-274,6,7,0.37456140350877204,280,1
297,7:6,assassinate,True,27,"[5, 11, 13, 7, 15]",4,0.112670565302144,-274,6,7,0.37456140350877204,280,1
298,"(10,1)",,True,28,"[19, 10, 5, 9, 1]",4,0.08625730994152,-276,6,7,0.37037037037037,282,1
299,"(10,1)",,True,28,"[19, 10, 5, 9, 1]",4,0.08625730994152,-276,6,7,0.37037037037037,282,1
300,8:12,assassinate,True,23,"[2, 14, 8, 15, 6]",3,0.042884990253411005,-278,6,7,0.48732943469785506,284,1
301,8:12,assassinate,True,23,"[2, 14, 8, 15, 6]",3,0.042884990253411005,-278,6,7,0.48732943469785506,284,1
302,"(0,13)",,True,23,"[0, 17, 13, 10, 1]",2,0.023391812865497002,-280,6,7,0.47465886939571106,286,1
303,"(0,13)",,True,23,"[0, 17, 13, 10, 1]",2,0.023391812865497002,-280,6,7,0.47465886939571106,286,1
304,"(8,13)",,True,23,"[11, 19, 4, 8, 13]",2,0.023391812865497002,-282,6,7,0.45126705653021404,288,1
305,"(8,13)",,True,23,"[11, 19, 4, 8, 13]",2,0.023391812865497002,-282,6,7,0.45126705653021404,288,1
306,"(1,3)",,True,23,"[15, 1, 3, 18, 12]",2,0.023391812865497002,-284,6,7,0.45126705653021404,290,1
307,"(1,3)",,True,23,"[15, 1, 3, 18, 12]",2,0.023391812865497002,-284,6,7,0.45126705653021404,290,1
308,"(7,1)",,True,25,"[7, 15, 1, 2, 13]",2,0.021832358674463002,-286,6,8,0.506140350877192,292,1
309,"(7,1)",,True,25,"[7, 15, 1, 2, 13]",2,0.021832358674463002,-286,6,8,0.506140350877192,292,1
310,"(0,18)",,True,25,"[0, 6, 18, 9, 4]",2,0.0,-288,6,8,0.5034113060428851,294,1
311,"(0,18)",,True,25,"[0, 6, 18, 9, 4]",2,0.0,-288,6,8,0.5034113060428851,294,1
312,"(18,11)",,True,25,"[18, 7, 5, 11, 13]",3,0.05653021442495101,-290,6,8,0.518518518518518,296,1
313,"(18,11)",,True,25,"[18, 7, 5, 11, 13]",3,0.05653021442495101,-290,6,8,0.518518518518518,296,1
314,"(6,13)",,True,27,"[6, 11, 13, 16, 9]",3,0.018031189083820003,-292,6,8,0.46345029239766006,298,1
315,"(6,13)",,True,27,"[6, 11, 13, 16, 9]",3,0.018031189083820003,-292,6,8,0.46345029239766006,298,1
316,"(7,17)",,True,29,"[5, 7, 17, 3, 0]",3,0.017543859649122,-294,6,8,0.423976608187134,300,1
317,"(7,17)",,True,29,"[5, 7, 17, 3, 0]",3,0.017543859649122,-294,6,8,0.423976608187134,300,1
318,14:10,assassinate,True,25,"[10, 6, 5, 14, 0]",3,0.014132553606237,-296,6,7,0.419590643274853,302,1
319,14:10,assassinate,True,25,"[10, 6, 5, 14, 0]",3,0.014132553606237,-296,6,7,0.419590643274853,302,1
320,"(7,15)",,True,23,"[7, 15, 9, 12, 11]",3,0.015594541910331002,-298,6,6,0.42982456140350805,304,1
321,"(7,15)",,True,23,"[7, 15, 9, 12, 11]",3,0.015594541910331002,-298,6,6,0.42982456140350805,304,1
322,"(5,13)",,True,25,"[5, 2, 12, 13, 10]",3,0.005847953216374001,-300,6,6,0.296296296296296,306,1
323,"(5,13)",,True,25,"[5, 2, 12, 13, 10]",3,0.005847953216374001,-300,6,6,0.296296296296296,306,1
324,17:6,assassinate,True,21,"[17, 5, 11, 15, 8]",3,0.029239766081871003,-302,6,5,0.32066276803118904,308,1
325,17:6,assassinate,True,21,"[17, 5, 11, 15, 8]",3,0.029239766081871003,-302,6,5,0.32066276803118904,308,1
326,"(19,8)",,True,23,"[19, 17, 18, 2, 8]",3,0.022417153996101002,-304,6,5,0.277777777777777,310,1
327,"(19,8)",,True,23,"[19, 17, 18, 2, 8]",3,0.022417153996101002,-304,6,5,0.277777777777777,310,1
328,"(17,13)",,True,25,"[5, 17, 13, 12, 14]",3,0.022417153996101002,-306,6,5,0.290448343079922,312,1
329,"(17,13)",,True,25,"[5, 17, 13, 12, 14]",3,0.022417153996101002,-306,6,5,0.290448343079922,312,1
330,"(10,2)",,True,25,"[10, 12, 16, 2, 14]",3,0.018518518518518,-308,6,4,0.16569200779727,314,1
331,"(10,2)",,True,25,"[10, 12, 16, 2, 14]",3,0.018518518518518,-308,6,4,0.16569200779727,314,1
332,"(5,16)",,True,25,"[18, 5, 3, 16, 2]",3,0.023391812865497002,-310,6,4,0.13499025341130602,316,1
333,"(5,16)",,True,25,"[18, 5, 3, 16, 2]",3,0.023391812865497002,-310,6,4,0.13499025341130602,316,1
334,"(7,2)",,True,27,"[3, 4, 0, 7, 2]",4,0.10428849902534101,-312,6,4,0.128167641325536,318,1
335,"(7,2)",,True,27,"[3, 4, 0, 7, 2]",4,0.10428849902534101,-312,6,4,0.128167641325536,318,1
336,11:4,assassinate,True,26,"[17, 18, 2, 14, 11]",4,0.07846003898635401,-312,7,4,0.10087719298245601,319,1
337,11:4,assassinate,True,26,"[17, 18, 2, 14, 11]",4,0.07846003898635401,-312,7,4,0.10087719298245601,319,1
338,12:8,assassinate,True,23,"[12, 17, 19, 9, 0]",4,0.11793372319688102,-312,8,4,0.125730994152046,320,1
339,12:8,assassinate,True,23,"[12, 17, 19, 9, 0]",4,0.11793372319688102,-312,8,4,0.125730994152046,320,1
340,19:4,assassinate,True,22,"[16, 17, 6, 14, 19]",4,0.10331384015594501,-312,9,4,0.114035087719298,321,1
341,19:4,assassinate,True,22,"[16, 17, 6, 14, 19]",4,0.10331384015594501,-312,9,4,0.114035087719298,321,1
342,"(14,7)",,True,24,"[14, 7, 10, 11, 16]",4,0.11306042884990201,-314,9,4,0.15204678362573001,323,1
343,"(14,7)",,True,24,"[14, 7, 10, 11, 16]",4,0.11306042884990201,-314,9,4,0.15204678362573001,323,1
344,9:2,assassinate,True,24,"[18, 9, 10, 7, 11]",4,0.11306042884990201,-314,10,4,0.15204678362573001,324,1
345,9:2,assassinate,True,24,"[18, 9, 10, 7, 11]",4,0.11306042884990201,-314,10,4,0.15204678362573001,324,1
346,"(14,12)",,True,26,"[6, 18, 14, 12, 19]",5,0.15399610136452202,-316,10,4,0.190058479532163,326,1
347,"(14,12)",,True,26,"[6, 18, 14, 12, 19]",5,0.15399610136452202,-316,10,4,0.190058479532163,326,1
348,"(6,11)",,True,29,"[15, 3, 6, 11, 16]",5,0.12440824282929501,-316,11,4,0.14828738512949002,327,1
349,"(6,11)",,True,29,"[15, 3, 6, 11, 16]",5,0.12440824282929501,-316,11,4,0.14828738512949002,327,1
350,"(13,0)",,True,29,"[13, 12, 0, 18, 9]",5,0.17227095516569202,-314,13,4,0.14766081871345002,327,1
351,"(13,0)",,True,29,"[13, 12, 0, 18, 9]",5,0.17227095516569202,-314,13,4,0.14766081871345002,327,1
352,3:4,assassinate,True,26,"[13, 3, 4, 7, 10]",4,0.137670565302144,-314,14,4,0.14571150097465801,328,1
353,3:4,assassinate,True,26,"[13, 3, 4, 7, 10]",4,0.137670565302144,-314,14,4,0.14571150097465801,328,1
354,14:6,assassinate,True,22,"[11, 10, 1, 4, 14]",3,0.036271233639654,-312,16,3,0.036173767752715004,328,1
355,14:6,assassinate,True,22,"[11, 10, 1, 4, 14]",3,0.036271233639654,-312,16,3,0.036173767752715004,328,1
356,"(10,7)",,True,24,"[10, 7, 17, 16, 19]",4,0.10937064884433301,-310,18,3,0.053132832080200004,328,1
357,"(10,7)",,True,24,"[10, 7, 17, 16, 19]",4,0.10937064884433301,-310,18,3,0.053132832080200004,328,1
358,10:2,assassinate,True,22,"[17, 5, 19, 14, 10]",4,0.10157337788916701,-308,20,3,0.044360902255639004,328,1
359,10:2,assassinate,True,22,"[17, 5, 19, 14, 10]",4,0.10157337788916701,-308,20,3,0.044360902255639004,328,1
360,16:6,assassinate,True,20,"[2, 16, 3, 7, 13]",4,0.095725424672793,-306,22,3,0.044360902255639004,328,1
361,16:6,assassinate,True,20,"[2, 16, 3, 7, 13]",4,0.095725424672793,-306,22,3,0.044360902255639004,328,1
362,6:10,assassinate,True,16,"[6, 8, 17, 4, 5]",4,0.16374269005847902,-304,24,3,0.11695906432748501,328,1
363,6:10,assassinate,True,16,"[6, 8, 17, 4, 5]",4,0.16374269005847902,-304,24,3,0.11695906432748501,328,1
364,2:8,assassinate,True,13,"[17, 1, 2, 8, 3]",3,0.15204678362573001,-304,25,3,0.17251461988304,329,1
365,2:8,assassinate,True,13,"[17, 1, 2, 8, 3]",3,0.15204678362573001,-304,25,3,0.17251461988304,329,1
366,5:8,assassinate,True,10,"[7, 10, 3, 18, 5]",3,0.09941520467836201,-304,26,3,0.11111111111111101,330,1
367,5:8,assassinate,True,10,"[7, 10, 3, 18, 5]",3,0.09941520467836201,-304,26,3,0.11111111111111101,330,1
368,"(1,18)",,True,12,"[0, 8, 6, 1, 18]",3,0.228070175438596,-304,27,4,0.27485380116959,331,1
369,"(1,18)",,True,12,"[0, 8, 6, 1, 18]",3,0.228070175438596,-304,27,4,0.27485380116959,331,1
370,"(11,8)",,True,14,"[11, 12, 10, 6, 8]",4,0.19298245614035,-306,27,4,0.251461988304093,333,1
371,"(11,8)",,True,14,"[11, 12, 10, 6, 8]",4,0.19298245614035,-306,27,4,0.251461988304093,333,1
372,"(1,11)",,True,16,"[1, 2, 11, 9, 0]",4,0.16959064327485301,-308,27,5,0.26315789473684204,335,1
373,"(1,11)",,True,16,"[1, 2, 11, 9, 0]",4,0.16959064327485301,-308,27,5,0.26315789473684204,335,1
374,15:4,assassinate,True,13,"[12, 5, 18, 14, 15]",3,0.11111111111111101,-310,27,5,0.21637426900584703,337,1
375,15:4,assassinate,True,13,"[12, 5, 18, 14, 15]",3,0.11111111111111101,-310,27,5,0.21637426900584703,337,1
376,"(17,6)",,True,14,"[17, 0, 11, 6, 13]",3,0.09844054580896601,-312,27,4,0.162768031189083,339,1
377,"(17,6)",,True,14,"[17, 0, 11, 6, 13]",3,0.09844054580896601,-312,27,4,0.162768031189083,339,1
378,2:4,assassinate,True,11,"[2, 14, 7, 1, 10]",2,0.046783625730994004,-314,27,4,0.122807017543859,341,1
379,2:4,assassinate,True,11,"[2, 14, 7, 1, 10]",2,0.046783625730994004,-314,27,4,0.122807017543859,341,1
380,"(8,15)",,True,13,"[8, 15, 4, 14, 3]",2,0.052631578947368,-316,27,4,0.134502923976608,343,1
381,"(8,15)",,True,13,"[8, 15, 4, 14, 3]",2,0.052631578947368,-316,27,4,0.134502923976608,343,1
382,"(8,15)",,True,13,"[8, 15, 17, 6, 19]",3,0.046783625730994004,-318,27,4,0.05847953216374201,345,1
383,"(8,15)",,True,13,"[8, 15, 17, 6, 19]",3,0.046783625730994004,-318,27,4,0.05847953216374201,345,1
384,2:2,assassinate,True,13,"[5, 16, 15, 2, 4]",3,0.046783625730994004,-318,28,4,0.05847953216374201,346,1
385,2:2,assassinate,True,13,"[5, 16, 15, 2, 4]",3,0.046783625730994004,-318,28,4,0.05847953216374201,346,1
386,12:2,assassinate,True,13,"[8, 12, 6, 9, 15]",2,0.0,-320,28,4,0.046783625730994004,348,1
387,12:2,assassinate,True,13,"[8, 12, 6, 9, 15]",2,0.0,-320,28,4,0.046783625730994004,348,1
388,"(11,10)",,True,13,"[4, 11, 9, 18, 10]",2,0.0,-322,28,3,0.014619883040935,350,1
389,"(11,10)",,True,13,"[4, 11, 9, 18, 10]",2,0.0,-322,28,3,0.014619883040935,350,1
390,"(19,9)",,True,15,"[19, 9, 0, 3, 16]",2,0.0,-324,28,3,0.017543859649122,352,1
391,"(19,9)",,True,15,"[19, 9, 0, 3, 16]",2,0.0,-324,28,3,0.017543859649122,352,1
392,"(12,1)",,True,15,"[9, 12, 1, 7, 2]",2,0.0,-326,28,4,0.07309941520467801,354,1
393,"(12,1)",,True,15,"[9, 12, 1, 7, 2]",2,0.0,-326,28,4,0.07309941520467801,354,1
394,"(1,16)",,True,17,"[11, 0, 1, 9, 16]",3,0.140350877192982,-326,29,5,0.190058479532163,355,1
395,"(1,16)",,True,17,"[11, 0, 1, 9, 16]",3,0.140350877192982,-326,29,5,0.190058479532163,355,1
396,13:8,assassinate,True,12,"[9, 7, 13, 16, 14]",2,0.105263157894736,-328,29,4,0.21637426900584703,357,1
397,13:8,assassinate,True,12,"[9, 7, 13, 16, 14]",2,0.105263157894736,-328,29,4,0.21637426900584703,357,1
398,"(9,19)",,True,12,"[9, 19, 3, 14, 2]",2,0.08187134502923901,-330,29,4,0.157894736842105,359,1
399,"(9,19)",,True,12,"[9, 19, 3, 14, 2]",2,0.08187134502923901,-330,29,4,0.157894736842105,359,1
400,"(9,18)",,True,14,"[13, 9, 3, 18, 7]",2,0.055555555555555004,-332,29,4,0.157894736842105,361,1
401,"(9,18)",,True,14,"[13, 9, 3, 18, 7]",2,0.055555555555555004,-332,29,4,0.157894736842105,361,1
402,19:6,assassinate,True,13,"[13, 0, 19, 15, 3]",3,0.23391812865497003,-332,30,4,0.309941520467836,362,1
403,19:6,assassinate,True,13,"[13, 0, 19, 15, 3]",3,0.23391812865497003,-332,30,4,0.309941520467836,362,1
404,11:8,assassinate,True,10,"[7, 2, 18, 11, 19]",3,0.09356725146198801,-330,32,3,0.06432748538011601,362,1
405,11:8,assassinate,True,10,"[7, 2, 18, 11, 19]",3,0.09356725146198801,-330,32,3,0.06432748538011601,362,1
406,"(0,15)",,True,10,"[0, 9, 5, 15, 19]",3,0.06432748538011601,-328,34,3,0.052631578947368,362,1
407,"(0,15)",,True,10,"[0, 9, 5, 15, 19]",3,0.06432748538011601,-328,34,3,0.052631578947368,362,1
408,"(6,0)",,True,11,"[8, 6, 0, 3, 4]",2,0.052631578947368,-327,35,3,0.052631578947368,362,1
409,"(6,0)",,True,11,"[8, 6, 0, 3, 4]",2,0.052631578947368,-327,35,3,0.052631578947368,362,1
410,13:4,assassinate,True,10,"[2, 5, 13, 3, 11]",2,0.017543859649122,-328,35,3,0.029239766081871003,363,1
411,13:4,assassinate,True,10,"[2, 5, 13, 3, 11]",2,0.017543859649122,-328,35,3,0.029239766081871003,363,1
412,"(0,14)",,True,10,"[0, 19, 6, 7, 14]",2,0.070175438596491,-326,37,3,0.06432748538011601,363,1
413,"(0,14)",,True,10,"[0, 19, 6, 7, 14]",2,0.070175438596491,-326,37,3,0.06432748538011601,363,1
414,4:4,assassinate,True,9,"[4, 13, 3, 15, 10]",2,0.087719298245614,-324,39,3,0.07602339181286501,363,1
415,4:4,assassinate,True,9,"[4, 13, 3, 15, 10]",2,0.087719298245614,-324,39,3,0.07602339181286501,363,1
416,5:4,assassinate,True,9,"[5, 6, 16, 2, 3]",3,0.134502923976608,-322,41,3,0.087719298245614,363,1
417,5:4,assassinate,True,9,"[5, 6, 16, 2, 3]",3,0.134502923976608,-322,41,3,0.087719298245614,363,1
418,8:6,assassinate,True,7,"[3, 8, 13, 14, 16]",2,0.035087719298245,-322,42,3,0.040935672514619006,364,1
419,8:6,assassinate,True,7,"[3, 8, 13, 14, 16]",2,0.035087719298245,-322,42,3,0.040935672514619006,364,1
420,18:2,assassinate,True,7,"[8, 2, 18, 3, 0]",3,0.06432748538011601,-320,44,3,0.052631578947368,364,1
421,18:2,assassinate,True,7,"[8, 2, 18, 3, 0]",3,0.06432748538011601,-320,44,3,0.052631578947368,364,1
422,19:4,assassinate,True,6,"[7, 5, 13, 12, 19]",2,0.017543859649122,-320,45,3,0.029239766081871003,365,1
423,19:4,assassinate,True,6,"[7, 5, 13, 12, 19]",2,0.017543859649122,-320,45,3,0.029239766081871003,365,1
424,6:4,assassinate,True,5,"[7, 6, 10, 11, 13]",2,0.017543859649122,-320,46,3,0.029239766081871003,366,1
425,6:4,assassinate,True,5,"[7, 6, 10, 11, 13]",2,0.017543859649122,-320,46,3,0.029239766081871003,366,1
426,"(7,0)",,True,5,"[15, 7, 11, 17, 0]",2,0.017543859649122,-320,47,3,0.029239766081871003,367,1
427,"(7,0)",,True,5,"[15, 7, 11, 17, 0]",2,0.017543859649122,-320,47,3,0.029239766081871003,367,1
428,"(1,17)",,True,7,"[1, 17, 16, 15, 14]",2,0.023391812865497002,-322,47,4,0.052631578947368,369,1
429,"(1,17)",,True,7,"[1, 17, 16, 15, 14]",2,0.023391812865497002,-322,47,4,0.052631578947368,369,1
430,"(4,17)",,True,7,"[4, 6, 17, 16, 5]",2,0.029239766081871003,-324,47,3,0.06432748538011601,371,1
431,"(4,17)",,True,7,"[4, 6, 17, 16, 5]",2,0.029239766081871003,-324,47,3,0.06432748538011601,371,1
432,"(16,1)",,True,9,"[16, 5, 6, 14, 1]",3,0.11695906432748501,-326,47,4,0.157894736842105,373,1
433,"(16,1)",,True,9,"[16, 5, 6, 14, 1]",3,0.11695906432748501,-326,47,4,0.157894736842105,373,1
434,"(19,1)",,True,11,"[19, 3, 1, 4, 17]",3,0.18128654970760202,-328,47,5,0.245614035087719,375,1
435,"(19,1)",,True,11,"[19, 3, 1, 4, 17]",3,0.18128654970760202,-328,47,5,0.245614035087719,375,1
436,"(7,12)",,True,13,"[6, 9, 7, 12, 4]",3,0.134502923976608,-330,47,5,0.251461988304093,377,1
437,"(7,12)",,True,13,"[6, 9, 7, 12, 4]",3,0.134502923976608,-330,47,5,0.251461988304093,377,1
438,"(15,19)",,True,15,"[12, 15, 19, 14, 6]",3,0.12865497076023302,-332,47,5,0.25730994152046704,379,1
439,"(15,19)",,True,15,"[12, 15, 19, 14, 6]",3,0.12865497076023302,-332,47,5,0.25730994152046704,379,1
440,"(13,11)",,True,17,"[13, 11, 10, 18, 4]",4,0.157894736842105,-334,47,5,0.280701754385964,381,1
441,"(13,11)",,True,17,"[13, 11, 10, 18, 4]",4,0.157894736842105,-334,47,5,0.280701754385964,381,1
442,9:2,assassinate,True,17,"[9, 4, 17, 7, 11]",4,0.157894736842105,-336,47,5,0.280701754385964,383,1
443,9:2,assassinate,True,17,"[9, 4, 17, 7, 11]",4,0.157894736842105,-336,47,5,0.280701754385964,383,1
444,"(16,8)",,True,19,"[2, 16, 3, 12, 8]",5,0.19883040935672502,-335,48,5,0.19883040935672502,383,1
445,"(16,8)",,True,19,"[2, 16, 3, 12, 8]",5,0.19883040935672502,-335,48,5,0.19883040935672502,383,1
446,13:4,assassinate,True,18,"[6, 13, 18, 9, 12]",5,0.228070175438596,-334,49,5,0.228070175438596,383,1
447,13:4,assassinate,True,18,"[6, 13, 18, 9, 12]",5,0.228070175438596,-334,49,5,0.228070175438596,383,1
448,"(3,1)",,True,20,"[4, 10, 5, 3, 1]",5,0.25341130604288503,-334,50,6,0.27485380116959,384,1
449,"(3,1)",,True,20,"[4, 10, 5, 3, 1]",5,0.25341130604288503,-334,50,6,0.27485380116959,384,1
450,"(8,1)",,True,22,"[8, 1, 6, 18, 9]",6,0.27290448343079904,-332,52,7,0.22222222222222202,384,1
451,"(8,1)",,True,22,"[8, 1, 6, 18, 9]",6,0.27290448343079904,-332,52,7,0.22222222222222202,384,1
452,"(13,3)",,True,24,"[13, 12, 3, 15, 14]",6,0.291617933723196,-330,54,7,0.288693957115009,384,1
453,"(13,3)",,True,24,"[13, 12, 3, 15, 14]",6,0.291617933723196,-330,54,7,0.288693957115009,384,1
454,"(19,18)",,True,24,"[19, 18, 15, 16, 17]",6,0.330604288499025,-328,56,6,0.29746588693957104,384,1
455,"(19,18)",,True,24,"[19, 18, 15, 16, 17]",6,0.330604288499025,-328,56,6,0.29746588693957104,384,1
456,11:4,assassinate,True,23,"[5, 2, 11, 16, 8]",5,0.15077972709551601,-328,57,6,0.161500974658869,385,1
457,11:4,assassinate,True,23,"[5, 2, 11, 16, 8]",5,0.15077972709551601,-328,57,6,0.161500974658869,385,1
458,13:4,assassinate,True,22,"[11, 12, 13, 14, 0]",6,0.190253411306042,-326,59,6,0.135672514619883,385,1
459,13:4,assassinate,True,22,"[11, 12, 13, 14, 0]",6,0.190253411306042,-326,59,6,0.135672514619883,385,1
460,"(1,8)",,True,24,"[1, 12, 16, 9, 8]",6,0.162962962962962,-324,61,7,0.148343079922027,385,1
461,"(1,8)",,True,24,"[1, 12, 16, 9, 8]",6,0.162962962962962,-324,61,7,0.148343079922027,385,1
462,7:10,assassinate,True,20,"[7, 12, 11, 13, 2]",5,0.13645224171539902,-324,62,7,0.19590643274853803,386,1
463,7:10,assassinate,True,20,"[7, 12, 11, 13, 2]",5,0.13645224171539902,-324,62,7,0.19590643274853803,386,1
464,"(1,18)",,True,20,"[15, 1, 18, 5, 11]",5,0.101364522417153,-324,63,7,0.19200779727095502,387,1
465,"(1,18)",,True,20,"[15, 1, 18, 5, 11]",5,0.101364522417153,-324,63,7,0.19200779727095502,387,1
466,"(0,11)",,True,20,"[0, 10, 8, 4, 11]",5,0.101364522417153,-326,63,7,0.19200779727095502,389,1
467,"(0,11)",,True,20,"[0, 10, 8, 4, 11]",5,0.101364522417153,-326,63,7,0.19200779727095502,389,1
468,17:4,assassinate,True,16,"[17, 2, 10, 19, 18]",4,0.11111111111111101,-324,65,5,0.078947368421052,389,1
469,17:4,assassinate,True,16,"[17, 2, 10, 19, 18]",4,0.11111111111111101,-324,65,5,0.078947368421052,389,1
470,18:6,assassinate,True,14,"[11, 18, 4, 10, 8]",4,0.09941520467836201,-322,67,5,0.09356725146198801,389,1
471,18:6,assassinate,True,14,"[11, 18, 4, 10, 8]",4,0.09941520467836201,-322,67,5,0.09356725146198801,389,1
472,"(1,17)",,True,16,"[2, 1, 17, 0, 13]",4,0.08966861598440501,-322,68,6,0.14522417153996,390,1
473,"(1,17)",,True,16,"[2, 1, 17, 0, 13]",4,0.08966861598440501,-322,68,6,0.14522417153996,390,1
474,"(16,12)",,True,16,"[16, 7, 8, 4, 12]",4,0.08635477582846,-324,68,6,0.17719298245614,392,1
475,"(16,12)",,True,16,"[16, 7, 8, 4, 12]",4,0.08635477582846,-324,68,6,0.17719298245614,392,1
476,7:2,assassinate,True,16,"[18, 2, 6, 7, 4]",4,0.066276803118908,-324,69,6,0.09844054580896601,393,1
477,7:2,assassinate,True,16,"[18, 2, 6, 7, 4]",4,0.066276803118908,-324,69,6,0.09844054580896601,393,1
478,19:6,assassinate,True,14,"[9, 12, 19, 13, 17]",3,0.022027290448343003,-326,69,6,0.091423001949317,395,1
479,19:6,assassinate,True,14,"[9, 12, 19, 13, 17]",3,0.022027290448343003,-326,69,6,0.091423001949317,395,1
480,"(12,2)",,True,14,"[12, 2, 19, 4, 9]",3,0.038596491228070004,-328,69,5,0.11189083820662701,397,1
481,"(12,2)",,True,14,"[12, 2, 19, 4, 9]",3,0.038596491228070004,-328,69,5,0.11189083820662701,397,1
482,"(19,2)",,True,16,"[19, 14, 2, 0, 13]",3,0.043469785575048006,-330,69,5,0.13625730994152002,399,1
483,"(19,2)",,True,16,"[19, 14, 2, 0, 13]",3,0.043469785575048006,-330,69,5,0.13625730994152002,399,1
484,"(3,4)",,True,16,"[3, 16, 4, 9, 19]",3,0.056140350877192005,-332,69,5,0.19961013645224102,401,1
485,"(3,4)",,True,16,"[3, 16, 4, 9, 19]",3,0.056140350877192005,-332,69,5,0.19961013645224102,401,1
486,"(9,10)",,True,18,"[16, 19, 18, 9, 10]",4,0.138011695906432,-334,69,5,0.27953216374269,403,1
487,"(9,10)",,True,18,"[16, 19, 18, 9, 10]",4,0.138011695906432,-334,69,5,0.27953216374269,403,1
488,"(16,0)",,True,18,"[16, 12, 8, 0, 9]",3,0.18421052631578902,-336,69,5,0.37134502923976603,405,1
489,"(16,0)",,True,18,"[16, 12, 8, 0, 9]",3,0.18421052631578902,-336,69,5,0.37134502923976603,405,1
490,"(10,3)",,True,20,"[10, 13, 3, 2, 7]",3,0.14424951267056502,-338,69,5,0.288986354775828,407,1
491,"(10,3)",,True,20,"[10, 13, 3, 2, 7]",3,0.14424951267056502,-338,69,5,0.288986354775828,407,1
492,11:6,assassinate,True,18,"[11, 2, 15, 6, 3]",2,0.018518518518518,-340,69,5,0.18908382066276802,409,1
493,11:6,assassinate,True,18,"[11, 2, 15, 6, 3]",2,0.018518518518518,-340,69,5,0.18908382066276802,409,1
494,"(17,13)",,True,18,"[17, 8, 2, 15, 13]",2,0.012670565302144,-342,69,4,0.11306042884990201,411,1
495,"(17,13)",,True,18,"[17, 8, 2, 15, 13]",2,0.012670565302144,-342,69,4,0.11306042884990201,411,1
496,"(7,3)",,True,20,"[5, 2, 7, 11, 3]",2,0.006822612085769001,-344,69,4,0.08674463937621801,413,1
497,"(7,3)",,True,20,"[5, 2, 7, 11, 3]",2,0.006822612085769001,-344,69,4,0.08674463937621801,413,1
498,5:4,assassinate,True,17,"[5, 11, 4, 12, 8]",1,0.0,-346,69,4,0.08187134502923901,415,1
499,5:4,assassinate,True,17,"[5, 11, 4, 12, 8]",1,0.0,-346,69,4,0.08187134502923901,415,1
500,"(1,19)",,True,20,"[1, 6, 19, 18, 17]",3,0.087719298245614,-348,69,5,0.19103313840155903,417,1
501,"(1,19)",,True,20,"[1, 6, 19, 18, 17]",3,0.087719298245614,-348,69,5,0.19103313840155903,417,1
502,"(8,5)",,True,20,"[8, 5, 13, 15, 12]",3,0.09941520467836201,-350,69,4,0.18128654970760202,419,1
503,"(8,5)",,True,20,"[8, 5, 13, 15, 12]",3,0.09941520467836201,-350,69,4,0.18128654970760202,419,1
504,"(18,7)",,True,23,"[18, 7, 0, 11, 8]",3,0.127680311890838,-350,70,4,0.157894736842105,420,1
505,"(18,7)",,True,23,"[18, 7, 0, 11, 8]",3,0.127680311890838,-350,70,4,0.157894736842105,420,1
506,"(14,0)",,True,23,"[14, 0, 13, 6, 17]",3,0.11111111111111101,-350,71,4,0.19298245614035,421,1
507,"(14,0)",,True,23,"[14, 0, 13, 6, 17]",3,0.11111111111111101,-350,71,4,0.19298245614035,421,1
508,"(11,1)",,True,25,"[11, 1, 18, 4, 12]",3,0.042884990253411005,-352,71,5,0.212475633528265,423,1
509,"(11,1)",,True,25,"[11, 1, 18, 4, 12]",3,0.042884990253411005,-352,71,5,0.212475633528265,423,1
510,3:10,assassinate,True,21,"[11, 14, 7, 3, 19]",3,0.08479532163742601,-354,71,5,0.273879142300194,425,1
511,3:10,assassinate,True,21,"[11, 14, 7, 3, 19]",3,0.08479532163742601,-354,71,5,0.273879142300194,425,1
512,"(1,8)",,True,23,"[1, 8, 10, 16, 3]",3,0.074074074074074,-356,71,6,0.31091617933723203,427,1
513,"(1,8)",,True,23,"[1, 8, 10, 16, 3]",3,0.074074074074074,-356,71,6,0.31091617933723203,427,1
514,"(12,17)",,True,23,"[12, 18, 4, 8, 17]",3,0.069200779727095,-358,71,6,0.36549707602339104,429,1
515,"(12,17)",,True,23,"[12, 18, 4, 8, 17]",3,0.069200779727095,-358,71,6,0.36549707602339104,429,1
516,10:6,assassinate,True,21,"[10, 4, 2, 1, 6]",3,0.042884990253411005,-360,71,6,0.41617933723196804,431,1
517,10:6,assassinate,True,21,"[10, 4, 2, 1, 6]",3,0.042884990253411005,-360,71,6,0.41617933723196804,431,1
518,14:8,assassinate,True,18,"[18, 5, 8, 14, 11]",3,0.011695906432748001,-362,71,6,0.40935672514619803,433,1
519,14:8,assassinate,True,18,"[18, 5, 8, 14, 11]",3,0.011695906432748001,-362,71,6,0.40935672514619803,433,1
520,"(6,8)",,True,18,"[6, 8, 13, 5, 7]",3,0.013645224171539001,-364,71,6,0.40740740740740705,435,1
521,"(6,8)",,True,18,"[6, 8, 13, 5, 7]",3,0.013645224171539001,-364,71,6,0.40740740740740705,435,1
522,"(5,2)",,True,18,"[5, 2, 12, 7, 8]",3,0.013645224171539001,-366,71,6,0.40740740740740705,437,1
523,"(5,2)",,True,18,"[5, 2, 12, 7, 8]",3,0.013645224171539001,-366,71,6,0.40740740740740705,437,1
524,"(3,12)",,True,20,"[13, 3, 12, 4, 14]",3,0.013645224171539001,-368,71,6,0.460038986354775,439,1
525,"(3,12)",,True,20,"[13, 3, 12, 4, 14]",3,0.013645224171539001,-368,71,6,0.460038986354775,439,1
526,"(19,14)",,True,23,"[4, 19, 16, 14, 12]",3,0.015594541910331002,-370,71,6,0.399610136452241,441,1
527,"(19,14)",,True,23,"[4, 19, 16, 14, 12]",3,0.015594541910331002,-370,71,6,0.399610136452241,441,1
528,"(17,0)",,True,21,"[13, 3, 1, 17, 0]",2,0.0,-372,71,6,0.38206627680311805,443,1
529,"(17,0)",,True,21,"[13, 3, 1, 17, 0]",2,0.0,-372,71,6,0.38206627680311805,443,1
530,18:8,assassinate,True,16,"[4, 6, 19, 18, 8]",2,0.0,-374,71,6,0.40935672514619803,445,1
531,18:8,assassinate,True,16,"[4, 6, 19, 18, 8]",2,0.0,-374,71,6,0.40935672514619803,445,1
532,"(9,15)",,True,19,"[9, 6, 13, 0, 15]",2,0.0,-376,71,6,0.38206627680311805,447,1
533,"(9,15)",,True,19,"[9, 6, 13, 0, 15]",2,0.0,-376,71,6,0.38206627680311805,447,1
534,"(18,1)",,True,19,"[9, 2, 18, 1, 4]",2,0.0,-378,71,6,0.38206627680311805,449,1
535,"(18,1)",,True,19,"[9, 2, 18, 1, 4]",2,0.0,-378,71,6,0.38206627680311805,449,1
536,"(14,18)",,True,19,"[14, 9, 11, 7, 18]",2,0.0,-380,71,6,0.43177387914230003,451,1
537,"(14,18)",,True,19,"[14, 9, 11, 7, 18]",2,0.0,-380,71,6,0.43177387914230003,451,1
538,"(13,1)",,True,21,"[13, 8, 17, 1, 14]",2,0.0,-382,71,7,0.36159844054580903,453,1
539,"(13,1)",,True,21,"[13, 8, 17, 1, 14]",2,0.0,-382,71,7,0.36159844054580903,453,1
540,7:6,assassinate,True,19,"[9, 18, 8, 14, 7]",2,0.0,-384,71,7,0.353801169590643,455,1
541,7:6,assassinate,True,19,"[9, 18, 8, 14, 7]",2,0.0,-384,71,7,0.353801169590643,455,1
542,"(10,13)",,True,21,"[3, 10, 16, 0, 13]",2,0.0,-386,71,7,0.318713450292397,457,1
543,"(10,13)",,True,21,"[3, 10, 16, 0, 13]",2,0.0,-386,71,7,0.318713450292397,457,1
544,"(7,11)",,True,23,"[2, 7, 6, 15, 11]",2,0.0,-388,71,7,0.35964912280701705,459,1
545,"(7,11)",,True,23,"[2, 7, 6, 15, 11]",2,0.0,-388,71,7,0.35964912280701705,459,1
546,"(9,17)",,True,23,"[8, 7, 9, 17, 14]",2,0.0,-390,71,7,0.32748538011695905,461,1
547,"(9,17)",,True,23,"[8, 7, 9, 17, 14]",2,0.0,-390,71,7,0.32748538011695905,461,1
548,"(16,1)",,True,25,"[16, 14, 7, 19, 1]",2,0.0,-392,71,8,0.342105263157894,463,1
549,"(16,1)",,True,25,"[16, 14, 7, 19, 1]",2,0.0,-392,71,8,0.342105263157894,463,1
550,"(10,1)",,True,28,"[11, 10, 15, 1, 2]",2,0.0,-394,71,9,0.36403508771929804,465,1
551,"(10,1)",,True,28,"[11, 10, 15, 1, 2]",2,0.0,-394,71,9,0.36403508771929804,465,1
552,5:12,assassinate,True,21,"[7, 11, 12, 5, 16]",2,0.0,-396,71,8,0.42982456140350805,467,1
553,5:12,assassinate,True,21,"[7, 11, 12, 5, 16]",2,0.0,-396,71,8,0.42982456140350805,467,1
554,"(6,18)",,True,19,"[0, 6, 9, 18, 19]",2,0.0,-398,71,8,0.40643274853801103,469,1
555,"(6,18)",,True,19,"[0, 6, 9, 18, 19]",2,0.0,-398,71,8,0.40643274853801103,469,1
556,"(5,1)",,True,21,"[5, 1, 13, 10, 4]",3,0.153021442495126,-400,71,9,0.45808966861598405,471,1
557,"(5,1)",,True,21,"[5, 1, 13, 10, 4]",3,0.153021442495126,-400,71,9,0.45808966861598405,471,1
558,"(1,14)",,True,23,"[1, 14, 0, 19, 16]",3,0.178362573099415,-402,71,10,0.491228070175438,473,1
559,"(1,14)",,True,23,"[1, 14, 0, 19, 16]",3,0.178362573099415,-402,71,10,0.491228070175438,473,1
560,"(19,2)",,True,25,"[12, 19, 5, 2, 9]",3,0.13157894736842102,-404,71,10,0.5653021442495121,475,1
561,"(19,2)",,True,25,"[12, 19, 5, 2, 9]",3,0.13157894736842102,-404,71,10,0.5653021442495121,475,1
562,"(14,16)",,True,25,"[14, 3, 15, 4, 16]",3,0.13157894736842102,-406,71,9,0.5594541910331381,477,1
563,"(14,16)",,True,25,"[14, 3, 15, 4, 16]",3,0.13157894736842102,-406,71,9,0.5594541910331381,477,1
564,"(11,17)",,True,25,"[11, 17, 6, 10, 7]",3,0.12670565302144202,-408,71,9,0.576023391812865,479,1
565,"(11,17)",,True,25,"[11, 17, 6, 10, 7]",3,0.12670565302144202,-408,71,9,0.576023391812865,479,1
566,"(11,7)",,True,25,"[4, 19, 8, 11, 7]",3,0.11306042884990201,-410,71,9,0.583820662768031,481,1
567,"(11,7)",,True,25,"[4, 19, 8, 11, 7]",3,0.11306042884990201,-410,71,9,0.583820662768031,481,1
568,"(18,3)",,True,25,"[6, 15, 18, 3, 9]",3,0.142300194931773,-412,71,8,0.48732943469785506,483,1
569,"(18,3)",,True,25,"[6, 15, 18, 3, 9]",3,0.142300194931773,-412,71,8,0.48732943469785506,483,1
570,12:8,assassinate,True,22,"[2, 17, 18, 7, 12]",2,0.0,-414,71,8,0.549707602339181,485,1
571,12:8,assassinate,True,22,"[2, 17, 18, 7, 12]",2,0.0,-414,71,8,0.549707602339181,485,1
572,"(1,3)",,True,25,"[5, 14, 1, 3, 0]",2,0.0,-416,71,9,0.43274853801169505,487,1
573,"(1,3)",,True,25,"[5, 14, 1, 3, 0]",2,0.0,-416,71,9,0.43274853801169505,487,1
574,"(14,4)",,True,27,"[18, 14, 3, 4, 0]",2,0.0,-418,71,9,0.42056530214424903,489,1
575,"(14,4)",,True,27,"[18, 14, 3, 4, 0]",2,0.0,-418,71,9,0.42056530214424903,489,1
576,"(5,12)",,True,29,"[11, 5, 12, 7, 4]",2,0.0,-420,71,9,0.48879142300194905,491,1
577,"(5,12)",,True,29,"[11, 5, 12, 7, 4]",2,0.0,-420,71,9,0.48879142300194905,491,1
578,"(7,0)",,True,29,"[11, 3, 7, 15, 0]",2,0.0,-422,71,9,0.48879142300194905,493,1
579,"(7,0)",,True,29,"[11, 3, 7, 15, 0]",2,0.0,-422,71,9,0.48879142300194905,493,1
580,"(1,4)",,True,31,"[9, 1, 14, 4, 6]",2,0.0,-424,71,10,0.488304093567251,495,1
581,"(1,4)",,True,31,"[9, 1, 14, 4, 6]",2,0.0,-424,71,10,0.488304093567251,495,1
582,19:10,assassinate,True,27,"[12, 19, 17, 3, 0]",2,0.0,-426,71,10,0.49220272904483403,497,1
583,19:10,assassinate,True,27,"[12, 19, 17, 3, 0]",2,0.0,-426,71,10,0.49220272904483403,497,1
584,"(8,19)",,True,29,"[6, 11, 8, 19, 10]",2,0.0,-428,71,10,0.522417153996101,499,1
585,"(8,19)",,True,29,"[6, 11, 8, 19, 10]",2,0.0,-428,71,10,0.522417153996101,499,1
586,"(13,16)",,True,29,"[2, 4, 13, 12, 16]",2,0.0,-430,71,10,0.49941520467836203,501,1
587,"(13,16)",,True,29,"[2, 4, 13, 12, 16]",2,0.0,-430,71,10,0.49941520467836203,501,1
588,"(1,15)",,True,31,"[1, 6, 15, 3, 4]",2,0.0,-432,71,11,0.5086048454469501,503,1
589,"(1,15)",,True,31,"[1, 6, 15, 3, 4]",2,0.0,-432,71,11,0.5086048454469501,503,1
590,"(12,10)",,True,33,"[12, 7, 2, 16, 10]",2,0.0,-434,71,11,0.57683096630465,505,1
591,"(12,10)",,True,33,"[12, 7, 2, 16, 10]",2,0.0,-434,71,11,0.57683096630465,505,1
592,"(6,16)",,True,33,"[6, 10, 16, 8, 13]",2,0.0,-436,71,11,0.583040935672514,507,1
593,"(6,16)",,True,33,"[6, 10, 16, 8, 13]",2,0.0,-436,71,11,0.583040935672514,507,1
594,"(3,16)",,True,35,"[12, 3, 16, 9, 13]",2,0.0,-438,71,11,0.5547108512020791,509,1
595,"(3,16)",,True,35,"[12, 3, 16, 9, 13]",2,0.0,-438,71,11,0.5547108512020791,509,1
596,17:14,assassinate,True,29,"[14, 11, 17, 18, 4]",2,0.0,-440,71,10,0.5818713450292391,511,1
597,17:14,assassinate,True,29,"[14, 11, 17, 18, 4]",2,0.0,-440,71,10,0.5818713450292391,511,1
598,"(10,6)",,True,29,"[18, 10, 6, 7, 9]",2,0.0,-442,71,10,0.546783625730994,513,1
599,"(10,6)",,True,29,"[18, 10, 6, 7, 9]",2,0.0,-442,71,10,0.546783625730994,513,1
600,14:16,assassinate,True,22,"[14, 10, 17, 3, 11]",2,0.0,-444,71,9,0.576023391812865,515,1
601,14:16,assassinate,True,22,"[14, 10, 17, 3, 11]",2,0.0,-444,71,9,0.576023391812865,515,1
602,"(11,10)",,True,24,"[13, 0, 11, 8, 10]",3,0.027290448343079,-446,71,9,0.547758284600389,517,1
603,"(11,10)",,True,24,"[13, 0, 11, 8, 10]",3,0.027290448343079,-446,71,9,0.547758284600389,517,1
604,6:6,assassinate,True,20,"[18, 11, 5, 6, 4]",2,0.0,-448,71,9,0.561403508771929,519,1
605,6:6,assassinate,True,20,"[18, 11, 5, 6, 4]",2,0.0,-448,71,9,0.561403508771929,519,1
606,"(11,12)",,True,22,"[6, 18, 11, 12, 16]",3,0.060428849902534006,-450,71,9,0.5428849902534111,521,1
607,"(11,12)",,True,22,"[6, 18, 11, 12, 16]",3,0.060428849902534006,-450,71,9,0.5428849902534111,521,1
608,"(11,7)",,True,22,"[5, 15, 19, 11, 7]",3,0.051656920077972006,-452,71,9,0.45711500974658803,523,1
609,"(11,7)",,True,22,"[5, 15, 19, 11, 7]",3,0.051656920077972006,-452,71,9,0.45711500974658803,523,1
610,"(14,12)",,True,24,"[7, 14, 12, 17, 19]",3,0.042884990253411005,-454,71,9,0.44931773879142306,525,1
611,"(14,12)",,True,24,"[7, 14, 12, 17, 19]",3,0.042884990253411005,-454,71,9,0.44931773879142306,525,1
612,"(1,16)",,True,24,"[3, 0, 1, 2, 16]",3,0.14912280701754302,-456,71,10,0.5233918128654971,527,1
613,"(1,16)",,True,24,"[3, 0, 1, 2, 16]",3,0.14912280701754302,-456,71,10,0.5233918128654971,527,1
614,"(6,18)",,True,26,"[6, 0, 15, 8, 18]",4,0.222807017543859,-458,71,10,0.571539961013645,529,1
615,"(6,18)",,True,26,"[6, 0, 15, 8, 18]",4,0.222807017543859,-458,71,10,0.571539961013645,529,1
616,"(16,12)",,True,28,"[10, 16, 12, 13, 18]",4,0.12339181286549701,-460,71,10,0.625146198830409,531,1
617,"(16,12)",,True,28,"[10, 16, 12, 13, 18]",4,0.12339181286549701,-460,71,10,0.625146198830409,531,1
618,10:6,assassinate,True,24,"[10, 17, 18, 15, 16]",3,0.042884990253411005,-462,71,10,0.614035087719298,533,1
619,10:6,assassinate,True,24,"[10, 17, 18, 15, 16]",3,0.042884990253411005,-462,71,10,0.614035087719298,533,1
620,"(1,9)",,True,26,"[12, 1, 9, 13, 19]",3,0.034502923976608,-464,71,11,0.591228070175438,535,1
621,"(1,9)",,True,26,"[12, 1, 9, 13, 19]",3,0.034502923976608,-464,71,11,0.591228070175438,535,1
622,7:6,assassinate,True,24,"[0, 7, 16, 13, 3]",4,0.125730994152046,-466,71,11,0.519980506822612,537,1
623,7:6,assassinate,True,24,"[0, 7, 16, 13, 3]",4,0.125730994152046,-466,71,11,0.519980506822612,537,1
624,"(15,14)",,True,24,"[2, 18, 15, 13, 14]",4,0.16959064327485301,-468,71,10,0.478557504873294,539,1
625,"(15,14)",,True,24,"[2, 18, 15, 13, 14]",4,0.16959064327485301,-468,71,10,0.478557504873294,539,1
626,12:6,assassinate,True,22,"[14, 6, 12, 15, 3]",4,0.067251461988304,-470,71,10,0.38693957115009703,541,1
627,12:6,assassinate,True,22,"[14, 6, 12, 15, 3]",4,0.067251461988304,-470,71,10,0.38693957115009703,541,1
628,"(12,5)",,True,24,"[0, 2, 12, 19, 5]",4,0.060428849902534006,-472,71,10,0.436647173489278,543,1
629,"(12,5)",,True,24,"[0, 2, 12, 19, 5]",4,0.060428849902534006,-472,71,10,0.436647173489278,543,1
630,"(1,7)",,True,26,"[14, 1, 2, 5, 7]",4,0.060233918128654,-474,71,11,0.491228070175438,545,1
631,"(1,7)",,True,26,"[14, 1, 2, 5, 7]",4,0.060233918128654,-474,71,11,0.491228070175438,545,1
632,"(10,12)",,True,28,"[10, 12, 13, 2, 16]",4,0.06432748538011601,-476,71,11,0.553606237816764,547,1
633,"(10,12)",,True,28,"[10, 12, 13, 2, 16]",4,0.06432748538011601,-476,71,11,0.553606237816764,547,1
634,"(1,17)",,True,28,"[1, 11, 14, 17, 10]",4,0.139571150097465,-478,71,11,0.6306042884990251,549,1
635,"(1,17)",,True,28,"[1, 11, 14, 17, 10]",4,0.139571150097465,-478,71,11,0.6306042884990251,549,1
636,"(1,14)",,True,30,"[1, 6, 14, 9, 17]",4,0.096296296296296,-480,71,12,0.575048732943469,551,1
637,"(1,14)",,True,30,"[1, 6, 14, 9, 17]",4,0.096296296296296,-480,71,12,0.575048732943469,551,1
638,2:10,assassinate,True,26,"[10, 4, 2, 3, 19]",3,0.067251461988304,-482,71,12,0.564327485380116,553,1
639,2:10,assassinate,True,26,"[10, 4, 2, 3, 19]",3,0.067251461988304,-482,71,12,0.564327485380116,553,1
640,"(9,15)",,True,24,"[9, 15, 8, 3, 12]",3,0.061403508771929,-484,71,11,0.47953216374269003,555,1
641,"(9,15)",,True,24,"[9, 15, 8, 3, 12]",3,0.061403508771929,-484,71,11,0.47953216374269003,555,1
642,"(2,7)",,True,26,"[2, 11, 7, 14, 8]",3,0.061403508771929,-486,71,11,0.540935672514619,557,1
643,"(2,7)",,True,26,"[2, 11, 7, 14, 8]",3,0.061403508771929,-486,71,11,0.540935672514619,557,1
644,"(1,11)",,True,28,"[9, 3, 1, 10, 11]",3,0.007797270955165,-488,71,12,0.537649679754942,559,1
645,"(1,11)",,True,28,"[9, 3, 1, 10, 11]",3,0.007797270955165,-488,71,12,0.537649679754942,559,1
646,"(17,4)",,True,30,"[19, 17, 4, 15, 11]",4,0.11306042884990201,-490,71,12,0.6935950988582561,561,1
647,"(17,4)",,True,30,"[19, 17, 4, 15, 11]",4,0.11306042884990201,-490,71,12,0.6935950988582561,561,1
648,"(2,1)",,True,32,"[2, 5, 15, 1, 3]",4,0.11306042884990201,-492,71,13,0.6458368142578661,563,1
649,"(2,1)",,True,32,"[2, 5, 15, 1, 3]",4,0.11306042884990201,-492,71,13,0.6458368142578661,563,1
650,"(17,13)",,True,30,"[1, 15, 17, 13, 8]",4,0.114035087719298,-494,71,12,0.64317738791423,565,1
651,"(17,13)",,True,30,"[1, 15, 17, 13, 8]",4,0.114035087719298,-494,71,12,0.64317738791423,565,1
652,"(1,12)",,True,32,"[1, 17, 7, 0, 12]",4,0.11325536062378101,-496,71,13,0.6463937621832351,567,1
653,"(1,12)",,True,32,"[1, 17, 7, 0, 12]",4,0.11325536062378101,-496,71,13,0.6463937621832351,567,1
654,"(0,14)",,True,30,"[0, 2, 3, 8, 14]",3,0.105263157894736,-498,71,12,0.667056530214424,569,1
655,"(0,14)",,True,30,"[0, 2, 3, 8, 14]",3,0.105263157894736,-498,71,12,0.667056530214424,569,1
656,11:12,assassinate,True,26,"[11, 9, 2, 1, 3]",2,0.09941520467836201,-500,71,11,0.631578947368421,571,1
657,11:12,assassinate,True,26,"[11, 9, 2, 1, 3]",2,0.09941520467836201,-500,71,11,0.631578947368421,571,1
658,"(4,19)",,True,28,"[3, 4, 19, 10, 13]",2,0.09941520467836201,-502,71,11,0.5748538011695901,573,1
659,"(4,19)",,True,28,"[3, 4, 19, 10, 13]",2,0.09941520467836201,-502,71,11,0.5748538011695901,573,1
660,"(19,8)",,True,28,"[19, 17, 6, 10, 8]",2,0.09941520467836201,-504,71,11,0.5740740740740741,575,1
661,"(19,8)",,True,28,"[19, 17, 6, 10, 8]",2,0.09941520467836201,-504,71,11,0.5740740740740741,575,1
662,"(17,1)",,True,30,"[12, 13, 17, 1, 14]",2,0.09941520467836201,-506,71,12,0.5877192982456141,577,1
663,"(17,1)",,True,30,"[12, 13, 17, 1, 14]",2,0.09941520467836201,-506,71,12,0.5877192982456141,577,1
664,"(8,14)",,True,28,"[4, 1, 15, 8, 14]",2,0.09941520467836201,-508,71,11,0.590253411306042,579,1
665,"(8,14)",,True,28,"[4, 1, 15, 8, 14]",2,0.09941520467836201,-508,71,11,0.590253411306042,579,1
666,"(4,2)",,True,30,"[8, 17, 4, 2, 18]",2,0.09941520467836201,-510,71,11,0.5575048732943471,581,1
667,"(4,2)",,True,30,"[8, 17, 4, 2, 18]",2,0.09941520467836201,-510,71,11,0.5575048732943471,581,1
668,"(13,16)",,True,32,"[10, 19, 13, 2, 16]",2,0.032943469785575004,-512,71,11,0.49220272904483403,583,1
669,"(13,16)",,True,32,"[10, 19, 13, 2, 16]",2,0.032943469785575004,-512,71,11,0.49220272904483403,583,1
670,"(11,9)",,True,34,"[3, 13, 11, 16, 9]",2,0.017056530214424,-514,71,11,0.535477582846003,585,1
671,"(11,9)",,True,34,"[3, 13, 11, 16, 9]",2,0.017056530214424,-514,71,11,0.535477582846003,585,1
672,"(1,19)",,True,36,"[17, 0, 1, 19, 12]",3,0.039766081871345005,-516,71,12,0.553411306042884,587,1
673,"(1,19)",,True,36,"[17, 0, 1, 19, 12]",3,0.039766081871345005,-516,71,12,0.553411306042884,587,1
674,4:12,assassinate,True,32,"[14, 8, 13, 4, 5]",4,0.066812865497076,-518,71,12,0.5690058479532161,589,1
675,4:12,assassinate,True,32,"[14, 8, 13, 4, 5]",4,0.066812865497076,-518,71,12,0.5690058479532161,589,1
676,"(3,18)",,True,32,"[16, 8, 3, 11, 18]",5,0.098294346978557,-520,71,12,0.5794346978557501,591,1
677,"(3,18)",,True,32,"[16, 8, 3, 11, 18]",5,0.098294346978557,-520,71,12,0.5794346978557501,591,1
678,"(9,4)",,True,34,"[10, 19, 7, 9, 4]",5,0.10350127455390601,-522,71,12,0.644047083520767,593,1
679,"(9,4)",,True,34,"[10, 19, 7, 9, 4]",5,0.10350127455390601,-522,71,12,0.644047083520767,593,1
680,"(1,6)",,True,36,"[1, 8, 18, 17, 6]",6,0.12451963241436902,-524,71,13,0.6521396082799591,595,1
681,"(1,6)",,True,36,"[1, 8, 18, 17, 6]",6,0.12451963241436902,-524,71,13,0.6521396082799591,595,1
682,5:6,assassinate,True,32,"[4, 5, 13, 7, 10]",5,0.12046783625730902,-526,71,12,0.603731551099972,597,1
683,5:6,assassinate,True,32,"[4, 5, 13, 7, 10]",5,0.12046783625730902,-526,71,12,0.603731551099972,597,1
684,16:6,assassinate,True,31,"[7, 19, 2, 17, 16]",4,0.066666666666666,-528,71,12,0.5483709273182951,599,1
685,16:6,assassinate,True,31,"[7, 19, 2, 17, 16]",4,0.066666666666666,-528,71,12,0.5483709273182951,599,1
686,"(12,17)",,True,34,"[1, 19, 12, 17, 8]",4,0.06325536062378101,-530,71,12,0.504093567251461,601,1
687,"(12,17)",,True,34,"[1, 19, 12, 17, 8]",4,0.06325536062378101,-530,71,12,0.504093567251461,601,1
688,"(0,15)",,True,34,"[0, 14, 10, 19, 15]",4,0.03391812865497,-532,71,12,0.49480646059593403,603,1
689,"(0,15)",,True,34,"[0, 14, 10, 19, 15]",4,0.03391812865497,-532,71,12,0.49480646059593403,603,1
690,"(1,5)",,True,36,"[1, 11, 5, 12, 19]",5,0.072208298524087,-534,71,13,0.5328181565023671,605,1
691,"(1,5)",,True,36,"[1, 11, 5, 12, 19]",5,0.072208298524087,-534,71,13,0.5328181565023671,605,1
692,7:16,assassinate,True,29,"[10, 1, 2, 5, 7]",4,0.045614035087719,-536,71,13,0.593762183235867,607,1
693,7:16,assassinate,True,29,"[10, 1, 2, 5, 7]",4,0.045614035087719,-536,71,13,0.593762183235867,607,1
694,"(18,13)",,True,27,"[15, 18, 2, 13, 6]",4,0.036452241715399,-538,71,13,0.546393762183235,609,1
695,"(18,13)",,True,27,"[15, 18, 2, 13, 6]",4,0.036452241715399,-538,71,13,0.546393762183235,609,1
696,"(10,1)",,True,29,"[12, 10, 8, 1, 9]",5,0.10721247563352801,-540,71,14,0.616959064327485,611,1
697,"(10,1)",,True,29,"[12, 10, 8, 1, 9]",5,0.10721247563352801,-540,71,14,0.616959064327485,611,1
698,"(16,6)",,True,31,"[0, 2, 7, 16, 6]",5,0.110136452241715,-542,71,14,0.6783625730994151,613,1
699,"(16,6)",,True,31,"[0, 2, 7, 16, 6]",5,0.110136452241715,-542,71,14,0.6783625730994151,613,1
700,"(4,1)",,True,33,"[17, 4, 1, 9, 12]",6,0.094152046783625,-544,71,15,0.6602339181286551,615,1
701,"(4,1)",,True,33,"[17, 4, 1, 9, 12]",6,0.094152046783625,-544,71,15,0.6602339181286551,615,1
702,15:4,assassinate,True,32,"[19, 15, 8, 4, 5]",6,0.07943469785575001,-546,71,15,0.6023391812865491,617,1
703,15:4,assassinate,True,32,"[19, 15, 8, 4, 5]",6,0.07943469785575001,-546,71,15,0.6023391812865491,617,1
704,"(0,4)",,True,32,"[5, 0, 19, 4, 9]",5,0.06150097465886901,-548,71,15,0.614814814814814,619,1
705,"(0,4)",,True,32,"[5, 0, 19, 4, 9]",5,0.06150097465886901,-548,71,15,0.614814814814814,619,1
706,"(13,8)",,True,30,"[6, 1, 13, 9, 8]",5,0.08260233918128601,-550,71,14,0.6032163742690051,621,1
707,"(13,8)",,True,30,"[6, 1, 13, 9, 8]",5,0.08260233918128601,-550,71,14,0.6032163742690051,621,1
708,"(15,8)",,True,30,"[16, 15, 11, 8, 9]",5,0.209210526315789,-552,71,13,0.6784600389863541,623,1
709,"(15,8)",,True,30,"[16, 15, 11, 8, 9]",5,0.209210526315789,-552,71,13,0.6784600389863541,623,1
710,"(9,12)",,True,32,"[9, 15, 8, 19, 12]",5,0.14619883040935602,-554,71,13,0.6359649122807011,625,1
711,"(9,12)",,True,32,"[9, 15, 8, 19, 12]",5,0.14619883040935602,-554,71,13,0.6359649122807011,625,1
712,"(0,9)",,True,32,"[0, 5, 9, 3, 14]",5,0.12231968810916101,-556,71,13,0.598440545808966,627,1
713,"(0,9)",,True,32,"[0, 5, 9, 3, 14]",5,0.12231968810916101,-556,71,13,0.598440545808966,627,1
714,"(3,15)",,True,32,"[12, 10, 3, 4, 15]",5,0.12183235867446301,-558,71,13,0.580409356725146,629,1
715,"(3,15)",,True,32,"[12, 10, 3, 4, 15]",5,0.12183235867446301,-558,71,13,0.580409356725146,629,1
716,"(7,5)",,True,34,"[4, 14, 7, 5, 15]",5,0.12202729044834301,-560,71,13,0.63849902534113,631,1
717,"(7,5)",,True,34,"[4, 14, 7, 5, 15]",5,0.12202729044834301,-560,71,13,0.63849902534113,631,1
718,"(6,19)",,True,34,"[7, 16, 6, 19, 2]",5,0.112670565302144,-562,71,13,0.605750487329434,633,1
719,"(6,19)",,True,34,"[7, 16, 6, 19, 2]",5,0.112670565302144,-562,71,13,0.605750487329434,633,1
720,"(11,0)",,True,31,"[7, 9, 11, 12, 0]",4,0.036744639376218004,-564,71,11,0.431091617933723,635,1
721,"(11,0)",,True,31,"[7, 9, 11, 12, 0]",4,0.036744639376218004,-564,71,11,0.431091617933723,635,1
722,"(17,19)",,True,29,"[14, 3, 7, 17, 19]",4,0.06091617933723101,-566,71,10,0.443469785575048,637,1
723,"(17,19)",,True,29,"[14, 3, 7, 17, 19]",4,0.06091617933723101,-566,71,10,0.443469785575048,637,1
724,"(0,4)",,True,27,"[18, 0, 4, 19, 16]",3,0.040448343079922004,-568,71,9,0.44541910331384005,639,1
725,"(0,4)",,True,27,"[18, 0, 4, 19, 16]",3,0.040448343079922004,-568,71,9,0.44541910331384005,639,1
726,"(13,4)",,True,27,"[15, 19, 11, 13, 4]",3,0.040448343079922004,-570,71,8,0.430799220272904,641,1
727,"(13,4)",,True,27,"[15, 19, 11, 13, 4]",3,0.040448343079922004,-570,71,8,0.430799220272904,641,1
728,"(17,14)",,True,27,"[13, 5, 3, 17, 14]",4,0.155945419103313,-572,71,8,0.471247563352826,643,1
729,"(17,14)",,True,27,"[13, 5, 3, 17, 14]",4,0.155945419103313,-572,71,8,0.471247563352826,643,1
730,"(17,1)",,True,29,"[17, 6, 1, 13, 5]",4,0.15692007797270902,-574,71,9,0.5375243664717341,645,1
731,"(17,1)",,True,29,"[17, 6, 1, 13, 5]",4,0.15692007797270902,-574,71,9,0.5375243664717341,645,1
732,9:6,assassinate,True,25,"[9, 7, 6, 10, 12]",3,0.052631578947368,-576,71,8,0.412280701754385,647,1
733,9:6,assassinate,True,25,"[9, 7, 6, 10, 12]",3,0.052631578947368,-576,71,8,0.412280701754385,647,1
734,10:8,assassinate,True,20,"[4, 10, 8, 15, 16]",2,0.0,-578,71,7,0.31384015594541903,649,1
735,10:8,assassinate,True,20,"[4, 10, 8, 15, 16]",2,0.0,-578,71,7,0.31384015594541903,649,1
736,"(2,11)",,True,22,"[2, 13, 3, 15, 11]",3,0.033138401559454,-580,71,7,0.32943469785575,651,1
737,"(2,11)",,True,22,"[2, 13, 3, 15, 11]",3,0.033138401559454,-580,71,7,0.32943469785575,651,1
738,"(12,0)",,True,22,"[12, 14, 18, 13, 0]",3,0.033138401559454,-582,71,7,0.32943469785575,653,1
739,"(12,0)",,True,22,"[12, 14, 18, 13, 0]",3,0.033138401559454,-582,71,7,0.32943469785575,653,1
740,"(14,10)",,True,24,"[14, 10, 5, 12, 11]",3,0.037037037037037,-584,71,7,0.351851851851851,655,1
741,"(14,10)",,True,24,"[14, 10, 5, 12, 11]",3,0.037037037037037,-584,71,7,0.351851851851851,655,1
742,"(14,7)",,True,26,"[14, 7, 4, 12, 5]",3,0.029239766081871003,-586,71,7,0.307017543859649,657,1
743,"(14,7)",,True,26,"[14, 7, 4, 12, 5]",3,0.029239766081871003,-586,71,7,0.307017543859649,657,1
744,"(5,1)",,True,28,"[5, 1, 10, 6, 3]",4,0.059356725146198004,-588,71,8,0.32709551656920005,659,1
745,"(5,1)",,True,28,"[5, 1, 10, 6, 3]",4,0.059356725146198004,-588,71,8,0.32709551656920005,659,1
746,"(19,0)",,True,29,"[2, 19, 16, 12, 0]",5,0.158771929824561,-590,71,8,0.356335282651072,661,1
747,"(19,0)",,True,29,"[2, 19, 16, 12, 0]",5,0.158771929824561,-590,71,8,0.356335282651072,661,1
748,"(19,17)",,True,31,"[11, 0, 19, 10, 17]",5,0.14805068226120802,-592,71,8,0.328362573099415,663,1
749,"(19,17)",,True,31,"[11, 0, 19, 10, 17]",5,0.14805068226120802,-592,71,8,0.328362573099415,663,1
750,15:6,assassinate,True,29,"[15, 2, 17, 14, 6]",5,0.14658869395711502,-594,71,8,0.33001949317738705,665,1
751,15:6,assassinate,True,29,"[15, 2, 17, 14, 6]",5,0.14658869395711502,-594,71,8,0.33001949317738705,665,1
752,"(15,1)",,True,31,"[17, 15, 1, 18, 5]",5,0.153411306042885,-596,71,9,0.425048732943469,667,1
753,"(15,1)",,True,31,"[17, 15, 1, 18, 5]",5,0.153411306042885,-596,71,9,0.425048732943469,667,1
754,"(14,15)",,True,31,"[14, 16, 2, 15, 17]",5,0.15146198830409302,-598,71,8,0.389961013645224,669,1
755,"(14,15)",,True,31,"[14, 16, 2, 15, 17]",5,0.15146198830409302,-598,71,8,0.389961013645224,669,1
756,"(8,1)",,True,33,"[9, 11, 17, 8, 1]",5,0.06325536062378101,-600,71,9,0.38693957115009703,671,1
757,"(8,1)",,True,33,"[9, 11, 17, 8, 1]",5,0.06325536062378101,-600,71,9,0.38693957115009703,671,1
758,"(19,17)",,True,33,"[19, 11, 6, 17, 10]",5,0.06325536062378101,-602,71,9,0.39922027290448303,673,1
759,"(19,17)",,True,33,"[19, 11, 6, 17, 10]",5,0.06325536062378101,-602,71,9,0.39922027290448303,673,1
760,"(2,19)",,True,33,"[16, 13, 8, 2, 19]",5,0.066666666666666,-604,71,9,0.34171539961013603,675,1
761,"(2,19)",,True,33,"[16, 13, 8, 2, 19]",5,0.066666666666666,-604,71,9,0.34171539961013603,675,1
762,"(6,16)",,True,31,"[3, 17, 13, 6, 16]",5,0.15,-606,71,8,0.32358674463937603,677,1
763,"(6,16)",,True,31,"[3, 17, 13, 6, 16]",5,0.15,-606,71,8,0.32358674463937603,677,1
764,14:12,assassinate,True,26,"[6, 14, 12, 9, 16]",5,0.16325536062378102,-608,71,7,0.344054580896686,679,1
765,14:12,assassinate,True,26,"[6, 14, 12, 9, 16]",5,0.16325536062378102,-608,71,7,0.344054580896686,679,1
766,"(7,0)",,True,26,"[8, 3, 7, 0, 12]",4,0.106432748538011,-610,71,7,0.321150097465886,681,1
767,"(7,0)",,True,26,"[8, 3, 7, 0, 12]",4,0.106432748538011,-610,71,7,0.321150097465886,681,1
768,18:10,assassinate,True,22,"[18, 7, 14, 13, 15]",3,0.087719298245614,-612,71,6,0.32261208576998,683,1
769,18:10,assassinate,True,22,"[18, 7, 14, 13, 15]",3,0.087719298245614,-612,71,6,0.32261208576998,683,1
770,"(9,2)",,True,22,"[5, 9, 2, 16, 19]",3,0.09356725146198801,-614,71,5,0.351851851851851,685,1
771,"(9,2)",,True,22,"[5, 9, 2, 16, 19]",3,0.09356725146198801,-614,71,5,0.351851851851851,685,1
772,"(4,0)",,True,22,"[14, 19, 12, 4, 0]",3,0.157894736842105,-616,71,5,0.38693957115009703,687,1
773,"(4,0)",,True,22,"[14, 19, 12, 4, 0]",3,0.157894736842105,-616,71,5,0.38693957115009703,687,1
774,17:8,assassinate,True,19,"[14, 15, 16, 3, 17]",3,0.08187134502923901,-618,71,5,0.357699805068226,689,1
775,17:8,assassinate,True,19,"[14, 15, 16, 3, 17]",3,0.08187134502923901,-618,71,5,0.357699805068226,689,1
776,"(1,18)",,True,21,"[4, 1, 18, 3, 12]",3,0.087719298245614,-620,71,6,0.38693957115009703,691,1
777,"(1,18)",,True,21,"[4, 1, 18, 3, 12]",3,0.087719298245614,-620,71,6,0.38693957115009703,691,1
778,"(14,12)",,True,23,"[8, 14, 9, 12, 17]",4,0.119103313840155,-622,71,6,0.376608187134502,693,1
779,"(14,12)",,True,23,"[8, 14, 9, 12, 17]",4,0.119103313840155,-622,71,6,0.376608187134502,693,1
780,"(18,15)",,True,25,"[18, 8, 13, 15, 10]",4,0.12495126705653001,-624,71,6,0.40487329434697805,695,1
781,"(18,15)",,True,25,"[18, 8, 13, 15, 10]",4,0.12495126705653001,-624,71,6,0.40487329434697805,695,1
782,"(17,18)",,True,27,"[2, 14, 17, 18, 16]",4,0.13050682261208502,-626,71,6,0.45984405458089606,697,1
783,"(17,18)",,True,27,"[2, 14, 17, 18, 16]",4,0.13050682261208502,-626,71,6,0.45984405458089606,697,1
784,"(2,11)",,True,27,"[13, 2, 5, 15, 11]",4,0.129629629629629,-628,71,6,0.50682261208577,699,1
785,"(2,11)",,True,27,"[13, 2, 5, 15, 11]",4,0.129629629629629,-628,71,6,0.50682261208577,699,1
786,6:6,assassinate,True,25,"[6, 13, 3, 17, 2]",4,0.11695906432748501,-630,71,6,0.43421052631578905,701,1
787,6:6,assassinate,True,25,"[6, 13, 3, 17, 2]",4,0.11695906432748501,-630,71,6,0.43421052631578905,701,1
788,"(2,0)",,True,23,"[5, 2, 3, 1, 0]",3,0.09941520467836201,-632,71,5,0.339668615984405,703,1
789,"(2,0)",,True,23,"[5, 2, 3, 1, 0]",3,0.09941520467836201,-632,71,5,0.339668615984405,703,1
790,"(18,2)",,True,25,"[18, 0, 2, 9, 7]",3,0.09941520467836201,-634,71,5,0.31530214424951203,705,1
791,"(18,2)",,True,25,"[18, 0, 2, 9, 7]",3,0.09941520467836201,-634,71,5,0.31530214424951203,705,1
792,"(8,1)",,True,27,"[13, 18, 8, 10, 1]",4,0.051656920077972006,-636,71,6,0.25877192982456104,707,1
793,"(8,1)",,True,27,"[13, 18, 8, 10, 1]",4,0.051656920077972006,-636,71,6,0.25877192982456104,707,1
794,14:6,assassinate,True,25,"[18, 5, 10, 14, 15]",4,0.051656920077972006,-638,71,6,0.276803118908382,709,1
795,14:6,assassinate,True,25,"[18, 5, 10, 14, 15]",4,0.051656920077972006,-638,71,6,0.276803118908382,709,1
796,"(6,5)",,True,25,"[6, 7, 5, 11, 12]",4,0.071150097465886,-640,71,5,0.21345029239766003,711,1
797,"(6,5)",,True,25,"[6, 7, 5, 11, 12]",4,0.071150097465886,-640,71,5,0.21345029239766003,711,1
798,4:8,assassinate,True,22,"[2, 14, 4, 6, 7]",4,0.10233918128654901,-642,71,4,0.202729044834307,713,1
799,4:8,assassinate,True,22,"[2, 14, 4, 6, 7]",4,0.10233918128654901,-642,71,4,0.202729044834307,713,1
