,actionDetail,actionType,bonusActivated,graphEdgeCount,nodeList,p1Degree,p1Score,p1WinAdvantage,p1WinCount,p2Degree,p2Score,p2WinCount,player
0,"(7,11)",,False,2,"[0, 7, 11, 10, 17]",0,-0.001,0,0,0,-0.001,0,1
1,"(7,11)",,False,2,"[0, 7, 11, 10, 17]",0,-0.001,0,0,0,-0.001,0,1
2,"(6,18)",,False,5,"[8, 6, 18, 4, 7]",2,0.005847953216374001,2,2,0,-0.001,0,1
3,"(6,18)",,False,5,"[8, 6, 18, 4, 7]",2,0.005847953216374001,2,2,0,-0.001,0,1
4,"(1,15)",,False,7,"[1, 15, 5, 8, 7]",2,0.005847953216374001,4,4,1,0.0,0,1
5,"(1,15)",,False,7,"[1, 15, 5, 8, 7]",2,0.005847953216374001,4,4,1,0.0,0,1
6,"(2,19)",,False,9,"[2, 19, 7, 6, 14]",2,0.005847953216374001,6,6,1,0.0,0,1
7,"(2,19)",,False,9,"[2, 19, 7, 6, 14]",2,0.005847953216374001,6,6,1,0.0,0,1
8,"(10,7)",,False,9,"[10, 7, 17, 14, 15]",2,0.005847953216374001,8,8,1,0.0,0,1
9,"(10,7)",,False,9,"[10, 7, 17, 14, 15]",2,0.005847953216374001,8,8,1,0.0,0,1
10,"(15,16)",,False,11,"[15, 16, 6, 0, 18]",2,0.023391812865497002,10,10,1,0.0,0,1
11,"(15,16)",,False,11,"[15, 16, 6, 0, 18]",2,0.023391812865497002,10,10,1,0.0,0,1
12,"(8,9)",,False,13,"[8, 3, 4, 9, 6]",2,0.0,11,11,1,0.0,0,1
13,"(8,9)",,False,13,"[8, 3, 4, 9, 6]",2,0.0,11,11,1,0.0,0,1
14,"(8,4)",,False,13,"[8, 4, 0, 5, 16]",2,0.0,11,11,1,0.0,0,1
15,"(8,4)",,False,13,"[8, 4, 0, 5, 16]",2,0.0,11,11,1,0.0,0,1
16,"(1,9)",,False,15,"[5, 1, 17, 0, 9]",2,0.0,10,11,2,0.122807017543859,1,1
17,"(1,9)",,False,15,"[5, 1, 17, 0, 9]",2,0.0,10,11,2,0.122807017543859,1,1
18,"(15,19)",,False,18,"[15, 19, 17, 6, 8]",2,0.0,8,11,2,0.08187134502923901,3,1
19,"(15,19)",,False,18,"[15, 19, 17, 6, 8]",2,0.0,8,11,2,0.08187134502923901,3,1
20,"(6,11)",,False,20,"[6, 11, 19, 3, 0]",3,0.074074074074074,8,12,2,0.08966861598440501,4,1
21,"(6,11)",,False,20,"[6, 11, 19, 3, 0]",3,0.074074074074074,8,12,2,0.08966861598440501,4,1
22,"(15,17)",,False,23,"[13, 15, 17, 11, 2]",3,0.041423001949317,10,14,2,0.031676413255360004,4,1
23,"(15,17)",,False,23,"[13, 15, 17, 11, 2]",3,0.041423001949317,10,14,2,0.031676413255360004,4,1
24,"(2,10)",,False,26,"[4, 13, 2, 15, 10]",5,0.128947368421052,12,16,2,0.008479532163742,4,1
25,"(2,10)",,False,26,"[4, 13, 2, 15, 10]",5,0.128947368421052,12,16,2,0.008479532163742,4,1
26,"(3,1)",,False,26,"[11, 3, 7, 14, 1]",5,0.162768031189083,14,18,3,0.10321637426900501,4,1
27,"(3,1)",,False,26,"[11, 3, 7, 14, 1]",5,0.162768031189083,14,18,3,0.10321637426900501,4,1
28,"(18,9)",,False,28,"[18, 9, 15, 8, 17]",6,0.15867446393762102,16,20,3,0.10277777777777701,4,1
29,"(18,9)",,False,28,"[18, 9, 15, 8, 17]",6,0.15867446393762102,16,20,3,0.10277777777777701,4,1
30,"(2,13)",,False,30,"[11, 2, 6, 3, 13]",6,0.16354775828460003,18,22,3,0.10862573099415201,4,1
31,"(2,13)",,False,30,"[11, 2, 6, 3, 13]",6,0.16354775828460003,18,22,3,0.10862573099415201,4,1
32,"(9,4)",,False,31,"[16, 17, 10, 9, 4]",6,0.187914230019493,20,24,3,0.130409356725146,4,1
33,"(9,4)",,False,31,"[16, 17, 10, 9, 4]",6,0.187914230019493,20,24,3,0.130409356725146,4,1
34,"(6,9)",,False,34,"[6, 10, 5, 8, 9]",8,0.22251461988304003,22,26,3,0.13138401559454102,4,1
35,"(6,9)",,False,34,"[6, 10, 5, 8, 9]",8,0.22251461988304003,22,26,3,0.13138401559454102,4,1
36,"(19,4)",,False,34,"[19, 3, 2, 17, 4]",8,0.20214424951267002,24,28,2,0.026120857699805003,4,1
37,"(19,4)",,False,34,"[19, 3, 2, 17, 4]",8,0.20214424951267002,24,28,2,0.026120857699805003,4,1
38,"(8,5)",,False,36,"[8, 5, 15, 1, 18]",8,0.16172375382901702,26,30,2,0.007031467557783001,4,1
39,"(8,5)",,False,36,"[8, 5, 15, 1, 18]",8,0.16172375382901702,26,30,2,0.007031467557783001,4,1
40,"(19,18)",,False,38,"[19, 2, 9, 18, 16]",8,0.18219159008632602,28,32,2,0.007031467557783001,4,1
41,"(19,18)",,False,38,"[19, 2, 9, 18, 16]",8,0.18219159008632602,28,32,2,0.007031467557783001,4,1
42,"(3,5)",,False,36,"[19, 14, 3, 10, 5]",8,0.154901141743246,30,34,2,0.007031467557783001,4,1
43,"(3,5)",,False,36,"[19, 14, 3, 10, 5]",8,0.154901141743246,30,34,2,0.007031467557783001,4,1
44,"(12,8)",,False,36,"[18, 12, 10, 8, 16]",8,0.162893344472291,32,36,2,0.007031467557783001,4,1
45,"(12,8)",,False,36,"[18, 12, 10, 8, 16]",8,0.162893344472291,32,36,2,0.007031467557783001,4,1
46,"(8,9)",,False,36,"[3, 8, 9, 15, 11]",8,0.15051517683096602,34,38,2,0.008980785296574001,4,1
47,"(8,9)",,False,36,"[3, 8, 9, 15, 11]",8,0.15051517683096602,34,38,2,0.008980785296574001,4,1
48,"(5,11)",,False,38,"[5, 2, 17, 12, 11]",8,0.154993966397475,36,40,2,0.010489185927782,4,1
49,"(5,11)",,False,38,"[5, 2, 17, 12, 11]",8,0.154993966397475,36,40,2,0.010489185927782,4,1
50,"(12,14)",,False,38,"[11, 12, 14, 16, 4]",8,0.17115009746588603,38,42,2,0.015107212475633002,4,1
51,"(12,14)",,False,38,"[11, 12, 14, 16, 4]",8,0.17115009746588603,38,42,2,0.015107212475633002,4,1
52,"(18,10)",,False,39,"[17, 18, 8, 10, 15]",8,0.15178223336118002,40,44,3,0.0075187969924810005,4,1
53,"(18,10)",,False,39,"[17, 18, 8, 10, 15]",8,0.15178223336118002,40,44,3,0.0075187969924810005,4,1
54,"(4,18)",,False,38,"[4, 12, 18, 11, 17]",8,0.17787524366471702,42,46,3,0.01130604288499,4,1
55,"(4,18)",,False,38,"[4, 12, 18, 11, 17]",8,0.17787524366471702,42,46,3,0.01130604288499,4,1
56,"(18,13)",,False,37,"[18, 13, 17, 11, 6]",8,0.203620161514898,44,48,3,0.007852965747702001,4,1
57,"(18,13)",,False,37,"[18, 13, 17, 11, 6]",8,0.203620161514898,44,48,3,0.007852965747702001,4,1
58,"(0,8)",,False,34,"[0, 11, 18, 8, 6]",7,0.16559454191033102,46,50,2,0.0,4,1
59,"(0,8)",,False,34,"[0, 11, 18, 8, 6]",7,0.16559454191033102,46,50,2,0.0,4,1
60,"(19,10)",,False,36,"[8, 19, 9, 2, 10]",7,0.11851851851851801,48,52,2,0.0,4,1
61,"(19,10)",,False,36,"[8, 19, 9, 2, 10]",7,0.11851851851851801,48,52,2,0.0,4,1
62,"(9,12)",,False,36,"[9, 2, 16, 12, 18]",7,0.129727095516569,50,54,2,0.0,4,1
63,"(9,12)",,False,36,"[9, 2, 16, 12, 18]",7,0.129727095516569,50,54,2,0.0,4,1
64,"(19,4)",,False,38,"[19, 14, 4, 17, 16]",7,0.115399610136452,52,56,2,0.0,4,1
65,"(19,4)",,False,38,"[19, 14, 4, 17, 16]",7,0.115399610136452,52,56,2,0.0,4,1
66,"(8,1)",,False,37,"[12, 8, 5, 2, 1]",7,0.149415204678362,54,58,3,0.049707602339181006,4,1
67,"(8,1)",,False,37,"[12, 8, 5, 2, 1]",7,0.149415204678362,54,58,3,0.049707602339181006,4,1
68,"(1,11)",,False,38,"[1, 6, 11, 10, 13]",7,0.155847953216374,56,60,4,0.091617933723196,4,1
69,"(1,11)",,False,38,"[1, 6, 11, 10, 13]",7,0.155847953216374,56,60,4,0.091617933723196,4,1
70,"(5,0)",,False,36,"[10, 15, 18, 5, 0]",6,0.104191033138401,58,62,3,0.07602339181286501,4,1
71,"(5,0)",,False,36,"[10, 15, 18, 5, 0]",6,0.104191033138401,58,62,3,0.07602339181286501,4,1
72,"(10,1)",,False,38,"[10, 4, 1, 18, 14]",6,0.10318852687273701,58,63,4,0.103842940685045,5,1
73,"(10,1)",,False,38,"[10, 4, 1, 18, 14]",6,0.10318852687273701,58,63,4,0.103842940685045,5,1
74,"(9,15)",,False,40,"[17, 2, 10, 9, 15]",7,0.132613942263065,60,65,4,0.09824097280237601,5,1
75,"(9,15)",,False,40,"[17, 2, 10, 9, 15]",7,0.132613942263065,60,65,4,0.09824097280237601,5,1
76,"(0,19)",,False,41,"[15, 0, 7, 19, 11]",6,0.065385686438318,62,67,4,0.058061821219715,5,1
77,"(0,19)",,False,41,"[15, 0, 7, 19, 11]",6,0.065385686438318,62,67,4,0.058061821219715,5,1
78,"(1,3)",,False,41,"[5, 4, 17, 1, 3]",6,0.09910888331940901,64,69,5,0.08652186020607,5,1
79,"(1,3)",,False,41,"[5, 4, 17, 1, 3]",6,0.09910888331940901,64,69,5,0.08652186020607,5,1
80,"(1,4)",,False,41,"[12, 17, 1, 11, 4]",6,0.127647823261858,66,71,6,0.11111111111111101,5,1
81,"(1,4)",,False,41,"[12, 17, 1, 11, 4]",6,0.127647823261858,66,71,6,0.11111111111111101,5,1
82,"(11,8)",,False,41,"[11, 9, 15, 2, 8]",6,0.126380766731643,66,72,6,0.130409356725146,6,1
83,"(11,8)",,False,41,"[11, 9, 15, 2, 8]",6,0.126380766731643,66,72,6,0.130409356725146,6,1
84,"(3,10)",,False,41,"[14, 5, 3, 6, 10]",6,0.12408103592314101,66,73,6,0.197981063770537,7,1
85,"(3,10)",,False,41,"[14, 5, 3, 6, 10]",6,0.12408103592314101,66,73,6,0.197981063770537,7,1
86,"(9,18)",,False,41,"[15, 17, 9, 18, 4]",6,0.13397382344750702,64,73,6,0.194305207463102,9,1
87,"(9,18)",,False,41,"[15, 17, 9, 18, 4]",6,0.13397382344750702,64,73,6,0.194305207463102,9,1
88,"(7,18)",,False,44,"[7, 4, 6, 18, 5]",6,0.065232525758841,62,73,6,0.17255639097744302,11,1
89,"(7,18)",,False,44,"[7, 4, 6, 18, 5]",6,0.065232525758841,62,73,6,0.17255639097744302,11,1
90,"(2,1)",,False,46,"[2, 16, 17, 1, 9]",7,0.11820523531049801,60,73,7,0.18219855193539403,13,1
91,"(2,1)",,False,46,"[2, 16, 17, 1, 9]",7,0.11820523531049801,60,73,7,0.18219855193539403,13,1
92,"(4,5)",,False,48,"[11, 4, 5, 15, 2]",8,0.144121164735199,58,73,7,0.18047951074266802,15,1
93,"(4,5)",,False,48,"[11, 4, 5, 15, 2]",8,0.144121164735199,58,73,7,0.18047951074266802,15,1
94,"(18,1)",,False,49,"[9, 18, 1, 0, 11]",8,0.12878028404344102,56,73,8,0.19502923976608103,17,1
95,"(18,1)",,False,49,"[9, 18, 1, 0, 11]",8,0.12878028404344102,56,73,8,0.19502923976608103,17,1
96,"(10,2)",,False,48,"[10, 2, 16, 3, 9]",8,0.122737399053188,54,73,8,0.22024505708716202,19,1
97,"(10,2)",,False,48,"[10, 2, 16, 3, 9]",8,0.122737399053188,54,73,8,0.22024505708716202,19,1
98,"(6,1)",,False,47,"[6, 1, 7, 8, 16]",8,0.12855102986681902,52,73,7,0.189459176301281,21,1
99,"(6,1)",,False,47,"[6, 1, 7, 8, 16]",8,0.12855102986681902,52,73,7,0.189459176301281,21,1
100,"(0,6)",,False,45,"[13, 0, 9, 4, 6]",7,0.12271883412234201,50,73,7,0.207282094124199,23,1
101,"(0,6)",,False,45,"[13, 0, 9, 4, 6]",7,0.12271883412234201,50,73,7,0.207282094124199,23,1
102,"(10,0)",,False,46,"[10, 14, 0, 16, 9]",6,0.088738259790891,48,73,7,0.132779549884813,25,1
103,"(10,0)",,False,46,"[10, 14, 0, 16, 9]",6,0.088738259790891,48,73,7,0.132779549884813,25,1
104,"(8,16)",,False,46,"[8, 3, 14, 16, 0]",6,0.09803907917943001,46,73,7,0.136046133853151,27,1
105,"(8,16)",,False,46,"[8, 3, 14, 16, 0]",6,0.09803907917943001,46,73,7,0.136046133853151,27,1
106,"(7,0)",,False,46,"[19, 16, 7, 10, 0]",5,0.08043256288870301,44,73,7,0.12614638447971702,29,1
107,"(7,0)",,False,46,"[19, 16, 7, 10, 0]",5,0.08043256288870301,44,73,7,0.12614638447971702,29,1
108,"(7,1)",,False,46,"[7, 1, 5, 10, 11]",5,0.07502320616355701,42,73,7,0.137431541817506,31,1
109,"(7,1)",,False,46,"[7, 1, 5, 10, 11]",5,0.07502320616355701,42,73,7,0.137431541817506,31,1
110,"(1,5)",,False,47,"[11, 1, 5, 12, 9]",6,0.097465886939571,42,74,7,0.124422166527429,32,1
111,"(1,5)",,False,47,"[11, 1, 5, 12, 9]",6,0.097465886939571,42,74,7,0.124422166527429,32,1
112,"(0,2)",,False,44,"[14, 0, 2, 18, 5]",5,0.05453216374269,42,75,7,0.17451963241436902,33,1
113,"(0,2)",,False,44,"[14, 0, 2, 18, 5]",5,0.05453216374269,42,75,7,0.17451963241436902,33,1
114,"(8,5)",,False,45,"[6, 2, 8, 5, 13]",5,0.046491228070175,40,75,7,0.16184906711222502,35,1
115,"(8,5)",,False,45,"[6, 2, 8, 5, 13]",5,0.046491228070175,40,75,7,0.16184906711222502,35,1
116,"(9,8)",,False,46,"[3, 4, 9, 8, 6]",5,0.051754385964912004,38,75,7,0.143720412141464,37,1
117,"(9,8)",,False,46,"[3, 4, 9, 8, 6]",5,0.051754385964912004,38,75,7,0.143720412141464,37,1
118,"(0,9)",,False,46,"[10, 12, 2, 0, 9]",4,0.037357282094124006,36,75,7,0.12501624431448902,39,1
119,"(0,9)",,False,46,"[10, 12, 2, 0, 9]",4,0.037357282094124006,36,75,7,0.12501624431448902,39,1
120,"(11,13)",,False,46,"[11, 2, 15, 13, 3]",4,0.04397103870788,34,75,6,0.09187784275503501,41,1
121,"(11,13)",,False,46,"[11, 2, 15, 13, 3]",4,0.04397103870788,34,75,6,0.09187784275503501,41,1
122,"(12,17)",,False,47,"[15, 12, 18, 17, 16]",4,0.033723196881091,32,75,6,0.08583263714842601,43,1
123,"(12,17)",,False,47,"[15, 12, 18, 17, 16]",4,0.033723196881091,32,75,6,0.08583263714842601,43,1
124,"(1,4)",,False,48,"[6, 11, 1, 5, 4]",4,0.041650422352176,30,75,7,0.099995358767288,45,1
125,"(1,4)",,False,48,"[6, 11, 1, 5, 4]",4,0.041650422352176,30,75,7,0.099995358767288,45,1
126,"(9,13)",,False,46,"[9, 16, 17, 6, 13]",4,0.044054580896686006,28,75,6,0.094785575048732,47,1
127,"(9,13)",,False,46,"[9, 16, 17, 6, 13]",4,0.044054580896686006,28,75,6,0.094785575048732,47,1
128,"(12,6)",,False,46,"[12, 6, 0, 19, 9]",4,0.049902534113060004,26,75,6,0.10289612921191801,49,1
129,"(12,6)",,False,46,"[12, 6, 0, 19, 9]",4,0.049902534113060004,26,75,6,0.10289612921191801,49,1
130,"(6,18)",,False,46,"[3, 5, 13, 6, 18]",4,0.045321637426900006,24,75,6,0.14805068226120802,51,1
131,"(6,18)",,False,46,"[3, 5, 13, 6, 18]",4,0.045321637426900006,24,75,6,0.14805068226120802,51,1
132,"(16,14)",,False,45,"[8, 9, 6, 16, 14]",4,0.046783625730994004,22,75,5,0.12802840434419302,53,1
133,"(16,14)",,False,45,"[8, 9, 6, 16, 14]",4,0.046783625730994004,22,75,5,0.12802840434419302,53,1
134,"(5,3)",,False,46,"[16, 5, 11, 12, 3]",5,0.06812865497076001,20,75,5,0.120077972709551,55,1
135,"(5,3)",,False,46,"[16, 5, 11, 12, 3]",5,0.06812865497076001,20,75,5,0.120077972709551,55,1
136,"(17,0)",,False,45,"[4, 17, 0, 8, 10]",4,0.029191033138401,22,77,4,0.014814814814814002,55,1
137,"(17,0)",,False,45,"[4, 17, 0, 8, 10]",4,0.029191033138401,22,77,4,0.014814814814814002,55,1
138,"(7,1)",,False,46,"[11, 7, 8, 1, 18]",4,0.01130604288499,22,78,5,0.07557783347257001,56,1
139,"(7,1)",,False,46,"[11, 7, 8, 1, 18]",4,0.01130604288499,22,78,5,0.07557783347257001,56,1
140,"(12,19)",,False,48,"[12, 7, 19, 5, 13]",5,0.039357653392741006,20,78,5,0.051489835700362,58,1
141,"(12,19)",,False,48,"[12, 7, 19, 5, 13]",5,0.039357653392741006,20,78,5,0.051489835700362,58,1
142,"(17,7)",,False,50,"[17, 19, 11, 16, 7]",6,0.043664717348927004,22,80,5,0.031189083820662003,58,1
143,"(17,7)",,False,50,"[17, 19, 11, 16, 7]",6,0.043664717348927004,22,80,5,0.031189083820662003,58,1
144,"(4,18)",,False,52,"[10, 13, 4, 3, 18]",6,0.036273765221133,24,82,5,0.024087997772208002,58,1
145,"(4,18)",,False,52,"[10, 13, 4, 3, 18]",6,0.036273765221133,24,82,5,0.024087997772208002,58,1
146,"(15,12)",,False,51,"[8, 15, 4, 12, 16]",6,0.035247841826789,26,84,4,0.013366750208855001,58,1
147,"(15,12)",,False,51,"[8, 15, 4, 12, 16]",6,0.035247841826789,26,84,4,0.013366750208855001,58,1
148,"(0,18)",,False,48,"[0, 2, 3, 6, 18]",5,0.032405086791051,28,86,4,0.013366750208855001,58,1
149,"(0,18)",,False,48,"[0, 2, 3, 6, 18]",5,0.032405086791051,28,86,4,0.013366750208855001,58,1
150,"(1,10)",,False,47,"[9, 1, 10, 7, 3]",5,0.040448343079922004,30,88,5,0.039473684210526,58,1
151,"(1,10)",,False,47,"[9, 1, 10, 7, 3]",5,0.040448343079922004,30,88,5,0.039473684210526,58,1
152,"(2,1)",,False,47,"[11, 16, 15, 2, 1]",5,0.027262600946811003,30,89,5,0.06443887496519,59,1
153,"(2,1)",,False,47,"[11, 16, 15, 2, 1]",5,0.027262600946811003,30,89,5,0.06443887496519,59,1
154,"(7,3)",,False,49,"[16, 15, 7, 3, 6]",6,0.05113288271183,32,91,5,0.039576213260423,59,1
155,"(7,3)",,False,49,"[16, 15, 7, 3, 6]",6,0.05113288271183,32,91,5,0.039576213260423,59,1
156,"(9,14)",,False,48,"[9, 14, 12, 8, 6]",6,0.054358117516012,34,93,5,0.041339459760512,59,1
157,"(9,14)",,False,48,"[9, 14, 12, 8, 6]",6,0.054358117516012,34,93,5,0.041339459760512,59,1
158,"(6,1)",,False,50,"[6, 3, 1, 5, 11]",7,0.07588415483152301,34,94,6,0.077777777777777,60,1
159,"(6,1)",,False,50,"[6, 3, 1, 5, 11]",7,0.07588415483152301,34,94,6,0.077777777777777,60,1
160,"(14,6)",,False,52,"[14, 11, 8, 13, 6]",8,0.095481759955444,36,96,6,0.042063492063492004,60,1
161,"(14,6)",,False,52,"[14, 11, 8, 13, 6]",8,0.095481759955444,36,96,6,0.042063492063492004,60,1
162,"(1,18)",,False,52,"[2, 14, 1, 18, 17]",8,0.096644388749651,38,98,7,0.063645224171539,60,1
163,"(1,18)",,False,52,"[2, 14, 1, 18, 17]",8,0.096644388749651,38,98,7,0.063645224171539,60,1
164,"(12,4)",,False,54,"[6, 8, 9, 12, 4]",9,0.112091660775871,40,100,7,0.053888281958457004,60,1
165,"(12,4)",,False,54,"[6, 8, 9, 12, 4]",9,0.112091660775871,40,100,7,0.053888281958457004,60,1
166,"(1,2)",,False,54,"[1, 0, 15, 2, 12]",9,0.112091660775871,42,102,7,0.053888281958457004,60,1
167,"(1,2)",,False,54,"[1, 0, 15, 2, 12]",9,0.112091660775871,42,102,7,0.053888281958457004,60,1
168,"(1,16)",,False,53,"[15, 1, 16, 2, 12]",9,0.10101535891009501,44,104,8,0.075284364758048,60,1
169,"(1,16)",,False,53,"[15, 1, 16, 2, 12]",9,0.10101535891009501,44,104,8,0.075284364758048,60,1
170,"(5,11)",,False,55,"[5, 14, 11, 16, 4]",10,0.139793929267613,46,106,8,0.065956558061821,60,1
171,"(5,11)",,False,55,"[5, 14, 11, 16, 4]",10,0.139793929267613,46,106,8,0.065956558061821,60,1
172,"(4,17)",,False,56,"[14, 7, 10, 4, 17]",10,0.128265107212475,48,108,8,0.065111853708344,60,1
173,"(4,17)",,False,56,"[14, 7, 10, 4, 17]",10,0.128265107212475,48,108,8,0.065111853708344,60,1
174,"(17,18)",,False,55,"[3, 4, 17, 5, 18]",10,0.16053327763854,50,110,6,0.023500881834215,60,1
175,"(17,18)",,False,55,"[3, 4, 17, 5, 18]",10,0.16053327763854,50,110,6,0.023500881834215,60,1
176,"(18,13)",,False,57,"[4, 18, 16, 19, 13]",11,0.157539682539682,52,112,6,0.020231133389028003,60,1
177,"(18,13)",,False,57,"[4, 18, 16, 19, 13]",11,0.157539682539682,52,112,6,0.020231133389028003,60,1
178,"(11,7)",,False,60,"[15, 10, 17, 11, 7]",13,0.198538011695906,54,114,6,0.017202729044834,60,1
179,"(11,7)",,False,60,"[15, 10, 17, 11, 7]",13,0.198538011695906,54,114,6,0.017202729044834,60,1
180,"(13,1)",,False,60,"[3, 13, 1, 5, 11]",13,0.205799220272904,56,116,7,0.023015873015873003,60,1
181,"(13,1)",,False,60,"[3, 13, 1, 5, 11]",13,0.205799220272904,56,116,7,0.023015873015873003,60,1
182,"(18,16)",,False,60,"[18, 16, 15, 17, 9]",13,0.19540517961570503,58,118,7,0.025306321358952003,60,1
183,"(18,16)",,False,60,"[18, 16, 15, 17, 9]",13,0.19540517961570503,58,118,7,0.025306321358952003,60,1
184,"(16,5)",,False,62,"[12, 16, 14, 8, 5]",14,0.21883528265107202,60,120,7,0.024902534113060003,60,1
185,"(16,5)",,False,62,"[12, 16, 14, 8, 5]",14,0.21883528265107202,60,120,7,0.024902534113060003,60,1
186,"(19,2)",,False,62,"[19, 8, 3, 2, 10]",14,0.207490949596212,62,122,6,0.019377146570129,60,1
187,"(19,2)",,False,62,"[19, 8, 3, 2, 10]",14,0.207490949596212,62,122,6,0.019377146570129,60,1
188,"(9,1)",,False,62,"[9, 5, 15, 1, 7]",14,0.22659467295690203,64,124,7,0.046318819925631007,60,1
189,"(9,1)",,False,62,"[9, 5, 15, 1, 7]",14,0.22659467295690203,64,124,7,0.046318819925631007,60,1
190,"(0,13)",,False,62,"[7, 11, 0, 13, 15]",14,0.22259857159237903,66,126,7,0.062867135158156,60,1
191,"(0,13)",,False,62,"[7, 11, 0, 13, 15]",14,0.22259857159237903,66,126,7,0.062867135158156,60,1
192,"(0,15)",,False,59,"[11, 3, 0, 8, 15]",13,0.203204307063956,68,128,7,0.064651211361737,60,1
193,"(0,15)",,False,59,"[11, 3, 0, 8, 15]",13,0.203204307063956,68,128,7,0.064651211361737,60,1
194,"(18,1)",,False,58,"[18, 2, 14, 1, 16]",13,0.21112503480924502,70,130,8,0.080721479624988,60,1
195,"(18,1)",,False,58,"[18, 2, 14, 1, 16]",13,0.21112503480924502,70,130,8,0.080721479624988,60,1
196,"(1,17)",,False,58,"[10, 1, 17, 13, 5]",13,0.22356353847581903,72,132,9,0.09700640490114101,60,1
197,"(1,17)",,False,58,"[10, 1, 17, 13, 5]",13,0.22356353847581903,72,132,9,0.09700640490114101,60,1
198,"(1,6)",,False,60,"[15, 9, 1, 3, 6]",14,0.23762647359138503,74,134,10,0.092833936693585,60,1
199,"(1,6)",,False,60,"[15, 9, 1, 3, 6]",14,0.23762647359138503,74,134,10,0.092833936693585,60,1
200,"(13,15)",,False,59,"[4, 10, 11, 13, 15]",14,0.24168059036480002,76,136,10,0.09824561403508701,60,1
201,"(13,15)",,False,59,"[4, 10, 11, 13, 15]",14,0.24168059036480002,76,136,10,0.09824561403508701,60,1
202,"(19,7)",,False,60,"[19, 2, 17, 4, 7]",15,0.264961013645224,78,138,10,0.08288081314397101,60,1
203,"(19,7)",,False,60,"[19, 2, 17, 4, 7]",15,0.264961013645224,78,138,10,0.08288081314397101,60,1
204,"(5,19)",,False,60,"[10, 5, 19, 2, 3]",15,0.261022927689594,80,140,10,0.08187830687830601,60,1
205,"(5,19)",,False,60,"[10, 5, 19, 2, 3]",15,0.261022927689594,80,140,10,0.08187830687830601,60,1
206,"(4,7)",,False,59,"[4, 13, 7, 19, 5]",15,0.27440128098022804,82,142,9,0.068650793650793,60,1
207,"(4,7)",,False,59,"[4, 13, 7, 19, 5]",15,0.27440128098022804,82,142,9,0.068650793650793,60,1
208,"(0,17)",,False,56,"[1, 2, 0, 17, 12]",14,0.238937621832358,84,144,9,0.10480367585630701,60,1
209,"(0,17)",,False,56,"[1, 2, 0, 17, 12]",14,0.238937621832358,84,144,9,0.10480367585630701,60,1
210,"(2,8)",,False,57,"[2, 14, 4, 8, 6]",15,0.274271326464308,86,146,9,0.10428849902534101,60,1
211,"(2,8)",,False,57,"[2, 14, 4, 8, 6]",15,0.274271326464308,86,146,9,0.10428849902534101,60,1
212,"(5,8)",,False,59,"[5, 8, 3, 14, 9]",16,0.308816021535319,88,148,9,0.068439617562424,60,1
213,"(5,8)",,False,59,"[5, 8, 3, 14, 9]",16,0.308816021535319,88,148,9,0.068439617562424,60,1
214,"(10,1)",,False,59,"[2, 10, 18, 1, 3]",16,0.303545901791515,90,150,10,0.118332869210062,60,1
215,"(10,1)",,False,59,"[2, 10, 18, 1, 3]",16,0.303545901791515,90,150,10,0.118332869210062,60,1
216,"(17,5)",,False,59,"[14, 17, 11, 3, 5]",16,0.30712998827033905,92,152,10,0.112990810359231,60,1
217,"(17,5)",,False,59,"[14, 17, 11, 3, 5]",16,0.30712998827033905,92,152,10,0.112990810359231,60,1
218,"(8,4)",,False,59,"[6, 11, 8, 4, 9]",16,0.310603950954828,94,154,9,0.09096351991088801,60,1
219,"(8,4)",,False,59,"[6, 11, 8, 4, 9]",16,0.310603950954828,94,154,9,0.09096351991088801,60,1
220,"(0,6)",,False,57,"[18, 0, 10, 11, 6]",15,0.28077474831860705,96,156,8,0.098419660261765,60,1
221,"(0,6)",,False,57,"[18, 0, 10, 11, 6]",15,0.28077474831860705,96,156,8,0.098419660261765,60,1
222,"(8,13)",,False,59,"[11, 5, 8, 13, 17]",15,0.264808907791363,98,158,8,0.08271604938271601,60,1
223,"(8,13)",,False,59,"[11, 5, 8, 13, 17]",15,0.264808907791363,98,158,8,0.08271604938271601,60,1
224,"(8,16)",,False,59,"[17, 8, 14, 16, 12]",15,0.264343729694606,100,160,8,0.080717998700454,60,1
225,"(8,16)",,False,59,"[17, 8, 14, 16, 12]",15,0.264343729694606,100,160,8,0.080717998700454,60,1
226,"(2,1)",,False,59,"[15, 2, 1, 12, 18]",15,0.266188619697391,102,162,9,0.10720783440081601,60,1
227,"(2,1)",,False,59,"[15, 2, 1, 12, 18]",15,0.266188619697391,102,162,9,0.10720783440081601,60,1
228,"(15,11)",,False,59,"[14, 15, 18, 11, 17]",15,0.272231504687645,104,164,9,0.108117516012252,60,1
229,"(15,11)",,False,59,"[14, 15, 18, 11, 17]",15,0.272231504687645,104,164,9,0.108117516012252,60,1
230,"(0,19)",,False,58,"[18, 2, 0, 7, 19]",14,0.250905040378724,106,166,9,0.10415854450942101,60,1
231,"(0,19)",,False,58,"[18, 2, 0, 7, 19]",14,0.250905040378724,106,166,9,0.10415854450942101,60,1
232,"(1,19)",,False,59,"[2, 1, 10, 19, 13]",14,0.24761208576998,108,168,10,0.127432005940777,60,1
233,"(1,19)",,False,59,"[2, 1, 10, 19, 13]",14,0.24761208576998,108,168,10,0.127432005940777,60,1
234,"(9,18)",,False,59,"[19, 9, 18, 10, 8]",14,0.23914183607166,110,170,10,0.13226352919335302,60,1
235,"(9,18)",,False,59,"[19, 9, 18, 10, 8]",14,0.23914183607166,110,170,10,0.13226352919335302,60,1
236,"(18,0)",,False,57,"[19, 18, 12, 10, 0]",13,0.23927411120393502,112,172,9,0.12148426622110801,60,1
237,"(18,0)",,False,57,"[19, 18, 12, 10, 0]",13,0.23927411120393502,112,172,9,0.12148426622110801,60,1
238,"(6,16)",,False,60,"[6, 8, 14, 18, 16]",13,0.210709644481574,114,174,9,0.076531606794764,60,1
239,"(6,16)",,False,60,"[6, 8, 14, 18, 16]",13,0.210709644481574,114,174,9,0.076531606794764,60,1
240,"(15,3)",,False,60,"[5, 9, 15, 3, 2]",13,0.20062656641604001,116,176,9,0.076343636869952,60,1
241,"(15,3)",,False,60,"[5, 9, 15, 3, 2]",13,0.20062656641604001,116,176,9,0.076343636869952,60,1
242,"(13,11)",,False,60,"[5, 15, 13, 3, 11]",13,0.19510814072217503,118,178,9,0.07426900584795301,60,1
243,"(13,11)",,False,60,"[5, 15, 13, 3, 11]",13,0.19510814072217503,118,178,9,0.07426900584795301,60,1
244,"(1,8)",,False,60,"[1, 18, 8, 17, 5]",13,0.2067257790942,120,180,10,0.08759018759018701,60,1
245,"(1,8)",,False,60,"[1, 18, 8, 17, 5]",13,0.2067257790942,120,180,10,0.08759018759018701,60,1
246,"(5,16)",,False,62,"[5, 16, 18, 2, 15]",13,0.19423643283292402,122,182,10,0.077857311629241,60,1
247,"(5,16)",,False,62,"[5, 16, 18, 2, 15]",13,0.19423643283292402,122,182,10,0.077857311629241,60,1
248,"(0,3)",,False,63,"[0, 14, 6, 15, 3]",12,0.155631036655967,124,184,10,0.071101730935525,60,1
249,"(0,3)",,False,63,"[0, 14, 6, 15, 3]",12,0.155631036655967,124,184,10,0.071101730935525,60,1
250,"(1,16)",,False,62,"[8, 1, 16, 17, 18]",12,0.16889445836814201,126,186,11,0.090000464123271,60,1
251,"(1,16)",,False,62,"[8, 1, 16, 17, 18]",12,0.16889445836814201,126,186,11,0.090000464123271,60,1
252,"(0,9)",,False,62,"[12, 18, 10, 0, 9]",12,0.145774693143114,128,188,11,0.09504209241051301,60,1
253,"(0,9)",,False,62,"[12, 18, 10, 0, 9]",12,0.145774693143114,128,188,11,0.09504209241051301,60,1
254,"(15,1)",,False,62,"[15, 1, 14, 6, 17]",12,0.143442473705631,130,190,11,0.10006854743696801,60,1
255,"(15,1)",,False,62,"[15, 1, 14, 6, 17]",12,0.143442473705631,130,190,11,0.10006854743696801,60,1
256,"(0,16)",,False,59,"[0, 1, 16, 14, 13]",11,0.15162264635948802,132,192,10,0.08968146862883701,60,1
257,"(0,16)",,False,59,"[0, 1, 16, 14, 13]",11,0.15162264635948802,132,192,10,0.08968146862883701,60,1
258,"(17,11)",,False,61,"[16, 17, 11, 18, 5]",12,0.164643933064985,134,194,10,0.08042391331865001,60,1
259,"(17,11)",,False,61,"[16, 17, 11, 18, 5]",12,0.164643933064985,134,194,10,0.08042391331865001,60,1
260,"(11,12)",,False,63,"[11, 10, 7, 12, 18]",12,0.1551502915538,136,196,10,0.064582225766436,60,1
261,"(11,12)",,False,63,"[11, 10, 7, 12, 18]",12,0.1551502915538,136,196,10,0.064582225766436,60,1
262,"(3,4)",,False,66,"[3, 2, 14, 17, 4]",12,0.141512662126697,138,198,10,0.059354088082158,60,1
263,"(3,4)",,False,66,"[3, 2, 14, 17, 4]",12,0.141512662126697,138,198,10,0.059354088082158,60,1
264,"(17,8)",,False,66,"[17, 19, 9, 8, 2]",12,0.147558289663552,140,200,10,0.06281739702792301,60,1
265,"(17,8)",,False,66,"[17, 19, 9, 8, 2]",12,0.147558289663552,140,200,10,0.06281739702792301,60,1
266,"(2,0)",,False,64,"[14, 2, 9, 17, 0]",11,0.12754866965393202,142,202,9,0.061447811447811,60,1
267,"(2,0)",,False,64,"[14, 2, 9, 17, 0]",11,0.12754866965393202,142,202,9,0.061447811447811,60,1
268,"(7,6)",,False,67,"[9, 7, 6, 2, 10]",13,0.16018518518518501,144,204,9,0.054490392648287006,60,1
269,"(7,6)",,False,67,"[9, 7, 6, 2, 10]",13,0.16018518518518501,144,204,9,0.054490392648287006,60,1
270,"(15,17)",,False,69,"[15, 11, 3, 17, 18]",14,0.16911660464292003,146,206,9,0.052381585276322,60,1
271,"(15,17)",,False,69,"[15, 11, 3, 17, 18]",14,0.16911660464292003,146,206,9,0.052381585276322,60,1
272,"(9,0)",,False,67,"[7, 19, 3, 9, 0]",13,0.149753381770925,148,208,9,0.052715754031543,60,1
273,"(9,0)",,False,67,"[7, 19, 3, 9, 0]",13,0.149753381770925,148,208,9,0.052715754031543,60,1
274,"(13,3)",,False,67,"[13, 3, 5, 10, 18]",13,0.14792799792799702,150,210,9,0.05027535817009501,60,1
275,"(13,3)",,False,67,"[13, 3, 5, 10, 18]",13,0.14792799792799702,150,210,9,0.05027535817009501,60,1
276,"(14,11)",,False,67,"[10, 9, 14, 11, 6]",13,0.166189512242143,152,212,9,0.053553756185335005,60,1
277,"(14,11)",,False,67,"[10, 9, 14, 11, 6]",13,0.166189512242143,152,212,9,0.053553756185335005,60,1
278,"(8,1)",,False,69,"[10, 18, 8, 1, 2]",14,0.172563888353362,154,214,10,0.068670608144292,60,1
279,"(8,1)",,False,69,"[10, 18, 8, 1, 2]",14,0.172563888353362,154,214,10,0.068670608144292,60,1
280,"(4,2)",,False,70,"[7, 4, 9, 6, 2]",14,0.16898549793286602,156,216,10,0.05813036865668401,60,1
281,"(4,2)",,False,70,"[7, 4, 9, 6, 2]",14,0.16898549793286602,156,216,10,0.05813036865668401,60,1
282,"(10,1)",,False,70,"[9, 10, 14, 19, 1]",14,0.170262256949563,158,218,10,0.061019378511638,60,1
283,"(10,1)",,False,70,"[9, 10, 14, 19, 1]",14,0.170262256949563,158,218,10,0.061019378511638,60,1
284,"(5,16)",,False,69,"[14, 2, 19, 5, 16]",14,0.18258472979835202,160,220,9,0.04589824233787,60,1
285,"(5,16)",,False,69,"[14, 2, 19, 5, 16]",14,0.18258472979835202,160,220,9,0.04589824233787,60,1
286,"(1,11)",,False,68,"[1, 11, 3, 2, 16]",14,0.190038129511813,162,222,10,0.06869845554056,60,1
287,"(1,11)",,False,68,"[1, 11, 3, 2, 16]",14,0.190038129511813,162,222,10,0.06869845554056,60,1
288,"(12,15)",,False,69,"[18, 12, 13, 17, 15]",14,0.18086978381096003,164,224,10,0.060178790364548006,60,1
289,"(12,15)",,False,69,"[18, 12, 13, 17, 15]",14,0.18086978381096003,164,224,10,0.060178790364548006,60,1
290,"(19,16)",,False,67,"[1, 19, 11, 16, 13]",14,0.20186470831465603,166,226,10,0.07700960412518701,60,1
291,"(19,16)",,False,67,"[1, 19, 11, 16, 13]",14,0.20186470831465603,166,226,10,0.07700960412518701,60,1
292,"(16,12)",,False,66,"[19, 16, 17, 12, 11]",14,0.21254061078622402,168,228,9,0.057683560753736006,60,1
293,"(16,12)",,False,66,"[19, 16, 17, 12, 11]",14,0.21254061078622402,168,228,9,0.057683560753736006,60,1
294,"(5,14)",,False,66,"[5, 16, 18, 14, 11]",14,0.206599832915622,170,230,8,0.029490392648287,60,1
295,"(5,14)",,False,66,"[5, 16, 18, 14, 11]",14,0.206599832915622,170,230,8,0.029490392648287,60,1
296,"(6,4)",,False,68,"[3, 6, 4, 16, 17]",15,0.2114731272626,172,232,8,0.029490392648287,60,1
297,"(6,4)",,False,68,"[3, 6, 4, 16, 17]",15,0.2114731272626,172,232,8,0.029490392648287,60,1
298,"(5,8)",,False,67,"[6, 10, 19, 5, 8]",15,0.21835688677793902,174,234,8,0.030241915329634002,60,1
299,"(5,8)",,False,67,"[6, 10, 19, 5, 8]",15,0.21835688677793902,174,234,8,0.030241915329634002,60,1
300,"(12,15)",,False,68,"[9, 4, 12, 3, 15]",15,0.200641123009544,176,236,8,0.026506290979975002,60,1
301,"(12,15)",,False,68,"[9, 4, 12, 3, 15]",15,0.200641123009544,176,236,8,0.026506290979975002,60,1
302,"(11,1)",,False,68,"[13, 10, 0, 11, 1]",15,0.192909784860249,178,238,8,0.036553877265951,60,1
303,"(11,1)",,False,68,"[13, 10, 0, 11, 1]",15,0.192909784860249,178,238,8,0.036553877265951,60,1
304,"(1,7)",,False,68,"[11, 1, 7, 10, 4]",15,0.18777826920241703,180,240,9,0.052549674840696003,60,1
305,"(1,7)",,False,68,"[11, 1, 7, 10, 4]",15,0.18777826920241703,180,240,9,0.052549674840696003,60,1
306,"(12,16)",,False,71,"[15, 4, 12, 16, 18]",17,0.207741576162628,182,242,9,0.040406571985519,60,1
307,"(12,16)",,False,71,"[15, 4, 12, 16, 18]",17,0.207741576162628,182,242,9,0.040406571985519,60,1
308,"(2,3)",,False,70,"[2, 5, 3, 18, 11]",17,0.21130604288499003,184,244,9,0.039619883040935,60,1
309,"(2,3)",,False,70,"[2, 5, 3, 18, 11]",17,0.21130604288499003,184,244,9,0.039619883040935,60,1
310,"(4,8)",,False,69,"[13, 4, 8, 16, 3]",17,0.22672653856864303,186,246,8,0.027290448343079,60,1
311,"(4,8)",,False,69,"[13, 4, 8, 16, 3]",17,0.22672653856864303,186,246,8,0.027290448343079,60,1
312,"(0,11)",,False,67,"[6, 13, 0, 11, 4]",16,0.21049256136975403,188,248,8,0.046830038058108,60,1
313,"(0,11)",,False,67,"[6, 13, 0, 11, 4]",16,0.21049256136975403,188,248,8,0.046830038058108,60,1
314,"(13,18)",,False,67,"[9, 16, 13, 15, 18]",16,0.21515467962836302,190,250,8,0.046700083542188006,60,1
315,"(13,18)",,False,67,"[9, 16, 13, 15, 18]",16,0.21515467962836302,190,250,8,0.046700083542188006,60,1
316,"(11,13)",,False,64,"[15, 16, 8, 11, 13]",16,0.269540644540644,192,252,8,0.070077972709551,60,1
317,"(11,13)",,False,64,"[15, 16, 8, 11, 13]",16,0.269540644540644,192,252,8,0.070077972709551,60,1
318,"(15,4)",,False,64,"[13, 15, 7, 4, 10]",16,0.28096630465051503,194,254,8,0.070175438596491,60,1
319,"(15,4)",,False,64,"[13, 15, 7, 4, 10]",16,0.28096630465051503,194,254,8,0.070175438596491,60,1
320,"(14,1)",,False,63,"[14, 10, 7, 1, 16]",16,0.29985380116959004,196,256,9,0.084892787524366,60,1
321,"(14,1)",,False,63,"[14, 10, 7, 1, 16]",16,0.29985380116959004,196,256,9,0.084892787524366,60,1
322,"(17,18)",,False,63,"[11, 17, 8, 18, 16]",16,0.314007240323029,198,258,9,0.081258702311333,60,1
323,"(17,18)",,False,63,"[11, 17, 8, 18, 16]",16,0.314007240323029,198,258,9,0.081258702311333,60,1
324,"(10,17)",,False,63,"[13, 9, 7, 10, 17]",16,0.31049846839320505,200,260,9,0.081551099972152,60,1
325,"(10,17)",,False,63,"[13, 9, 7, 10, 17]",16,0.31049846839320505,200,260,9,0.081551099972152,60,1
326,"(3,12)",,False,62,"[3, 7, 2, 12, 18]",16,0.320147591200222,202,262,9,0.081063770537454,60,1
327,"(3,12)",,False,62,"[3, 7, 2, 12, 18]",16,0.320147591200222,202,262,9,0.081063770537454,60,1
328,"(5,0)",,False,60,"[4, 5, 15, 0, 6]",15,0.301081407221758,204,264,8,0.066801262415297,60,1
329,"(5,0)",,False,60,"[4, 5, 15, 0, 6]",15,0.301081407221758,204,264,8,0.066801262415297,60,1
330,"(7,1)",,False,59,"[10, 7, 6, 17, 1]",15,0.293251647637612,206,266,7,0.028125870231133002,60,1
331,"(7,1)",,False,59,"[10, 7, 6, 17, 1]",15,0.293251647637612,206,266,7,0.028125870231133002,60,1
332,"(14,3)",,False,59,"[18, 14, 15, 3, 16]",15,0.29110971874129704,208,268,6,0.017056530214424,60,1
333,"(14,3)",,False,59,"[18, 14, 15, 3, 16]",15,0.29110971874129704,208,268,6,0.017056530214424,60,1
334,"(0,10)",,False,56,"[3, 0, 10, 1, 9]",14,0.277878456825825,210,270,6,0.035030953452006006,60,1
335,"(0,10)",,False,56,"[3, 0, 10, 1, 9]",14,0.277878456825825,210,270,6,0.035030953452006006,60,1
336,"(9,7)",,False,58,"[9, 3, 10, 2, 7]",14,0.25873479996287,212,272,6,0.022287199480181003,60,1
337,"(9,7)",,False,58,"[9, 3, 10, 2, 7]",14,0.25873479996287,212,272,6,0.022287199480181003,60,1
338,"(17,15)",,False,58,"[13, 16, 2, 17, 15]",14,0.25842847860391704,214,274,5,0.014838020978371001,60,1
339,"(17,15)",,False,58,"[13, 16, 2, 17, 15]",14,0.25842847860391704,214,274,5,0.014838020978371001,60,1
340,"(12,1)",,False,57,"[16, 12, 4, 10, 1]",14,0.257609301030353,216,276,6,0.030513784461152,60,1
341,"(12,1)",,False,57,"[16, 12, 4, 10, 1]",14,0.257609301030353,216,276,6,0.030513784461152,60,1
342,"(18,11)",,False,56,"[4, 18, 11, 9, 6]",14,0.278599275967696,218,278,6,0.037092731829573004,60,1
343,"(18,11)",,False,56,"[4, 18, 11, 9, 6]",14,0.278599275967696,218,278,6,0.037092731829573004,60,1
344,"(7,11)",,False,57,"[2, 19, 17, 7, 11]",15,0.323043720412141,220,280,6,0.032553606237816,60,1
345,"(7,11)",,False,57,"[2, 19, 17, 7, 11]",15,0.323043720412141,220,280,6,0.032553606237816,60,1
346,"(0,11)",,False,55,"[0, 3, 1, 10, 11]",14,0.311862990810359,222,282,5,0.015497076023391001,60,1
347,"(0,11)",,False,55,"[0, 3, 1, 10, 11]",14,0.311862990810359,222,282,5,0.015497076023391001,60,1
348,"(0,12)",,False,54,"[0, 12, 17, 11, 15]",13,0.23213589529379003,224,284,5,0.014522417153996001,60,1
349,"(0,12)",,False,54,"[0, 12, 17, 11, 15]",13,0.23213589529379003,224,284,5,0.014522417153996001,60,1
350,"(8,14)",,False,54,"[16, 9, 8, 6, 14]",13,0.21035796562112302,226,286,5,0.015938204096098002,60,1
351,"(8,14)",,False,54,"[16, 9, 8, 6, 14]",13,0.21035796562112302,226,286,5,0.015938204096098002,60,1
352,"(1,12)",,False,56,"[1, 12, 15, 9, 3]",14,0.28331350261174804,228,288,6,0.08328713197134201,60,1
353,"(1,12)",,False,56,"[1, 12, 15, 9, 3]",14,0.28331350261174804,228,288,6,0.08328713197134201,60,1
354,"(10,2)",,False,58,"[10, 14, 16, 2, 8]",14,0.267051888981713,230,290,6,0.08094352041720401,60,1
355,"(10,2)",,False,58,"[10, 14, 16, 2, 8]",14,0.267051888981713,230,290,6,0.08094352041720401,60,1
356,"(15,8)",,False,58,"[6, 3, 15, 16, 8]",14,0.277753305823481,232,292,6,0.08216627427153701,60,1
357,"(15,8)",,False,58,"[6, 3, 15, 16, 8]",14,0.277753305823481,232,292,6,0.08216627427153701,60,1
358,"(9,1)",,False,58,"[9, 17, 1, 19, 2]",14,0.28018404597351904,234,294,7,0.102132435465768,60,1
359,"(9,1)",,False,58,"[9, 17, 1, 19, 2]",14,0.28018404597351904,234,294,7,0.102132435465768,60,1
360,"(12,19)",,False,55,"[12, 9, 7, 4, 19]",14,0.33280423280423205,236,296,5,0.10740740740740701,60,1
361,"(12,19)",,False,55,"[12, 9, 7, 4, 19]",14,0.33280423280423205,236,296,5,0.10740740740740701,60,1
362,"(16,0)",,False,52,"[8, 16, 11, 0, 3]",13,0.35050125313283204,238,298,5,0.109714100064977,60,1
363,"(16,0)",,False,52,"[8, 16, 11, 0, 3]",13,0.35050125313283204,238,298,5,0.109714100064977,60,1
364,"(2,15)",,False,55,"[14, 2, 15, 7, 9]",15,0.39364615241808204,240,300,5,0.011695906432748001,60,1
365,"(2,15)",,False,55,"[14, 2, 15, 7, 9]",15,0.39364615241808204,240,300,5,0.011695906432748001,60,1
366,"(3,17)",,False,57,"[11, 15, 14, 3, 17]",15,0.37441752529471806,242,302,5,0.011403508771929001,60,1
367,"(3,17)",,False,57,"[11, 15, 14, 3, 17]",15,0.37441752529471806,242,302,5,0.011403508771929001,60,1
368,"(17,2)",,False,56,"[18, 17, 2, 7, 14]",15,0.368230762090411,244,304,5,0.011403508771929001,60,1
369,"(17,2)",,False,56,"[18, 17, 2, 7, 14]",15,0.368230762090411,244,304,5,0.011403508771929001,60,1
370,"(19,14)",,False,55,"[3, 19, 17, 14, 13]",15,0.36668059036480005,246,306,5,0.011403508771929001,60,1
371,"(19,14)",,False,55,"[3, 19, 17, 14, 13]",15,0.36668059036480005,246,306,5,0.011403508771929001,60,1
372,"(6,0)",,False,55,"[6, 15, 2, 0, 11]",14,0.32470064049011405,248,308,5,0.011403508771929001,60,1
373,"(6,0)",,False,55,"[6, 15, 2, 0, 11]",14,0.32470064049011405,248,308,5,0.011403508771929001,60,1
374,"(8,2)",,False,57,"[13, 8, 2, 3, 4]",15,0.35006961849067103,250,310,5,0.011208576998050002,60,1
375,"(8,2)",,False,57,"[13, 8, 2, 3, 4]",15,0.35006961849067103,250,310,5,0.011208576998050002,60,1
376,"(15,19)",,False,57,"[10, 15, 18, 2, 19]",15,0.34951267056530205,252,312,5,0.011208576998050002,60,1
377,"(15,19)",,False,57,"[10, 15, 18, 2, 19]",15,0.34951267056530205,252,312,5,0.011208576998050002,60,1
378,"(13,12)",,False,57,"[13, 18, 6, 17, 12]",15,0.33278102664067505,254,314,5,0.010233918128654,60,1
379,"(13,12)",,False,57,"[13, 18, 6, 17, 12]",15,0.33278102664067505,254,314,5,0.010233918128654,60,1
380,"(6,18)",,False,56,"[12, 10, 6, 3, 18]",15,0.348412698412698,256,316,5,0.010233918128654,60,1
381,"(6,18)",,False,56,"[12, 10, 6, 3, 18]",15,0.348412698412698,256,316,5,0.010233918128654,60,1
382,"(1,5)",,False,56,"[14, 1, 19, 5, 16]",15,0.34451406293511505,258,318,6,0.047465886939571,60,1
383,"(1,5)",,False,56,"[14, 1, 19, 5, 16]",15,0.34451406293511505,258,318,6,0.047465886939571,60,1
384,"(17,9)",,False,56,"[6, 17, 5, 9, 2]",15,0.333110554163185,260,320,6,0.047465886939571,60,1
385,"(17,9)",,False,56,"[6, 17, 5, 9, 2]",15,0.333110554163185,260,320,6,0.047465886939571,60,1
386,"(7,14)",,False,58,"[7, 5, 14, 2, 3]",16,0.35015780191218704,262,322,6,0.021117608836907,60,1
387,"(7,14)",,False,58,"[7, 5, 14, 2, 3]",16,0.35015780191218704,262,322,6,0.021117608836907,60,1
388,"(13,7)",,False,58,"[18, 9, 19, 13, 7]",16,0.334784773381264,264,324,6,0.020839134874222003,60,1
389,"(13,7)",,False,58,"[18, 9, 19, 13, 7]",16,0.334784773381264,264,324,6,0.020839134874222003,60,1
390,"(9,10)",,False,58,"[18, 9, 13, 14, 10]",16,0.33818447634237103,266,326,5,0.009746588693957,60,1
391,"(9,10)",,False,58,"[18, 9, 13, 14, 10]",16,0.33818447634237103,266,326,5,0.009746588693957,60,1
392,"(1,5)",,False,58,"[1, 17, 5, 10, 9]",16,0.337286397812713,268,328,6,0.020839134874222003,60,1
393,"(1,5)",,False,58,"[1, 17, 5, 10, 9]",16,0.337286397812713,268,328,6,0.020839134874222003,60,1
394,"(0,18)",,False,56,"[11, 15, 8, 0, 18]",15,0.32789148797920703,270,330,5,0.011939571150097,60,1
395,"(0,18)",,False,56,"[11, 15, 8, 0, 18]",15,0.32789148797920703,270,330,5,0.011939571150097,60,1
396,"(17,13)",,False,55,"[7, 17, 18, 9, 13]",15,0.340671122250069,272,332,5,0.011939571150097,60,1
397,"(17,13)",,False,55,"[7, 17, 18, 9, 13]",15,0.340671122250069,272,332,5,0.011939571150097,60,1
398,"(0,19)",,False,53,"[16, 0, 17, 19, 13]",14,0.307017543859649,274,334,5,0.013888888888888002,60,1
399,"(0,19)",,False,53,"[16, 0, 17, 19, 13]",14,0.307017543859649,274,334,5,0.013888888888888002,60,1
400,"(7,19)",,False,52,"[7, 12, 17, 11, 19]",14,0.31306739069896905,276,336,5,0.014188248398774,60,1
401,"(7,19)",,False,52,"[7, 12, 17, 11, 19]",14,0.31306739069896905,276,336,5,0.014188248398774,60,1
402,"(13,4)",,False,52,"[17, 14, 10, 13, 4]",14,0.318790030632135,278,338,5,0.017112225006961003,60,1
403,"(13,4)",,False,52,"[17, 14, 10, 13, 4]",14,0.318790030632135,278,338,5,0.017112225006961003,60,1
404,"(6,5)",,False,55,"[14, 6, 10, 5, 18]",16,0.35857235681797,280,340,5,0.008771929824561,60,1
405,"(6,5)",,False,55,"[14, 6, 10, 5, 18]",16,0.35857235681797,280,340,5,0.008771929824561,60,1
406,"(13,1)",,False,55,"[2, 16, 17, 13, 1]",16,0.35956093938550004,282,342,6,0.016081871345029003,60,1
407,"(13,1)",,False,55,"[2, 16, 17, 13, 1]",16,0.35956093938550004,282,342,6,0.016081871345029003,60,1
408,"(8,17)",,False,55,"[2, 8, 16, 19, 17]",16,0.36006219251833205,284,344,5,0.005360623781676,60,1
409,"(8,17)",,False,55,"[2, 8, 16, 19, 17]",16,0.36006219251833205,284,344,5,0.005360623781676,60,1
410,"(0,8)",,False,52,"[11, 0, 3, 8, 13]",15,0.350406107862248,286,346,5,0.006335282651072,60,1
411,"(0,8)",,False,52,"[11, 0, 3, 8, 13]",15,0.350406107862248,286,346,5,0.006335282651072,60,1
412,"(15,7)",,False,54,"[9, 15, 7, 2, 1]",16,0.364615241808224,288,348,5,0.006042884990253,60,1
413,"(15,7)",,False,54,"[9, 15, 7, 2, 1]",16,0.364615241808224,288,348,5,0.006042884990253,60,1
414,"(1,14)",,False,54,"[16, 1, 18, 7, 14]",16,0.36604474148333704,290,350,5,0.012183235867446001,60,1
415,"(1,14)",,False,54,"[16, 1, 18, 7, 14]",16,0.36604474148333704,290,350,5,0.012183235867446001,60,1
416,"(7,9)",,False,54,"[17, 7, 5, 16, 9]",16,0.353453077137287,292,352,5,0.012183235867446001,60,1
417,"(7,9)",,False,54,"[17, 7, 5, 16, 9]",16,0.353453077137287,292,352,5,0.012183235867446001,60,1
418,"(14,2)",,False,55,"[7, 10, 14, 4, 2]",17,0.38763575605680806,294,354,5,0.012183235867446001,60,1
419,"(14,2)",,False,55,"[7, 10, 14, 4, 2]",17,0.38763575605680806,294,354,5,0.012183235867446001,60,1
420,"(8,14)",,False,55,"[8, 14, 10, 4, 16]",17,0.39102153531978,296,356,5,0.012670565302144,60,1
421,"(8,14)",,False,55,"[8, 14, 10, 4, 16]",17,0.39102153531978,296,356,5,0.012670565302144,60,1
422,"(16,1)",,False,54,"[11, 2, 9, 16, 1]",17,0.41128747795414405,298,358,6,0.06576162628794201,60,1
423,"(16,1)",,False,54,"[11, 2, 9, 16, 1]",17,0.41128747795414405,298,358,6,0.06576162628794201,60,1
424,"(12,0)",,False,53,"[12, 17, 5, 0, 1]",17,0.41746031746031703,300,360,6,0.072584238373712,60,1
425,"(12,0)",,False,53,"[12, 17, 5, 0, 1]",17,0.41746031746031703,300,360,6,0.072584238373712,60,1
426,"(13,11)",,False,53,"[13, 6, 2, 12, 11]",17,0.406056808688387,302,362,6,0.072096908939014,60,1
427,"(13,11)",,False,53,"[13, 6, 2, 12, 11]",17,0.406056808688387,302,362,6,0.072096908939014,60,1
428,"(8,11)",,False,55,"[3, 19, 8, 2, 11]",18,0.438123085491506,304,364,6,0.057866889445836005,60,1
429,"(8,11)",,False,55,"[3, 19, 8, 2, 11]",18,0.438123085491506,304,364,6,0.057866889445836005,60,1
430,"(0,3)",,False,53,"[16, 17, 0, 3, 11]",17,0.43027708159287104,306,366,6,0.056502367028682006,60,1
431,"(0,3)",,False,53,"[16, 17, 0, 3, 11]",17,0.43027708159287104,306,366,6,0.056502367028682006,60,1
432,"(12,11)",,False,55,"[12, 6, 11, 17, 10]",18,0.45112085769980503,308,368,6,0.023879142300194,60,1
433,"(12,11)",,False,55,"[12, 6, 11, 17, 10]",18,0.45112085769980503,308,368,6,0.023879142300194,60,1
434,"(6,9)",,False,54,"[6, 16, 9, 13, 10]",18,0.47353801169590604,310,370,6,0.024853801169590004,60,1
435,"(6,9)",,False,54,"[6, 16, 9, 13, 10]",18,0.47353801169590604,310,370,6,0.024853801169590004,60,1
436,"(11,7)",,False,54,"[11, 18, 7, 9, 15]",18,0.466423001949317,312,372,6,0.024853801169590004,60,1
437,"(11,7)",,False,54,"[11, 18, 7, 9, 15]",18,0.466423001949317,312,372,6,0.024853801169590004,60,1
438,"(9,15)",,False,54,"[9, 17, 15, 2, 7]",18,0.47397660818713405,314,374,5,0.013157894736842,60,1
439,"(9,15)",,False,54,"[9, 17, 15, 2, 7]",18,0.47397660818713405,314,374,5,0.013157894736842,60,1
440,"(19,1)",,False,53,"[13, 19, 11, 1, 18]",18,0.494514062935115,316,376,6,0.023391812865497002,60,1
441,"(19,1)",,False,53,"[13, 19, 11, 1, 18]",18,0.494514062935115,316,376,6,0.023391812865497002,60,1
442,"(11,19)",,False,53,"[4, 8, 11, 9, 19]",18,0.49103313840155904,318,378,6,0.021929824561403,60,1
443,"(11,19)",,False,53,"[4, 8, 11, 9, 19]",18,0.49103313840155904,318,378,6,0.021929824561403,60,1
444,"(14,10)",,False,53,"[14, 19, 10, 18, 4]",18,0.48547758284600306,320,380,6,0.021929824561403,60,1
445,"(14,10)",,False,53,"[14, 19, 10, 18, 4]",18,0.48547758284600306,320,380,6,0.021929824561403,60,1
446,"(1,3)",,False,53,"[1, 8, 5, 3, 16]",18,0.487524366471734,322,382,6,0.043274853801169,60,1
447,"(1,3)",,False,53,"[1, 8, 5, 3, 16]",18,0.487524366471734,322,382,6,0.043274853801169,60,1
448,"(14,13)",,False,52,"[14, 11, 2, 13, 12]",18,0.49896036387264403,324,384,4,0.007309941520467001,60,1
449,"(14,13)",,False,52,"[14, 11, 2, 13, 12]",18,0.49896036387264403,324,384,4,0.007309941520467001,60,1
450,"(0,14)",,False,50,"[0, 8, 14, 1, 9]",17,0.49099453178400504,326,386,4,0.007309941520467001,60,1
451,"(0,14)",,False,50,"[0, 8, 14, 1, 9]",17,0.49099453178400504,326,386,4,0.007309941520467001,60,1
452,"(12,13)",,False,49,"[18, 8, 12, 13, 7]",17,0.49755639097744303,328,388,4,0.007309941520467001,60,1
453,"(12,13)",,False,49,"[18, 8, 12, 13, 7]",17,0.49755639097744303,328,388,4,0.007309941520467001,60,1
454,"(17,1)",,False,48,"[2, 17, 1, 9, 19]",17,0.507497911445279,330,390,5,0.015594541910331002,60,1
455,"(17,1)",,False,48,"[2, 17, 1, 9, 19]",17,0.507497911445279,330,390,5,0.015594541910331002,60,1
456,"(5,9)",,False,47,"[17, 14, 5, 11, 9]",17,0.5216095795043161,332,392,5,0.015594541910331002,60,1
457,"(5,9)",,False,47,"[17, 14, 5, 11, 9]",17,0.5216095795043161,332,392,5,0.015594541910331002,60,1
458,"(16,14)",,False,47,"[4, 11, 16, 14, 6]",17,0.519293604381323,334,394,5,0.017079736377981002,60,1
459,"(16,14)",,False,47,"[4, 11, 16, 14, 6]",17,0.519293604381323,334,394,5,0.017079736377981002,60,1
460,"(0,17)",,False,47,"[1, 0, 17, 2, 10]",17,0.5230994152046781,336,396,5,0.027387914230019003,60,1
461,"(0,17)",,False,47,"[1, 0, 17, 2, 10]",17,0.5230994152046781,336,396,5,0.027387914230019003,60,1
462,"(14,11)",,False,46,"[16, 14, 11, 5, 4]",17,0.560623781676413,338,398,5,0.028947368421052003,60,1
463,"(14,11)",,False,46,"[16, 14, 11, 5, 4]",17,0.560623781676413,338,398,5,0.028947368421052003,60,1
464,"(4,16)",,False,45,"[3, 4, 5, 2, 16]",17,0.5789473684210521,340,400,5,0.029142300194931,60,1
465,"(4,16)",,False,45,"[3, 4, 5, 2, 16]",17,0.5789473684210521,340,400,5,0.029142300194931,60,1
466,"(9,11)",,False,46,"[9, 8, 18, 11, 19]",17,0.558904204956836,342,402,5,0.021449456975772,60,1
467,"(9,11)",,False,46,"[9, 8, 18, 11, 19]",17,0.558904204956836,342,402,5,0.021449456975772,60,1
468,"(16,0)",,False,44,"[16, 2, 11, 12, 0]",16,0.557212475633528,344,404,5,0.040058479532163,60,1
469,"(16,0)",,False,44,"[16, 2, 11, 12, 0]",16,0.557212475633528,344,404,5,0.040058479532163,60,1
470,"(9,15)",,False,46,"[9, 8, 16, 15, 4]",17,0.558758006126427,346,406,5,0.021693121693121,60,1
471,"(9,15)",,False,46,"[9, 8, 16, 15, 4]",17,0.558758006126427,346,406,5,0.021693121693121,60,1
472,"(0,16)",,False,46,"[13, 10, 0, 7, 16]",17,0.5703703703703701,348,408,5,0.042495126705653,60,1
473,"(0,16)",,False,46,"[13, 10, 0, 7, 16]",17,0.5703703703703701,348,408,5,0.042495126705653,60,1
474,"(10,4)",,False,45,"[12, 11, 10, 4, 3]",17,0.577680311890838,350,410,3,0.001949317738791,60,1
475,"(10,4)",,False,45,"[12, 11, 10, 4, 3]",17,0.577680311890838,350,410,3,0.001949317738791,60,1
476,"(7,0)",,False,45,"[11, 7, 15, 8, 0]",16,0.5220272904483431,352,412,3,0.001949317738791,60,1
477,"(7,0)",,False,45,"[11, 7, 15, 8, 0]",16,0.5220272904483431,352,412,3,0.001949317738791,60,1
478,"(5,11)",,False,47,"[5, 17, 2, 3, 11]",17,0.5433027011974371,354,414,3,0.001949317738791,60,1
479,"(5,11)",,False,47,"[5, 17, 2, 3, 11]",17,0.5433027011974371,354,414,3,0.001949317738791,60,1
480,"(4,5)",,False,47,"[19, 4, 5, 13, 9]",17,0.5471734892787521,356,416,3,0.001949317738791,60,1
481,"(4,5)",,False,47,"[19, 4, 5, 13, 9]",17,0.5471734892787521,356,416,3,0.001949317738791,60,1
482,"(17,1)",,False,46,"[12, 17, 1, 7, 3]",17,0.5415204678362571,358,418,4,0.016959064327485,60,1
483,"(17,1)",,False,46,"[12, 17, 1, 7, 3]",17,0.5415204678362571,358,418,4,0.016959064327485,60,1
484,"(7,4)",,False,47,"[7, 6, 16, 17, 4]",17,0.540545808966861,360,420,4,0.016959064327485,60,1
485,"(7,4)",,False,47,"[7, 6, 16, 17, 4]",17,0.540545808966861,360,420,4,0.016959064327485,60,1
486,"(14,8)",,False,47,"[12, 14, 10, 7, 8]",17,0.547702589807852,362,422,4,0.018086883876357002,60,1
487,"(14,8)",,False,47,"[12, 14, 10, 7, 8]",17,0.547702589807852,362,422,4,0.018086883876357002,60,1
488,"(0,2)",,False,45,"[3, 11, 0, 14, 2]",16,0.52808409913673,364,424,4,0.023099415204678002,60,1
489,"(0,2)",,False,45,"[3, 11, 0, 14, 2]",16,0.52808409913673,364,424,4,0.023099415204678002,60,1
490,"(14,5)",,False,47,"[14, 17, 11, 9, 5]",17,0.5582985240879971,366,426,4,0.024561403508771004,60,1
491,"(14,5)",,False,47,"[14, 17, 11, 9, 5]",17,0.5582985240879971,366,426,4,0.024561403508771004,60,1
492,"(10,11)",,False,47,"[4, 3, 10, 12, 11]",17,0.548621553884711,368,428,4,0.022472848788638002,60,1
493,"(10,11)",,False,47,"[4, 3, 10, 12, 11]",17,0.548621553884711,368,428,4,0.022472848788638002,60,1
494,"(16,13)",,False,47,"[2, 7, 16, 13, 11]",17,0.548405736563631,370,430,4,0.022076023391812003,60,1
495,"(16,13)",,False,47,"[2, 7, 16, 13, 11]",17,0.548405736563631,370,430,4,0.022076023391812003,60,1
496,"(11,6)",,False,47,"[10, 13, 11, 14, 6]",17,0.532637148426622,372,432,4,0.020231133389028003,60,1
497,"(11,6)",,False,47,"[10, 13, 11, 14, 6]",17,0.532637148426622,372,432,4,0.020231133389028003,60,1
498,"(18,0)",,False,47,"[10, 8, 18, 0, 14]",16,0.49839877471456406,374,434,4,0.048844333054859,60,1
499,"(18,0)",,False,47,"[10, 8, 18, 0, 14]",16,0.49839877471456406,374,434,4,0.048844333054859,60,1
500,"(4,3)",,False,47,"[4, 6, 18, 3, 11]",16,0.50923141186299,376,436,4,0.052394876079086,60,1
501,"(4,3)",,False,47,"[4, 6, 18, 3, 11]",16,0.50923141186299,376,436,4,0.052394876079086,60,1
502,"(7,11)",,False,46,"[15, 3, 7, 13, 11]",16,0.512085769980506,378,438,4,0.05204678362573,60,1
503,"(7,11)",,False,46,"[15, 3, 7, 13, 11]",16,0.512085769980506,378,438,4,0.05204678362573,60,1
504,"(15,18)",,False,45,"[5, 1, 15, 17, 18]",17,0.5856307435254801,380,440,4,0.11521860206070701,60,1
505,"(15,18)",,False,45,"[5, 1, 15, 17, 18]",17,0.5856307435254801,380,440,4,0.11521860206070701,60,1
506,"(1,4)",,False,45,"[14, 1, 19, 4, 5]",17,0.5594541910331381,382,442,5,0.123781676413255,60,1
507,"(1,4)",,False,45,"[14, 1, 19, 4, 5]",17,0.5594541910331381,382,442,5,0.123781676413255,60,1
508,"(15,11)",,False,46,"[3, 15, 11, 10, 12]",18,0.584238373712057,384,444,4,0.018622946254525003,60,1
509,"(15,11)",,False,46,"[3, 15, 11, 10, 12]",18,0.584238373712057,384,444,4,0.018622946254525003,60,1
510,"(18,13)",,False,46,"[18, 10, 16, 6, 13]",18,0.583625730994152,386,446,4,0.018957115009746003,60,1
511,"(18,13)",,False,46,"[18, 10, 16, 6, 13]",18,0.583625730994152,386,446,4,0.018957115009746003,60,1
512,"(19,4)",,False,48,"[13, 19, 10, 18, 4]",18,0.5594541910331381,388,448,4,0.015009746588693001,60,1
513,"(19,4)",,False,48,"[13, 19, 10, 18, 4]",18,0.5594541910331381,388,448,4,0.015009746588693001,60,1
514,"(1,3)",,False,47,"[9, 1, 3, 18, 5]",18,0.56796030480241,390,450,5,0.022939925571504,60,1
515,"(1,3)",,False,47,"[9, 1, 3, 18, 5]",18,0.56796030480241,390,450,5,0.022939925571504,60,1
516,"(12,3)",,False,46,"[12, 19, 16, 3, 14]",18,0.61014911014911,392,452,5,0.025780359990886,60,1
517,"(12,3)",,False,46,"[12, 19, 16, 3, 14]",18,0.61014911014911,392,452,5,0.025780359990886,60,1
518,"(3,7)",,False,46,"[3, 8, 19, 7, 12]",18,0.609161793372319,394,454,5,0.029629629629629003,60,1
519,"(3,7)",,False,46,"[3, 8, 19, 7, 12]",18,0.609161793372319,394,454,5,0.029629629629629003,60,1
520,"(8,18)",,False,46,"[8, 7, 18, 10, 19]",18,0.615009746588694,396,456,5,0.029629629629629003,60,1
521,"(8,18)",,False,46,"[8, 7, 18, 10, 19]",18,0.615009746588694,396,456,5,0.029629629629629003,60,1
522,"(10,2)",,False,46,"[13, 16, 10, 5, 2]",18,0.615009746588694,398,458,5,0.028460038986354002,60,1
523,"(10,2)",,False,46,"[13, 16, 10, 5, 2]",18,0.615009746588694,398,458,5,0.028460038986354002,60,1
524,"(18,11)",,False,47,"[5, 2, 18, 11, 10]",19,0.6442495126705651,400,460,5,0.015594541910331002,60,1
525,"(18,11)",,False,47,"[5, 2, 18, 11, 10]",19,0.6442495126705651,400,460,5,0.015594541910331002,60,1
526,"(1,6)",,False,46,"[11, 1, 9, 6, 12]",19,0.6578947368421051,402,462,6,0.027290448343079,60,1
527,"(1,6)",,False,46,"[11, 1, 9, 6, 12]",19,0.6578947368421051,402,462,6,0.027290448343079,60,1
528,"(16,7)",,False,48,"[13, 9, 8, 16, 7]",19,0.631578947368421,404,464,6,0.027290448343079,60,1
529,"(16,7)",,False,48,"[13, 9, 8, 16, 7]",19,0.631578947368421,404,464,6,0.027290448343079,60,1
530,"(0,9)",,False,45,"[0, 12, 3, 11, 9]",18,0.5545808966861591,406,466,6,0.028265107212475,60,1
531,"(0,9)",,False,45,"[0, 12, 3, 11, 9]",18,0.5545808966861591,406,466,6,0.028265107212475,60,1
532,"(0,15)",,False,43,"[9, 4, 0, 14, 15]",17,0.546393762183235,408,468,6,0.031871345029239,60,1
533,"(0,15)",,False,43,"[9, 4, 0, 14, 15]",17,0.546393762183235,408,468,6,0.031871345029239,60,1
534,"(12,0)",,False,41,"[9, 3, 12, 11, 0]",16,0.5249512670565301,410,470,6,0.043567251461988005,60,1
535,"(12,0)",,False,41,"[9, 3, 12, 11, 0]",16,0.5249512670565301,410,470,6,0.043567251461988005,60,1
536,"(3,2)",,False,42,"[19, 7, 8, 3, 2]",17,0.621442495126705,412,472,5,0.024366471734892002,60,1
537,"(3,2)",,False,42,"[19, 7, 8, 3, 2]",17,0.621442495126705,412,472,5,0.024366471734892002,60,1
538,"(17,9)",,False,43,"[19, 17, 5, 9, 15]",17,0.648732943469785,414,474,5,0.016569200779727,60,1
539,"(17,9)",,False,43,"[19, 17, 5, 9, 15]",17,0.648732943469785,414,474,5,0.016569200779727,60,1
540,"(7,9)",,False,43,"[13, 10, 6, 7, 9]",17,0.6338206627680311,416,476,5,0.016569200779727,60,1
541,"(7,9)",,False,43,"[13, 10, 6, 7, 9]",17,0.6338206627680311,416,476,5,0.016569200779727,60,1
542,"(9,4)",,False,43,"[3, 9, 4, 6, 14]",17,0.6267056530214421,418,478,5,0.016569200779727,60,1
543,"(9,4)",,False,43,"[3, 9, 4, 6, 14]",17,0.6267056530214421,418,478,5,0.016569200779727,60,1
544,"(17,11)",,False,43,"[4, 17, 7, 11, 16]",17,0.6114035087719291,420,480,4,0.007797270955165,60,1
545,"(17,11)",,False,43,"[4, 17, 7, 11, 16]",17,0.6114035087719291,420,480,4,0.007797270955165,60,1
546,"(1,15)",,False,45,"[0, 1, 2, 16, 15]",17,0.591316253596955,422,482,5,0.036015965840527006,60,1
547,"(1,15)",,False,45,"[0, 1, 2, 16, 15]",17,0.591316253596955,422,482,5,0.036015965840527006,60,1
548,"(13,1)",,False,47,"[13, 3, 6, 5, 1]",17,0.5580525387542931,424,484,6,0.048032117330362,60,1
549,"(13,1)",,False,47,"[13, 3, 6, 5, 1]",17,0.5580525387542931,424,484,6,0.048032117330362,60,1
550,"(0,6)",,False,47,"[17, 0, 15, 18, 6]",17,0.551851851851851,426,486,6,0.07076023391812801,60,1
551,"(0,6)",,False,47,"[17, 0, 15, 18, 6]",17,0.551851851851851,426,486,6,0.07076023391812801,60,1
552,"(9,1)",,False,47,"[3, 9, 15, 7, 1]",17,0.5565302144249511,428,488,6,0.027290448343079,60,1
553,"(9,1)",,False,47,"[3, 9, 15, 7, 1]",17,0.5565302144249511,428,488,6,0.027290448343079,60,1
554,"(0,13)",,False,44,"[0, 14, 13, 1, 18]",16,0.572194374825953,430,490,6,0.059036480089111006,60,1
555,"(0,13)",,False,44,"[0, 14, 13, 1, 18]",16,0.572194374825953,430,490,6,0.059036480089111006,60,1
556,"(3,2)",,False,44,"[16, 13, 3, 18, 2]",16,0.560916179337231,432,492,5,0.015594541910331002,60,1
557,"(3,2)",,False,44,"[16, 13, 3, 18, 2]",16,0.560916179337231,432,492,5,0.015594541910331002,60,1
558,"(18,14)",,False,43,"[18, 4, 14, 5, 12]",16,0.587621832358674,434,494,4,0.004873294346978,60,1
559,"(18,14)",,False,43,"[18, 4, 14, 5, 12]",16,0.587621832358674,434,494,4,0.004873294346978,60,1
560,"(17,10)",,False,44,"[8, 14, 6, 17, 10]",16,0.5613060428849901,436,496,4,0.004873294346978,60,1
561,"(17,10)",,False,44,"[8, 14, 6, 17, 10]",16,0.5613060428849901,436,496,4,0.004873294346978,60,1
562,"(18,9)",,False,44,"[11, 18, 5, 10, 9]",16,0.5599415204678361,438,498,4,0.004873294346978,60,1
563,"(18,9)",,False,44,"[11, 18, 5, 10, 9]",16,0.5599415204678361,438,498,4,0.004873294346978,60,1
564,"(7,15)",,False,44,"[5, 7, 14, 10, 15]",16,0.5540935672514621,440,500,4,0.004873294346978,60,1
565,"(7,15)",,False,44,"[5, 7, 14, 10, 15]",16,0.5540935672514621,440,500,4,0.004873294346978,60,1
566,"(17,13)",,False,44,"[5, 15, 17, 16, 13]",16,0.5433723196881091,442,502,4,0.006335282651072,60,1
567,"(17,13)",,False,44,"[5, 15, 17, 16, 13]",16,0.5433723196881091,442,502,4,0.006335282651072,60,1
568,"(10,9)",,False,44,"[16, 10, 5, 4, 9]",16,0.5238791423001941,444,504,4,0.006335282651072,60,1
569,"(10,9)",,False,44,"[16, 10, 5, 4, 9]",16,0.5238791423001941,444,504,4,0.006335282651072,60,1
570,"(6,17)",,False,43,"[6, 16, 8, 17, 12]",16,0.551072124756335,446,506,4,0.007309941520467001,60,1
571,"(6,17)",,False,43,"[6, 16, 8, 17, 12]",16,0.551072124756335,446,506,4,0.007309941520467001,60,1
572,"(9,12)",,False,42,"[19, 9, 3, 12, 6]",16,0.5111111111111111,448,508,4,0.005360623781676,60,1
573,"(9,12)",,False,42,"[19, 9, 3, 12, 6]",16,0.5111111111111111,448,508,4,0.005360623781676,60,1
574,"(19,17)",,False,42,"[19, 17, 5, 14, 11]",16,0.500389863547758,450,510,4,0.005360623781676,60,1
575,"(19,17)",,False,42,"[19, 17, 5, 14, 11]",16,0.500389863547758,450,510,4,0.005360623781676,60,1
576,"(2,11)",,False,42,"[2, 14, 11, 10, 4]",16,0.513060428849902,452,512,4,0.005360623781676,60,1
577,"(2,11)",,False,42,"[2, 14, 11, 10, 4]",16,0.513060428849902,452,512,4,0.005360623781676,60,1
578,"(3,14)",,False,42,"[7, 3, 16, 14, 15]",16,0.5081871345029231,454,514,4,0.005360623781676,60,1
579,"(3,14)",,False,42,"[7, 3, 16, 14, 15]",16,0.5081871345029231,454,514,4,0.005360623781676,60,1
580,"(3,18)",,False,42,"[3, 12, 18, 17, 9]",16,0.49873294346978503,456,516,4,0.0034113060428840004,60,1
581,"(3,18)",,False,42,"[3, 12, 18, 17, 9]",16,0.49873294346978503,456,516,4,0.0034113060428840004,60,1
582,"(17,10)",,False,43,"[17, 18, 10, 11, 5]",16,0.466569200779727,458,518,4,0.0034113060428840004,60,1
583,"(17,10)",,False,43,"[17, 18, 10, 11, 5]",16,0.466569200779727,458,518,4,0.0034113060428840004,60,1
584,"(1,11)",,False,46,"[6, 1, 11, 19, 13]",16,0.517153996101364,460,520,5,0.011208576998050002,60,1
585,"(1,11)",,False,46,"[6, 1, 11, 19, 13]",16,0.517153996101364,460,520,5,0.011208576998050002,60,1
586,"(17,12)",,False,46,"[19, 13, 17, 12, 5]",16,0.502436647173489,462,522,5,0.014132553606237,60,1
587,"(17,12)",,False,46,"[19, 13, 17, 12, 5]",16,0.502436647173489,462,522,5,0.014132553606237,60,1
588,"(7,17)",,False,46,"[19, 7, 17, 16, 10]",16,0.490058479532163,464,524,5,0.012280701754385,60,1
589,"(7,17)",,False,46,"[19, 7, 17, 16, 10]",16,0.490058479532163,464,524,5,0.012280701754385,60,1
590,"(1,12)",,False,48,"[1, 12, 19, 16, 2]",16,0.480235310498468,466,526,6,0.039912280701754003,60,1
591,"(1,12)",,False,48,"[1, 12, 19, 16, 2]",16,0.480235310498468,466,526,6,0.039912280701754003,60,1
592,"(18,0)",,False,46,"[1, 18, 0, 7, 9]",15,0.451461988304093,468,528,6,0.044541910331384,60,1
593,"(18,0)",,False,46,"[1, 18, 0, 7, 9]",15,0.451461988304093,468,528,6,0.044541910331384,60,1
594,"(14,10)",,False,46,"[16, 6, 14, 12, 10]",15,0.45,470,530,6,0.041617933723196006,60,1
595,"(14,10)",,False,46,"[16, 6, 14, 12, 10]",15,0.45,470,530,6,0.041617933723196006,60,1
596,"(16,1)",,False,46,"[2, 7, 16, 1, 11]",15,0.463742690058479,472,532,7,0.057115009746588,60,1
597,"(16,1)",,False,46,"[2, 7, 16, 1, 11]",15,0.463742690058479,472,532,7,0.057115009746588,60,1
598,"(10,5)",,False,47,"[9, 6, 13, 10, 5]",15,0.43323586744639303,474,534,7,0.053801169590643,60,1
599,"(10,5)",,False,47,"[9, 6, 13, 10, 5]",15,0.43323586744639303,474,534,7,0.053801169590643,60,1
600,"(0,8)",,False,45,"[10, 0, 13, 8, 12]",14,0.39619883040935605,476,536,7,0.065204678362573,60,1
601,"(0,8)",,False,45,"[10, 0, 13, 8, 12]",14,0.39619883040935605,476,536,7,0.065204678362573,60,1
602,"(15,17)",,False,45,"[16, 15, 19, 5, 17]",14,0.37709551656920004,478,538,7,0.064035087719298,60,1
603,"(15,17)",,False,45,"[16, 15, 19, 5, 17]",14,0.37709551656920004,478,538,7,0.064035087719298,60,1
604,"(16,4)",,False,46,"[16, 11, 4, 10, 12]",14,0.37028682818156505,480,540,6,0.037802840434419005,60,1
605,"(16,4)",,False,46,"[16, 11, 4, 10, 12]",14,0.37028682818156505,480,540,6,0.037802840434419005,60,1
606,"(15,3)",,False,45,"[12, 15, 3, 2, 4]",14,0.38396686159844,482,542,5,0.01574074074074,60,1
607,"(15,3)",,False,45,"[12, 15, 3, 2, 4]",14,0.38396686159844,482,542,5,0.01574074074074,60,1
608,"(14,0)",,False,45,"[1, 12, 14, 0, 19]",14,0.319541910331384,484,544,5,0.01349902534113,60,1
609,"(14,0)",,False,45,"[1, 12, 14, 0, 19]",14,0.319541910331384,484,544,5,0.01349902534113,60,1
610,"(5,17)",,False,44,"[5, 12, 17, 19, 7]",14,0.29449317738791403,486,546,5,0.016228070175438,60,1
611,"(5,17)",,False,44,"[5, 12, 17, 19, 7]",14,0.29449317738791403,486,546,5,0.016228070175438,60,1
612,"(18,0)",,False,44,"[18, 6, 0, 17, 4]",13,0.252694235588972,488,548,5,0.019152046783625,60,1
613,"(18,0)",,False,44,"[18, 6, 0, 17, 4]",13,0.252694235588972,488,548,5,0.019152046783625,60,1
614,"(5,0)",,False,42,"[5, 7, 0, 4, 1]",12,0.21817042606516202,490,550,5,0.021219715956558003,60,1
615,"(5,0)",,False,42,"[5, 7, 0, 4, 1]",12,0.21817042606516202,490,550,5,0.021219715956558003,60,1
616,"(4,12)",,False,43,"[13, 4, 12, 6, 14]",12,0.22163742690058402,492,552,5,0.020467836257309,60,1
617,"(4,12)",,False,43,"[13, 4, 12, 6, 14]",12,0.22163742690058402,492,552,5,0.020467836257309,60,1
618,"(11,12)",,False,42,"[19, 11, 8, 14, 12]",12,0.24721526037315503,494,554,5,0.020565302144249002,60,1
619,"(11,12)",,False,42,"[19, 11, 8, 14, 12]",12,0.24721526037315503,494,554,5,0.020565302144249002,60,1
620,"(15,4)",,False,43,"[9, 10, 15, 4, 8]",13,0.27826510721247505,496,556,4,0.006042884990253,60,1
621,"(15,4)",,False,43,"[9, 10, 15, 4, 8]",13,0.27826510721247505,496,556,4,0.006042884990253,60,1
622,"(8,1)",,False,43,"[7, 8, 10, 1, 9]",13,0.271247563352826,498,558,5,0.055360623781676006,60,1
623,"(8,1)",,False,43,"[7, 8, 10, 1, 9]",13,0.271247563352826,498,558,5,0.055360623781676006,60,1
624,"(11,15)",,False,46,"[11, 5, 2, 15, 4]",15,0.326998050682261,500,560,5,0.053606237816764005,60,1
625,"(11,15)",,False,46,"[11, 5, 2, 15, 4]",15,0.326998050682261,500,560,5,0.053606237816764005,60,1
626,"(16,0)",,False,44,"[10, 4, 16, 0, 9]",14,0.30721247563352805,502,562,5,0.07085769980506801,60,1
627,"(16,0)",,False,44,"[10, 4, 16, 0, 9]",14,0.30721247563352805,502,562,5,0.07085769980506801,60,1
628,"(13,7)",,False,44,"[13, 7, 2, 10, 19]",14,0.32397660818713403,504,564,5,0.071150097465886,60,1
629,"(13,7)",,False,44,"[13, 7, 2, 10, 19]",14,0.32397660818713403,504,564,5,0.071150097465886,60,1
630,"(11,0)",,False,41,"[5, 10, 11, 16, 0]",13,0.343957115009746,506,566,4,0.056042884990253006,60,1
631,"(11,0)",,False,41,"[5, 10, 11, 16, 0]",13,0.343957115009746,506,566,4,0.056042884990253006,60,1
632,"(12,4)",,False,42,"[11, 5, 12, 9, 4]",13,0.309259259259259,508,568,3,0.0014619883040930001,60,1
633,"(12,4)",,False,42,"[11, 5, 12, 9, 4]",13,0.309259259259259,508,568,3,0.0014619883040930001,60,1
634,"(18,7)",,False,44,"[9, 11, 10, 18, 7]",14,0.33155109997215204,510,570,3,0.0014619883040930001,60,1
635,"(18,7)",,False,44,"[9, 11, 10, 18, 7]",14,0.33155109997215204,510,570,3,0.0014619883040930001,60,1
636,"(4,14)",,False,46,"[4, 2, 1, 14, 3]",15,0.40757449178501803,512,572,3,0.0014619883040930001,60,1
637,"(4,14)",,False,46,"[4, 2, 1, 14, 3]",15,0.40757449178501803,512,572,3,0.0014619883040930001,60,1
638,"(13,9)",,False,48,"[7, 13, 2, 9, 5]",15,0.381620718462823,514,574,3,0.0014619883040930001,60,1
639,"(13,9)",,False,48,"[7, 13, 2, 9, 5]",15,0.381620718462823,514,574,3,0.0014619883040930001,60,1
640,"(3,12)",,False,50,"[16, 13, 3, 6, 12]",16,0.408952937900306,516,576,3,0.0014619883040930001,60,1
641,"(3,12)",,False,50,"[16, 13, 3, 6, 12]",16,0.408952937900306,516,576,3,0.0014619883040930001,60,1
642,"(2,0)",,False,47,"[16, 9, 2, 17, 0]",15,0.414592035644667,518,578,3,0.0014619883040930001,60,1
643,"(2,0)",,False,47,"[16, 9, 2, 17, 0]",15,0.414592035644667,518,578,3,0.0014619883040930001,60,1
644,"(3,19)",,False,48,"[13, 16, 3, 19, 10]",15,0.387106655527708,520,580,3,0.0014619883040930001,60,1
645,"(3,19)",,False,48,"[13, 16, 3, 19, 10]",15,0.387106655527708,520,580,3,0.0014619883040930001,60,1
646,"(6,0)",,False,46,"[10, 2, 9, 6, 0]",14,0.36478696741854605,522,582,3,0.0014619883040930001,60,1
647,"(6,0)",,False,46,"[10, 2, 9, 6, 0]",14,0.36478696741854605,522,582,3,0.0014619883040930001,60,1
648,"(19,13)",,False,47,"[19, 6, 5, 17, 13]",14,0.348343079922027,524,584,3,0.0014619883040930001,60,1
649,"(19,13)",,False,47,"[19, 6, 5, 17, 13]",14,0.348343079922027,524,584,3,0.0014619883040930001,60,1
650,"(5,1)",,False,46,"[2, 19, 5, 1, 12]",14,0.38070175438596404,526,586,4,0.009746588693957,60,1
651,"(5,1)",,False,46,"[2, 19, 5, 1, 12]",14,0.38070175438596404,526,586,4,0.009746588693957,60,1
652,"(8,1)",,False,45,"[18, 8, 7, 15, 1]",14,0.40994152046783605,528,588,5,0.05467836257309901,60,1
653,"(8,1)",,False,45,"[18, 8, 7, 15, 1]",14,0.40994152046783605,528,588,5,0.05467836257309901,60,1
654,"(3,0)",,False,42,"[16, 3, 0, 18, 8]",13,0.40932887774993004,530,590,5,0.070620996936786,60,1
655,"(3,0)",,False,42,"[16, 3, 0, 18, 8]",13,0.40932887774993004,530,590,5,0.070620996936786,60,1
656,"(6,1)",,False,42,"[5, 6, 2, 1, 8]",13,0.41569200779727106,532,592,5,0.086647173489278,60,1
657,"(6,1)",,False,42,"[5, 6, 2, 1, 8]",13,0.41569200779727106,532,592,5,0.086647173489278,60,1
658,"(5,3)",,False,44,"[5, 4, 3, 7, 9]",14,0.428654970760233,534,594,5,0.089083820662768,60,1
659,"(5,3)",,False,44,"[5, 4, 3, 7, 9]",14,0.428654970760233,534,594,5,0.089083820662768,60,1
660,"(7,19)",,False,44,"[13, 4, 7, 19, 14]",14,0.413742690058479,536,596,5,0.087719298245614,60,1
661,"(7,19)",,False,44,"[13, 4, 7, 19, 14]",14,0.413742690058479,536,596,5,0.087719298245614,60,1
662,"(17,0)",,False,44,"[11, 2, 17, 0, 6]",13,0.336452241715399,538,598,5,0.073976608187134,60,1
663,"(17,0)",,False,44,"[11, 2, 17, 0, 6]",13,0.336452241715399,538,598,5,0.073976608187134,60,1
664,"(17,12)",,False,46,"[17, 12, 13, 9, 16]",14,0.35942634363686904,540,600,5,0.064717348927875,60,1
665,"(17,12)",,False,46,"[17, 12, 13, 9, 16]",14,0.35942634363686904,540,600,5,0.064717348927875,60,1
666,"(15,13)",,False,46,"[6, 14, 15, 3, 13]",14,0.372011224642803,542,602,5,0.06847674742411501,60,1
667,"(15,13)",,False,46,"[6, 14, 15, 3, 13]",14,0.372011224642803,542,602,5,0.06847674742411501,60,1
668,"(10,4)",,False,48,"[18, 10, 13, 4, 11]",14,0.34072467493520103,544,604,5,0.067794486215538,60,1
669,"(10,4)",,False,48,"[18, 10, 13, 4, 11]",14,0.34072467493520103,544,604,5,0.067794486215538,60,1
670,"(13,4)",,False,48,"[12, 17, 13, 4, 6]",14,0.333570036201615,546,606,5,0.068908382066276,60,1
671,"(13,4)",,False,48,"[12, 17, 13, 4, 6]",14,0.333570036201615,546,606,5,0.068908382066276,60,1
672,"(14,5)",,False,50,"[9, 14, 15, 12, 5]",14,0.31398635477582804,548,608,5,0.065148983570036,60,1
673,"(14,5)",,False,50,"[9, 14, 15, 12, 5]",14,0.31398635477582804,548,608,5,0.065148983570036,60,1
674,"(12,9)",,False,51,"[3, 12, 17, 2, 9]",14,0.31298384851016403,550,610,5,0.047521581732108006,60,1
675,"(12,9)",,False,51,"[3, 12, 17, 2, 9]",14,0.31298384851016403,550,610,5,0.047521581732108006,60,1
676,"(15,6)",,False,54,"[15, 3, 10, 5, 6]",16,0.372210619140443,552,612,5,0.039494569757727006,60,1
677,"(15,6)",,False,54,"[15, 3, 10, 5, 6]",16,0.372210619140443,552,612,5,0.039494569757727006,60,1
678,"(4,19)",,False,53,"[4, 14, 2, 19, 17]",16,0.386118072960178,554,614,3,0.021572449642625002,60,1
679,"(4,19)",,False,53,"[4, 14, 2, 19, 17]",16,0.386118072960178,554,614,3,0.021572449642625002,60,1
680,"(3,8)",,False,55,"[4, 3, 8, 16, 15]",17,0.402395719939579,556,616,3,0.013139751736242001,60,1
681,"(3,8)",,False,55,"[4, 3, 8, 16, 15]",17,0.402395719939579,556,616,3,0.013139751736242001,60,1
682,"(11,16)",,False,54,"[8, 9, 10, 11, 16]",17,0.41475912002227705,558,618,3,0.011914044370184,60,1
683,"(11,16)",,False,54,"[8, 9, 10, 11, 16]",17,0.41475912002227705,558,618,3,0.011914044370184,60,1
684,"(1,0)",,False,52,"[5, 14, 1, 10, 0]",16,0.368434976329713,560,620,2,0.007992202729044,60,1
685,"(1,0)",,False,52,"[5, 14, 1, 10, 0]",16,0.368434976329713,560,620,2,0.007992202729044,60,1
686,"(4,18)",,False,54,"[4, 19, 18, 2, 9]",16,0.35164299637983804,562,622,2,0.004304743339831,60,1
687,"(4,18)",,False,54,"[4, 19, 18, 2, 9]",16,0.35164299637983804,562,622,2,0.004304743339831,60,1
688,"(7,17)",,False,53,"[15, 7, 17, 8, 19]",16,0.36946532999164505,564,624,2,0.0036549707602330003,60,1
689,"(7,17)",,False,53,"[15, 7, 17, 8, 19]",16,0.36946532999164505,564,624,2,0.0036549707602330003,60,1
690,"(4,5)",,False,54,"[6, 4, 8, 1, 5]",16,0.34899749373433503,566,626,2,0.0036549707602330003,60,1
691,"(4,5)",,False,54,"[6, 4, 8, 1, 5]",16,0.34899749373433503,566,626,2,0.0036549707602330003,60,1
692,"(11,7)",,False,53,"[1, 18, 11, 7, 14]",16,0.35232525758841504,568,628,2,0.006683375104427,60,1
693,"(11,7)",,False,53,"[1, 18, 11, 7, 14]",16,0.35232525758841504,568,628,2,0.006683375104427,60,1
694,"(0,19)",,False,51,"[11, 6, 0, 15, 19]",15,0.332177666388192,570,630,2,0.006822612085769001,60,1
695,"(0,19)",,False,51,"[11, 6, 0, 15, 19]",15,0.332177666388192,570,630,2,0.006822612085769001,60,1
696,"(0,9)",,False,49,"[18, 6, 0, 9, 8]",14,0.297772208298524,572,632,2,0.006822612085769001,60,1
697,"(0,9)",,False,49,"[18, 6, 0, 9, 8]",14,0.297772208298524,572,632,2,0.006822612085769001,60,1
698,"(13,0)",,False,47,"[9, 13, 0, 16, 5]",13,0.27964355332776303,574,634,2,0.011695906432748001,60,1
699,"(13,0)",,False,47,"[9, 13, 0, 16, 5]",13,0.27964355332776303,574,634,2,0.011695906432748001,60,1
700,"(11,5)",,False,48,"[15, 11, 5, 9, 13]",13,0.278617840898542,576,636,2,0.0,60,1
701,"(11,5)",,False,48,"[15, 11, 5, 9, 13]",13,0.278617840898542,576,636,2,0.0,60,1
702,"(7,12)",,False,48,"[7, 12, 2, 18, 10]",13,0.291743247006404,578,638,2,0.0,60,1
703,"(7,12)",,False,48,"[7, 12, 2, 18, 10]",13,0.291743247006404,578,638,2,0.0,60,1
704,"(0,14)",,False,45,"[9, 0, 4, 14, 13]",12,0.266708437761069,580,640,2,0.0,60,1
705,"(0,14)",,False,45,"[9, 0, 4, 14, 13]",12,0.266708437761069,580,640,2,0.0,60,1
706,"(7,6)",,False,45,"[7, 2, 5, 6, 10]",12,0.23929267613478103,582,642,2,0.0,60,1
707,"(7,6)",,False,45,"[7, 2, 5, 6, 10]",12,0.23929267613478103,582,642,2,0.0,60,1
708,"(16,18)",,False,47,"[6, 3, 15, 16, 18]",13,0.26588693957115,584,644,2,0.0,60,1
709,"(16,18)",,False,47,"[6, 3, 15, 16, 18]",13,0.26588693957115,584,644,2,0.0,60,1
710,"(4,13)",,False,47,"[6, 4, 10, 13, 16]",13,0.247883597883597,586,646,2,0.0,60,1
711,"(4,13)",,False,47,"[6, 4, 10, 13, 16]",13,0.247883597883597,586,646,2,0.0,60,1
712,"(6,10)",,False,46,"[11, 3, 7, 6, 10]",13,0.253815093288777,588,648,2,0.0,60,1
713,"(6,10)",,False,46,"[11, 3, 7, 6, 10]",13,0.253815093288777,588,648,2,0.0,60,1
714,"(6,14)",,False,46,"[6, 16, 13, 14, 10]",13,0.261617005476654,590,650,2,0.0,60,1
715,"(6,14)",,False,46,"[6, 16, 13, 14, 10]",13,0.261617005476654,590,650,2,0.0,60,1
716,"(17,3)",,False,45,"[12, 17, 3, 16, 14]",13,0.280840991367307,592,652,2,0.0,60,1
717,"(17,3)",,False,45,"[12, 17, 3, 16, 14]",13,0.280840991367307,592,652,2,0.0,60,1
718,"(7,8)",,False,44,"[6, 7, 11, 13, 8]",13,0.294876079086605,594,654,2,0.0,60,1
719,"(7,8)",,False,44,"[6, 7, 11, 13, 8]",13,0.294876079086605,594,654,2,0.0,60,1
720,"(13,2)",,False,43,"[11, 13, 2, 3, 14]",13,0.32508354218880503,596,656,2,0.0,60,1
721,"(13,2)",,False,43,"[11, 13, 2, 3, 14]",13,0.32508354218880503,596,656,2,0.0,60,1
722,"(7,17)",,False,45,"[5, 8, 7, 17, 14]",13,0.29139515455304904,598,658,2,0.0,60,1
723,"(7,17)",,False,45,"[5, 8, 7, 17, 14]",13,0.29139515455304904,598,658,2,0.0,60,1
724,"(0,18)",,False,44,"[19, 0, 9, 4, 18]",12,0.262670565302144,600,660,2,0.0029239766081870003,60,1
725,"(0,18)",,False,44,"[19, 0, 9, 4, 18]",12,0.262670565302144,600,660,2,0.0029239766081870003,60,1
726,"(0,11)",,False,45,"[0, 11, 13, 15, 10]",13,0.31237816764132503,602,662,3,0.007504873294346,60,1
727,"(0,11)",,False,45,"[0, 11, 13, 15, 10]",13,0.31237816764132503,602,662,3,0.007504873294346,60,1
728,"(17,14)",,False,47,"[8, 17, 5, 14, 6]",14,0.32687273739905304,604,664,3,0.007504873294346,60,1
729,"(17,14)",,False,47,"[8, 17, 5, 14, 6]",14,0.32687273739905304,604,664,3,0.007504873294346,60,1
730,"(8,17)",,False,46,"[14, 8, 11, 17, 4]",14,0.353480924533556,606,666,3,0.007992202729044,60,1
731,"(8,17)",,False,46,"[14, 8, 11, 17, 4]",14,0.353480924533556,606,666,3,0.007992202729044,60,1
732,"(0,1)",,False,46,"[0, 1, 5, 3, 16]",13,0.306015037593984,608,668,2,0.0029239766081870003,60,1
733,"(0,1)",,False,46,"[0, 1, 5, 3, 16]",13,0.306015037593984,608,668,2,0.0029239766081870003,60,1
734,"(6,5)",,False,46,"[18, 6, 5, 13, 15]",13,0.28945976051239203,610,670,2,0.0029239766081870003,60,1
735,"(6,5)",,False,46,"[18, 6, 5, 13, 15]",13,0.28945976051239203,610,670,2,0.0029239766081870003,60,1
736,"(0,19)",,False,46,"[0, 8, 5, 10, 19]",13,0.28945976051239203,612,672,2,0.0029239766081870003,60,1
737,"(0,19)",,False,46,"[0, 8, 5, 10, 19]",13,0.28945976051239203,612,672,2,0.0029239766081870003,60,1
738,"(16,15)",,False,48,"[10, 11, 16, 19, 15]",13,0.270064049011417,614,674,2,0.0029239766081870003,60,1
739,"(16,15)",,False,48,"[10, 11, 16, 19, 15]",13,0.270064049011417,614,674,2,0.0029239766081870003,60,1
740,"(6,1)",,False,48,"[16, 3, 6, 1, 10]",13,0.267418546365914,616,676,3,0.005847953216374001,60,1
741,"(6,1)",,False,48,"[16, 3, 6, 1, 10]",13,0.267418546365914,616,676,3,0.005847953216374001,60,1
742,"(7,12)",,False,49,"[7, 3, 19, 12, 10]",13,0.24695071010860403,618,678,3,0.007309941520467001,60,1
743,"(7,12)",,False,49,"[7, 3, 19, 12, 10]",13,0.24695071010860403,618,678,3,0.007309941520467001,60,1
744,"(0,13)",,False,49,"[0, 13, 6, 9, 19]",12,0.191395154553049,620,680,3,0.001949317738791,60,1
745,"(0,13)",,False,49,"[0, 13, 6, 9, 19]",12,0.191395154553049,620,680,3,0.001949317738791,60,1
746,"(1,11)",,False,51,"[14, 13, 0, 1, 11]",12,0.19870509607351702,622,682,4,0.028460038986354002,60,1
747,"(1,11)",,False,51,"[14, 13, 0, 1, 11]",12,0.19870509607351702,622,682,4,0.028460038986354002,60,1
748,"(0,11)",,False,50,"[0, 2, 4, 11, 12]",12,0.186911723753829,624,684,4,0.035477582846003004,60,1
749,"(0,11)",,False,50,"[0, 2, 4, 11, 12]",12,0.186911723753829,624,684,4,0.035477582846003004,60,1
750,"(14,18)",,False,52,"[14, 18, 5, 4, 19]",12,0.19409635199108802,626,686,4,0.013645224171539001,60,1
751,"(14,18)",,False,52,"[14, 18, 5, 4, 19]",12,0.19409635199108802,626,686,4,0.013645224171539001,60,1
752,"(0,15)",,False,50,"[0, 17, 18, 15, 5]",11,0.19896964633806702,628,688,4,0.010721247563352,60,1
753,"(0,15)",,False,50,"[0, 17, 18, 15, 5]",11,0.19896964633806702,628,688,4,0.010721247563352,60,1
754,"(3,1)",,False,50,"[3, 16, 5, 1, 2]",11,0.1916805903648,630,690,4,0.020328599275967002,60,1
755,"(3,1)",,False,50,"[3, 16, 5, 1, 2]",11,0.1916805903648,630,690,4,0.020328599275967002,60,1
756,"(7,4)",,False,50,"[6, 3, 7, 8, 4]",11,0.170711500974658,632,692,4,0.020224171539961002,60,1
757,"(7,4)",,False,50,"[6, 3, 7, 8, 4]",11,0.170711500974658,632,692,4,0.020224171539961002,60,1
758,"(3,0)",,False,49,"[16, 1, 10, 3, 0]",11,0.185038986354775,634,694,5,0.031732108047897,60,1
759,"(3,0)",,False,49,"[16, 1, 10, 3, 0]",11,0.185038986354775,634,694,5,0.031732108047897,60,1
760,"(12,7)",,False,48,"[9, 3, 12, 8, 7]",11,0.19467418546365903,636,696,5,0.032651072124756,60,1
761,"(12,7)",,False,48,"[9, 3, 12, 8, 7]",11,0.19467418546365903,636,696,5,0.032651072124756,60,1
762,"(5,10)",,False,50,"[5, 19, 10, 9, 6]",12,0.21702868281815602,638,698,5,0.033820662768031,60,1
763,"(5,10)",,False,50,"[5, 19, 10, 9, 6]",12,0.21702868281815602,638,698,5,0.033820662768031,60,1
764,"(19,1)",,False,49,"[8, 7, 19, 15, 1]",12,0.230478975215817,640,700,5,0.037524366471734,60,1
765,"(19,1)",,False,49,"[8, 7, 19, 15, 1]",12,0.230478975215817,640,700,5,0.037524366471734,60,1
766,"(11,1)",,False,49,"[10, 12, 8, 11, 1]",12,0.253188526872737,642,702,6,0.06822612085769901,60,1
767,"(11,1)",,False,49,"[10, 12, 8, 11, 1]",12,0.253188526872737,642,702,6,0.06822612085769901,60,1
768,"(11,6)",,False,48,"[11, 3, 16, 10, 6]",13,0.32923280423280404,644,704,6,0.136173767752715,60,1
769,"(11,6)",,False,48,"[11, 3, 16, 10, 6]",13,0.32923280423280404,644,704,6,0.136173767752715,60,1
770,"(10,14)",,False,48,"[10, 11, 12, 15, 14]",13,0.317829295460874,646,706,6,0.135783904204956,60,1
771,"(10,14)",,False,48,"[10, 11, 12, 15, 14]",13,0.317829295460874,646,706,6,0.135783904204956,60,1
772,"(8,2)",,False,47,"[13, 8, 3, 7, 2]",13,0.34822936972059704,648,708,6,0.135296574770258,60,1
773,"(8,2)",,False,47,"[13, 8, 3, 7, 2]",13,0.34822936972059704,648,708,6,0.135296574770258,60,1
774,"(2,1)",,False,47,"[9, 2, 5, 11, 1]",13,0.33472570314675504,650,710,7,0.14894179894179801,60,1
775,"(2,1)",,False,47,"[9, 2, 5, 11, 1]",13,0.33472570314675504,650,710,7,0.14894179894179801,60,1
776,"(0,5)",,False,47,"[13, 0, 5, 19, 18]",12,0.28773406580424105,652,712,7,0.07930474333983101,60,1
777,"(0,5)",,False,47,"[13, 0, 5, 19, 18]",12,0.28773406580424105,652,712,7,0.07930474333983101,60,1
778,"(17,16)",,False,50,"[19, 17, 12, 16, 18]",14,0.317382260364716,654,714,7,0.069200779727095,60,1
779,"(17,16)",,False,50,"[19, 17, 12, 16, 18]",14,0.317382260364716,654,714,7,0.069200779727095,60,1
780,"(11,4)",,False,48,"[11, 1, 14, 4, 15]",14,0.365139701104613,656,716,7,0.142040285899935,60,1
781,"(11,4)",,False,48,"[11, 1, 14, 4, 15]",14,0.365139701104613,656,716,7,0.142040285899935,60,1
782,"(8,16)",,False,51,"[18, 15, 8, 10, 16]",16,0.406256381694978,658,718,7,0.139701104613385,60,1
783,"(8,16)",,False,51,"[18, 15, 8, 10, 16]",16,0.406256381694978,658,718,7,0.139701104613385,60,1
784,"(16,6)",,False,53,"[13, 16, 8, 14, 6]",16,0.38365357839042,660,720,7,0.135394040657198,60,1
785,"(16,6)",,False,53,"[13, 16, 8, 14, 6]",16,0.38365357839042,660,720,7,0.135394040657198,60,1
786,"(14,1)",,False,52,"[5, 16, 13, 14, 1]",16,0.41633713914415604,662,722,8,0.14912048640118802,60,1
787,"(14,1)",,False,52,"[5, 16, 13, 14, 1]",16,0.41633713914415604,662,722,8,0.14912048640118802,60,1
788,"(7,5)",,False,51,"[7, 17, 19, 15, 5]",16,0.436620591883749,664,724,8,0.15139047112731302,60,1
789,"(7,5)",,False,51,"[7, 17, 19, 15, 5]",16,0.436620591883749,664,724,8,0.15139047112731302,60,1
790,"(17,5)",,False,51,"[9, 10, 17, 11, 5]",16,0.43309877257245605,666,726,8,0.151018036544352,60,1
791,"(17,5)",,False,51,"[9, 10, 17, 11, 5]",16,0.43309877257245605,666,726,8,0.151018036544352,60,1
792,"(4,10)",,False,53,"[6, 4, 12, 14, 10]",17,0.448957864747338,668,728,8,0.136864597390913,60,1
793,"(4,10)",,False,53,"[6, 4, 12, 14, 10]",17,0.448957864747338,668,728,8,0.136864597390913,60,1
794,"(0,18)",,False,51,"[3, 17, 6, 0, 18]",16,0.426785819768275,670,730,8,0.13702817650186,60,1
795,"(0,18)",,False,51,"[3, 17, 6, 0, 18]",16,0.426785819768275,670,730,8,0.13702817650186,60,1
796,"(6,18)",,False,50,"[12, 6, 9, 18, 11]",16,0.43971038707880805,672,732,8,0.13921377517868702,60,1
797,"(6,18)",,False,50,"[12, 6, 9, 18, 11]",16,0.43971038707880805,672,732,8,0.13921377517868702,60,1
798,"(3,7)",,False,50,"[3, 11, 7, 16, 2]",16,0.435185185185185,674,734,8,0.14083820662768,60,1
799,"(3,7)",,False,50,"[3, 11, 7, 16, 2]",16,0.435185185185185,674,734,8,0.14083820662768,60,1
