,actionDetail,actionType,bonusActivated,graphEdgeCount,nodeList,p1Degree,p1Score,p1WinAdvantage,p1WinCount,p2Degree,p2Score,p2WinCount,player
0,"(9,1)",,False,2,"[9, 7, 19, 1, 8]",0,-0.001,-1,0,1,0.0,1,1
1,"(9,1)",,False,2,"[9, 7, 19, 1, 8]",0,-0.001,-1,0,1,0.0,1,1
2,"(12,10)",,False,4,"[12, 10, 17, 7, 16]",0,-0.001,-3,0,1,0.0,3,1
3,"(12,10)",,False,4,"[12, 10, 17, 7, 16]",0,-0.001,-3,0,1,0.0,3,1
4,"(12,1)",,False,6,"[19, 4, 12, 1, 15]",0,-0.001,-5,0,2,0.046783625730994004,5,1
5,"(12,1)",,False,6,"[19, 4, 12, 1, 15]",0,-0.001,-5,0,2,0.046783625730994004,5,1
6,"(17,8)",,False,8,"[2, 17, 8, 11, 15]",0,-0.001,-7,0,2,0.070175438596491,7,1
7,"(17,8)",,False,8,"[2, 17, 8, 11, 15]",0,-0.001,-7,0,2,0.070175438596491,7,1
8,"(10,5)",,False,10,"[6, 10, 0, 5, 18]",1,0.0,-9,0,2,0.105263157894736,9,1
9,"(10,5)",,False,10,"[6, 10, 0, 5, 18]",1,0.0,-9,0,2,0.105263157894736,9,1
10,"(18,10)",,False,12,"[18, 10, 3, 0, 13]",1,0.0,-11,0,2,0.005847953216374001,11,1
11,"(18,10)",,False,12,"[18, 10, 3, 0, 13]",1,0.0,-11,0,2,0.005847953216374001,11,1
12,"(1,15)",,False,14,"[10, 1, 3, 4, 15]",1,0.0,-12,0,3,0.11695906432748501,12,1
13,"(1,15)",,False,14,"[10, 1, 3, 4, 15]",1,0.0,-12,0,3,0.11695906432748501,12,1
14,"(4,15)",,False,14,"[17, 4, 15, 18, 5]",1,0.0,-14,0,3,0.175438596491228,14,1
15,"(4,15)",,False,14,"[17, 4, 15, 18, 5]",1,0.0,-14,0,3,0.175438596491228,14,1
16,"(4,0)",,False,14,"[4, 0, 3, 19, 9]",2,0.0,-14,0,2,0.0,14,1
17,"(4,0)",,False,14,"[4, 0, 3, 19, 9]",2,0.0,-14,0,2,0.0,14,1
18,"(1,2)",,False,16,"[1, 13, 2, 3, 0]",2,0.0,-15,0,3,0.06432748538011601,15,1
19,"(1,2)",,False,16,"[1, 13, 2, 3, 0]",2,0.0,-15,0,3,0.06432748538011601,15,1
20,"(5,7)",,False,16,"[5, 11, 7, 12, 13]",2,0.0,-17,0,3,0.06432748538011601,17,1
21,"(5,7)",,False,16,"[5, 11, 7, 12, 13]",2,0.0,-17,0,3,0.06432748538011601,17,1
22,"(4,13)",,False,18,"[6, 16, 3, 4, 13]",3,0.038011695906432004,-17,1,3,0.08187134502923901,18,1
23,"(4,13)",,False,18,"[6, 16, 3, 4, 13]",3,0.038011695906432004,-17,1,3,0.08187134502923901,18,1
24,"(9,12)",,False,16,"[9, 12, 16, 4, 7]",3,0.035087719298245,-19,1,3,0.309941520467836,20,1
25,"(9,12)",,False,16,"[9, 12, 16, 4, 7]",3,0.035087719298245,-19,1,3,0.309941520467836,20,1
26,"(15,9)",,False,18,"[15, 9, 6, 8, 12]",3,0.001949317738791,-21,1,3,0.309941520467836,22,1
27,"(15,9)",,False,18,"[15, 9, 6, 8, 12]",3,0.001949317738791,-21,1,3,0.309941520467836,22,1
28,"(6,9)",,False,19,"[0, 7, 6, 2, 9]",3,0.027290448343079,-23,1,3,0.160818713450292,24,1
29,"(6,9)",,False,19,"[0, 7, 6, 2, 9]",3,0.027290448343079,-23,1,3,0.160818713450292,24,1
30,"(13,18)",,False,21,"[13, 6, 4, 18, 19]",4,0.038986354775828,-25,1,3,0.17251461988304,26,1
31,"(13,18)",,False,21,"[13, 6, 4, 18, 19]",4,0.038986354775828,-25,1,3,0.17251461988304,26,1
32,"(14,1)",,False,24,"[18, 14, 8, 1, 17]",4,0.047270955165692005,-27,1,4,0.150097465886939,28,1
33,"(14,1)",,False,24,"[18, 14, 8, 1, 17]",4,0.047270955165692005,-27,1,4,0.150097465886939,28,1
34,"(19,1)",,False,27,"[2, 7, 19, 11, 1]",4,0.04337231968810901,-29,1,5,0.175438596491228,30,1
35,"(19,1)",,False,27,"[2, 7, 19, 11, 1]",4,0.04337231968810901,-29,1,5,0.175438596491228,30,1
36,"(15,7)",,False,28,"[16, 15, 7, 9, 11]",4,0.049220272904483005,-31,1,4,0.08089668615984401,32,1
37,"(15,7)",,False,28,"[16, 15, 7, 9, 11]",4,0.049220272904483005,-31,1,4,0.08089668615984401,32,1
38,"(15,10)",,False,28,"[15, 17, 10, 9, 11]",4,0.039961013645224,-33,1,4,0.12085769980506801,34,1
39,"(15,10)",,False,28,"[15, 17, 10, 9, 11]",4,0.039961013645224,-33,1,4,0.12085769980506801,34,1
40,"(12,3)",,False,27,"[12, 4, 2, 16, 3]",4,0.05896686159844,-35,1,3,0.134502923976608,36,1
41,"(12,3)",,False,27,"[12, 4, 2, 16, 3]",4,0.05896686159844,-35,1,3,0.134502923976608,36,1
42,"(1,3)",,False,28,"[1, 0, 5, 3, 14]",5,0.19383180172653802,-33,3,3,0.043247006404901006,36,1
43,"(1,3)",,False,28,"[1, 0, 5, 3, 14]",5,0.19383180172653802,-33,3,3,0.043247006404901006,36,1
44,"(14,8)",,False,29,"[4, 14, 7, 2, 8]",5,0.17461013645224102,-31,5,3,0.05594541910331301,36,1
45,"(14,8)",,False,29,"[4, 14, 7, 2, 8]",5,0.17461013645224102,-31,5,3,0.05594541910331301,36,1
46,"(12,4)",,False,32,"[12, 18, 17, 5, 4]",7,0.21725146198830403,-29,7,3,0.043567251461988005,36,1
47,"(12,4)",,False,32,"[12, 18, 17, 5, 4]",7,0.21725146198830403,-29,7,3,0.043567251461988005,36,1
48,"(4,15)",,False,33,"[4, 3, 16, 19, 15]",8,0.32251461988304103,-27,9,3,0.043567251461988005,36,1
49,"(4,15)",,False,33,"[4, 3, 16, 19, 15]",8,0.32251461988304103,-27,9,3,0.043567251461988005,36,1
50,"(17,4)",,False,35,"[8, 2, 17, 16, 4]",8,0.29182678919521005,-25,11,3,0.035964912280701006,36,1
51,"(17,4)",,False,35,"[8, 2, 17, 16, 4]",8,0.29182678919521005,-25,11,3,0.035964912280701006,36,1
52,"(13,11)",,False,38,"[2, 5, 13, 11, 6]",10,0.348879142300194,-23,13,3,0.018518518518518,36,1
53,"(13,11)",,False,38,"[2, 5, 13, 11, 6]",10,0.348879142300194,-23,13,3,0.018518518518518,36,1
54,"(12,16)",,False,41,"[12, 11, 5, 16, 3]",12,0.37472384665367103,-21,15,3,0.017738791423001003,36,1
55,"(12,16)",,False,41,"[12, 11, 5, 16, 3]",12,0.37472384665367103,-21,15,3,0.017738791423001003,36,1
56,"(5,8)",,False,44,"[5, 8, 14, 15, 11]",14,0.434113060428849,-19,17,3,0.015107212475633002,36,1
57,"(5,8)",,False,44,"[5, 8, 14, 15, 11]",14,0.434113060428849,-19,17,3,0.015107212475633002,36,1
58,"(0,18)",,False,44,"[16, 0, 6, 18, 19]",14,0.435185185185185,-17,19,3,0.010233918128654,36,1
59,"(0,18)",,False,44,"[16, 0, 6, 18, 19]",14,0.435185185185185,-17,19,3,0.010233918128654,36,1
60,"(14,10)",,False,46,"[9, 14, 5, 16, 10]",14,0.40750487329434604,-15,21,3,0.009941520467836001,36,1
61,"(14,10)",,False,46,"[9, 14, 5, 16, 10]",14,0.40750487329434604,-15,21,3,0.009941520467836001,36,1
62,"(3,0)",,False,44,"[3, 17, 18, 8, 0]",13,0.375828460038986,-13,23,3,0.021150097465886003,36,1
63,"(3,0)",,False,44,"[3, 17, 18, 8, 0]",13,0.375828460038986,-13,23,3,0.021150097465886003,36,1
64,"(1,6)",,False,44,"[1, 2, 19, 3, 6]",13,0.381432748538011,-11,25,4,0.047953216374269005,36,1
65,"(1,6)",,False,44,"[1, 2, 19, 3, 6]",13,0.381432748538011,-11,25,4,0.047953216374269005,36,1
66,"(10,9)",,False,46,"[3, 10, 14, 16, 9]",13,0.34975633528265104,-9,27,4,0.029922027290448003,36,1
67,"(10,9)",,False,46,"[3, 10, 14, 16, 9]",13,0.34975633528265104,-9,27,4,0.029922027290448003,36,1
68,"(11,1)",,False,45,"[11, 10, 8, 4, 1]",13,0.379970760233918,-7,29,5,0.065302144249512,36,1
69,"(11,1)",,False,45,"[11, 10, 8, 4, 1]",13,0.379970760233918,-7,29,5,0.065302144249512,36,1
70,"(0,11)",,False,42,"[19, 0, 13, 6, 11]",12,0.31469646338067303,-5,31,4,0.116214146477304,36,1
71,"(0,11)",,False,42,"[19, 0, 13, 6, 11]",12,0.31469646338067303,-5,31,4,0.116214146477304,36,1
72,"(7,18)",,False,45,"[19, 7, 18, 5, 15]",14,0.41072124756335204,-3,33,4,0.062865497076023,36,1
73,"(7,18)",,False,45,"[19, 7, 18, 5, 15]",14,0.41072124756335204,-3,33,4,0.062865497076023,36,1
74,"(16,18)",,False,45,"[10, 16, 8, 18, 17]",14,0.40682261208576903,-1,35,4,0.060428849902534006,36,1
75,"(16,18)",,False,45,"[10, 16, 8, 18, 17]",14,0.40682261208576903,-1,35,4,0.060428849902534006,36,1
76,"(6,19)",,False,44,"[6, 16, 3, 17, 19]",14,0.43713450292397604,1,37,4,0.070175438596491,36,1
77,"(6,19)",,False,44,"[6, 16, 3, 17, 19]",14,0.43713450292397604,1,37,4,0.070175438596491,36,1
78,"(12,0)",,False,41,"[7, 11, 14, 12, 0]",13,0.44944178628389103,3,39,4,0.10193159666843801,36,1
79,"(12,0)",,False,41,"[7, 11, 14, 12, 0]",13,0.44944178628389103,3,39,4,0.10193159666843801,36,1
80,"(2,0)",,False,42,"[2, 0, 15, 6, 18]",14,0.48581175160122503,5,41,4,0.08213589529379,36,1
81,"(2,0)",,False,42,"[2, 0, 15, 6, 18]",14,0.48581175160122503,5,41,4,0.08213589529379,36,1
82,"(7,1)",,False,44,"[10, 7, 1, 14, 19]",14,0.45633528265107204,7,43,5,0.09919242550821401,36,1
83,"(7,1)",,False,44,"[10, 7, 1, 14, 19]",14,0.45633528265107204,7,43,5,0.09919242550821401,36,1
84,"(5,4)",,False,45,"[9, 5, 4, 11, 18]",14,0.457894736842105,9,45,5,0.066276803118908,36,1
85,"(5,4)",,False,45,"[9, 5, 4, 11, 18]",14,0.457894736842105,9,45,5,0.066276803118908,36,1
86,"(1,9)",,False,44,"[1, 14, 9, 19, 7]",14,0.5027568922305761,11,47,6,0.077485380116959,36,1
87,"(1,9)",,False,44,"[1, 14, 9, 19, 7]",14,0.5027568922305761,11,47,6,0.077485380116959,36,1
88,"(16,1)",,False,44,"[18, 14, 8, 16, 1]",14,0.49632878492527605,13,49,7,0.097758284600389,36,1
89,"(16,1)",,False,44,"[18, 14, 8, 16, 1]",14,0.49632878492527605,13,49,7,0.097758284600389,36,1
90,"(19,0)",,False,42,"[19, 0, 2, 10, 3]",13,0.456286549707602,15,51,7,0.12563352826510701,36,1
91,"(19,0)",,False,42,"[19, 0, 2, 10, 3]",13,0.456286549707602,15,51,7,0.12563352826510701,36,1
92,"(11,3)",,False,42,"[11, 14, 18, 16, 3]",14,0.5061821219715951,17,53,7,0.133138401559454,36,1
93,"(11,3)",,False,42,"[11, 14, 18, 16, 3]",14,0.5061821219715951,17,53,7,0.133138401559454,36,1
94,"(7,16)",,False,42,"[19, 7, 17, 16, 14]",14,0.504826882019864,19,55,6,0.10407964355332701,36,1
95,"(7,16)",,False,42,"[19, 7, 17, 16, 14]",14,0.504826882019864,19,55,6,0.10407964355332701,36,1
96,"(15,11)",,False,44,"[3, 15, 4, 8, 11]",14,0.46083495776478206,21,57,6,0.107198551935394,36,1
97,"(15,11)",,False,44,"[3, 15, 4, 8, 11]",14,0.46083495776478206,21,57,6,0.107198551935394,36,1
98,"(7,2)",,False,44,"[4, 5, 3, 7, 2]",14,0.440499396639747,23,59,6,0.116750208855472,36,1
99,"(7,2)",,False,44,"[4, 5, 3, 7, 2]",14,0.440499396639747,23,59,6,0.116750208855472,36,1
100,"(12,1)",,False,45,"[12, 1, 9, 4, 10]",14,0.44717348927875206,25,61,7,0.11725146198830401,36,1
101,"(12,1)",,False,45,"[12, 1, 9, 4, 10]",14,0.44717348927875206,25,61,7,0.11725146198830401,36,1
102,"(9,18)",,False,44,"[16, 9, 11, 18, 14]",14,0.456530214424951,27,63,6,0.099025341130604,36,1
103,"(9,18)",,False,44,"[16, 9, 11, 18, 14]",14,0.456530214424951,27,63,6,0.099025341130604,36,1
104,"(9,15)",,False,44,"[9, 3, 4, 19, 15]",14,0.441325536062378,29,65,6,0.10331384015594501,36,1
105,"(9,15)",,False,44,"[9, 3, 4, 19, 15]",14,0.441325536062378,29,65,6,0.10331384015594501,36,1
106,"(19,1)",,False,44,"[9, 12, 19, 1, 0]",14,0.45370370370370305,31,67,7,0.130994152046783,36,1
107,"(19,1)",,False,44,"[9, 12, 19, 1, 0]",14,0.45370370370370305,31,67,7,0.130994152046783,36,1
108,"(1,13)",,False,43,"[3, 10, 11, 1, 13]",14,0.466959064327485,33,69,6,0.09844054580896601,36,1
109,"(1,13)",,False,43,"[3, 10, 11, 1, 13]",14,0.466959064327485,33,69,6,0.09844054580896601,36,1
110,"(12,14)",,False,43,"[12, 2, 17, 14, 5]",14,0.46345029239766006,35,71,6,0.09600389863547701,36,1
111,"(12,14)",,False,43,"[12, 2, 17, 14, 5]",14,0.46345029239766006,35,71,6,0.09600389863547701,36,1
112,"(17,1)",,False,43,"[19, 3, 17, 9, 1]",14,0.46471734892787503,37,73,7,0.123781676413255,36,1
113,"(17,1)",,False,43,"[19, 3, 17, 9, 1]",14,0.46471734892787503,37,73,7,0.123781676413255,36,1
114,"(7,14)",,False,46,"[7, 15, 14, 3, 2]",14,0.43983105912930404,39,75,7,0.08989603638726401,36,1
115,"(7,14)",,False,46,"[7, 15, 14, 3, 2]",14,0.43983105912930404,39,75,7,0.08989603638726401,36,1
116,"(0,16)",,False,45,"[0, 16, 12, 7, 3]",13,0.42949967511371,41,77,7,0.07995451591942801,36,1
117,"(0,16)",,False,45,"[0, 16, 12, 7, 3]",13,0.42949967511371,41,77,7,0.07995451591942801,36,1
118,"(7,4)",,False,47,"[7, 4, 8, 19, 10]",13,0.386781769237909,43,79,7,0.06899656548779301,36,1
119,"(7,4)",,False,47,"[7, 4, 8, 19, 10]",13,0.386781769237909,43,79,7,0.06899656548779301,36,1
120,"(9,5)",,False,49,"[11, 19, 9, 8, 5]",14,0.39095655806182106,45,81,7,0.051810080757449,36,1
121,"(9,5)",,False,49,"[11, 19, 9, 8, 5]",14,0.39095655806182106,45,81,7,0.051810080757449,36,1
122,"(0,13)",,False,48,"[10, 0, 1, 11, 13]",13,0.373196881091617,47,83,7,0.06687552213868,36,1
123,"(0,13)",,False,48,"[10, 0, 1, 11, 13]",13,0.373196881091617,47,83,7,0.06687552213868,36,1
124,"(4,12)",,False,51,"[18, 4, 12, 19, 11]",15,0.43728766360345306,49,85,7,0.034273182957393004,36,1
125,"(4,12)",,False,51,"[18, 4, 12, 19, 11]",15,0.43728766360345306,49,85,7,0.034273182957393004,36,1
126,"(13,0)",,False,50,"[13, 9, 4, 0, 7]",14,0.38661932609301003,51,87,7,0.06009468114731201,36,1
127,"(13,0)",,False,50,"[13, 9, 4, 0, 7]",14,0.38661932609301003,51,87,7,0.06009468114731201,36,1
128,"(2,6)",,False,51,"[2, 10, 4, 6, 7]",14,0.348315232525758,53,89,7,0.062628794207741,36,1
129,"(2,6)",,False,51,"[2, 10, 4, 6, 7]",14,0.348315232525758,53,89,7,0.062628794207741,36,1
130,"(13,19)",,False,49,"[2, 13, 19, 17, 14]",14,0.368267891952102,55,91,7,0.08700918964076801,36,1
131,"(13,19)",,False,49,"[2, 13, 19, 17, 14]",14,0.368267891952102,55,91,7,0.08700918964076801,36,1
132,"(10,0)",,False,47,"[12, 10, 8, 0, 3]",13,0.35871623503202404,57,93,7,0.09110275689223,36,1
133,"(10,0)",,False,47,"[12, 10, 8, 0, 3]",13,0.35871623503202404,57,93,7,0.09110275689223,36,1
134,"(0,5)",,False,47,"[0, 3, 5, 10, 14]",12,0.304993966397475,59,95,7,0.108892601875058,36,1
135,"(0,5)",,False,47,"[0, 3, 5, 10, 14]",12,0.304993966397475,59,95,7,0.108892601875058,36,1
136,"(11,1)",,False,48,"[11, 7, 19, 1, 6]",12,0.326701011788731,61,97,8,0.14179430056623002,36,1
137,"(11,1)",,False,48,"[11, 7, 19, 1, 6]",12,0.326701011788731,61,97,8,0.14179430056623002,36,1
138,"(16,1)",,False,47,"[17, 12, 16, 4, 1]",12,0.40272904483430705,63,99,9,0.17475633528265103,36,1
139,"(16,1)",,False,47,"[17, 12, 16, 4, 1]",12,0.40272904483430705,63,99,9,0.17475633528265103,36,1
140,"(4,1)",,False,48,"[12, 4, 16, 17, 1]",13,0.42413905133203306,65,101,10,0.187329434697855,36,1
141,"(4,1)",,False,48,"[12, 4, 16, 17, 1]",13,0.42413905133203306,65,101,10,0.187329434697855,36,1
142,"(7,14)",,False,48,"[13, 7, 17, 8, 14]",13,0.428037686809616,67,103,10,0.187329434697855,36,1
143,"(7,14)",,False,48,"[13, 7, 17, 8, 14]",13,0.428037686809616,67,103,10,0.187329434697855,36,1
144,"(1,15)",,False,47,"[7, 1, 8, 15, 3]",13,0.37309941520467804,69,105,11,0.25716374269005804,36,1
145,"(1,15)",,False,47,"[7, 1, 8, 15, 3]",13,0.37309941520467804,69,105,11,0.25716374269005804,36,1
146,"(18,3)",,False,49,"[18, 10, 15, 4, 3]",14,0.394619026197973,71,107,11,0.20277670672407502,36,1
147,"(18,3)",,False,49,"[18, 10, 15, 4, 3]",14,0.394619026197973,71,107,11,0.20277670672407502,36,1
148,"(7,11)",,False,50,"[2, 17, 7, 13, 11]",14,0.377562495983548,73,109,11,0.19497943576890903,36,1
149,"(7,11)",,False,50,"[2, 17, 7, 13, 11]",14,0.377562495983548,73,109,11,0.19497943576890903,36,1
150,"(7,8)",,False,53,"[4, 15, 18, 7, 8]",14,0.333639654692286,75,111,11,0.168453541260558,36,1
151,"(7,8)",,False,53,"[4, 15, 18, 7, 8]",14,0.333639654692286,75,111,11,0.168453541260558,36,1
152,"(3,9)",,False,52,"[11, 3, 9, 5, 6]",14,0.355395968553863,77,113,11,0.16845247020685603,36,1
153,"(3,9)",,False,52,"[11, 3, 9, 5, 6]",14,0.355395968553863,77,113,11,0.16845247020685603,36,1
154,"(13,14)",,False,52,"[19, 13, 17, 14, 15]",14,0.35091253775464304,79,115,10,0.137425829531092,36,1
155,"(13,14)",,False,52,"[19, 13, 17, 14, 15]",14,0.35091253775464304,79,115,10,0.137425829531092,36,1
156,"(5,1)",,False,52,"[15, 8, 6, 5, 1]",14,0.35857985419388905,81,117,11,0.18329977365065,36,1
157,"(5,1)",,False,52,"[15, 8, 6, 5, 1]",14,0.35857985419388905,81,117,11,0.18329977365065,36,1
158,"(1,14)",,False,52,"[7, 1, 14, 16, 3]",14,0.31664167541360505,83,119,12,0.22777902734043,36,1
159,"(1,14)",,False,52,"[7, 1, 14, 16, 3]",14,0.31664167541360505,83,119,12,0.22777902734043,36,1
160,"(8,7)",,False,52,"[8, 19, 13, 7, 18]",14,0.34390142021720904,85,121,11,0.18643831801726501,36,1
161,"(8,7)",,False,52,"[8, 19, 13, 7, 18]",14,0.34390142021720904,85,121,11,0.18643831801726501,36,1
162,"(1,10)",,False,52,"[3, 0, 16, 1, 10]",14,0.34753550543024203,87,123,12,0.23558897243107702,36,1
163,"(1,10)",,False,52,"[3, 0, 16, 1, 10]",14,0.34753550543024203,87,123,12,0.23558897243107702,36,1
164,"(15,1)",,False,54,"[15, 9, 11, 13, 1]",15,0.321707045391255,89,125,13,0.258493455861876,36,1
165,"(15,1)",,False,54,"[15, 9, 11, 13, 1]",15,0.321707045391255,89,125,13,0.258493455861876,36,1
166,"(0,14)",,False,55,"[3, 0, 14, 13, 17]",14,0.231161236424394,89,126,13,0.355277081592871,37,1
167,"(0,14)",,False,55,"[3, 0, 14, 13, 17]",14,0.231161236424394,89,126,13,0.355277081592871,37,1
168,"(12,5)",,False,55,"[16, 11, 12, 5, 15]",14,0.23710665552770802,87,126,13,0.287343358395989,39,1
169,"(12,5)",,False,55,"[16, 11, 12, 5, 15]",14,0.23710665552770802,87,126,13,0.287343358395989,39,1
170,"(11,0)",,False,56,"[12, 11, 0, 3, 14]",13,0.203780284043441,85,126,13,0.272500696184906,41,1
171,"(11,0)",,False,56,"[12, 11, 0, 3, 14]",13,0.203780284043441,85,126,13,0.272500696184906,41,1
172,"(8,15)",,False,59,"[8, 18, 6, 15, 17]",15,0.24122807017543801,85,127,13,0.24585769980506803,42,1
173,"(8,15)",,False,59,"[8, 18, 6, 15, 17]",15,0.24122807017543801,85,127,13,0.24585769980506803,42,1
174,"(4,8)",,False,60,"[4, 9, 16, 8, 19]",16,0.273391812865497,87,129,13,0.21671539961013603,42,1
175,"(4,8)",,False,60,"[4, 9, 16, 8, 19]",16,0.273391812865497,87,129,13,0.21671539961013603,42,1
176,"(4,16)",,False,60,"[4, 8, 19, 14, 16]",16,0.28457718369999,89,131,13,0.22043534762833003,42,1
177,"(4,16)",,False,60,"[4, 8, 19, 14, 16]",16,0.28457718369999,89,131,13,0.22043534762833003,42,1
178,"(0,10)",,False,58,"[11, 2, 8, 0, 10]",15,0.255494164704691,89,132,13,0.28261689577479004,43,1
179,"(0,10)",,False,58,"[11, 2, 8, 0, 10]",15,0.255494164704691,89,132,13,0.28261689577479004,43,1
180,"(0,13)",,False,58,"[18, 6, 0, 13, 11]",15,0.254797979797979,89,133,13,0.280249867091972,44,1
181,"(0,13)",,False,58,"[18, 6, 0, 13, 11]",15,0.254797979797979,89,133,13,0.280249867091972,44,1
182,"(18,14)",,False,57,"[4, 18, 14, 13, 15]",15,0.26580339738234404,91,135,11,0.159676970203286,44,1
183,"(18,14)",,False,57,"[4, 18, 14, 13, 15]",15,0.26580339738234404,91,135,11,0.159676970203286,44,1
184,"(11,15)",,False,56,"[11, 4, 7, 15, 17]",15,0.288082580187843,93,137,11,0.161002675037762,44,1
185,"(11,15)",,False,56,"[11, 4, 7, 15, 17]",15,0.288082580187843,93,137,11,0.161002675037762,44,1
186,"(8,0)",,False,56,"[8, 18, 0, 10, 16]",15,0.321965899597478,95,139,11,0.156008708640287,44,1
187,"(8,0)",,False,56,"[8, 18, 0, 10, 16]",15,0.321965899597478,95,139,11,0.156008708640287,44,1
188,"(0,11)",,False,53,"[13, 3, 0, 11, 1]",14,0.28722500696184905,97,141,11,0.175563909774436,44,1
189,"(0,11)",,False,53,"[13, 3, 0, 11, 1]",14,0.28722500696184905,97,141,11,0.175563909774436,44,1
190,"(0,5)",,False,50,"[15, 0, 5, 11, 1]",13,0.261563631300473,99,143,9,0.152037501160308,44,1
191,"(0,5)",,False,50,"[15, 0, 5, 11, 1]",13,0.261563631300473,99,143,9,0.152037501160308,44,1
192,"(16,10)",,False,51,"[16, 15, 4, 12, 10]",13,0.25648148148148103,101,145,9,0.14674649586930202,44,1
193,"(16,10)",,False,51,"[16, 15, 4, 12, 10]",13,0.25648148148148103,101,145,9,0.14674649586930202,44,1
194,"(15,0)",,False,51,"[15, 13, 19, 0, 18]",12,0.235297840560998,103,147,9,0.15815970903690202,44,1
195,"(15,0)",,False,51,"[15, 13, 19, 0, 18]",12,0.235297840560998,103,147,9,0.15815970903690202,44,1
196,"(19,18)",,False,53,"[7, 5, 19, 18, 6]",12,0.22618921039973602,105,149,9,0.148882306777043,44,1
197,"(19,18)",,False,53,"[7, 5, 19, 18, 6]",12,0.22618921039973602,105,149,9,0.148882306777043,44,1
198,"(0,4)",,False,51,"[19, 0, 10, 4, 3]",11,0.16447410614077201,107,151,9,0.164250905040378,44,1
199,"(0,4)",,False,51,"[19, 0, 10, 4, 3]",11,0.16447410614077201,107,151,9,0.164250905040378,44,1
200,"(6,10)",,False,53,"[18, 3, 6, 7, 10]",11,0.15249204986047002,107,152,9,0.157289688868636,45,1
201,"(6,10)",,False,53,"[18, 3, 6, 7, 10]",11,0.15249204986047002,107,152,9,0.157289688868636,45,1
202,"(1,2)",,False,52,"[1, 18, 2, 17, 9]",11,0.14848231690336902,107,153,10,0.217077415761626,46,1
203,"(1,2)",,False,52,"[1, 18, 2, 17, 9]",11,0.14848231690336902,107,153,10,0.217077415761626,46,1
204,"(0,14)",,False,52,"[0, 1, 17, 8, 14]",11,0.175028480291638,107,154,10,0.249272170324801,47,1
205,"(0,14)",,False,52,"[0, 1, 17, 8, 14]",11,0.175028480291638,107,154,10,0.249272170324801,47,1
206,"(9,2)",,False,53,"[12, 9, 11, 2, 6]",11,0.188339535707956,105,154,10,0.199641148325358,49,1
207,"(9,2)",,False,53,"[12, 9, 11, 2, 6]",11,0.188339535707956,105,154,10,0.199641148325358,49,1
208,"(4,3)",,False,54,"[7, 2, 9, 4, 3]",11,0.17724867724867702,107,156,10,0.156056808688387,49,1
209,"(4,3)",,False,54,"[7, 2, 9, 4, 3]",11,0.17724867724867702,107,156,10,0.156056808688387,49,1
210,"(3,19)",,False,53,"[8, 3, 14, 11, 19]",11,0.23361307308675702,109,158,9,0.141960330118224,49,1
211,"(3,19)",,False,53,"[8, 3, 14, 11, 19]",11,0.23361307308675702,109,158,9,0.141960330118224,49,1
212,"(2,13)",,False,52,"[2, 13, 19, 9, 17]",11,0.184969367864104,111,160,9,0.14727327578204702,49,1
213,"(2,13)",,False,52,"[2, 13, 19, 9, 17]",11,0.184969367864104,111,160,9,0.14727327578204702,49,1
214,"(8,1)",,False,51,"[3, 5, 8, 1, 2]",11,0.214362294625452,113,162,10,0.192251461988304,49,1
215,"(8,1)",,False,51,"[3, 5, 8, 1, 2]",11,0.214362294625452,113,162,10,0.192251461988304,49,1
216,"(0,9)",,False,49,"[11, 10, 16, 0, 9]",10,0.20600807574491703,115,164,9,0.16770398217766602,49,1
217,"(0,9)",,False,49,"[11, 10, 16, 0, 9]",10,0.20600807574491703,115,164,9,0.16770398217766602,49,1
218,"(1,19)",,False,49,"[15, 17, 8, 1, 19]",10,0.21971827717441703,117,166,10,0.19629397567994,49,1
219,"(1,19)",,False,49,"[15, 17, 8, 1, 19]",10,0.21971827717441703,117,166,10,0.19629397567994,49,1
220,"(13,18)",,False,50,"[13, 9, 14, 18, 5]",11,0.24933166248955702,119,168,9,0.143353754757263,49,1
221,"(13,18)",,False,50,"[13, 9, 14, 18, 5]",11,0.24933166248955702,119,168,9,0.143353754757263,49,1
222,"(3,4)",,False,52,"[3, 6, 13, 4, 15]",11,0.203972895200965,121,170,9,0.11752529471827701,49,1
223,"(3,4)",,False,52,"[3, 6, 13, 4, 15]",11,0.203972895200965,121,170,9,0.11752529471827701,49,1
224,"(0,14)",,False,50,"[9, 17, 13, 0, 14]",10,0.16341316253596902,123,172,9,0.11919613849438401,49,1
225,"(0,14)",,False,50,"[9, 17, 13, 0, 14]",10,0.16341316253596902,123,172,9,0.11919613849438401,49,1
226,"(8,2)",,False,48,"[5, 8, 18, 13, 2]",10,0.19055741204864002,125,174,9,0.15685045948203802,49,1
227,"(8,2)",,False,48,"[5, 8, 18, 13, 2]",10,0.19055741204864002,125,174,9,0.15685045948203802,49,1
228,"(11,2)",,False,50,"[11, 17, 12, 5, 2]",11,0.211368699526594,127,176,9,0.11098579782790301,49,1
229,"(11,2)",,False,50,"[11, 17, 12, 5, 2]",11,0.211368699526594,127,176,9,0.11098579782790301,49,1
230,"(0,18)",,False,50,"[16, 0, 14, 2, 18]",10,0.159892787524366,129,178,9,0.10129490392648201,49,1
231,"(0,18)",,False,50,"[16, 0, 14, 2, 18]",10,0.159892787524366,129,178,9,0.10129490392648201,49,1
232,"(18,19)",,False,51,"[18, 2, 11, 13, 19]",10,0.1573029796714,131,180,9,0.10677387914230001,49,1
233,"(18,19)",,False,51,"[18, 2, 11, 13, 19]",10,0.1573029796714,131,180,9,0.10677387914230001,49,1
234,"(0,7)",,False,52,"[0, 7, 2, 4, 5]",9,0.09700260752892301,133,182,9,0.091636920584289,49,1
235,"(0,7)",,False,52,"[0, 7, 2, 4, 5]",9,0.09700260752892301,133,182,9,0.091636920584289,49,1
236,"(5,17)",,False,53,"[5, 6, 17, 8, 10]",9,0.09797726639831901,135,184,9,0.07838155996050701,49,1
237,"(5,17)",,False,53,"[5, 6, 17, 8, 10]",9,0.09797726639831901,135,184,9,0.07838155996050701,49,1
238,"(3,14)",,False,52,"[3, 14, 11, 12, 16]",9,0.12098765432098701,137,186,9,0.07659890466908001,49,1
239,"(3,14)",,False,52,"[3, 14, 11, 12, 16]",9,0.12098765432098701,137,186,9,0.07659890466908001,49,1
240,"(16,18)",,False,53,"[10, 16, 17, 2, 18]",9,0.112661704766967,139,188,9,0.069772284245968,49,1
241,"(16,18)",,False,53,"[10, 16, 17, 2, 18]",9,0.112661704766967,139,188,9,0.069772284245968,49,1
242,"(7,19)",,False,55,"[7, 3, 8, 10, 19]",10,0.13700222779170101,141,190,9,0.07282094124199301,49,1
243,"(7,19)",,False,55,"[7, 3, 8, 10, 19]",10,0.13700222779170101,141,190,9,0.07282094124199301,49,1
244,"(12,10)",,False,58,"[19, 12, 10, 3, 5]",12,0.18776423381686502,143,192,9,0.07164692033113,49,1
245,"(12,10)",,False,58,"[19, 12, 10, 3, 5]",12,0.18776423381686502,143,192,9,0.07164692033113,49,1
246,"(15,17)",,False,59,"[18, 16, 15, 2, 17]",12,0.18889205336573703,145,194,9,0.062234500392395004,49,1
247,"(15,17)",,False,59,"[18, 16, 15, 2, 17]",12,0.18889205336573703,145,194,9,0.062234500392395004,49,1
248,"(2,3)",,False,58,"[19, 10, 12, 2, 3]",12,0.198496240601503,147,196,9,0.062143785389399006,49,1
249,"(2,3)",,False,58,"[19, 10, 12, 2, 3]",12,0.198496240601503,147,196,9,0.062143785389399006,49,1
250,"(11,4)",,False,61,"[13, 11, 4, 10, 9]",12,0.16437389770723101,149,198,9,0.047071382159101005,49,1
251,"(11,4)",,False,61,"[13, 11, 4, 10, 9]",12,0.16437389770723101,149,198,9,0.047071382159101005,49,1
252,"(2,1)",,False,61,"[9, 2, 3, 1, 15]",12,0.16437389770723101,151,200,9,0.047071382159101005,49,1
253,"(2,1)",,False,61,"[9, 2, 3, 1, 15]",12,0.16437389770723101,151,200,9,0.047071382159101005,49,1
254,"(4,1)",,False,64,"[4, 1, 19, 3, 14]",12,0.13411073981249402,153,202,10,0.06187227327578201,49,1
255,"(4,1)",,False,64,"[4, 1, 19, 3, 14]",12,0.13411073981249402,153,202,10,0.06187227327578201,49,1
256,"(17,14)",,False,63,"[12, 17, 7, 10, 14]",12,0.18362573099415203,155,204,10,0.062359602710479,49,1
257,"(17,14)",,False,63,"[12, 17, 7, 10, 14]",12,0.18362573099415203,155,204,10,0.062359602710479,49,1
258,"(13,12)",,False,66,"[13, 9, 16, 7, 12]",12,0.13687459389213702,157,206,10,0.053541260558804,49,1
259,"(13,12)",,False,66,"[13, 9, 16, 7, 12]",12,0.13687459389213702,157,206,10,0.053541260558804,49,1
260,"(12,3)",,False,66,"[12, 7, 3, 9, 15]",12,0.129518240044555,159,208,9,0.041673628515733,49,1
261,"(12,3)",,False,66,"[12, 7, 3, 9, 15]",12,0.129518240044555,159,208,9,0.041673628515733,49,1
262,"(17,4)",,False,65,"[2, 17, 6, 7, 4]",12,0.13646679830890301,161,210,9,0.035561757930178,49,1
263,"(17,4)",,False,65,"[2, 17, 6, 7, 4]",12,0.13646679830890301,161,210,9,0.035561757930178,49,1
264,"(12,7)",,False,64,"[5, 9, 12, 7, 2]",12,0.14572310405643701,163,212,7,0.017901234567901003,49,1
265,"(12,7)",,False,64,"[5, 9, 12, 7, 2]",12,0.14572310405643701,163,212,7,0.017901234567901003,49,1
266,"(1,11)",,False,64,"[19, 1, 11, 15, 17]",12,0.145518175781333,165,214,7,0.019125805967911,49,1
267,"(1,11)",,False,64,"[19, 1, 11, 15, 17]",12,0.145518175781333,165,214,7,0.019125805967911,49,1
268,"(11,14)",,False,66,"[11, 10, 2, 19, 14]",13,0.160200001428071,167,216,7,0.018262536683589,49,1
269,"(11,14)",,False,66,"[11, 10, 2, 19, 14]",13,0.160200001428071,167,216,7,0.018262536683589,49,1
270,"(1,4)",,False,66,"[2, 19, 1, 4, 9]",13,0.15760091110968302,169,218,8,0.03395454448086,49,1
271,"(1,4)",,False,66,"[2, 19, 1, 4, 9]",13,0.15760091110968302,169,218,8,0.03395454448086,49,1
272,"(17,0)",,False,64,"[17, 5, 7, 0, 16]",12,0.15587669315739403,171,220,8,0.038618983355825004,49,1
273,"(17,0)",,False,64,"[17, 5, 7, 0, 16]",12,0.15587669315739403,171,220,8,0.038618983355825004,49,1
274,"(1,10)",,False,64,"[1, 3, 11, 10, 15]",12,0.163251563251563,173,222,9,0.07071656413761601,49,1
275,"(1,10)",,False,64,"[1, 3, 11, 10, 15]",12,0.163251563251563,173,222,9,0.07071656413761601,49,1
276,"(1,13)",,False,66,"[1, 13, 10, 9, 2]",13,0.156234019391914,175,224,10,0.09294574820890601,49,1
277,"(1,13)",,False,66,"[1, 13, 10, 9, 2]",13,0.156234019391914,175,224,10,0.09294574820890601,49,1
278,"(18,1)",,False,68,"[18, 14, 3, 16, 1]",14,0.17598573453836602,177,226,11,0.11653850535429401,49,1
279,"(18,1)",,False,68,"[18, 14, 3, 16, 1]",14,0.17598573453836602,177,226,11,0.11653850535429401,49,1
280,"(3,15)",,False,67,"[3, 17, 16, 15, 18]",14,0.17471456418824802,179,228,9,0.077907732293697,49,1
281,"(3,15)",,False,67,"[3, 17, 16, 15, 18]",14,0.17471456418824802,179,228,9,0.077907732293697,49,1
282,"(4,2)",,False,66,"[13, 4, 2, 14, 10]",14,0.184864940128098,181,230,7,0.052274204028589004,49,1
283,"(4,2)",,False,66,"[13, 4, 2, 14, 10]",14,0.184864940128098,181,230,7,0.052274204028589004,49,1
284,"(0,9)",,False,63,"[5, 0, 17, 6, 9]",13,0.17485380116959,183,232,7,0.053954330270119005,49,1
285,"(0,9)",,False,63,"[5, 0, 17, 6, 9]",13,0.17485380116959,183,232,7,0.053954330270119005,49,1
286,"(1,4)",,False,63,"[10, 7, 1, 4, 15]",13,0.1719287535077,185,234,8,0.06951566951566901,49,1
287,"(1,4)",,False,63,"[10, 7, 1, 4, 15]",13,0.1719287535077,185,234,8,0.06951566951566901,49,1
288,"(4,14)",,False,65,"[18, 17, 4, 10, 14]",14,0.19472184735342601,187,236,8,0.056617683810666,49,1
289,"(4,14)",,False,65,"[18, 17, 4, 10, 14]",14,0.19472184735342601,187,236,8,0.056617683810666,49,1
290,"(11,12)",,False,64,"[4, 17, 15, 11, 12]",14,0.20139246718194,189,238,8,0.057512370670265,49,1
291,"(11,12)",,False,64,"[4, 17, 15, 11, 12]",14,0.20139246718194,189,238,8,0.057512370670265,49,1
292,"(3,13)",,False,63,"[9, 3, 18, 13, 4]",14,0.213255360623781,191,240,6,0.027042353358142004,49,1
293,"(3,13)",,False,63,"[9, 3, 18, 13, 4]",14,0.213255360623781,191,240,6,0.027042353358142004,49,1
294,"(4,6)",,False,62,"[4, 9, 3, 17, 6]",14,0.23489974937343303,193,242,6,0.030228348649401004,49,1
295,"(4,6)",,False,62,"[4, 9, 3, 17, 6]",14,0.23489974937343303,193,242,6,0.030228348649401004,49,1
296,"(0,6)",,False,61,"[0, 6, 3, 12, 11]",13,0.21419521024784102,195,244,6,0.032674278288313,49,1
297,"(0,6)",,False,61,"[0, 6, 3, 12, 11]",13,0.21419521024784102,195,244,6,0.032674278288313,49,1
298,"(8,3)",,False,61,"[16, 8, 15, 10, 3]",13,0.187081128747795,197,246,6,0.034136266592406005,49,1
299,"(8,3)",,False,61,"[16, 8, 15, 10, 3]",13,0.187081128747795,197,246,6,0.034136266592406005,49,1
300,"(7,2)",,False,61,"[7, 3, 2, 5, 4]",13,0.184660725888796,199,248,6,0.034331198366286,49,1
301,"(7,2)",,False,61,"[7, 3, 2, 5, 4]",13,0.184660725888796,199,248,6,0.034331198366286,49,1
302,"(1,7)",,False,64,"[13, 1, 7, 17, 4]",15,0.24615916896618603,201,250,7,0.039114832535885005,49,1
303,"(1,7)",,False,64,"[13, 1, 7, 17, 4]",15,0.24615916896618603,201,250,7,0.039114832535885005,49,1
304,"(10,19)",,False,65,"[10, 11, 15, 4, 19]",15,0.23581639283393602,203,252,7,0.027485380116959002,49,1
305,"(10,19)",,False,65,"[10, 11, 15, 4, 19]",15,0.23581639283393602,203,252,7,0.027485380116959002,49,1
306,"(1,8)",,False,65,"[19, 1, 17, 11, 8]",15,0.23295739348370903,205,254,8,0.043567251461988005,49,1
307,"(1,8)",,False,65,"[19, 1, 17, 11, 8]",15,0.23295739348370903,205,254,8,0.043567251461988005,49,1
308,"(3,10)",,False,65,"[3, 6, 19, 5, 10]",15,0.22917014759120002,207,256,7,0.031384015594541,49,1
309,"(3,10)",,False,65,"[3, 6, 19, 5, 10]",15,0.22917014759120002,207,256,7,0.031384015594541,49,1
310,"(9,0)",,False,62,"[5, 14, 12, 9, 0]",14,0.20827995915715203,209,258,7,0.034307992202729,49,1
311,"(9,0)",,False,62,"[5, 14, 12, 9, 0]",14,0.20827995915715203,209,258,7,0.034307992202729,49,1
312,"(0,19)",,False,60,"[10, 0, 4, 5, 19]",13,0.187719298245614,211,260,6,0.023716699155295003,49,1
313,"(0,19)",,False,60,"[10, 0, 4, 5, 19]",13,0.187719298245614,211,260,6,0.023716699155295003,49,1
314,"(11,13)",,False,59,"[15, 17, 11, 18, 13]",13,0.18912095052445901,213,262,6,0.026710294254153003,49,1
315,"(11,13)",,False,59,"[15, 17, 11, 18, 13]",13,0.18912095052445901,213,262,6,0.026710294254153003,49,1
316,"(13,0)",,False,58,"[9, 5, 13, 15, 0]",12,0.17291144527986602,215,264,6,0.031314397103870004,49,1
317,"(13,0)",,False,58,"[9, 5, 13, 15, 0]",12,0.17291144527986602,215,264,6,0.031314397103870004,49,1
318,"(13,8)",,False,58,"[2, 6, 16, 13, 8]",12,0.17094614287596702,217,266,6,0.034990383235997,49,1
319,"(13,8)",,False,58,"[2, 6, 16, 13, 8]",12,0.17094614287596702,217,266,6,0.034990383235997,49,1
320,"(12,0)",,False,55,"[19, 11, 12, 0, 7]",11,0.19402061551184302,219,268,6,0.037239352590229,49,1
321,"(12,0)",,False,55,"[19, 11, 12, 0, 7]",11,0.19402061551184302,219,268,6,0.037239352590229,49,1
322,"(8,0)",,False,55,"[5, 12, 8, 0, 14]",11,0.184628237259816,221,270,6,0.061148240972802005,49,1
323,"(8,0)",,False,55,"[5, 12, 8, 0, 14]",11,0.184628237259816,221,270,6,0.061148240972802005,49,1
324,"(9,11)",,False,57,"[9, 17, 3, 11, 5]",12,0.20307587149692402,223,272,6,0.054409171075837,49,1
325,"(9,11)",,False,57,"[9, 17, 3, 11, 5]",12,0.20307587149692402,223,272,6,0.054409171075837,49,1
326,"(13,0)",,False,55,"[2, 13, 5, 0, 3]",11,0.181361231361231,225,274,6,0.057632507193910006,49,1
327,"(13,0)",,False,55,"[2, 13, 5, 0, 3]",11,0.181361231361231,225,274,6,0.057632507193910006,49,1
328,"(14,7)",,False,55,"[14, 7, 4, 3, 12]",11,0.17562466772993002,227,276,6,0.057992202729044005,49,1
329,"(14,7)",,False,55,"[14, 7, 4, 3, 12]",11,0.17562466772993002,227,276,6,0.057992202729044005,49,1
330,"(16,11)",,False,54,"[5, 15, 14, 16, 11]",11,0.152181801304608,229,278,6,0.058040935672514005,49,1
331,"(16,11)",,False,54,"[5, 15, 14, 16, 11]",11,0.152181801304608,229,278,6,0.058040935672514005,49,1
332,"(0,2)",,False,54,"[3, 0, 13, 6, 2]",10,0.12158679527100501,231,280,6,0.065174510349948,49,1
333,"(0,2)",,False,54,"[3, 0, 13, 6, 2]",10,0.12158679527100501,231,280,6,0.065174510349948,49,1
334,"(6,2)",,False,51,"[6, 3, 5, 15, 2]",10,0.162466772993088,233,282,6,0.08876357560568,49,1
335,"(6,2)",,False,51,"[6, 3, 5, 15, 2]",10,0.162466772993088,233,282,6,0.08876357560568,49,1
336,"(18,16)",,False,52,"[7, 18, 16, 8, 13]",12,0.23153717627401801,235,284,6,0.063116123642439,49,1
337,"(18,16)",,False,52,"[7, 18, 16, 8, 13]",12,0.23153717627401801,235,284,6,0.063116123642439,49,1
338,"(0,5)",,False,50,"[10, 0, 11, 5, 17]",11,0.20633314054366603,237,286,6,0.06439174860227401,49,1
339,"(0,5)",,False,50,"[10, 0, 11, 5, 17]",11,0.20633314054366603,237,286,6,0.06439174860227401,49,1
340,"(1,15)",,False,50,"[2, 1, 13, 8, 15]",11,0.200174046226677,239,288,7,0.094555834029518,49,1
341,"(1,15)",,False,50,"[2, 1, 13, 8, 15]",11,0.200174046226677,239,288,7,0.094555834029518,49,1
342,"(10,1)",,False,49,"[2, 10, 19, 1, 15]",11,0.22353426300794701,241,290,8,0.115152196731144,49,1
343,"(10,1)",,False,49,"[2, 10, 19, 1, 15]",11,0.22353426300794701,241,290,8,0.115152196731144,49,1
344,"(4,6)",,False,49,"[8, 19, 4, 17, 6]",11,0.22112225006961803,243,292,7,0.09725935208391301,49,1
345,"(4,6)",,False,49,"[8, 19, 4, 17, 6]",11,0.22112225006961803,243,292,7,0.09725935208391301,49,1
346,"(11,2)",,False,51,"[11, 17, 3, 15, 2]",11,0.18948064605959303,245,294,7,0.087524366471734,49,1
347,"(11,2)",,False,51,"[11, 17, 3, 15, 2]",11,0.18948064605959303,245,294,7,0.087524366471734,49,1
348,"(18,1)",,False,51,"[8, 18, 1, 13, 0]",11,0.219896964633806,247,296,8,0.115580618212197,49,1
349,"(18,1)",,False,51,"[8, 18, 1, 13, 0]",11,0.219896964633806,247,296,8,0.115580618212197,49,1
350,"(13,19)",,False,54,"[7, 13, 19, 11, 2]",11,0.19937280068859,249,298,8,0.091020480494164,49,1
351,"(13,19)",,False,54,"[7, 13, 19, 11, 2]",11,0.19937280068859,249,298,8,0.091020480494164,49,1
352,"(6,8)",,False,53,"[16, 6, 8, 11, 7]",11,0.19675577833472502,251,300,8,0.08940406571985501,49,1
353,"(6,8)",,False,53,"[16, 6, 8, 11, 7]",11,0.19675577833472502,251,300,8,0.08940406571985501,49,1
354,"(0,16)",,False,50,"[13, 6, 18, 0, 16]",10,0.168081171589943,253,302,8,0.12126005897935702,49,1
355,"(0,16)",,False,50,"[13, 6, 18, 0, 16]",10,0.168081171589943,253,302,8,0.12126005897935702,49,1
356,"(1,9)",,False,53,"[1, 16, 14, 11, 9]",12,0.21491758728600802,255,304,9,0.138292944871892,49,1
357,"(1,9)",,False,53,"[1, 16, 14, 11, 9]",12,0.21491758728600802,255,304,9,0.138292944871892,49,1
358,"(0,6)",,False,52,"[0, 5, 9, 18, 6]",12,0.20982209797999202,257,306,9,0.147872887346571,49,1
359,"(0,6)",,False,52,"[0, 5, 9, 18, 6]",12,0.20982209797999202,257,306,9,0.147872887346571,49,1
360,"(4,10)",,False,51,"[5, 3, 6, 4, 10]",12,0.22706830206830203,259,308,7,0.09098250677198001,49,1
361,"(4,10)",,False,51,"[5, 3, 6, 4, 10]",12,0.22706830206830203,259,308,7,0.09098250677198001,49,1
362,"(18,15)",,False,54,"[18, 15, 2, 16, 13]",12,0.19872590048028602,261,310,7,0.064481067989839,49,1
363,"(18,15)",,False,54,"[18, 15, 2, 16, 13]",12,0.19872590048028602,261,310,7,0.064481067989839,49,1
364,"(18,14)",,False,53,"[6, 4, 12, 18, 14]",12,0.21887589343729602,263,312,6,0.05029239766081801,49,1
365,"(18,14)",,False,53,"[6, 4, 12, 18, 14]",12,0.21887589343729602,263,312,6,0.05029239766081801,49,1
366,"(1,16)",,False,53,"[8, 13, 17, 1, 16]",12,0.23151903327341902,265,314,7,0.09312633435440401,49,1
367,"(1,16)",,False,53,"[8, 13, 17, 1, 16]",12,0.23151903327341902,265,314,7,0.09312633435440401,49,1
368,"(10,0)",,False,51,"[10, 0, 13, 9, 1]",11,0.21064276853750502,267,316,7,0.09591107398124901,49,1
369,"(10,0)",,False,51,"[10, 0, 13, 9, 1]",11,0.21064276853750502,267,316,7,0.09591107398124901,49,1
370,"(2,18)",,False,51,"[2, 18, 17, 6, 16]",11,0.202339603216796,269,318,7,0.094384108419196,49,1
371,"(2,18)",,False,51,"[2, 18, 17, 6, 16]",11,0.202339603216796,269,318,7,0.094384108419196,49,1
372,"(0,12)",,False,48,"[17, 0, 9, 12, 18]",10,0.21733310549100002,271,320,7,0.11477304372041201,49,1
373,"(0,12)",,False,48,"[17, 0, 9, 12, 18]",10,0.21733310549100002,271,320,7,0.11477304372041201,49,1
374,"(15,0)",,False,48,"[15, 5, 14, 13, 0]",9,0.17193488772436102,273,322,7,0.10646059593428,49,1
375,"(15,0)",,False,48,"[15, 5, 14, 13, 0]",9,0.17193488772436102,273,322,7,0.10646059593428,49,1
376,"(16,8)",,False,47,"[13, 16, 8, 17, 11]",10,0.241047062099693,275,324,7,0.162016151489835,49,1
377,"(16,8)",,False,47,"[13, 16, 8, 17, 11]",10,0.241047062099693,275,324,7,0.162016151489835,49,1
378,"(0,7)",,False,45,"[0, 17, 7, 16, 10]",9,0.246296296296296,277,326,6,0.160609857978279,49,1
379,"(0,7)",,False,45,"[0, 17, 7, 16, 10]",9,0.246296296296296,277,326,6,0.160609857978279,49,1
380,"(7,17)",,False,45,"[10, 7, 16, 0, 17]",9,0.23604149262044,279,328,6,0.149721526037315,49,1
381,"(7,17)",,False,45,"[10, 7, 16, 0, 17]",9,0.23604149262044,279,328,6,0.149721526037315,49,1
382,"(12,1)",,False,44,"[17, 9, 12, 16, 1]",9,0.23131903833658202,281,330,6,0.153063213589529,49,1
383,"(12,1)",,False,44,"[17, 9, 12, 16, 1]",9,0.23131903833658202,281,330,6,0.153063213589529,49,1
384,"(11,2)",,False,47,"[17, 3, 18, 11, 2]",9,0.197526222964819,283,332,6,0.08032581453634001,49,1
385,"(11,2)",,False,47,"[17, 3, 18, 11, 2]",9,0.197526222964819,283,332,6,0.08032581453634001,49,1
386,"(8,4)",,False,47,"[16, 8, 4, 19, 15]",9,0.17781490763946903,285,334,6,0.079643553327763,49,1
387,"(8,4)",,False,47,"[16, 8, 4, 19, 15]",9,0.17781490763946903,285,334,6,0.079643553327763,49,1
388,"(0,11)",,False,46,"[5, 0, 6, 17, 11]",8,0.166796621182586,287,336,6,0.09615009746588601,49,1
389,"(0,11)",,False,46,"[5, 0, 6, 17, 11]",8,0.166796621182586,287,336,6,0.09615009746588601,49,1
390,"(1,8)",,False,47,"[16, 1, 7, 12, 8]",8,0.152561960456697,289,338,7,0.10725424672793,49,1
391,"(1,8)",,False,47,"[16, 1, 7, 12, 8]",8,0.152561960456697,289,338,7,0.10725424672793,49,1
392,"(0,15)",,False,48,"[11, 5, 16, 0, 15]",7,0.09814065077222901,291,340,7,0.084304243514769,49,1
393,"(0,15)",,False,48,"[11, 5, 16, 0, 15]",7,0.09814065077222901,291,340,7,0.084304243514769,49,1
394,"(6,17)",,False,47,"[10, 5, 6, 17, 16]",7,0.11811241065627001,293,342,7,0.072173489278752,49,1
395,"(6,17)",,False,47,"[10, 5, 6, 17, 16]",7,0.11811241065627001,293,342,7,0.072173489278752,49,1
396,"(1,13)",,False,49,"[1, 11, 13, 8, 2]",8,0.14056205328135102,295,344,8,0.09618026547851101,49,1
397,"(1,13)",,False,49,"[1, 11, 13, 8, 2]",8,0.14056205328135102,295,344,8,0.09618026547851101,49,1
398,"(14,2)",,False,48,"[3, 14, 7, 2, 17]",8,0.101900584795321,297,346,6,0.04342105263157801,49,1
399,"(14,2)",,False,48,"[3, 14, 7, 2, 17]",8,0.101900584795321,297,346,6,0.04342105263157801,49,1
400,"(12,17)",,False,49,"[12, 9, 10, 16, 17]",8,0.09558154645873901,299,348,6,0.042933723196881005,49,1
401,"(12,17)",,False,49,"[12, 9, 10, 16, 17]",8,0.09558154645873901,299,348,6,0.042933723196881005,49,1
402,"(4,16)",,False,46,"[15, 8, 4, 16, 3]",8,0.120546737213403,301,350,4,0.056042884990253006,49,1
403,"(4,16)",,False,46,"[15, 8, 4, 16, 3]",8,0.120546737213403,301,350,4,0.056042884990253006,49,1
404,"(3,2)",,False,46,"[7, 11, 3, 2, 5]",8,0.12762925833101202,303,352,3,0.047758284600389,49,1
405,"(3,2)",,False,46,"[7, 11, 3, 2, 5]",8,0.12762925833101202,303,352,3,0.047758284600389,49,1
406,"(7,1)",,False,46,"[7, 9, 6, 18, 1]",8,0.13204771187227302,305,354,4,0.069804139979578,49,1
407,"(7,1)",,False,46,"[7, 9, 6, 18, 1]",8,0.13204771187227302,305,354,4,0.069804139979578,49,1
408,"(18,0)",,False,45,"[2, 18, 16, 0, 6]",7,0.09655852594449,307,356,4,0.055880441845354005,49,1
409,"(18,0)",,False,45,"[2, 18, 16, 0, 6]",7,0.09655852594449,307,356,4,0.055880441845354005,49,1
410,"(7,4)",,False,46,"[7, 12, 3, 11, 4]",9,0.17851109254618,309,358,4,0.038986354775828,49,1
411,"(7,4)",,False,46,"[7, 12, 3, 11, 4]",9,0.17851109254618,309,358,4,0.038986354775828,49,1
412,"(14,1)",,False,46,"[14, 16, 1, 8, 19]",9,0.16869952659426302,311,360,5,0.057804232804232004,49,1
413,"(14,1)",,False,46,"[14, 16, 1, 8, 19]",9,0.16869952659426302,311,360,5,0.057804232804232004,49,1
414,"(0,4)",,False,46,"[17, 10, 0, 13, 4]",8,0.125194931773879,313,362,5,0.048412698412698005,49,1
415,"(0,4)",,False,46,"[17, 10, 0, 13, 4]",8,0.125194931773879,313,362,5,0.048412698412698005,49,1
416,"(2,16)",,False,45,"[14, 2, 3, 16, 4]",8,0.109878863826232,315,364,5,0.043776106934001004,49,1
417,"(2,16)",,False,45,"[14, 2, 3, 16, 4]",8,0.109878863826232,315,364,5,0.043776106934001004,49,1
418,"(0,16)",,False,45,"[3, 0, 18, 16, 2]",8,0.12878260465979702,317,366,5,0.049331662489557004,49,1
419,"(0,16)",,False,45,"[3, 0, 18, 16, 2]",8,0.12878260465979702,317,366,5,0.049331662489557004,49,1
420,"(9,14)",,False,47,"[9, 2, 12, 14, 19]",9,0.14739858906525502,319,368,5,0.047626009468114,49,1
421,"(9,14)",,False,47,"[9, 2, 12, 14, 19]",9,0.14739858906525502,319,368,5,0.047626009468114,49,1
422,"(8,17)",,False,47,"[8, 17, 2, 19, 13]",9,0.14309616634178002,321,370,4,0.032846003898635005,49,1
423,"(8,17)",,False,47,"[8, 17, 2, 19, 13]",9,0.14309616634178002,321,370,4,0.032846003898635005,49,1
424,"(1,11)",,False,47,"[18, 1, 9, 6, 11]",9,0.157115009746588,323,372,5,0.055539311241065,49,1
425,"(1,11)",,False,47,"[18, 1, 9, 6, 11]",9,0.157115009746588,323,372,5,0.055539311241065,49,1
426,"(0,4)",,False,44,"[2, 19, 0, 4, 12]",8,0.10510071474983701,325,374,5,0.06410006497725701,49,1
427,"(0,4)",,False,44,"[2, 19, 0, 4, 12]",8,0.10510071474983701,325,374,5,0.06410006497725701,49,1
428,"(15,1)",,False,44,"[18, 3, 7, 15, 1]",8,0.11153346328784901,327,376,6,0.08807667316439201,49,1
429,"(15,1)",,False,44,"[18, 3, 7, 15, 1]",8,0.11153346328784901,327,376,6,0.08807667316439201,49,1
430,"(3,15)",,False,46,"[18, 3, 2, 19, 15]",8,0.094476933073424,329,378,6,0.063710201429499,49,1
431,"(3,15)",,False,46,"[18, 3, 2, 19, 15]",8,0.094476933073424,329,378,6,0.063710201429499,49,1
432,"(2,0)",,False,46,"[10, 14, 2, 0, 4]",7,0.06993177387914201,329,379,6,0.072319688109161,50,1
433,"(2,0)",,False,46,"[10, 14, 2, 0, 4]",7,0.06993177387914201,329,379,6,0.072319688109161,50,1
434,"(16,4)",,False,49,"[8, 16, 13, 4, 5]",9,0.110182864568829,331,381,6,0.078058572356817,50,1
435,"(16,4)",,False,49,"[8, 16, 13, 4, 5]",9,0.110182864568829,331,381,6,0.078058572356817,50,1
436,"(0,12)",,False,49,"[8, 3, 0, 15, 12]",8,0.08066694514062901,333,383,6,0.06569200779727001,50,1
437,"(0,12)",,False,49,"[8, 3, 0, 15, 12]",8,0.08066694514062901,333,383,6,0.06569200779727001,50,1
438,"(17,1)",,False,52,"[16, 0, 12, 17, 1]",8,0.06755778334725701,333,384,7,0.06885964912280701,51,1
439,"(17,1)",,False,52,"[16, 0, 12, 17, 1]",8,0.06755778334725701,333,384,7,0.06885964912280701,51,1
440,"(6,9)",,False,54,"[13, 6, 14, 3, 9]",8,0.056322965533491004,335,386,7,0.05328759934023,51,1
441,"(6,9)",,False,54,"[13, 6, 14, 3, 9]",8,0.056322965533491004,335,386,7,0.05328759934023,51,1
442,"(6,0)",,False,51,"[7, 6, 2, 0, 1]",7,0.049561403508771,337,388,6,0.032755499860763,51,1
443,"(6,0)",,False,51,"[7, 6, 2, 0, 1]",7,0.049561403508771,337,388,6,0.032755499860763,51,1
444,"(1,5)",,False,51,"[17, 6, 1, 5, 2]",7,0.050584795321637004,337,389,7,0.052631578947368,52,1
445,"(1,5)",,False,51,"[17, 6, 1, 5, 2]",7,0.050584795321637004,337,389,7,0.052631578947368,52,1
446,"(12,3)",,False,51,"[6, 12, 17, 3, 5]",7,0.044240652135388005,337,390,7,0.051603756866914006,53,1
447,"(12,3)",,False,51,"[6, 12, 17, 3, 5]",7,0.044240652135388005,337,390,7,0.051603756866914006,53,1
448,"(4,1)",,False,53,"[4, 1, 0, 3, 6]",8,0.10311004784688901,339,392,8,0.083410124638194,53,1
449,"(4,1)",,False,53,"[4, 1, 0, 3, 6]",8,0.10311004784688901,339,392,8,0.083410124638194,53,1
450,"(15,0)",,False,53,"[15, 10, 0, 3, 11]",7,0.09151160730108,339,393,8,0.094878610668084,54,1
451,"(15,0)",,False,53,"[15, 10, 0, 3, 11]",7,0.09151160730108,339,393,8,0.094878610668084,54,1
452,"(17,3)",,False,54,"[19, 17, 3, 15, 14]",8,0.126023391812865,341,395,7,0.046036387264457,54,1
453,"(17,3)",,False,54,"[19, 17, 3, 15, 14]",8,0.126023391812865,341,395,7,0.046036387264457,54,1
454,"(9,4)",,False,57,"[9, 5, 4, 15, 14]",10,0.13468286099865,343,397,7,0.032028789923526,54,1
455,"(9,4)",,False,57,"[9, 5, 4, 15, 14]",10,0.13468286099865,343,397,7,0.032028789923526,54,1
456,"(3,0)",,False,58,"[15, 18, 19, 3, 0]",11,0.170760233918128,345,399,7,0.031335282651072,54,1
457,"(3,0)",,False,58,"[15, 18, 19, 3, 0]",11,0.170760233918128,345,399,7,0.031335282651072,54,1
458,"(12,2)",,False,57,"[14, 12, 15, 2, 9]",11,0.16839320523531,347,401,7,0.038262322472848005,54,1
459,"(12,2)",,False,57,"[14, 12, 15, 2, 9]",11,0.16839320523531,347,401,7,0.038262322472848005,54,1
460,"(9,13)",,False,57,"[8, 3, 9, 13, 5]",11,0.196908939014202,349,403,7,0.038749651907546,54,1
461,"(9,13)",,False,57,"[8, 3, 9, 13, 5]",11,0.196908939014202,349,403,7,0.038749651907546,54,1
462,"(7,0)",,False,58,"[18, 7, 0, 9, 5]",12,0.227088554720133,351,405,7,0.035735171261487,54,1
463,"(7,0)",,False,58,"[18, 7, 0, 9, 5]",12,0.227088554720133,351,405,7,0.035735171261487,54,1
464,"(15,8)",,False,59,"[18, 15, 14, 8, 9]",12,0.21544138123085402,353,407,7,0.027875243664717,54,1
465,"(15,8)",,False,59,"[18, 15, 14, 8, 9]",12,0.21544138123085402,353,407,7,0.027875243664717,54,1
466,"(16,14)",,False,58,"[16, 18, 14, 6, 4]",12,0.224930381509328,355,409,7,0.028086419753086,54,1
467,"(16,14)",,False,58,"[16, 18, 14, 6, 4]",12,0.224930381509328,355,409,7,0.028086419753086,54,1
468,"(6,9)",,False,60,"[3, 19, 6, 10, 9]",12,0.19987110030969601,357,411,7,0.027290448343079,54,1
469,"(6,9)",,False,60,"[3, 19, 6, 10, 9]",12,0.19987110030969601,357,411,7,0.027290448343079,54,1
470,"(8,14)",,False,59,"[8, 2, 6, 14, 19]",12,0.20427330953646702,359,413,6,0.021604938271604,54,1
471,"(8,14)",,False,59,"[8, 2, 6, 14, 19]",12,0.20427330953646702,359,413,6,0.021604938271604,54,1
472,"(5,9)",,False,61,"[15, 5, 18, 10, 9]",12,0.19287801217625702,361,415,6,0.019938021692407,54,1
473,"(5,9)",,False,61,"[15, 5, 18, 10, 9]",12,0.19287801217625702,361,415,6,0.019938021692407,54,1
474,"(18,1)",,False,61,"[0, 5, 2, 18, 1]",12,0.206422184053762,363,417,7,0.042111510971160004,54,1
475,"(18,1)",,False,61,"[0, 5, 2, 18, 1]",12,0.206422184053762,363,417,7,0.042111510971160004,54,1
476,"(17,4)",,False,60,"[18, 12, 17, 4, 7]",12,0.206565656565656,365,419,7,0.044102575462224,54,1
477,"(17,4)",,False,60,"[18, 12, 17, 4, 7]",12,0.206565656565656,365,419,7,0.044102575462224,54,1
478,"(4,1)",,False,62,"[9, 4, 1, 5, 15]",13,0.22354560644034302,367,421,8,0.052371142502721006,54,1
479,"(4,1)",,False,62,"[9, 4, 1, 5, 15]",13,0.22354560644034302,367,421,8,0.052371142502721006,54,1
480,"(13,6)",,False,62,"[12, 19, 17, 13, 6]",13,0.21962481962481903,369,423,8,0.052371142502721006,54,1
481,"(13,6)",,False,62,"[12, 19, 17, 13, 6]",13,0.21962481962481903,369,423,8,0.052371142502721006,54,1
482,"(16,11)",,False,62,"[16, 18, 10, 11, 2]",13,0.221398825346193,371,425,8,0.051789828105617004,54,1
483,"(16,11)",,False,62,"[16, 18, 10, 11, 2]",13,0.221398825346193,371,425,8,0.051789828105617004,54,1
484,"(8,12)",,False,64,"[4, 8, 12, 10, 17]",14,0.22316903369534902,373,427,8,0.036452241715399,54,1
485,"(8,12)",,False,64,"[4, 8, 12, 10, 17]",14,0.22316903369534902,373,427,8,0.036452241715399,54,1
486,"(4,2)",,False,66,"[4, 14, 2, 11, 19]",15,0.23652186020607002,375,429,8,0.034990253411306,54,1
487,"(4,2)",,False,66,"[4, 14, 2, 11, 19]",15,0.23652186020607002,375,429,8,0.034990253411306,54,1
488,"(11,13)",,False,65,"[11, 13, 18, 6, 17]",15,0.23650856940330603,377,431,8,0.035415559099769005,54,1
489,"(11,13)",,False,65,"[11, 13, 18, 6, 17]",15,0.23650856940330603,377,431,8,0.035415559099769005,54,1
490,"(0,12)",,False,64,"[0, 8, 14, 12, 2]",14,0.19004518872939902,379,433,8,0.039411660464292,54,1
491,"(0,12)",,False,64,"[0, 8, 14, 12, 2]",14,0.19004518872939902,379,433,8,0.039411660464292,54,1
492,"(6,16)",,False,64,"[2, 7, 6, 18, 16]",14,0.18346624136097803,381,435,8,0.039704058125110006,54,1
493,"(6,16)",,False,64,"[2, 7, 6, 18, 16]",14,0.18346624136097803,381,435,8,0.039704058125110006,54,1
494,"(7,6)",,False,66,"[12, 19, 7, 6, 9]",14,0.173831042252094,383,437,8,0.038443963443963,54,1
495,"(7,6)",,False,66,"[12, 19, 7, 6, 9]",14,0.173831042252094,383,437,8,0.038443963443963,54,1
496,"(18,0)",,False,64,"[18, 3, 19, 0, 7]",13,0.17400951874636,385,439,8,0.049185463659147007,54,1
497,"(18,0)",,False,64,"[18, 3, 19, 0, 7]",13,0.17400951874636,385,439,8,0.049185463659147007,54,1
498,"(15,16)",,False,67,"[15, 3, 17, 16, 5]",13,0.153680497540146,387,441,8,0.032632507193910004,54,1
499,"(15,16)",,False,67,"[15, 3, 17, 16, 5]",13,0.153680497540146,387,441,8,0.032632507193910004,54,1
500,"(17,18)",,False,67,"[17, 11, 4, 18, 2]",14,0.192340067340067,389,443,8,0.039912280701754003,54,1
501,"(17,18)",,False,67,"[17, 11, 4, 18, 2]",14,0.192340067340067,389,443,8,0.039912280701754003,54,1
502,"(6,1)",,False,67,"[6, 9, 1, 19, 7]",14,0.20768208399787302,391,445,9,0.051736664894559005,54,1
503,"(6,1)",,False,67,"[6, 9, 1, 19, 7]",14,0.20768208399787302,391,445,9,0.051736664894559005,54,1
504,"(0,4)",,False,68,"[1, 14, 0, 4, 7]",15,0.23476283300844702,393,447,9,0.050129954515919006,54,1
505,"(0,4)",,False,68,"[1, 14, 0, 4, 7]",15,0.23476283300844702,393,447,9,0.050129954515919006,54,1
506,"(5,13)",,False,67,"[5, 7, 19, 13, 12]",15,0.23079457904019302,395,449,9,0.052580525387542,54,1
507,"(5,13)",,False,67,"[5, 7, 19, 13, 12]",15,0.23079457904019302,395,449,9,0.052580525387542,54,1
508,"(6,8)",,False,68,"[6, 15, 3, 4, 8]",15,0.21198366286085502,397,451,9,0.051800798292026,54,1
509,"(6,8)",,False,68,"[6, 15, 3, 4, 8]",15,0.21198366286085502,397,451,9,0.051800798292026,54,1
510,"(13,14)",,False,67,"[4, 13, 18, 9, 14]",15,0.226432664151962,399,453,9,0.053479236812570004,54,1
511,"(13,14)",,False,67,"[4, 13, 18, 9, 14]",15,0.226432664151962,399,453,9,0.053479236812570004,54,1
512,"(9,3)",,False,68,"[17, 6, 14, 9, 3]",15,0.22614406386336203,401,455,9,0.049698319873758,54,1
513,"(9,3)",,False,68,"[17, 6, 14, 9, 3]",15,0.22614406386336203,401,455,9,0.049698319873758,54,1
514,"(19,6)",,False,70,"[3, 19, 7, 5, 6]",16,0.23228779018252702,403,457,9,0.048475987949672006,54,1
515,"(19,6)",,False,70,"[3, 19, 7, 5, 6]",16,0.23228779018252702,403,457,9,0.048475987949672006,54,1
516,"(10,8)",,False,69,"[16, 10, 17, 15, 8]",16,0.26240474924685403,405,459,9,0.0506734006734,54,1
517,"(10,8)",,False,69,"[16, 10, 17, 15, 8]",16,0.26240474924685403,405,459,9,0.0506734006734,54,1
518,"(3,19)",,False,68,"[3, 14, 17, 10, 19]",16,0.26120857699805,407,461,9,0.053898635477582,54,1
519,"(3,19)",,False,68,"[3, 14, 17, 10, 19]",16,0.26120857699805,407,461,9,0.053898635477582,54,1
520,"(1,13)",,False,68,"[1, 14, 13, 5, 2]",16,0.265905504501995,409,463,10,0.073512484915993,54,1
521,"(1,13)",,False,68,"[1, 14, 13, 5, 2]",16,0.265905504501995,409,463,10,0.073512484915993,54,1
522,"(9,11)",,False,68,"[13, 9, 8, 11, 7]",16,0.28011695906432704,411,465,10,0.073879142300194,54,1
523,"(9,11)",,False,68,"[13, 9, 8, 11, 7]",16,0.28011695906432704,411,465,10,0.073879142300194,54,1
524,"(12,0)",,False,68,"[1, 6, 8, 12, 0]",15,0.24373433583959903,413,467,10,0.07319688109161701,54,1
525,"(12,0)",,False,68,"[1, 6, 8, 12, 0]",15,0.24373433583959903,413,467,10,0.07319688109161701,54,1
526,"(12,11)",,False,70,"[4, 12, 3, 9, 11]",16,0.26362085769980503,415,469,10,0.071954191033138,54,1
527,"(12,11)",,False,70,"[4, 12, 3, 9, 11]",16,0.26362085769980503,415,469,10,0.071954191033138,54,1
528,"(17,0)",,False,67,"[16, 17, 0, 18, 6]",15,0.263366750208855,417,471,10,0.08770537454747901,54,1
529,"(17,0)",,False,67,"[16, 17, 0, 18, 6]",15,0.263366750208855,417,471,10,0.08770537454747901,54,1
530,"(15,1)",,False,69,"[10, 7, 15, 1, 14]",16,0.276663881927039,419,473,11,0.083820662768031,54,1
531,"(15,1)",,False,69,"[10, 7, 15, 1, 14]",16,0.276663881927039,419,473,11,0.083820662768031,54,1
532,"(9,1)",,False,68,"[9, 10, 1, 5, 17]",16,0.27875243664717303,421,475,12,0.107699805068226,54,1
533,"(9,1)",,False,68,"[9, 10, 1, 5, 17]",16,0.27875243664717303,421,475,12,0.107699805068226,54,1
534,"(3,7)",,False,68,"[3, 6, 14, 7, 8]",16,0.28157894736842104,423,477,12,0.10692007797270901,54,1
535,"(3,7)",,False,68,"[3, 6, 14, 7, 8]",16,0.28157894736842104,423,477,12,0.10692007797270901,54,1
536,"(4,1)",,False,68,"[10, 4, 11, 3, 1]",16,0.28157894736842104,425,479,12,0.10692007797270901,54,1
537,"(4,1)",,False,68,"[10, 4, 11, 3, 1]",16,0.28157894736842104,425,479,12,0.10692007797270901,54,1
538,"(13,6)",,False,67,"[13, 6, 7, 17, 14]",16,0.295808966861598,427,481,12,0.103996101364522,54,1
539,"(13,6)",,False,67,"[13, 6, 7, 17, 14]",16,0.295808966861598,427,481,12,0.103996101364522,54,1
540,"(12,1)",,False,67,"[6, 12, 5, 14, 1]",16,0.29317738791423,429,483,13,0.12426900584795302,54,1
541,"(12,1)",,False,67,"[6, 12, 5, 14, 1]",16,0.29317738791423,429,483,13,0.12426900584795302,54,1
542,"(1,3)",,False,68,"[1, 15, 8, 6, 3]",16,0.28391812865497,431,485,14,0.144152046783625,54,1
543,"(1,3)",,False,68,"[1, 15, 8, 6, 3]",16,0.28391812865497,431,485,14,0.144152046783625,54,1
544,"(19,0)",,False,65,"[4, 12, 19, 0, 1]",15,0.20662768031189002,433,487,12,0.102534113060428,54,1
545,"(19,0)",,False,65,"[4, 12, 19, 0, 1]",15,0.20662768031189002,433,487,12,0.102534113060428,54,1
546,"(19,1)",,False,65,"[19, 2, 15, 4, 1]",15,0.21988304093567201,435,489,13,0.20955165692007702,54,1
547,"(19,1)",,False,65,"[19, 2, 15, 4, 1]",15,0.21988304093567201,435,489,13,0.20955165692007702,54,1
548,"(17,4)",,False,64,"[19, 17, 10, 4, 2]",16,0.290545808966861,437,491,13,0.16033138401559402,54,1
549,"(17,4)",,False,64,"[19, 17, 10, 4, 2]",16,0.290545808966861,437,491,13,0.16033138401559402,54,1
550,"(6,5)",,False,65,"[12, 19, 17, 6, 5]",16,0.27953216374269,439,493,13,0.15272904483430802,54,1
551,"(6,5)",,False,65,"[12, 19, 17, 6, 5]",16,0.27953216374269,439,493,13,0.15272904483430802,54,1
552,"(0,4)",,False,63,"[0, 1, 4, 17, 11]",15,0.252158173210804,441,495,13,0.20105820105820102,54,1
553,"(0,4)",,False,63,"[0, 1, 4, 17, 11]",15,0.252158173210804,441,495,13,0.20105820105820102,54,1
554,"(0,5)",,False,62,"[1, 0, 17, 5, 16]",15,0.24961013645224103,443,497,13,0.20410749094959602,54,1
555,"(0,5)",,False,62,"[1, 0, 17, 5, 16]",15,0.24961013645224103,443,497,13,0.20410749094959602,54,1
556,"(10,18)",,False,62,"[10, 18, 3, 4, 5]",15,0.26029282608229903,445,499,12,0.180032345821819,54,1
557,"(10,18)",,False,62,"[10, 18, 3, 4, 5]",15,0.26029282608229903,445,499,12,0.180032345821819,54,1
558,"(12,14)",,False,61,"[17, 12, 4, 14, 19]",15,0.26943748259537703,447,501,12,0.187983848510164,54,1
559,"(12,14)",,False,61,"[17, 12, 4, 14, 19]",15,0.26943748259537703,447,501,12,0.187983848510164,54,1
560,"(1,12)",,False,63,"[1, 12, 4, 8, 11]",15,0.250334168755221,449,503,13,0.19768866610971803,54,1
561,"(1,12)",,False,63,"[1, 12, 4, 8, 11]",15,0.250334168755221,449,503,13,0.19768866610971803,54,1
562,"(0,10)",,False,63,"[16, 0, 10, 14, 2]",15,0.252859421280473,451,505,13,0.168818510923774,54,1
563,"(0,10)",,False,63,"[16, 0, 10, 14, 2]",15,0.252859421280473,451,505,13,0.168818510923774,54,1
564,"(10,1)",,False,62,"[17, 15, 10, 13, 1]",15,0.25740044555834,453,507,14,0.199533556112503,54,1
565,"(10,1)",,False,62,"[17, 15, 10, 13, 1]",15,0.25740044555834,453,507,14,0.199533556112503,54,1
566,"(5,8)",,False,62,"[4, 17, 5, 8, 16]",15,0.258368142578668,455,509,14,0.19679754942912803,54,1
567,"(5,8)",,False,62,"[4, 17, 5, 8, 16]",15,0.258368142578668,455,509,14,0.19679754942912803,54,1
568,"(19,1)",,False,61,"[4, 19, 14, 17, 1]",15,0.280562517404622,457,511,13,0.16895015316067902,54,1
569,"(19,1)",,False,61,"[4, 19, 14, 17, 1]",15,0.280562517404622,457,511,13,0.16895015316067902,54,1
570,"(7,1)",,False,62,"[7, 16, 2, 1, 17]",15,0.257820477118722,459,513,14,0.197215260373155,54,1
571,"(7,1)",,False,62,"[7, 16, 2, 1, 17]",15,0.257820477118722,459,513,14,0.197215260373155,54,1
572,"(1,16)",,False,65,"[1, 6, 19, 3, 16]",15,0.233523623874501,461,515,15,0.19949178501810003,54,1
573,"(1,16)",,False,65,"[1, 6, 19, 3, 16]",15,0.233523623874501,461,515,15,0.19949178501810003,54,1
574,"(5,6)",,False,64,"[14, 13, 7, 5, 6]",15,0.24692107762283103,463,517,13,0.15531885268727302,54,1
575,"(5,6)",,False,64,"[14, 13, 7, 5, 6]",15,0.24692107762283103,463,517,13,0.15531885268727302,54,1
576,"(16,19)",,False,64,"[15, 16, 11, 6, 19]",15,0.24876543209876503,465,519,13,0.15824282929546002,54,1
577,"(16,19)",,False,64,"[15, 16, 11, 6, 19]",15,0.24876543209876503,465,519,13,0.15824282929546002,54,1
578,"(9,15)",,False,65,"[9, 11, 15, 19, 3]",15,0.234120557804768,467,521,13,0.142348927875243,54,1
579,"(9,15)",,False,65,"[9, 11, 15, 19, 3]",15,0.234120557804768,467,521,13,0.142348927875243,54,1
580,"(19,0)",,False,62,"[19, 0, 17, 11, 12]",14,0.22938721447493302,469,523,12,0.14707923655292002,54,1
581,"(19,0)",,False,62,"[19, 0, 17, 11, 12]",14,0.22938721447493302,469,523,12,0.14707923655292002,54,1
582,"(16,2)",,False,63,"[12, 13, 6, 16, 2]",15,0.259861548458039,471,525,12,0.146315753771894,54,1
583,"(16,2)",,False,63,"[12, 13, 6, 16, 2]",15,0.259861548458039,471,525,12,0.146315753771894,54,1
584,"(6,1)",,False,62,"[3, 6, 10, 1, 2]",15,0.277322936972059,473,527,11,0.12429221201151001,54,1
585,"(6,1)",,False,62,"[3, 6, 10, 1, 2]",15,0.277322936972059,473,527,11,0.12429221201151001,54,1
586,"(18,9)",,False,61,"[4, 10, 18, 9, 13]",15,0.27751786874593803,475,529,11,0.125030168012624,54,1
587,"(18,9)",,False,61,"[4, 10, 18, 9, 13]",15,0.27751786874593803,475,529,11,0.125030168012624,54,1
588,"(11,18)",,False,61,"[11, 18, 6, 7, 14]",15,0.281138030260837,477,531,11,0.13122621368235401,54,1
589,"(11,18)",,False,61,"[11, 18, 6, 7, 14]",15,0.281138030260837,477,531,11,0.13122621368235401,54,1
590,"(18,4)",,False,61,"[1, 6, 18, 14, 4]",15,0.28434048083170804,479,533,11,0.12766406757634802,54,1
591,"(18,4)",,False,61,"[1, 6, 18, 14, 4]",15,0.28434048083170804,479,533,11,0.12766406757634802,54,1
592,"(7,0)",,False,61,"[18, 7, 0, 14, 10]",15,0.252220651343458,481,535,11,0.128909524523559,54,1
593,"(7,0)",,False,61,"[18, 7, 0, 14, 10]",15,0.252220651343458,481,535,11,0.128909524523559,54,1
594,"(19,17)",,False,59,"[15, 14, 8, 19, 17]",15,0.284029518240044,483,537,11,0.15276385407964302,54,1
595,"(19,17)",,False,59,"[15, 14, 8, 19, 17]",15,0.284029518240044,483,537,11,0.15276385407964302,54,1
596,"(12,6)",,False,58,"[12, 6, 17, 19, 13]",15,0.29454191033138405,485,539,9,0.10838902812587001,54,1
597,"(12,6)",,False,58,"[12, 6, 17, 19, 13]",15,0.29454191033138405,485,539,9,0.10838902812587001,54,1
598,"(18,19)",,False,57,"[11, 18, 7, 19, 9]",15,0.31127819548872104,487,541,7,0.029448621553884002,54,1
599,"(18,19)",,False,57,"[11, 18, 7, 19, 9]",15,0.31127819548872104,487,541,7,0.029448621553884002,54,1
600,"(3,19)",,False,59,"[6, 3, 4, 19, 17]",15,0.287517404622667,489,543,7,0.022236145920356002,54,1
601,"(3,19)",,False,59,"[6, 3, 4, 19, 17]",15,0.287517404622667,489,543,7,0.022236145920356002,54,1
602,"(5,4)",,False,59,"[17, 5, 4, 14, 8]",15,0.291228070175438,491,545,6,0.010939385500789002,54,1
603,"(5,4)",,False,59,"[17, 5, 4, 14, 8]",15,0.291228070175438,491,545,6,0.010939385500789002,54,1
604,"(13,5)",,False,59,"[4, 13, 19, 5, 12]",15,0.282637148426622,493,547,6,0.014967975494291002,54,1
605,"(13,5)",,False,59,"[4, 13, 19, 5, 12]",15,0.282637148426622,493,547,6,0.014967975494291002,54,1
606,"(16,5)",,False,59,"[16, 5, 10, 2, 14]",15,0.27581221572449605,495,549,5,0.009990253411306,54,1
607,"(16,5)",,False,59,"[16, 5, 10, 2, 14]",15,0.27581221572449605,495,549,5,0.009990253411306,54,1
608,"(13,9)",,False,59,"[13, 7, 15, 9, 10]",15,0.27128005198180605,497,551,5,0.009909031838856,54,1
609,"(13,9)",,False,59,"[13, 7, 15, 9, 10]",15,0.27128005198180605,497,551,5,0.009909031838856,54,1
610,"(18,14)",,False,58,"[18, 17, 2, 13, 14]",15,0.274211168948011,499,553,5,0.010293897136002001,54,1
611,"(18,14)",,False,58,"[18, 17, 2, 13, 14]",15,0.274211168948011,499,553,5,0.010293897136002001,54,1
612,"(16,8)",,False,58,"[19, 9, 16, 8, 7]",15,0.26759108338055704,501,555,4,0.006342098447361001,54,1
613,"(16,8)",,False,58,"[19, 9, 16, 8, 7]",15,0.26759108338055704,501,555,4,0.006342098447361001,54,1
614,"(5,9)",,False,57,"[14, 5, 7, 2, 9]",15,0.28571214360688,503,557,3,0.0014245014245010002,54,1
615,"(5,9)",,False,57,"[14, 5, 7, 2, 9]",15,0.28571214360688,503,557,3,0.0014245014245010002,54,1
616,"(8,6)",,False,57,"[17, 16, 8, 6, 12]",15,0.286269091532249,505,559,3,0.0014245014245010002,54,1
617,"(8,6)",,False,57,"[17, 16, 8, 6, 12]",15,0.286269091532249,505,559,3,0.0014245014245010002,54,1
618,"(11,1)",,False,57,"[9, 4, 11, 1, 8]",15,0.27659212132896305,507,561,4,0.008557719084034,54,1
619,"(11,1)",,False,57,"[9, 4, 11, 1, 8]",15,0.27659212132896305,507,561,4,0.008557719084034,54,1
620,"(18,13)",,False,58,"[18, 13, 3, 19, 6]",15,0.272528543581175,509,563,4,0.009468114731272001,54,1
621,"(18,13)",,False,58,"[18, 13, 3, 19, 6]",15,0.272528543581175,509,563,4,0.009468114731272001,54,1
622,"(3,13)",,False,60,"[3, 13, 9, 16, 12]",15,0.256425786688944,511,565,4,0.009363686995265,54,1
623,"(3,13)",,False,60,"[3, 13, 9, 16, 12]",15,0.256425786688944,511,565,4,0.009363686995265,54,1
624,"(2,15)",,False,60,"[2, 15, 14, 10, 17]",15,0.253432191590086,513,567,4,0.008333333333333,54,1
625,"(2,15)",,False,60,"[2, 15, 14, 10, 17]",15,0.253432191590086,513,567,4,0.008333333333333,54,1
626,"(15,7)",,False,59,"[15, 16, 5, 6, 7]",15,0.255151768309662,515,569,4,0.00838902812587,54,1
627,"(15,7)",,False,59,"[15, 16, 5, 6, 7]",15,0.255151768309662,515,569,4,0.00838902812587,54,1
628,"(2,8)",,False,59,"[2, 8, 12, 5, 19]",15,0.25951684767474203,517,571,4,0.008876357560568001,54,1
629,"(2,8)",,False,59,"[2, 8, 12, 5, 19]",15,0.25951684767474203,517,571,4,0.008876357560568001,54,1
630,"(0,9)",,False,59,"[0, 14, 6, 9, 10]",15,0.256509328877749,519,573,4,0.008876357560568001,54,1
631,"(0,9)",,False,59,"[0, 14, 6, 9, 10]",15,0.256509328877749,519,573,4,0.008876357560568001,54,1
632,"(16,4)",,False,59,"[2, 16, 4, 10, 14]",15,0.264139515455304,521,575,4,0.008333333333333,54,1
633,"(16,4)",,False,59,"[2, 16, 4, 10, 14]",15,0.264139515455304,521,575,4,0.008333333333333,54,1
634,"(15,4)",,False,59,"[15, 4, 11, 19, 2]",15,0.277749200117621,523,577,4,0.011382331119173,54,1
635,"(15,4)",,False,59,"[15, 4, 11, 19, 2]",15,0.277749200117621,523,577,4,0.011382331119173,54,1
636,"(17,5)",,False,58,"[11, 16, 17, 5, 2]",15,0.30292397660818704,525,579,4,0.007813515269655,54,1
637,"(17,5)",,False,58,"[11, 16, 17, 5, 2]",15,0.30292397660818704,525,579,4,0.007813515269655,54,1
638,"(6,0)",,False,55,"[6, 2, 12, 0, 16]",14,0.281669451406293,527,581,4,0.0074723846653670005,54,1
639,"(6,0)",,False,55,"[6, 2, 12, 0, 16]",14,0.281669451406293,527,581,4,0.0074723846653670005,54,1
640,"(19,8)",,False,54,"[19, 13, 8, 10, 9]",14,0.30445558340295104,529,583,4,0.0074723846653670005,54,1
641,"(19,8)",,False,54,"[19, 13, 8, 10, 9]",14,0.30445558340295104,529,583,4,0.0074723846653670005,54,1
642,"(13,15)",,False,54,"[13, 12, 15, 8, 16]",14,0.290225563909774,531,585,3,0.0035737491877840004,54,1
643,"(13,15)",,False,54,"[13, 12, 15, 8, 16]",14,0.290225563909774,531,585,3,0.0035737491877840004,54,1
644,"(19,11)",,False,53,"[19, 0, 11, 14, 9]",14,0.30084934558618703,533,587,3,0.004743339831059,54,1
645,"(19,11)",,False,53,"[19, 0, 11, 14, 9]",14,0.30084934558618703,533,587,3,0.004743339831059,54,1
646,"(12,0)",,False,51,"[12, 19, 0, 9, 17]",13,0.29249512670565303,535,589,3,0.005035737491877,54,1
647,"(12,0)",,False,51,"[12, 19, 0, 9, 17]",13,0.29249512670565303,535,589,3,0.005035737491877,54,1
648,"(8,11)",,False,51,"[17, 8, 3, 10, 11]",13,0.272096908939014,537,591,3,0.005035737491877,54,1
649,"(8,11)",,False,51,"[17, 8, 3, 10, 11]",13,0.272096908939014,537,591,3,0.005035737491877,54,1
650,"(3,5)",,False,50,"[3, 19, 5, 7, 11]",13,0.299029982363315,539,593,3,0.005035737491877,54,1
651,"(3,5)",,False,50,"[3, 19, 5, 7, 11]",13,0.299029982363315,539,593,3,0.005035737491877,54,1
652,"(6,4)",,False,51,"[12, 6, 9, 4, 2]",13,0.277234753550543,541,595,3,0.004970760233918001,54,1
653,"(6,4)",,False,51,"[12, 6, 9, 4, 2]",13,0.277234753550543,541,595,3,0.004970760233918001,54,1
654,"(18,8)",,False,50,"[19, 18, 1, 5, 8]",13,0.29585073795600103,543,597,3,0.004970760233918001,54,1
655,"(18,8)",,False,50,"[19, 18, 1, 5, 8]",13,0.29585073795600103,543,597,3,0.004970760233918001,54,1
656,"(11,15)",,False,53,"[9, 11, 10, 15, 14]",15,0.332671957671957,545,599,3,0.004970760233918001,54,1
657,"(11,15)",,False,53,"[9, 11, 10, 15, 14]",15,0.332671957671957,545,599,3,0.004970760233918001,54,1
658,"(15,19)",,False,56,"[9, 15, 19, 13, 5]",17,0.38544759334233003,547,601,3,0.004408457040035001,54,1
659,"(15,19)",,False,56,"[9, 15, 19, 13, 5]",17,0.38544759334233003,547,601,3,0.004408457040035001,54,1
660,"(3,8)",,False,55,"[10, 17, 12, 3, 8]",17,0.40133667502088505,549,603,3,0.004344193817878,54,1
661,"(3,8)",,False,55,"[10, 17, 12, 3, 8]",17,0.40133667502088505,549,603,3,0.004344193817878,54,1
662,"(8,11)",,False,54,"[15, 8, 11, 5, 12]",17,0.41715399610136406,551,605,3,0.00448343079922,54,1
663,"(8,11)",,False,54,"[15, 8, 11, 5, 12]",17,0.41715399610136406,551,605,3,0.00448343079922,54,1
664,"(14,15)",,False,56,"[18, 13, 14, 15, 9]",18,0.43918128654970706,553,607,3,0.00448343079922,54,1
665,"(14,15)",,False,56,"[18, 13, 14, 15, 9]",18,0.43918128654970706,553,607,3,0.00448343079922,54,1
666,"(15,12)",,False,56,"[16, 8, 15, 9, 12]",18,0.43382066276803105,555,609,3,0.005133203378817001,54,1
667,"(15,12)",,False,56,"[16, 8, 15, 9, 12]",18,0.43382066276803105,555,609,3,0.005133203378817001,54,1
668,"(15,6)",,False,58,"[15, 6, 12, 5, 7]",18,0.41189083820662703,557,611,3,0.005133203378817001,54,1
669,"(15,6)",,False,58,"[15, 6, 12, 5, 7]",18,0.41189083820662703,557,611,3,0.005133203378817001,54,1
670,"(4,14)",,False,57,"[6, 4, 17, 3, 14]",18,0.43174729753677105,559,613,3,0.00536800756099,54,1
671,"(4,14)",,False,57,"[6, 4, 17, 3, 14]",18,0.43174729753677105,559,613,3,0.00536800756099,54,1
672,"(11,16)",,False,56,"[8, 17, 10, 11, 16]",18,0.43710792131844706,561,615,3,0.006017780140587001,54,1
673,"(11,16)",,False,56,"[8, 17, 10, 11, 16]",18,0.43710792131844706,561,615,3,0.006017780140587001,54,1
674,"(6,3)",,False,56,"[6, 7, 8, 16, 3]",18,0.438373712057922,563,617,3,0.007421331105541,54,1
675,"(6,3)",,False,56,"[6, 7, 8, 16, 3]",18,0.438373712057922,563,617,3,0.007421331105541,54,1
676,"(4,3)",,False,56,"[4, 3, 7, 8, 13]",18,0.43471874129768806,565,619,3,0.006690336953494001,54,1
677,"(4,3)",,False,56,"[4, 3, 7, 8, 13]",18,0.43471874129768806,565,619,3,0.006690336953494001,54,1
678,"(6,1)",,False,57,"[8, 6, 14, 13, 1]",18,0.419205420959806,567,621,4,0.011644852872923,54,1
679,"(6,1)",,False,57,"[8, 6, 14, 13, 1]",18,0.419205420959806,567,621,4,0.011644852872923,54,1
680,"(4,10)",,False,58,"[4, 8, 6, 16, 10]",18,0.40595006033602504,569,623,4,0.011644852872923,54,1
681,"(4,10)",,False,58,"[4, 8, 6, 16, 10]",18,0.40595006033602504,569,623,4,0.011644852872923,54,1
682,"(3,19)",,False,59,"[3, 5, 18, 16, 19]",18,0.393013678978591,571,625,4,0.011538526450807001,54,1
683,"(3,19)",,False,59,"[3, 5, 18, 16, 19]",18,0.393013678978591,571,625,4,0.011538526450807001,54,1
684,"(13,8)",,False,59,"[5, 13, 19, 8, 16]",18,0.398826822949629,573,627,4,0.0114340987148,54,1
685,"(13,8)",,False,59,"[5, 13, 19, 8, 16]",18,0.398826822949629,573,627,4,0.0114340987148,54,1
686,"(15,3)",,False,59,"[15, 11, 2, 3, 4]",18,0.397364834645536,575,629,4,0.0114340987148,54,1
687,"(15,3)",,False,59,"[15, 11, 2, 3, 4]",18,0.397364834645536,575,629,4,0.0114340987148,54,1
688,"(14,1)",,False,58,"[14, 17, 19, 1, 3]",18,0.410398681889909,577,631,5,0.019045298431263003,54,1
689,"(14,1)",,False,58,"[14, 17, 19, 1, 3]",18,0.410398681889909,577,631,5,0.019045298431263003,54,1
690,"(7,0)",,False,58,"[5, 10, 7, 0, 8]",17,0.364508493455861,579,633,5,0.019207741576162,54,1
691,"(7,0)",,False,58,"[5, 10, 7, 0, 8]",17,0.364508493455861,579,633,5,0.019207741576162,54,1
692,"(16,6)",,False,59,"[17, 11, 16, 6, 19]",18,0.39938503666573805,581,635,5,0.018752900770444003,54,1
693,"(16,6)",,False,59,"[17, 11, 16, 6, 19]",18,0.39938503666573805,581,635,5,0.018752900770444003,54,1
694,"(15,9)",,False,58,"[15, 14, 19, 5, 9]",18,0.42163974751694006,583,637,5,0.020880905968625,54,1
695,"(15,9)",,False,58,"[15, 14, 19, 5, 9]",18,0.42163974751694006,583,637,5,0.020880905968625,54,1
696,"(17,15)",,False,58,"[6, 3, 19, 17, 15]",18,0.418518518518518,585,639,4,0.007309941520467001,54,1
697,"(17,15)",,False,58,"[6, 3, 19, 17, 15]",18,0.418518518518518,585,639,4,0.007309941520467001,54,1
698,"(4,1)",,False,58,"[4, 12, 18, 13, 1]",18,0.41393762183235805,587,641,5,0.013157894736842,54,1
699,"(4,1)",,False,58,"[4, 12, 18, 13, 1]",18,0.41393762183235805,587,641,5,0.013157894736842,54,1
700,"(15,8)",,False,57,"[7, 10, 15, 19, 8]",18,0.42807017543859605,589,643,5,0.013157894736842,54,1
701,"(15,8)",,False,57,"[7, 10, 15, 19, 8]",18,0.42807017543859605,589,643,5,0.013157894736842,54,1
702,"(6,9)",,False,57,"[4, 6, 12, 9, 7]",18,0.44327485380116904,591,645,5,0.014327485380116,54,1
703,"(6,9)",,False,57,"[4, 6, 12, 9, 7]",18,0.44327485380116904,591,645,5,0.014327485380116,54,1
704,"(0,3)",,False,55,"[0, 3, 8, 11, 15]",17,0.415968161143599,593,647,5,0.017738791423001003,54,1
705,"(0,3)",,False,55,"[0, 3, 8, 11, 15]",17,0.415968161143599,593,647,5,0.017738791423001003,54,1
706,"(1,14)",,False,54,"[1, 16, 14, 5, 17]",17,0.431887589343729,595,649,4,0.00896686159844,54,1
707,"(1,14)",,False,54,"[1, 16, 14, 5, 17]",17,0.431887589343729,595,649,4,0.00896686159844,54,1
708,"(2,6)",,False,54,"[7, 2, 15, 6, 8]",17,0.43053002877564206,597,651,3,0.001949317738791,54,1
709,"(2,6)",,False,54,"[7, 2, 15, 6, 8]",17,0.43053002877564206,597,651,3,0.001949317738791,54,1
710,"(0,1)",,False,52,"[17, 0, 1, 10, 6]",16,0.408474890931031,599,653,2,0.001949317738791,54,1
711,"(0,1)",,False,52,"[17, 0, 1, 10, 6]",16,0.408474890931031,599,653,2,0.001949317738791,54,1
712,"(1,3)",,False,52,"[12, 11, 1, 17, 3]",16,0.40090504037872404,601,655,3,0.009844054580896001,54,1
713,"(1,3)",,False,52,"[12, 11, 1, 17, 3]",16,0.40090504037872404,601,655,3,0.009844054580896001,54,1
714,"(0,12)",,False,50,"[0, 2, 16, 12, 15]",15,0.37962962962962904,603,657,3,0.010818713450292,54,1
715,"(0,12)",,False,50,"[0, 2, 16, 12, 15]",15,0.37962962962962904,603,657,3,0.010818713450292,54,1
716,"(1,4)",,False,52,"[17, 1, 16, 18, 4]",16,0.400871285959005,605,659,5,0.024162679425837,54,1
717,"(1,4)",,False,52,"[17, 1, 16, 18, 4]",16,0.400871285959005,605,659,5,0.024162679425837,54,1
718,"(0,10)",,False,51,"[13, 17, 0, 10, 2]",15,0.38155109997215203,607,661,5,0.024269005847953003,54,1
719,"(0,10)",,False,51,"[13, 17, 0, 10, 2]",15,0.38155109997215203,607,661,5,0.024269005847953003,54,1
720,"(0,11)",,False,48,"[0, 10, 11, 17, 8]",14,0.405208728892939,609,663,5,0.033454427314076,54,1
721,"(0,11)",,False,48,"[0, 10, 11, 17, 8]",14,0.405208728892939,609,663,5,0.033454427314076,54,1
722,"(10,14)",,False,48,"[10, 4, 14, 11, 2]",14,0.412092731829573,611,665,5,0.037190197716513,54,1
723,"(10,14)",,False,48,"[10, 4, 14, 11, 2]",14,0.412092731829573,611,665,5,0.037190197716513,54,1
724,"(0,19)",,False,46,"[0, 1, 11, 19, 16]",13,0.39320523531049806,613,667,5,0.044994430520746004,54,1
725,"(0,19)",,False,46,"[0, 1, 11, 19, 16]",13,0.39320523531049806,613,667,5,0.044994430520746004,54,1
726,"(16,15)",,False,48,"[18, 16, 14, 11, 15]",14,0.37917014759120005,615,669,5,0.043532442216652006,54,1
727,"(16,15)",,False,48,"[18, 16, 14, 11, 15]",14,0.37917014759120005,615,669,5,0.043532442216652006,54,1
728,"(9,0)",,False,46,"[9, 2, 10, 0, 11]",13,0.371442495126705,617,671,4,0.02480506822612,54,1
729,"(9,0)",,False,46,"[9, 2, 10, 0, 11]",13,0.371442495126705,617,671,4,0.02480506822612,54,1
730,"(1,14)",,False,45,"[1, 11, 4, 14, 3]",13,0.371804511278195,619,673,4,0.023391812865497002,54,1
731,"(1,14)",,False,45,"[1, 11, 4, 14, 3]",13,0.371804511278195,619,673,4,0.023391812865497002,54,1
732,"(1,15)",,False,45,"[1, 15, 7, 14, 6]",13,0.35672514619883,621,675,5,0.036452241715399,54,1
733,"(1,15)",,False,45,"[1, 15, 7, 14, 6]",13,0.35672514619883,621,675,5,0.036452241715399,54,1
734,"(14,13)",,False,45,"[14, 18, 12, 13, 17]",13,0.359454191033138,623,677,4,0.021929824561403,54,1
735,"(14,13)",,False,45,"[14, 18, 12, 13, 17]",13,0.359454191033138,623,677,4,0.021929824561403,54,1
736,"(2,0)",,False,45,"[9, 3, 14, 2, 0]",12,0.32319688109161704,625,679,4,0.020955165692007,54,1
737,"(2,0)",,False,45,"[9, 3, 14, 2, 0]",12,0.32319688109161704,625,679,4,0.020955165692007,54,1
738,"(18,4)",,False,47,"[10, 2, 18, 19, 4]",13,0.338109161793372,627,681,4,0.014132553606237,54,1
739,"(18,4)",,False,47,"[10, 2, 18, 19, 4]",13,0.338109161793372,627,681,4,0.014132553606237,54,1
740,"(0,17)",,False,47,"[19, 18, 0, 17, 10]",12,0.30077972709551604,629,683,4,0.014522417153996001,54,1
741,"(0,17)",,False,47,"[19, 18, 0, 17, 10]",12,0.30077972709551604,629,683,4,0.014522417153996001,54,1
742,"(1,9)",,False,48,"[1, 3, 13, 9, 19]",12,0.30584795321637404,631,685,5,0.068908382066276,54,1
743,"(1,9)",,False,48,"[1, 3, 13, 9, 19]",12,0.30584795321637404,631,685,5,0.068908382066276,54,1
744,"(10,6)",,False,51,"[7, 17, 10, 6, 12]",12,0.287389770723104,633,687,5,0.043790030632135005,54,1
745,"(10,6)",,False,51,"[7, 17, 10, 6, 12]",12,0.287389770723104,633,687,5,0.043790030632135005,54,1
746,"(19,14)",,False,54,"[7, 9, 19, 10, 14]",14,0.317585630743525,635,689,5,0.018086883876357002,54,1
747,"(19,14)",,False,54,"[7, 9, 19, 10, 14]",14,0.317585630743525,635,689,5,0.018086883876357002,54,1
748,"(16,4)",,False,55,"[17, 16, 3, 13, 4]",14,0.322389306599832,637,691,5,0.017446393762183002,54,1
749,"(16,4)",,False,55,"[17, 16, 3, 13, 4]",14,0.322389306599832,637,691,5,0.017446393762183002,54,1
750,"(18,6)",,False,54,"[18, 6, 17, 10, 11]",14,0.340671122250069,639,693,5,0.017446393762183002,54,1
751,"(18,6)",,False,54,"[18, 6, 17, 10, 11]",14,0.340671122250069,639,693,5,0.017446393762183002,54,1
752,"(18,0)",,False,51,"[18, 17, 6, 0, 8]",13,0.36771094402673304,641,695,5,0.019451406293511,54,1
753,"(18,0)",,False,51,"[18, 17, 6, 0, 8]",13,0.36771094402673304,641,695,5,0.019451406293511,54,1
754,"(14,15)",,False,52,"[16, 14, 13, 15, 19]",13,0.31142439431913105,643,697,5,0.018281815650236,54,1
755,"(14,15)",,False,52,"[16, 14, 13, 15, 19]",13,0.31142439431913105,643,697,5,0.018281815650236,54,1
756,"(0,4)",,False,49,"[14, 8, 17, 0, 4]",12,0.300125313283208,645,699,5,0.04278752436647101,54,1
757,"(0,4)",,False,49,"[14, 8, 17, 0, 4]",12,0.300125313283208,645,699,5,0.04278752436647101,54,1
758,"(5,15)",,False,52,"[19, 5, 8, 15, 9]",14,0.306335282651072,647,701,5,0.036433676784553004,54,1
759,"(5,15)",,False,52,"[19, 5, 8, 15, 9]",14,0.306335282651072,647,701,5,0.036433676784553004,54,1
760,"(1,10)",,False,51,"[5, 1, 11, 10, 17]",14,0.332282094124199,649,703,6,0.063680033416875,54,1
761,"(1,10)",,False,51,"[5, 1, 11, 10, 17]",14,0.332282094124199,649,703,6,0.063680033416875,54,1
762,"(2,11)",,False,53,"[4, 2, 6, 7, 11]",15,0.347124756335282,651,705,6,0.044590643274853,54,1
763,"(2,11)",,False,53,"[4, 2, 6, 7, 11]",15,0.347124756335282,651,705,6,0.044590643274853,54,1
764,"(1,2)",,False,55,"[8, 1, 2, 6, 10]",16,0.36656920077972704,653,707,7,0.037426900584795,54,1
765,"(1,2)",,False,55,"[8, 1, 2, 6, 10]",16,0.36656920077972704,653,707,7,0.037426900584795,54,1
766,"(5,0)",,False,53,"[5, 0, 8, 15, 2]",15,0.30516569200779703,655,709,7,0.037426900584795,54,1
767,"(5,0)",,False,53,"[5, 0, 8, 15, 2]",15,0.30516569200779703,655,709,7,0.037426900584795,54,1
768,"(0,9)",,False,50,"[0, 3, 8, 9, 12]",14,0.328355611250348,657,711,7,0.067820012995451,54,1
769,"(0,9)",,False,50,"[0, 3, 8, 9, 12]",14,0.328355611250348,657,711,7,0.067820012995451,54,1
770,"(14,2)",,False,53,"[12, 14, 16, 2, 5]",16,0.43731551099972105,659,713,7,0.040267335004177,54,1
771,"(14,2)",,False,53,"[12, 14, 16, 2, 5]",16,0.43731551099972105,659,713,7,0.040267335004177,54,1
772,"(8,1)",,False,52,"[4, 8, 1, 3, 11]",16,0.45898838004101106,661,715,6,0.027401837928153,54,1
773,"(8,1)",,False,52,"[4, 8, 1, 3, 11]",16,0.45898838004101106,661,715,6,0.027401837928153,54,1
774,"(15,14)",,False,53,"[10, 15, 14, 12, 9]",16,0.43356370724791704,663,717,6,0.025730994152046,54,1
775,"(15,14)",,False,53,"[10, 15, 14, 12, 9]",16,0.43356370724791704,663,717,6,0.025730994152046,54,1
776,"(14,10)",,False,55,"[14, 10, 2, 3, 16]",16,0.41572744993797606,665,719,6,0.025243664717348003,54,1
777,"(14,10)",,False,55,"[14, 10, 2, 3, 16]",16,0.41572744993797606,665,719,6,0.025243664717348003,54,1
778,"(1,5)",,False,56,"[4, 9, 1, 5, 15]",16,0.39534315586947105,667,721,7,0.040169869117237,54,1
779,"(1,5)",,False,56,"[4, 9, 1, 5, 15]",16,0.39534315586947105,667,721,7,0.040169869117237,54,1
780,"(4,14)",,False,56,"[17, 2, 4, 10, 14]",16,0.391931849826586,669,723,7,0.039195210247841006,54,1
781,"(4,14)",,False,56,"[17, 2, 4, 10, 14]",16,0.391931849826586,669,723,7,0.039195210247841006,54,1
782,"(19,0)",,False,54,"[12, 8, 19, 3, 0]",15,0.35568551007147403,671,725,7,0.048426622110832006,54,1
783,"(19,0)",,False,54,"[12, 8, 19, 3, 0]",15,0.35568551007147403,671,725,7,0.048426622110832006,54,1
784,"(9,4)",,False,54,"[3, 9, 4, 13, 17]",15,0.34062703053931104,673,727,7,0.046964633806739,54,1
785,"(9,4)",,False,54,"[3, 9, 4, 13, 17]",15,0.34062703053931104,673,727,7,0.046964633806739,54,1
786,"(11,13)",,False,53,"[6, 11, 7, 10, 13]",15,0.352438967789844,675,729,7,0.047335932423651,54,1
787,"(11,13)",,False,53,"[6, 11, 7, 10, 13]",15,0.352438967789844,675,729,7,0.047335932423651,54,1
788,"(0,9)",,False,51,"[0, 17, 15, 9, 12]",14,0.32572635291933505,677,731,7,0.05850702254211,54,1
789,"(0,9)",,False,51,"[0, 17, 15, 9, 12]",14,0.32572635291933505,677,731,7,0.05850702254211,54,1
790,"(1,19)",,False,53,"[6, 11, 2, 1, 19]",15,0.37077415761626203,679,733,8,0.064341409078251,54,1
791,"(1,19)",,False,53,"[6, 11, 2, 1, 19]",15,0.37077415761626203,679,733,8,0.064341409078251,54,1
792,"(18,0)",,False,51,"[18, 17, 0, 11, 9]",14,0.35902951824004403,681,735,8,0.068126334354404,54,1
793,"(18,0)",,False,51,"[18, 17, 0, 11, 9]",14,0.35902951824004403,681,735,8,0.068126334354404,54,1
794,"(15,1)",,False,53,"[3, 15, 14, 4, 1]",14,0.32871530678548205,683,737,9,0.08131439710387,54,1
795,"(15,1)",,False,53,"[3, 15, 14, 4, 1]",14,0.32871530678548205,683,737,9,0.08131439710387,54,1
796,"(1,13)",,False,53,"[17, 1, 18, 13, 10]",14,0.31377053745474703,685,739,10,0.10610322101550101,54,1
797,"(1,13)",,False,53,"[17, 1, 18, 13, 10]",14,0.31377053745474703,685,739,10,0.10610322101550101,54,1
798,"(15,14)",,False,55,"[3, 15, 14, 8, 16]",15,0.331858687121844,687,741,10,0.10023543707754201,54,1
799,"(15,14)",,False,55,"[3, 15, 14, 8, 16]",15,0.331858687121844,687,741,10,0.10023543707754201,54,1
