,actionDetail,actionType,bonusActivated,graphEdgeCount,nodeList,p1Degree,p1Score,p1WinAdvantage,p1WinCount,p2Degree,p2Score,p2WinCount,player
0,"(3,1)",,False,2,"[3, 15, 7, 1, 18]",0,-0.001,-1,0,1,0.0,1,1
1,"(3,1)",,False,2,"[3, 15, 7, 1, 18]",0,-0.001,-1,0,1,0.0,1,1
2,"(1,16)",,False,4,"[1, 0, 5, 13, 16]",0,-0.001,-3,0,2,0.017543859649122,3,1
3,"(1,16)",,False,4,"[1, 0, 5, 13, 16]",0,-0.001,-3,0,2,0.017543859649122,3,1
4,"(10,1)",,False,6,"[10, 4, 6, 13, 1]",0,-0.001,-5,0,3,0.023391812865497002,5,1
5,"(10,1)",,False,6,"[10, 4, 6, 13, 1]",0,-0.001,-5,0,3,0.023391812865497002,5,1
6,"(2,15)",,False,8,"[2, 0, 15, 5, 13]",0,-0.001,-7,0,3,0.014619883040935,7,1
7,"(2,15)",,False,8,"[2, 0, 15, 5, 13]",0,-0.001,-7,0,3,0.014619883040935,7,1
8,"(3,16)",,False,8,"[3, 8, 18, 15, 16]",0,-0.001,-9,0,3,0.038011695906432004,9,1
9,"(3,16)",,False,8,"[3, 8, 18, 15, 16]",0,-0.001,-9,0,3,0.038011695906432004,9,1
10,"(8,2)",,False,10,"[8, 2, 6, 5, 12]",1,0.0,-11,0,3,0.055555555555555004,11,1
11,"(8,2)",,False,10,"[8, 2, 6, 5, 12]",1,0.0,-11,0,3,0.055555555555555004,11,1
12,"(15,17)",,False,12,"[15, 17, 0, 6, 7]",1,0.0,-13,0,3,0.023391812865497002,13,1
13,"(15,17)",,False,12,"[15, 17, 0, 6, 7]",1,0.0,-13,0,3,0.023391812865497002,13,1
14,"(16,3)",,False,10,"[17, 16, 3, 19, 11]",1,0.0,-15,0,3,0.046783625730994004,15,1
15,"(16,3)",,False,10,"[17, 16, 3, 19, 11]",1,0.0,-15,0,3,0.046783625730994004,15,1
16,"(4,1)",,False,13,"[4, 13, 3, 16, 1]",3,0.11111111111111101,-15,1,4,0.122807017543859,16,1
17,"(4,1)",,False,13,"[4, 13, 3, 16, 1]",3,0.11111111111111101,-15,1,4,0.122807017543859,16,1
18,"(9,8)",,False,13,"[9, 17, 8, 12, 2]",3,0.16959064327485301,-13,3,4,0.134502923976608,16,1
19,"(9,8)",,False,13,"[9, 17, 8, 12, 2]",3,0.16959064327485301,-13,3,4,0.134502923976608,16,1
20,"(3,19)",,False,13,"[3, 17, 14, 5, 19]",3,0.18713450292397601,-12,4,3,0.18713450292397601,16,1
21,"(3,19)",,False,13,"[3, 17, 14, 5, 19]",3,0.18713450292397601,-12,4,3,0.18713450292397601,16,1
22,"(5,16)",,False,15,"[5, 16, 2, 6, 18]",3,0.175438596491228,-12,5,3,0.20467836257309902,17,1
23,"(5,16)",,False,15,"[5, 16, 2, 6, 18]",3,0.175438596491228,-12,5,3,0.20467836257309902,17,1
24,"(14,12)",,False,17,"[14, 8, 12, 10, 16]",3,0.210526315789473,-12,6,3,0.22222222222222202,18,1
25,"(14,12)",,False,17,"[14, 8, 12, 10, 16]",3,0.210526315789473,-12,6,3,0.22222222222222202,18,1
26,"(6,11)",,False,19,"[6, 11, 18, 13, 9]",3,0.210526315789473,-10,8,3,0.08187134502923901,18,1
27,"(6,11)",,False,19,"[6, 11, 18, 13, 9]",3,0.210526315789473,-10,8,3,0.08187134502923901,18,1
28,"(1,16)",,False,21,"[12, 1, 0, 16, 4]",3,0.210526315789473,-8,10,4,0.11842105263157801,18,1
29,"(1,16)",,False,21,"[12, 1, 0, 16, 4]",3,0.210526315789473,-8,10,4,0.11842105263157801,18,1
30,"(15,17)",,False,21,"[14, 6, 15, 17, 0]",3,0.210526315789473,-6,12,4,0.11988304093567201,18,1
31,"(15,17)",,False,21,"[14, 6, 15, 17, 0]",3,0.210526315789473,-6,12,4,0.11988304093567201,18,1
32,"(7,16)",,False,23,"[6, 7, 16, 2, 10]",3,0.06822612085769901,-6,13,4,0.154970760233918,19,1
33,"(7,16)",,False,23,"[6, 7, 16, 2, 10]",3,0.06822612085769901,-6,13,4,0.154970760233918,19,1
34,"(18,12)",,False,26,"[18, 12, 17, 15, 5]",3,0.014035087719298001,-8,13,4,0.069200779727095,21,1
35,"(18,12)",,False,26,"[18, 12, 17, 15, 5]",3,0.014035087719298001,-8,13,4,0.069200779727095,21,1
36,"(18,0)",,False,26,"[18, 9, 13, 5, 0]",2,0.0,-10,13,4,0.043859649122807,23,1
37,"(18,0)",,False,26,"[18, 9, 13, 5, 0]",2,0.0,-10,13,4,0.043859649122807,23,1
38,"(10,3)",,False,26,"[4, 0, 13, 10, 3]",3,0.18713450292397601,-8,15,4,0.12670565302144202,23,1
39,"(10,3)",,False,26,"[4, 0, 13, 10, 3]",3,0.18713450292397601,-8,15,4,0.12670565302144202,23,1
40,"(1,6)",,False,28,"[1, 8, 13, 9, 6]",3,0.059941520467836004,-8,16,5,0.19883040935672502,24,1
41,"(1,6)",,False,28,"[1, 8, 13, 9, 6]",3,0.059941520467836004,-8,16,5,0.19883040935672502,24,1
42,"(14,0)",,False,28,"[19, 4, 17, 14, 0]",3,0.08479532163742601,-10,16,5,0.18615984405458003,26,1
43,"(14,0)",,False,28,"[19, 4, 17, 14, 0]",3,0.08479532163742601,-10,16,5,0.18615984405458003,26,1
44,"(14,16)",,False,28,"[14, 7, 16, 5, 11]",3,0.077972709551656,-12,16,5,0.17495126705653002,28,1
45,"(14,16)",,False,28,"[14, 7, 16, 5, 11]",3,0.077972709551656,-12,16,5,0.17495126705653002,28,1
46,"(8,1)",,False,30,"[8, 7, 1, 18, 4]",3,0.057504873294346004,-14,16,6,0.23099415204678303,30,1
47,"(8,1)",,False,30,"[8, 7, 1, 18, 4]",3,0.057504873294346004,-14,16,6,0.23099415204678303,30,1
48,"(8,13)",,False,32,"[8, 9, 16, 13, 5]",3,0.040935672514619006,-16,16,6,0.23586744639376203,32,1
49,"(8,13)",,False,32,"[8, 9, 16, 13, 5]",3,0.040935672514619006,-16,16,6,0.23586744639376203,32,1
50,"(12,0)",,False,32,"[19, 12, 0, 11, 18]",2,0.014619883040935,-18,16,6,0.259746588693957,34,1
51,"(12,0)",,False,32,"[19, 12, 0, 11, 18]",2,0.014619883040935,-18,16,6,0.259746588693957,34,1
52,"(5,1)",,False,34,"[5, 14, 12, 1, 3]",2,0.013645224171539001,-20,16,7,0.261500974658869,36,1
53,"(5,1)",,False,34,"[5, 14, 12, 1, 3]",2,0.013645224171539001,-20,16,7,0.261500974658869,36,1
54,"(12,1)",,False,36,"[8, 12, 1, 3, 16]",2,0.013157894736842,-22,16,8,0.24083820662768002,38,1
55,"(12,1)",,False,36,"[8, 12, 1, 3, 16]",2,0.013157894736842,-22,16,8,0.24083820662768002,38,1
56,"(12,10)",,False,36,"[14, 1, 12, 15, 10]",2,0.009746588693957,-24,16,8,0.246686159844054,40,1
57,"(12,10)",,False,36,"[14, 1, 12, 15, 10]",2,0.009746588693957,-24,16,8,0.246686159844054,40,1
58,"(1,9)",,False,38,"[3, 1, 8, 18, 9]",2,0.009746588693957,-26,16,9,0.261403508771929,42,1
59,"(1,9)",,False,38,"[3, 1, 8, 18, 9]",2,0.009746588693957,-26,16,9,0.261403508771929,42,1
60,"(1,11)",,False,40,"[19, 1, 9, 11, 6]",2,0.008771929824561,-28,16,10,0.26790587580061204,44,1
61,"(1,11)",,False,40,"[19, 1, 9, 11, 6]",2,0.008771929824561,-28,16,10,0.26790587580061204,44,1
62,"(13,1)",,False,40,"[13, 5, 15, 1, 14]",2,0.00896686159844,-30,16,10,0.254970760233918,46,1
63,"(13,1)",,False,40,"[13, 5, 15, 1, 14]",2,0.00896686159844,-30,16,10,0.254970760233918,46,1
64,"(15,1)",,False,42,"[19, 13, 15, 7, 1]",2,0.008479532163742,-32,16,11,0.27027290448343,48,1
65,"(15,1)",,False,42,"[19, 13, 15, 7, 1]",2,0.008479532163742,-32,16,11,0.27027290448343,48,1
66,"(9,7)",,False,42,"[5, 13, 8, 9, 7]",2,0.007309941520467001,-34,16,11,0.25462266778056203,50,1
67,"(9,7)",,False,42,"[5, 13, 8, 9, 7]",2,0.007309941520467001,-34,16,11,0.25462266778056203,50,1
68,"(15,17)",,False,42,"[18, 15, 11, 4, 17]",2,0.008771929824561,-36,16,10,0.251531606794764,52,1
69,"(15,17)",,False,42,"[18, 15, 11, 4, 17]",2,0.008771929824561,-36,16,10,0.251531606794764,52,1
70,"(11,15)",,False,42,"[11, 12, 3, 0, 15]",2,0.007017543859649001,-38,16,9,0.20582010582010501,54,1
71,"(11,15)",,False,42,"[11, 12, 3, 0, 15]",2,0.007017543859649001,-38,16,9,0.20582010582010501,54,1
72,"(5,7)",,False,44,"[8, 5, 7, 0, 17]",2,0.007017543859649001,-40,16,9,0.17632275132275102,56,1
73,"(5,7)",,False,44,"[8, 5, 7, 0, 17]",2,0.007017543859649001,-40,16,9,0.17632275132275102,56,1
74,"(7,11)",,False,42,"[10, 7, 17, 11, 8]",2,0.007309941520467001,-42,16,8,0.16447368421052602,58,1
75,"(7,11)",,False,42,"[10, 7, 17, 11, 8]",2,0.007309941520467001,-42,16,8,0.16447368421052602,58,1
76,"(12,6)",,False,42,"[12, 3, 6, 9, 11]",2,0.011695906432748001,-44,16,8,0.17928849902534102,60,1
77,"(12,6)",,False,42,"[12, 3, 6, 9, 11]",2,0.011695906432748001,-44,16,8,0.17928849902534102,60,1
78,"(1,11)",,False,44,"[1, 13, 9, 11, 19]",2,0.011695906432748001,-46,16,9,0.19147173489278702,62,1
79,"(1,11)",,False,44,"[1, 13, 9, 11, 19]",2,0.011695906432748001,-46,16,9,0.19147173489278702,62,1
80,"(1,10)",,False,46,"[1, 18, 10, 11, 15]",2,0.010233918128654,-48,16,10,0.20852130325814502,64,1
81,"(1,10)",,False,46,"[1, 18, 10, 11, 15]",2,0.010233918128654,-48,16,10,0.20852130325814502,64,1
82,"(15,16)",,False,46,"[8, 15, 16, 17, 7]",2,0.011069340016708,-50,16,10,0.22079504316346402,66,1
83,"(15,16)",,False,46,"[8, 15, 16, 17, 7]",2,0.011069340016708,-50,16,10,0.22079504316346402,66,1
84,"(9,12)",,False,47,"[9, 12, 14, 3, 11]",4,0.040016708437761006,-52,16,10,0.22745057087162301,68,1
85,"(9,12)",,False,47,"[9, 12, 14, 3, 11]",4,0.040016708437761006,-52,16,10,0.22745057087162301,68,1
86,"(10,2)",,False,47,"[19, 14, 10, 2, 6]",5,0.075243664717348,-54,16,10,0.24310776942355802,70,1
87,"(10,2)",,False,47,"[19, 14, 10, 2, 6]",5,0.075243664717348,-54,16,10,0.24310776942355802,70,1
88,"(10,0)",,False,47,"[16, 6, 17, 10, 0]",5,0.075243664717348,-56,16,10,0.24310776942355802,72,1
89,"(10,0)",,False,47,"[16, 6, 17, 10, 0]",5,0.075243664717348,-56,16,10,0.24310776942355802,72,1
90,"(5,12)",,False,47,"[5, 9, 12, 15, 1]",5,0.073113338902812,-58,16,10,0.21810776942355803,74,1
91,"(5,12)",,False,47,"[5, 9, 12, 15, 1]",5,0.073113338902812,-58,16,10,0.21810776942355803,74,1
92,"(2,1)",,False,47,"[19, 18, 10, 2, 1]",5,0.08827624617098301,-60,16,11,0.25227652464494504,76,1
93,"(2,1)",,False,47,"[19, 18, 10, 2, 1]",5,0.08827624617098301,-60,16,11,0.25227652464494504,76,1
94,"(1,17)",,False,50,"[12, 15, 1, 17, 11]",5,0.051141743247006,-62,16,12,0.27774064791608605,78,1
95,"(1,17)",,False,50,"[12, 15, 1, 17, 11]",5,0.051141743247006,-62,16,12,0.27774064791608605,78,1
96,"(18,1)",,False,50,"[19, 6, 18, 1, 3]",5,0.047909546593757006,-64,16,12,0.258460334337527,80,1
97,"(18,1)",,False,50,"[19, 6, 18, 1, 3]",5,0.047909546593757006,-64,16,12,0.258460334337527,80,1
98,"(16,9)",,False,50,"[18, 17, 16, 9, 5]",5,0.046196931723247,-66,16,12,0.268845092529303,82,1
99,"(16,9)",,False,50,"[18, 17, 16, 9, 5]",5,0.046196931723247,-66,16,12,0.268845092529303,82,1
100,"(19,3)",,False,50,"[18, 19, 3, 16, 12]",5,0.043632228719948006,-68,16,12,0.27254563175615804,84,1
101,"(19,3)",,False,50,"[18, 19, 3, 16, 12]",5,0.043632228719948006,-68,16,12,0.27254563175615804,84,1
102,"(5,16)",,False,48,"[3, 1, 5, 16, 13]",5,0.05736605824325101,-70,16,11,0.24808928887876203,86,1
103,"(5,16)",,False,48,"[3, 1, 5, 16, 13]",5,0.05736605824325101,-70,16,11,0.24808928887876203,86,1
104,"(1,17)",,False,50,"[10, 9, 1, 2, 17]",5,0.041293047433398004,-72,16,12,0.25389715872172003,88,1
105,"(1,17)",,False,50,"[10, 9, 1, 2, 17]",5,0.041293047433398004,-72,16,12,0.25389715872172003,88,1
106,"(5,9)",,False,48,"[5, 18, 9, 6, 1]",5,0.051427179058758,-74,16,11,0.257598541809068,90,1
107,"(5,9)",,False,48,"[5, 18, 9, 6, 1]",5,0.051427179058758,-74,16,11,0.257598541809068,90,1
108,"(2,0)",,False,48,"[16, 9, 2, 13, 0]",4,0.028167641325536,-76,16,11,0.24075086706665602,92,1
109,"(2,0)",,False,48,"[16, 9, 2, 13, 0]",4,0.028167641325536,-76,16,11,0.24075086706665602,92,1
110,"(8,2)",,False,48,"[8, 2, 10, 17, 12]",4,0.027972709551656,-78,16,11,0.22169860678632602,94,1
111,"(8,2)",,False,48,"[8, 2, 10, 17, 12]",4,0.027972709551656,-78,16,11,0.22169860678632602,94,1
112,"(8,1)",,False,47,"[6, 16, 8, 19, 1]",4,0.044541910331384,-80,16,10,0.166572365256575,96,1
113,"(8,1)",,False,47,"[6, 16, 8, 19, 1]",4,0.044541910331384,-80,16,10,0.166572365256575,96,1
114,"(1,2)",,False,49,"[13, 11, 1, 2, 18]",4,0.041966026176552006,-82,16,11,0.191498852025167,98,1
115,"(1,2)",,False,49,"[13, 11, 1, 2, 18]",4,0.041966026176552006,-82,16,11,0.191498852025167,98,1
116,"(0,17)",,False,49,"[12, 0, 5, 9, 17]",3,0.017599554441659,-84,16,11,0.17261135550609202,100,1
117,"(0,17)",,False,49,"[12, 0, 5, 9, 17]",3,0.017599554441659,-84,16,11,0.17261135550609202,100,1
118,"(8,13)",,False,49,"[8, 4, 3, 15, 13]",3,0.015325350413069,-86,16,11,0.18953793120459703,102,1
119,"(8,13)",,False,49,"[8, 4, 3, 15, 13]",3,0.015325350413069,-86,16,11,0.18953793120459703,102,1
120,"(6,12)",,False,49,"[2, 5, 6, 8, 12]",3,0.01359649122807,-88,16,10,0.164626114626114,104,1
121,"(6,12)",,False,49,"[2, 5, 6, 8, 12]",3,0.01359649122807,-88,16,10,0.164626114626114,104,1
122,"(12,1)",,False,49,"[3, 12, 1, 11, 8]",3,0.014766081871345002,-90,16,10,0.12729794571899802,106,1
123,"(12,1)",,False,49,"[3, 12, 1, 11, 8]",3,0.014766081871345002,-90,16,10,0.12729794571899802,106,1
124,"(5,1)",,False,48,"[2, 5, 4, 1, 11]",3,0.014863547758284001,-92,16,9,0.137427533480165,108,1
125,"(5,1)",,False,48,"[2, 5, 4, 1, 11]",3,0.014863547758284001,-92,16,9,0.137427533480165,108,1
126,"(9,14)",,False,50,"[8, 11, 2, 9, 14]",3,0.009999746841852002,-94,16,9,0.11881743987007101,110,1
127,"(9,14)",,False,50,"[8, 11, 2, 9, 14]",3,0.009999746841852002,-94,16,9,0.11881743987007101,110,1
128,"(18,2)",,False,50,"[0, 7, 18, 3, 2]",3,0.010052910052910001,-96,16,9,0.114383180172653,112,1
129,"(18,2)",,False,50,"[0, 7, 18, 3, 2]",3,0.010052910052910001,-96,16,9,0.114383180172653,112,1
130,"(10,1)",,False,52,"[10, 1, 18, 13, 2]",3,0.009790891369838,-98,16,10,0.160770613402192,114,1
131,"(10,1)",,False,52,"[10, 1, 18, 13, 2]",3,0.009790891369838,-98,16,10,0.160770613402192,114,1
132,"(15,13)",,False,52,"[6, 15, 13, 4, 9]",3,0.009909031838856,-100,16,10,0.16661097187412902,116,1
133,"(15,13)",,False,52,"[6, 15, 13, 4, 9]",3,0.009909031838856,-100,16,10,0.16661097187412902,116,1
134,"(0,1)",,False,54,"[13, 0, 5, 10, 1]",5,0.020987654320987002,-102,16,11,0.189696463380673,118,1
135,"(0,1)",,False,54,"[13, 0, 5, 10, 1]",5,0.020987654320987002,-102,16,11,0.189696463380673,118,1
136,"(17,1)",,False,56,"[17, 1, 19, 18, 12]",6,0.037069525666016005,-104,16,12,0.21503759398496203,120,1
137,"(17,1)",,False,56,"[17, 1, 19, 18, 12]",6,0.037069525666016005,-104,16,12,0.21503759398496203,120,1
138,"(17,18)",,False,54,"[4, 17, 13, 18, 19]",6,0.049528914879792,-106,16,11,0.171567808409913,122,1
139,"(17,18)",,False,54,"[4, 17, 13, 18, 19]",6,0.049528914879792,-106,16,11,0.171567808409913,122,1
140,"(8,18)",,False,54,"[5, 8, 7, 18, 12]",6,0.051868096166341006,-108,16,11,0.17660818713450202,124,1
141,"(8,18)",,False,54,"[5, 8, 7, 18, 12]",6,0.051868096166341006,-108,16,11,0.17660818713450202,124,1
142,"(17,5)",,False,54,"[17, 5, 18, 19, 7]",6,0.044822704910424005,-110,16,10,0.160368513877285,126,1
143,"(17,5)",,False,54,"[17, 5, 18, 19, 7]",6,0.044822704910424005,-110,16,10,0.160368513877285,126,1
144,"(15,3)",,False,54,"[15, 10, 3, 16, 6]",7,0.0661514898357,-112,16,10,0.18596027104799,128,1
145,"(15,3)",,False,54,"[15, 10, 3, 16, 6]",7,0.0661514898357,-112,16,10,0.18596027104799,128,1
146,"(16,2)",,False,54,"[11, 16, 8, 19, 2]",7,0.06464836333257301,-114,16,10,0.18062812755795202,130,1
147,"(16,2)",,False,54,"[11, 16, 8, 19, 2]",7,0.06464836333257301,-114,16,10,0.18062812755795202,130,1
148,"(0,14)",,False,54,"[0, 7, 14, 12, 19]",7,0.07839194593580501,-116,16,10,0.181685614580351,132,1
149,"(0,14)",,False,54,"[0, 7, 14, 12, 19]",7,0.07839194593580501,-116,16,10,0.181685614580351,132,1
150,"(1,14)",,False,53,"[4, 15, 17, 1, 14]",7,0.08438520543783701,-118,16,11,0.22468734968734902,134,1
151,"(1,14)",,False,53,"[4, 15, 17, 1, 14]",7,0.08438520543783701,-118,16,11,0.22468734968734902,134,1
152,"(2,15)",,False,53,"[14, 16, 2, 19, 15]",7,0.08302068302068301,-120,16,11,0.21783689020531102,136,1
153,"(2,15)",,False,53,"[14, 16, 2, 19, 15]",7,0.08302068302068301,-120,16,11,0.21783689020531102,136,1
154,"(0,3)",,False,51,"[15, 8, 7, 0, 3]",6,0.063150932887774,-122,16,10,0.156739069896964,138,1
155,"(0,3)",,False,51,"[15, 8, 7, 0, 3]",6,0.063150932887774,-122,16,10,0.156739069896964,138,1
156,"(0,9)",,False,51,"[19, 14, 0, 10, 9]",5,0.038693957115009,-124,16,10,0.153411306042885,140,1
157,"(0,9)",,False,51,"[19, 14, 0, 10, 9]",5,0.038693957115009,-124,16,10,0.153411306042885,140,1
158,"(0,5)",,False,49,"[13, 14, 0, 10, 5]",4,0.030416318574213,-126,16,9,0.12854358117516002,142,1
159,"(0,5)",,False,49,"[13, 14, 0, 10, 5]",4,0.030416318574213,-126,16,9,0.12854358117516002,142,1
160,"(15,11)",,False,47,"[15, 19, 5, 16, 11]",4,0.039640768588137004,-128,16,8,0.112795878585352,144,1
161,"(15,11)",,False,47,"[15, 19, 5, 16, 11]",4,0.039640768588137004,-128,16,8,0.112795878585352,144,1
162,"(19,1)",,False,47,"[19, 9, 1, 11, 14]",4,0.041771094402673,-130,16,8,0.136340852130325,146,1
163,"(19,1)",,False,47,"[19, 9, 1, 11, 14]",4,0.041771094402673,-130,16,8,0.136340852130325,146,1
164,"(8,1)",,False,50,"[14, 8, 3, 1, 5]",6,0.08358395989974901,-132,16,9,0.149986076301865,148,1
165,"(8,1)",,False,50,"[14, 8, 3, 1, 5]",6,0.08358395989974901,-132,16,9,0.149986076301865,148,1
166,"(2,11)",,False,52,"[10, 5, 2, 15, 11]",7,0.09675577833472501,-134,16,9,0.140336953494848,150,1
167,"(2,11)",,False,52,"[10, 5, 2, 15, 11]",7,0.09675577833472501,-134,16,9,0.140336953494848,150,1
168,"(16,4)",,False,52,"[9, 11, 16, 19, 4]",7,0.093636869952659,-136,16,9,0.13068783068783002,152,1
169,"(16,4)",,False,52,"[9, 11, 16, 19, 4]",7,0.093636869952659,-136,16,9,0.13068783068783002,152,1
170,"(0,18)",,False,52,"[12, 13, 16, 0, 18]",6,0.051768309663046005,-138,16,9,0.12142857142857101,154,1
171,"(0,18)",,False,52,"[12, 13, 16, 0, 18]",6,0.051768309663046005,-138,16,9,0.12142857142857101,154,1
172,"(18,19)",,False,54,"[18, 19, 13, 4, 14]",6,0.049679754942912005,-140,16,9,0.11413951545530401,156,1
173,"(18,19)",,False,54,"[18, 19, 13, 4, 14]",6,0.049679754942912005,-140,16,9,0.11413951545530401,156,1
174,"(13,6)",,False,54,"[13, 7, 18, 6, 2]",6,0.052311333890281,-142,16,9,0.12102942541539001,158,1
175,"(13,6)",,False,54,"[13, 7, 18, 6, 2]",6,0.052311333890281,-142,16,9,0.12102942541539001,158,1
176,"(8,0)",,False,54,"[14, 18, 8, 0, 2]",5,0.036661097187412006,-144,16,9,0.11548779355796801,160,1
177,"(8,0)",,False,54,"[14, 18, 8, 0, 2]",5,0.036661097187412006,-144,16,9,0.11548779355796801,160,1
178,"(0,17)",,False,54,"[18, 5, 0, 15, 17]",5,0.020328599275967002,-146,16,9,0.11091617933723101,162,1
179,"(0,17)",,False,54,"[18, 5, 0, 15, 17]",5,0.020328599275967002,-146,16,9,0.11091617933723101,162,1
180,"(16,15)",,False,54,"[16, 6, 15, 13, 10]",5,0.024122807017543,-148,16,9,0.11797085305857201,164,1
181,"(16,15)",,False,54,"[16, 6, 15, 13, 10]",5,0.024122807017543,-148,16,9,0.11797085305857201,164,1
182,"(1,17)",,False,55,"[1, 18, 17, 12, 0]",5,0.028991103113910004,-150,16,9,0.130489312506856,166,1
183,"(1,17)",,False,55,"[1, 18, 17, 12, 0]",5,0.028991103113910004,-150,16,9,0.130489312506856,166,1
184,"(12,6)",,False,55,"[4, 12, 16, 6, 17]",6,0.050048732943469,-152,16,9,0.14690429778149,168,1
185,"(12,6)",,False,55,"[4, 12, 16, 6, 17]",6,0.050048732943469,-152,16,9,0.14690429778149,168,1
186,"(5,17)",,False,55,"[5, 16, 8, 10, 17]",7,0.073879142300194,-154,16,9,0.140239487607908,170,1
187,"(5,17)",,False,55,"[5, 16, 8, 10, 17]",7,0.073879142300194,-154,16,9,0.140239487607908,170,1
188,"(14,1)",,False,57,"[11, 14, 1, 6, 3]",8,0.09153193441119101,-156,16,10,0.158385342441069,172,1
189,"(14,1)",,False,57,"[11, 14, 1, 6, 3]",8,0.09153193441119101,-156,16,10,0.158385342441069,172,1
190,"(6,7)",,False,59,"[5, 9, 6, 11, 7]",8,0.077652464494569,-158,16,10,0.136514898357003,174,1
191,"(6,7)",,False,59,"[5, 9, 6, 11, 7]",8,0.077652464494569,-158,16,10,0.136514898357003,174,1
192,"(14,7)",,False,59,"[4, 5, 10, 14, 7]",8,0.085185185185185,-160,16,10,0.141332497911445,176,1
193,"(14,7)",,False,59,"[4, 5, 10, 14, 7]",8,0.085185185185185,-160,16,10,0.141332497911445,176,1
194,"(7,1)",,False,61,"[7, 8, 4, 1, 14]",9,0.090448975975291,-162,16,11,0.15089428115743903,178,1
195,"(7,1)",,False,61,"[7, 8, 4, 1, 14]",9,0.090448975975291,-162,16,11,0.15089428115743903,178,1
196,"(13,15)",,False,59,"[13, 9, 15, 10, 14]",9,0.113589529379003,-164,16,10,0.15084238373712,180,1
197,"(13,15)",,False,59,"[13, 9, 15, 10, 14]",9,0.113589529379003,-164,16,10,0.15084238373712,180,1
198,"(4,17)",,False,57,"[6, 4, 17, 5, 14]",9,0.140100250626566,-162,18,9,0.138429406850459,180,1
199,"(4,17)",,False,57,"[6, 4, 17, 5, 14]",9,0.140100250626566,-162,18,9,0.138429406850459,180,1
200,"(6,0)",,False,57,"[6, 13, 10, 0, 16]",9,0.146522239943292,-160,20,9,0.144245715298346,180,1
201,"(6,0)",,False,57,"[6, 13, 10, 0, 16]",9,0.146522239943292,-160,20,9,0.144245715298346,180,1
202,"(8,1)",,False,57,"[8, 0, 1, 4, 16]",9,0.13346181109339,-160,21,10,0.16334902913850202,181,1
203,"(8,1)",,False,57,"[8, 0, 1, 4, 16]",9,0.13346181109339,-160,21,10,0.16334902913850202,181,1
204,"(8,17)",,False,57,"[16, 8, 2, 5, 17]",9,0.14116161616161602,-162,21,10,0.169099516467937,183,1
205,"(8,17)",,False,57,"[16, 8, 2, 5, 17]",9,0.14116161616161602,-162,21,10,0.169099516467937,183,1
206,"(17,4)",,False,57,"[13, 14, 17, 4, 3]",9,0.132419675840728,-164,21,10,0.16442972232445902,185,1
207,"(17,4)",,False,57,"[13, 14, 17, 4, 3]",9,0.132419675840728,-164,21,10,0.16442972232445902,185,1
208,"(1,7)",,False,59,"[1, 3, 4, 19, 7]",9,0.11550613129560501,-166,21,11,0.19082280617368302,187,1
209,"(1,7)",,False,59,"[1, 3, 4, 19, 7]",9,0.11550613129560501,-166,21,11,0.19082280617368302,187,1
210,"(5,1)",,False,61,"[5, 19, 18, 1, 10]",9,0.098860350176139,-168,21,12,0.19162573943275701,189,1
211,"(5,1)",,False,61,"[5, 19, 18, 1, 10]",9,0.098860350176139,-168,21,12,0.19162573943275701,189,1
212,"(3,19)",,False,61,"[14, 16, 3, 19, 6]",9,0.09971582997898701,-170,21,12,0.180064428748639,191,1
213,"(3,19)",,False,61,"[14, 16, 3, 19, 6]",9,0.09971582997898701,-170,21,12,0.180064428748639,191,1
214,"(15,0)",,False,59,"[14, 15, 3, 0, 5]",8,0.09099875108647,-172,21,11,0.171830038058108,193,1
215,"(15,0)",,False,59,"[14, 15, 3, 0, 5]",8,0.09099875108647,-172,21,11,0.171830038058108,193,1
216,"(0,17)",,False,59,"[0, 4, 13, 6, 17]",8,0.07867585630743501,-174,21,11,0.15940545808966802,195,1
217,"(0,17)",,False,59,"[0, 4, 13, 6, 17]",8,0.07867585630743501,-174,21,11,0.15940545808966802,195,1
218,"(7,0)",,False,59,"[7, 0, 15, 10, 4]",7,0.06387116781853601,-176,21,11,0.165288853446748,197,1
219,"(7,0)",,False,59,"[7, 0, 15, 10, 4]",7,0.06387116781853601,-176,21,11,0.165288853446748,197,1
220,"(19,11)",,False,62,"[19, 14, 12, 11, 10]",7,0.049194032088768005,-178,21,11,0.14512670565302102,199,1
221,"(19,11)",,False,62,"[19, 14, 12, 11, 10]",7,0.049194032088768005,-178,21,11,0.14512670565302102,199,1
222,"(2,13)",,False,62,"[2, 13, 3, 17, 12]",7,0.05054217368458801,-180,21,11,0.135703638180418,201,1
223,"(2,13)",,False,62,"[2, 13, 3, 17, 12]",7,0.05054217368458801,-180,21,11,0.135703638180418,201,1
224,"(14,12)",,False,62,"[14, 8, 12, 18, 19]",8,0.07721547458389501,-182,21,11,0.141882483987747,203,1
225,"(14,12)",,False,62,"[14, 8, 12, 18, 19]",8,0.07721547458389501,-182,21,11,0.141882483987747,203,1
226,"(0,3)",,False,62,"[6, 16, 0, 3, 18]",7,0.05577030182293301,-184,21,11,0.131853672643146,205,1
227,"(0,3)",,False,62,"[6, 16, 0, 3, 18]",7,0.05577030182293301,-184,21,11,0.131853672643146,205,1
228,"(14,10)",,False,60,"[8, 14, 10, 7, 16]",7,0.059975258659469004,-186,21,10,0.12466208255681901,207,1
229,"(14,10)",,False,60,"[8, 14, 10, 7, 16]",7,0.059975258659469004,-186,21,10,0.12466208255681901,207,1
230,"(17,0)",,False,58,"[17, 19, 8, 0, 7]",6,0.040001713685924006,-188,21,10,0.127391127391127,209,1
231,"(17,0)",,False,58,"[17, 19, 8, 0, 7]",6,0.040001713685924006,-188,21,10,0.127391127391127,209,1
232,"(18,1)",,False,60,"[14, 5, 18, 1, 16]",7,0.060860484544695004,-190,21,11,0.14558618769145001,211,1
233,"(18,1)",,False,60,"[14, 5, 18, 1, 16]",7,0.060860484544695004,-190,21,11,0.14558618769145001,211,1
234,"(2,6)",,False,60,"[2, 18, 6, 11, 4]",7,0.060130123288018006,-192,21,11,0.14441026809447802,213,1
235,"(2,6)",,False,60,"[2, 18, 6, 11, 4]",7,0.060130123288018006,-192,21,11,0.14441026809447802,213,1
236,"(8,1)",,False,60,"[5, 3, 8, 7, 1]",7,0.060130123288018006,-194,21,11,0.14441026809447802,215,1
237,"(8,1)",,False,60,"[5, 3, 8, 7, 1]",7,0.060130123288018006,-194,21,11,0.14441026809447802,215,1
238,"(15,13)",,False,58,"[10, 15, 4, 13, 3]",7,0.088839717787086,-196,21,10,0.121708213813476,217,1
239,"(15,13)",,False,58,"[10, 15, 4, 13, 3]",7,0.088839717787086,-196,21,10,0.121708213813476,217,1
240,"(5,19)",,False,58,"[2, 5, 16, 14, 19]",8,0.105173286752234,-198,21,10,0.11467009274026801,219,1
241,"(5,19)",,False,58,"[2, 5, 16, 14, 19]",8,0.105173286752234,-198,21,10,0.11467009274026801,219,1
242,"(0,4)",,False,58,"[15, 19, 3, 0, 4]",7,0.077437896736142,-198,22,10,0.108951866846603,220,1
243,"(0,4)",,False,58,"[15, 19, 3, 0, 4]",7,0.077437896736142,-198,22,10,0.108951866846603,220,1
244,"(17,13)",,False,58,"[17, 5, 7, 0, 13]",7,0.07998593349470501,-200,22,10,0.118266820898399,222,1
245,"(17,13)",,False,58,"[17, 5, 7, 0, 13]",7,0.07998593349470501,-200,22,10,0.118266820898399,222,1
246,"(14,17)",,False,58,"[18, 14, 15, 17, 3]",7,0.077036430106605,-202,22,9,0.09388178423266101,224,1
247,"(14,17)",,False,58,"[18, 14, 15, 17, 3]",7,0.077036430106605,-202,22,9,0.09388178423266101,224,1
248,"(2,15)",,False,56,"[2, 13, 15, 4, 9]",7,0.09220336194020401,-204,22,9,0.125543657122604,226,1
249,"(2,15)",,False,56,"[2, 13, 15, 4, 9]",7,0.09220336194020401,-204,22,9,0.125543657122604,226,1
250,"(17,1)",,False,58,"[3, 0, 17, 9, 1]",7,0.08621617174248701,-206,22,10,0.13111313637629401,228,1
251,"(17,1)",,False,58,"[3, 0, 17, 9, 1]",7,0.08621617174248701,-206,22,10,0.13111313637629401,228,1
252,"(1,11)",,False,58,"[1, 2, 12, 0, 11]",7,0.086793372319688,-208,22,11,0.158771929824561,230,1
253,"(1,11)",,False,58,"[1, 2, 12, 0, 11]",7,0.086793372319688,-208,22,11,0.158771929824561,230,1
254,"(7,10)",,False,58,"[7, 17, 6, 10, 9]",8,0.10636777128005101,-210,22,11,0.15162443144899201,232,1
255,"(7,10)",,False,58,"[7, 17, 6, 10, 9]",8,0.10636777128005101,-210,22,11,0.15162443144899201,232,1
256,"(10,19)",,False,58,"[8, 13, 10, 12, 19]",8,0.09608279959157101,-212,22,10,0.130715678084099,234,1
257,"(10,19)",,False,58,"[8, 13, 10, 12, 19]",8,0.09608279959157101,-212,22,10,0.130715678084099,234,1
258,"(12,1)",,False,60,"[6, 18, 12, 5, 1]",8,0.084902491920035,-214,22,11,0.136480722007037,236,1
259,"(12,1)",,False,60,"[6, 18, 12, 5, 1]",8,0.084902491920035,-214,22,11,0.136480722007037,236,1
260,"(8,5)",,False,62,"[12, 15, 8, 5, 6]",8,0.07405382142224201,-216,22,11,0.120077972709551,238,1
261,"(8,5)",,False,62,"[12, 15, 8, 5, 6]",8,0.07405382142224201,-216,22,11,0.120077972709551,238,1
262,"(16,6)",,False,62,"[16, 0, 18, 15, 6]",8,0.073847075601461,-218,22,11,0.11234715576820802,240,1
263,"(16,6)",,False,62,"[16, 0, 18, 15, 6]",8,0.073847075601461,-218,22,11,0.11234715576820802,240,1
264,"(13,10)",,False,62,"[13, 11, 10, 15, 14]",9,0.094725449988607,-220,22,11,0.113214222424748,242,1
265,"(13,10)",,False,62,"[13, 11, 10, 15, 14]",9,0.094725449988607,-220,22,11,0.113214222424748,242,1
266,"(5,19)",,False,64,"[16, 6, 5, 14, 19]",10,0.107462031146241,-220,23,11,0.10878442545109202,243,1
267,"(5,19)",,False,64,"[16, 6, 5, 14, 19]",10,0.107462031146241,-220,23,11,0.10878442545109202,243,1
268,"(0,11)",,False,64,"[0, 8, 11, 9, 17]",10,0.095667652685196,-220,24,11,0.118530429933938,244,1
269,"(0,11)",,False,64,"[0, 8, 11, 9, 17]",10,0.095667652685196,-220,24,11,0.118530429933938,244,1
270,"(8,0)",,False,62,"[13, 8, 7, 0, 16]",9,0.07749407837127101,-222,24,11,0.12396758537109401,246,1
271,"(8,0)",,False,62,"[13, 8, 7, 0, 16]",9,0.07749407837127101,-222,24,11,0.12396758537109401,246,1
272,"(2,0)",,False,62,"[2, 0, 9, 14, 13]",8,0.055222019695703006,-224,24,11,0.138853446748183,248,1
273,"(2,0)",,False,62,"[2, 0, 9, 14, 13]",8,0.055222019695703006,-224,24,11,0.138853446748183,248,1
274,"(12,10)",,False,62,"[12, 2, 13, 16, 10]",9,0.070605174552542,-226,24,11,0.148868383078909,250,1
275,"(12,10)",,False,62,"[12, 2, 13, 16, 10]",9,0.070605174552542,-226,24,11,0.148868383078909,250,1
276,"(10,9)",,False,62,"[16, 10, 19, 5, 9]",9,0.073208906103642,-228,24,11,0.14567985620617202,252,1
277,"(10,9)",,False,62,"[16, 10, 19, 5, 9]",9,0.073208906103642,-228,24,11,0.14567985620617202,252,1
278,"(11,16)",,False,62,"[18, 11, 14, 16, 19]",9,0.06637383084751501,-230,24,11,0.140364216680006,254,1
279,"(11,16)",,False,62,"[18, 11, 14, 16, 19]",9,0.06637383084751501,-230,24,11,0.140364216680006,254,1
280,"(4,5)",,False,64,"[4, 14, 8, 5, 7]",9,0.061089154510207,-232,24,11,0.117115438168069,256,1
281,"(4,5)",,False,64,"[4, 14, 8, 5, 7]",9,0.061089154510207,-232,24,11,0.117115438168069,256,1
282,"(1,3)",,False,66,"[10, 1, 16, 11, 3]",9,0.058483524272997,-234,24,12,0.133064401485454,258,1
283,"(1,3)",,False,66,"[10, 1, 16, 11, 3]",9,0.058483524272997,-234,24,12,0.133064401485454,258,1
284,"(17,8)",,False,66,"[18, 4, 17, 8, 12]",9,0.057393483709273004,-236,24,12,0.12671493548686502,260,1
285,"(17,8)",,False,66,"[18, 4, 17, 8, 12]",9,0.057393483709273004,-236,24,12,0.12671493548686502,260,1
286,"(19,1)",,False,66,"[2, 7, 0, 19, 1]",9,0.065239438923649,-238,24,13,0.15539173302331102,262,1
287,"(19,1)",,False,66,"[2, 7, 0, 19, 1]",9,0.065239438923649,-238,24,13,0.15539173302331102,262,1
288,"(7,11)",,False,64,"[1, 7, 5, 11, 12]",9,0.067552265797879,-240,24,12,0.134702967597704,264,1
289,"(7,11)",,False,64,"[1, 7, 5, 11, 12]",9,0.067552265797879,-240,24,12,0.134702967597704,264,1
290,"(18,1)",,False,66,"[15, 18, 1, 11, 0]",9,0.058304593392312004,-242,24,13,0.140570443202022,266,1
291,"(18,1)",,False,66,"[15, 18, 1, 11, 0]",9,0.058304593392312004,-242,24,13,0.140570443202022,266,1
292,"(14,6)",,False,66,"[14, 3, 6, 12, 8]",9,0.058701045543150004,-244,24,13,0.133887116781853,268,1
293,"(14,6)",,False,66,"[14, 3, 6, 12, 8]",9,0.058701045543150004,-244,24,13,0.133887116781853,268,1
294,"(15,2)",,False,64,"[14, 12, 15, 0, 2]",9,0.059559673594761005,-246,24,12,0.114342252938744,270,1
295,"(15,2)",,False,64,"[14, 12, 15, 0, 2]",9,0.059559673594761005,-246,24,12,0.114342252938744,270,1
296,"(3,5)",,False,64,"[10, 3, 12, 5, 13]",9,0.059614313561681,-248,24,12,0.114633806739069,272,1
297,"(3,5)",,False,64,"[10, 3, 12, 5, 13]",9,0.059614313561681,-248,24,12,0.114633806739069,272,1
298,"(19,11)",,False,64,"[19, 11, 8, 5, 3]",9,0.059954373112267006,-250,24,12,0.124432341537604,274,1
299,"(19,11)",,False,64,"[19, 11, 8, 5, 3]",9,0.059954373112267006,-250,24,12,0.124432341537604,274,1
300,"(7,0)",,False,61,"[16, 7, 0, 8, 15]",8,0.053181565023670004,-252,24,10,0.09021164021164,276,1
301,"(7,0)",,False,61,"[16, 7, 0, 8, 15]",8,0.053181565023670004,-252,24,10,0.09021164021164,276,1
302,"(9,1)",,False,63,"[9, 1, 2, 6, 13]",8,0.039424951267056,-254,24,11,0.10201893622946201,278,1
303,"(9,1)",,False,63,"[9, 1, 2, 6, 13]",8,0.039424951267056,-254,24,11,0.10201893622946201,278,1
304,"(19,14)",,False,63,"[11, 19, 14, 16, 3]",8,0.040016708437761006,-256,24,11,0.097793093845725,280,1
305,"(19,14)",,False,63,"[11, 19, 14, 16, 3]",8,0.040016708437761006,-256,24,11,0.097793093845725,280,1
306,"(2,4)",,False,63,"[6, 5, 2, 12, 4]",9,0.060359231411862,-258,24,11,0.09903736614262901,282,1
307,"(2,4)",,False,63,"[6, 5, 2, 12, 4]",9,0.060359231411862,-258,24,11,0.09903736614262901,282,1
308,"(12,11)",,False,65,"[16, 12, 13, 4, 11]",10,0.074770258980785,-260,24,11,0.09586276296802601,284,1
309,"(12,11)",,False,65,"[16, 12, 13, 4, 11]",10,0.074770258980785,-260,24,11,0.09586276296802601,284,1
310,"(0,9)",,False,63,"[13, 12, 0, 9, 6]",9,0.047927689594356004,-260,25,10,0.086984084791102,285,1
311,"(0,9)",,False,63,"[13, 12, 0, 9, 6]",9,0.047927689594356004,-260,25,10,0.086984084791102,285,1
312,"(13,3)",,False,61,"[13, 7, 4, 5, 3]",9,0.055458089668615006,-262,25,10,0.097918407128933,287,1
313,"(13,3)",,False,61,"[13, 7, 4, 5, 3]",9,0.055458089668615006,-262,25,10,0.097918407128933,287,1
314,"(3,9)",,False,61,"[4, 3, 13, 9, 17]",10,0.087426900584795,-260,27,10,0.074610136452241,287,1
315,"(3,9)",,False,61,"[4, 3, 13, 9, 17]",10,0.087426900584795,-260,27,10,0.074610136452241,287,1
316,"(9,6)",,False,63,"[9, 8, 18, 6, 11]",10,0.08393437296946,-258,29,10,0.064230019493177,287,1
317,"(9,6)",,False,63,"[9, 8, 18, 6, 11]",10,0.08393437296946,-258,29,10,0.064230019493177,287,1
318,"(12,15)",,False,63,"[6, 10, 5, 12, 15]",10,0.085247841826789,-256,31,10,0.07000264193246601,287,1
319,"(12,15)",,False,63,"[6, 10, 5, 12, 15]",10,0.085247841826789,-256,31,10,0.07000264193246601,287,1
320,"(15,8)",,False,63,"[15, 12, 17, 8, 6]",11,0.129439339088461,-254,33,10,0.073730622853429,287,1
321,"(15,8)",,False,63,"[15, 12, 17, 8, 6]",11,0.129439339088461,-254,33,10,0.073730622853429,287,1
322,"(9,12)",,False,63,"[11, 8, 9, 12, 18]",11,0.12222570314675502,-252,35,9,0.046840902761955,287,1
323,"(9,12)",,False,63,"[11, 8, 9, 12, 18]",11,0.12222570314675502,-252,35,9,0.046840902761955,287,1
324,"(17,12)",,False,65,"[10, 17, 4, 5, 12]",12,0.141329016986911,-250,37,9,0.04728646110225,287,1
325,"(17,12)",,False,65,"[10, 17, 4, 5, 12]",12,0.141329016986911,-250,37,9,0.04728646110225,287,1
326,"(18,0)",,False,63,"[2, 11, 18, 0, 10]",11,0.129763065070082,-248,39,9,0.054394508999772,287,1
327,"(18,0)",,False,63,"[2, 11, 18, 0, 10]",11,0.129763065070082,-248,39,9,0.054394508999772,287,1
328,"(19,0)",,False,63,"[12, 19, 2, 11, 0]",11,0.109013273925554,-246,41,9,0.051124022176653,287,1
329,"(19,0)",,False,63,"[12, 19, 2, 11, 0]",11,0.109013273925554,-246,41,9,0.051124022176653,287,1
330,"(1,8)",,False,63,"[6, 1, 19, 17, 8]",11,0.11796621182586,-244,43,10,0.07448292448292401,287,1
331,"(1,8)",,False,63,"[6, 1, 19, 17, 8]",11,0.11796621182586,-244,43,10,0.07448292448292401,287,1
332,"(2,4)",,False,65,"[2, 4, 5, 19, 9]",11,0.11073981249419801,-242,45,10,0.06854636591478601,287,1
333,"(2,4)",,False,65,"[2, 4, 5, 19, 9]",11,0.11073981249419801,-242,45,10,0.06854636591478601,287,1
334,"(1,16)",,False,67,"[7, 14, 1, 9, 16]",11,0.10164299637983801,-240,47,11,0.066499582289055,287,1
335,"(1,16)",,False,67,"[7, 14, 1, 9, 16]",11,0.10164299637983801,-240,47,11,0.066499582289055,287,1
336,"(12,13)",,False,67,"[9, 16, 12, 17, 13]",11,0.10164299637983801,-238,49,11,0.066499582289055,287,1
337,"(12,13)",,False,67,"[9, 16, 12, 17, 13]",11,0.10164299637983801,-238,49,11,0.066499582289055,287,1
338,"(3,0)",,False,65,"[3, 0, 19, 2, 8]",10,0.089139515455304,-236,51,11,0.07492574027661701,287,1
339,"(3,0)",,False,65,"[3, 0, 19, 2, 8]",10,0.089139515455304,-236,51,11,0.07492574027661701,287,1
340,"(14,2)",,False,63,"[6, 4, 9, 14, 2]",10,0.10187505801540801,-234,53,11,0.086784089854265,287,1
341,"(14,2)",,False,63,"[6, 4, 9, 14, 2]",10,0.10187505801540801,-234,53,11,0.086784089854265,287,1
342,"(14,11)",,False,63,"[16, 14, 6, 17, 11]",10,0.09791693037307,-232,55,11,0.087109609039433,287,1
343,"(14,11)",,False,63,"[16, 14, 6, 17, 11]",10,0.09791693037307,-232,55,11,0.087109609039433,287,1
344,"(11,4)",,False,63,"[11, 4, 3, 8, 6]",10,0.09268541724682,-230,57,10,0.06777592128469301,287,1
345,"(11,4)",,False,63,"[11, 4, 3, 8, 6]",10,0.09268541724682,-230,57,10,0.06777592128469301,287,1
346,"(9,0)",,False,63,"[9, 11, 10, 0, 18]",10,0.097878956650886,-228,59,10,0.077018936229462,287,1
347,"(9,0)",,False,63,"[9, 11, 10, 0, 18]",10,0.097878956650886,-228,59,10,0.077018936229462,287,1
348,"(1,17)",,False,63,"[12, 15, 1, 17, 5]",10,0.10148579984583,-228,60,11,0.10566755051880901,288,1
349,"(1,17)",,False,63,"[12, 15, 1, 17, 5]",10,0.10148579984583,-228,60,11,0.10566755051880901,288,1
350,"(9,12)",,False,61,"[15, 9, 7, 12, 5]",10,0.11758098951081401,-228,61,11,0.126775271512113,289,1
351,"(9,12)",,False,61,"[15, 9, 7, 12, 5]",10,0.11758098951081401,-228,61,11,0.126775271512113,289,1
352,"(13,5)",,False,61,"[11, 8, 3, 13, 5]",10,0.11061914044370101,-226,63,10,0.09876079086605401,289,1
353,"(13,5)",,False,61,"[11, 8, 3, 13, 5]",10,0.11061914044370101,-226,63,10,0.09876079086605401,289,1
354,"(7,18)",,False,61,"[7, 4, 18, 3, 6]",11,0.135062192518332,-224,65,10,0.09780005569479201,289,1
355,"(7,18)",,False,61,"[7, 4, 18, 3, 6]",11,0.135062192518332,-224,65,10,0.09780005569479201,289,1
356,"(17,1)",,False,61,"[5, 17, 12, 1, 11]",11,0.13574445372690902,-222,67,11,0.128432191590086,289,1
357,"(17,1)",,False,61,"[5, 17, 12, 1, 11]",11,0.13574445372690902,-222,67,11,0.128432191590086,289,1
358,"(1,11)",,False,63,"[18, 1, 4, 6, 11]",11,0.12773073255529302,-222,68,12,0.128874796418656,290,1
359,"(1,11)",,False,63,"[18, 1, 4, 6, 11]",11,0.12773073255529302,-222,68,12,0.128874796418656,290,1
360,"(14,19)",,False,63,"[10, 14, 12, 19, 7]",11,0.11997122435718902,-222,69,12,0.129133017729508,291,1
361,"(14,19)",,False,63,"[10, 14, 12, 19, 7]",11,0.11997122435718902,-222,69,12,0.129133017729508,291,1
362,"(2,18)",,False,61,"[2, 12, 18, 10, 14]",11,0.12918639190569,-222,70,11,0.130474333983105,292,1
363,"(2,18)",,False,61,"[2, 12, 18, 10, 14]",11,0.12918639190569,-222,70,11,0.130474333983105,292,1
364,"(9,2)",,False,61,"[5, 9, 17, 2, 15]",11,0.12628330084470402,-222,71,11,0.12729614440140702,293,1
365,"(9,2)",,False,61,"[5, 9, 17, 2, 15]",11,0.12628330084470402,-222,71,11,0.12729614440140702,293,1
366,"(13,2)",,False,63,"[16, 18, 13, 2, 7]",12,0.147906804047154,-220,73,11,0.12227200999130801,293,1
367,"(13,2)",,False,63,"[16, 18, 13, 2, 7]",12,0.147906804047154,-220,73,11,0.12227200999130801,293,1
368,"(0,16)",,False,61,"[0, 16, 18, 6, 12]",11,0.12505590575766,-218,75,10,0.06894129262550301,293,1
369,"(0,16)",,False,61,"[0, 16, 18, 6, 12]",11,0.12505590575766,-218,75,10,0.06894129262550301,293,1
370,"(19,13)",,False,61,"[12, 16, 19, 14, 13]",11,0.11107398124941902,-216,77,9,0.056811009003991005,293,1
371,"(19,13)",,False,61,"[12, 16, 19, 14, 13]",11,0.11107398124941902,-216,77,9,0.056811009003991005,293,1
372,"(14,10)",,False,61,"[14, 6, 9, 10, 18]",11,0.10342877173440401,-214,79,8,0.030065661229096003,293,1
373,"(14,10)",,False,61,"[14, 6, 9, 10, 18]",11,0.10342877173440401,-214,79,8,0.030065661229096003,293,1
374,"(17,3)",,False,63,"[15, 7, 19, 17, 3]",11,0.08859827631757401,-212,81,8,0.030362230362230003,293,1
375,"(17,3)",,False,63,"[15, 7, 19, 17, 3]",11,0.08859827631757401,-212,81,8,0.030362230362230003,293,1
376,"(1,10)",,False,63,"[1, 5, 18, 16, 10]",11,0.09784919434042201,-210,83,9,0.05052458912108,293,1
377,"(1,10)",,False,63,"[1, 5, 18, 16, 10]",11,0.09784919434042201,-210,83,9,0.05052458912108,293,1
378,"(1,3)",,False,65,"[17, 1, 5, 3, 0]",12,0.11200264972194701,-208,85,10,0.06948642650397001,293,1
379,"(1,3)",,False,65,"[17, 1, 5, 3, 0]",12,0.11200264972194701,-208,85,10,0.06948642650397001,293,1
380,"(1,19)",,False,67,"[11, 1, 12, 19, 14]",13,0.14715154890593402,-206,87,11,0.08347974312886501,293,1
381,"(1,19)",,False,67,"[11, 1, 12, 19, 14]",13,0.14715154890593402,-206,87,11,0.08347974312886501,293,1
382,"(10,2)",,False,67,"[4, 10, 2, 3, 6]",13,0.149366757158294,-204,89,11,0.08743161627578501,293,1
383,"(10,2)",,False,67,"[4, 10, 2, 3, 6]",13,0.149366757158294,-204,89,11,0.08743161627578501,293,1
384,"(17,0)",,False,67,"[17, 0, 4, 19, 5]",12,0.12279241653664501,-202,91,11,0.092337902171697,293,1
385,"(17,0)",,False,67,"[17, 0, 4, 19, 5]",12,0.12279241653664501,-202,91,11,0.092337902171697,293,1
386,"(9,1)",,False,69,"[9, 19, 11, 14, 1]",13,0.121187288396429,-200,93,12,0.10862957833179401,293,1
387,"(9,1)",,False,69,"[9, 19, 11, 14, 1]",13,0.121187288396429,-200,93,12,0.10862957833179401,293,1
388,"(17,14)",,False,67,"[17, 3, 7, 14, 19]",13,0.129256010396361,-200,94,12,0.133853151397011,294,1
389,"(17,14)",,False,67,"[17, 3, 7, 14, 19]",13,0.129256010396361,-200,94,12,0.133853151397011,294,1
390,"(4,17)",,False,65,"[5, 4, 2, 10, 17]",13,0.13620857699805,-202,94,12,0.16202079272254702,296,1
391,"(4,17)",,False,65,"[5, 4, 2, 10, 17]",13,0.13620857699805,-202,94,12,0.16202079272254702,296,1
392,"(0,18)",,False,65,"[0, 3, 18, 12, 19]",12,0.11446993552256701,-204,94,12,0.14978507522367102,298,1
393,"(0,18)",,False,65,"[0, 3, 18, 12, 19]",12,0.11446993552256701,-204,94,12,0.14978507522367102,298,1
394,"(12,18)",,False,65,"[17, 12, 6, 18, 3]",13,0.13787140409947402,-206,94,12,0.158813278988717,300,1
395,"(12,18)",,False,65,"[17, 12, 6, 18, 3]",13,0.13787140409947402,-206,94,12,0.158813278988717,300,1
396,"(13,4)",,False,67,"[13, 16, 12, 17, 4]",13,0.11929972236989701,-208,94,12,0.132993679484907,302,1
397,"(13,4)",,False,67,"[13, 16, 12, 17, 4]",13,0.11929972236989701,-208,94,12,0.132993679484907,302,1
398,"(11,6)",,False,67,"[18, 11, 19, 7, 6]",13,0.11998050682261201,-206,96,11,0.114668615984405,302,1
399,"(11,6)",,False,67,"[18, 11, 19, 7, 6]",13,0.11998050682261201,-206,96,11,0.114668615984405,302,1
400,"(6,19)",,False,69,"[6, 11, 7, 19, 2]",13,0.11123473667333302,-204,98,11,0.102402681788646,302,1
401,"(6,19)",,False,69,"[6, 11, 7, 19, 2]",13,0.11123473667333302,-204,98,11,0.102402681788646,302,1
402,"(5,18)",,False,67,"[5, 18, 10, 7, 8]",13,0.123714378538939,-202,100,11,0.11468950153160601,302,1
403,"(5,18)",,False,67,"[5, 18, 10, 7, 8]",13,0.123714378538939,-202,100,11,0.11468950153160601,302,1
404,"(3,0)",,False,67,"[4, 3, 19, 8, 0]",12,0.10078436832822701,-202,101,11,0.10649772579597101,303,1
405,"(3,0)",,False,67,"[4, 3, 19, 8, 0]",12,0.10078436832822701,-202,101,11,0.10649772579597101,303,1
406,"(0,19)",,False,65,"[15, 3, 0, 17, 19]",11,0.09337183113729701,-200,103,10,0.08606213389223501,303,1
407,"(0,19)",,False,65,"[15, 3, 0, 17, 19]",11,0.09337183113729701,-200,103,10,0.08606213389223501,303,1
408,"(4,6)",,False,67,"[7, 4, 14, 9, 6]",11,0.08648794350548701,-198,105,10,0.078707630900613,303,1
409,"(4,6)",,False,67,"[7, 4, 14, 9, 6]",11,0.08648794350548701,-198,105,10,0.078707630900613,303,1
410,"(18,14)",,False,67,"[18, 6, 19, 14, 5]",11,0.08924019450335201,-198,106,10,0.13803418803418802,304,1
411,"(18,14)",,False,67,"[18, 6, 19, 14, 5]",11,0.08924019450335201,-198,106,10,0.13803418803418802,304,1
412,"(4,12)",,False,67,"[4, 17, 6, 12, 18]",11,0.08549150654413801,-200,106,10,0.137037037037037,306,1
413,"(4,12)",,False,67,"[4, 17, 6, 12, 18]",11,0.08549150654413801,-200,106,10,0.137037037037037,306,1
414,"(13,5)",,False,69,"[13, 5, 3, 10, 11]",12,0.102436647173489,-202,106,10,0.13557504873294302,308,1
415,"(13,5)",,False,69,"[13, 5, 3, 10, 11]",12,0.102436647173489,-202,106,10,0.13557504873294302,308,1
416,"(6,13)",,False,69,"[6, 18, 8, 13, 5]",12,0.103969519758993,-204,106,10,0.13557504873294302,310,1
417,"(6,13)",,False,69,"[6, 18, 8, 13, 5]",12,0.103969519758993,-204,106,10,0.13557504873294302,310,1
418,"(17,11)",,False,71,"[18, 17, 11, 16, 2]",13,0.10865674286726901,-206,106,10,0.13538011695906402,312,1
419,"(17,11)",,False,71,"[18, 17, 11, 16, 2]",13,0.10865674286726901,-206,106,10,0.13538011695906402,312,1
420,"(13,7)",,False,71,"[18, 9, 13, 7, 11]",13,0.10937064884433301,-208,106,10,0.13538011695906402,314,1
421,"(13,7)",,False,71,"[18, 9, 13, 7, 11]",13,0.10937064884433301,-208,106,10,0.13538011695906402,314,1
422,"(19,14)",,False,71,"[19, 8, 6, 9, 14]",14,0.134600389863547,-210,106,10,0.14171539961013602,316,1
423,"(19,14)",,False,71,"[19, 8, 6, 9, 14]",14,0.134600389863547,-210,106,10,0.14171539961013602,316,1
424,"(15,1)",,False,71,"[15, 1, 11, 18, 8]",14,0.133333333333333,-210,107,11,0.16559454191033102,317,1
425,"(15,1)",,False,71,"[15, 1, 11, 18, 8]",14,0.133333333333333,-210,107,11,0.16559454191033102,317,1
426,"(12,8)",,False,71,"[4, 12, 8, 19, 17]",14,0.128227977350784,-210,108,11,0.12927225471085102,318,1
427,"(12,8)",,False,71,"[4, 12, 8, 19, 17]",14,0.128227977350784,-210,108,11,0.12927225471085102,318,1
428,"(1,2)",,False,72,"[1, 0, 12, 3, 2]",14,0.126037315510999,-210,109,12,0.146421609579504,319,1
429,"(1,2)",,False,72,"[1, 0, 12, 3, 2]",14,0.126037315510999,-210,109,12,0.146421609579504,319,1
430,"(9,11)",,False,74,"[9, 6, 12, 11, 13]",15,0.12889631486122702,-212,109,12,0.141483337974566,321,1
431,"(9,11)",,False,74,"[9, 6, 12, 11, 13]",15,0.12889631486122702,-212,109,12,0.141483337974566,321,1
432,"(5,9)",,False,74,"[10, 4, 8, 5, 9]",15,0.13287849252761502,-212,110,12,0.137459389213775,322,1
433,"(5,9)",,False,74,"[10, 4, 8, 5, 9]",15,0.13287849252761502,-212,110,12,0.137459389213775,322,1
434,"(6,15)",,False,76,"[6, 15, 4, 2, 12]",15,0.12254710851202001,-212,111,12,0.124496426250812,323,1
435,"(6,15)",,False,76,"[6, 15, 4, 2, 12]",15,0.12254710851202001,-212,111,12,0.124496426250812,323,1
436,"(3,19)",,False,76,"[18, 4, 9, 3, 19]",15,0.11953958971502801,-210,113,11,0.103179244407314,323,1
437,"(3,19)",,False,76,"[18, 4, 9, 3, 19]",15,0.11953958971502801,-210,113,11,0.103179244407314,323,1
438,"(5,10)",,False,76,"[1, 18, 15, 5, 10]",15,0.12327578204771102,-208,115,11,0.10213960827995901,323,1
439,"(5,10)",,False,76,"[1, 18, 15, 5, 10]",15,0.12327578204771102,-208,115,11,0.10213960827995901,323,1
440,"(1,3)",,False,78,"[2, 1, 3, 6, 11]",15,0.11582491582491501,-206,117,12,0.091421736158578,323,1
441,"(1,3)",,False,78,"[2, 1, 3, 6, 11]",15,0.11582491582491501,-206,117,12,0.091421736158578,323,1
442,"(18,17)",,False,78,"[18, 17, 4, 9, 11]",16,0.145679012345678,-204,119,12,0.113960827995915,323,1
443,"(18,17)",,False,78,"[18, 17, 4, 9, 11]",16,0.145679012345678,-204,119,12,0.113960827995915,323,1
444,"(13,0)",,False,78,"[13, 0, 2, 5, 14]",16,0.135295146698655,-202,121,12,0.11391637926725601,323,1
445,"(13,0)",,False,78,"[13, 0, 2, 5, 14]",16,0.135295146698655,-202,121,12,0.11391637926725601,323,1
446,"(16,1)",,False,78,"[2, 10, 16, 5, 1]",16,0.135165192182736,-200,123,13,0.128698705453091,323,1
447,"(16,1)",,False,78,"[2, 10, 16, 5, 1]",16,0.135165192182736,-200,123,13,0.128698705453091,323,1
448,"(1,19)",,False,78,"[12, 1, 16, 5, 19]",16,0.135245521210433,-200,124,14,0.149802747609765,324,1
449,"(1,19)",,False,78,"[12, 1, 16, 5, 19]",16,0.135245521210433,-200,124,14,0.149802747609765,324,1
450,"(15,0)",,False,78,"[18, 15, 4, 0, 12]",16,0.14077322936972,-200,125,14,0.16051703332405,325,1
451,"(15,0)",,False,78,"[18, 15, 4, 0, 12]",16,0.14077322936972,-200,125,14,0.16051703332405,325,1
452,"(3,13)",,False,78,"[6, 3, 13, 7, 16]",16,0.145335561125034,-202,125,14,0.160658590921748,327,1
453,"(3,13)",,False,78,"[6, 3, 13, 7, 16]",16,0.145335561125034,-202,125,14,0.160658590921748,327,1
454,"(5,17)",,False,78,"[14, 2, 5, 17, 10]",16,0.150598719019771,-200,127,13,0.14116541353383402,327,1
455,"(5,17)",,False,78,"[14, 2, 5, 17, 10]",16,0.150598719019771,-200,127,13,0.14116541353383402,327,1
456,"(2,13)",,False,78,"[5, 15, 2, 4, 13]",16,0.152435576119786,-198,129,13,0.14286731786731702,327,1
457,"(2,13)",,False,78,"[5, 15, 2, 4, 13]",16,0.152435576119786,-198,129,13,0.14286731786731702,327,1
458,"(1,12)",,False,80,"[9, 13, 1, 5, 12]",17,0.184975258659469,-196,131,14,0.12553927553927502,327,1
459,"(1,12)",,False,80,"[9, 13, 1, 5, 12]",17,0.184975258659469,-196,131,14,0.12553927553927502,327,1
460,"(13,17)",,False,82,"[13, 7, 16, 15, 17]",17,0.173990531885268,-194,133,14,0.11410470620996901,327,1
461,"(13,17)",,False,82,"[13, 7, 16, 15, 17]",17,0.173990531885268,-194,133,14,0.11410470620996901,327,1
462,"(18,0)",,False,80,"[18, 10, 12, 0, 11]",16,0.137064884433305,-194,134,14,0.150682261208576,328,1
463,"(18,0)",,False,80,"[18, 10, 12, 0, 11]",16,0.137064884433305,-194,134,14,0.150682261208576,328,1
464,"(18,2)",,False,80,"[18, 5, 2, 15, 11]",16,0.14139979578576,-192,136,13,0.091552956465237,328,1
465,"(18,2)",,False,80,"[18, 5, 2, 15, 11]",16,0.14139979578576,-192,136,13,0.091552956465237,328,1
466,"(11,0)",,False,78,"[11, 14, 2, 0, 13]",15,0.12319223985890601,-190,138,12,0.077309013273925,328,1
467,"(11,0)",,False,78,"[11, 14, 2, 0, 13]",15,0.12319223985890601,-190,138,12,0.077309013273925,328,1
468,"(15,8)",,False,78,"[15, 4, 11, 8, 2]",15,0.122607444537269,-188,140,12,0.077114081500046,328,1
469,"(15,8)",,False,78,"[15, 4, 11, 8, 2]",15,0.122607444537269,-188,140,12,0.077114081500046,328,1
470,"(6,13)",,False,80,"[15, 2, 6, 18, 13]",15,0.115131640016219,-186,142,12,0.06682886553616,328,1
471,"(6,13)",,False,80,"[15, 2, 6, 18, 13]",15,0.115131640016219,-186,142,12,0.06682886553616,328,1
472,"(6,5)",,False,82,"[11, 10, 3, 6, 5]",15,0.10468696250429901,-184,144,12,0.059615951643815,328,1
473,"(6,5)",,False,82,"[11, 10, 3, 6, 5]",15,0.10468696250429901,-184,144,12,0.059615951643815,328,1
474,"(0,9)",,False,79,"[5, 1, 0, 9, 8]",14,0.09759584145549001,-182,146,12,0.068964076858813,328,1
475,"(0,9)",,False,79,"[5, 1, 0, 9, 8]",14,0.09759584145549001,-182,146,12,0.068964076858813,328,1
476,"(7,18)",,False,79,"[7, 2, 18, 9, 8]",14,0.09964262508122101,-180,148,12,0.06884224450013901,328,1
477,"(7,18)",,False,79,"[7, 2, 18, 9, 8]",14,0.09964262508122101,-180,148,12,0.06884224450013901,328,1
478,"(1,18)",,False,81,"[1, 2, 9, 10, 18]",14,0.097985705003248,-178,150,13,0.077930938457254,328,1
479,"(1,18)",,False,81,"[1, 2, 9, 10, 18]",14,0.097985705003248,-178,150,13,0.077930938457254,328,1
480,"(16,19)",,False,83,"[16, 11, 3, 19, 14]",14,0.09062129006727301,-176,152,13,0.071948145216843,328,1
481,"(16,19)",,False,83,"[16, 11, 3, 19, 14]",14,0.09062129006727301,-176,152,13,0.071948145216843,328,1
482,"(6,14)",,False,83,"[19, 11, 6, 14, 16]",14,0.088087177006844,-174,154,13,0.072435474651541,328,1
483,"(6,14)",,False,83,"[19, 11, 6, 14, 16]",14,0.088087177006844,-174,154,13,0.072435474651541,328,1
484,"(10,6)",,False,83,"[10, 11, 13, 6, 3]",14,0.08932516476376101,-172,156,13,0.073948760790866,328,1
485,"(10,6)",,False,83,"[10, 11, 13, 6, 3]",14,0.08932516476376101,-172,156,13,0.073948760790866,328,1
486,"(6,12)",,False,83,"[18, 6, 13, 2, 12]",14,0.08269748445187,-170,158,13,0.07287663603453001,328,1
487,"(6,12)",,False,83,"[18, 6, 13, 2, 12]",14,0.08269748445187,-170,158,13,0.07287663603453001,328,1
488,"(5,0)",,False,81,"[5, 8, 13, 18, 0]",13,0.07786596119929401,-168,160,13,0.07646895015316,328,1
489,"(5,0)",,False,81,"[5, 8, 13, 18, 0]",13,0.07786596119929401,-168,160,13,0.07646895015316,328,1
490,"(0,16)",,False,81,"[18, 0, 3, 16, 11]",12,0.057203193168105,-168,161,13,0.07130325814536301,329,1
491,"(0,16)",,False,81,"[18, 0, 3, 16, 11]",12,0.057203193168105,-168,161,13,0.07130325814536301,329,1
492,"(12,0)",,False,79,"[9, 18, 12, 0, 19]",11,0.04979578576069801,-170,161,13,0.07841826789195201,331,1
493,"(12,0)",,False,79,"[9, 18, 12, 0, 19]",11,0.04979578576069801,-170,161,13,0.07841826789195201,331,1
494,"(17,4)",,False,79,"[17, 4, 3, 15, 5]",11,0.047533048307042004,-172,161,12,0.067995151276885,333,1
495,"(17,4)",,False,79,"[17, 4, 3, 15, 5]",11,0.047533048307042004,-172,161,12,0.067995151276885,333,1
496,"(4,19)",,False,79,"[9, 5, 4, 19, 7]",11,0.045377332219437,-174,161,11,0.052784739626844004,335,1
497,"(4,19)",,False,79,"[9, 5, 4, 19, 7]",11,0.045377332219437,-174,161,11,0.052784739626844004,335,1
498,"(0,11)",,False,79,"[16, 12, 0, 11, 6]",11,0.045377332219437,-174,162,11,0.052784739626844004,336,1
499,"(0,11)",,False,79,"[16, 12, 0, 11, 6]",11,0.045377332219437,-174,162,11,0.052784739626844004,336,1
500,"(7,0)",,False,77,"[13, 12, 7, 0, 2]",10,0.038749651907546,-176,162,11,0.053564466722361,338,1
501,"(7,0)",,False,77,"[13, 12, 7, 0, 2]",10,0.038749651907546,-176,162,11,0.053564466722361,338,1
502,"(19,15)",,False,77,"[5, 19, 15, 17, 18]",10,0.039083820662768005,-178,162,11,0.060233918128654,340,1
503,"(19,15)",,False,77,"[5, 19, 15, 17, 18]",10,0.039083820662768005,-178,162,11,0.060233918128654,340,1
504,"(5,8)",,False,75,"[11, 5, 9, 8, 16]",10,0.040603141841531,-180,162,10,0.048108015135878,342,1
505,"(5,8)",,False,75,"[11, 5, 9, 8, 16]",10,0.040603141841531,-180,162,10,0.048108015135878,342,1
506,"(18,5)",,False,75,"[12, 18, 5, 19, 4]",10,0.040603141841531,-182,162,10,0.048302946909758004,344,1
507,"(18,5)",,False,75,"[12, 18, 5, 19, 4]",10,0.040603141841531,-182,162,10,0.048302946909758004,344,1
508,"(6,10)",,False,75,"[19, 6, 4, 10, 17]",10,0.039473684210526,-182,163,10,0.047758284600389,345,1
509,"(6,10)",,False,75,"[19, 6, 4, 10, 17]",10,0.039473684210526,-182,163,10,0.047758284600389,345,1
510,"(2,14)",,False,75,"[2, 5, 14, 16, 10]",10,0.035621216784651,-184,163,10,0.04765382355410001,347,1
511,"(2,14)",,False,75,"[2, 5, 14, 16, 10]",10,0.035621216784651,-184,163,10,0.04765382355410001,347,1
512,"(9,16)",,False,75,"[19, 11, 9, 4, 16]",11,0.050046168051708,-182,165,10,0.045996903476127005,347,1
513,"(9,16)",,False,75,"[19, 11, 9, 4, 16]",11,0.050046168051708,-182,165,10,0.045996903476127005,347,1
514,"(9,18)",,False,73,"[14, 9, 8, 2, 18]",11,0.057729290546627,-180,167,9,0.047931102265467006,347,1
515,"(9,18)",,False,73,"[14, 9, 8, 2, 18]",11,0.057729290546627,-180,167,9,0.047931102265467006,347,1
516,"(19,1)",,False,75,"[19, 2, 6, 1, 10]",12,0.06454678362573,-178,169,10,0.061260790866054,347,1
517,"(19,1)",,False,75,"[19, 2, 6, 1, 10]",12,0.06454678362573,-178,169,10,0.061260790866054,347,1
518,"(13,9)",,False,77,"[13, 7, 11, 18, 9]",13,0.07743379914432501,-176,171,10,0.053275549986076004,347,1
519,"(13,9)",,False,77,"[13, 7, 11, 18, 9]",13,0.07743379914432501,-176,171,10,0.053275549986076004,347,1
520,"(14,13)",,False,79,"[9, 14, 13, 5, 2]",14,0.09605490255645001,-174,173,10,0.049966828836797005,347,1
521,"(14,13)",,False,79,"[9, 14, 13, 5, 2]",14,0.09605490255645001,-174,173,10,0.049966828836797005,347,1
522,"(15,12)",,False,79,"[15, 18, 8, 12, 7]",14,0.09000689855953001,-172,175,9,0.038554720133667,347,1
523,"(15,12)",,False,79,"[15, 18, 8, 12, 7]",14,0.09000689855953001,-172,175,9,0.038554720133667,347,1
524,"(19,0)",,False,77,"[9, 19, 18, 0, 1]",13,0.077795815295815,-170,177,9,0.041844193817878,347,1
525,"(19,0)",,False,77,"[9, 19, 18, 0, 1]",13,0.077795815295815,-170,177,9,0.041844193817878,347,1
526,"(9,0)",,False,75,"[14, 11, 9, 0, 7]",12,0.07250829092934301,-168,179,9,0.044555834029518,347,1
527,"(9,0)",,False,75,"[14, 11, 9, 0, 7]",12,0.07250829092934301,-168,179,9,0.044555834029518,347,1
528,"(17,13)",,False,77,"[5, 17, 3, 19, 13]",13,0.09382374063814501,-166,181,9,0.043428014480646,347,1
529,"(17,13)",,False,77,"[5, 17, 3, 19, 13]",13,0.09382374063814501,-166,181,9,0.043428014480646,347,1
530,"(3,16)",,False,77,"[3, 9, 16, 18, 15]",13,0.084266221108326,-164,183,8,0.028074816671307002,347,1
531,"(3,16)",,False,77,"[3, 9, 16, 18, 15]",13,0.084266221108326,-164,183,8,0.028074816671307002,347,1
532,"(7,0)",,False,77,"[7, 13, 9, 3, 0]",12,0.071345029239766,-162,185,8,0.024032302979671002,347,1
533,"(7,0)",,False,77,"[7, 13, 9, 3, 0]",12,0.071345029239766,-162,185,8,0.024032302979671002,347,1
534,"(12,5)",,False,77,"[11, 15, 12, 18, 5]",12,0.07061213640161,-160,187,8,0.022333611807296,347,1
535,"(12,5)",,False,77,"[11, 15, 12, 18, 5]",12,0.07061213640161,-160,187,8,0.022333611807296,347,1
536,"(0,17)",,False,75,"[10, 0, 17, 11, 8]",11,0.062325686009896006,-158,189,8,0.022765246449456003,347,1
537,"(0,17)",,False,75,"[10, 0, 17, 11, 8]",11,0.062325686009896006,-158,189,8,0.022765246449456003,347,1
538,"(16,7)",,False,75,"[18, 19, 16, 9, 7]",11,0.058428900534163004,-156,191,8,0.022765246449456003,347,1
539,"(16,7)",,False,75,"[18, 19, 16, 9, 7]",11,0.058428900534163004,-156,191,8,0.022765246449456003,347,1
540,"(1,16)",,False,77,"[1, 14, 9, 10, 16]",12,0.071595655806182,-154,193,9,0.030172653856864004,347,1
541,"(1,16)",,False,77,"[1, 14, 9, 10, 16]",12,0.071595655806182,-154,193,9,0.030172653856864004,347,1
542,"(13,10)",,False,76,"[13, 8, 10, 2, 14]",12,0.08936693585816301,-152,195,9,0.029945233454005002,347,1
543,"(13,10)",,False,76,"[13, 8, 10, 2, 14]",12,0.08936693585816301,-152,195,9,0.029945233454005002,347,1
544,"(0,19)",,False,74,"[3, 0, 14, 19, 6]",11,0.075128794207741,-150,197,9,0.032308781212289,347,1
545,"(0,19)",,False,74,"[3, 0, 14, 19, 6]",11,0.075128794207741,-150,197,9,0.032308781212289,347,1
546,"(11,1)",,False,74,"[11, 1, 6, 10, 3]",11,0.07343251290619701,-148,199,9,0.051127819548872,347,1
547,"(11,1)",,False,74,"[11, 1, 6, 10, 3]",11,0.07343251290619701,-148,199,9,0.051127819548872,347,1
548,"(9,8)",,False,72,"[2, 17, 9, 3, 8]",11,0.07646895015316,-146,201,8,0.050575512856214005,347,1
549,"(9,8)",,False,72,"[2, 17, 9, 3, 8]",11,0.07646895015316,-146,201,8,0.050575512856214005,347,1
550,"(12,1)",,False,72,"[18, 12, 1, 15, 9]",11,0.08249684039157701,-144,203,9,0.063054099896205,347,1
551,"(12,1)",,False,72,"[18, 12, 1, 15, 9]",11,0.08249684039157701,-144,203,9,0.063054099896205,347,1
552,"(18,12)",,False,70,"[18, 3, 9, 17, 12]",11,0.084543624017308,-142,205,8,0.049302549302549,347,1
553,"(18,12)",,False,70,"[18, 3, 9, 17, 12]",11,0.084543624017308,-142,205,8,0.049302549302549,347,1
554,"(0,2)",,False,70,"[7, 0, 14, 2, 17]",10,0.074114774114774,-140,207,8,0.04437881806302801,347,1
555,"(0,2)",,False,70,"[7, 0, 14, 2, 17]",10,0.074114774114774,-140,207,8,0.04437881806302801,347,1
556,"(6,0)",,False,67,"[11, 6, 0, 7, 9]",9,0.06504223521767301,-138,209,8,0.044352041720462004,347,1
557,"(6,0)",,False,67,"[11, 6, 0, 7, 9]",9,0.06504223521767301,-138,209,8,0.044352041720462004,347,1
558,"(18,8)",,False,67,"[14, 18, 10, 7, 8]",9,0.06782697484451801,-136,211,8,0.044972279182805004,347,1
559,"(18,8)",,False,67,"[14, 18, 10, 7, 8]",9,0.06782697484451801,-136,211,8,0.044972279182805004,347,1
560,"(17,11)",,False,65,"[9, 13, 17, 11, 5]",9,0.079775828460038,-134,213,8,0.052184121920964006,347,1
561,"(17,11)",,False,65,"[9, 13, 17, 11, 5]",9,0.079775828460038,-134,213,8,0.052184121920964006,347,1
562,"(0,4)",,False,65,"[8, 3, 0, 4, 7]",9,0.055699433769609,-134,214,8,0.057349813928761005,348,1
563,"(0,4)",,False,65,"[8, 3, 0, 4, 7]",9,0.055699433769609,-134,214,8,0.057349813928761005,348,1
564,"(14,11)",,False,65,"[17, 16, 14, 0, 11]",9,0.058236500341763,-134,215,8,0.085621882990304,349,1
565,"(14,11)",,False,65,"[17, 16, 14, 0, 11]",9,0.058236500341763,-134,215,8,0.085621882990304,349,1
566,"(1,4)",,False,67,"[9, 12, 6, 1, 4]",10,0.085686438318017,-136,215,9,0.123048783575099,351,1
567,"(1,4)",,False,67,"[9, 12, 6, 1, 4]",10,0.085686438318017,-136,215,9,0.123048783575099,351,1
568,"(3,6)",,False,70,"[10, 17, 3, 6, 11]",10,0.07511835143414,-134,217,9,0.074594314067998,351,1
569,"(3,6)",,False,70,"[10, 17, 3, 6, 11]",10,0.07511835143414,-134,217,9,0.074594314067998,351,1
570,"(7,5)",,False,70,"[7, 5, 11, 3, 18]",10,0.074494949494949,-132,219,9,0.072048175995544,351,1
571,"(7,5)",,False,70,"[7, 5, 11, 3, 18]",10,0.074494949494949,-132,219,9,0.072048175995544,351,1
572,"(16,6)",,False,70,"[14, 9, 13, 16, 6]",10,0.064797093744462,-130,221,8,0.037524366471734,351,1
573,"(16,6)",,False,70,"[14, 9, 13, 16, 6]",10,0.064797093744462,-130,221,8,0.037524366471734,351,1
574,"(19,10)",,False,70,"[4, 19, 10, 17, 12]",10,0.06065479354953,-128,223,8,0.038791423001949,351,1
575,"(19,10)",,False,70,"[4, 19, 10, 17, 12]",10,0.06065479354953,-128,223,8,0.038791423001949,351,1
576,"(3,2)",,False,68,"[5, 18, 3, 2, 16]",10,0.07033788174139001,-126,225,8,0.039993502274204,351,1
577,"(3,2)",,False,68,"[5, 18, 3, 2, 16]",10,0.07033788174139001,-126,225,8,0.039993502274204,351,1
578,"(13,11)",,False,66,"[13, 11, 4, 10, 12]",10,0.085818713450292,-124,227,7,0.047579597141000005,351,1
579,"(13,11)",,False,66,"[13, 11, 4, 10, 12]",10,0.085818713450292,-124,227,7,0.047579597141000005,351,1
580,"(12,13)",,False,66,"[8, 14, 12, 4, 13]",10,0.08214845392347901,-122,229,7,0.043724370839953,351,1
581,"(12,13)",,False,66,"[8, 14, 12, 4, 13]",10,0.08214845392347901,-122,229,7,0.043724370839953,351,1
582,"(10,16)",,False,68,"[10, 11, 14, 16, 2]",10,0.07986865311426701,-120,231,7,0.040499396639747005,351,1
583,"(10,16)",,False,68,"[10, 11, 14, 16, 2]",10,0.07986865311426701,-120,231,7,0.040499396639747005,351,1
584,"(0,12)",,False,68,"[0, 14, 12, 18, 9]",9,0.06556205328135101,-118,233,7,0.04756335282651,351,1
585,"(0,12)",,False,68,"[0, 14, 12, 18, 9]",9,0.06556205328135101,-118,233,7,0.04756335282651,351,1
586,"(1,4)",,False,68,"[0, 1, 11, 4, 7]",9,0.070600161355008,-118,234,8,0.071114821876594,352,1
587,"(1,4)",,False,68,"[0, 1, 11, 4, 7]",9,0.070600161355008,-118,234,8,0.071114821876594,352,1
588,"(10,9)",,False,68,"[4, 12, 10, 9, 13]",9,0.077512911065542,-116,236,8,0.07251525277841,352,1
589,"(10,9)",,False,68,"[4, 12, 10, 9, 13]",9,0.077512911065542,-116,236,8,0.07251525277841,352,1
590,"(14,12)",,False,68,"[4, 10, 14, 8, 12]",10,0.088972771867508,-114,238,8,0.07865341286393901,352,1
591,"(14,12)",,False,68,"[4, 10, 14, 8, 12]",10,0.088972771867508,-114,238,8,0.07865341286393901,352,1
592,"(2,6)",,False,68,"[11, 4, 2, 10, 6]",10,0.082281802018644,-112,240,7,0.044864394864394,352,1
593,"(2,6)",,False,68,"[11, 4, 2, 10, 6]",10,0.082281802018644,-112,240,7,0.044864394864394,352,1
594,"(15,16)",,False,68,"[15, 17, 10, 11, 16]",10,0.067314459419722,-110,242,7,0.044785915838547005,352,1
595,"(15,16)",,False,68,"[15, 17, 10, 11, 16]",10,0.067314459419722,-110,242,7,0.044785915838547005,352,1
596,"(3,14)",,False,70,"[3, 2, 9, 14, 13]",10,0.06309978125386201,-108,244,7,0.040901030489131004,352,1
597,"(3,14)",,False,70,"[3, 2, 9, 14, 13]",10,0.06309978125386201,-108,244,7,0.040901030489131004,352,1
598,"(9,1)",,False,72,"[16, 9, 1, 7, 8]",10,0.057287157287157005,-106,246,8,0.046206425153793,352,1
599,"(9,1)",,False,72,"[16, 9, 1, 7, 8]",10,0.057287157287157005,-106,246,8,0.046206425153793,352,1
600,"(5,19)",,False,72,"[5, 19, 3, 2, 18]",10,0.054553049289891006,-104,248,8,0.043866610971874005,352,1
601,"(5,19)",,False,72,"[5, 19, 3, 2, 18]",10,0.054553049289891006,-104,248,8,0.043866610971874005,352,1
602,"(2,1)",,False,75,"[18, 2, 6, 14, 1]",10,0.05484544695071,-104,249,9,0.054963798384851006,353,1
603,"(2,1)",,False,75,"[18, 2, 6, 14, 1]",10,0.05484544695071,-104,249,9,0.054963798384851006,353,1
604,"(14,2)",,False,73,"[3, 4, 14, 16, 2]",10,0.05917571707045301,-104,250,9,0.06051935394040601,354,1
605,"(14,2)",,False,73,"[3, 4, 14, 16, 2]",10,0.05917571707045301,-104,250,9,0.06051935394040601,354,1
606,"(15,14)",,False,75,"[6, 15, 7, 14, 18]",10,0.048301308827624005,-104,251,9,0.049568365357839005,355,1
607,"(15,14)",,False,75,"[6, 15, 7, 14, 18]",10,0.048301308827624005,-104,251,9,0.049568365357839005,355,1
608,"(18,14)",,False,73,"[18, 11, 15, 14, 17]",10,0.055770934718303,-104,252,9,0.057685297158981005,356,1
609,"(18,14)",,False,73,"[18, 11, 15, 14, 17]",10,0.055770934718303,-104,252,9,0.057685297158981005,356,1
610,"(5,3)",,False,73,"[7, 10, 5, 19, 3]",10,0.058207581891792,-102,254,9,0.057873267083793006,356,1
611,"(5,3)",,False,73,"[7, 10, 5, 19, 3]",10,0.058207581891792,-102,254,9,0.057873267083793006,356,1
612,"(2,13)",,False,71,"[7, 2, 13, 18, 5]",10,0.06343529764582301,-102,255,9,0.06744264507422401,357,1
613,"(2,13)",,False,71,"[7, 2, 13, 18, 5]",10,0.06343529764582301,-102,255,9,0.06744264507422401,357,1
614,"(2,6)",,False,71,"[2, 6, 3, 11, 17]",10,0.065270905183185,-104,255,9,0.07938221622432101,359,1
615,"(2,6)",,False,71,"[2, 6, 3, 11, 17]",10,0.065270905183185,-104,255,9,0.07938221622432101,359,1
616,"(13,16)",,False,73,"[7, 13, 14, 18, 16]",11,0.08089276707697701,-102,257,9,0.076520579810053,359,1
617,"(13,16)",,False,73,"[7, 13, 14, 18, 16]",11,0.08089276707697701,-102,257,9,0.076520579810053,359,1
618,"(12,18)",,False,71,"[17, 12, 18, 6, 10]",11,0.089119653709436,-100,259,8,0.07528072632561701,359,1
619,"(12,18)",,False,71,"[17, 12, 18, 6, 10]",11,0.089119653709436,-100,259,8,0.07528072632561701,359,1
620,"(3,14)",,False,73,"[3, 6, 14, 13, 5]",12,0.097343601626367,-98,261,8,0.074238788196476,359,1
621,"(3,14)",,False,73,"[3, 6, 14, 13, 5]",12,0.097343601626367,-98,261,8,0.074238788196476,359,1
622,"(10,11)",,False,73,"[6, 14, 10, 13, 11]",12,0.095475505460025,-96,263,8,0.072732708181624,359,1
623,"(10,11)",,False,73,"[6, 14, 10, 13, 11]",12,0.095475505460025,-96,263,8,0.072732708181624,359,1
624,"(9,6)",,False,73,"[13, 9, 18, 6, 7]",12,0.10012421404388101,-94,265,8,0.07279895645546601,359,1
625,"(9,6)",,False,73,"[13, 9, 18, 6, 7]",12,0.10012421404388101,-94,265,8,0.07279895645546601,359,1
626,"(2,1)",,False,73,"[8, 2, 0, 14, 1]",12,0.10012421404388101,-92,267,8,0.07279895645546601,359,1
627,"(2,1)",,False,73,"[8, 2, 0, 14, 1]",12,0.10012421404388101,-92,267,8,0.07279895645546601,359,1
628,"(3,16)",,False,75,"[4, 5, 18, 3, 16]",12,0.09379188490453401,-90,269,8,0.06239394561185801,359,1
629,"(3,16)",,False,75,"[4, 5, 18, 3, 16]",12,0.09379188490453401,-90,269,8,0.06239394561185801,359,1
630,"(14,15)",,False,75,"[5, 4, 14, 15, 16]",12,0.09223142030159501,-88,271,7,0.048573453836611005,359,1
631,"(14,15)",,False,75,"[5, 4, 14, 15, 16]",12,0.09223142030159501,-88,271,7,0.048573453836611005,359,1
632,"(2,15)",,False,75,"[2, 4, 10, 15, 13]",12,0.09223142030159501,-86,273,7,0.048573453836611005,359,1
633,"(2,15)",,False,75,"[2, 4, 10, 15, 13]",12,0.09223142030159501,-86,273,7,0.048573453836611005,359,1
634,"(7,2)",,False,75,"[6, 7, 16, 2, 17]",12,0.08804311348170901,-84,275,7,0.032928475033738004,359,1
635,"(7,2)",,False,75,"[6, 7, 16, 2, 17]",12,0.08804311348170901,-84,275,7,0.032928475033738004,359,1
636,"(15,1)",,False,77,"[15, 13, 5, 1, 10]",13,0.09341873201522301,-82,277,8,0.044460688758934004,359,1
637,"(15,1)",,False,77,"[15, 13, 5, 1, 10]",13,0.09341873201522301,-82,277,8,0.044460688758934004,359,1
638,"(11,5)",,False,77,"[13, 12, 11, 17, 5]",13,0.09174078988320401,-80,279,8,0.044160646714826,359,1
639,"(11,5)",,False,77,"[13, 12, 11, 17, 5]",13,0.09174078988320401,-80,279,8,0.044160646714826,359,1
640,"(0,6)",,False,77,"[0, 8, 6, 7, 14]",12,0.074770258980785,-78,281,8,0.037758034687859,359,1
641,"(0,6)",,False,77,"[0, 8, 6, 7, 14]",12,0.074770258980785,-78,281,8,0.037758034687859,359,1
642,"(19,17)",,False,77,"[8, 19, 17, 12, 16]",12,0.080910609857978,-76,283,8,0.037758034687859,359,1
643,"(19,17)",,False,77,"[8, 19, 17, 12, 16]",12,0.080910609857978,-76,283,8,0.037758034687859,359,1
644,"(8,10)",,False,77,"[5, 16, 8, 10, 3]",12,0.07646262119946301,-74,285,7,0.023549825742808003,359,1
645,"(8,10)",,False,77,"[5, 16, 8, 10, 3]",12,0.07646262119946301,-74,285,7,0.023549825742808003,359,1
646,"(3,1)",,False,79,"[3, 1, 2, 18, 7]",13,0.080715678084099,-72,287,8,0.030653021442495,359,1
647,"(3,1)",,False,79,"[3, 1, 2, 18, 7]",13,0.080715678084099,-72,287,8,0.030653021442495,359,1
648,"(19,14)",,False,79,"[5, 19, 14, 18, 12]",13,0.081537176274018,-70,289,8,0.030653021442495,359,1
649,"(19,14)",,False,79,"[5, 19, 14, 18, 12]",13,0.081537176274018,-70,289,8,0.030653021442495,359,1
650,"(0,13)",,False,77,"[7, 18, 0, 6, 13]",12,0.08099415204678301,-68,291,8,0.030717998700454004,359,1
651,"(0,13)",,False,77,"[7, 18, 0, 6, 13]",12,0.08099415204678301,-68,291,8,0.030717998700454004,359,1
652,"(1,7)",,False,77,"[18, 15, 1, 7, 17]",12,0.088066806487859,-66,293,9,0.044045509396386004,359,1
653,"(1,7)",,False,77,"[18, 15, 1, 7, 17]",12,0.088066806487859,-66,293,9,0.044045509396386004,359,1
654,"(4,1)",,False,77,"[4, 7, 1, 3, 13]",12,0.085213032581453,-64,295,10,0.06870506037172701,359,1
655,"(4,1)",,False,77,"[4, 7, 1, 3, 13]",12,0.085213032581453,-64,295,10,0.06870506037172701,359,1
656,"(15,3)",,False,77,"[13, 15, 2, 3, 16]",12,0.08383458646616501,-62,297,9,0.05548825768124,359,1
657,"(15,3)",,False,77,"[13, 15, 2, 3, 16]",12,0.08383458646616501,-62,297,9,0.05548825768124,359,1
658,"(14,6)",,False,77,"[18, 14, 6, 3, 16]",12,0.087176274018379,-60,299,9,0.055432562888703005,359,1
659,"(14,6)",,False,77,"[18, 14, 6, 3, 16]",12,0.087176274018379,-60,299,9,0.055432562888703005,359,1
660,"(12,18)",,False,77,"[11, 14, 15, 12, 18]",12,0.08905133203378801,-58,301,9,0.05378492527615301,359,1
661,"(12,18)",,False,77,"[11, 14, 15, 12, 18]",12,0.08905133203378801,-58,301,9,0.05378492527615301,359,1
662,"(0,15)",,False,75,"[0, 1, 15, 2, 17]",11,0.07725086135818801,-56,303,8,0.048263918361957,359,1
663,"(0,15)",,False,75,"[0, 1, 15, 2, 17]",11,0.07725086135818801,-56,303,8,0.048263918361957,359,1
664,"(2,15)",,False,73,"[2, 17, 13, 15, 5]",11,0.08337974566044701,-54,305,8,0.05746584474654601,359,1
665,"(2,15)",,False,73,"[2, 17, 13, 15, 5]",11,0.08337974566044701,-54,305,8,0.05746584474654601,359,1
666,"(8,19)",,False,73,"[12, 7, 16, 8, 19]",11,0.080192440164739,-52,307,7,0.043761083996541,359,1
667,"(8,19)",,False,73,"[12, 7, 16, 8, 19]",11,0.080192440164739,-52,307,7,0.043761083996541,359,1
668,"(16,9)",,False,75,"[3, 16, 6, 7, 9]",12,0.09218074425830601,-50,309,7,0.041730544685299006,359,1
669,"(16,9)",,False,75,"[3, 16, 6, 7, 9]",12,0.09218074425830601,-50,309,7,0.041730544685299006,359,1
670,"(11,1)",,False,75,"[16, 11, 1, 18, 10]",12,0.09551277182856101,-48,311,8,0.053936398234643,359,1
671,"(11,1)",,False,75,"[16, 11, 1, 18, 10]",12,0.09551277182856101,-48,311,8,0.053936398234643,359,1
672,"(1,6)",,False,75,"[18, 7, 1, 6, 9]",12,0.09648743069795701,-46,313,8,0.065616060352902,359,1
673,"(1,6)",,False,75,"[18, 7, 1, 6, 9]",12,0.09648743069795701,-46,313,8,0.065616060352902,359,1
674,"(0,11)",,False,75,"[2, 0, 11, 12, 6]",11,0.07224515537209,-44,315,8,0.062395367503726006,359,1
675,"(0,11)",,False,75,"[2, 0, 11, 12, 6]",11,0.07224515537209,-44,315,8,0.062395367503726006,359,1
676,"(14,8)",,False,77,"[2, 14, 8, 4, 11]",11,0.059405458089668,-42,317,8,0.050536062378167004,359,1
677,"(14,8)",,False,77,"[2, 14, 8, 4, 11]",11,0.059405458089668,-42,317,8,0.050536062378167004,359,1
678,"(16,11)",,False,79,"[7, 16, 5, 13, 11]",12,0.073245614035087,-40,319,8,0.042251461988304005,359,1
679,"(16,11)",,False,79,"[7, 16, 5, 13, 11]",12,0.073245614035087,-40,319,8,0.042251461988304005,359,1
680,"(10,0)",,False,79,"[10, 7, 14, 0, 3]",11,0.05452580727180201,-38,321,8,0.038384608865158,359,1
681,"(10,0)",,False,79,"[10, 7, 14, 0, 3]",11,0.05452580727180201,-38,321,8,0.038384608865158,359,1
682,"(5,6)",,False,77,"[5, 17, 12, 6, 13]",11,0.059886431053479,-36,323,8,0.043062971438257006,359,1
683,"(5,6)",,False,77,"[5, 17, 12, 6, 13]",11,0.059886431053479,-36,323,8,0.043062971438257006,359,1
684,"(3,19)",,False,79,"[3, 9, 19, 4, 7]",11,0.056432748538011,-34,325,8,0.035964912280701006,359,1
685,"(3,19)",,False,79,"[3, 9, 19, 4, 7]",11,0.056432748538011,-34,325,8,0.035964912280701006,359,1
686,"(3,1)",,False,79,"[3, 10, 1, 9, 16]",11,0.053154350522771,-32,327,9,0.049406344143186,359,1
687,"(3,1)",,False,79,"[3, 10, 1, 9, 16]",11,0.053154350522771,-32,327,9,0.049406344143186,359,1
688,"(0,11)",,False,77,"[13, 3, 0, 7, 11]",10,0.045576377813219,-32,328,9,0.054401470848839006,360,1
689,"(0,11)",,False,77,"[13, 3, 0, 7, 11]",10,0.045576377813219,-32,328,9,0.054401470848839006,360,1
690,"(1,19)",,False,77,"[2, 17, 1, 12, 19]",10,0.044479886585149,-32,329,9,0.046579833421938006,361,1
691,"(1,19)",,False,77,"[2, 17, 1, 12, 19]",10,0.044479886585149,-32,329,9,0.046579833421938006,361,1
692,"(11,12)",,False,75,"[17, 11, 7, 12, 14]",10,0.050460747829168005,-32,330,9,0.05244255419694,362,1
693,"(11,12)",,False,75,"[17, 11, 7, 12, 14]",10,0.050460747829168005,-32,330,9,0.05244255419694,362,1
694,"(0,8)",,False,73,"[0, 6, 8, 16, 3]",9,0.045938921377517004,-32,331,9,0.055871581310177006,363,1
695,"(0,8)",,False,73,"[0, 6, 8, 16, 3]",9,0.045938921377517004,-32,331,9,0.055871581310177006,363,1
696,"(0,19)",,False,71,"[10, 2, 0, 3, 19]",8,0.05082613942263001,-30,333,8,0.043444258795135006,363,1
697,"(0,19)",,False,71,"[10, 2, 0, 3, 19]",8,0.05082613942263001,-30,333,8,0.043444258795135006,363,1
698,"(3,15)",,False,73,"[16, 17, 3, 15, 12]",9,0.05199868357763,-28,335,8,0.037916761600972,363,1
699,"(3,15)",,False,73,"[16, 17, 3, 15, 12]",9,0.05199868357763,-28,335,8,0.037916761600972,363,1
700,"(6,1)",,False,75,"[6, 7, 1, 0, 14]",9,0.045126705653021,-28,336,9,0.05029239766081801,364,1
701,"(6,1)",,False,75,"[6, 7, 1, 0, 14]",9,0.045126705653021,-28,336,9,0.05029239766081801,364,1
702,"(12,3)",,False,74,"[19, 12, 7, 3, 16]",9,0.046003898635477006,-26,338,7,0.023090554669502,364,1
703,"(12,3)",,False,74,"[19, 12, 7, 3, 16]",9,0.046003898635477006,-26,338,7,0.023090554669502,364,1
704,"(3,8)",,False,73,"[3, 14, 13, 10, 8]",9,0.056027890238416006,-24,340,7,0.023502910345015,364,1
705,"(3,8)",,False,73,"[3, 14, 13, 10, 8]",9,0.056027890238416006,-24,340,7,0.023502910345015,364,1
706,"(14,12)",,False,73,"[11, 4, 5, 14, 12]",9,0.053591243064927005,-22,342,7,0.023210512684196,364,1
707,"(14,12)",,False,73,"[11, 4, 5, 14, 12]",9,0.053591243064927005,-22,342,7,0.023210512684196,364,1
708,"(9,12)",,False,73,"[9, 7, 12, 6, 14]",9,0.052737644765508004,-20,344,6,0.019490050140204003,364,1
709,"(9,12)",,False,73,"[9, 7, 12, 6, 14]",9,0.052737644765508004,-20,344,6,0.019490050140204003,364,1
710,"(0,15)",,False,71,"[3, 10, 0, 15, 13]",8,0.036371020142949004,-18,346,6,0.020556441609073002,364,1
711,"(0,15)",,False,71,"[3, 10, 0, 15, 13]",8,0.036371020142949004,-18,346,6,0.020556441609073002,364,1
712,"(12,17)",,False,73,"[7, 19, 12, 17, 14]",9,0.059167594913208006,-16,348,6,0.019533049796207,364,1
713,"(12,17)",,False,73,"[7, 19, 12, 17, 14]",9,0.059167594913208006,-16,348,6,0.019533049796207,364,1
714,"(0,14)",,False,73,"[0, 14, 3, 4, 12]",9,0.055401234567901005,-14,350,6,0.018469785575048,364,1
715,"(0,14)",,False,73,"[0, 14, 3, 4, 12]",9,0.055401234567901005,-14,350,6,0.018469785575048,364,1
716,"(0,18)",,False,71,"[6, 4, 0, 18, 5]",8,0.04905107887564,-12,352,6,0.021823498139287002,364,1
717,"(0,18)",,False,71,"[6, 4, 0, 18, 5]",8,0.04905107887564,-12,352,6,0.021823498139287002,364,1
718,"(19,18)",,False,69,"[19, 18, 7, 11, 4]",8,0.05705952591917501,-10,354,6,0.028841041998936,364,1
719,"(19,18)",,False,69,"[19, 18, 7, 11, 4]",8,0.05705952591917501,-10,354,6,0.028841041998936,364,1
720,"(18,4)",,False,71,"[18, 17, 4, 11, 10]",9,0.075372548179565,-8,356,6,0.025266156845104002,364,1
721,"(18,4)",,False,71,"[18, 17, 4, 11, 10]",9,0.075372548179565,-8,356,6,0.025266156845104002,364,1
722,"(8,9)",,False,73,"[16, 8, 13, 9, 11]",10,0.0849067112225,-6,358,6,0.024074074074074,364,1
723,"(8,9)",,False,73,"[16, 8, 13, 9, 11]",10,0.0849067112225,-6,358,6,0.024074074074074,364,1
724,"(7,5)",,False,73,"[7, 2, 0, 14, 5]",10,0.085185185185185,-4,360,5,0.017251461988304,364,1
725,"(7,5)",,False,73,"[7, 2, 0, 14, 5]",10,0.085185185185185,-4,360,5,0.017251461988304,364,1
726,"(1,15)",,False,75,"[1, 2, 15, 14, 10]",10,0.08079922027290401,-2,362,6,0.017251461988304,364,1
727,"(1,15)",,False,75,"[1, 2, 15, 14, 10]",10,0.08079922027290401,-2,362,6,0.017251461988304,364,1
728,"(12,1)",,False,77,"[18, 19, 12, 3, 1]",10,0.072862712336396,0,364,7,0.018281815650236,364,1
729,"(12,1)",,False,77,"[18, 19, 12, 3, 1]",10,0.072862712336396,0,364,7,0.018281815650236,364,1
730,"(0,9)",,False,77,"[18, 0, 3, 9, 7]",10,0.070558973190552,2,366,7,0.019150148097516,364,1
731,"(0,9)",,False,77,"[18, 0, 3, 9, 7]",10,0.070558973190552,2,366,7,0.019150148097516,364,1
732,"(1,11)",,False,77,"[15, 4, 1, 6, 11]",10,0.073385483911799,4,368,8,0.028409407356775003,364,1
733,"(1,11)",,False,77,"[15, 4, 1, 6, 11]",10,0.073385483911799,4,368,8,0.028409407356775003,364,1
734,"(10,15)",,False,77,"[2, 18, 11, 10, 15]",10,0.06964633806739001,6,370,8,0.029003063213589003,364,1
735,"(10,15)",,False,77,"[2, 18, 11, 10, 15]",10,0.06964633806739001,6,370,8,0.029003063213589003,364,1
736,"(18,2)",,False,75,"[16, 18, 8, 5, 2]",10,0.07318884818884801,8,372,8,0.033486494012809,364,1
737,"(18,2)",,False,75,"[16, 18, 8, 5, 2]",10,0.07318884818884801,8,372,8,0.033486494012809,364,1
738,"(0,15)",,False,73,"[8, 0, 15, 13, 4]",9,0.054106776913794,10,374,8,0.044117773065141,364,1
739,"(0,15)",,False,73,"[8, 0, 15, 13, 4]",9,0.054106776913794,10,374,8,0.044117773065141,364,1
740,"(8,9)",,False,75,"[8, 3, 11, 7, 9]",9,0.050631207648751,12,376,8,0.039097744360902006,364,1
741,"(8,9)",,False,75,"[8, 3, 11, 7, 9]",9,0.050631207648751,12,376,8,0.039097744360902006,364,1
742,"(15,5)",,False,72,"[17, 15, 5, 11, 8]",9,0.055490578297595,14,378,7,0.038840155945419,364,1
743,"(15,5)",,False,72,"[17, 15, 5, 11, 8]",9,0.055490578297595,14,378,7,0.038840155945419,364,1
744,"(1,5)",,False,72,"[6, 4, 1, 19, 5]",9,0.055513784461152,16,380,8,0.048475355054302005,364,1
745,"(1,5)",,False,72,"[6, 4, 1, 19, 5]",9,0.055513784461152,16,380,8,0.048475355054302005,364,1
746,"(16,1)",,False,72,"[5, 16, 19, 1, 12]",9,0.054896922440782,16,381,9,0.05936474182088201,365,1
747,"(16,1)",,False,72,"[5, 16, 19, 1, 12]",9,0.054896922440782,16,381,9,0.05936474182088201,365,1
748,"(0,4)",,False,72,"[13, 0, 14, 4, 18]",8,0.039947089947089,16,382,9,0.045238095238095,366,1
749,"(0,4)",,False,72,"[13, 0, 14, 4, 18]",8,0.039947089947089,16,382,9,0.045238095238095,366,1
750,"(1,7)",,False,74,"[1, 7, 0, 5, 11]",8,0.03625730994152,16,383,10,0.047975708502024005,367,1
751,"(1,7)",,False,74,"[1, 7, 0, 5, 11]",8,0.03625730994152,16,383,10,0.047975708502024005,367,1
752,"(2,6)",,False,72,"[4, 5, 2, 6, 10]",8,0.043744462165514,14,383,10,0.061057947900053006,369,1
753,"(2,6)",,False,72,"[4, 5, 2, 6, 10]",8,0.043744462165514,14,383,10,0.061057947900053006,369,1
754,"(3,12)",,False,73,"[11, 3, 12, 7, 6]",9,0.058492190071137005,16,385,10,0.050949343054606,369,1
755,"(3,12)",,False,73,"[11, 3, 12, 7, 6]",9,0.058492190071137005,16,385,10,0.050949343054606,369,1
756,"(0,3)",,False,71,"[0, 3, 11, 18, 15]",8,0.059634943730049,18,387,10,0.052773136545066004,369,1
757,"(0,3)",,False,71,"[0, 3, 11, 18, 15]",8,0.059634943730049,18,387,10,0.052773136545066004,369,1
758,"(1,9)",,False,73,"[10, 11, 1, 9, 15]",8,0.05859872745837601,18,388,11,0.06980181936322201,370,1
759,"(1,9)",,False,73,"[10, 11, 1, 9, 15]",8,0.05859872745837601,18,388,11,0.06980181936322201,370,1
760,"(16,9)",,False,71,"[5, 16, 4, 9, 10]",8,0.061507709314726,16,388,11,0.07738030325749601,372,1
761,"(16,9)",,False,71,"[5, 16, 4, 9, 10]",8,0.061507709314726,16,388,11,0.07738030325749601,372,1
762,"(13,5)",,False,69,"[13, 6, 7, 5, 18]",8,0.061646946296069004,14,388,10,0.072604474797457,374,1
763,"(13,5)",,False,69,"[13, 6, 7, 5, 18]",8,0.061646946296069004,14,388,10,0.072604474797457,374,1
764,"(0,2)",,False,67,"[0, 9, 8, 2, 14]",7,0.054396935098689,12,388,10,0.089300481844341,376,1
765,"(0,2)",,False,67,"[0, 9, 8, 2, 14]",7,0.054396935098689,12,388,10,0.089300481844341,376,1
766,"(0,15)",,False,67,"[0, 1, 18, 2, 15]",7,0.054396935098689,10,388,10,0.089300481844341,378,1
767,"(0,15)",,False,67,"[0, 1, 18, 2, 15]",7,0.054396935098689,10,388,10,0.089300481844341,378,1
768,"(14,3)",,False,67,"[14, 3, 15, 11, 0]",7,0.052900186233519005,8,388,10,0.080812429935236,380,1
769,"(14,3)",,False,67,"[14, 3, 15, 11, 0]",7,0.052900186233519005,8,388,10,0.080812429935236,380,1
770,"(5,12)",,False,67,"[5, 7, 16, 12, 19]",7,0.052268978584768006,6,388,10,0.08450292397660801,382,1
771,"(5,12)",,False,67,"[5, 7, 16, 12, 19]",7,0.052268978584768006,6,388,10,0.08450292397660801,382,1
772,"(19,9)",,False,67,"[19, 8, 15, 9, 10]",7,0.052268978584768006,4,388,10,0.08450292397660801,384,1
773,"(19,9)",,False,67,"[19, 8, 15, 9, 10]",7,0.052268978584768006,4,388,10,0.08450292397660801,384,1
774,"(14,17)",,False,67,"[14, 17, 5, 4, 9]",7,0.046926075873444,2,388,9,0.053606237816764005,386,1
775,"(14,17)",,False,67,"[14, 17, 5, 4, 9]",7,0.046926075873444,2,388,9,0.053606237816764005,386,1
776,"(17,7)",,False,67,"[6, 17, 18, 7, 19]",7,0.036204828310091,2,389,8,0.039788573999100005,387,1
777,"(17,7)",,False,67,"[6, 17, 18, 7, 19]",7,0.036204828310091,2,389,8,0.039788573999100005,387,1
778,"(12,17)",,False,69,"[8, 12, 15, 17, 18]",8,0.050393076708866,4,391,8,0.025786688944583,387,1
779,"(12,17)",,False,69,"[8, 12, 15, 17, 18]",8,0.050393076708866,4,391,8,0.025786688944583,387,1
780,"(7,0)",,False,67,"[7, 16, 0, 8, 14]",7,0.044736842105263006,6,393,7,0.022180451127819002,387,1
781,"(7,0)",,False,67,"[7, 16, 0, 8, 14]",7,0.044736842105263006,6,393,7,0.022180451127819002,387,1
782,"(13,3)",,False,67,"[19, 7, 13, 3, 0]",7,0.048509304211058,8,395,6,0.013060428849902002,387,1
783,"(13,3)",,False,67,"[19, 7, 13, 3, 0]",7,0.048509304211058,8,395,6,0.013060428849902002,387,1
784,"(19,5)",,False,67,"[14, 9, 18, 19, 5]",7,0.050770980156945006,10,397,6,0.014994751836857001,387,1
785,"(19,5)",,False,67,"[14, 9, 18, 19, 5]",7,0.050770980156945006,10,397,6,0.014994751836857001,387,1
786,"(4,5)",,False,67,"[7, 11, 4, 18, 5]",7,0.052656034673578,12,399,6,0.014294996751137,387,1
787,"(4,5)",,False,67,"[7, 11, 4, 18, 5]",7,0.052656034673578,12,399,6,0.014294996751137,387,1
788,"(9,19)",,False,69,"[9, 13, 18, 19, 2]",8,0.063272854500924,14,401,6,0.014035087719298001,387,1
789,"(9,19)",,False,69,"[9, 13, 18, 19, 2]",8,0.063272854500924,14,401,6,0.014035087719298001,387,1
790,"(17,6)",,False,69,"[9, 2, 17, 6, 7]",8,0.060721247563352,16,403,6,0.013450292397660001,387,1
791,"(17,6)",,False,69,"[9, 2, 17, 6, 7]",8,0.060721247563352,16,403,6,0.013450292397660001,387,1
792,"(6,10)",,False,71,"[6, 15, 14, 10, 17]",8,0.043762183235867,18,405,6,0.00896686159844,387,1
793,"(6,10)",,False,71,"[6, 15, 14, 10, 17]",8,0.043762183235867,18,405,6,0.00896686159844,387,1
794,"(0,10)",,False,69,"[0, 6, 19, 10, 1]",7,0.026469372083407,20,407,5,0.0046251993620410005,387,1
795,"(0,10)",,False,69,"[0, 6, 19, 10, 1]",7,0.026469372083407,20,407,5,0.0046251993620410005,387,1
796,"(7,12)",,False,71,"[7, 12, 9, 8, 13]",7,0.02360066833751,22,409,5,0.004789752158173,387,1
797,"(7,12)",,False,71,"[7, 12, 9, 8, 13]",7,0.02360066833751,22,409,5,0.004789752158173,387,1
798,"(0,2)",,False,69,"[0, 13, 11, 2, 7]",6,0.014773043720412,24,411,5,0.005068226120857,387,1
799,"(0,2)",,False,69,"[0, 13, 11, 2, 7]",6,0.014773043720412,24,411,5,0.005068226120857,387,1
