,actionDetail,actionType,bonusActivated,graphEdgeCount,nodeList,p1Degree,p1Score,p1WinAdvantage,p1WinCount,p2Degree,p2Score,p2WinCount,player
0,"(2,1)",,True,2,"[2, 6, 8, 9, 1]",0,-0.001,-1,0,1,0.0,1,1
1,"(2,1)",,True,2,"[2, 6, 8, 9, 1]",0,-0.001,-1,0,1,0.0,1,1
2,3:2,assassinate,True,2,"[2, 3, 8, 19, 14]",0,-0.001,-2,0,1,0.0,2,1
3,3:2,assassinate,True,2,"[2, 3, 8, 19, 14]",0,-0.001,-2,0,1,0.0,2,1
4,"(12,11)",,True,4,"[12, 0, 11, 2, 8]",0,-0.001,-4,0,1,0.0,4,1
5,"(12,11)",,True,4,"[12, 0, 11, 2, 8]",0,-0.001,-4,0,1,0.0,4,1
6,"(12,1)",,True,6,"[10, 12, 17, 1, 4]",0,-0.001,-6,0,2,0.023391812865497002,6,1
7,"(12,1)",,True,6,"[10, 12, 17, 1, 4]",0,-0.001,-6,0,2,0.023391812865497002,6,1
8,"(12,11)",,True,6,"[12, 11, 10, 13, 7]",0,-0.001,-8,0,2,0.017543859649122,8,1
9,"(12,11)",,True,6,"[12, 11, 10, 13, 7]",0,-0.001,-8,0,2,0.017543859649122,8,1
10,"(11,15)",,True,8,"[11, 15, 19, 18, 12]",0,-0.001,-10,0,2,0.0,10,1
11,"(11,15)",,True,8,"[11, 15, 19, 18, 12]",0,-0.001,-10,0,2,0.0,10,1
12,"(2,11)",,True,8,"[2, 11, 15, 18, 5]",0,-0.001,-12,0,2,0.0,12,1
13,"(2,11)",,True,8,"[2, 11, 15, 18, 5]",0,-0.001,-12,0,2,0.0,12,1
14,"(9,3)",,True,10,"[9, 3, 8, 10, 13]",0,-0.001,-14,0,2,0.0,14,1
15,"(9,3)",,True,10,"[9, 3, 8, 10, 13]",0,-0.001,-14,0,2,0.0,14,1
16,"(15,12)",,True,12,"[15, 12, 11, 17, 8]",0,-0.001,-16,0,2,0.0,16,1
17,"(15,12)",,True,12,"[15, 12, 11, 17, 8]",0,-0.001,-16,0,2,0.0,16,1
18,"(3,1)",,True,14,"[3, 8, 18, 1, 2]",0,-0.001,-18,0,3,0.14619883040935602,18,1
19,"(3,1)",,True,14,"[3, 8, 18, 1, 2]",0,-0.001,-18,0,3,0.14619883040935602,18,1
20,"(5,9)",,True,16,"[4, 5, 7, 9, 12]",0,-0.001,-20,0,3,0.11111111111111101,20,1
21,"(5,9)",,True,16,"[4, 5, 7, 9, 12]",0,-0.001,-20,0,3,0.11111111111111101,20,1
22,"(11,6)",,True,16,"[11, 6, 18, 13, 3]",0,-0.001,-22,0,3,0.08966861598440501,22,1
23,"(11,6)",,True,16,"[11, 6, 18, 13, 3]",0,-0.001,-22,0,3,0.08966861598440501,22,1
24,"(3,10)",,True,18,"[3, 10, 7, 15, 9]",0,-0.001,-24,0,3,0.029239766081871003,24,1
25,"(3,10)",,True,18,"[3, 10, 7, 15, 9]",0,-0.001,-24,0,3,0.029239766081871003,24,1
26,"(3,2)",,True,18,"[14, 6, 3, 2, 17]",0,-0.001,-26,0,3,0.05847953216374201,26,1
27,"(3,2)",,True,18,"[14, 6, 3, 2, 17]",0,-0.001,-26,0,3,0.05847953216374201,26,1
28,10:6,assassinate,True,16,"[10, 15, 6, 18, 13]",0,-0.001,-28,0,3,0.019493177387914,28,1
29,10:6,assassinate,True,16,"[10, 15, 6, 18, 13]",0,-0.001,-28,0,3,0.019493177387914,28,1
30,"(3,19)",,True,16,"[16, 3, 19, 4, 7]",0,-0.001,-30,0,2,0.029239766081871003,30,1
31,"(3,19)",,True,16,"[16, 3, 19, 4, 7]",0,-0.001,-30,0,2,0.029239766081871003,30,1
32,"(7,19)",,True,18,"[0, 2, 7, 19, 18]",1,0.0,-32,0,2,0.038986354775828,32,1
33,"(7,19)",,True,18,"[0, 2, 7, 19, 18]",1,0.0,-32,0,2,0.038986354775828,32,1
34,9:6,assassinate,True,16,"[6, 7, 9, 4, 10]",1,0.0,-34,0,2,0.006822612085769001,34,1
35,9:6,assassinate,True,16,"[6, 7, 9, 4, 10]",1,0.0,-34,0,2,0.006822612085769001,34,1
36,19:8,assassinate,True,13,"[2, 19, 13, 18, 6]",1,0.0,-36,0,2,0.014619883040935,36,1
37,19:8,assassinate,True,13,"[2, 19, 13, 18, 6]",1,0.0,-36,0,2,0.014619883040935,36,1
38,"(17,0)",,True,11,"[19, 17, 7, 8, 0]",0,-0.001,-37,0,1,0.0,37,1
39,"(17,0)",,True,11,"[19, 17, 7, 8, 0]",0,-0.001,-37,0,1,0.0,37,1
40,"(3,7)",,True,13,"[3, 7, 9, 0, 15]",0,-0.001,-39,0,1,0.0,39,1
41,"(3,7)",,True,13,"[3, 7, 9, 0, 15]",0,-0.001,-39,0,1,0.0,39,1
42,"(18,2)",,True,15,"[0, 18, 2, 16, 3]",0,-0.001,-41,0,1,0.0,41,1
43,"(18,2)",,True,15,"[0, 18, 2, 16, 3]",0,-0.001,-41,0,1,0.0,41,1
44,"(14,9)",,True,17,"[0, 14, 9, 3, 6]",1,0.0,-41,0,1,0.0,41,1
45,"(14,9)",,True,17,"[0, 14, 9, 3, 6]",1,0.0,-41,0,1,0.0,41,1
46,19:2,assassinate,True,17,"[6, 10, 18, 4, 19]",1,0.0,-40,1,1,0.0,41,1
47,19:2,assassinate,True,17,"[6, 10, 18, 4, 19]",1,0.0,-40,1,1,0.0,41,1
48,"(5,4)",,True,19,"[5, 4, 9, 16, 14]",1,0.0,-40,1,1,0.0,41,1
49,"(5,4)",,True,19,"[5, 4, 9, 16, 14]",1,0.0,-40,1,1,0.0,41,1
50,"(3,17)",,True,21,"[3, 17, 8, 10, 14]",1,0.0,-40,1,1,0.0,41,1
51,"(3,17)",,True,21,"[3, 17, 8, 10, 14]",1,0.0,-40,1,1,0.0,41,1
52,"(4,1)",,True,23,"[4, 2, 9, 0, 1]",1,0.0,-41,1,2,0.175438596491228,42,1
53,"(4,1)",,True,23,"[4, 2, 9, 0, 1]",1,0.0,-41,1,2,0.175438596491228,42,1
54,"(12,11)",,True,25,"[2, 12, 11, 0, 16]",1,0.0,-43,1,2,0.054580896686159,44,1
55,"(12,11)",,True,25,"[2, 12, 11, 0, 16]",1,0.0,-43,1,2,0.054580896686159,44,1
56,"(8,1)",,True,25,"[11, 6, 8, 1, 16]",1,0.0,-45,1,3,0.092690058479532,46,1
57,"(8,1)",,True,25,"[11, 6, 8, 1, 16]",1,0.0,-45,1,3,0.092690058479532,46,1
58,"(2,19)",,True,27,"[16, 12, 13, 2, 19]",1,0.0,-47,1,3,0.048927875243664,48,1
59,"(2,19)",,True,27,"[16, 12, 13, 2, 19]",1,0.0,-47,1,3,0.048927875243664,48,1
60,19:4,assassinate,True,26,"[13, 16, 0, 3, 19]",1,0.0,-49,1,3,0.039571150097465,50,1
61,19:4,assassinate,True,26,"[13, 16, 0, 3, 19]",1,0.0,-49,1,3,0.039571150097465,50,1
62,"(16,2)",,True,26,"[16, 2, 10, 12, 6]",1,0.0,-51,1,3,0.039571150097465,52,1
63,"(16,2)",,True,26,"[16, 2, 10, 12, 6]",1,0.0,-51,1,3,0.039571150097465,52,1
64,7:8,assassinate,True,23,"[7, 13, 19, 10, 4]",1,0.0,-53,1,3,0.05526315789473601,54,1
65,7:8,assassinate,True,23,"[7, 13, 19, 10, 4]",1,0.0,-53,1,3,0.05526315789473601,54,1
66,"(14,6)",,True,23,"[14, 13, 10, 6, 12]",1,0.0,-55,1,3,0.055555555555555004,56,1
67,"(14,6)",,True,23,"[14, 13, 10, 6, 12]",1,0.0,-55,1,3,0.055555555555555004,56,1
68,11:12,assassinate,True,18,"[8, 7, 11, 18, 13]",1,0.0,-55,2,3,0.280701754385964,57,1
69,11:12,assassinate,True,18,"[8, 7, 11, 18, 13]",1,0.0,-55,2,3,0.280701754385964,57,1
70,"(16,10)",,True,20,"[13, 15, 16, 9, 10]",1,0.0,-57,2,3,0.11695906432748501,59,1
71,"(16,10)",,True,20,"[13, 15, 16, 9, 10]",1,0.0,-57,2,3,0.11695906432748501,59,1
72,"(2,18)",,True,20,"[2, 18, 4, 6, 14]",1,0.0,-57,2,3,0.0,59,1
73,"(2,18)",,True,20,"[2, 18, 4, 6, 14]",1,0.0,-57,2,3,0.0,59,1
74,"(0,7)",,True,20,"[0, 6, 7, 14, 10]",1,0.0,-56,3,3,0.0,59,1
75,"(0,7)",,True,20,"[0, 6, 7, 14, 10]",1,0.0,-56,3,3,0.0,59,1
76,"(18,1)",,True,22,"[18, 12, 6, 1, 10]",1,0.0,-57,3,4,0.12670565302144202,60,1
77,"(18,1)",,True,22,"[18, 12, 6, 1, 10]",1,0.0,-57,3,4,0.12670565302144202,60,1
78,"(11,18)",,True,24,"[11, 3, 18, 14, 10]",1,0.0,-59,3,4,0.078752436647173,62,1
79,"(11,18)",,True,24,"[11, 3, 18, 14, 10]",1,0.0,-59,3,4,0.078752436647173,62,1
80,"(1,19)",,True,24,"[18, 1, 19, 11, 7]",1,0.0,-61,3,4,0.11988304093567201,64,1
81,"(1,19)",,True,24,"[18, 1, 19, 11, 7]",1,0.0,-61,3,4,0.11988304093567201,64,1
82,"(13,3)",,True,24,"[18, 11, 19, 13, 3]",1,0.0,-63,3,4,0.10233918128654901,66,1
83,"(13,3)",,True,24,"[18, 11, 19, 13, 3]",1,0.0,-63,3,4,0.10233918128654901,66,1
84,"(10,11)",,True,26,"[4, 5, 13, 10, 11]",1,0.0,-65,3,4,0.13986354775828402,68,1
85,"(10,11)",,True,26,"[4, 5, 13, 10, 11]",1,0.0,-65,3,4,0.13986354775828402,68,1
86,9:6,assassinate,True,24,"[2, 6, 16, 9, 18]",1,0.0,-67,3,4,0.094054580896686,70,1
87,9:6,assassinate,True,24,"[2, 6, 16, 9, 18]",1,0.0,-67,3,4,0.094054580896686,70,1
88,4:10,assassinate,True,20,"[15, 19, 11, 16, 4]",2,0.074074074074074,-69,3,3,0.212475633528265,72,1
89,4:10,assassinate,True,20,"[15, 19, 11, 16, 4]",2,0.074074074074074,-69,3,3,0.212475633528265,72,1
90,14:6,assassinate,True,18,"[11, 5, 14, 8, 17]",1,0.0,-69,4,3,0.280701754385964,73,1
91,14:6,assassinate,True,18,"[11, 5, 14, 8, 17]",1,0.0,-69,4,3,0.280701754385964,73,1
92,"(8,5)",,True,18,"[8, 5, 3, 9, 12]",1,0.0,-71,4,3,0.26315789473684204,75,1
93,"(8,5)",,True,18,"[8, 5, 3, 9, 12]",1,0.0,-71,4,3,0.26315789473684204,75,1
94,"(19,18)",,True,18,"[19, 2, 9, 18, 12]",1,0.0,-73,4,3,0.134502923976608,77,1
95,"(19,18)",,True,18,"[19, 2, 9, 18, 12]",1,0.0,-73,4,3,0.134502923976608,77,1
96,"(1,14)",,True,20,"[1, 14, 18, 7, 8]",2,0.08187134502923901,-75,4,4,0.19883040935672502,79,1
97,"(1,14)",,True,20,"[1, 14, 18, 7, 8]",2,0.08187134502923901,-75,4,4,0.19883040935672502,79,1
98,"(11,19)",,True,20,"[11, 2, 19, 0, 7]",2,0.08187134502923901,-77,4,3,0.137426900584795,81,1
99,"(11,19)",,True,20,"[11, 2, 19, 0, 7]",2,0.08187134502923901,-77,4,3,0.137426900584795,81,1
100,"(18,16)",,True,22,"[11, 18, 7, 2, 16]",2,0.038986354775828,-78,4,3,0.092592592592592,82,1
101,"(18,16)",,True,22,"[11, 18, 7, 2, 16]",2,0.038986354775828,-78,4,3,0.092592592592592,82,1
102,"(8,7)",,True,24,"[11, 8, 5, 7, 9]",2,0.028849902534113,-80,4,3,0.065497076023391,84,1
103,"(8,7)",,True,24,"[11, 8, 5, 7, 9]",2,0.028849902534113,-80,4,3,0.065497076023391,84,1
104,"(8,1)",,True,24,"[15, 8, 2, 1, 3]",2,0.028849902534113,-80,5,3,0.065497076023391,85,1
105,"(8,1)",,True,24,"[15, 8, 2, 1, 3]",2,0.028849902534113,-80,5,3,0.065497076023391,85,1
106,3:10,assassinate,True,20,"[6, 17, 18, 3, 13]",2,0.013645224171539001,-80,6,3,0.07309941520467801,86,1
107,3:10,assassinate,True,20,"[6, 17, 18, 3, 13]",2,0.013645224171539001,-80,6,3,0.07309941520467801,86,1
108,10:6,assassinate,True,18,"[10, 8, 16, 4, 13]",2,0.017543859649122,-80,7,3,0.055555555555555004,87,1
109,10:6,assassinate,True,18,"[10, 8, 16, 4, 13]",2,0.017543859649122,-80,7,3,0.055555555555555004,87,1
110,"(8,3)",,True,20,"[15, 8, 3, 9, 10]",2,0.020467836257309,-82,7,3,0.045808966861598,89,1
111,"(8,3)",,True,20,"[15, 8, 3, 9, 10]",2,0.020467836257309,-82,7,3,0.045808966861598,89,1
112,"(18,14)",,True,20,"[18, 13, 7, 14, 16]",3,0.105263157894736,-82,8,3,0.10672514619883001,90,1
113,"(18,14)",,True,20,"[18, 13, 7, 14, 16]",3,0.105263157894736,-82,8,3,0.10672514619883001,90,1
114,9:2,assassinate,True,20,"[18, 2, 14, 12, 9]",2,0.026315789473684,-82,9,3,0.07553606237816701,91,1
115,9:2,assassinate,True,20,"[18, 2, 14, 12, 9]",2,0.026315789473684,-82,9,3,0.07553606237816701,91,1
116,"(12,8)",,True,22,"[15, 5, 12, 8, 6]",2,0.012670565302144,-84,9,3,0.031676413255360004,93,1
117,"(12,8)",,True,22,"[15, 5, 12, 8, 6]",2,0.012670565302144,-84,9,3,0.031676413255360004,93,1
118,19:4,assassinate,True,22,"[6, 19, 5, 17, 9]",2,0.007797270955165,-86,9,3,0.020662768031189,95,1
119,19:4,assassinate,True,22,"[6, 19, 5, 17, 9]",2,0.007797270955165,-86,9,3,0.020662768031189,95,1
120,13:6,assassinate,True,20,"[6, 12, 9, 13, 2]",1,0.0,-88,9,3,0.016764132553606002,97,1
121,13:6,assassinate,True,20,"[6, 12, 9, 13, 2]",1,0.0,-88,9,3,0.016764132553606002,97,1
122,"(15,1)",,True,22,"[3, 2, 7, 15, 1]",1,0.0,-90,9,4,0.023196881091617,99,1
123,"(15,1)",,True,22,"[3, 2, 7, 15, 1]",1,0.0,-90,9,4,0.023196881091617,99,1
124,2:8,assassinate,True,19,"[2, 17, 14, 11, 19]",2,0.06432748538011601,-88,11,4,0.037426900584795,99,1
125,2:8,assassinate,True,19,"[2, 17, 14, 11, 19]",2,0.06432748538011601,-88,11,4,0.037426900584795,99,1
126,"(15,17)",,True,21,"[15, 17, 16, 19, 13]",2,0.070175438596491,-86,13,4,0.046198830409356004,99,1
127,"(15,17)",,True,21,"[15, 17, 16, 19, 13]",2,0.070175438596491,-86,13,4,0.046198830409356004,99,1
128,18:14,assassinate,True,15,"[18, 7, 5, 3, 14]",3,0.122807017543859,-84,15,3,0.07699805068226101,99,1
129,18:14,assassinate,True,15,"[18, 7, 5, 3, 14]",3,0.122807017543859,-84,15,3,0.07699805068226101,99,1
130,12:4,assassinate,True,14,"[17, 12, 3, 2, 16]",3,0.122807017543859,-84,16,3,0.12865497076023302,100,1
131,12:4,assassinate,True,14,"[17, 12, 3, 2, 16]",3,0.122807017543859,-84,16,3,0.12865497076023302,100,1
132,19:2,assassinate,True,12,"[5, 7, 9, 16, 19]",2,0.052631578947368,-84,17,3,0.062378167641325005,101,1
133,19:2,assassinate,True,12,"[5, 7, 9, 16, 19]",2,0.052631578947368,-84,17,3,0.062378167641325005,101,1
134,"(2,15)",,True,12,"[9, 2, 3, 6, 15]",2,0.05847953216374201,-85,17,2,0.105263157894736,102,1
135,"(2,15)",,True,12,"[9, 2, 3, 6, 15]",2,0.05847953216374201,-85,17,2,0.105263157894736,102,1
136,8:10,assassinate,True,6,"[8, 3, 14, 13, 5]",1,0.0,-84,18,1,0.0,102,1
137,8:10,assassinate,True,6,"[8, 3, 14, 13, 5]",1,0.0,-84,18,1,0.0,102,1
138,"(3,1)",,True,8,"[19, 8, 3, 1, 12]",1,0.0,-85,18,2,0.046783625730994004,103,1
139,"(3,1)",,True,8,"[19, 8, 3, 1, 12]",1,0.0,-85,18,2,0.046783625730994004,103,1
140,"(0,1)",,True,10,"[0, 14, 1, 3, 7]",2,0.040935672514619006,-87,18,3,0.08187134502923901,105,1
141,"(0,1)",,True,10,"[0, 14, 1, 3, 7]",2,0.040935672514619006,-87,18,3,0.08187134502923901,105,1
142,"(18,10)",,True,10,"[18, 0, 10, 6, 11]",2,0.029239766081871003,-89,18,3,0.052631578947368,107,1
143,"(18,10)",,True,10,"[18, 0, 10, 6, 11]",2,0.029239766081871003,-89,18,3,0.052631578947368,107,1
144,"(3,14)",,True,12,"[17, 3, 11, 14, 10]",2,0.046783625730994004,-91,18,3,0.096491228070175,109,1
145,"(3,14)",,True,12,"[17, 3, 11, 14, 10]",2,0.046783625730994004,-91,18,3,0.096491228070175,109,1
146,"(14,18)",,True,14,"[14, 17, 2, 18, 16]",2,0.06432748538011601,-93,18,3,0.122807017543859,111,1
147,"(14,18)",,True,14,"[14, 17, 2, 18, 16]",2,0.06432748538011601,-93,18,3,0.122807017543859,111,1
148,"(9,13)",,True,16,"[2, 9, 13, 6, 0]",2,0.027290448343079,-95,18,3,0.074074074074074,113,1
149,"(9,13)",,True,16,"[2, 9, 13, 6, 0]",2,0.027290448343079,-95,18,3,0.074074074074074,113,1
150,"(0,4)",,True,16,"[11, 0, 4, 13, 18]",1,0.0,-97,18,3,0.078947368421052,115,1
151,"(0,4)",,True,16,"[11, 0, 4, 13, 18]",1,0.0,-97,18,3,0.078947368421052,115,1
152,14:8,assassinate,True,11,"[18, 0, 14, 11, 4]",0,-0.001,-99,18,2,0.017543859649122,117,1
153,14:8,assassinate,True,11,"[18, 0, 14, 11, 4]",0,-0.001,-99,18,2,0.017543859649122,117,1
154,"(16,8)",,True,13,"[3, 16, 11, 8, 15]",1,0.0,-101,18,2,0.035087719298245,119,1
155,"(16,8)",,True,13,"[3, 16, 11, 8, 15]",1,0.0,-101,18,2,0.035087719298245,119,1
156,"(18,1)",,True,15,"[17, 18, 14, 16, 1]",1,0.0,-103,18,3,0.242690058479532,121,1
157,"(18,1)",,True,15,"[17, 18, 14, 16, 1]",1,0.0,-103,18,3,0.242690058479532,121,1
158,"(6,15)",,True,17,"[6, 7, 15, 4, 0]",2,0.017543859649122,-105,18,3,0.27485380116959,123,1
159,"(6,15)",,True,17,"[6, 7, 15, 4, 0]",2,0.017543859649122,-105,18,3,0.27485380116959,123,1
160,8:8,assassinate,True,14,"[6, 8, 10, 3, 7]",1,0.0,-107,18,3,0.269005847953216,125,1
161,8:8,assassinate,True,14,"[6, 8, 10, 3, 7]",1,0.0,-107,18,3,0.269005847953216,125,1
162,"(4,10)",,True,14,"[9, 13, 4, 11, 10]",1,0.0,-109,18,3,0.269005847953216,127,1
163,"(4,10)",,True,14,"[9, 13, 4, 11, 10]",1,0.0,-109,18,3,0.269005847953216,127,1
164,"(11,13)",,True,16,"[11, 13, 19, 16, 3]",2,0.05847953216374201,-111,18,3,0.22222222222222202,129,1
165,"(11,13)",,True,16,"[11, 13, 19, 16, 3]",2,0.05847953216374201,-111,18,3,0.22222222222222202,129,1
166,2:4,assassinate,True,15,"[11, 13, 16, 2, 10]",2,0.046783625730994004,-113,18,3,0.251461988304093,131,1
167,2:4,assassinate,True,15,"[11, 13, 16, 2, 10]",2,0.046783625730994004,-113,18,3,0.251461988304093,131,1
168,6:4,assassinate,True,14,"[6, 15, 18, 9, 10]",1,0.0,-115,18,3,0.140350877192982,133,1
169,6:4,assassinate,True,14,"[6, 15, 18, 9, 10]",1,0.0,-115,18,3,0.140350877192982,133,1
170,"(12,18)",,True,16,"[9, 16, 12, 18, 11]",1,0.0,-117,18,3,0.066276803118908,135,1
171,"(12,18)",,True,16,"[9, 16, 12, 18, 11]",1,0.0,-117,18,3,0.066276803118908,135,1
172,"(8,1)",,True,18,"[8, 11, 4, 15, 1]",2,0.087719298245614,-117,19,4,0.23391812865497003,136,1
173,"(8,1)",,True,18,"[8, 11, 4, 15, 1]",2,0.087719298245614,-117,19,4,0.23391812865497003,136,1
174,"(1,12)",,True,18,"[4, 1, 16, 12, 5]",2,0.087719298245614,-119,19,5,0.29532163742690004,138,1
175,"(1,12)",,True,18,"[4, 1, 16, 12, 5]",2,0.087719298245614,-119,19,5,0.29532163742690004,138,1
176,"(2,15)",,True,20,"[14, 12, 2, 15, 11]",3,0.105263157894736,-121,19,5,0.328460038986354,140,1
177,"(2,15)",,True,20,"[14, 12, 2, 15, 11]",3,0.105263157894736,-121,19,5,0.328460038986354,140,1
178,"(7,1)",,True,22,"[2, 7, 1, 18, 19]",3,0.10233918128654901,-123,19,6,0.24853801169590603,142,1
179,"(7,1)",,True,22,"[2, 7, 1, 18, 19]",3,0.10233918128654901,-123,19,6,0.24853801169590603,142,1
180,4:6,assassinate,True,20,"[12, 14, 4, 13, 15]",2,0.087719298245614,-125,19,6,0.258284600389863,144,1
181,4:6,assassinate,True,20,"[12, 14, 4, 13, 15]",2,0.087719298245614,-125,19,6,0.258284600389863,144,1
182,10:12,assassinate,True,15,"[18, 10, 6, 17, 7]",3,0.157894736842105,-127,19,6,0.485380116959064,146,1
183,10:12,assassinate,True,15,"[18, 10, 6, 17, 7]",3,0.157894736842105,-127,19,6,0.485380116959064,146,1
184,2:4,assassinate,True,14,"[8, 2, 16, 4, 6]",3,0.14619883040935602,-129,19,6,0.39766081871345005,148,1
185,2:4,assassinate,True,14,"[8, 2, 16, 4, 6]",3,0.14619883040935602,-129,19,6,0.39766081871345005,148,1
186,"(18,2)",,True,16,"[8, 18, 6, 2, 19]",4,0.19298245614035,-131,19,6,0.40350877192982404,150,1
187,"(18,2)",,True,16,"[8, 18, 6, 2, 19]",4,0.19298245614035,-131,19,6,0.40350877192982404,150,1
188,"(16,17)",,True,18,"[9, 8, 16, 17, 13]",4,0.20467836257309902,-133,19,6,0.40350877192982404,152,1
189,"(16,17)",,True,18,"[9, 8, 16, 17, 13]",4,0.20467836257309902,-133,19,6,0.40350877192982404,152,1
190,6:2,assassinate,True,18,"[18, 6, 12, 13, 15]",3,0.137426900584795,-135,19,6,0.29532163742690004,154,1
191,6:2,assassinate,True,18,"[18, 6, 12, 13, 15]",3,0.137426900584795,-135,19,6,0.29532163742690004,154,1
192,"(1,19)",,True,20,"[15, 17, 1, 8, 19]",3,0.16959064327485301,-137,19,7,0.40643274853801103,156,1
193,"(1,19)",,True,20,"[15, 17, 1, 8, 19]",3,0.16959064327485301,-137,19,7,0.40643274853801103,156,1
194,"(5,14)",,True,22,"[7, 2, 15, 5, 14]",4,0.23976608187134502,-139,19,7,0.41812865497076,158,1
195,"(5,14)",,True,22,"[7, 2, 15, 5, 14]",4,0.23976608187134502,-139,19,7,0.41812865497076,158,1
196,"(7,6)",,True,24,"[7, 10, 17, 6, 2]",4,0.25730994152046704,-141,19,7,0.47660818713450204,160,1
197,"(7,6)",,True,24,"[7, 10, 17, 6, 2]",4,0.25730994152046704,-141,19,7,0.47660818713450204,160,1
198,"(11,7)",,True,26,"[11, 14, 16, 7, 19]",4,0.24122807017543801,-143,19,7,0.408382066276803,162,1
199,"(11,7)",,True,26,"[11, 14, 16, 7, 19]",4,0.24122807017543801,-143,19,7,0.408382066276803,162,1
200,9:10,assassinate,True,20,"[16, 18, 12, 9, 15]",3,0.143274853801169,-145,19,6,0.36842105263157804,164,1
201,9:10,assassinate,True,20,"[16, 18, 12, 9, 15]",3,0.143274853801169,-145,19,6,0.36842105263157804,164,1
202,"(12,9)",,True,22,"[16, 12, 17, 15, 9]",4,0.34990253411306005,-147,19,6,0.5146198830409351,166,1
203,"(12,9)",,True,22,"[16, 12, 17, 15, 9]",4,0.34990253411306005,-147,19,6,0.5146198830409351,166,1
204,"(1,0)",,True,24,"[1, 17, 11, 0, 3]",5,0.36257309941520405,-149,19,7,0.49415204678362507,168,1
205,"(1,0)",,True,24,"[1, 17, 11, 0, 3]",5,0.36257309941520405,-149,19,7,0.49415204678362507,168,1
206,18:4,assassinate,True,23,"[6, 11, 7, 13, 18]",4,0.125730994152046,-151,19,7,0.353801169590643,170,1
207,18:4,assassinate,True,23,"[6, 11, 7, 13, 18]",4,0.125730994152046,-151,19,7,0.353801169590643,170,1
208,"(4,1)",,True,23,"[4, 6, 12, 0, 1]",4,0.10721247563352801,-153,19,7,0.33333333333333304,172,1
209,"(4,1)",,True,23,"[4, 6, 12, 0, 1]",4,0.10721247563352801,-153,19,7,0.33333333333333304,172,1
210,"(5,7)",,True,25,"[11, 17, 5, 7, 12]",4,0.140350877192982,-155,19,7,0.30506822612085704,174,1
211,"(5,7)",,True,25,"[11, 17, 5, 7, 12]",4,0.140350877192982,-155,19,7,0.30506822612085704,174,1
212,"(17,1)",,True,27,"[6, 17, 0, 1, 11]",4,0.20955165692007702,-157,19,8,0.389863547758284,176,1
213,"(17,1)",,True,27,"[6, 17, 0, 1, 11]",4,0.20955165692007702,-157,19,8,0.389863547758284,176,1
214,"(15,17)",,True,29,"[0, 3, 11, 15, 17]",4,0.20467836257309902,-159,19,8,0.380506822612085,178,1
215,"(15,17)",,True,29,"[0, 3, 11, 15, 17]",4,0.20467836257309902,-159,19,8,0.380506822612085,178,1
216,4:12,assassinate,True,24,"[4, 2, 14, 18, 15]",3,0.17251461988304,-161,19,7,0.45808966861598405,180,1
217,4:12,assassinate,True,24,"[4, 2, 14, 18, 15]",3,0.17251461988304,-161,19,7,0.45808966861598405,180,1
218,14:6,assassinate,True,22,"[17, 7, 6, 11, 14]",3,0.157894736842105,-163,19,7,0.39766081871345005,182,1
219,14:6,assassinate,True,22,"[17, 7, 6, 11, 14]",3,0.157894736842105,-163,19,7,0.39766081871345005,182,1
220,10:6,assassinate,True,20,"[17, 2, 16, 10, 14]",2,0.0,-165,19,7,0.228070175438596,184,1
221,10:6,assassinate,True,20,"[17, 2, 16, 10, 14]",2,0.0,-165,19,7,0.228070175438596,184,1
222,8:16,assassinate,True,14,"[14, 16, 15, 19, 8]",1,0.0,-167,19,6,0.37426900584795303,186,1
223,8:16,assassinate,True,14,"[14, 16, 15, 19, 8]",1,0.0,-167,19,6,0.37426900584795303,186,1
224,"(6,17)",,True,16,"[6, 12, 17, 11, 15]",1,0.0,-169,19,6,0.286549707602339,188,1
225,"(6,17)",,True,16,"[6, 12, 17, 11, 15]",1,0.0,-169,19,6,0.286549707602339,188,1
226,"(1,14)",,True,18,"[1, 16, 14, 3, 12]",1,0.0,-171,19,7,0.43859649122807004,190,1
227,"(1,14)",,True,18,"[1, 16, 14, 3, 12]",1,0.0,-171,19,7,0.43859649122807004,190,1
228,"(3,4)",,True,19,"[3, 4, 18, 13, 7]",1,0.0,-173,19,7,0.42202729044834303,192,1
229,"(3,4)",,True,19,"[3, 4, 18, 13, 7]",1,0.0,-173,19,7,0.42202729044834303,192,1
230,"(12,4)",,True,19,"[16, 12, 4, 7, 0]",1,0.0,-175,19,6,0.398635477582845,194,1
231,"(12,4)",,True,19,"[16, 12, 4, 7, 0]",1,0.0,-175,19,6,0.398635477582845,194,1
232,"(10,3)",,True,21,"[19, 10, 2, 12, 3]",1,0.0,-177,19,6,0.360623781676413,196,1
233,"(10,3)",,True,21,"[19, 10, 2, 12, 3]",1,0.0,-177,19,6,0.360623781676413,196,1
234,"(4,3)",,True,21,"[4, 16, 6, 3, 5]",1,0.0,-179,19,6,0.34307992202729004,198,1
235,"(4,3)",,True,21,"[4, 16, 6, 3, 5]",1,0.0,-179,19,6,0.34307992202729004,198,1
236,7:14,assassinate,True,15,"[0, 9, 7, 15, 10]",1,0.0,-181,19,5,0.35672514619883,200,1
237,7:14,assassinate,True,15,"[0, 9, 7, 15, 10]",1,0.0,-181,19,5,0.35672514619883,200,1
238,"(13,19)",,True,17,"[13, 9, 16, 19, 12]",2,0.134502923976608,-183,19,5,0.447368421052631,202,1
239,"(13,19)",,True,17,"[13, 9, 16, 19, 12]",2,0.134502923976608,-183,19,5,0.447368421052631,202,1
240,"(6,7)",,True,19,"[6, 7, 18, 19, 12]",2,0.08966861598440501,-185,19,5,0.40935672514619803,204,1
241,"(6,7)",,True,19,"[6, 7, 18, 19, 12]",2,0.08966861598440501,-185,19,5,0.40935672514619803,204,1
242,"(18,3)",,True,21,"[18, 3, 11, 7, 2]",2,0.10331384015594501,-187,19,5,0.40350877192982404,206,1
243,"(18,3)",,True,21,"[18, 3, 11, 7, 2]",2,0.10331384015594501,-187,19,5,0.40350877192982404,206,1
244,"(1,8)",,True,21,"[10, 9, 1, 8, 19]",2,0.105263157894736,-189,19,6,0.421052631578947,208,1
245,"(1,8)",,True,21,"[10, 9, 1, 8, 19]",2,0.105263157894736,-189,19,6,0.421052631578947,208,1
246,"(14,2)",,True,23,"[14, 17, 2, 7, 3]",2,0.077972709551656,-191,19,6,0.43567251461988304,210,1
247,"(14,2)",,True,23,"[14, 17, 2, 7, 3]",2,0.077972709551656,-191,19,6,0.43567251461988304,210,1
248,"(15,19)",,True,25,"[15, 8, 3, 19, 5]",2,0.054775828460038006,-193,19,6,0.37894736842105203,212,1
249,"(15,19)",,True,25,"[15, 8, 3, 19, 5]",2,0.054775828460038006,-193,19,6,0.37894736842105203,212,1
250,"(1,11)",,True,27,"[17, 19, 1, 4, 11]",2,0.07329434697855701,-195,19,7,0.517348927875243,214,1
251,"(1,11)",,True,27,"[17, 19, 1, 4, 11]",2,0.07329434697855701,-195,19,7,0.517348927875243,214,1
252,"(1,12)",,True,29,"[7, 4, 8, 1, 12]",3,0.021442495126705003,-197,19,8,0.5370370370370371,216,1
253,"(1,12)",,True,29,"[7, 4, 8, 1, 12]",3,0.021442495126705003,-197,19,8,0.5370370370370371,216,1
254,"(13,14)",,True,31,"[18, 13, 4, 14, 0]",4,0.07943469785575001,-199,19,8,0.49220272904483403,218,1
255,"(13,14)",,True,31,"[18, 13, 4, 14, 0]",4,0.07943469785575001,-199,19,8,0.49220272904483403,218,1
256,9:6,assassinate,True,28,"[16, 9, 19, 15, 11]",4,0.067251461988304,-201,19,7,0.39181286549707606,220,1
257,9:6,assassinate,True,28,"[16, 9, 19, 15, 11]",4,0.067251461988304,-201,19,7,0.39181286549707606,220,1
258,"(1,5)",,True,30,"[1, 5, 14, 15, 11]",5,0.110038986354775,-203,19,8,0.348245614035087,222,1
259,"(1,5)",,True,30,"[1, 5, 14, 15, 11]",5,0.110038986354775,-203,19,8,0.348245614035087,222,1
260,"(0,11)",,True,30,"[3, 0, 18, 11, 13]",4,0.07261208576998,-205,19,8,0.367446393762183,224,1
261,"(0,11)",,True,30,"[3, 0, 18, 11, 13]",4,0.07261208576998,-205,19,8,0.367446393762183,224,1
262,"(19,0)",,True,30,"[6, 19, 0, 2, 15]",3,0.035087719298245,-207,19,8,0.36549707602339104,226,1
263,"(19,0)",,True,30,"[6, 19, 0, 2, 15]",3,0.035087719298245,-207,19,8,0.36549707602339104,226,1
264,"(18,14)",,True,32,"[2, 13, 18, 15, 14]",4,0.097465886939571,-209,19,8,0.38693957115009703,228,1
265,"(18,14)",,True,32,"[2, 13, 18, 15, 14]",4,0.097465886939571,-209,19,8,0.38693957115009703,228,1
266,"(16,1)",,True,34,"[15, 4, 16, 1, 8]",4,0.09454191033138401,-211,19,9,0.38187134502923903,230,1
267,"(16,1)",,True,34,"[15, 4, 16, 1, 8]",4,0.09454191033138401,-211,19,9,0.38187134502923903,230,1
268,7:6,assassinate,True,32,"[18, 8, 7, 11, 17]",4,0.074965190754664,-213,19,9,0.32248677248677204,232,1
269,7:6,assassinate,True,32,"[18, 8, 7, 11, 17]",4,0.074965190754664,-213,19,9,0.32248677248677204,232,1
270,"(8,9)",,True,35,"[8, 9, 14, 17, 13]",4,0.11851851851851801,-215,19,9,0.36627680311890803,234,1
271,"(8,9)",,True,35,"[8, 9, 14, 17, 13]",4,0.11851851851851801,-215,19,9,0.36627680311890803,234,1
272,6:4,assassinate,True,34,"[18, 6, 11, 15, 19]",4,0.105165692007797,-217,19,9,0.33265107212475603,236,1
273,6:4,assassinate,True,34,"[18, 6, 11, 15, 19]",4,0.105165692007797,-217,19,9,0.33265107212475603,236,1
274,"(10,15)",,True,34,"[19, 10, 15, 12, 11]",4,0.08124477861319901,-219,19,8,0.26876914508493405,238,1
275,"(10,15)",,True,34,"[19, 10, 15, 12, 11]",4,0.08124477861319901,-219,19,8,0.26876914508493405,238,1
276,2:10,assassinate,True,28,"[11, 2, 9, 0, 6]",4,0.12923976608187102,-221,19,7,0.33411306042884903,240,1
277,2:10,assassinate,True,28,"[11, 2, 9, 0, 6]",4,0.12923976608187102,-221,19,7,0.33411306042884903,240,1
278,12:6,assassinate,True,24,"[2, 12, 19, 4, 16]",3,0.102436647173489,-223,19,6,0.25769980506822604,242,1
279,12:6,assassinate,True,24,"[2, 12, 19, 4, 16]",3,0.102436647173489,-223,19,6,0.25769980506822604,242,1
280,"(2,5)",,True,26,"[18, 19, 2, 5, 17]",3,0.09327485380116901,-225,19,6,0.23235867446393701,244,1
281,"(2,5)",,True,26,"[18, 19, 2, 5, 17]",3,0.09327485380116901,-225,19,6,0.23235867446393701,244,1
282,"(7,1)",,True,28,"[7, 0, 1, 19, 15]",3,0.05204678362573,-227,19,7,0.328362573099415,246,1
283,"(7,1)",,True,28,"[7, 0, 1, 19, 15]",3,0.05204678362573,-227,19,7,0.328362573099415,246,1
284,"(5,19)",,True,28,"[5, 19, 3, 6, 17]",3,0.055750487329434,-229,19,7,0.355165692007797,248,1
285,"(5,19)",,True,28,"[5, 19, 3, 6, 17]",3,0.055750487329434,-229,19,7,0.355165692007797,248,1
286,"(15,16)",,True,28,"[10, 15, 16, 8, 5]",3,0.058576998050682005,-231,19,7,0.33479532163742604,250,1
287,"(15,16)",,True,28,"[10, 15, 16, 8, 5]",3,0.058576998050682005,-231,19,7,0.33479532163742604,250,1
288,"(3,0)",,True,28,"[1, 3, 0, 7, 2]",3,0.123781676413255,-233,19,7,0.419590643274853,252,1
289,"(3,0)",,True,28,"[1, 3, 0, 7, 2]",3,0.123781676413255,-233,19,7,0.419590643274853,252,1
290,15:8,assassinate,True,25,"[16, 12, 13, 15, 8]",3,0.12231968810916101,-235,19,7,0.426413255360623,254,1
291,15:8,assassinate,True,25,"[16, 12, 13, 15, 8]",3,0.12231968810916101,-235,19,7,0.426413255360623,254,1
292,10:6,assassinate,True,24,"[15, 11, 10, 7, 2]",4,0.14424951267056502,-237,19,7,0.36939571150097406,256,1
293,10:6,assassinate,True,24,"[15, 11, 10, 7, 2]",4,0.14424951267056502,-237,19,7,0.36939571150097406,256,1
294,"(3,6)",,True,26,"[16, 3, 6, 0, 12]",4,0.148148148148148,-239,19,7,0.36549707602339104,258,1
295,"(3,6)",,True,26,"[16, 3, 6, 0, 12]",4,0.148148148148148,-239,19,7,0.36549707602339104,258,1
296,"(15,2)",,True,28,"[12, 15, 13, 2, 6]",5,0.172027290448343,-241,19,7,0.37719298245614,260,1
297,"(15,2)",,True,28,"[12, 15, 13, 2, 6]",5,0.172027290448343,-241,19,7,0.37719298245614,260,1
298,3:8,assassinate,True,26,"[11, 3, 13, 16, 7]",5,0.15399610136452202,-243,19,7,0.23196881091617902,262,1
299,3:8,assassinate,True,26,"[11, 3, 13, 16, 7]",5,0.15399610136452202,-243,19,7,0.23196881091617902,262,1
300,"(19,5)",,True,26,"[4, 18, 19, 5, 0]",5,0.153216374269005,-243,20,6,0.180506822612085,263,1
301,"(19,5)",,True,26,"[4, 18, 19, 5, 0]",5,0.153216374269005,-243,20,6,0.180506822612085,263,1
302,"(11,0)",,True,26,"[11, 0, 8, 7, 2]",5,0.23996101364522401,-243,21,6,0.24385964912280603,264,1
303,"(11,0)",,True,26,"[11, 0, 8, 7, 2]",5,0.23996101364522401,-243,21,6,0.24385964912280603,264,1
304,9:8,assassinate,True,23,"[1, 2, 7, 8, 9]",4,0.284600389863547,-243,22,6,0.38206627680311805,265,1
305,9:8,assassinate,True,23,"[1, 2, 7, 8, 9]",4,0.284600389863547,-243,22,6,0.38206627680311805,265,1
306,"(12,6)",,True,23,"[12, 0, 15, 2, 6]",4,0.297270955165691,-243,23,5,0.309941520467836,266,1
307,"(12,6)",,True,23,"[12, 0, 15, 2, 6]",4,0.297270955165691,-243,23,5,0.309941520467836,266,1
308,3:4,assassinate,True,22,"[19, 8, 14, 3, 18]",3,0.118908382066276,-243,24,5,0.178362573099415,267,1
309,3:4,assassinate,True,22,"[19, 8, 14, 3, 18]",3,0.118908382066276,-243,24,5,0.178362573099415,267,1
310,"(0,17)",,True,22,"[15, 5, 0, 19, 17]",3,0.12183235867446301,-243,25,5,0.132553606237816,268,1
311,"(0,17)",,True,22,"[15, 5, 0, 19, 17]",3,0.12183235867446301,-243,25,5,0.132553606237816,268,1
312,6:2,assassinate,True,20,"[6, 8, 3, 17, 9]",3,0.12475633528265101,-241,27,4,0.082846003898635,268,1
313,6:2,assassinate,True,20,"[6, 8, 3, 17, 9]",3,0.12475633528265101,-241,27,4,0.082846003898635,268,1
314,12:6,assassinate,True,18,"[9, 6, 18, 15, 12]",2,0.10428849902534101,-241,28,4,0.157894736842105,269,1
315,12:6,assassinate,True,18,"[9, 6, 18, 15, 12]",2,0.10428849902534101,-241,28,4,0.157894736842105,269,1
316,"(17,12)",,True,18,"[16, 17, 14, 18, 12]",2,0.25730994152046704,-243,28,4,0.30214424951267005,271,1
317,"(17,12)",,True,18,"[16, 17, 14, 18, 12]",2,0.25730994152046704,-243,28,4,0.30214424951267005,271,1
318,"(9,11)",,True,17,"[9, 11, 8, 10, 19]",2,0.25730994152046704,-245,28,3,0.29239766081871305,273,1
319,"(9,11)",,True,17,"[9, 11, 8, 10, 19]",2,0.25730994152046704,-245,28,3,0.29239766081871305,273,1
320,15:4,assassinate,True,14,"[17, 7, 10, 15, 12]",2,0.11695906432748501,-247,28,3,0.157894736842105,275,1
321,15:4,assassinate,True,14,"[17, 7, 10, 15, 12]",2,0.11695906432748501,-247,28,3,0.157894736842105,275,1
322,"(19,7)",,True,16,"[12, 19, 16, 7, 9]",2,0.037037037037037,-249,28,3,0.07212475633528201,277,1
323,"(19,7)",,True,16,"[12, 19, 16, 7, 9]",2,0.037037037037037,-249,28,3,0.07212475633528201,277,1
324,"(17,10)",,True,18,"[18, 0, 12, 17, 10]",3,0.038011695906432004,-247,30,3,0.017543859649122,277,1
325,"(17,10)",,True,18,"[18, 0, 12, 17, 10]",3,0.038011695906432004,-247,30,3,0.017543859649122,277,1
326,"(10,11)",,True,19,"[10, 2, 8, 17, 11]",3,0.017543859649122,-245,32,3,0.005847953216374001,277,1
327,"(10,11)",,True,19,"[10, 2, 8, 17, 11]",3,0.017543859649122,-245,32,3,0.005847953216374001,277,1
328,"(18,11)",,True,21,"[12, 0, 18, 6, 11]",3,0.017543859649122,-243,34,3,0.005847953216374001,277,1
329,"(18,11)",,True,21,"[12, 0, 18, 6, 11]",3,0.017543859649122,-243,34,3,0.005847953216374001,277,1
330,"(9,13)",,True,21,"[6, 9, 8, 13, 7]",3,0.028265107212475,-241,36,3,0.005847953216374001,277,1
331,"(9,13)",,True,21,"[6, 9, 8, 13, 7]",3,0.028265107212475,-241,36,3,0.005847953216374001,277,1
332,"(10,5)",,True,23,"[10, 5, 19, 17, 15]",3,0.012670565302144,-239,38,3,0.005847953216374001,277,1
333,"(10,5)",,True,23,"[10, 5, 19, 17, 15]",3,0.012670565302144,-239,38,3,0.005847953216374001,277,1
334,"(5,0)",,True,21,"[12, 3, 5, 15, 0]",2,0.005847953216374001,-239,39,3,0.023391812865497002,278,1
335,"(5,0)",,True,21,"[12, 3, 5, 15, 0]",2,0.005847953216374001,-239,39,3,0.023391812865497002,278,1
336,"(2,11)",,True,23,"[9, 2, 19, 11, 15]",3,0.047758284600389,-237,41,3,0.035087719298245,278,1
337,"(2,11)",,True,23,"[9, 2, 19, 11, 15]",3,0.047758284600389,-237,41,3,0.035087719298245,278,1
338,17:10,assassinate,True,19,"[14, 10, 13, 17, 5]",3,0.061403508771929,-235,43,3,0.032163742690058006,278,1
339,17:10,assassinate,True,19,"[14, 10, 13, 17, 5]",3,0.061403508771929,-235,43,3,0.032163742690058006,278,1
340,4:6,assassinate,True,17,"[13, 4, 11, 9, 12]",3,0.105263157894736,-235,44,3,0.140350877192982,279,1
341,4:6,assassinate,True,17,"[13, 4, 11, 9, 12]",3,0.105263157894736,-235,44,3,0.140350877192982,279,1
342,2:4,assassinate,True,16,"[11, 7, 3, 0, 2]",3,0.105263157894736,-233,46,3,0.08479532163742601,279,1
343,2:4,assassinate,True,16,"[11, 7, 3, 0, 2]",3,0.105263157894736,-233,46,3,0.08479532163742601,279,1
344,"(1,16)",,True,18,"[19, 2, 1, 16, 8]",3,0.08187134502923901,-233,47,4,0.096491228070175,280,1
345,"(1,16)",,True,18,"[19, 2, 1, 16, 8]",3,0.08187134502923901,-233,47,4,0.096491228070175,280,1
346,3:2,assassinate,True,18,"[18, 14, 8, 3, 19]",3,0.08187134502923901,-233,48,4,0.096491228070175,281,1
347,3:2,assassinate,True,18,"[18, 14, 8, 3, 19]",3,0.08187134502923901,-233,48,4,0.096491228070175,281,1
348,"(0,11)",,True,18,"[7, 18, 16, 0, 11]",3,0.08187134502923901,-233,49,4,0.096491228070175,282,1
349,"(0,11)",,True,18,"[7, 18, 16, 0, 11]",3,0.08187134502923901,-233,49,4,0.096491228070175,282,1
350,"(0,15)",,True,18,"[2, 8, 0, 4, 15]",2,0.0029239766081870003,-233,50,4,0.039961013645224,283,1
351,"(0,15)",,True,18,"[2, 8, 0, 4, 15]",2,0.0029239766081870003,-233,50,4,0.039961013645224,283,1
352,"(3,5)",,True,20,"[3, 4, 5, 14, 18]",2,0.0029239766081870003,-235,50,4,0.042884990253411005,285,1
353,"(3,5)",,True,20,"[3, 4, 5, 14, 18]",2,0.0029239766081870003,-235,50,4,0.042884990253411005,285,1
354,"(6,10)",,True,22,"[6, 3, 10, 9, 2]",2,0.0029239766081870003,-237,50,4,0.040935672514619006,287,1
355,"(6,10)",,True,22,"[6, 3, 10, 9, 2]",2,0.0029239766081870003,-237,50,4,0.040935672514619006,287,1
356,"(15,1)",,True,22,"[16, 19, 15, 5, 1]",2,0.017543859649122,-239,50,5,0.118908382066276,289,1
357,"(15,1)",,True,22,"[16, 19, 15, 5, 1]",2,0.017543859649122,-239,50,5,0.118908382066276,289,1
358,17:8,assassinate,True,19,"[15, 7, 17, 3, 14]",2,0.070175438596491,-241,50,5,0.19590643274853803,291,1
359,17:8,assassinate,True,19,"[15, 7, 17, 3, 14]",2,0.070175438596491,-241,50,5,0.19590643274853803,291,1
360,"(8,14)",,True,21,"[0, 12, 8, 4, 14]",2,0.087719298245614,-243,50,5,0.24853801169590603,293,1
361,"(8,14)",,True,21,"[0, 12, 8, 4, 14]",2,0.087719298245614,-243,50,5,0.24853801169590603,293,1
362,"(17,16)",,True,21,"[13, 17, 4, 16, 10]",2,0.087719298245614,-245,50,5,0.251461988304093,295,1
363,"(17,16)",,True,21,"[13, 17, 4, 16, 10]",2,0.087719298245614,-245,50,5,0.251461988304093,295,1
364,12:2,assassinate,True,21,"[13, 17, 14, 12, 15]",2,0.013157894736842,-247,50,5,0.129142300194931,297,1
365,12:2,assassinate,True,21,"[13, 17, 14, 12, 15]",2,0.013157894736842,-247,50,5,0.129142300194931,297,1
366,"(11,19)",,True,21,"[11, 19, 8, 7, 2]",2,0.013157894736842,-249,50,5,0.17592592592592501,299,1
367,"(11,19)",,True,21,"[11, 19, 8, 7, 2]",2,0.013157894736842,-249,50,5,0.17592592592592501,299,1
368,"(4,5)",,True,21,"[3, 4, 18, 5, 19]",2,0.008771929824561,-251,50,4,0.10721247563352801,301,1
369,"(4,5)",,True,21,"[3, 4, 18, 5, 19]",2,0.008771929824561,-251,50,4,0.10721247563352801,301,1
370,8:6,assassinate,True,19,"[6, 16, 8, 14, 19]",2,0.008771929824561,-253,50,4,0.083820662768031,303,1
371,8:6,assassinate,True,19,"[6, 16, 8, 14, 19]",2,0.008771929824561,-253,50,4,0.083820662768031,303,1
372,"(5,11)",,True,19,"[5, 1, 4, 13, 11]",2,0.009746588693957,-255,50,4,0.11988304093567201,305,1
373,"(5,11)",,True,19,"[5, 1, 4, 13, 11]",2,0.009746588693957,-255,50,4,0.11988304093567201,305,1
374,"(12,19)",,True,19,"[0, 17, 12, 8, 19]",1,0.0,-257,50,3,0.08187134502923901,307,1
375,"(12,19)",,True,19,"[0, 17, 12, 8, 19]",1,0.0,-257,50,3,0.08187134502923901,307,1
376,"(9,1)",,True,21,"[11, 9, 7, 5, 1]",1,0.0,-259,50,4,0.11111111111111101,309,1
377,"(9,1)",,True,21,"[11, 9, 7, 5, 1]",1,0.0,-259,50,4,0.11111111111111101,309,1
378,"(8,1)",,True,23,"[8, 7, 5, 1, 19]",2,0.175438596491228,-261,50,5,0.269005847953216,311,1
379,"(8,1)",,True,23,"[8, 7, 5, 1, 19]",2,0.175438596491228,-261,50,5,0.269005847953216,311,1
380,10:10,assassinate,True,19,"[17, 10, 4, 9, 12]",2,0.15204678362573001,-263,50,5,0.27485380116959,313,1
381,10:10,assassinate,True,19,"[17, 10, 4, 9, 12]",2,0.15204678362573001,-263,50,5,0.27485380116959,313,1
382,"(1,10)",,True,21,"[1, 10, 5, 17, 8]",2,0.16374269005847902,-265,50,6,0.32358674463937603,315,1
383,"(1,10)",,True,21,"[1, 10, 5, 17, 8]",2,0.16374269005847902,-265,50,6,0.32358674463937603,315,1
384,13:8,assassinate,True,16,"[2, 16, 3, 4, 13]",2,0.140350877192982,-267,50,6,0.36842105263157804,317,1
385,13:8,assassinate,True,16,"[2, 16, 3, 4, 13]",2,0.140350877192982,-267,50,6,0.36842105263157804,317,1
386,"(6,10)",,True,18,"[19, 6, 8, 10, 0]",2,0.15204678362573001,-269,50,6,0.427875243664717,319,1
387,"(6,10)",,True,18,"[19, 6, 8, 10, 0]",2,0.15204678362573001,-269,50,6,0.427875243664717,319,1
388,12:6,assassinate,True,16,"[1, 12, 9, 5, 6]",2,0.140350877192982,-271,50,6,0.423976608187134,321,1
389,12:6,assassinate,True,16,"[1, 12, 9, 5, 6]",2,0.140350877192982,-271,50,6,0.423976608187134,321,1
390,"(13,10)",,True,18,"[13, 8, 19, 9, 10]",2,0.15204678362573001,-273,50,6,0.423976608187134,323,1
391,"(13,10)",,True,18,"[13, 8, 19, 9, 10]",2,0.15204678362573001,-273,50,6,0.423976608187134,323,1
392,"(1,2)",,True,20,"[8, 1, 17, 13, 2]",2,0.16374269005847902,-275,50,7,0.43567251461988304,325,1
393,"(1,2)",,True,20,"[8, 1, 17, 13, 2]",2,0.16374269005847902,-275,50,7,0.43567251461988304,325,1
394,"(2,14)",,True,22,"[2, 18, 19, 15, 14]",2,0.023391812865497002,-277,50,7,0.402534113060428,327,1
395,"(2,14)",,True,22,"[2, 18, 19, 15, 14]",2,0.023391812865497002,-277,50,7,0.402534113060428,327,1
396,"(11,4)",,True,24,"[8, 11, 5, 4, 14]",2,0.017543859649122,-279,50,7,0.405458089668615,329,1
397,"(11,4)",,True,24,"[8, 11, 5, 4, 14]",2,0.017543859649122,-279,50,7,0.405458089668615,329,1
398,"(3,10)",,True,26,"[3, 9, 8, 11, 10]",2,0.017543859649122,-281,50,7,0.315009746588693,331,1
399,"(3,10)",,True,26,"[3, 9, 8, 11, 10]",2,0.017543859649122,-281,50,7,0.315009746588693,331,1
400,5:10,assassinate,True,20,"[12, 5, 9, 6, 8]",2,0.09941520467836201,-283,50,5,0.34697855750487305,333,1
401,5:10,assassinate,True,20,"[12, 5, 9, 6, 8]",2,0.09941520467836201,-283,50,5,0.34697855750487305,333,1
402,"(1,2)",,True,22,"[9, 6, 1, 8, 2]",2,0.017543859649122,-285,50,6,0.30214424951267005,335,1
403,"(1,2)",,True,22,"[9, 6, 1, 8, 2]",2,0.017543859649122,-285,50,6,0.30214424951267005,335,1
404,"(18,2)",,True,24,"[18, 0, 3, 2, 5]",3,0.052631578947368,-287,50,6,0.318713450292397,337,1
405,"(18,2)",,True,24,"[18, 0, 3, 2, 5]",3,0.052631578947368,-287,50,6,0.318713450292397,337,1
406,15:4,assassinate,True,23,"[8, 13, 3, 7, 15]",4,0.137426900584795,-289,50,6,0.376218323586744,339,1
407,15:4,assassinate,True,23,"[8, 13, 3, 7, 15]",4,0.137426900584795,-289,50,6,0.376218323586744,339,1
408,"(5,18)",,True,25,"[17, 10, 5, 18, 9]",4,0.245614035087719,-291,50,6,0.46393762183235804,341,1
409,"(5,18)",,True,25,"[17, 10, 5, 18, 9]",4,0.245614035087719,-291,50,6,0.46393762183235804,341,1
410,"(2,8)",,True,25,"[16, 2, 8, 3, 5]",4,0.245614035087719,-293,50,6,0.46393762183235804,343,1
411,"(2,8)",,True,25,"[16, 2, 8, 3, 5]",4,0.245614035087719,-293,50,6,0.46393762183235804,343,1
412,6:4,assassinate,True,22,"[6, 19, 8, 18, 16]",3,0.18713450292397601,-295,50,6,0.42592592592592504,345,1
413,6:4,assassinate,True,22,"[6, 19, 8, 18, 16]",3,0.18713450292397601,-295,50,6,0.42592592592592504,345,1
414,9:6,assassinate,True,20,"[7, 3, 9, 5, 19]",2,0.16374269005847902,-297,50,5,0.41423001949317706,347,1
415,9:6,assassinate,True,20,"[7, 3, 9, 5, 19]",2,0.16374269005847902,-297,50,5,0.41423001949317706,347,1
416,"(1,15)",,True,20,"[19, 7, 14, 1, 15]",2,0.017543859649122,-299,50,6,0.402534113060428,349,1
417,"(1,15)",,True,20,"[19, 7, 14, 1, 15]",2,0.017543859649122,-299,50,6,0.402534113060428,349,1
418,"(8,19)",,True,20,"[17, 11, 8, 19, 7]",3,0.038986354775828,-301,50,6,0.38499025341130605,351,1
419,"(8,19)",,True,20,"[17, 11, 8, 19, 7]",3,0.038986354775828,-301,50,6,0.38499025341130605,351,1
420,"(10,17)",,True,20,"[12, 10, 13, 11, 17]",3,0.038011695906432004,-303,50,6,0.37719298245614,353,1
421,"(10,17)",,True,20,"[12, 10, 13, 11, 17]",3,0.038011695906432004,-303,50,6,0.37719298245614,353,1
422,"(7,1)",,True,23,"[2, 7, 6, 1, 17]",3,0.032651072124756,-305,50,7,0.31481481481481405,355,1
423,"(7,1)",,True,23,"[2, 7, 6, 1, 17]",3,0.032651072124756,-305,50,7,0.31481481481481405,355,1
424,"(1,5)",,True,25,"[1, 2, 19, 16, 5]",3,0.032651072124756,-307,50,8,0.336744639376218,357,1
425,"(1,5)",,True,25,"[1, 2, 19, 16, 5]",3,0.032651072124756,-307,50,8,0.336744639376218,357,1
426,8:8,assassinate,True,22,"[3, 8, 10, 14, 2]",2,0.016081871345029003,-309,50,7,0.29103313840155903,359,1
427,8:8,assassinate,True,22,"[3, 8, 10, 14, 2]",2,0.016081871345029003,-309,50,7,0.29103313840155903,359,1
428,"(10,13)",,True,20,"[16, 10, 4, 19, 13]",2,0.019493177387914,-311,50,6,0.342592592592592,361,1
429,"(10,13)",,True,20,"[16, 10, 4, 19, 13]",2,0.019493177387914,-311,50,6,0.342592592592592,361,1
430,"(19,8)",,True,22,"[3, 19, 13, 0, 8]",2,0.027777777777777003,-313,50,6,0.32066276803118904,363,1
431,"(19,8)",,True,22,"[3, 19, 13, 0, 8]",2,0.027777777777777003,-313,50,6,0.32066276803118904,363,1
432,"(18,17)",,True,22,"[8, 5, 18, 17, 13]",3,0.06578947368421001,-315,50,6,0.351851851851851,365,1
433,"(18,17)",,True,22,"[8, 5, 18, 17, 13]",3,0.06578947368421001,-315,50,6,0.351851851851851,365,1
434,"(1,9)",,True,24,"[17, 1, 16, 12, 9]",3,0.09210526315789401,-317,50,7,0.379142300194931,367,1
435,"(1,9)",,True,24,"[17, 1, 16, 12, 9]",3,0.09210526315789401,-317,50,7,0.379142300194931,367,1
436,12:8,assassinate,True,21,"[0, 4, 12, 17, 8]",2,0.052631578947368,-319,50,7,0.412280701754385,369,1
437,12:8,assassinate,True,21,"[0, 4, 12, 17, 8]",2,0.052631578947368,-319,50,7,0.412280701754385,369,1
438,18:8,assassinate,True,18,"[16, 6, 18, 12, 8]",2,0.046783625730994004,-321,50,7,0.40350877192982404,371,1
439,18:8,assassinate,True,18,"[16, 6, 18, 12, 8]",2,0.046783625730994004,-321,50,7,0.40350877192982404,371,1
440,"(9,12)",,True,20,"[9, 11, 12, 3, 0]",2,0.052631578947368,-323,50,7,0.46101364522417104,373,1
441,"(9,12)",,True,20,"[9, 11, 12, 3, 0]",2,0.052631578947368,-323,50,7,0.46101364522417104,373,1
442,"(12,4)",,True,22,"[2, 12, 4, 9, 6]",2,0.040935672514619006,-325,50,7,0.485380116959064,375,1
443,"(12,4)",,True,22,"[2, 12, 4, 9, 6]",2,0.040935672514619006,-325,50,7,0.485380116959064,375,1
444,"(3,6)",,True,24,"[14, 7, 3, 6, 12]",2,0.05847953216374201,-327,50,7,0.47173489278752406,377,1
445,"(3,6)",,True,24,"[14, 7, 3, 6, 12]",2,0.05847953216374201,-327,50,7,0.47173489278752406,377,1
446,"(15,9)",,True,26,"[7, 15, 9, 12, 19]",2,0.06335282651072101,-329,50,7,0.46978557504873203,379,1
447,"(15,9)",,True,26,"[7, 15, 9, 12, 19]",2,0.06335282651072101,-329,50,7,0.46978557504873203,379,1
448,"(16,18)",,True,28,"[16, 18, 17, 19, 13]",3,0.164717348927875,-331,50,7,0.40058479532163704,381,1
449,"(16,18)",,True,28,"[16, 18, 17, 19, 13]",3,0.164717348927875,-331,50,7,0.40058479532163704,381,1
450,14:8,assassinate,True,25,"[10, 17, 11, 4, 14]",3,0.16666666666666602,-333,50,7,0.39912280701754305,383,1
451,14:8,assassinate,True,25,"[10, 17, 11, 4, 14]",3,0.16666666666666602,-333,50,7,0.39912280701754305,383,1
452,"(1,17)",,True,27,"[1, 2, 17, 16, 9]",4,0.192105263157894,-335,50,8,0.383333333333333,385,1
453,"(1,17)",,True,27,"[1, 2, 17, 16, 9]",4,0.192105263157894,-335,50,8,0.383333333333333,385,1
454,16:12,assassinate,True,20,"[12, 5, 1, 11, 16]",3,0.140350877192982,-337,50,7,0.406920077972709,387,1
455,16:12,assassinate,True,20,"[12, 5, 1, 11, 16]",3,0.140350877192982,-337,50,7,0.406920077972709,387,1
456,"(8,0)",,True,20,"[12, 5, 8, 0, 17]",2,0.029239766081871003,-339,50,7,0.515594541910331,389,1
457,"(8,0)",,True,20,"[12, 5, 8, 0, 17]",2,0.029239766081871003,-339,50,7,0.515594541910331,389,1
458,13:6,assassinate,True,18,"[0, 1, 17, 11, 13]",2,0.027290448343079,-341,50,7,0.462962962962962,391,1
459,13:6,assassinate,True,18,"[0, 1, 17, 11, 13]",2,0.027290448343079,-341,50,7,0.462962962962962,391,1
460,"(18,7)",,True,20,"[3, 12, 18, 2, 7]",2,0.020467836257309,-343,50,7,0.437621832358674,393,1
461,"(18,7)",,True,20,"[3, 12, 18, 2, 7]",2,0.020467836257309,-343,50,7,0.437621832358674,393,1
462,6:4,assassinate,True,17,"[6, 15, 9, 5, 8]",1,0.0,-345,50,7,0.392787524366471,395,1
463,6:4,assassinate,True,17,"[6, 15, 9, 5, 8]",1,0.0,-345,50,7,0.392787524366471,395,1
464,"(13,2)",,True,19,"[15, 13, 6, 8, 2]",1,0.0,-347,50,7,0.43957115009746506,397,1
465,"(13,2)",,True,19,"[15, 13, 6, 8, 2]",1,0.0,-347,50,7,0.43957115009746506,397,1
466,"(17,4)",,True,21,"[17, 4, 16, 9, 14]",1,0.0,-349,50,7,0.44834307992202704,399,1
467,"(17,4)",,True,21,"[17, 4, 16, 9, 14]",1,0.0,-349,50,7,0.44834307992202704,399,1
468,"(19,3)",,True,19,"[17, 19, 3, 13, 8]",1,0.0,-351,50,6,0.47076023391812805,401,1
469,"(19,3)",,True,19,"[17, 19, 3, 13, 8]",1,0.0,-351,50,6,0.47076023391812805,401,1
470,"(18,17)",,True,19,"[18, 9, 13, 11, 17]",1,0.0,-353,50,5,0.447368421052631,403,1
471,"(18,17)",,True,19,"[18, 9, 13, 11, 17]",1,0.0,-353,50,5,0.447368421052631,403,1
472,4:4,assassinate,True,18,"[6, 5, 19, 16, 4]",1,0.0,-355,50,5,0.37719298245614,405,1
473,4:4,assassinate,True,18,"[6, 5, 19, 16, 4]",1,0.0,-355,50,5,0.37719298245614,405,1
474,"(17,16)",,True,20,"[17, 16, 14, 8, 18]",1,0.0,-357,50,5,0.26023391812865404,407,1
475,"(17,16)",,True,20,"[17, 16, 14, 8, 18]",1,0.0,-357,50,5,0.26023391812865404,407,1
476,"(19,1)",,True,22,"[19, 1, 5, 4, 0]",1,0.0,-359,50,6,0.366471734892787,409,1
477,"(19,1)",,True,22,"[19, 1, 5, 4, 0]",1,0.0,-359,50,6,0.366471734892787,409,1
478,"(2,5)",,True,22,"[3, 2, 16, 0, 5]",1,0.0,-361,50,5,0.29824561403508704,411,1
479,"(2,5)",,True,22,"[3, 2, 16, 0, 5]",1,0.0,-361,50,5,0.29824561403508704,411,1
480,19:8,assassinate,True,19,"[14, 17, 15, 0, 19]",1,0.0,-363,50,5,0.293372319688109,413,1
481,19:8,assassinate,True,19,"[14, 17, 15, 0, 19]",1,0.0,-363,50,5,0.293372319688109,413,1
482,9:8,assassinate,True,16,"[18, 13, 5, 3, 9]",1,0.0,-365,50,4,0.33918128654970703,415,1
483,9:8,assassinate,True,16,"[18, 13, 5, 3, 9]",1,0.0,-365,50,4,0.33918128654970703,415,1
484,"(1,9)",,True,18,"[7, 1, 9, 18, 17]",1,0.0,-367,50,5,0.29824561403508704,417,1
485,"(1,9)",,True,18,"[7, 1, 9, 18, 17]",1,0.0,-367,50,5,0.29824561403508704,417,1
486,"(4,9)",,True,20,"[4, 8, 13, 16, 9]",1,0.0,-369,50,5,0.304093567251461,419,1
487,"(4,9)",,True,20,"[4, 8, 13, 16, 9]",1,0.0,-369,50,5,0.304093567251461,419,1
488,3:6,assassinate,True,18,"[3, 0, 8, 12, 16]",1,0.0,-371,50,5,0.286549707602339,421,1
489,3:6,assassinate,True,18,"[3, 0, 8, 12, 16]",1,0.0,-371,50,5,0.286549707602339,421,1
490,"(9,3)",,True,20,"[11, 10, 8, 9, 3]",1,0.0,-373,50,5,0.311890838206627,423,1
491,"(9,3)",,True,20,"[11, 10, 8, 9, 3]",1,0.0,-373,50,5,0.311890838206627,423,1
492,18:8,assassinate,True,17,"[9, 8, 18, 0, 16]",2,0.08187134502923901,-375,50,5,0.366471734892787,425,1
493,18:8,assassinate,True,17,"[9, 8, 18, 0, 16]",2,0.08187134502923901,-375,50,5,0.366471734892787,425,1
494,"(6,11)",,True,19,"[10, 6, 15, 11, 0]",2,0.087719298245614,-377,50,5,0.38206627680311805,427,1
495,"(6,11)",,True,19,"[10, 6, 15, 11, 0]",2,0.087719298245614,-377,50,5,0.38206627680311805,427,1
496,"(12,17)",,True,17,"[9, 12, 8, 1, 17]",2,0.08187134502923901,-379,50,5,0.385964912280701,429,1
497,"(12,17)",,True,17,"[9, 12, 8, 1, 17]",2,0.08187134502923901,-379,50,5,0.385964912280701,429,1
498,"(19,10)",,True,19,"[19, 2, 8, 13, 10]",2,0.033138401559454,-381,50,5,0.44249512670565305,431,1
499,"(19,10)",,True,19,"[19, 2, 8, 13, 10]",2,0.033138401559454,-381,50,5,0.44249512670565305,431,1
500,2:6,assassinate,True,17,"[9, 1, 0, 2, 8]",1,0.0,-383,50,5,0.40350877192982404,433,1
501,2:6,assassinate,True,17,"[9, 1, 0, 2, 8]",1,0.0,-383,50,5,0.40350877192982404,433,1
502,"(8,9)",,True,17,"[17, 8, 2, 9, 18]",1,0.0,-385,50,5,0.40350877192982404,435,1
503,"(8,9)",,True,17,"[17, 8, 2, 9, 18]",1,0.0,-385,50,5,0.40350877192982404,435,1
504,"(16,13)",,True,17,"[16, 13, 7, 6, 0]",1,0.0,-387,50,5,0.37134502923976603,437,1
505,"(16,13)",,True,17,"[16, 13, 7, 6, 0]",1,0.0,-387,50,5,0.37134502923976603,437,1
506,"(14,17)",,True,17,"[14, 8, 0, 9, 17]",1,0.0,-389,50,5,0.27485380116959,439,1
507,"(14,17)",,True,17,"[14, 8, 0, 9, 17]",1,0.0,-389,50,5,0.27485380116959,439,1
508,"(2,4)",,True,17,"[0, 2, 10, 6, 4]",1,0.0,-391,50,4,0.23684210526315702,441,1
509,"(2,4)",,True,17,"[0, 2, 10, 6, 4]",1,0.0,-391,50,4,0.23684210526315702,441,1
510,"(9,15)",,True,17,"[9, 4, 19, 16, 15]",1,0.0,-393,50,4,0.26315789473684204,443,1
511,"(9,15)",,True,17,"[9, 4, 19, 16, 15]",1,0.0,-393,50,4,0.26315789473684204,443,1
512,"(1,18)",,True,19,"[1, 18, 0, 10, 12]",1,0.0,-395,50,5,0.33918128654970703,445,1
513,"(1,18)",,True,19,"[1, 18, 0, 10, 12]",1,0.0,-395,50,5,0.33918128654970703,445,1
514,"(18,13)",,True,21,"[4, 18, 10, 13, 7]",1,0.0,-397,50,5,0.536062378167641,447,1
515,"(18,13)",,True,21,"[4, 18, 10, 13, 7]",1,0.0,-397,50,5,0.536062378167641,447,1
516,"(10,15)",,True,21,"[10, 15, 3, 11, 13]",1,0.0,-399,50,5,0.46588693957115,449,1
517,"(10,15)",,True,21,"[10, 15, 3, 11, 13]",1,0.0,-399,50,5,0.46588693957115,449,1
518,"(7,11)",,True,23,"[5, 8, 4, 7, 11]",2,0.027777777777777003,-401,50,5,0.5116959064327481,451,1
519,"(7,11)",,True,23,"[5, 8, 4, 7, 11]",2,0.027777777777777003,-401,50,5,0.5116959064327481,451,1
520,"(6,15)",,True,25,"[5, 4, 13, 6, 15]",3,0.13304093567251402,-403,50,5,0.443469785575048,453,1
521,"(6,15)",,True,25,"[5, 4, 13, 6, 15]",3,0.13304093567251402,-403,50,5,0.443469785575048,453,1
522,14:10,assassinate,True,21,"[14, 1, 3, 11, 0]",2,0.040935672514619006,-405,50,5,0.555555555555555,455,1
523,14:10,assassinate,True,21,"[14, 1, 3, 11, 0]",2,0.040935672514619006,-405,50,5,0.555555555555555,455,1
524,"(18,0)",,True,21,"[10, 18, 0, 6, 12]",1,0.0,-407,50,5,0.540935672514619,457,1
525,"(18,0)",,True,21,"[10, 18, 0, 6, 12]",1,0.0,-407,50,5,0.540935672514619,457,1
526,"(9,0)",,True,23,"[12, 9, 0, 2, 10]",2,0.0,-409,50,5,0.450292397660818,459,1
527,"(9,0)",,True,23,"[12, 9, 0, 2, 10]",2,0.0,-409,50,5,0.450292397660818,459,1
528,17:6,assassinate,True,21,"[17, 0, 2, 5, 7]",2,0.0,-411,50,4,0.39181286549707606,461,1
529,17:6,assassinate,True,21,"[17, 0, 2, 5, 7]",2,0.0,-411,50,4,0.39181286549707606,461,1
530,4:6,assassinate,True,19,"[15, 3, 2, 16, 4]",2,0.0,-413,50,4,0.385964912280701,463,1
531,4:6,assassinate,True,19,"[15, 3, 2, 16, 4]",2,0.0,-413,50,4,0.385964912280701,463,1
532,"(19,14)",,True,21,"[4, 13, 19, 14, 2]",2,0.0,-415,50,4,0.297270955165692,465,1
533,"(19,14)",,True,21,"[4, 13, 19, 14, 2]",2,0.0,-415,50,4,0.297270955165692,465,1
534,8:6,assassinate,True,19,"[1, 11, 8, 3, 15]",2,0.0,-417,50,4,0.31578947368421,467,1
535,8:6,assassinate,True,19,"[1, 11, 8, 3, 15]",2,0.0,-417,50,4,0.31578947368421,467,1
536,"(11,1)",,True,22,"[4, 15, 11, 18, 1]",4,0.10467836257309901,-417,51,5,0.25263157894736804,468,1
537,"(11,1)",,True,22,"[4, 15, 11, 18, 1]",4,0.10467836257309901,-417,51,5,0.25263157894736804,468,1
538,12:4,assassinate,True,22,"[9, 19, 7, 15, 12]",3,0.042300194931773005,-419,51,5,0.167836257309941,470,1
539,12:4,assassinate,True,22,"[9, 19, 7, 15, 12]",3,0.042300194931773005,-419,51,5,0.167836257309941,470,1
540,"(7,5)",,True,23,"[15, 7, 5, 9, 2]",3,0.056920077972709,-419,52,4,0.09181286549707601,471,1
541,"(7,5)",,True,23,"[15, 7, 5, 9, 2]",3,0.056920077972709,-419,52,4,0.09181286549707601,471,1
542,"(0,3)",,True,23,"[16, 0, 17, 11, 3]",2,0.03787245892509,-419,53,4,0.084516847674742,472,1
543,"(0,3)",,True,23,"[16, 0, 17, 11, 3]",2,0.03787245892509,-419,53,4,0.084516847674742,472,1
544,"(14,4)",,True,25,"[14, 2, 4, 8, 19]",2,0.029239766081871003,-421,53,4,0.06335282651072101,474,1
545,"(14,4)",,True,25,"[14, 2, 4, 8, 19]",2,0.029239766081871003,-421,53,4,0.06335282651072101,474,1
546,13:8,assassinate,True,22,"[11, 13, 2, 12, 7]",2,0.035087719298245,-423,53,4,0.07212475633528201,476,1
547,13:8,assassinate,True,22,"[11, 13, 2, 12, 7]",2,0.035087719298245,-423,53,4,0.07212475633528201,476,1
548,"(19,1)",,True,24,"[9, 7, 11, 19, 1]",2,0.008771929824561,-425,53,5,0.118908382066276,478,1
549,"(19,1)",,True,24,"[9, 7, 11, 19, 1]",2,0.008771929824561,-425,53,5,0.118908382066276,478,1
550,15:8,assassinate,True,21,"[3, 15, 16, 17, 19]",3,0.088693957115009,-427,53,5,0.11988304093567201,480,1
551,15:8,assassinate,True,21,"[3, 15, 16, 17, 19]",3,0.088693957115009,-427,53,5,0.11988304093567201,480,1
552,14:8,assassinate,True,18,"[9, 14, 16, 18, 7]",2,0.011111111111111,-429,53,5,0.058674463937621005,482,1
553,14:8,assassinate,True,18,"[9, 14, 16, 18, 7]",2,0.011111111111111,-429,53,5,0.058674463937621005,482,1
554,"(19,14)",,True,20,"[11, 2, 19, 14, 13]",2,0.011111111111111,-431,53,5,0.084990253411306,484,1
555,"(19,14)",,True,20,"[11, 2, 19, 14, 13]",2,0.011111111111111,-431,53,5,0.084990253411306,484,1
556,"(1,13)",,True,22,"[1, 13, 7, 2, 16]",2,0.008576998050682001,-433,53,6,0.12183235867446301,486,1
557,"(1,13)",,True,22,"[1, 13, 7, 2, 16]",2,0.008576998050682001,-433,53,6,0.12183235867446301,486,1
558,"(13,6)",,True,24,"[13, 6, 12, 11, 10]",2,0.007797270955165,-435,53,6,0.170955165692007,488,1
559,"(13,6)",,True,24,"[13, 6, 12, 11, 10]",2,0.007797270955165,-435,53,6,0.170955165692007,488,1
560,"(1,2)",,True,26,"[1, 18, 2, 13, 14]",3,0.029170147591200003,-437,53,7,0.22967140072403203,490,1
561,"(1,2)",,True,26,"[1, 18, 2, 13, 14]",3,0.029170147591200003,-437,53,7,0.22967140072403203,490,1
562,"(13,4)",,True,28,"[13, 16, 10, 6, 4]",3,0.04963798384851,-439,53,7,0.230840991367307,492,1
563,"(13,4)",,True,28,"[13, 16, 10, 6, 4]",3,0.04963798384851,-439,53,7,0.230840991367307,492,1
564,8:2,assassinate,True,28,"[3, 6, 4, 8, 10]",3,0.04963798384851,-441,53,7,0.230840991367307,494,1
565,8:2,assassinate,True,28,"[3, 6, 4, 8, 10]",3,0.04963798384851,-441,53,7,0.230840991367307,494,1
566,7:10,assassinate,True,22,"[19, 18, 16, 8, 7]",3,0.07933723196881001,-443,53,6,0.26491228070175404,496,1
567,7:10,assassinate,True,22,"[19, 18, 16, 8, 7]",3,0.07933723196881001,-443,53,6,0.26491228070175404,496,1
568,9:6,assassinate,True,18,"[12, 7, 9, 5, 15]",2,0.039961013645224,-445,53,5,0.27290448343079904,498,1
569,9:6,assassinate,True,18,"[12, 7, 9, 5, 15]",2,0.039961013645224,-445,53,5,0.27290448343079904,498,1
570,"(17,1)",,True,20,"[16, 19, 6, 17, 1]",2,0.035087719298245,-447,53,6,0.347953216374268,500,1
571,"(17,1)",,True,20,"[16, 19, 6, 17, 1]",2,0.035087719298245,-447,53,6,0.347953216374268,500,1
572,"(17,16)",,True,20,"[18, 17, 19, 0, 16]",2,0.035087719298245,-449,53,6,0.39083820662768004,502,1
573,"(17,16)",,True,20,"[18, 17, 19, 0, 16]",2,0.035087719298245,-449,53,6,0.39083820662768004,502,1
574,10:10,assassinate,True,16,"[12, 7, 1, 15, 10]",1,0.0,-451,53,5,0.383040935672514,504,1
575,10:10,assassinate,True,16,"[12, 7, 1, 15, 10]",1,0.0,-451,53,5,0.383040935672514,504,1
576,"(13,10)",,True,18,"[13, 5, 0, 10, 9]",1,0.0,-453,53,5,0.350877192982456,506,1
577,"(13,10)",,True,18,"[13, 5, 0, 10, 9]",1,0.0,-453,53,5,0.350877192982456,506,1
578,"(9,2)",,True,20,"[9, 10, 17, 11, 2]",1,0.0,-455,53,5,0.33333333333333304,508,1
579,"(9,2)",,True,20,"[9, 10, 17, 11, 2]",1,0.0,-455,53,5,0.33333333333333304,508,1
580,"(7,9)",,True,23,"[10, 6, 7, 5, 9]",1,0.0,-457,53,5,0.304093567251461,510,1
581,"(7,9)",,True,23,"[10, 6, 7, 5, 9]",1,0.0,-457,53,5,0.304093567251461,510,1
582,3:4,assassinate,True,22,"[17, 18, 19, 3, 5]",1,0.0,-459,53,5,0.26120857699805,512,1
583,3:4,assassinate,True,22,"[17, 18, 19, 3, 5]",1,0.0,-459,53,5,0.26120857699805,512,1
584,"(7,15)",,True,24,"[19, 7, 15, 8, 6]",1,0.0,-461,53,5,0.223196881091617,514,1
585,"(7,15)",,True,24,"[19, 7, 15, 8, 6]",1,0.0,-461,53,5,0.223196881091617,514,1
586,18:10,assassinate,True,20,"[0, 18, 4, 11, 3]",1,0.0,-463,53,4,0.188109161793372,516,1
587,18:10,assassinate,True,20,"[0, 18, 4, 11, 3]",1,0.0,-463,53,4,0.188109161793372,516,1
588,"(7,19)",,True,20,"[0, 11, 2, 7, 19]",1,0.0,-465,53,4,0.188109161793372,518,1
589,"(7,19)",,True,20,"[0, 11, 2, 7, 19]",1,0.0,-465,53,4,0.188109161793372,518,1
590,17:8,assassinate,True,17,"[15, 2, 1, 17, 14]",1,0.0,-467,53,3,0.24463937621832302,520,1
591,17:8,assassinate,True,17,"[15, 2, 1, 17, 14]",1,0.0,-467,53,3,0.24463937621832302,520,1
592,"(3,13)",,True,19,"[14, 3, 17, 13, 10]",1,0.0,-469,53,3,0.23879142300194903,522,1
593,"(3,13)",,True,19,"[14, 3, 17, 13, 10]",1,0.0,-469,53,3,0.23879142300194903,522,1
594,"(5,7)",,True,19,"[6, 5, 7, 0, 15]",1,0.0,-471,53,3,0.188109161793372,524,1
595,"(5,7)",,True,19,"[6, 5, 7, 0, 15]",1,0.0,-471,53,3,0.188109161793372,524,1
596,"(8,2)",,True,20,"[7, 8, 2, 13, 14]",1,0.0,-473,53,3,0.159844054580896,526,1
597,"(8,2)",,True,20,"[7, 8, 2, 13, 14]",1,0.0,-473,53,3,0.159844054580896,526,1
598,"(1,9)",,True,22,"[19, 7, 8, 1, 9]",1,0.0,-475,53,4,0.19298245614035,528,1
599,"(1,9)",,True,22,"[19, 7, 8, 1, 9]",1,0.0,-475,53,4,0.19298245614035,528,1
600,"(0,11)",,True,22,"[0, 4, 2, 11, 15]",1,0.0,-477,53,4,0.22270955165692002,530,1
601,"(0,11)",,True,22,"[0, 4, 2, 11, 15]",1,0.0,-477,53,4,0.22270955165692002,530,1
602,5:6,assassinate,True,18,"[5, 19, 12, 13, 4]",1,0.0,-479,53,3,0.311890838206627,532,1
603,5:6,assassinate,True,18,"[5, 19, 12, 13, 4]",1,0.0,-479,53,3,0.311890838206627,532,1
604,"(6,5)",,True,20,"[6, 0, 15, 12, 5]",1,0.0,-481,53,3,0.19688109161793302,534,1
605,"(6,5)",,True,20,"[6, 0, 15, 12, 5]",1,0.0,-481,53,3,0.19688109161793302,534,1
606,"(4,18)",,True,22,"[7, 4, 15, 14, 18]",1,0.0,-483,53,3,0.20857699805068203,536,1
607,"(4,18)",,True,22,"[7, 4, 15, 14, 18]",1,0.0,-483,53,3,0.20857699805068203,536,1
608,"(10,2)",,True,24,"[10, 2, 0, 3, 6]",1,0.0,-485,53,3,0.15204678362573001,538,1
609,"(10,2)",,True,24,"[10, 2, 0, 3, 6]",1,0.0,-485,53,3,0.15204678362573001,538,1
610,"(2,15)",,True,26,"[5, 16, 2, 15, 18]",1,0.0,-487,53,3,0.145224171539961,540,1
611,"(2,15)",,True,26,"[5, 16, 2, 15, 18]",1,0.0,-487,53,3,0.145224171539961,540,1
612,"(16,0)",,True,28,"[16, 5, 2, 0, 15]",2,0.0,-489,53,3,0.115399610136452,542,1
613,"(16,0)",,True,28,"[16, 5, 2, 0, 15]",2,0.0,-489,53,3,0.115399610136452,542,1
614,11:8,assassinate,True,25,"[5, 2, 11, 9, 17]",3,0.030214424951267003,-491,53,3,0.11939571150097401,544,1
615,11:8,assassinate,True,25,"[5, 2, 11, 9, 17]",3,0.030214424951267003,-491,53,3,0.11939571150097401,544,1
616,8:8,assassinate,True,22,"[3, 19, 8, 6, 4]",3,0.032163742690058006,-493,53,3,0.20370370370370303,546,1
617,8:8,assassinate,True,22,"[3, 19, 8, 6, 4]",3,0.032163742690058006,-493,53,3,0.20370370370370303,546,1
618,"(13,11)",,True,24,"[13, 14, 11, 10, 5]",3,0.029239766081871003,-495,53,3,0.14912280701754302,548,1
619,"(13,11)",,True,24,"[13, 14, 11, 10, 5]",3,0.029239766081871003,-495,53,3,0.14912280701754302,548,1
620,6:8,assassinate,True,21,"[5, 13, 9, 18, 6]",3,0.029239766081871003,-495,54,3,0.12865497076023302,549,1
621,6:8,assassinate,True,21,"[5, 13, 9, 18, 6]",3,0.029239766081871003,-495,54,3,0.12865497076023302,549,1
622,"(1,14)",,True,23,"[15, 2, 1, 14, 11]",4,0.08576998050682201,-495,55,4,0.10185185185185101,550,1
623,"(1,14)",,True,23,"[15, 2, 1, 14, 11]",4,0.08576998050682201,-495,55,4,0.10185185185185101,550,1
624,"(0,10)",,True,21,"[8, 3, 7, 0, 10]",3,0.062865497076023,-495,56,3,0.111598440545808,551,1
625,"(0,10)",,True,21,"[8, 3, 7, 0, 10]",3,0.062865497076023,-495,56,3,0.111598440545808,551,1
626,"(1,9)",,True,23,"[2, 1, 15, 9, 10]",4,0.12183235867446301,-495,57,4,0.17153996101364502,552,1
627,"(1,9)",,True,23,"[2, 1, 15, 9, 10]",4,0.12183235867446301,-495,57,4,0.17153996101364502,552,1
628,"(12,19)",,True,23,"[14, 12, 11, 19, 2]",4,0.114035087719298,-497,57,4,0.18421052631578902,554,1
629,"(12,19)",,True,23,"[14, 12, 11, 19, 2]",4,0.114035087719298,-497,57,4,0.18421052631578902,554,1
630,19:6,assassinate,True,22,"[18, 5, 19, 17, 15]",4,0.115204678362573,-495,59,4,0.076413255360623,554,1
631,19:6,assassinate,True,22,"[18, 5, 19, 17, 15]",4,0.115204678362573,-495,59,4,0.076413255360623,554,1
632,"(6,1)",,True,24,"[6, 7, 1, 0, 19]",5,0.13157894736842102,-495,60,5,0.15107212475633502,555,1
633,"(6,1)",,True,24,"[6, 7, 1, 0, 19]",5,0.13157894736842102,-495,60,5,0.15107212475633502,555,1
634,"(17,6)",,True,26,"[14, 17, 16, 6, 18]",5,0.137426900584795,-495,61,5,0.178362573099415,556,1
635,"(17,6)",,True,26,"[14, 17, 16, 6, 18]",5,0.137426900584795,-495,61,5,0.178362573099415,556,1
636,10:6,assassinate,True,24,"[4, 13, 16, 17, 10]",4,0.114035087719298,-495,62,5,0.159844054580896,557,1
637,10:6,assassinate,True,24,"[4, 13, 16, 17, 10]",4,0.114035087719298,-495,62,5,0.159844054580896,557,1
638,"(5,1)",,True,26,"[5, 1, 18, 15, 17]",5,0.18615984405458003,-495,63,6,0.22124756335282603,558,1
639,"(5,1)",,True,26,"[5, 1, 18, 15, 17]",5,0.18615984405458003,-495,63,6,0.22124756335282603,558,1
640,12:4,assassinate,True,23,"[12, 2, 19, 11, 15]",4,0.12046783625730902,-495,64,5,0.17115009746588603,559,1
641,12:4,assassinate,True,23,"[12, 2, 19, 11, 15]",4,0.12046783625730902,-495,64,5,0.17115009746588603,559,1
642,6:10,assassinate,True,19,"[6, 15, 13, 10, 19]",4,0.10964912280701701,-495,65,4,0.141812865497076,560,1
643,6:10,assassinate,True,19,"[6, 15, 13, 10, 19]",4,0.10964912280701701,-495,65,4,0.141812865497076,560,1
644,8:2,assassinate,True,19,"[6, 16, 17, 5, 8]",4,0.08089668615984401,-495,66,4,0.10672514619883001,561,1
645,8:2,assassinate,True,19,"[6, 16, 17, 5, 8]",4,0.08089668615984401,-495,66,4,0.10672514619883001,561,1
646,16:6,assassinate,True,17,"[7, 16, 12, 6, 0]",3,0.054580896686159,-495,67,4,0.09795321637426901,562,1
647,16:6,assassinate,True,17,"[7, 16, 12, 6, 0]",3,0.054580896686159,-495,67,4,0.09795321637426901,562,1
648,13:10,assassinate,True,13,"[8, 14, 6, 13, 9]",3,0.029239766081871003,-495,68,4,0.047758284600389,563,1
649,13:10,assassinate,True,13,"[8, 14, 6, 13, 9]",3,0.029239766081871003,-495,68,4,0.047758284600389,563,1
650,15:6,assassinate,True,11,"[15, 7, 5, 18, 19]",3,0.05847953216374201,-495,69,4,0.06432748538011601,564,1
651,15:6,assassinate,True,11,"[15, 7, 5, 18, 19]",3,0.05847953216374201,-495,69,4,0.06432748538011601,564,1
652,"(2,13)",,True,13,"[14, 9, 5, 2, 13]",3,0.070175438596491,-497,69,4,0.157894736842105,566,1
653,"(2,13)",,True,13,"[14, 9, 5, 2, 13]",3,0.070175438596491,-497,69,4,0.157894736842105,566,1
654,"(19,7)",,True,15,"[19, 11, 0, 15, 7]",3,0.078947368421052,-499,69,4,0.105263157894736,568,1
655,"(19,7)",,True,15,"[19, 11, 0, 15, 7]",3,0.078947368421052,-499,69,4,0.105263157894736,568,1
656,9:10,assassinate,True,11,"[6, 11, 9, 5, 17]",2,0.046783625730994004,-499,70,3,0.105263157894736,569,1
657,9:10,assassinate,True,11,"[6, 11, 9, 5, 17]",2,0.046783625730994004,-499,70,3,0.105263157894736,569,1
658,"(5,4)",,True,11,"[5, 17, 6, 4, 12]",2,0.052631578947368,-501,70,3,0.14619883040935602,571,1
659,"(5,4)",,True,11,"[5, 17, 6, 4, 12]",2,0.052631578947368,-501,70,3,0.14619883040935602,571,1
660,"(3,14)",,True,13,"[3, 5, 9, 14, 8]",2,0.067251461988304,-503,70,3,0.114035087719298,573,1
661,"(3,14)",,True,13,"[3, 5, 9, 14, 8]",2,0.067251461988304,-503,70,3,0.114035087719298,573,1
662,10:6,assassinate,True,11,"[13, 16, 18, 17, 10]",1,0.0,-505,70,3,0.140350877192982,575,1
663,10:6,assassinate,True,11,"[13, 16, 18, 17, 10]",1,0.0,-505,70,3,0.140350877192982,575,1
664,4:6,assassinate,True,9,"[4, 19, 6, 16, 10]",1,0.0,-507,70,3,0.070175438596491,577,1
665,4:6,assassinate,True,9,"[4, 19, 6, 16, 10]",1,0.0,-507,70,3,0.070175438596491,577,1
666,"(10,19)",,True,11,"[10, 12, 19, 0, 16]",2,0.005847953216374001,-509,70,3,0.035087719298245,579,1
667,"(10,19)",,True,11,"[10, 12, 19, 0, 16]",2,0.005847953216374001,-509,70,3,0.035087719298245,579,1
668,"(19,18)",,True,11,"[19, 18, 3, 12, 11]",2,0.023391812865497002,-509,70,2,0.023391812865497002,579,1
669,"(19,18)",,True,11,"[19, 18, 3, 12, 11]",2,0.023391812865497002,-509,70,2,0.023391812865497002,579,1
670,"(7,14)",,True,11,"[7, 14, 10, 11, 12]",2,0.023391812865497002,-509,70,2,0.023391812865497002,579,1
671,"(7,14)",,True,11,"[7, 14, 10, 11, 12]",2,0.023391812865497002,-509,70,2,0.023391812865497002,579,1
672,"(19,11)",,True,13,"[0, 19, 11, 15, 17]",2,0.029239766081871003,-509,70,2,0.029239766081871003,579,1
673,"(19,11)",,True,13,"[0, 19, 11, 15, 17]",2,0.029239766081871003,-509,70,2,0.029239766081871003,579,1
674,"(3,8)",,True,15,"[3, 8, 4, 6, 13]",2,0.032163742690058006,-509,70,2,0.032163742690058006,579,1
675,"(3,8)",,True,15,"[3, 8, 4, 6, 13]",2,0.032163742690058006,-509,70,2,0.032163742690058006,579,1
676,"(1,18)",,True,17,"[0, 12, 1, 4, 18]",2,0.014619883040935,-510,70,3,0.10233918128654901,580,1
677,"(1,18)",,True,17,"[0, 12, 1, 4, 18]",2,0.014619883040935,-510,70,3,0.10233918128654901,580,1
678,13:6,assassinate,True,15,"[12, 13, 4, 3, 8]",2,0.011695906432748001,-512,70,3,0.132553606237816,582,1
679,13:6,assassinate,True,15,"[12, 13, 4, 3, 8]",2,0.011695906432748001,-512,70,3,0.132553606237816,582,1
680,"(18,3)",,True,15,"[17, 15, 18, 16, 3]",2,0.035087719298245,-510,72,2,0.019493177387914,582,1
681,"(18,3)",,True,15,"[17, 15, 18, 16, 3]",2,0.035087719298245,-510,72,2,0.019493177387914,582,1
682,5:8,assassinate,True,12,"[11, 2, 13, 5, 12]",1,0.0,-509,73,1,0.0,582,1
683,5:8,assassinate,True,12,"[11, 2, 13, 5, 12]",1,0.0,-509,73,1,0.0,582,1
684,9:2,assassinate,True,12,"[12, 15, 9, 5, 10]",1,0.0,-508,74,1,0.0,582,1
685,9:2,assassinate,True,12,"[12, 15, 9, 5, 10]",1,0.0,-508,74,1,0.0,582,1
686,"(13,2)",,True,14,"[13, 2, 8, 19, 16]",1,0.0,-508,74,1,0.0,582,1
687,"(13,2)",,True,14,"[13, 2, 8, 19, 16]",1,0.0,-508,74,1,0.0,582,1
688,18:8,assassinate,True,11,"[18, 19, 5, 4, 13]",2,0.046783625730994004,-506,76,0,-0.001,582,1
689,18:8,assassinate,True,11,"[18, 19, 5, 4, 13]",2,0.046783625730994004,-506,76,0,-0.001,582,1
690,"(1,2)",,True,13,"[9, 1, 2, 7, 3]",2,0.029239766081871003,-504,78,2,0.017543859649122,582,1
691,"(1,2)",,True,13,"[9, 1, 2, 7, 3]",2,0.029239766081871003,-504,78,2,0.017543859649122,582,1
692,"(1,11)",,True,15,"[8, 14, 1, 16, 11]",2,0.035087719298245,-504,79,3,0.210526315789473,583,1
693,"(1,11)",,True,15,"[8, 14, 1, 16, 11]",2,0.035087719298245,-504,79,3,0.210526315789473,583,1
694,14:8,assassinate,True,12,"[10, 14, 3, 16, 6]",2,0.011695906432748001,-504,80,3,0.09356725146198801,584,1
695,14:8,assassinate,True,12,"[10, 14, 3, 16, 6]",2,0.011695906432748001,-504,80,3,0.09356725146198801,584,1
696,"(12,11)",,True,12,"[12, 7, 9, 10, 11]",2,0.011695906432748001,-506,80,3,0.16374269005847902,586,1
697,"(12,11)",,True,12,"[12, 7, 9, 10, 11]",2,0.011695906432748001,-506,80,3,0.16374269005847902,586,1
698,19:6,assassinate,True,10,"[10, 9, 8, 3, 19]",2,0.052631578947368,-508,80,3,0.19298245614035,588,1
699,19:6,assassinate,True,10,"[10, 9, 8, 3, 19]",2,0.052631578947368,-508,80,3,0.19298245614035,588,1
700,"(19,8)",,True,12,"[19, 10, 6, 8, 3]",2,0.05847953216374201,-510,80,3,0.175438596491228,590,1
701,"(19,8)",,True,12,"[19, 10, 6, 8, 3]",2,0.05847953216374201,-510,80,3,0.175438596491228,590,1
702,"(9,1)",,True,14,"[9, 14, 15, 13, 1]",2,0.06432748538011601,-510,81,4,0.09064327485380101,591,1
703,"(9,1)",,True,14,"[9, 14, 15, 13, 1]",2,0.06432748538011601,-510,81,4,0.09064327485380101,591,1
704,12:6,assassinate,True,12,"[3, 13, 6, 12, 19]",2,0.040935672514619006,-512,81,4,0.07602339181286501,593,1
705,12:6,assassinate,True,12,"[3, 13, 6, 12, 19]",2,0.040935672514619006,-512,81,4,0.07602339181286501,593,1
706,"(1,3)",,True,14,"[1, 3, 2, 16, 6]",3,0.087719298245614,-512,82,5,0.15204678362573001,594,1
707,"(1,3)",,True,14,"[1, 3, 2, 16, 6]",3,0.087719298245614,-512,82,5,0.15204678362573001,594,1
708,"(18,9)",,True,16,"[18, 2, 8, 12, 9]",3,0.09356725146198801,-514,82,5,0.157894736842105,596,1
709,"(18,9)",,True,16,"[18, 2, 8, 12, 9]",3,0.09356725146198801,-514,82,5,0.157894736842105,596,1
710,17:2,assassinate,True,16,"[7, 6, 14, 8, 17]",3,0.09356725146198801,-516,82,5,0.157894736842105,598,1
711,17:2,assassinate,True,16,"[7, 6, 14, 8, 17]",3,0.09356725146198801,-516,82,5,0.157894736842105,598,1
712,"(1,19)",,True,16,"[16, 5, 1, 13, 19]",3,0.09356725146198801,-516,83,5,0.157894736842105,599,1
713,"(1,19)",,True,16,"[16, 5, 1, 13, 19]",3,0.09356725146198801,-516,83,5,0.157894736842105,599,1
714,8:6,assassinate,True,14,"[14, 9, 8, 4, 15]",3,0.05847953216374201,-518,83,5,0.10233918128654901,601,1
715,8:6,assassinate,True,14,"[14, 9, 8, 4, 15]",3,0.05847953216374201,-518,83,5,0.10233918128654901,601,1
716,16:4,assassinate,True,13,"[11, 8, 3, 6, 16]",2,0.005847953216374001,-520,83,5,0.09064327485380101,603,1
717,16:4,assassinate,True,13,"[11, 8, 3, 6, 16]",2,0.005847953216374001,-520,83,5,0.09064327485380101,603,1
718,"(14,11)",,True,15,"[14, 11, 5, 4, 2]",2,0.005847953216374001,-522,83,5,0.137426900584795,605,1
719,"(14,11)",,True,15,"[14, 11, 5, 4, 2]",2,0.005847953216374001,-522,83,5,0.137426900584795,605,1
720,"(8,14)",,True,17,"[8, 5, 18, 14, 9]",2,0.005847953216374001,-524,83,5,0.23099415204678303,607,1
721,"(8,14)",,True,17,"[8, 5, 18, 14, 9]",2,0.005847953216374001,-524,83,5,0.23099415204678303,607,1
722,"(14,6)",,True,19,"[17, 9, 14, 6, 16]",3,0.114035087719298,-526,83,5,0.19590643274853803,609,1
723,"(14,6)",,True,19,"[17, 9, 14, 6, 16]",3,0.114035087719298,-526,83,5,0.19590643274853803,609,1
724,"(1,14)",,True,21,"[11, 13, 1, 14, 5]",3,0.061403508771929,-528,83,6,0.23684210526315702,611,1
725,"(1,14)",,True,21,"[11, 13, 1, 14, 5]",3,0.061403508771929,-528,83,6,0.23684210526315702,611,1
726,"(15,1)",,True,23,"[15, 18, 3, 1, 14]",3,0.08479532163742601,-530,83,7,0.342105263157894,613,1
727,"(15,1)",,True,23,"[15, 18, 3, 1, 14]",3,0.08479532163742601,-530,83,7,0.342105263157894,613,1
728,"(8,0)",,True,23,"[7, 8, 11, 0, 15]",3,0.06432748538011601,-532,83,7,0.36257309941520405,615,1
729,"(8,0)",,True,23,"[7, 8, 11, 0, 15]",3,0.06432748538011601,-532,83,7,0.36257309941520405,615,1
730,10:8,assassinate,True,20,"[4, 9, 7, 10, 14]",2,0.033138401559454,-534,83,6,0.32943469785575,617,1
731,10:8,assassinate,True,20,"[4, 9, 7, 10, 14]",2,0.033138401559454,-534,83,6,0.32943469785575,617,1
732,"(16,1)",,True,22,"[17, 13, 16, 1, 10]",3,0.061403508771929,-536,83,7,0.33918128654970703,619,1
733,"(16,1)",,True,22,"[17, 13, 16, 1, 10]",3,0.061403508771929,-536,83,7,0.33918128654970703,619,1
734,"(17,19)",,True,24,"[17, 9, 8, 14, 19]",3,0.044346978557504003,-538,83,7,0.344054580896686,621,1
735,"(17,19)",,True,24,"[17, 9, 8, 14, 19]",3,0.044346978557504003,-538,83,7,0.344054580896686,621,1
736,18:4,assassinate,True,23,"[15, 18, 11, 9, 16]",2,0.017543859649122,-540,83,7,0.304093567251461,623,1
737,18:4,assassinate,True,23,"[15, 18, 11, 9, 16]",2,0.017543859649122,-540,83,7,0.304093567251461,623,1
738,"(10,15)",,True,23,"[9, 10, 15, 0, 7]",2,0.023391812865497002,-542,83,6,0.33040935672514604,625,1
739,"(10,15)",,True,23,"[9, 10, 15, 0, 7]",2,0.023391812865497002,-542,83,6,0.33040935672514604,625,1
740,"(15,19)",,True,23,"[15, 19, 13, 16, 6]",2,0.023391812865497002,-544,83,5,0.307017543859649,627,1
741,"(15,19)",,True,23,"[15, 19, 13, 16, 6]",2,0.023391812865497002,-544,83,5,0.307017543859649,627,1
742,7:6,assassinate,True,21,"[5, 17, 3, 13, 7]",1,0.0,-546,83,5,0.16374269005847902,629,1
743,7:6,assassinate,True,21,"[5, 17, 3, 13, 7]",1,0.0,-546,83,5,0.16374269005847902,629,1
744,"(0,5)",,True,23,"[8, 0, 17, 4, 5]",2,0.0,-548,83,5,0.122807017543859,631,1
745,"(0,5)",,True,23,"[8, 0, 17, 4, 5]",2,0.0,-548,83,5,0.122807017543859,631,1
746,"(17,12)",,True,25,"[17, 4, 14, 5, 12]",2,0.0,-550,83,5,0.14619883040935602,633,1
747,"(17,12)",,True,25,"[17, 4, 14, 5, 12]",2,0.0,-550,83,5,0.14619883040935602,633,1
748,5:2,assassinate,True,23,"[12, 5, 9, 4, 2]",1,0.0,-552,83,5,0.14619883040935602,635,1
749,5:2,assassinate,True,23,"[12, 5, 9, 4, 2]",1,0.0,-552,83,5,0.14619883040935602,635,1
750,"(1,17)",,True,25,"[4, 1, 2, 17, 11]",1,0.0,-554,83,6,0.144834307992202,637,1
751,"(1,17)",,True,25,"[4, 1, 2, 17, 11]",1,0.0,-554,83,6,0.144834307992202,637,1
752,"(13,19)",,True,25,"[13, 19, 15, 10, 11]",1,0.0,-556,83,6,0.144834307992202,639,1
753,"(13,19)",,True,25,"[13, 19, 15, 10, 11]",1,0.0,-556,83,6,0.144834307992202,639,1
754,"(1,7)",,True,27,"[1, 9, 7, 19, 17]",2,0.008771929824561,-558,83,7,0.21890838206627602,641,1
755,"(1,7)",,True,27,"[1, 9, 7, 19, 17]",2,0.008771929824561,-558,83,7,0.21890838206627602,641,1
756,"(5,9)",,True,27,"[5, 9, 0, 13, 11]",2,0.087719298245614,-560,83,6,0.17212475633528201,643,1
757,"(5,9)",,True,27,"[5, 9, 0, 13, 11]",2,0.087719298245614,-560,83,6,0.17212475633528201,643,1
758,6:10,assassinate,True,23,"[11, 6, 7, 10, 4]",2,0.005847953216374001,-560,84,6,0.25341130604288503,644,1
759,6:10,assassinate,True,23,"[11, 6, 7, 10, 4]",2,0.005847953216374001,-560,84,6,0.25341130604288503,644,1
760,"(17,19)",,True,23,"[15, 17, 19, 11, 0]",2,0.005847953216374001,-562,84,6,0.218323586744639,646,1
761,"(17,19)",,True,23,"[15, 17, 19, 11, 0]",2,0.005847953216374001,-562,84,6,0.218323586744639,646,1
762,"(7,1)",,True,23,"[7, 11, 9, 18, 1]",2,0.08187134502923901,-564,84,7,0.39376218323586704,648,1
763,"(7,1)",,True,23,"[7, 11, 9, 18, 1]",2,0.08187134502923901,-564,84,7,0.39376218323586704,648,1
764,"(6,1)",,True,25,"[6, 1, 0, 13, 12]",2,0.087719298245614,-566,84,8,0.408382066276803,650,1
765,"(6,1)",,True,25,"[6, 1, 0, 13, 12]",2,0.087719298245614,-566,84,8,0.408382066276803,650,1
766,"(16,1)",,True,25,"[16, 6, 1, 0, 17]",2,0.0029239766081870003,-568,84,9,0.40214424951267,652,1
767,"(16,1)",,True,25,"[16, 6, 1, 0, 17]",2,0.0029239766081870003,-568,84,9,0.40214424951267,652,1
768,"(3,7)",,True,25,"[11, 0, 9, 3, 7]",2,0.005847953216374001,-570,84,8,0.225730994152046,654,1
769,"(3,7)",,True,25,"[11, 0, 9, 3, 7]",2,0.005847953216374001,-570,84,8,0.225730994152046,654,1
770,"(19,13)",,True,27,"[8, 0, 19, 5, 13]",2,0.004873294346978,-572,84,8,0.25555555555555504,656,1
771,"(19,13)",,True,27,"[8, 0, 19, 5, 13]",2,0.004873294346978,-572,84,8,0.25555555555555504,656,1
772,"(7,14)",,True,27,"[8, 7, 3, 14, 18]",3,0.055555555555555004,-574,84,8,0.210526315789473,658,1
773,"(7,14)",,True,27,"[8, 7, 3, 14, 18]",3,0.055555555555555004,-574,84,8,0.210526315789473,658,1
774,"(2,19)",,True,29,"[10, 12, 3, 2, 19]",4,0.062378167641325005,-576,84,8,0.214522417153996,660,1
775,"(2,19)",,True,29,"[10, 12, 3, 2, 19]",4,0.062378167641325005,-576,84,8,0.214522417153996,660,1
776,"(0,16)",,True,29,"[5, 0, 18, 15, 16]",3,0.045808966861598,-578,84,8,0.23050682261208502,662,1
777,"(0,16)",,True,29,"[5, 0, 18, 15, 16]",3,0.045808966861598,-578,84,8,0.23050682261208502,662,1
778,"(18,1)",,True,29,"[18, 8, 16, 1, 10]",3,0.038986354775828,-580,84,9,0.30116959064327403,664,1
779,"(18,1)",,True,29,"[18, 8, 16, 1, 10]",3,0.038986354775828,-580,84,9,0.30116959064327403,664,1
780,9:12,assassinate,True,24,"[9, 3, 11, 4, 0]",4,0.147173489278752,-582,84,8,0.37231968810916105,666,1
781,9:12,assassinate,True,24,"[9, 3, 11, 4, 0]",4,0.147173489278752,-582,84,8,0.37231968810916105,666,1
782,"(11,3)",,True,24,"[9, 11, 10, 3, 16]",4,0.16179337231968802,-584,84,7,0.30214424951267005,668,1
783,"(11,3)",,True,24,"[9, 11, 10, 3, 16]",4,0.16179337231968802,-584,84,7,0.30214424951267005,668,1
784,13:10,assassinate,True,20,"[14, 19, 10, 9, 13]",3,0.10818713450292301,-586,84,7,0.338206627680311,670,1
785,13:10,assassinate,True,20,"[14, 19, 10, 9, 13]",3,0.10818713450292301,-586,84,7,0.338206627680311,670,1
786,"(0,18)",,True,23,"[14, 19, 0, 18, 15]",4,0.19883040935672502,-588,84,7,0.35321637426900504,672,1
787,"(0,18)",,True,23,"[14, 19, 0, 18, 15]",4,0.19883040935672502,-588,84,7,0.35321637426900504,672,1
788,5:4,assassinate,True,22,"[7, 14, 5, 15, 16]",3,0.046783625730994004,-590,84,7,0.22124756335282603,674,1
789,5:4,assassinate,True,22,"[7, 14, 5, 15, 16]",3,0.046783625730994004,-590,84,7,0.22124756335282603,674,1
790,"(9,1)",,True,24,"[14, 9, 11, 18, 1]",3,0.09551656920077901,-592,84,8,0.32066276803118904,676,1
791,"(9,1)",,True,24,"[14, 9, 11, 18, 1]",3,0.09551656920077901,-592,84,8,0.32066276803118904,676,1
792,"(6,12)",,True,26,"[6, 12, 2, 17, 8]",4,0.06315789473684201,-594,84,8,0.307017543859649,678,1
793,"(6,12)",,True,26,"[6, 12, 2, 17, 8]",4,0.06315789473684201,-594,84,8,0.307017543859649,678,1
794,7:6,assassinate,True,24,"[19, 16, 7, 11, 14]",3,0.014619883040935,-596,84,8,0.25555555555555504,680,1
795,7:6,assassinate,True,24,"[19, 16, 7, 11, 14]",3,0.014619883040935,-596,84,8,0.25555555555555504,680,1
796,"(5,9)",,True,26,"[5, 2, 9, 18, 14]",3,0.029239766081871003,-598,84,8,0.27943469785575004,682,1
797,"(5,9)",,True,26,"[5, 2, 9, 18, 14]",3,0.029239766081871003,-598,84,8,0.27943469785575004,682,1
798,"(16,11)",,True,24,"[0, 8, 16, 5, 11]",3,0.042884990253411005,-600,84,7,0.29142300194931703,684,1
799,"(16,11)",,True,24,"[0, 8, 16, 5, 11]",3,0.042884990253411005,-600,84,7,0.29142300194931703,684,1
