,actionDetail,actionType,bonusActivated,graphEdgeCount,nodeList,p1Degree,p1Score,p1WinAdvantage,p1WinCount,p2Degree,p2Score,p2WinCount,player
0,"(5,1)",,False,2,"[5, 14, 4, 7, 1]",0,-0.001,-1,0,1,0.0,1,1
1,"(5,1)",,False,2,"[5, 14, 4, 7, 1]",0,-0.001,-1,0,1,0.0,1,1
2,"(2,19)",,False,2,"[2, 19, 10, 9, 0]",0,-0.001,-1,0,0,-0.001,1,1
3,"(2,19)",,False,2,"[2, 19, 10, 9, 0]",0,-0.001,-1,0,0,-0.001,1,1
4,"(12,16)",,False,4,"[12, 16, 3, 14, 6]",1,0.0,1,2,0,-0.001,1,1
5,"(12,16)",,False,4,"[12, 16, 3, 14, 6]",1,0.0,1,2,0,-0.001,1,1
6,"(19,9)",,False,6,"[19, 9, 4, 12, 14]",2,0.005847953216374001,3,4,0,-0.001,1,1
7,"(19,9)",,False,6,"[19, 9, 4, 12, 14]",2,0.005847953216374001,3,4,0,-0.001,1,1
8,"(11,1)",,False,8,"[11, 14, 10, 7, 1]",2,0.011695906432748001,5,6,1,0.0,1,1
9,"(11,1)",,False,8,"[11, 14, 10, 7, 1]",2,0.011695906432748001,5,6,1,0.0,1,1
10,"(2,9)",,False,10,"[16, 2, 9, 18, 19]",3,0.046783625730994004,7,8,1,0.0,1,1
11,"(2,9)",,False,10,"[16, 2, 9, 18, 19]",3,0.046783625730994004,7,8,1,0.0,1,1
12,"(12,4)",,False,12,"[12, 18, 2, 4, 10]",3,0.029239766081871003,9,10,1,0.0,1,1
13,"(12,4)",,False,12,"[12, 18, 2, 4, 10]",3,0.029239766081871003,9,10,1,0.0,1,1
14,"(12,6)",,False,14,"[12, 16, 1, 17, 6]",3,0.023391812865497002,11,12,1,0.0,1,1
15,"(12,6)",,False,14,"[12, 16, 1, 17, 6]",3,0.023391812865497002,11,12,1,0.0,1,1
16,"(10,9)",,False,14,"[10, 11, 0, 18, 9]",3,0.040935672514619006,13,14,1,0.0,1,1
17,"(10,9)",,False,14,"[10, 11, 0, 18, 9]",3,0.040935672514619006,13,14,1,0.0,1,1
18,"(11,6)",,False,13,"[17, 13, 11, 1, 6]",3,0.046783625730994004,15,16,1,0.0,1,1
19,"(11,6)",,False,13,"[17, 13, 11, 1, 6]",3,0.046783625730994004,15,16,1,0.0,1,1
20,"(13,15)",,False,15,"[13, 15, 3, 9, 8]",3,0.06432748538011601,17,18,1,0.0,1,1
21,"(13,15)",,False,15,"[13, 15, 3, 9, 8]",3,0.06432748538011601,17,18,1,0.0,1,1
22,"(16,9)",,False,17,"[16, 0, 9, 2, 18]",4,0.20467836257309902,19,20,1,0.0,1,1
23,"(16,9)",,False,17,"[16, 0, 9, 2, 18]",4,0.20467836257309902,19,20,1,0.0,1,1
24,"(2,9)",,False,17,"[0, 2, 9, 14, 19]",4,0.22222222222222202,21,22,1,0.0,1,1
25,"(2,9)",,False,17,"[0, 2, 9, 14, 19]",4,0.22222222222222202,21,22,1,0.0,1,1
26,"(19,15)",,False,19,"[0, 19, 17, 15, 3]",4,0.13645224171539902,23,24,1,0.0,1,1
27,"(19,15)",,False,19,"[0, 19, 17, 15, 3]",4,0.13645224171539902,23,24,1,0.0,1,1
28,"(18,1)",,False,21,"[18, 6, 16, 1, 17]",4,0.16569200779727,25,26,2,0.09356725146198801,1,1
29,"(18,1)",,False,21,"[18, 6, 16, 1, 17]",4,0.16569200779727,25,26,2,0.09356725146198801,1,1
30,"(9,1)",,False,23,"[9, 19, 2, 18, 1]",4,0.16569200779727,27,28,3,0.06315789473684201,1,1
31,"(9,1)",,False,23,"[9, 19, 2, 18, 1]",4,0.16569200779727,27,28,3,0.06315789473684201,1,1
32,"(7,3)",,False,23,"[0, 14, 7, 2, 3]",4,0.18148148148148102,29,30,3,0.07962962962962901,1,1
33,"(7,3)",,False,23,"[0, 14, 7, 2, 3]",4,0.18148148148148102,29,30,3,0.07962962962962901,1,1
34,"(1,13)",,False,23,"[17, 14, 1, 13, 7]",4,0.18382066276803102,29,31,4,0.288693957115009,2,1
35,"(1,13)",,False,23,"[17, 14, 1, 13, 7]",4,0.18382066276803102,29,31,4,0.288693957115009,2,1
36,"(4,18)",,False,26,"[8, 4, 9, 12, 18]",4,0.10477582846003801,27,31,4,0.189571150097465,4,1
37,"(4,18)",,False,26,"[8, 4, 9, 12, 18]",4,0.10477582846003801,27,31,4,0.189571150097465,4,1
38,"(6,17)",,False,26,"[6, 7, 10, 3, 17]",4,0.10477582846003801,25,31,4,0.189571150097465,6,1
39,"(6,17)",,False,26,"[6, 7, 10, 3, 17]",4,0.10477582846003801,25,31,4,0.189571150097465,6,1
40,"(10,1)",,False,28,"[0, 18, 10, 1, 2]",4,0.10185185185185101,23,31,5,0.20029239766081802,8,1
41,"(10,1)",,False,28,"[0, 18, 10, 1, 2]",4,0.10185185185185101,23,31,5,0.20029239766081802,8,1
42,"(18,14)",,False,30,"[18, 9, 14, 12, 3]",4,0.073976608187134,21,31,5,0.15,10,1
43,"(18,14)",,False,30,"[18, 9, 14, 12, 3]",4,0.073976608187134,21,31,5,0.15,10,1
44,"(6,13)",,False,32,"[6, 2, 13, 5, 19]",4,0.061403508771929,19,31,5,0.095224171539961,12,1
45,"(6,13)",,False,32,"[6, 2, 13, 5, 19]",4,0.061403508771929,19,31,5,0.095224171539961,12,1
46,"(0,13)",,False,30,"[18, 3, 16, 0, 13]",3,0.10448343079922001,19,32,5,0.107797270955165,13,1
47,"(0,13)",,False,30,"[18, 3, 16, 0, 13]",3,0.10448343079922001,19,32,5,0.107797270955165,13,1
48,"(4,11)",,False,32,"[4, 15, 9, 19, 11]",3,0.030799220272904004,19,33,5,0.07943469785575001,14,1
49,"(4,11)",,False,32,"[4, 15, 9, 19, 11]",3,0.030799220272904004,19,33,5,0.07943469785575001,14,1
50,"(1,7)",,False,32,"[1, 9, 7, 11, 4]",3,0.034113060428849006,17,33,5,0.10175438596491201,16,1
51,"(1,7)",,False,32,"[1, 9, 7, 11, 4]",3,0.034113060428849006,17,33,5,0.10175438596491201,16,1
52,"(17,13)",,False,34,"[17, 8, 13, 6, 3]",4,0.059941520467836004,15,33,5,0.11101364522417101,18,1
53,"(17,13)",,False,34,"[17, 8, 13, 6, 3]",4,0.059941520467836004,15,33,5,0.11101364522417101,18,1
54,"(1,17)",,False,36,"[13, 7, 1, 10, 17]",5,0.09307992202729001,13,33,6,0.131286549707602,20,1
55,"(1,17)",,False,36,"[13, 7, 1, 10, 17]",5,0.09307992202729001,13,33,6,0.131286549707602,20,1
56,"(16,12)",,False,34,"[16, 12, 19, 11, 15]",5,0.159356725146198,15,35,6,0.140155945419103,20,1
57,"(16,12)",,False,34,"[16, 12, 19, 11, 15]",5,0.159356725146198,15,35,6,0.140155945419103,20,1
58,"(5,1)",,False,36,"[16, 5, 3, 12, 1]",5,0.15638401559454101,15,36,7,0.181578947368421,21,1
59,"(5,1)",,False,36,"[16, 5, 3, 12, 1]",5,0.15638401559454101,15,36,7,0.181578947368421,21,1
60,"(0,6)",,False,36,"[13, 0, 11, 6, 19]",4,0.11111111111111101,13,36,7,0.21218323586744603,23,1
61,"(0,6)",,False,36,"[13, 0, 11, 6, 19]",4,0.11111111111111101,13,36,7,0.21218323586744603,23,1
62,"(2,7)",,False,38,"[2, 15, 10, 9, 7]",5,0.107894736842105,11,36,7,0.18172514619883,25,1
63,"(2,7)",,False,38,"[2, 15, 10, 9, 7]",5,0.107894736842105,11,36,7,0.18172514619883,25,1
64,"(0,7)",,False,38,"[0, 18, 17, 8, 7]",5,0.120077972709551,9,36,7,0.162085769980506,27,1
65,"(0,7)",,False,38,"[0, 18, 17, 8, 7]",5,0.120077972709551,9,36,7,0.162085769980506,27,1
66,"(10,9)",,False,38,"[7, 10, 17, 9, 0]",5,0.13814165042235202,7,36,7,0.190448343079922,29,1
67,"(10,9)",,False,38,"[7, 10, 17, 9, 0]",5,0.13814165042235202,7,36,7,0.190448343079922,29,1
68,"(3,15)",,False,38,"[4, 2, 7, 3, 15]",5,0.14593892137751702,5,36,7,0.254191033138401,31,1
69,"(3,15)",,False,38,"[4, 2, 7, 3, 15]",5,0.14593892137751702,5,36,7,0.254191033138401,31,1
70,"(2,0)",,False,38,"[7, 4, 2, 0, 15]",4,0.063742690058479,3,36,7,0.20536062378167602,33,1
71,"(2,0)",,False,38,"[7, 4, 2, 0, 15]",4,0.063742690058479,3,36,7,0.20536062378167602,33,1
72,"(12,1)",,False,40,"[2, 3, 12, 10, 1]",5,0.08500417710944001,1,36,8,0.22556390977443602,35,1
73,"(12,1)",,False,40,"[2, 3, 12, 10, 1]",5,0.08500417710944001,1,36,8,0.22556390977443602,35,1
74,"(0,5)",,False,40,"[8, 0, 5, 11, 14]",5,0.09561403508771901,-1,36,8,0.22358674463937603,37,1
75,"(0,5)",,False,40,"[8, 0, 5, 11, 14]",5,0.09561403508771901,-1,36,8,0.22358674463937603,37,1
76,"(3,11)",,False,40,"[10, 3, 17, 11, 14]",5,0.085380116959064,-3,36,7,0.190448343079922,39,1
77,"(3,11)",,False,40,"[10, 3, 17, 11, 14]",5,0.085380116959064,-3,36,7,0.190448343079922,39,1
78,"(18,8)",,False,40,"[11, 18, 8, 9, 10]",6,0.11120857699805001,-5,36,7,0.19103313840155903,41,1
79,"(18,8)",,False,40,"[11, 18, 8, 9, 10]",6,0.11120857699805001,-5,36,7,0.19103313840155903,41,1
80,"(8,5)",,False,40,"[0, 8, 16, 9, 5]",7,0.170175438596491,-7,36,7,0.19477861319966502,43,1
81,"(8,5)",,False,40,"[0, 8, 16, 9, 5]",7,0.170175438596491,-7,36,7,0.19477861319966502,43,1
82,"(14,1)",,False,42,"[9, 14, 1, 5, 8]",7,0.14600389863547703,-9,36,8,0.24136730715678,45,1
83,"(14,1)",,False,42,"[9, 14, 1, 5, 8]",7,0.14600389863547703,-9,36,8,0.24136730715678,45,1
84,"(16,18)",,False,42,"[16, 18, 10, 14, 11]",7,0.138429406850459,-11,36,8,0.26282372598162,47,1
85,"(16,18)",,False,42,"[16, 18, 10, 14, 11]",7,0.138429406850459,-11,36,8,0.26282372598162,47,1
86,"(13,19)",,False,44,"[13, 19, 10, 0, 16]",7,0.120774157616262,-13,36,8,0.23841548315232503,49,1
87,"(13,19)",,False,44,"[13, 19, 10, 0, 16]",7,0.120774157616262,-13,36,8,0.23841548315232503,49,1
88,"(5,13)",,False,44,"[5, 12, 8, 19, 13]",7,0.097089947089947,-15,36,8,0.24954747981063702,51,1
89,"(5,13)",,False,44,"[5, 12, 8, 19, 13]",7,0.097089947089947,-15,36,8,0.24954747981063702,51,1
90,"(19,7)",,False,46,"[19, 16, 2, 7, 13]",7,0.081551099972152,-17,36,8,0.20308409913673,53,1
91,"(19,7)",,False,46,"[19, 16, 2, 7, 13]",7,0.081551099972152,-17,36,8,0.20308409913673,53,1
92,"(19,1)",,False,46,"[19, 1, 13, 14, 11]",7,0.09406850459482001,-19,36,9,0.23138401559454103,55,1
93,"(19,1)",,False,46,"[19, 1, 13, 14, 11]",7,0.09406850459482001,-19,36,9,0.23138401559454103,55,1
94,"(3,0)",,False,46,"[15, 5, 3, 13, 0]",6,0.056725146198830005,-21,36,9,0.203745474798106,57,1
95,"(3,0)",,False,46,"[15, 5, 3, 13, 0]",6,0.056725146198830005,-21,36,9,0.203745474798106,57,1
96,"(19,2)",,False,48,"[6, 19, 9, 2, 16]",6,0.05584795321637401,-23,36,9,0.181599832915622,59,1
97,"(19,2)",,False,48,"[6, 19, 9, 2, 16]",6,0.05584795321637401,-23,36,9,0.181599832915622,59,1
98,"(1,2)",,False,50,"[14, 1, 7, 11, 2]",6,0.054970760233918003,-25,36,10,0.17925368978000503,61,1
99,"(1,2)",,False,50,"[14, 1, 7, 11, 2]",6,0.054970760233918003,-25,36,10,0.17925368978000503,61,1
100,"(5,9)",,False,51,"[5, 8, 14, 19, 9]",6,0.047479810637705004,-27,36,10,0.16899192425508203,63,1
101,"(5,9)",,False,51,"[5, 8, 14, 19, 9]",6,0.047479810637705004,-27,36,10,0.16899192425508203,63,1
102,"(12,10)",,False,51,"[12, 7, 14, 10, 0]",7,0.06581732108047801,-29,36,10,0.186897800055694,65,1
103,"(12,10)",,False,51,"[12, 7, 14, 10, 0]",7,0.06581732108047801,-29,36,10,0.186897800055694,65,1
104,"(15,0)",,False,49,"[15, 6, 10, 7, 0]",6,0.051624431448992,-31,36,9,0.167153996101364,67,1
105,"(15,0)",,False,49,"[15, 6, 10, 7, 0]",6,0.051624431448992,-31,36,9,0.167153996101364,67,1
106,"(18,14)",,False,49,"[10, 8, 18, 14, 11]",6,0.06824932702125601,-33,36,9,0.173656363130047,69,1
107,"(18,14)",,False,49,"[10, 8, 18, 14, 11]",6,0.06824932702125601,-33,36,9,0.173656363130047,69,1
108,"(14,12)",,False,49,"[18, 6, 14, 12, 17]",6,0.064571150097465,-35,36,9,0.167641325536062,71,1
109,"(14,12)",,False,49,"[18, 6, 14, 12, 17]",6,0.064571150097465,-35,36,9,0.167641325536062,71,1
110,"(17,0)",,False,47,"[17, 0, 12, 16, 6]",5,0.036890838206627,-37,36,8,0.10994152046783601,73,1
111,"(17,0)",,False,47,"[17, 0, 12, 16, 6]",5,0.036890838206627,-37,36,8,0.10994152046783601,73,1
112,"(16,1)",,False,49,"[16, 11, 1, 15, 7]",6,0.08630604288499001,-39,36,9,0.143762183235867,75,1
113,"(16,1)",,False,49,"[16, 11, 1, 15, 7]",6,0.08630604288499001,-39,36,9,0.143762183235867,75,1
114,"(14,1)",,False,49,"[14, 4, 17, 1, 9]",6,0.067641325536062,-41,36,10,0.19941520467836202,77,1
115,"(14,1)",,False,49,"[14, 4, 17, 1, 9]",6,0.067641325536062,-41,36,10,0.19941520467836202,77,1
116,"(3,1)",,False,51,"[3, 16, 18, 1, 13]",6,0.065260373155109,-43,36,11,0.218685602896129,79,1
117,"(3,1)",,False,51,"[3, 16, 18, 1, 13]",6,0.065260373155109,-43,36,11,0.218685602896129,79,1
118,"(11,5)",,False,52,"[13, 11, 5, 9, 15]",6,0.05814536340852101,-45,36,11,0.19911584516847602,81,1
119,"(11,5)",,False,52,"[13, 11, 5, 9, 15]",6,0.05814536340852101,-45,36,11,0.19911584516847602,81,1
120,"(1,17)",,False,54,"[1, 13, 15, 17, 16]",6,0.053752436647173,-47,36,12,0.22431773879142303,83,1
121,"(1,17)",,False,54,"[1, 13, 15, 17, 16]",6,0.053752436647173,-47,36,12,0.22431773879142303,83,1
122,"(19,7)",,False,54,"[13, 18, 14, 19, 7]",7,0.06503295275225,-49,36,12,0.250438596491228,85,1
123,"(19,7)",,False,54,"[13, 18, 14, 19, 7]",7,0.06503295275225,-49,36,12,0.250438596491228,85,1
124,"(14,0)",,False,54,"[14, 17, 9, 0, 5]",6,0.039399424487143,-51,36,12,0.25578529657477,87,1
125,"(14,0)",,False,54,"[14, 17, 9, 0, 5]",6,0.039399424487143,-51,36,12,0.25578529657477,87,1
126,"(13,10)",,False,54,"[0, 13, 9, 10, 1]",7,0.069045298431263,-53,36,12,0.26654599461617,89,1
127,"(13,10)",,False,54,"[0, 13, 9, 10, 1]",7,0.069045298431263,-53,36,12,0.26654599461617,89,1
128,"(12,1)",,False,56,"[0, 15, 2, 12, 1]",7,0.055806604052218,-55,36,13,0.28682006752182104,91,1
129,"(12,1)",,False,56,"[0, 15, 2, 12, 1]",7,0.055806604052218,-55,36,13,0.28682006752182104,91,1
130,"(19,2)",,False,57,"[18, 17, 19, 2, 4]",7,0.05519943019943,-57,36,13,0.27662103977893404,93,1
131,"(19,2)",,False,57,"[18, 17, 19, 2, 4]",7,0.05519943019943,-57,36,13,0.27662103977893404,93,1
132,"(7,5)",,False,57,"[19, 18, 7, 14, 5]",7,0.05506019321808701,-59,36,13,0.27200804393786804,95,1
133,"(7,5)",,False,57,"[19, 18, 7, 14, 5]",7,0.05506019321808701,-59,36,13,0.27200804393786804,95,1
134,"(12,2)",,False,57,"[13, 12, 11, 2, 4]",7,0.053899885040235004,-61,36,13,0.269773079422202,97,1
135,"(12,2)",,False,57,"[13, 12, 11, 2, 4]",7,0.053899885040235004,-61,36,13,0.269773079422202,97,1
136,"(0,6)",,False,57,"[11, 19, 2, 0, 6]",6,0.043186670379652,-63,36,13,0.25644203100343405,99,1
137,"(0,6)",,False,57,"[11, 19, 2, 0, 6]",6,0.043186670379652,-63,36,13,0.25644203100343405,99,1
138,"(0,18)",,False,55,"[0, 12, 11, 8, 18]",5,0.022579597141000003,-65,36,12,0.221918854374994,101,1
139,"(0,18)",,False,55,"[0, 12, 11, 8, 18]",5,0.022579597141000003,-65,36,12,0.221918854374994,101,1
140,"(10,1)",,False,55,"[16, 10, 1, 17, 19]",5,0.022579597141000003,-67,36,12,0.221918854374994,103,1
141,"(10,1)",,False,55,"[16, 10, 1, 17, 19]",5,0.022579597141000003,-67,36,12,0.221918854374994,103,1
142,"(7,3)",,False,55,"[7, 18, 3, 16, 10]",5,0.022579597141000003,-69,36,12,0.22298883702392402,105,1
143,"(7,3)",,False,55,"[7, 18, 3, 16, 10]",5,0.022579597141000003,-69,36,12,0.22298883702392402,105,1
144,"(4,0)",,False,55,"[14, 4, 7, 16, 0]",4,0.009665367121507,-71,36,12,0.21756073685898203,107,1
145,"(4,0)",,False,55,"[14, 4, 7, 16, 0]",4,0.009665367121507,-71,36,12,0.21756073685898203,107,1
146,"(13,17)",,False,55,"[13, 9, 4, 17, 11]",4,0.009584145549057,-73,36,12,0.23113170130713903,109,1
147,"(13,17)",,False,55,"[13, 9, 4, 17, 11]",4,0.009584145549057,-73,36,12,0.23113170130713903,109,1
148,"(9,12)",,False,53,"[9, 17, 5, 18, 12]",4,0.009851016429963002,-75,36,11,0.20976747424115802,111,1
149,"(9,12)",,False,53,"[9, 17, 5, 18, 12]",4,0.009851016429963002,-75,36,11,0.20976747424115802,111,1
150,"(3,11)",,False,51,"[19, 3, 9, 11, 6]",4,0.010094681147312,-77,36,10,0.21788266963705502,113,1
151,"(3,11)",,False,51,"[19, 3, 9, 11, 6]",4,0.010094681147312,-77,36,10,0.21788266963705502,113,1
152,"(13,16)",,False,51,"[13, 6, 2, 14, 16]",4,0.010094681147312,-79,36,10,0.20980776857969802,115,1
153,"(13,16)",,False,51,"[13, 6, 2, 14, 16]",4,0.010094681147312,-79,36,10,0.20980776857969802,115,1
154,"(14,0)",,False,51,"[4, 9, 5, 14, 0]",3,0.0029239766081870003,-81,36,10,0.208528265107212,117,1
155,"(14,0)",,False,51,"[4, 9, 5, 14, 0]",3,0.0029239766081870003,-81,36,10,0.208528265107212,117,1
156,"(11,13)",,False,49,"[11, 7, 9, 13, 14]",3,0.005263157894736001,-83,36,9,0.17495126705653002,119,1
157,"(11,13)",,False,49,"[11, 7, 9, 13, 14]",3,0.005263157894736001,-83,36,9,0.17495126705653002,119,1
158,"(11,0)",,False,47,"[4, 11, 5, 0, 9]",2,0.0,-85,36,8,0.148489278752436,121,1
159,"(11,0)",,False,47,"[4, 11, 5, 0, 9]",2,0.0,-85,36,8,0.148489278752436,121,1
160,"(1,0)",,False,49,"[12, 18, 19, 1, 0]",3,0.0,-87,36,9,0.155506822612085,123,1
161,"(1,0)",,False,49,"[12, 18, 19, 1, 0]",3,0.0,-87,36,9,0.155506822612085,123,1
162,"(13,10)",,False,49,"[4, 7, 13, 10, 19]",3,0.0,-89,36,9,0.13515037593984902,125,1
163,"(13,10)",,False,49,"[4, 7, 13, 10, 19]",3,0.0,-89,36,9,0.13515037593984902,125,1
164,"(3,5)",,False,49,"[3, 4, 5, 10, 18]",3,0.0,-91,36,9,0.165678084099136,127,1
165,"(3,5)",,False,49,"[3, 4, 5, 10, 18]",3,0.0,-91,36,9,0.165678084099136,127,1
166,"(18,13)",,False,49,"[18, 12, 6, 13, 8]",3,0.0,-93,36,9,0.164926204399888,129,1
167,"(18,13)",,False,49,"[18, 12, 6, 13, 8]",3,0.0,-93,36,9,0.164926204399888,129,1
168,"(13,19)",,False,47,"[13, 2, 8, 6, 19]",3,0.0,-95,36,8,0.11514898357003601,131,1
169,"(13,19)",,False,47,"[13, 2, 8, 6, 19]",3,0.0,-95,36,8,0.11514898357003601,131,1
170,"(16,11)",,False,47,"[16, 11, 19, 4, 6]",4,0.054580896686159,-97,36,8,0.115329991645781,133,1
171,"(16,11)",,False,47,"[16, 11, 19, 4, 6]",4,0.054580896686159,-97,36,8,0.115329991645781,133,1
172,"(1,3)",,False,49,"[12, 17, 1, 8, 3]",5,0.025623190974068,-99,36,9,0.13672902795709801,135,1
173,"(1,3)",,False,49,"[12, 17, 1, 8, 3]",5,0.025623190974068,-99,36,9,0.13672902795709801,135,1
174,"(0,3)",,False,49,"[11, 1, 0, 9, 3]",4,0.005766731643924001,-101,36,9,0.149883969182214,137,1
175,"(0,3)",,False,49,"[11, 1, 0, 9, 3]",4,0.005766731643924001,-101,36,9,0.149883969182214,137,1
176,"(2,1)",,False,49,"[4, 17, 2, 5, 1]",4,0.013645224171539001,-103,36,9,0.172936972059779,139,1
177,"(2,1)",,False,49,"[4, 17, 2, 5, 1]",4,0.013645224171539001,-103,36,9,0.172936972059779,139,1
178,"(4,11)",,False,49,"[18, 2, 4, 11, 19]",4,0.014538661468486001,-105,36,9,0.17356817970853,141,1
179,"(4,11)",,False,49,"[18, 2, 4, 11, 19]",4,0.014538661468486001,-105,36,9,0.17356817970853,141,1
180,"(15,4)",,False,51,"[5, 8, 15, 4, 3]",4,0.012508122157244,-107,36,9,0.161456882948111,143,1
181,"(15,4)",,False,51,"[5, 8, 15, 4, 3]",4,0.012508122157244,-107,36,9,0.161456882948111,143,1
182,"(11,5)",,False,51,"[11, 5, 15, 19, 7]",4,0.011800334168755,-109,36,9,0.16604010025062602,145,1
183,"(11,5)",,False,51,"[11, 5, 15, 19, 7]",4,0.011800334168755,-109,36,9,0.16604010025062602,145,1
184,"(12,0)",,False,51,"[12, 8, 14, 7, 0]",3,0.009502923976608001,-111,36,9,0.16649262043998803,147,1
185,"(12,0)",,False,51,"[12, 8, 14, 7, 0]",3,0.009502923976608001,-111,36,9,0.16649262043998803,147,1
186,"(15,17)",,False,51,"[3, 19, 15, 4, 17]",4,0.021498189919242003,-113,36,9,0.166388192703982,149,1
187,"(15,17)",,False,51,"[3, 19, 15, 4, 17]",4,0.021498189919242003,-113,36,9,0.166388192703982,149,1
188,"(10,5)",,False,49,"[10, 17, 5, 6, 7]",4,0.020328599275967002,-115,36,8,0.133479532163742,151,1
189,"(10,5)",,False,49,"[10, 17, 5, 6, 7]",4,0.020328599275967002,-115,36,8,0.133479532163742,151,1
190,"(2,15)",,False,47,"[2, 17, 18, 16, 15]",4,0.026176552492341004,-117,36,7,0.12475633528265101,153,1
191,"(2,15)",,False,47,"[2, 17, 18, 16, 15]",4,0.026176552492341004,-117,36,7,0.12475633528265101,153,1
192,"(10,9)",,False,47,"[10, 5, 17, 3, 9]",4,0.028811344600818002,-119,36,7,0.123918771287192,155,1
193,"(10,9)",,False,47,"[10, 5, 17, 3, 9]",4,0.028811344600818002,-119,36,7,0.123918771287192,155,1
194,"(0,10)",,False,47,"[12, 19, 0, 8, 10]",3,0.017404622667780003,-121,36,7,0.131300473405736,157,1
195,"(0,10)",,False,47,"[12, 19, 0, 8, 10]",3,0.017404622667780003,-121,36,7,0.131300473405736,157,1
196,"(7,1)",,False,49,"[11, 15, 7, 1, 5]",4,0.06693121693121601,-123,36,8,0.15279866332497902,159,1
197,"(7,1)",,False,49,"[11, 15, 7, 1, 5]",4,0.06693121693121601,-123,36,8,0.15279866332497902,159,1
198,"(14,5)",,False,51,"[14, 4, 6, 13, 5]",4,0.053644211538948,-125,36,8,0.13995215311004702,161,1
199,"(14,5)",,False,51,"[14, 4, 6, 13, 5]",4,0.053644211538948,-125,36,8,0.13995215311004702,161,1
200,"(0,13)",,False,51,"[0, 5, 11, 6, 13]",3,0.031849193691298,-127,36,8,0.141642405677493,163,1
201,"(0,13)",,False,51,"[0, 5, 11, 6, 13]",3,0.031849193691298,-127,36,8,0.141642405677493,163,1
202,"(0,6)",,False,51,"[9, 0, 15, 14, 6]",2,0.009152932837143002,-129,36,8,0.158239031923242,165,1
203,"(0,6)",,False,51,"[9, 0, 15, 14, 6]",2,0.009152932837143002,-129,36,8,0.158239031923242,165,1
204,"(10,17)",,False,51,"[10, 14, 0, 13, 17]",2,0.009152932837143002,-131,36,8,0.169795701374648,167,1
205,"(10,17)",,False,51,"[10, 14, 0, 13, 17]",2,0.009152932837143002,-131,36,8,0.169795701374648,167,1
206,"(7,10)",,False,51,"[15, 16, 7, 10, 2]",3,0.031481481481481,-133,36,8,0.12911445279866302,169,1
207,"(7,10)",,False,51,"[15, 16, 7, 10, 2]",3,0.031481481481481,-133,36,8,0.12911445279866302,169,1
208,"(14,2)",,False,51,"[15, 14, 2, 6, 17]",3,0.014550264550264001,-135,36,7,0.114759120022277,171,1
209,"(14,2)",,False,51,"[15, 14, 2, 6, 17]",3,0.014550264550264001,-135,36,7,0.114759120022277,171,1
210,"(1,14)",,False,53,"[1, 16, 9, 14, 10]",3,0.012726260094681,-137,36,8,0.11685231597512201,173,1
211,"(1,14)",,False,53,"[1, 16, 9, 14, 10]",3,0.012726260094681,-137,36,8,0.11685231597512201,173,1
212,"(19,7)",,False,53,"[13, 12, 19, 0, 7]",3,0.012693771465701002,-139,36,8,0.119131161236424,175,1
213,"(19,7)",,False,53,"[13, 12, 19, 0, 7]",3,0.012693771465701002,-139,36,8,0.119131161236424,175,1
214,"(6,13)",,False,54,"[6, 9, 13, 7, 17]",3,0.009356725146198001,-141,36,8,0.102436647173489,177,1
215,"(6,13)",,False,54,"[6, 9, 13, 7, 17]",3,0.009356725146198001,-141,36,8,0.102436647173489,177,1
216,"(3,6)",,False,54,"[12, 3, 6, 4, 16]",2,0.005936558568137001,-143,36,7,0.07148511008160101,179,1
217,"(3,6)",,False,54,"[12, 3, 6, 4, 16]",2,0.005936558568137001,-143,36,7,0.07148511008160101,179,1
218,"(1,17)",,False,56,"[6, 1, 17, 2, 15]",2,0.005404926457558,-145,36,8,0.110452477996337,181,1
219,"(1,17)",,False,56,"[6, 1, 17, 2, 15]",2,0.005404926457558,-145,36,8,0.110452477996337,181,1
220,"(3,7)",,False,56,"[2, 17, 3, 6, 7]",2,0.0062403483456110005,-147,36,8,0.10036127777355801,183,1
221,"(3,7)",,False,56,"[2, 17, 3, 6, 7]",2,0.0062403483456110005,-147,36,8,0.10036127777355801,183,1
222,"(5,10)",,False,56,"[7, 5, 10, 11, 18]",2,0.005708716235032001,-149,36,8,0.10727249521109102,185,1
223,"(5,10)",,False,56,"[7, 5, 10, 11, 18]",2,0.005708716235032001,-149,36,8,0.10727249521109102,185,1
224,"(8,9)",,False,56,"[8, 9, 11, 10, 1]",2,0.005604288499025001,-151,36,8,0.10663410663410601,187,1
225,"(8,9)",,False,56,"[8, 9, 11, 10, 1]",2,0.005604288499025001,-151,36,8,0.10663410663410601,187,1
226,"(4,15)",,False,56,"[2, 4, 3, 18, 15]",3,0.011069340016708,-153,36,8,0.10390506179979801,189,1
227,"(4,15)",,False,56,"[2, 4, 3, 18, 15]",3,0.011069340016708,-153,36,8,0.10390506179979801,189,1
228,"(12,2)",,False,58,"[6, 12, 3, 16, 2]",4,0.017362851573377,-155,36,8,0.08886746781483601,191,1
229,"(12,2)",,False,58,"[6, 12, 3, 16, 2]",4,0.017362851573377,-155,36,8,0.08886746781483601,191,1
230,"(0,17)",,False,56,"[14, 7, 0, 17, 11]",3,0.009421702404158001,-157,36,8,0.09886611114681201,193,1
231,"(0,17)",,False,56,"[14, 7, 0, 17, 11]",3,0.009421702404158001,-157,36,8,0.09886611114681201,193,1
232,"(2,1)",,False,58,"[11, 2, 1, 18, 15]",3,0.007797270955165,-159,36,9,0.11629072681704201,195,1
233,"(2,1)",,False,58,"[11, 2, 1, 18, 15]",3,0.007797270955165,-159,36,9,0.11629072681704201,195,1
234,"(15,9)",,False,55,"[15, 18, 11, 7, 9]",3,0.007797270955165,-161,36,7,0.05736880078985301,197,1
235,"(15,9)",,False,55,"[15, 18, 11, 7, 9]",3,0.007797270955165,-161,36,7,0.05736880078985301,197,1
236,"(1,17)",,False,57,"[1, 16, 14, 18, 17]",3,0.007797270955165,-163,36,8,0.074327913801598,199,1
237,"(1,17)",,False,57,"[1, 16, 14, 18, 17]",3,0.007797270955165,-163,36,8,0.074327913801598,199,1
238,"(1,12)",,False,59,"[1, 0, 10, 12, 9]",4,0.022147962498839,-165,36,9,0.096494441231283,201,1
239,"(1,12)",,False,59,"[1, 0, 10, 12, 9]",4,0.022147962498839,-165,36,9,0.096494441231283,201,1
240,"(1,17)",,False,59,"[15, 1, 14, 17, 12]",4,0.022147962498839,-167,36,9,0.096494441231283,203,1
241,"(1,17)",,False,59,"[15, 1, 14, 17, 12]",4,0.022147962498839,-167,36,9,0.096494441231283,203,1
242,"(18,9)",,False,59,"[18, 2, 5, 19, 9]",4,0.021052631578947,-169,36,9,0.094572922204501,205,1
243,"(18,9)",,False,59,"[18, 2, 5, 19, 9]",4,0.021052631578947,-169,36,9,0.094572922204501,205,1
244,"(12,0)",,False,60,"[13, 5, 12, 0, 2]",3,0.010396361273554,-171,36,9,0.06170983013088201,207,1
245,"(12,0)",,False,60,"[13, 5, 12, 0, 2]",3,0.010396361273554,-171,36,9,0.06170983013088201,207,1
246,"(2,7)",,False,60,"[4, 13, 2, 7, 16]",3,0.011313004734057,-173,36,9,0.06696602617655201,209,1
247,"(2,7)",,False,60,"[4, 13, 2, 7, 16]",3,0.011313004734057,-173,36,9,0.06696602617655201,209,1
248,"(6,2)",,False,60,"[6, 9, 2, 13, 4]",3,0.008721298194982,-175,36,8,0.052847396268448005,211,1
249,"(6,2)",,False,60,"[6, 9, 2, 13, 4]",3,0.008721298194982,-175,36,8,0.052847396268448005,211,1
250,"(12,13)",,False,60,"[7, 5, 12, 19, 13]",4,0.015789473684210003,-177,36,8,0.048872180451127005,213,1
251,"(12,13)",,False,60,"[7, 5, 12, 19, 13]",4,0.015789473684210003,-177,36,8,0.048872180451127005,213,1
252,"(12,9)",,False,58,"[12, 9, 14, 7, 11]",4,0.016081871345029003,-179,36,7,0.051782233361180006,215,1
253,"(12,9)",,False,58,"[12, 9, 14, 7, 11]",4,0.016081871345029003,-179,36,7,0.051782233361180006,215,1
254,"(4,17)",,False,58,"[4, 18, 19, 8, 17]",4,0.014655325181640002,-181,36,6,0.039640768588137004,217,1
255,"(4,17)",,False,58,"[4, 18, 19, 8, 17]",4,0.014655325181640002,-181,36,6,0.039640768588137004,217,1
256,"(16,10)",,False,56,"[16, 8, 10, 9, 13]",4,0.014655325181640002,-183,36,6,0.040745381973452004,219,1
257,"(16,10)",,False,56,"[16, 8, 10, 9, 13]",4,0.014655325181640002,-183,36,6,0.040745381973452004,219,1
258,"(17,2)",,False,54,"[19, 17, 3, 4, 2]",4,0.021572449642625002,-185,36,5,0.041569200779727006,221,1
259,"(17,2)",,False,54,"[19, 17, 3, 4, 2]",4,0.021572449642625002,-185,36,5,0.041569200779727006,221,1
260,"(12,2)",,False,54,"[5, 12, 3, 2, 0]",4,0.016309291747888,-187,36,5,0.049366471734892,223,1
261,"(12,2)",,False,54,"[5, 12, 3, 2, 0]",4,0.016309291747888,-187,36,5,0.049366471734892,223,1
262,"(16,11)",,False,54,"[18, 16, 15, 11, 14]",4,0.015037593984962001,-189,36,4,0.035477582846003004,225,1
263,"(16,11)",,False,54,"[18, 16, 15, 11, 14]",4,0.015037593984962001,-189,36,4,0.035477582846003004,225,1
264,"(4,7)",,False,54,"[13, 11, 4, 18, 7]",4,0.014828738512949002,-191,36,4,0.019298245614035002,227,1
265,"(4,7)",,False,54,"[13, 11, 4, 18, 7]",4,0.014828738512949002,-191,36,4,0.019298245614035002,227,1
266,"(1,13)",,False,56,"[10, 0, 1, 13, 11]",4,0.014165042235217001,-191,37,5,0.030409356725146,228,1
267,"(1,13)",,False,56,"[10, 0, 1, 13, 11]",4,0.014165042235217001,-191,37,5,0.030409356725146,228,1
268,"(6,15)",,False,58,"[9, 0, 6, 7, 15]",4,0.014035087719298001,-193,37,5,0.025438596491228004,230,1
269,"(6,15)",,False,58,"[9, 0, 6, 7, 15]",4,0.014035087719298001,-193,37,5,0.025438596491228004,230,1
270,"(11,17)",,False,60,"[11, 17, 8, 15, 4]",5,0.023090132739255,-193,38,5,0.025178687459389,231,1
271,"(11,17)",,False,60,"[11, 17, 8, 15, 4]",5,0.023090132739255,-193,38,5,0.025178687459389,231,1
272,"(19,4)",,False,60,"[8, 3, 19, 4, 7]",5,0.023953402023577004,-193,39,5,0.025174046226677002,232,1
273,"(19,4)",,False,60,"[8, 3, 19, 4, 7]",5,0.023953402023577004,-193,39,5,0.025174046226677002,232,1
274,"(18,10)",,False,60,"[18, 6, 13, 10, 19]",5,0.019113440166071003,-193,40,5,0.024849159936879,233,1
275,"(18,10)",,False,60,"[18, 6, 13, 10, 19]",5,0.019113440166071003,-193,40,5,0.024849159936879,233,1
276,"(0,2)",,False,60,"[0, 1, 19, 8, 2]",4,0.009746588693957,-195,40,5,0.021199463304726003,235,1
277,"(0,2)",,False,60,"[0, 1, 19, 8, 2]",4,0.009746588693957,-195,40,5,0.021199463304726003,235,1
278,"(17,4)",,False,60,"[17, 7, 11, 6, 4]",4,0.009721272879167001,-197,40,5,0.020096537640397,237,1
279,"(17,4)",,False,60,"[17, 7, 11, 6, 4]",4,0.009721272879167001,-197,40,5,0.020096537640397,237,1
280,"(18,0)",,False,60,"[18, 0, 11, 2, 3]",3,0.005404926457558,-199,40,5,0.012949039264828,239,1
281,"(18,0)",,False,60,"[18, 0, 11, 2, 3]",3,0.005404926457558,-199,40,5,0.012949039264828,239,1
282,"(5,2)",,False,62,"[5, 2, 6, 19, 12]",3,0.003898635477582,-201,40,5,0.012357282094124001,241,1
283,"(5,2)",,False,62,"[5, 2, 6, 19, 12]",3,0.003898635477582,-201,40,5,0.012357282094124001,241,1
284,"(17,16)",,False,64,"[8, 15, 19, 17, 16]",3,0.003118908382066,-203,40,5,0.01058201058201,243,1
285,"(17,16)",,False,64,"[8, 15, 19, 17, 16]",3,0.003118908382066,-203,40,5,0.01058201058201,243,1
286,"(11,0)",,False,62,"[11, 18, 3, 0, 7]",2,0.0011695906432740001,-205,40,4,0.005360623781676,245,1
287,"(11,0)",,False,62,"[11, 18, 3, 0, 7]",2,0.0011695906432740001,-205,40,4,0.005360623781676,245,1
288,"(1,11)",,False,62,"[1, 14, 11, 17, 2]",2,0.0018193632228710001,-207,40,5,0.013575605680868002,247,1
289,"(1,11)",,False,62,"[1, 14, 11, 17, 2]",2,0.0018193632228710001,-207,40,5,0.013575605680868002,247,1
290,"(15,1)",,False,62,"[15, 14, 1, 16, 12]",2,0.0018193632228710001,-209,40,5,0.014717348927875,249,1
291,"(15,1)",,False,62,"[15, 14, 1, 16, 12]",2,0.0018193632228710001,-209,40,5,0.014717348927875,249,1
292,"(1,9)",,False,64,"[1, 12, 9, 4, 15]",2,0.0017543859649120001,-211,40,6,0.029342295131768004,251,1
293,"(1,9)",,False,64,"[1, 12, 9, 4, 15]",2,0.0017543859649120001,-211,40,6,0.029342295131768004,251,1
294,"(2,19)",,False,64,"[15, 9, 2, 19, 14]",2,0.0017543859649120001,-213,40,6,0.02604588394062,253,1
295,"(2,19)",,False,64,"[15, 9, 2, 19, 14]",2,0.0017543859649120001,-213,40,6,0.02604588394062,253,1
296,"(10,15)",,False,64,"[6, 10, 15, 4, 5]",2,0.0011695906432740001,-215,40,6,0.028306878306878003,255,1
297,"(10,15)",,False,64,"[6, 10, 15, 4, 5]",2,0.0011695906432740001,-215,40,6,0.028306878306878003,255,1
298,"(5,1)",,False,66,"[14, 5, 4, 1, 17]",2,0.0011695906432740001,-217,40,7,0.036004784688995005,257,1
299,"(5,1)",,False,66,"[14, 5, 4, 1, 17]",2,0.0011695906432740001,-217,40,7,0.036004784688995005,257,1
300,"(13,4)",,False,66,"[6, 5, 13, 4, 9]",2,0.0011695906432740001,-219,40,7,0.034788965166539,259,1
301,"(13,4)",,False,66,"[6, 5, 13, 4, 9]",2,0.0011695906432740001,-219,40,7,0.034788965166539,259,1
302,"(18,10)",,False,66,"[3, 7, 4, 18, 10]",3,0.003049289891395,-221,40,7,0.035663654084706,261,1
303,"(18,10)",,False,66,"[3, 7, 4, 18, 10]",3,0.003049289891395,-221,40,7,0.035663654084706,261,1
304,"(1,12)",,False,68,"[9, 13, 1, 12, 11]",3,0.002997076023391,-223,40,8,0.0453623374676,263,1
305,"(1,12)",,False,68,"[9, 13, 1, 12, 11]",3,0.002997076023391,-223,40,8,0.0453623374676,263,1
306,"(5,7)",,False,68,"[5, 7, 18, 4, 19]",3,0.0009746588693950001,-225,40,7,0.030952380952380003,265,1
307,"(5,7)",,False,68,"[5, 7, 18, 4, 19]",3,0.0009746588693950001,-225,40,7,0.030952380952380003,265,1
308,"(3,1)",,False,70,"[9, 17, 14, 3, 1]",4,0.008771929824561,-227,40,8,0.035152696556205,267,1
309,"(3,1)",,False,70,"[9, 17, 14, 3, 1]",4,0.008771929824561,-227,40,8,0.035152696556205,267,1
310,"(5,3)",,False,70,"[5, 18, 3, 6, 10]",4,0.00896686159844,-229,40,8,0.038645224171539004,269,1
311,"(5,3)",,False,70,"[5, 18, 3, 6, 10]",4,0.00896686159844,-229,40,8,0.038645224171539004,269,1
312,"(8,9)",,False,70,"[15, 8, 9, 6, 16]",4,0.00896686159844,-231,40,8,0.040237166991552005,271,1
313,"(8,9)",,False,70,"[15, 8, 9, 6, 16]",4,0.00896686159844,-231,40,8,0.040237166991552005,271,1
314,"(0,5)",,False,70,"[18, 9, 0, 19, 5]",3,0.005847953216374001,-233,40,8,0.034502923976608,273,1
315,"(0,5)",,False,70,"[18, 9, 0, 19, 5]",3,0.005847953216374001,-233,40,8,0.034502923976608,273,1
316,"(3,13)",,False,68,"[5, 3, 17, 19, 13]",3,0.005847953216374001,-235,40,7,0.025048732943469,275,1
317,"(3,13)",,False,68,"[5, 3, 17, 19, 13]",3,0.005847953216374001,-235,40,7,0.025048732943469,275,1
318,"(17,9)",,False,66,"[17, 5, 9, 19, 14]",3,0.008771929824561,-237,40,7,0.031998978928803004,277,1
319,"(17,9)",,False,66,"[17, 5, 9, 19, 14]",3,0.008771929824561,-237,40,7,0.031998978928803004,277,1
320,"(3,12)",,False,66,"[3, 12, 6, 18, 19]",4,0.023066926575698,-239,40,7,0.034298709737306005,279,1
321,"(3,12)",,False,66,"[3, 12, 6, 18, 19]",4,0.023066926575698,-239,40,7,0.034298709737306005,279,1
322,"(18,1)",,False,68,"[18, 15, 16, 1, 12]",4,0.022287199480181003,-241,40,8,0.044314489928525005,281,1
323,"(18,1)",,False,68,"[18, 15, 16, 1, 12]",4,0.022287199480181003,-241,40,8,0.044314489928525005,281,1
324,"(4,16)",,False,68,"[5, 4, 6, 16, 13]",4,0.022830645637663002,-243,40,7,0.029815700868332,283,1
325,"(4,16)",,False,68,"[5, 4, 6, 16, 13]",4,0.022830645637663002,-243,40,7,0.029815700868332,283,1
326,"(15,8)",,False,68,"[15, 16, 18, 8, 3]",4,0.021937208340717003,-245,40,7,0.029978144013231,285,1
327,"(15,8)",,False,68,"[15, 16, 18, 8, 3]",4,0.021937208340717003,-245,40,7,0.029978144013231,285,1
328,"(0,17)",,False,68,"[0, 2, 3, 17, 14]",3,0.015719498175638003,-247,40,7,0.029294746838606,287,1
329,"(0,17)",,False,68,"[0, 2, 3, 17, 14]",3,0.015719498175638003,-247,40,7,0.029294746838606,287,1
330,"(10,2)",,False,68,"[10, 17, 15, 11, 2]",3,0.015719498175638003,-249,40,7,0.031877592842505,289,1
331,"(10,2)",,False,68,"[10, 17, 15, 11, 2]",3,0.015719498175638003,-249,40,7,0.031877592842505,289,1
332,"(9,0)",,False,68,"[9, 6, 16, 0, 15]",2,0.0029239766081870003,-251,40,7,0.028125870231133002,291,1
333,"(9,0)",,False,68,"[9, 6, 16, 0, 15]",2,0.0029239766081870003,-251,40,7,0.028125870231133002,291,1
334,"(17,12)",,False,68,"[17, 12, 4, 18, 15]",2,0.0029239766081870003,-253,40,7,0.027487911698438002,293,1
335,"(17,12)",,False,68,"[17, 12, 4, 18, 15]",2,0.0029239766081870003,-253,40,7,0.027487911698438002,293,1
336,"(9,2)",,False,68,"[9, 2, 13, 19, 17]",2,0.0029239766081870003,-255,40,7,0.031776410723779,295,1
337,"(9,2)",,False,68,"[9, 2, 13, 19, 17]",2,0.0029239766081870003,-255,40,7,0.031776410723779,295,1
338,"(7,6)",,False,70,"[3, 7, 8, 6, 9]",2,0.001949317738791,-257,40,7,0.028895600825425003,297,1
339,"(7,6)",,False,70,"[3, 7, 8, 6, 9]",2,0.001949317738791,-257,40,7,0.028895600825425003,297,1
340,"(1,6)",,False,72,"[16, 1, 19, 6, 14]",3,0.003898635477582,-259,40,8,0.042411292411292004,299,1
341,"(1,6)",,False,72,"[16, 1, 19, 6, 14]",3,0.003898635477582,-259,40,8,0.042411292411292004,299,1
342,"(1,15)",,False,72,"[7, 14, 1, 15, 18]",3,0.003898635477582,-261,40,8,0.039928778938066005,301,1
343,"(1,15)",,False,72,"[7, 14, 1, 15, 18]",3,0.003898635477582,-261,40,8,0.039928778938066005,301,1
344,"(1,7)",,False,74,"[9, 6, 17, 1, 7]",3,0.0034113060428840004,-263,40,9,0.050919932034483,303,1
345,"(1,7)",,False,74,"[9, 6, 17, 1, 7]",3,0.0034113060428840004,-263,40,9,0.050919932034483,303,1
346,"(16,1)",,False,76,"[17, 16, 3, 7, 1]",3,0.0034113060428840004,-265,40,10,0.05927024806023701,305,1
347,"(16,1)",,False,76,"[17, 16, 3, 7, 1]",3,0.0034113060428840004,-265,40,10,0.05927024806023701,305,1
348,"(15,13)",,False,76,"[15, 8, 13, 19, 10]",3,0.004385964912280001,-267,40,10,0.06428161908038,307,1
349,"(15,13)",,False,76,"[15, 8, 13, 19, 10]",3,0.004385964912280001,-267,40,10,0.06428161908038,307,1
350,"(17,13)",,False,74,"[9, 17, 7, 4, 13]",3,0.004385964912280001,-269,40,9,0.040755632396499,309,1
351,"(17,13)",,False,74,"[9, 17, 7, 4, 13]",3,0.004385964912280001,-269,40,9,0.040755632396499,309,1
352,"(1,0)",,False,77,"[18, 1, 15, 8, 0]",4,0.005360623781676,-271,40,10,0.061111111111111005,311,1
353,"(1,0)",,False,77,"[18, 1, 15, 8, 0]",4,0.005360623781676,-271,40,10,0.061111111111111005,311,1
354,"(1,0)",,False,77,"[1, 0, 7, 2, 4]",4,0.005360623781676,-273,40,10,0.061111111111111005,313,1
355,"(1,0)",,False,77,"[1, 0, 7, 2, 4]",4,0.005360623781676,-273,40,10,0.061111111111111005,313,1
356,"(13,3)",,False,77,"[12, 13, 10, 2, 3]",4,0.005360623781676,-275,40,10,0.06192332683560701,315,1
357,"(13,3)",,False,77,"[12, 13, 10, 2, 3]",4,0.005360623781676,-275,40,10,0.06192332683560701,315,1
358,"(10,12)",,False,75,"[10, 8, 12, 16, 14]",4,0.005555555555555001,-277,40,9,0.05513615689054201,317,1
359,"(10,12)",,False,75,"[10, 8, 12, 16, 14]",4,0.005555555555555001,-277,40,9,0.05513615689054201,317,1
360,"(5,12)",,False,75,"[16, 17, 5, 12, 2]",4,0.005821371610845,-279,40,9,0.054188079626676,319,1
361,"(5,12)",,False,75,"[16, 17, 5, 12, 2]",4,0.005821371610845,-279,40,9,0.054188079626676,319,1
362,"(1,14)",,False,75,"[1, 15, 4, 14, 5]",4,0.0061264271790580005,-281,40,9,0.053528840093937005,321,1
363,"(1,14)",,False,75,"[1, 15, 4, 14, 5]",4,0.0061264271790580005,-281,40,9,0.053528840093937005,321,1
364,"(7,16)",,False,75,"[17, 7, 16, 8, 5]",5,0.010765550239234001,-283,40,9,0.051010500733492004,323,1
365,"(7,16)",,False,75,"[17, 7, 16, 8, 5]",5,0.010765550239234001,-283,40,9,0.051010500733492004,323,1
366,"(13,15)",,False,75,"[12, 13, 17, 15, 9]",5,0.010765550239234001,-285,40,9,0.054909418067312005,325,1
367,"(13,15)",,False,75,"[12, 13, 17, 15, 9]",5,0.010765550239234001,-285,40,9,0.054909418067312005,325,1
368,"(13,8)",,False,75,"[14, 6, 13, 8, 19]",5,0.010790866054023001,-287,40,9,0.05491506544138101,327,1
369,"(13,8)",,False,75,"[14, 6, 13, 8, 19]",5,0.010790866054023001,-287,40,9,0.05491506544138101,327,1
370,"(7,14)",,False,75,"[10, 13, 7, 14, 9]",6,0.018184349763297,-289,40,9,0.05686438318017201,329,1
371,"(7,14)",,False,75,"[10, 13, 7, 14, 9]",6,0.018184349763297,-289,40,9,0.05686438318017201,329,1
372,"(3,10)",,False,73,"[3, 2, 9, 11, 10]",6,0.023886104149262,-291,40,8,0.042244500139236,331,1
373,"(3,10)",,False,73,"[3, 2, 9, 11, 10]",6,0.023886104149262,-291,40,8,0.042244500139236,331,1
374,"(1,17)",,False,75,"[19, 1, 0, 17, 6]",6,0.018469785575048,-293,40,9,0.046546922862712004,333,1
375,"(1,17)",,False,75,"[19, 1, 0, 17, 6]",6,0.018469785575048,-293,40,9,0.046546922862712004,333,1
376,"(13,12)",,False,73,"[15, 13, 5, 12, 8]",6,0.018797625376572,-295,40,8,0.040249613933824,335,1
377,"(13,12)",,False,73,"[15, 13, 5, 12, 8]",6,0.018797625376572,-295,40,8,0.040249613933824,335,1
378,"(17,0)",,False,71,"[17, 6, 18, 11, 0]",5,0.014780005569479001,-297,40,7,0.02823458218195,337,1
379,"(17,0)",,False,71,"[17, 6, 18, 11, 0]",5,0.014780005569479001,-297,40,7,0.02823458218195,337,1
380,"(1,12)",,False,73,"[7, 0, 1, 12, 15]",5,0.014216728690412002,-299,40,8,0.046675400622769,339,1
381,"(1,12)",,False,73,"[7, 0, 1, 12, 15]",5,0.014216728690412002,-299,40,8,0.046675400622769,339,1
382,"(17,16)",,False,73,"[17, 9, 2, 12, 16]",5,0.014216728690412002,-301,40,8,0.044677349940507004,341,1
383,"(17,16)",,False,73,"[17, 9, 2, 12, 16]",5,0.014216728690412002,-301,40,8,0.044677349940507004,341,1
384,"(1,9)",,False,75,"[1, 7, 2, 9, 12]",6,0.023377889167362,-303,40,9,0.055499860763018,343,1
385,"(1,9)",,False,75,"[1, 7, 2, 9, 12]",6,0.023377889167362,-303,40,9,0.055499860763018,343,1
386,"(17,7)",,False,75,"[17, 7, 11, 3, 13]",6,0.023645603908761,-305,40,9,0.056649198754461005,345,1
387,"(17,7)",,False,75,"[17, 7, 11, 3, 13]",6,0.023645603908761,-305,40,9,0.056649198754461005,345,1
388,"(1,3)",,False,77,"[6, 1, 8, 5, 3]",6,0.022854273731466,-307,40,10,0.064484759879496,347,1
389,"(1,3)",,False,77,"[6, 1, 8, 5, 3]",6,0.022854273731466,-307,40,10,0.064484759879496,347,1
390,"(18,7)",,False,79,"[6, 18, 14, 4, 7]",6,0.014879792072774001,-309,40,10,0.060258284600389005,349,1
391,"(18,7)",,False,79,"[6, 18, 14, 4, 7]",6,0.014879792072774001,-309,40,10,0.060258284600389005,349,1
392,"(8,3)",,False,79,"[8, 3, 2, 7, 12]",6,0.015411424183354,-311,40,10,0.057079567605883,351,1
393,"(8,3)",,False,79,"[8, 3, 2, 7, 12]",6,0.015411424183354,-311,40,10,0.057079567605883,351,1
394,"(7,1)",,False,79,"[17, 11, 19, 7, 1]",6,0.015119026522535,-313,40,10,0.057566897040581,353,1
395,"(7,1)",,False,79,"[17, 11, 19, 7, 1]",6,0.015119026522535,-313,40,10,0.057566897040581,353,1
396,"(3,18)",,False,79,"[0, 3, 18, 14, 8]",6,0.015525134384783002,-315,40,10,0.068816401272541,355,1
397,"(3,18)",,False,79,"[0, 3, 18, 14, 8]",6,0.015525134384783002,-315,40,10,0.068816401272541,355,1
398,"(1,2)",,False,82,"[3, 0, 10, 1, 2]",6,0.013239116309291001,-317,40,11,0.076053559825489,357,1
399,"(1,2)",,False,82,"[3, 0, 10, 1, 2]",6,0.013239116309291001,-317,40,11,0.076053559825489,357,1
400,"(0,15)",,False,82,"[0, 15, 8, 2, 11]",5,0.010087719298245,-319,40,11,0.072967140072403,359,1
401,"(0,15)",,False,82,"[0, 15, 8, 2, 11]",5,0.010087719298245,-319,40,11,0.072967140072403,359,1
402,"(1,11)",,False,84,"[9, 5, 1, 11, 0]",5,0.009948482316903,-321,40,12,0.083980785296574,361,1
403,"(1,11)",,False,84,"[9, 5, 1, 11, 0]",5,0.009948482316903,-321,40,12,0.083980785296574,361,1
404,"(1,13)",,False,86,"[0, 19, 16, 1, 13]",5,0.009844054580896001,-323,40,13,0.092557783347257,363,1
405,"(1,13)",,False,86,"[0, 19, 16, 1, 13]",5,0.009844054580896001,-323,40,13,0.092557783347257,363,1
406,"(11,16)",,False,86,"[9, 11, 8, 10, 16]",5,0.009844054580896001,-325,40,13,0.092209690893901,365,1
407,"(11,16)",,False,86,"[9, 11, 8, 10, 16]",5,0.009844054580896001,-325,40,13,0.092209690893901,365,1
408,"(11,4)",,False,86,"[19, 6, 11, 4, 14]",5,0.009948482316903,-327,40,13,0.092850181008075,367,1
409,"(11,4)",,False,86,"[19, 6, 11, 4, 14]",5,0.009948482316903,-327,40,13,0.092850181008075,367,1
410,"(2,14)",,False,86,"[2, 10, 14, 16, 4]",5,0.009948482316903,-329,40,13,0.095036201615148,369,1
411,"(2,14)",,False,86,"[2, 10, 14, 16, 4]",5,0.009948482316903,-329,40,13,0.095036201615148,369,1
412,"(9,1)",,False,86,"[2, 5, 9, 1, 18]",4,0.006725146198830001,-331,40,13,0.078935051303472,371,1
413,"(9,1)",,False,86,"[2, 5, 9, 1, 18]",4,0.006725146198830001,-331,40,13,0.078935051303472,371,1
414,"(2,16)",,False,86,"[2, 0, 11, 16, 10]",4,0.006725146198830001,-333,40,12,0.060763992342939006,373,1
415,"(2,16)",,False,86,"[2, 0, 11, 16, 10]",4,0.006725146198830001,-333,40,12,0.060763992342939006,373,1
416,"(3,4)",,False,86,"[3, 17, 15, 13, 4]",4,0.006725146198830001,-335,40,12,0.061877888193677004,375,1
417,"(3,4)",,False,86,"[3, 17, 15, 13, 4]",4,0.006725146198830001,-335,40,12,0.061877888193677004,375,1
418,"(8,14)",,False,84,"[10, 13, 0, 8, 14]",4,0.007212475633528,-337,40,11,0.050951030775592,377,1
419,"(8,14)",,False,84,"[10, 13, 0, 8, 14]",4,0.007212475633528,-337,40,11,0.050951030775592,377,1
420,"(5,14)",,False,84,"[8, 5, 14, 13, 6]",4,0.007212475633528,-339,40,11,0.050109279933841004,379,1
421,"(5,14)",,False,84,"[8, 5, 14, 13, 6]",4,0.007212475633528,-339,40,11,0.050109279933841004,379,1
422,"(4,1)",,False,87,"[4, 15, 1, 17, 5]",6,0.016471734892787002,-341,40,12,0.055360623781676006,381,1
423,"(4,1)",,False,87,"[4, 15, 1, 17, 5]",6,0.016471734892787002,-341,40,12,0.055360623781676006,381,1
424,"(10,12)",,False,87,"[6, 19, 10, 12, 4]",6,0.016471734892787002,-343,40,12,0.054805996472663,383,1
425,"(10,12)",,False,87,"[6, 19, 10, 12, 4]",6,0.016471734892787002,-343,40,12,0.054805996472663,383,1
426,"(9,1)",,False,89,"[9, 2, 3, 1, 16]",7,0.022319688109161,-345,40,13,0.064747516940499,385,1
427,"(9,1)",,False,89,"[9, 2, 3, 1, 16]",7,0.022319688109161,-345,40,13,0.064747516940499,385,1
428,"(14,17)",,False,89,"[14, 9, 19, 17, 15]",7,0.023976608187134003,-347,40,13,0.07387682168383901,387,1
429,"(14,17)",,False,89,"[14, 9, 19, 17, 15]",7,0.023976608187134003,-347,40,13,0.07387682168383901,387,1
430,"(5,7)",,False,87,"[5, 13, 9, 7, 10]",7,0.025925925925925002,-349,40,12,0.053246542281630005,389,1
431,"(5,7)",,False,87,"[5, 13, 9, 7, 10]",7,0.025925925925925002,-349,40,12,0.053246542281630005,389,1
432,"(0,9)",,False,87,"[1, 5, 0, 9, 13]",6,0.017251461988304,-351,40,12,0.051589622203657,391,1
433,"(0,9)",,False,87,"[1, 5, 0, 9, 13]",6,0.017251461988304,-351,40,12,0.051589622203657,391,1
434,"(18,17)",,False,89,"[18, 7, 17, 14, 15]",6,0.013078149920255001,-353,40,12,0.045719939579588004,393,1
435,"(18,17)",,False,89,"[18, 7, 17, 14, 15]",6,0.013078149920255001,-353,40,12,0.045719939579588004,393,1
436,"(1,2)",,False,91,"[10, 7, 5, 1, 2]",6,0.012556148826171001,-355,40,13,0.053772371644425006,395,1
437,"(1,2)",,False,91,"[10, 7, 5, 1, 2]",6,0.012556148826171001,-355,40,13,0.053772371644425006,395,1
438,"(4,13)",,False,91,"[4, 12, 17, 18, 13]",7,0.023099415204678002,-357,40,13,0.057056994337696,397,1
439,"(4,13)",,False,91,"[4, 12, 17, 18, 13]",7,0.023099415204678002,-357,40,13,0.057056994337696,397,1
440,"(9,6)",,False,91,"[14, 9, 6, 18, 2]",7,0.022667780562517,-359,40,13,0.05788545437668201,399,1
441,"(9,6)",,False,91,"[14, 9, 6, 18, 2]",7,0.022667780562517,-359,40,13,0.05788545437668201,399,1
442,"(17,9)",,False,91,"[16, 17, 14, 9, 18]",7,0.020523531049846,-361,40,13,0.060629493962827005,401,1
443,"(17,9)",,False,91,"[16, 17, 14, 9, 18]",7,0.020523531049846,-361,40,13,0.060629493962827005,401,1
444,"(9,18)",,False,89,"[2, 0, 9, 8, 18]",7,0.021303258145363,-363,40,12,0.058470249698319,403,1
445,"(9,18)",,False,89,"[2, 0, 9, 8, 18]",7,0.021303258145363,-363,40,12,0.058470249698319,403,1
446,"(3,14)",,False,89,"[12, 3, 2, 10, 14]",7,0.014243943191311,-365,40,11,0.048918592778241,405,1
447,"(3,14)",,False,89,"[12, 3, 2, 10, 14]",7,0.014243943191311,-365,40,11,0.048918592778241,405,1
448,"(1,4)",,False,89,"[1, 2, 4, 3, 5]",7,0.013269284321915,-367,40,11,0.049698319873758,407,1
449,"(1,4)",,False,89,"[1, 2, 4, 3, 5]",7,0.013269284321915,-367,40,11,0.049698319873758,407,1
450,"(3,18)",,False,91,"[3, 6, 4, 18, 14]",7,0.012238930659983,-369,40,11,0.047310405643738,409,1
451,"(3,18)",,False,91,"[3, 6, 4, 18, 14]",7,0.012238930659983,-369,40,11,0.047310405643738,409,1
452,"(11,12)",,False,91,"[14, 11, 8, 12, 10]",7,0.011598440545808001,-371,40,11,0.04472755963984,411,1
453,"(11,12)",,False,91,"[14, 11, 8, 12, 10]",7,0.011598440545808001,-371,40,11,0.04472755963984,411,1
454,"(9,16)",,False,91,"[13, 18, 9, 12, 16]",8,0.019395711500974,-373,40,11,0.05544880720319301,413,1
455,"(9,16)",,False,91,"[13, 18, 9, 12, 16]",8,0.019395711500974,-373,40,11,0.05544880720319301,413,1
456,"(5,2)",,False,91,"[5, 2, 19, 14, 18]",9,0.028849902534113,-375,40,11,0.055546273090132006,415,1
457,"(5,2)",,False,91,"[5, 2, 19, 14, 18]",9,0.028849902534113,-375,40,11,0.055546273090132006,415,1
458,"(4,11)",,False,91,"[9, 4, 2, 5, 11]",9,0.028849902534113,-377,40,11,0.055546273090132006,417,1
459,"(4,11)",,False,91,"[9, 4, 2, 5, 11]",9,0.028849902534113,-377,40,11,0.055546273090132006,417,1
460,"(1,10)",,False,90,"[1, 15, 0, 19, 10]",9,0.030701754385964,-379,40,10,0.049146013181100005,419,1
461,"(1,10)",,False,90,"[1, 15, 0, 19, 10]",9,0.030701754385964,-379,40,10,0.049146013181100005,419,1
462,"(0,13)",,False,90,"[15, 0, 12, 4, 13]",8,0.019005847953216002,-381,40,10,0.041056344565116004,421,1
463,"(0,13)",,False,90,"[15, 0, 12, 4, 13]",8,0.019005847953216002,-381,40,10,0.041056344565116004,421,1
464,"(0,18)",,False,90,"[0, 5, 19, 18, 16]",7,0.01588693957115,-383,40,10,0.03569572078344,423,1
465,"(0,18)",,False,90,"[0, 5, 19, 18, 16]",7,0.01588693957115,-383,40,10,0.03569572078344,423,1
466,"(1,14)",,False,92,"[1, 3, 6, 14, 9]",8,0.024561403508771004,-385,40,11,0.045052445929638,425,1
467,"(1,14)",,False,92,"[1, 3, 6, 14, 9]",8,0.024561403508771004,-385,40,11,0.045052445929638,425,1
468,"(19,1)",,False,92,"[5, 14, 19, 1, 7]",8,0.025341130604288,-387,40,12,0.051826325071939,427,1
469,"(19,1)",,False,92,"[5, 14, 19, 1, 7]",8,0.025341130604288,-387,40,12,0.051826325071939,427,1
470,"(15,19)",,False,90,"[15, 0, 8, 5, 19]",8,0.026608187134502,-389,40,11,0.040917107583774,429,1
471,"(15,19)",,False,90,"[15, 0, 8, 5, 19]",8,0.026608187134502,-389,40,11,0.040917107583774,429,1
472,"(0,4)",,False,90,"[5, 2, 0, 4, 8]",8,0.025097465886939,-391,40,11,0.042622760605216005,431,1
473,"(0,4)",,False,90,"[5, 2, 0, 4, 8]",8,0.025097465886939,-391,40,11,0.042622760605216005,431,1
474,"(4,15)",,False,90,"[4, 5, 15, 16, 11]",9,0.033382066276803006,-393,40,11,0.04635740586032901,433,1
475,"(4,15)",,False,90,"[4, 5, 15, 16, 11]",9,0.033382066276803006,-393,40,11,0.04635740586032901,433,1
476,"(2,6)",,False,88,"[1, 2, 7, 5, 6]",9,0.037475633528265,-395,40,11,0.052133419969677006,435,1
477,"(2,6)",,False,88,"[1, 2, 7, 5, 6]",9,0.037475633528265,-395,40,11,0.052133419969677006,435,1
478,"(14,1)",,False,90,"[14, 12, 11, 5, 1]",9,0.035916179337231,-397,40,12,0.062756428107305,437,1
479,"(14,1)",,False,90,"[14, 12, 11, 5, 1]",9,0.035916179337231,-397,40,12,0.062756428107305,437,1
480,"(6,15)",,False,90,"[6, 15, 0, 5, 4]",9,0.034551656920077,-399,40,12,0.067937960844139,439,1
481,"(6,15)",,False,90,"[6, 15, 0, 5, 4]",9,0.034551656920077,-399,40,12,0.067937960844139,439,1
482,"(0,11)",,False,90,"[6, 0, 8, 11, 10]",8,0.026510721247563002,-401,40,12,0.059769794857514005,441,1
483,"(0,11)",,False,90,"[6, 0, 8, 11, 10]",8,0.026510721247563002,-401,40,12,0.059769794857514005,441,1
484,"(15,6)",,False,88,"[9, 5, 15, 14, 6]",8,0.026510721247563002,-403,40,11,0.047635291933537,443,1
485,"(15,6)",,False,88,"[9, 5, 15, 14, 6]",8,0.026510721247563002,-403,40,11,0.047635291933537,443,1
486,"(12,1)",,False,88,"[12, 19, 1, 7, 11]",8,0.025536062378167003,-405,40,11,0.047165254833619004,445,1
487,"(12,1)",,False,88,"[12, 19, 1, 7, 11]",8,0.025536062378167003,-405,40,11,0.047165254833619004,445,1
488,"(11,19)",,False,88,"[10, 5, 11, 18, 19]",8,0.025536062378167003,-407,40,11,0.045767195767195006,447,1
489,"(11,19)",,False,88,"[10, 5, 11, 18, 19]",8,0.025536062378167003,-407,40,11,0.045767195767195006,447,1
490,"(10,2)",,False,88,"[6, 10, 11, 2, 14]",9,0.043376557335367,-409,40,11,0.050271814802707,449,1
491,"(10,2)",,False,88,"[6, 10, 11, 2, 14]",9,0.043376557335367,-409,40,11,0.050271814802707,449,1
492,"(14,19)",,False,88,"[17, 10, 9, 14, 19]",10,0.05395160606831,-407,42,11,0.051629375370794005,449,1
493,"(14,19)",,False,88,"[17, 10, 9, 14, 19]",10,0.05395160606831,-407,42,11,0.051629375370794005,449,1
494,"(1,15)",,False,90,"[6, 19, 1, 15, 18]",11,0.059753550543024,-407,43,12,0.06696602617655201,450,1
495,"(1,15)",,False,90,"[6, 19, 1, 15, 18]",11,0.059753550543024,-407,43,12,0.06696602617655201,450,1
496,"(7,19)",,False,90,"[6, 8, 7, 13, 19]",11,0.061240110079119,-409,43,12,0.067575392730191,452,1
497,"(7,19)",,False,90,"[6, 8, 7, 13, 19]",11,0.061240110079119,-409,43,12,0.067575392730191,452,1
498,"(3,1)",,False,90,"[10, 7, 3, 1, 14]",11,0.063781184988615,-407,45,12,0.062124264910642005,452,1
499,"(3,1)",,False,90,"[10, 7, 3, 1, 14]",11,0.063781184988615,-407,45,12,0.062124264910642005,452,1
500,"(0,2)",,False,88,"[17, 10, 0, 5, 2]",10,0.05561125034809201,-407,46,12,0.067953975848712,453,1
501,"(0,2)",,False,88,"[17, 10, 0, 5, 2]",10,0.05561125034809201,-407,46,12,0.067953975848712,453,1
502,"(18,10)",,False,88,"[18, 4, 10, 7, 19]",10,0.054928989139515,-409,46,12,0.06711855396065901,455,1
503,"(18,10)",,False,88,"[18, 4, 10, 7, 19]",10,0.054928989139515,-409,46,12,0.06711855396065901,455,1
504,"(0,15)",,False,86,"[5, 4, 0, 9, 15]",9,0.038457254246727,-409,47,11,0.059559526836414,456,1
505,"(0,15)",,False,86,"[5, 4, 0, 9, 15]",9,0.038457254246727,-409,47,11,0.059559526836414,456,1
506,"(13,1)",,False,86,"[13, 10, 8, 14, 1]",9,0.035728209412419006,-411,47,11,0.051329080276448,458,1
507,"(13,1)",,False,86,"[13, 10, 8, 14, 1]",9,0.035728209412419006,-411,47,11,0.051329080276448,458,1
508,"(11,12)",,False,86,"[15, 11, 4, 18, 12]",9,0.031634642160957,-413,47,10,0.041914569031273004,460,1
509,"(11,12)",,False,86,"[15, 11, 4, 18, 12]",9,0.031634642160957,-413,47,10,0.041914569031273004,460,1
510,"(0,7)",,False,86,"[1, 16, 10, 0, 7]",8,0.023155109997215,-415,47,10,0.038888888888888,462,1
511,"(0,7)",,False,86,"[1, 16, 10, 0, 7]",8,0.023155109997215,-415,47,10,0.038888888888888,462,1
512,"(11,9)",,False,87,"[8, 11, 3, 9, 6]",8,0.019312169312169003,-417,47,10,0.035240879977722,464,1
513,"(11,9)",,False,87,"[8, 11, 3, 9, 6]",8,0.019312169312169003,-417,47,10,0.035240879977722,464,1
514,"(18,9)",,False,89,"[10, 18, 6, 12, 9]",9,0.026622110832637002,-419,47,10,0.033583959899749,466,1
515,"(18,9)",,False,89,"[10, 18, 6, 12, 9]",9,0.026622110832637002,-419,47,10,0.033583959899749,466,1
516,"(0,3)",,False,89,"[7, 0, 18, 3, 6]",9,0.028863826232247,-419,48,10,0.03338902812587,467,1
517,"(0,3)",,False,89,"[7, 0, 18, 3, 6]",9,0.028863826232247,-419,48,10,0.03338902812587,467,1
518,"(18,11)",,False,90,"[3, 18, 11, 2, 10]",9,0.030910609857978003,-419,49,10,0.030952380952380003,468,1
519,"(18,11)",,False,90,"[3, 18, 11, 2, 10]",9,0.030910609857978003,-419,49,10,0.030952380952380003,468,1
520,"(4,2)",,False,92,"[6, 4, 2, 10, 3]",9,0.027749930381509,-417,51,10,0.026872737399053003,468,1
521,"(4,2)",,False,92,"[6, 4, 2, 10, 3]",9,0.027749930381509,-417,51,10,0.026872737399053003,468,1
522,"(18,3)",,False,90,"[6, 12, 18, 10, 3]",9,0.029211918685602002,-415,53,9,0.021512113617376,468,1
523,"(18,3)",,False,90,"[6, 12, 18, 10, 3]",9,0.029211918685602002,-415,53,9,0.021512113617376,468,1
524,"(1,11)",,False,92,"[14, 5, 1, 11, 2]",9,0.027548036758563002,-413,55,10,0.025118351434140002,468,1
525,"(1,11)",,False,92,"[14, 5, 1, 11, 2]",9,0.027548036758563002,-413,55,10,0.025118351434140002,468,1
526,"(13,0)",,False,90,"[8, 13, 0, 3, 1]",8,0.020774157616262,-411,57,9,0.01897103870788,468,1
527,"(13,0)",,False,90,"[8, 13, 0, 3, 1]",8,0.020774157616262,-411,57,9,0.01897103870788,468,1
528,"(10,2)",,False,90,"[13, 10, 12, 9, 2]",8,0.021588693957115,-409,59,9,0.018866610971874,468,1
529,"(10,2)",,False,90,"[13, 10, 12, 9, 2]",8,0.021588693957115,-409,59,9,0.018866610971874,468,1
530,"(5,12)",,False,90,"[2, 19, 5, 12, 3]",8,0.019068504594820002,-407,61,9,0.018671679197994,468,1
531,"(5,12)",,False,90,"[2, 19, 5, 12, 3]",8,0.019068504594820002,-407,61,9,0.018671679197994,468,1
532,"(1,15)",,False,91,"[6, 1, 16, 15, 4]",9,0.024867724867724,-407,62,10,0.033778891673628006,469,1
533,"(1,15)",,False,91,"[6, 1, 16, 15, 4]",9,0.024867724867724,-407,62,10,0.033778891673628006,469,1
534,"(1,11)",,False,91,"[15, 1, 11, 12, 7]",9,0.024867724867724,-409,62,10,0.033778891673628006,471,1
535,"(1,11)",,False,91,"[15, 1, 11, 12, 7]",9,0.024867724867724,-409,62,10,0.033778891673628006,471,1
536,"(9,17)",,False,91,"[9, 11, 7, 5, 17]",9,0.021219715956558003,-407,64,9,0.020133667502088,471,1
537,"(9,17)",,False,91,"[9, 11, 7, 5, 17]",9,0.021219715956558003,-407,64,9,0.020133667502088,471,1
538,"(0,15)",,False,91,"[11, 0, 15, 18, 19]",9,0.021219715956558003,-405,66,9,0.020133667502088,471,1
539,"(0,15)",,False,91,"[11, 0, 15, 18, 19]",9,0.021219715956558003,-405,66,9,0.020133667502088,471,1
540,"(1,5)",,False,93,"[1, 16, 5, 11, 14]",10,0.035978835978835,-403,68,10,0.024575327206906,471,1
541,"(1,5)",,False,93,"[1, 16, 5, 11, 14]",10,0.035978835978835,-403,68,10,0.024575327206906,471,1
542,"(11,9)",,False,93,"[11, 18, 6, 4, 9]",10,0.035978835978835,-401,70,10,0.024575327206906,471,1
543,"(11,9)",,False,93,"[11, 18, 6, 4, 9]",10,0.035978835978835,-401,70,10,0.024575327206906,471,1
544,"(11,3)",,False,93,"[4, 10, 11, 5, 3]",10,0.036570593149540004,-399,72,10,0.025306321358952003,471,1
545,"(11,3)",,False,93,"[4, 10, 11, 5, 3]",10,0.036570593149540004,-399,72,10,0.025306321358952003,471,1
546,"(14,15)",,False,93,"[6, 13, 14, 15, 3]",10,0.036433676784553004,-397,74,10,0.025085862805161,471,1
547,"(14,15)",,False,93,"[6, 13, 14, 15, 3]",10,0.036433676784553004,-397,74,10,0.025085862805161,471,1
548,"(17,18)",,False,95,"[17, 18, 7, 4, 6]",11,0.041849995358767,-395,76,10,0.025085862805161,471,1
549,"(17,18)",,False,95,"[17, 18, 7, 4, 6]",11,0.041849995358767,-395,76,10,0.025085862805161,471,1
550,"(15,10)",,False,95,"[14, 9, 15, 10, 11]",11,0.042817692379095,-393,78,10,0.025524459296389003,471,1
551,"(15,10)",,False,95,"[14, 9, 15, 10, 11]",11,0.042817692379095,-393,78,10,0.025524459296389003,471,1
552,"(4,17)",,False,95,"[3, 10, 4, 17, 18]",11,0.041014573470713,-391,80,10,0.025085862805161,471,1
553,"(4,17)",,False,95,"[3, 10, 4, 17, 18]",11,0.041014573470713,-391,80,10,0.025085862805161,471,1
554,"(9,4)",,False,95,"[18, 9, 14, 4, 3]",11,0.045460275539505005,-389,82,10,0.024598533370463003,471,1
555,"(9,4)",,False,95,"[18, 9, 14, 4, 3]",11,0.045460275539505005,-389,82,10,0.024598533370463003,471,1
556,"(12,15)",,False,95,"[10, 16, 12, 18, 15]",11,0.048998743296988,-387,84,10,0.025037129861691,471,1
557,"(12,15)",,False,95,"[10, 16, 12, 18, 15]",11,0.048998743296988,-387,84,10,0.025037129861691,471,1
558,"(5,9)",,False,95,"[5, 12, 9, 2, 14]",11,0.047112082199801,-385,86,10,0.024459296389120002,471,1
559,"(5,9)",,False,95,"[5, 12, 9, 2, 14]",11,0.047112082199801,-385,86,10,0.024459296389120002,471,1
560,"(17,2)",,False,95,"[17, 2, 3, 8, 18]",11,0.042017079736377,-383,88,10,0.023832729973080002,471,1
561,"(17,2)",,False,95,"[17, 2, 3, 8, 18]",11,0.042017079736377,-383,88,10,0.023832729973080002,471,1
562,"(15,1)",,False,95,"[8, 18, 19, 15, 1]",11,0.04138355147127,-381,90,10,0.022280237631114003,471,1
563,"(15,1)",,False,95,"[8, 18, 19, 15, 1]",11,0.04138355147127,-381,90,10,0.022280237631114003,471,1
564,"(0,11)",,False,93,"[0, 11, 2, 7, 18]",10,0.037533648937157,-379,92,10,0.023456790123456,471,1
565,"(0,11)",,False,93,"[0, 11, 2, 7, 18]",10,0.037533648937157,-379,92,10,0.023456790123456,471,1
566,"(1,17)",,False,93,"[9, 1, 17, 8, 6]",10,0.041439246263807,-377,94,11,0.035159658405272,471,1
567,"(1,17)",,False,93,"[9, 1, 17, 8, 6]",10,0.041439246263807,-377,94,11,0.035159658405272,471,1
568,"(1,9)",,False,93,"[1, 15, 8, 4, 9]",10,0.042341966026176,-377,95,12,0.043720412141464,472,1
569,"(1,9)",,False,93,"[1, 15, 8, 4, 9]",10,0.042341966026176,-377,95,12,0.043720412141464,472,1
570,"(4,0)",,False,93,"[18, 2, 4, 12, 0]",9,0.033711593799313,-379,95,12,0.043764503852223004,474,1
571,"(4,0)",,False,93,"[18, 2, 4, 12, 0]",9,0.033711593799313,-379,95,12,0.043764503852223004,474,1
572,"(0,14)",,False,91,"[0, 14, 11, 4, 2]",8,0.026742782883133,-381,95,11,0.035974194746124004,476,1
573,"(0,14)",,False,91,"[0, 14, 11, 4, 2]",8,0.026742782883133,-381,95,11,0.035974194746124004,476,1
574,"(7,9)",,False,89,"[7, 10, 5, 11, 9]",8,0.031699619418917004,-383,95,11,0.041905690151304006,478,1
575,"(7,9)",,False,89,"[7, 10, 5, 11, 9]",8,0.031699619418917004,-383,95,11,0.041905690151304006,478,1
576,"(15,13)",,False,89,"[15, 14, 19, 13, 7]",8,0.027174417525294002,-385,95,11,0.044495498004269,480,1
577,"(15,13)",,False,89,"[15, 14, 19, 13, 7]",8,0.027174417525294002,-385,95,11,0.044495498004269,480,1
578,"(12,0)",,False,89,"[12, 7, 0, 3, 2]",7,0.023275782047711,-387,95,11,0.041863919056901004,482,1
579,"(12,0)",,False,89,"[12, 7, 0, 3, 2]",7,0.023275782047711,-387,95,11,0.041863919056901004,482,1
580,"(1,3)",,False,91,"[11, 5, 1, 16, 3]",7,0.022690986726074003,-389,95,12,0.048213125406107005,484,1
581,"(1,3)",,False,91,"[11, 5, 1, 16, 3]",7,0.022690986726074003,-389,95,12,0.048213125406107005,484,1
582,"(17,16)",,False,91,"[5, 17, 16, 1, 2]",7,0.022690986726074003,-391,95,12,0.048213125406107005,486,1
583,"(17,16)",,False,91,"[5, 17, 16, 1, 2]",7,0.022690986726074003,-391,95,12,0.048213125406107005,486,1
584,"(12,11)",,False,89,"[12, 10, 15, 4, 11]",7,0.023763111482409,-393,95,11,0.044690429778149,488,1
585,"(12,11)",,False,89,"[12, 10, 15, 4, 11]",7,0.023763111482409,-393,95,11,0.044690429778149,488,1
586,"(13,19)",,False,91,"[5, 7, 13, 15, 19]",8,0.022779170147591003,-395,95,11,0.043901420217209004,490,1
587,"(13,19)",,False,91,"[5, 7, 13, 15, 19]",8,0.022779170147591003,-395,95,11,0.043901420217209004,490,1
588,"(17,13)",,False,91,"[10, 17, 5, 13, 11]",8,0.020342522974101003,-397,95,10,0.02781954887218,492,1
589,"(17,13)",,False,91,"[10, 17, 5, 13, 11]",8,0.020342522974101003,-397,95,10,0.02781954887218,492,1
590,"(8,17)",,False,93,"[8, 17, 4, 3, 15]",9,0.022542467279309003,-399,95,10,0.027137287663603002,494,1
591,"(8,17)",,False,93,"[8, 17, 4, 3, 15]",9,0.022542467279309003,-399,95,10,0.027137287663603002,494,1
592,"(7,13)",,False,93,"[3, 7, 13, 5, 4]",9,0.026993409449549,-399,96,10,0.027592128469321003,495,1
593,"(7,13)",,False,93,"[3, 7, 13, 5, 4]",9,0.026993409449549,-399,96,10,0.027592128469321003,495,1
594,"(11,8)",,False,91,"[11, 12, 10, 8, 4]",9,0.028594634734985,-399,97,10,0.028900956093938,496,1
595,"(11,8)",,False,91,"[11, 12, 10, 8, 4]",9,0.028594634734985,-399,97,10,0.028900956093938,496,1
596,"(0,19)",,False,89,"[0, 10, 12, 7, 19]",8,0.023155109997215,-399,98,9,0.027450570871623003,497,1
597,"(0,19)",,False,89,"[0, 10, 12, 7, 19]",8,0.023155109997215,-399,98,9,0.027450570871623003,497,1
598,"(8,1)",,False,89,"[10, 8, 0, 18, 1]",8,0.025981620718462002,-401,98,10,0.036424394319131005,499,1
599,"(8,1)",,False,89,"[10, 8, 0, 18, 1]",8,0.025981620718462002,-401,98,10,0.036424394319131005,499,1
600,"(6,9)",,False,92,"[5, 6, 3, 18, 9]",10,0.038213589529379005,-399,100,10,0.035832637148426,499,1
601,"(6,9)",,False,92,"[5, 6, 3, 18, 9]",10,0.038213589529379005,-399,100,10,0.035832637148426,499,1
602,"(13,0)",,False,90,"[7, 13, 2, 0, 6]",9,0.029051796157059002,-397,102,9,0.028620161514898,499,1
603,"(13,0)",,False,90,"[7, 13, 2, 0, 6]",9,0.029051796157059002,-397,102,9,0.028620161514898,499,1
604,"(8,1)",,False,92,"[5, 7, 8, 1, 10]",9,0.027564655366013,-397,103,10,0.032389890496851,500,1
605,"(8,1)",,False,92,"[5, 7, 8, 1, 10]",9,0.027564655366013,-397,103,10,0.032389890496851,500,1
606,"(17,1)",,False,92,"[12, 17, 18, 3, 1]",9,0.027930938457254,-399,103,11,0.042484683932052,502,1
607,"(17,1)",,False,92,"[12, 17, 18, 3, 1]",9,0.027930938457254,-399,103,11,0.042484683932052,502,1
608,"(11,13)",,False,90,"[16, 8, 11, 9, 13]",9,0.02806630774467,-401,103,10,0.038160988891983,504,1
609,"(11,13)",,False,90,"[16, 8, 11, 9, 13]",9,0.02806630774467,-401,103,10,0.038160988891983,504,1
610,"(9,17)",,False,92,"[9, 7, 3, 13, 17]",9,0.025362016151489003,-403,103,10,0.033117516012252005,506,1
611,"(9,17)",,False,92,"[9, 7, 3, 13, 17]",9,0.025362016151489003,-403,103,10,0.033117516012252005,506,1
612,"(1,3)",,False,92,"[17, 2, 1, 16, 3]",9,0.025333208500177003,-403,104,10,0.027247476929872002,507,1
613,"(1,3)",,False,92,"[17, 2, 1, 16, 3]",9,0.025333208500177003,-403,104,10,0.027247476929872002,507,1
614,"(3,17)",,False,90,"[9, 7, 3, 17, 5]",9,0.028174603174603,-401,106,9,0.020962127541074002,507,1
615,"(3,17)",,False,90,"[9, 7, 3, 17, 5]",9,0.028174603174603,-401,106,9,0.020962127541074002,507,1
616,"(3,14)",,False,90,"[8, 3, 9, 14, 11]",9,0.028606843194943003,-399,108,9,0.023691172375382003,507,1
617,"(3,14)",,False,90,"[8, 3, 9, 14, 11]",9,0.028606843194943003,-399,108,9,0.023691172375382003,507,1
618,"(1,15)",,False,90,"[5, 7, 1, 15, 10]",9,0.028272069061542,-399,109,10,0.035825675299359004,508,1
619,"(1,15)",,False,90,"[5, 7, 1, 15, 10]",9,0.028272069061542,-399,109,10,0.035825675299359004,508,1
620,"(0,5)",,False,90,"[1, 0, 7, 3, 5]",8,0.024259017107987002,-401,109,10,0.034806521133752,510,1
621,"(0,5)",,False,90,"[1, 0, 7, 3, 5]",8,0.024259017107987002,-401,109,10,0.034806521133752,510,1
622,"(8,0)",,False,88,"[8, 13, 7, 18, 0]",7,0.018055872003240003,-403,109,9,0.032649173438647004,512,1
623,"(8,0)",,False,88,"[8, 13, 7, 18, 0]",7,0.018055872003240003,-403,109,9,0.032649173438647004,512,1
624,"(13,1)",,False,90,"[13, 10, 1, 17, 9]",7,0.017258423837371,-405,109,10,0.042557783347257,514,1
625,"(13,1)",,False,90,"[13, 10, 1, 17, 9]",7,0.017258423837371,-405,109,10,0.042557783347257,514,1
626,"(6,0)",,False,90,"[3, 6, 9, 0, 2]",7,0.016966026176552,-407,109,10,0.039146477304372006,516,1
627,"(6,0)",,False,90,"[3, 6, 9, 0, 2]",7,0.016966026176552,-407,109,10,0.039146477304372006,516,1
628,"(8,5)",,False,90,"[4, 8, 5, 14, 11]",7,0.016771094402673003,-409,109,10,0.03343776106934,518,1
629,"(8,5)",,False,90,"[4, 8, 5, 14, 11]",7,0.016771094402673003,-409,109,10,0.03343776106934,518,1
630,"(15,12)",,False,90,"[9, 17, 10, 15, 12]",7,0.016478696741854003,-411,109,10,0.031585909217488,520,1
631,"(15,12)",,False,90,"[9, 17, 10, 15, 12]",7,0.016478696741854003,-411,109,10,0.031585909217488,520,1
632,"(14,13)",,False,90,"[10, 14, 8, 13, 9]",7,0.016088833194096,-413,109,10,0.031739069896964005,522,1
633,"(14,13)",,False,90,"[10, 14, 8, 13, 9]",7,0.016088833194096,-413,109,10,0.031739069896964005,522,1
634,"(8,5)",,False,90,"[7, 9, 4, 8, 5]",7,0.016186299081035003,-415,109,9,0.021950710108604003,524,1
635,"(8,5)",,False,90,"[7, 9, 4, 8, 5]",7,0.016186299081035003,-415,109,9,0.021950710108604003,524,1
636,"(2,0)",,False,90,"[4, 16, 2, 11, 0]",6,0.012719298245614002,-417,109,9,0.019806460595934,526,1
637,"(2,0)",,False,90,"[4, 16, 2, 11, 0]",6,0.012719298245614002,-417,109,9,0.019806460595934,526,1
638,"(8,0)",,False,90,"[14, 8, 9, 2, 0]",5,0.0071799870045480005,-419,109,9,0.017525294718277,528,1
639,"(8,0)",,False,90,"[14, 8, 9, 2, 0]",5,0.0071799870045480005,-419,109,9,0.017525294718277,528,1
640,"(2,7)",,False,90,"[12, 6, 2, 7, 17]",5,0.007163742690058,-421,109,9,0.018010303536619,530,1
641,"(2,7)",,False,90,"[12, 6, 2, 7, 17]",5,0.007163742690058,-421,109,9,0.018010303536619,530,1
642,"(15,11)",,False,91,"[14, 2, 15, 11, 18]",5,0.007748538011695001,-423,109,9,0.016255917571707003,532,1
643,"(15,11)",,False,91,"[14, 2, 15, 11, 18]",5,0.007748538011695001,-423,109,9,0.016255917571707003,532,1
644,"(5,13)",,False,91,"[4, 12, 2, 5, 13]",5,0.0075536062378160004,-425,109,9,0.015573656363130002,534,1
645,"(5,13)",,False,91,"[4, 12, 2, 5, 13]",5,0.0075536062378160004,-425,109,9,0.015573656363130002,534,1
646,"(17,13)",,False,91,"[10, 11, 17, 16, 13]",6,0.011459203564466001,-427,109,9,0.020551378446115,536,1
647,"(17,13)",,False,91,"[10, 11, 17, 16, 13]",6,0.011459203564466001,-427,109,9,0.020551378446115,536,1
648,"(12,17)",,False,91,"[2, 12, 17, 18, 19]",6,0.012183235867446001,-429,109,9,0.021609579504316002,538,1
649,"(12,17)",,False,91,"[2, 12, 17, 18, 19]",6,0.012183235867446001,-429,109,9,0.021609579504316002,538,1
650,"(1,4)",,False,93,"[13, 1, 4, 8, 3]",7,0.020955165692007,-429,110,10,0.026051239209133003,539,1
651,"(1,4)",,False,93,"[13, 1, 4, 8, 3]",7,0.020955165692007,-429,110,10,0.026051239209133003,539,1
652,"(0,7)",,False,91,"[0, 10, 7, 5, 6]",6,0.019005847953216002,-431,110,10,0.027025898078529002,541,1
653,"(0,7)",,False,91,"[0, 10, 7, 5, 6]",6,0.019005847953216002,-431,110,10,0.027025898078529002,541,1
654,"(15,13)",,False,93,"[15, 2, 13, 8, 19]",6,0.015497076023391001,-433,110,10,0.024157616262879003,543,1
655,"(15,13)",,False,93,"[15, 2, 13, 8, 19]",6,0.015497076023391001,-433,110,10,0.024157616262879003,543,1
656,"(12,14)",,False,93,"[19, 12, 6, 16, 14]",7,0.020231133389028003,-435,110,10,0.027318295739348002,545,1
657,"(12,14)",,False,93,"[19, 12, 6, 16, 14]",7,0.020231133389028003,-435,110,10,0.027318295739348002,545,1
658,"(14,6)",,False,96,"[4, 13, 14, 6, 15]",9,0.028731551099972004,-433,112,10,0.026921470342522003,545,1
659,"(14,6)",,False,96,"[4, 13, 14, 6, 15]",9,0.028731551099972004,-433,112,10,0.026921470342522003,545,1
660,"(19,9)",,False,96,"[3, 7, 19, 9, 4]",9,0.02521581732108,-433,113,10,0.026921470342522003,546,1
661,"(19,9)",,False,96,"[3, 7, 19, 9, 4]",9,0.02521581732108,-433,113,10,0.026921470342522003,546,1
662,"(10,14)",,False,94,"[17, 10, 14, 16, 13]",9,0.025807574491785,-431,115,9,0.021901977165135002,546,1
663,"(10,14)",,False,94,"[17, 10, 14, 16, 13]",9,0.025807574491785,-431,115,9,0.021901977165135002,546,1
664,"(13,9)",,False,96,"[10, 13, 8, 17, 9]",10,0.028933444722918002,-429,117,9,0.02058618769145,546,1
665,"(13,9)",,False,96,"[10, 13, 8, 17, 9]",10,0.028933444722918002,-429,117,9,0.02058618769145,546,1
666,"(11,0)",,False,94,"[11, 16, 0, 4, 14]",9,0.020258980785296,-429,118,9,0.02058618769145,547,1
667,"(11,0)",,False,94,"[11, 16, 0, 4, 14]",9,0.020258980785296,-429,118,9,0.02058618769145,547,1
668,"(14,0)",,False,94,"[2, 5, 7, 14, 0]",9,0.020502645502645002,-429,119,9,0.021700083542188,548,1
669,"(14,0)",,False,94,"[2, 5, 7, 14, 0]",9,0.020502645502645002,-429,119,9,0.021700083542188,548,1
670,"(14,7)",,False,92,"[14, 7, 19, 11, 6]",9,0.02302283486494,-429,120,9,0.024331662489557003,549,1
671,"(14,7)",,False,92,"[14, 7, 19, 11, 6]",9,0.02302283486494,-429,120,9,0.024331662489557003,549,1
672,"(15,0)",,False,90,"[8, 15, 12, 14, 0]",8,0.012106655527708001,-431,120,9,0.024331662489557003,551,1
673,"(15,0)",,False,90,"[8, 15, 12, 14, 0]",8,0.012106655527708001,-431,120,9,0.024331662489557003,551,1
674,"(19,14)",,False,90,"[19, 14, 0, 11, 7]",8,0.012025433955258001,-433,120,9,0.025696184906711002,553,1
675,"(19,14)",,False,90,"[19, 14, 0, 11, 7]",8,0.012025433955258001,-433,120,9,0.025696184906711002,553,1
676,"(1,18)",,False,92,"[2, 16, 1, 18, 13]",8,0.012025433955258001,-435,120,10,0.026385407964355,555,1
677,"(1,18)",,False,92,"[2, 16, 1, 18, 13]",8,0.012025433955258001,-435,120,10,0.026385407964355,555,1
678,"(9,8)",,False,94,"[9, 8, 11, 15, 17]",8,0.010530957022185001,-437,120,10,0.025549986076301,557,1
679,"(9,8)",,False,94,"[9, 8, 11, 15, 17]",8,0.010530957022185001,-437,120,10,0.025549986076301,557,1
680,"(15,3)",,False,92,"[18, 10, 15, 19, 3]",8,0.010739812494198002,-439,120,9,0.022173489278752002,559,1
681,"(15,3)",,False,92,"[18, 10, 15, 19, 3]",8,0.010739812494198002,-439,120,9,0.022173489278752002,559,1
682,"(18,14)",,False,90,"[17, 18, 14, 7, 16]",8,0.010739812494198002,-441,120,8,0.020516569200779003,561,1
683,"(18,14)",,False,90,"[17, 18, 14, 7, 16]",8,0.010739812494198002,-441,120,8,0.020516569200779003,561,1
684,"(13,8)",,False,92,"[6, 11, 4, 13, 8]",8,0.008825304000742001,-443,120,8,0.016471734892787002,563,1
685,"(13,8)",,False,92,"[6, 11, 4, 13, 8]",8,0.008825304000742001,-443,120,8,0.016471734892787002,563,1
686,"(12,17)",,False,92,"[9, 4, 10, 12, 17]",8,0.009101457347071,-445,120,8,0.017592592592592,565,1
687,"(12,17)",,False,92,"[9, 4, 10, 12, 17]",8,0.009101457347071,-445,120,8,0.017592592592592,565,1
688,"(11,1)",,False,92,"[4, 2, 11, 14, 1]",8,0.009101457347071,-447,120,8,0.025097465886939,567,1
689,"(11,1)",,False,92,"[4, 2, 11, 14, 1]",8,0.009101457347071,-447,120,8,0.025097465886939,567,1
690,"(18,7)",,False,92,"[18, 8, 9, 19, 7]",9,0.016606330641418,-449,120,8,0.025974658869395,569,1
691,"(18,7)",,False,92,"[18, 8, 9, 19, 7]",9,0.016606330641418,-449,120,8,0.025974658869395,569,1
692,"(0,3)",,False,90,"[0, 3, 16, 5, 7]",8,0.012756428107305,-451,120,7,0.02256335282651,571,1
693,"(0,3)",,False,90,"[0, 3, 16, 5, 7]",8,0.012756428107305,-451,120,7,0.02256335282651,571,1
694,"(7,5)",,False,88,"[7, 15, 13, 18, 5]",8,0.01966258238188,-453,120,7,0.027248677248677,573,1
695,"(7,5)",,False,88,"[7, 15, 13, 18, 5]",8,0.01966258238188,-453,120,7,0.027248677248677,573,1
696,"(0,6)",,False,88,"[0, 2, 18, 6, 13]",8,0.014684860298895002,-455,120,7,0.027784739626844003,575,1
697,"(0,6)",,False,88,"[0, 2, 18, 6, 13]",8,0.014684860298895002,-455,120,7,0.027784739626844003,575,1
698,"(1,2)",,False,88,"[1, 13, 17, 2, 8]",8,0.014716642653332002,-457,120,7,0.026942961267904002,577,1
699,"(1,2)",,False,88,"[1, 13, 17, 2, 8]",8,0.014716642653332002,-457,120,7,0.026942961267904002,577,1
700,"(11,0)",,False,86,"[14, 11, 0, 12, 8]",7,0.006838856400259,-459,120,6,0.020806401969836002,579,1
701,"(11,0)",,False,86,"[14, 11, 0, 12, 8]",7,0.006838856400259,-459,120,6,0.020806401969836002,579,1
702,"(11,15)",,False,86,"[11, 10, 2, 15, 6]",7,0.006838856400259,-461,120,6,0.025495929365898003,581,1
703,"(11,15)",,False,86,"[11, 10, 2, 15, 6]",7,0.006838856400259,-461,120,6,0.025495929365898003,581,1
704,"(18,8)",,False,86,"[18, 14, 8, 16, 9]",7,0.005766731643924001,-463,120,5,0.018679050567595,583,1
705,"(18,8)",,False,86,"[18, 14, 8, 16, 9]",7,0.005766731643924001,-463,120,5,0.018679050567595,583,1
706,"(11,16)",,False,86,"[11, 19, 16, 8, 5]",8,0.013352826510721002,-465,120,5,0.021619705830232,585,1
707,"(11,16)",,False,86,"[11, 19, 16, 8, 5]",8,0.013352826510721002,-465,120,5,0.021619705830232,585,1
708,"(16,7)",,False,88,"[4, 10, 16, 5, 7]",9,0.018045112781954,-467,120,5,0.021327308169413,587,1
709,"(16,7)",,False,88,"[4, 10, 16, 5, 7]",9,0.018045112781954,-467,120,5,0.021327308169413,587,1
710,"(1,16)",,False,90,"[13, 1, 16, 12, 2]",9,0.017745753272069002,-469,120,6,0.024482681061628,589,1
711,"(1,16)",,False,90,"[13, 1, 16, 12, 2]",9,0.017745753272069002,-469,120,6,0.024482681061628,589,1
712,"(1,5)",,False,92,"[1, 19, 2, 12, 5]",9,0.017021720969089,-471,120,7,0.026350598719019003,591,1
713,"(1,5)",,False,92,"[1, 19, 2, 12, 5]",9,0.017021720969089,-471,120,7,0.026350598719019003,591,1
714,"(19,1)",,False,92,"[16, 19, 9, 1, 7]",9,0.017996379838485,-473,120,8,0.030284043441938004,593,1
715,"(19,1)",,False,92,"[16, 19, 9, 1, 7]",9,0.017996379838485,-473,120,8,0.030284043441938004,593,1
716,"(7,0)",,False,90,"[7, 0, 4, 19, 5]",8,0.015413533834586001,-475,120,8,0.031947925368977004,595,1
717,"(7,0)",,False,90,"[7, 0, 4, 19, 5]",8,0.015413533834586001,-475,120,8,0.031947925368977004,595,1
718,"(17,1)",,False,90,"[13, 12, 17, 1, 6]",8,0.013847117794486,-475,121,8,0.015176830966304001,596,1
719,"(17,1)",,False,90,"[13, 12, 17, 1, 6]",8,0.013847117794486,-475,121,8,0.015176830966304001,596,1
720,"(15,19)",,False,90,"[13, 15, 8, 19, 16]",8,0.013707880813143001,-477,121,8,0.015037593984962001,598,1
721,"(15,19)",,False,90,"[13, 15, 8, 19, 16]",8,0.013707880813143001,-477,121,8,0.015037593984962001,598,1
722,"(14,2)",,False,90,"[14, 2, 15, 5, 8]",9,0.040531617505301,-475,123,8,0.018142578668894002,598,1
723,"(14,2)",,False,90,"[14, 2, 15, 5, 8]",9,0.040531617505301,-475,123,8,0.018142578668894002,598,1
724,"(14,11)",,False,92,"[7, 9, 14, 4, 11]",9,0.029165506358488004,-473,125,8,0.017922120115102,598,1
725,"(14,11)",,False,92,"[7, 9, 14, 4, 11]",9,0.029165506358488004,-473,125,8,0.017922120115102,598,1
726,"(6,9)",,False,92,"[19, 4, 6, 9, 12]",9,0.028413490152396,-471,127,7,0.013619697391627002,598,1
727,"(6,9)",,False,92,"[19, 4, 6, 9, 12]",9,0.028413490152396,-471,127,7,0.013619697391627002,598,1
728,"(17,0)",,False,90,"[17, 0, 5, 16, 1]",8,0.019898124941984,-469,129,6,0.012749466258238001,598,1
729,"(17,0)",,False,90,"[17, 0, 5, 16, 1]",8,0.019898124941984,-469,129,6,0.012749466258238001,598,1
730,"(16,0)",,False,88,"[14, 6, 16, 1, 0]",7,0.014522417153996001,-467,131,5,0.011264271790587001,598,1
731,"(16,0)",,False,88,"[14, 6, 16, 1, 0]",7,0.014522417153996001,-467,131,5,0.011264271790587001,598,1
732,"(18,10)",,False,88,"[8, 18, 16, 10, 5]",7,0.015204678362573,-465,133,5,0.011459203564466001,598,1
733,"(18,10)",,False,88,"[8, 18, 16, 10, 5]",7,0.015204678362573,-465,133,5,0.011459203564466001,598,1
734,"(9,3)",,False,90,"[9, 10, 18, 7, 3]",7,0.014053295632243001,-463,135,5,0.008430799220272001,598,1
735,"(9,3)",,False,90,"[9, 10, 18, 7, 3]",7,0.014053295632243001,-463,135,5,0.008430799220272001,598,1
736,"(18,0)",,False,90,"[5, 10, 6, 18, 0]",6,0.009245335561125001,-461,137,5,0.006481481481481001,598,1
737,"(18,0)",,False,90,"[5, 10, 6, 18, 0]",6,0.009245335561125001,-461,137,5,0.006481481481481001,598,1
738,"(0,14)",,False,88,"[0, 3, 14, 12, 18]",5,0.01583017372491,-459,139,5,0.006773879142300001,598,1
739,"(0,14)",,False,88,"[0, 3, 14, 12, 18]",5,0.01583017372491,-459,139,5,0.006773879142300001,598,1
740,"(11,0)",,False,86,"[13, 3, 11, 1, 0]",4,0.0008354218880530001,-459,140,4,0.0033625730994150003,599,1
741,"(11,0)",,False,86,"[13, 3, 11, 1, 0]",4,0.0008354218880530001,-459,140,4,0.0033625730994150003,599,1
742,"(16,19)",,False,84,"[11, 16, 19, 7, 14]",4,0.0008354218880530001,-461,140,4,0.003467000835421,601,1
743,"(16,19)",,False,84,"[11, 16, 19, 7, 14]",4,0.0008354218880530001,-461,140,4,0.003467000835421,601,1
744,"(0,8)",,False,84,"[0, 11, 8, 15, 16]",4,0.0027847396268440004,-461,141,4,0.003467000835421,602,1
745,"(0,8)",,False,84,"[0, 11, 8, 15, 16]",4,0.0027847396268440004,-461,141,4,0.003467000835421,602,1
746,"(0,9)",,False,82,"[16, 0, 9, 8, 17]",3,0.0008354218880530001,-463,141,4,0.003467000835421,604,1
747,"(0,9)",,False,82,"[16, 0, 9, 8, 17]",3,0.0008354218880530001,-463,141,4,0.003467000835421,604,1
748,"(4,2)",,False,80,"[9, 7, 4, 2, 3]",3,0.003272069061542,-465,141,4,0.004093567251461001,606,1
749,"(4,2)",,False,80,"[9, 7, 4, 2, 3]",3,0.003272069061542,-465,141,4,0.004093567251461001,606,1
750,"(3,1)",,False,80,"[13, 3, 19, 1, 12]",3,0.003272069061542,-467,141,5,0.005263157894736001,608,1
751,"(3,1)",,False,80,"[13, 3, 19, 1, 12]",3,0.003272069061542,-467,141,5,0.005263157894736001,608,1
752,"(17,5)",,False,78,"[14, 4, 7, 17, 5]",3,0.003467000835421,-469,141,5,0.005750487329434,610,1
753,"(17,5)",,False,78,"[14, 4, 7, 17, 5]",3,0.003467000835421,-469,141,5,0.005750487329434,610,1
754,"(17,13)",,False,78,"[19, 4, 5, 17, 13]",3,0.00375939849624,-471,141,5,0.006822612085769001,612,1
755,"(17,13)",,False,78,"[19, 4, 5, 17, 13]",3,0.00375939849624,-471,141,5,0.006822612085769001,612,1
756,"(10,0)",,False,76,"[2, 10, 0, 11, 14]",2,0.0,-473,141,5,0.008284600389863,614,1
757,"(10,0)",,False,76,"[2, 10, 0, 11, 14]",2,0.0,-473,141,5,0.008284600389863,614,1
758,"(9,17)",,False,76,"[9, 15, 19, 17, 7]",2,0.0,-475,141,5,0.009328877749930001,616,1
759,"(9,17)",,False,76,"[9, 15, 19, 17, 7]",2,0.0,-475,141,5,0.009328877749930001,616,1
760,"(0,19)",,False,76,"[10, 0, 19, 18, 5]",1,0.0,-477,141,5,0.01058201058201,618,1
761,"(0,19)",,False,76,"[10, 0, 19, 18, 5]",1,0.0,-477,141,5,0.01058201058201,618,1
762,"(13,7)",,False,74,"[13, 16, 14, 6, 7]",1,0.0,-479,141,4,0.0047340573656360005,620,1
763,"(13,7)",,False,74,"[13, 16, 14, 6, 7]",1,0.0,-479,141,4,0.0047340573656360005,620,1
764,"(9,17)",,False,74,"[9, 17, 10, 8, 14]",1,0.0,-481,141,4,0.0047340573656360005,622,1
765,"(9,17)",,False,74,"[9, 17, 10, 8, 14]",1,0.0,-481,141,4,0.0047340573656360005,622,1
766,"(8,6)",,False,74,"[8, 6, 15, 7, 11]",1,0.0,-483,141,4,0.0047340573656360005,624,1
767,"(8,6)",,False,74,"[8, 6, 15, 7, 11]",1,0.0,-483,141,4,0.0047340573656360005,624,1
768,"(1,15)",,False,77,"[18, 17, 1, 11, 15]",1,0.0,-485,141,5,0.028566706198285004,626,1
769,"(1,15)",,False,77,"[18, 17, 1, 11, 15]",1,0.0,-485,141,5,0.028566706198285004,626,1
770,"(7,16)",,False,77,"[7, 11, 16, 15, 8]",2,0.0011695906432740001,-487,141,5,0.026887293992557,628,1
771,"(7,16)",,False,77,"[7, 11, 16, 15, 8]",2,0.0011695906432740001,-487,141,5,0.026887293992557,628,1
772,"(1,4)",,False,79,"[8, 6, 1, 3, 4]",2,0.0011695906432740001,-489,141,6,0.020906432748538,630,1
773,"(1,4)",,False,79,"[8, 6, 1, 3, 4]",2,0.0011695906432740001,-489,141,6,0.020906432748538,630,1
774,"(18,15)",,False,79,"[3, 18, 15, 16, 7]",2,0.0011695906432740001,-491,141,6,0.034377172535067,632,1
775,"(18,15)",,False,79,"[3, 18, 15, 16, 7]",2,0.0011695906432740001,-491,141,6,0.034377172535067,632,1
776,"(19,13)",,False,77,"[4, 15, 11, 19, 13]",2,0.0014619883040930001,-493,141,5,0.028154350522771,634,1
777,"(19,13)",,False,77,"[4, 15, 11, 19, 13]",2,0.0014619883040930001,-493,141,5,0.028154350522771,634,1
778,"(14,17)",,False,77,"[14, 12, 7, 19, 17]",2,0.0011695906432740001,-495,141,5,0.031051745525429,636,1
779,"(14,17)",,False,77,"[14, 12, 7, 19, 17]",2,0.0011695906432740001,-495,141,5,0.031051745525429,636,1
780,"(14,13)",,False,77,"[14, 8, 10, 13, 4]",2,0.0011695906432740001,-497,141,5,0.014571150097465001,638,1
781,"(14,13)",,False,77,"[14, 8, 10, 13, 4]",2,0.0011695906432740001,-497,141,5,0.014571150097465001,638,1
782,"(15,1)",,False,77,"[13, 3, 15, 0, 1]",2,0.0011695906432740001,-499,141,5,0.014571150097465001,640,1
783,"(15,1)",,False,77,"[13, 3, 15, 0, 1]",2,0.0011695906432740001,-499,141,5,0.014571150097465001,640,1
784,"(2,10)",,False,77,"[5, 2, 17, 13, 10]",2,0.0011695906432740001,-501,141,5,0.017495126705653,642,1
785,"(2,10)",,False,77,"[5, 2, 17, 13, 10]",2,0.0011695906432740001,-501,141,5,0.017495126705653,642,1
786,"(2,0)",,False,75,"[11, 4, 2, 0, 12]",1,0.0,-503,141,5,0.019249512670565003,644,1
787,"(2,0)",,False,75,"[11, 4, 2, 0, 12]",1,0.0,-503,141,5,0.019249512670565003,644,1
788,"(3,15)",,False,73,"[3, 1, 15, 2, 4]",1,0.0,-505,141,4,0.030490578297595,646,1
789,"(3,15)",,False,73,"[3, 1, 15, 2, 4]",1,0.0,-505,141,4,0.030490578297595,646,1
790,"(17,8)",,False,73,"[10, 17, 8, 16, 6]",1,0.0,-507,141,4,0.02716049382716,648,1
791,"(17,8)",,False,73,"[10, 17, 8, 16, 6]",1,0.0,-507,141,4,0.02716049382716,648,1
792,"(17,14)",,False,73,"[17, 6, 14, 13, 4]",1,0.0,-509,141,4,0.02716049382716,650,1
793,"(17,14)",,False,73,"[17, 6, 14, 13, 4]",1,0.0,-509,141,4,0.02716049382716,650,1
794,"(9,4)",,False,75,"[9, 4, 14, 6, 11]",1,0.0,-511,141,4,0.014664185716817001,652,1
795,"(9,4)",,False,75,"[9, 4, 14, 6, 11]",1,0.0,-511,141,4,0.014664185716817001,652,1
796,"(19,3)",,False,75,"[2, 19, 3, 8, 14]",1,0.0,-513,141,4,0.00970072239422,654,1
797,"(19,3)",,False,75,"[2, 19, 3, 8, 14]",1,0.0,-513,141,4,0.00970072239422,654,1
798,"(2,1)",,False,75,"[14, 2, 1, 10, 19]",1,0.0,-515,141,4,0.016959064327485,656,1
799,"(2,1)",,False,75,"[14, 2, 1, 10, 19]",1,0.0,-515,141,4,0.016959064327485,656,1
