,actionDetail,actionType,bonusActivated,graphEdgeCount,nodeList,p1Degree,p1Score,p1WinAdvantage,p1WinCount,p2Degree,p2Score,p2WinCount,player
0,"(3,18)",,True,2,"[3, 0, 18, 9, 8]",0,-0.001,0,0,0,-0.001,0,1
1,"(3,18)",,True,2,"[3, 0, 18, 9, 8]",0,-0.001,0,0,0,-0.001,0,1
2,"(18,6)",,True,4,"[18, 6, 8, 2, 5]",0,-0.001,0,0,0,-0.001,0,1
3,"(18,6)",,True,4,"[18, 6, 8, 2, 5]",0,-0.001,0,0,0,-0.001,0,1
4,"(9,3)",,True,6,"[9, 3, 11, 4, 2]",0,-0.001,0,0,0,-0.001,0,1
5,"(9,3)",,True,6,"[9, 3, 11, 4, 2]",0,-0.001,0,0,0,-0.001,0,1
6,"(5,1)",,True,8,"[5, 19, 9, 1, 12]",0,-0.001,-1,0,1,0.0,1,1
7,"(5,1)",,True,8,"[5, 19, 9, 1, 12]",0,-0.001,-1,0,1,0.0,1,1
8,"(5,13)",,True,10,"[5, 13, 9, 19, 15]",0,-0.001,-3,0,1,0.0,3,1
9,"(5,13)",,True,10,"[5, 13, 9, 19, 15]",0,-0.001,-3,0,1,0.0,3,1
10,"(1,7)",,True,12,"[1, 15, 7, 8, 18]",0,-0.001,-5,0,2,0.08187134502923901,5,1
11,"(1,7)",,True,12,"[1, 15, 7, 8, 18]",0,-0.001,-5,0,2,0.08187134502923901,5,1
12,"(11,4)",,True,12,"[8, 11, 4, 16, 9]",0,-0.001,-7,0,2,0.11695906432748501,7,1
13,"(11,4)",,True,12,"[8, 11, 4, 16, 9]",0,-0.001,-7,0,2,0.11695906432748501,7,1
14,"(19,2)",,True,14,"[19, 2, 5, 18, 14]",0,-0.001,-9,0,2,0.0,9,1
15,"(19,2)",,True,14,"[19, 2, 5, 18, 14]",0,-0.001,-9,0,2,0.0,9,1
16,"(4,9)",,True,16,"[4, 9, 0, 7, 13]",0,-0.001,-11,0,2,0.0,11,1
17,"(4,9)",,True,16,"[4, 9, 0, 7, 13]",0,-0.001,-11,0,2,0.0,11,1
18,"(18,5)",,True,18,"[18, 5, 6, 11, 10]",0,-0.001,-13,0,2,0.0,13,1
19,"(18,5)",,True,18,"[18, 5, 6, 11, 10]",0,-0.001,-13,0,2,0.0,13,1
20,"(14,1)",,True,20,"[14, 1, 13, 18, 12]",0,-0.001,-15,0,3,0.125730994152046,15,1
21,"(14,1)",,True,20,"[14, 1, 13, 18, 12]",0,-0.001,-15,0,3,0.125730994152046,15,1
22,"(17,1)",,True,22,"[13, 14, 17, 1, 15]",0,-0.001,-17,0,4,0.205653021442495,17,1
23,"(17,1)",,True,22,"[13, 14, 17, 1, 15]",0,-0.001,-17,0,4,0.205653021442495,17,1
24,"(17,8)",,True,24,"[3, 0, 9, 17, 8]",0,-0.001,-19,0,4,0.225146198830409,19,1
25,"(17,8)",,True,24,"[3, 0, 9, 17, 8]",0,-0.001,-19,0,4,0.225146198830409,19,1
26,"(14,11)",,True,24,"[9, 14, 7, 16, 11]",0,-0.001,-21,0,4,0.25730994152046704,21,1
27,"(14,11)",,True,24,"[9, 14, 7, 16, 11]",0,-0.001,-21,0,4,0.25730994152046704,21,1
28,"(12,13)",,True,26,"[12, 2, 4, 13, 3]",0,-0.001,-23,0,4,0.19054580896686102,23,1
29,"(12,13)",,True,26,"[12, 2, 4, 13, 3]",0,-0.001,-23,0,4,0.19054580896686102,23,1
30,"(5,19)",,True,28,"[5, 2, 9, 19, 10]",0,-0.001,-25,0,4,0.194444444444444,25,1
31,"(5,19)",,True,28,"[5, 2, 9, 19, 10]",0,-0.001,-25,0,4,0.194444444444444,25,1
32,"(1,2)",,True,30,"[1, 13, 6, 2, 14]",0,-0.001,-27,0,5,0.22472848788638203,27,1
33,"(1,2)",,True,30,"[1, 13, 6, 2, 14]",0,-0.001,-27,0,5,0.22472848788638203,27,1
34,"(2,8)",,True,30,"[15, 3, 2, 8, 6]",0,-0.001,-29,0,4,0.12336396546922801,29,1
35,"(2,8)",,True,30,"[15, 3, 2, 8, 6]",0,-0.001,-29,0,4,0.12336396546922801,29,1
36,"(2,0)",,True,32,"[18, 2, 0, 10, 12]",1,0.0,-31,0,4,0.069507101086048,31,1
37,"(2,0)",,True,32,"[18, 2, 0, 10, 12]",1,0.0,-31,0,4,0.069507101086048,31,1
38,"(14,15)",,True,34,"[14, 6, 10, 15, 16]",1,0.0,-33,0,4,0.08054859370648801,33,1
39,"(14,15)",,True,34,"[14, 6, 10, 15, 16]",1,0.0,-33,0,4,0.08054859370648801,33,1
40,7:14,assassinate,True,26,"[15, 11, 10, 12, 7]",1,0.0,-35,0,2,0.18713450292397601,35,1
41,7:14,assassinate,True,26,"[15, 11, 10, 12, 7]",1,0.0,-35,0,2,0.18713450292397601,35,1
42,15:4,assassinate,True,25,"[1, 11, 4, 8, 15]",1,0.0,-37,0,2,0.09356725146198801,37,1
43,15:4,assassinate,True,25,"[1, 11, 4, 8, 15]",1,0.0,-37,0,2,0.09356725146198801,37,1
44,"(17,4)",,True,27,"[17, 4, 16, 12, 13]",1,0.0,-39,0,2,0.09356725146198801,39,1
45,"(17,4)",,True,27,"[17, 4, 16, 12, 13]",1,0.0,-39,0,2,0.09356725146198801,39,1
46,"(19,7)",,True,29,"[19, 4, 7, 6, 9]",1,0.0,-41,0,2,0.09941520467836201,41,1
47,"(19,7)",,True,29,"[19, 4, 7, 6, 9]",1,0.0,-41,0,2,0.09941520467836201,41,1
48,"(19,12)",,True,31,"[19, 12, 5, 17, 0]",1,0.0,-43,0,3,0.09941520467836201,43,1
49,"(19,12)",,True,31,"[19, 12, 5, 17, 0]",1,0.0,-43,0,3,0.09941520467836201,43,1
50,"(12,19)",,True,31,"[12, 19, 9, 6, 10]",2,0.014619883040935,-45,0,3,0.09941520467836201,45,1
51,"(12,19)",,True,31,"[12, 19, 9, 6, 10]",2,0.014619883040935,-45,0,3,0.09941520467836201,45,1
52,18:8,assassinate,True,26,"[8, 16, 3, 18, 7]",1,0.0,-47,0,3,0.09356725146198801,47,1
53,18:8,assassinate,True,26,"[8, 16, 3, 18, 7]",1,0.0,-47,0,3,0.09356725146198801,47,1
54,"(1,4)",,True,26,"[19, 9, 1, 5, 4]",1,0.0,-49,0,4,0.11460216197058301,49,1
55,"(1,4)",,True,26,"[19, 9, 1, 5, 4]",1,0.0,-49,0,4,0.11460216197058301,49,1
56,"(8,2)",,True,26,"[15, 8, 0, 2, 3]",1,0.0,-51,0,4,0.12085769980506801,51,1
57,"(8,2)",,True,26,"[15, 8, 0, 2, 3]",1,0.0,-51,0,4,0.12085769980506801,51,1
58,"(18,14)",,True,28,"[18, 10, 14, 8, 11]",1,0.0,-53,0,4,0.202729044834307,53,1
59,"(18,14)",,True,28,"[18, 10, 14, 8, 11]",1,0.0,-53,0,4,0.202729044834307,53,1
60,"(9,3)",,True,28,"[17, 11, 10, 9, 3]",1,0.0,-55,0,4,0.09853801169590601,55,1
61,"(9,3)",,True,28,"[17, 11, 10, 9, 3]",1,0.0,-55,0,4,0.09853801169590601,55,1
62,"(3,13)",,True,26,"[2, 8, 3, 5, 13]",1,0.0,-57,0,3,0.064118629908103,57,1
63,"(3,13)",,True,26,"[2, 8, 3, 5, 13]",1,0.0,-57,0,3,0.064118629908103,57,1
64,19:16,assassinate,True,19,"[13, 2, 8, 7, 19]",2,0.005847953216374001,-57,1,2,0.12865497076023302,58,1
65,19:16,assassinate,True,19,"[13, 2, 8, 7, 19]",2,0.005847953216374001,-57,1,2,0.12865497076023302,58,1
66,"(1,2)",,True,21,"[1, 3, 0, 14, 2]",2,0.087719298245614,-59,1,3,0.35672514619883,60,1
67,"(1,2)",,True,21,"[1, 3, 0, 14, 2]",2,0.087719298245614,-59,1,3,0.35672514619883,60,1
68,6:2,assassinate,True,22,"[14, 6, 12, 18, 10]",1,0.0,-61,1,3,0.162768031189083,62,1
69,6:2,assassinate,True,22,"[14, 6, 12, 18, 10]",1,0.0,-61,1,3,0.162768031189083,62,1
70,"(12,1)",,True,24,"[12, 1, 5, 18, 2]",2,0.005555555555555001,-63,1,4,0.182651072124756,64,1
71,"(12,1)",,True,24,"[12, 1, 5, 18, 2]",2,0.005555555555555001,-63,1,4,0.182651072124756,64,1
72,"(7,1)",,True,24,"[18, 16, 12, 7, 1]",2,0.005847953216374001,-65,1,4,0.19541910331384002,66,1
73,"(7,1)",,True,24,"[18, 16, 12, 7, 1]",2,0.005847953216374001,-65,1,4,0.19541910331384002,66,1
74,"(15,14)",,True,26,"[8, 11, 16, 15, 14]",2,0.005555555555555001,-67,1,4,0.25555555555555504,68,1
75,"(15,14)",,True,26,"[8, 11, 16, 15, 14]",2,0.005555555555555001,-67,1,4,0.25555555555555504,68,1
76,"(9,16)",,True,26,"[7, 9, 16, 15, 14]",3,0.099122807017543,-69,1,4,0.281871345029239,70,1
77,"(9,16)",,True,26,"[7, 9, 16, 15, 14]",3,0.099122807017543,-69,1,4,0.281871345029239,70,1
78,"(9,12)",,True,26,"[17, 15, 9, 12, 0]",3,0.10575048732943401,-71,1,4,0.28089668615984403,72,1
79,"(9,12)",,True,26,"[17, 15, 9, 12, 0]",3,0.10575048732943401,-71,1,4,0.28089668615984403,72,1
80,"(13,0)",,True,26,"[13, 0, 12, 10, 7]",3,0.11695906432748501,-71,2,4,0.260428849902534,73,1
81,"(13,0)",,True,26,"[13, 0, 12, 10, 7]",3,0.11695906432748501,-71,2,4,0.260428849902534,73,1
82,4:12,assassinate,True,22,"[18, 4, 9, 12, 10]",3,0.10721247563352801,-73,2,4,0.212475633528265,75,1
83,4:12,assassinate,True,22,"[18, 4, 9, 12, 10]",3,0.10721247563352801,-73,2,4,0.212475633528265,75,1
84,"(8,18)",,True,24,"[8, 18, 6, 2, 11]",4,0.145614035087719,-71,4,4,0.10448343079922001,75,1
85,"(8,18)",,True,24,"[8, 18, 6, 2, 11]",4,0.145614035087719,-71,4,4,0.10448343079922001,75,1
86,10:14,assassinate,True,18,"[19, 9, 10, 7, 4]",3,0.12085769980506801,-71,5,4,0.23196881091617902,76,1
87,10:14,assassinate,True,18,"[19, 9, 10, 7, 4]",3,0.12085769980506801,-71,5,4,0.23196881091617902,76,1
88,"(0,2)",,True,16,"[19, 9, 18, 0, 2]",2,0.07602339181286501,-73,5,3,0.210526315789473,78,1
89,"(0,2)",,True,16,"[19, 9, 18, 0, 2]",2,0.07602339181286501,-73,5,3,0.210526315789473,78,1
90,"(0,3)",,True,16,"[0, 6, 17, 3, 16]",1,0.0,-75,5,3,0.137426900584795,80,1
91,"(0,3)",,True,16,"[0, 6, 17, 3, 16]",1,0.0,-75,5,3,0.137426900584795,80,1
92,"(14,0)",,True,16,"[7, 15, 14, 8, 0]",1,0.0,-77,5,3,0.134502923976608,82,1
93,"(14,0)",,True,16,"[7, 15, 14, 8, 0]",1,0.0,-77,5,3,0.134502923976608,82,1
94,12:12,assassinate,True,11,"[12, 5, 7, 16, 11]",0,-0.001,-79,5,2,0.105263157894736,84,1
95,12:12,assassinate,True,11,"[12, 5, 7, 16, 11]",0,-0.001,-79,5,2,0.105263157894736,84,1
96,"(11,2)",,True,11,"[11, 8, 2, 3, 12]",0,-0.001,-81,5,2,0.05847953216374201,86,1
97,"(11,2)",,True,11,"[11, 8, 2, 3, 12]",0,-0.001,-81,5,2,0.05847953216374201,86,1
98,"(12,11)",,True,13,"[12, 0, 11, 14, 5]",1,0.0,-83,5,2,0.06432748538011601,88,1
99,"(12,11)",,True,13,"[12, 0, 11, 14, 5]",1,0.0,-83,5,2,0.06432748538011601,88,1
100,"(5,10)",,True,13,"[5, 10, 7, 6, 15]",1,0.0,-83,5,1,0.0,88,1
101,"(5,10)",,True,13,"[5, 10, 7, 6, 15]",1,0.0,-83,5,1,0.0,88,1
102,"(4,0)",,True,13,"[3, 4, 0, 14, 5]",1,0.0,-82,6,1,0.0,88,1
103,"(4,0)",,True,13,"[3, 4, 0, 14, 5]",1,0.0,-82,6,1,0.0,88,1
104,"(9,2)",,True,15,"[9, 2, 14, 19, 13]",1,0.0,-82,6,1,0.0,88,1
105,"(9,2)",,True,15,"[9, 2, 14, 19, 13]",1,0.0,-82,6,1,0.0,88,1
106,"(1,4)",,True,17,"[1, 18, 15, 17, 4]",1,0.0,-83,6,2,0.049707602339181006,89,1
107,"(1,4)",,True,17,"[1, 18, 15, 17, 4]",1,0.0,-83,6,2,0.049707602339181006,89,1
108,11:4,assassinate,True,16,"[11, 4, 0, 9, 7]",2,0.12865497076023302,-83,7,2,0.15204678362573001,90,1
109,11:4,assassinate,True,16,"[11, 4, 0, 9, 7]",2,0.12865497076023302,-83,7,2,0.15204678362573001,90,1
110,"(5,2)",,True,18,"[17, 12, 5, 2, 4]",2,0.0,-83,8,2,0.038011695906432004,91,1
111,"(5,2)",,True,18,"[17, 12, 5, 2, 4]",2,0.0,-83,8,2,0.038011695906432004,91,1
112,"(14,12)",,True,18,"[14, 18, 6, 9, 12]",2,0.0,-85,8,2,0.15204678362573001,93,1
113,"(14,12)",,True,18,"[14, 18, 6, 9, 12]",2,0.0,-85,8,2,0.15204678362573001,93,1
114,"(14,17)",,True,20,"[14, 17, 19, 4, 6]",2,0.0,-87,8,2,0.035087719298245,95,1
115,"(14,17)",,True,20,"[14, 17, 19, 4, 6]",2,0.0,-87,8,2,0.035087719298245,95,1
116,18:6,assassinate,True,16,"[17, 15, 18, 12, 8]",2,0.0,-89,8,2,0.140350877192982,97,1
117,18:6,assassinate,True,16,"[17, 15, 18, 12, 8]",2,0.0,-89,8,2,0.140350877192982,97,1
118,"(3,15)",,True,18,"[3, 4, 5, 15, 17]",3,0.087719298245614,-91,8,2,0.228070175438596,99,1
119,"(3,15)",,True,18,"[3, 4, 5, 15, 17]",3,0.087719298245614,-91,8,2,0.228070175438596,99,1
120,8:6,assassinate,True,16,"[6, 12, 16, 10, 8]",3,0.070175438596491,-89,10,2,0.0,99,1
121,8:6,assassinate,True,16,"[6, 12, 16, 10, 8]",3,0.070175438596491,-89,10,2,0.0,99,1
122,10:4,assassinate,True,15,"[6, 9, 16, 10, 13]",3,0.06432748538011601,-87,12,2,0.0,99,1
123,10:4,assassinate,True,15,"[6, 9, 16, 10, 13]",3,0.06432748538011601,-87,12,2,0.0,99,1
124,"(4,8)",,True,17,"[12, 4, 7, 16, 8]",3,0.037037037037037,-85,14,2,0.0,99,1
125,"(4,8)",,True,17,"[12, 4, 7, 16, 8]",3,0.037037037037037,-85,14,2,0.0,99,1
126,18:4,assassinate,True,14,"[5, 11, 16, 18, 17]",2,0.0,-84,15,2,0.0,99,1
127,18:4,assassinate,True,14,"[5, 11, 16, 18, 17]",2,0.0,-84,15,2,0.0,99,1
128,"(18,6)",,True,16,"[18, 6, 13, 9, 4]",2,0.0,-84,15,2,0.0,99,1
129,"(18,6)",,True,16,"[18, 6, 13, 9, 4]",2,0.0,-84,15,2,0.0,99,1
130,"(9,19)",,True,18,"[9, 19, 0, 16, 7]",2,0.0,-84,15,2,0.0,99,1
131,"(9,19)",,True,18,"[9, 19, 0, 16, 7]",2,0.0,-84,15,2,0.0,99,1
132,"(12,13)",,True,20,"[12, 13, 9, 6, 19]",2,0.0,-84,15,2,0.0,99,1
133,"(12,13)",,True,20,"[12, 13, 9, 6, 19]",2,0.0,-84,15,2,0.0,99,1
134,"(7,3)",,True,22,"[17, 7, 16, 3, 12]",3,0.07309941520467801,-82,17,2,0.0,99,1
135,"(7,3)",,True,22,"[17, 7, 16, 3, 12]",3,0.07309941520467801,-82,17,2,0.0,99,1
136,"(9,4)",,True,24,"[3, 10, 9, 4, 0]",3,0.050194931773879,-80,19,2,0.0,99,1
137,"(9,4)",,True,24,"[3, 10, 9, 4, 0]",3,0.050194931773879,-80,19,2,0.0,99,1
138,14:8,assassinate,True,19,"[9, 13, 14, 1, 12]",2,0.0,-79,20,1,0.0,99,1
139,14:8,assassinate,True,19,"[9, 13, 14, 1, 12]",2,0.0,-79,20,1,0.0,99,1
140,2:8,assassinate,True,16,"[17, 7, 6, 4, 2]",2,0.05847953216374201,-77,22,1,0.0,99,1
141,2:8,assassinate,True,16,"[17, 7, 6, 4, 2]",2,0.05847953216374201,-77,22,1,0.0,99,1
142,"(2,12)",,True,18,"[2, 0, 12, 15, 11]",2,0.028265107212475,-75,24,1,0.0,99,1
143,"(2,12)",,True,18,"[2, 0, 12, 15, 11]",2,0.028265107212475,-75,24,1,0.0,99,1
144,"(1,15)",,True,20,"[1, 15, 8, 5, 14]",3,0.19200779727095502,-73,26,2,0.18128654970760202,99,1
145,"(1,15)",,True,20,"[1, 15, 8, 5, 14]",3,0.19200779727095502,-73,26,2,0.18128654970760202,99,1
146,9:10,assassinate,True,16,"[17, 11, 14, 9, 13]",3,0.18421052631578902,-71,28,2,0.06432748538011601,99,1
147,9:10,assassinate,True,16,"[17, 11, 14, 9, 13]",3,0.18421052631578902,-71,28,2,0.06432748538011601,99,1
148,5:6,assassinate,True,14,"[5, 8, 11, 18, 17]",2,0.122807017543859,-69,30,2,0.09356725146198801,99,1
149,5:6,assassinate,True,14,"[5, 8, 11, 18, 17]",2,0.122807017543859,-69,30,2,0.09356725146198801,99,1
150,"(3,6)",,True,16,"[11, 3, 19, 14, 6]",2,0.059454191033138,-67,32,2,0.052631578947368,99,1
151,"(3,6)",,True,16,"[11, 3, 19, 14, 6]",2,0.059454191033138,-67,32,2,0.052631578947368,99,1
152,"(0,10)",,True,17,"[3, 7, 12, 0, 10]",1,0.0,-67,33,2,0.08187134502923901,100,1
153,"(0,10)",,True,17,"[3, 7, 12, 0, 10]",1,0.0,-67,33,2,0.08187134502923901,100,1
154,3:6,assassinate,True,15,"[14, 3, 1, 10, 11]",2,0.070175438596491,-69,33,2,0.23391812865497003,102,1
155,3:6,assassinate,True,15,"[14, 3, 1, 10, 11]",2,0.070175438596491,-69,33,2,0.23391812865497003,102,1
156,8:4,assassinate,True,12,"[0, 18, 2, 6, 8]",2,0.011695906432748001,-67,35,1,0.0,102,1
157,8:4,assassinate,True,12,"[0, 18, 2, 6, 8]",2,0.011695906432748001,-67,35,1,0.0,102,1
158,"(2,1)",,True,14,"[7, 2, 19, 1, 6]",2,0.06432748538011601,-67,36,2,0.157894736842105,103,1
159,"(2,1)",,True,14,"[7, 2, 19, 1, 6]",2,0.06432748538011601,-67,36,2,0.157894736842105,103,1
160,"(19,1)",,True,16,"[10, 19, 1, 8, 0]",2,0.0029239766081870003,-69,36,4,0.160818713450292,105,1
161,"(19,1)",,True,16,"[10, 19, 1, 8, 0]",2,0.0029239766081870003,-69,36,4,0.160818713450292,105,1
162,"(9,1)",,True,18,"[9, 8, 1, 19, 0]",2,0.005847953216374001,-71,36,5,0.167641325536062,107,1
163,"(9,1)",,True,18,"[9, 8, 1, 19, 0]",2,0.005847953216374001,-71,36,5,0.167641325536062,107,1
164,"(15,0)",,True,18,"[7, 15, 0, 8, 4]",1,0.0,-73,36,5,0.20896686159844002,109,1
165,"(15,0)",,True,18,"[7, 15, 0, 8, 4]",1,0.0,-73,36,5,0.20896686159844002,109,1
166,"(15,14)",,True,21,"[15, 18, 2, 14, 8]",3,0.09941520467836201,-75,36,5,0.19629629629629602,111,1
167,"(15,14)",,True,21,"[15, 18, 2, 14, 8]",3,0.09941520467836201,-75,36,5,0.19629629629629602,111,1
168,18:6,assassinate,True,17,"[16, 4, 11, 18, 19]",3,0.14619883040935602,-75,37,4,0.20467836257309902,112,1
169,18:6,assassinate,True,17,"[16, 4, 11, 18, 19]",3,0.14619883040935602,-75,37,4,0.20467836257309902,112,1
170,"(1,5)",,True,19,"[8, 4, 1, 5, 16]",3,0.23976608187134502,-76,37,5,0.309941520467836,113,1
171,"(1,5)",,True,19,"[8, 4, 1, 5, 16]",3,0.23976608187134502,-76,37,5,0.309941520467836,113,1
172,2:10,assassinate,True,15,"[8, 1, 2, 12, 9]",3,0.22222222222222202,-76,38,4,0.286549707602339,114,1
173,2:10,assassinate,True,15,"[8, 1, 2, 12, 9]",3,0.22222222222222202,-76,38,4,0.286549707602339,114,1
174,"(0,14)",,True,15,"[0, 15, 10, 14, 8]",3,0.22222222222222202,-76,39,4,0.286549707602339,115,1
175,"(0,14)",,True,15,"[0, 15, 10, 14, 8]",3,0.22222222222222202,-76,39,4,0.286549707602339,115,1
176,"(19,1)",,True,17,"[2, 11, 19, 1, 16]",3,0.18128654970760202,-76,40,5,0.19883040935672502,116,1
177,"(19,1)",,True,17,"[2, 11, 19, 1, 16]",3,0.18128654970760202,-76,40,5,0.19883040935672502,116,1
178,"(1,8)",,True,19,"[14, 18, 1, 8, 0]",3,0.16959064327485301,-76,41,6,0.210526315789473,117,1
179,"(1,8)",,True,19,"[14, 18, 1, 8, 0]",3,0.16959064327485301,-76,41,6,0.210526315789473,117,1
180,"(8,19)",,True,19,"[18, 14, 8, 19, 12]",3,0.16374269005847902,-76,42,5,0.16666666666666602,118,1
181,"(8,19)",,True,19,"[18, 14, 8, 19, 12]",3,0.16374269005847902,-76,42,5,0.16666666666666602,118,1
182,"(17,19)",,True,21,"[4, 17, 19, 11, 18]",3,0.05847953216374201,-76,43,5,0.18615984405458003,119,1
183,"(17,19)",,True,21,"[4, 17, 19, 11, 18]",3,0.05847953216374201,-76,43,5,0.18615984405458003,119,1
184,17:6,assassinate,True,19,"[17, 11, 18, 4, 16]",3,0.046783625730994004,-78,43,5,0.11306042884990201,121,1
185,17:6,assassinate,True,19,"[17, 11, 18, 4, 16]",3,0.046783625730994004,-78,43,5,0.11306042884990201,121,1
186,"(18,1)",,True,21,"[18, 17, 3, 1, 6]",4,0.12865497076023302,-78,44,6,0.20370370370370303,122,1
187,"(18,1)",,True,21,"[18, 17, 3, 1, 6]",4,0.12865497076023302,-78,44,6,0.20370370370370303,122,1
188,"(16,0)",,True,21,"[16, 17, 2, 0, 8]",3,0.08187134502923901,-80,44,6,0.20370370370370303,124,1
189,"(16,0)",,True,21,"[16, 17, 2, 0, 8]",3,0.08187134502923901,-80,44,6,0.20370370370370303,124,1
190,13:8,assassinate,True,19,"[19, 13, 15, 1, 5]",2,0.038011695906432004,-82,44,6,0.183723196881091,126,1
191,13:8,assassinate,True,19,"[19, 13, 15, 1, 5]",2,0.038011695906432004,-82,44,6,0.183723196881091,126,1
192,"(15,12)",,True,19,"[5, 15, 13, 12, 11]",2,0.078947368421052,-84,44,6,0.252436647173489,128,1
193,"(15,12)",,True,19,"[5, 15, 13, 12, 11]",2,0.078947368421052,-84,44,6,0.252436647173489,128,1
194,"(8,2)",,True,21,"[7, 8, 4, 0, 2]",2,0.026315789473684,-86,44,6,0.21345029239766003,130,1
195,"(8,2)",,True,21,"[7, 8, 4, 0, 2]",2,0.026315789473684,-86,44,6,0.21345029239766003,130,1
196,"(7,1)",,True,23,"[7, 3, 1, 10, 2]",2,0.022417153996101002,-88,44,7,0.25438596491228,132,1
197,"(7,1)",,True,23,"[7, 3, 1, 10, 2]",2,0.022417153996101002,-88,44,7,0.25438596491228,132,1
198,"(1,13)",,True,25,"[12, 1, 2, 9, 13]",2,0.027290448343079,-90,44,8,0.297270955165692,134,1
199,"(1,13)",,True,25,"[12, 1, 2, 9, 13]",2,0.027290448343079,-90,44,8,0.297270955165692,134,1
200,"(16,13)",,True,25,"[16, 13, 19, 4, 11]",2,0.029239766081871003,-92,44,7,0.366471734892787,136,1
201,"(16,13)",,True,25,"[16, 13, 19, 4, 11]",2,0.029239766081871003,-92,44,7,0.366471734892787,136,1
202,"(3,10)",,True,28,"[3, 9, 4, 10, 12]",4,0.12231968810916101,-94,44,7,0.38693957115009703,138,1
203,"(3,10)",,True,28,"[3, 9, 4, 10, 12]",4,0.12231968810916101,-94,44,7,0.38693957115009703,138,1
204,"(7,6)",,True,28,"[11, 7, 16, 6, 18]",4,0.128167641325536,-96,44,6,0.47758284600389805,140,1
205,"(7,6)",,True,28,"[11, 7, 16, 6, 18]",4,0.128167641325536,-96,44,6,0.47758284600389805,140,1
206,19:8,assassinate,True,26,"[8, 3, 5, 19, 11]",3,0.105263157894736,-98,44,6,0.301754385964912,142,1
207,19:8,assassinate,True,26,"[8, 3, 5, 19, 11]",3,0.105263157894736,-98,44,6,0.301754385964912,142,1
208,"(17,0)",,True,26,"[3, 17, 0, 10, 16]",2,0.005847953216374001,-100,44,6,0.274269005847953,144,1
209,"(17,0)",,True,26,"[3, 17, 0, 10, 16]",2,0.005847953216374001,-100,44,6,0.274269005847953,144,1
210,"(10,1)",,True,28,"[10, 14, 18, 13, 1]",2,0.005847953216374001,-102,44,7,0.32915622389306504,146,1
211,"(10,1)",,True,28,"[10, 14, 18, 13, 1]",2,0.005847953216374001,-102,44,7,0.32915622389306504,146,1
212,"(8,4)",,True,31,"[18, 9, 8, 4, 2]",2,0.0029239766081870003,-104,44,7,0.29707602339181205,148,1
213,"(8,4)",,True,31,"[18, 9, 8, 4, 2]",2,0.0029239766081870003,-104,44,7,0.29707602339181205,148,1
214,"(14,0)",,True,31,"[14, 2, 0, 10, 16]",1,0.0,-106,44,7,0.28518518518518504,150,1
215,"(14,0)",,True,31,"[14, 2, 0, 10, 16]",1,0.0,-106,44,7,0.28518518518518504,150,1
216,6:4,assassinate,True,30,"[4, 10, 2, 14, 6]",1,0.0,-108,44,7,0.197465886939571,152,1
217,6:4,assassinate,True,30,"[4, 10, 2, 14, 6]",1,0.0,-108,44,7,0.197465886939571,152,1
218,"(19,5)",,True,30,"[19, 5, 14, 17, 8]",1,0.0,-110,44,6,0.195711500974658,154,1
219,"(19,5)",,True,30,"[19, 5, 14, 17, 8]",1,0.0,-110,44,6,0.195711500974658,154,1
220,"(6,10)",,True,32,"[11, 3, 6, 15, 10]",1,0.0,-112,44,6,0.20662768031189002,156,1
221,"(6,10)",,True,32,"[11, 3, 6, 15, 10]",1,0.0,-112,44,6,0.20662768031189002,156,1
222,12:16,assassinate,True,25,"[13, 14, 0, 11, 12]",1,0.0,-114,44,5,0.18274853801169502,158,1
223,12:16,assassinate,True,25,"[13, 14, 0, 11, 12]",1,0.0,-114,44,5,0.18274853801169502,158,1
224,"(10,14)",,True,27,"[11, 16, 4, 10, 14]",1,0.0,-116,44,5,0.15419103313840102,160,1
225,"(10,14)",,True,27,"[11, 16, 4, 10, 14]",1,0.0,-116,44,5,0.15419103313840102,160,1
226,"(10,13)",,True,25,"[14, 10, 13, 11, 8]",1,0.0,-118,44,4,0.155360623781676,162,1
227,"(10,13)",,True,25,"[14, 10, 13, 11, 8]",1,0.0,-118,44,4,0.155360623781676,162,1
228,8:10,assassinate,True,19,"[8, 6, 9, 2, 10]",1,0.0,-120,44,3,0.067251461988304,164,1
229,8:10,assassinate,True,19,"[8, 6, 9, 2, 10]",1,0.0,-120,44,3,0.067251461988304,164,1
230,"(13,8)",,True,21,"[13, 0, 15, 19, 8]",1,0.0,-122,44,3,0.070175438596491,166,1
231,"(13,8)",,True,21,"[13, 0, 15, 19, 8]",1,0.0,-122,44,3,0.070175438596491,166,1
232,"(8,12)",,True,23,"[8, 4, 12, 19, 6]",1,0.0,-124,44,3,0.057017543859649,168,1
233,"(8,12)",,True,23,"[8, 4, 12, 19, 6]",1,0.0,-124,44,3,0.057017543859649,168,1
234,"(1,12)",,True,23,"[3, 5, 1, 6, 12]",1,0.0,-126,44,3,0.089181286549707,170,1
235,"(1,12)",,True,23,"[3, 5, 1, 6, 12]",1,0.0,-126,44,3,0.089181286549707,170,1
236,"(7,12)",,True,24,"[0, 7, 12, 8, 15]",1,0.0,-128,44,3,0.062670565302144,172,1
237,"(7,12)",,True,24,"[0, 7, 12, 8, 15]",1,0.0,-128,44,3,0.062670565302144,172,1
238,3:16,assassinate,True,18,"[3, 18, 8, 4, 12]",1,0.0,-130,44,3,0.100389863547758,174,1
239,3:16,assassinate,True,18,"[3, 18, 8, 4, 12]",1,0.0,-130,44,3,0.100389863547758,174,1
240,"(14,10)",,True,18,"[14, 18, 10, 19, 3]",1,0.0,-132,44,3,0.09844054580896601,176,1
241,"(14,10)",,True,18,"[14, 18, 10, 19, 3]",1,0.0,-132,44,3,0.09844054580896601,176,1
242,11:6,assassinate,True,14,"[15, 3, 11, 1, 18]",1,0.0,-134,44,2,0.16374269005847902,178,1
243,11:6,assassinate,True,14,"[15, 3, 11, 1, 18]",1,0.0,-134,44,2,0.16374269005847902,178,1
244,"(4,18)",,True,16,"[4, 18, 9, 3, 5]",1,0.0,-136,44,2,0.18713450292397601,180,1
245,"(4,18)",,True,16,"[4, 18, 9, 3, 5]",1,0.0,-136,44,2,0.18713450292397601,180,1
246,4:10,assassinate,True,12,"[4, 19, 5, 17, 18]",1,0.0,-136,45,2,0.14619883040935602,181,1
247,4:10,assassinate,True,12,"[4, 19, 5, 17, 18]",1,0.0,-136,45,2,0.14619883040935602,181,1
248,"(12,3)",,True,14,"[12, 9, 15, 17, 3]",1,0.0,-138,45,2,0.20467836257309902,183,1
249,"(12,3)",,True,14,"[12, 9, 15, 17, 3]",1,0.0,-138,45,2,0.20467836257309902,183,1
250,"(6,8)",,True,14,"[6, 8, 3, 12, 5]",1,0.0,-140,45,2,0.280701754385964,185,1
251,"(6,8)",,True,14,"[6, 8, 3, 12, 5]",1,0.0,-140,45,2,0.280701754385964,185,1
252,"(7,11)",,True,16,"[6, 7, 11, 10, 18]",1,0.0,-142,45,2,0.32748538011695905,187,1
253,"(7,11)",,True,16,"[6, 7, 11, 10, 18]",1,0.0,-142,45,2,0.32748538011695905,187,1
254,"(7,16)",,True,16,"[0, 7, 4, 16, 19]",1,0.0,-144,45,2,0.08187134502923901,189,1
255,"(7,16)",,True,16,"[0, 7, 4, 16, 19]",1,0.0,-144,45,2,0.08187134502923901,189,1
256,"(9,19)",,True,16,"[3, 14, 9, 19, 13]",1,0.0,-146,45,2,0.17251461988304,191,1
257,"(9,19)",,True,16,"[3, 14, 9, 19, 13]",1,0.0,-146,45,2,0.17251461988304,191,1
258,"(18,5)",,True,16,"[18, 5, 17, 7, 10]",1,0.0,-146,45,1,0.0,191,1
259,"(18,5)",,True,16,"[18, 5, 17, 7, 10]",1,0.0,-146,45,1,0.0,191,1
260,14:8,assassinate,True,13,"[9, 8, 6, 14, 15]",0,-0.001,-147,45,1,0.0,192,1
261,14:8,assassinate,True,13,"[9, 8, 6, 14, 15]",0,-0.001,-147,45,1,0.0,192,1
262,"(13,2)",,True,15,"[13, 0, 2, 15, 18]",0,-0.001,-149,45,1,0.0,194,1
263,"(13,2)",,True,15,"[13, 0, 2, 15, 18]",0,-0.001,-149,45,1,0.0,194,1
264,"(10,3)",,True,17,"[10, 3, 7, 9, 14]",0,-0.001,-151,45,1,0.0,196,1
265,"(10,3)",,True,17,"[10, 3, 7, 9, 14]",0,-0.001,-151,45,1,0.0,196,1
266,"(9,7)",,True,19,"[9, 7, 13, 2, 8]",0,-0.001,-153,45,1,0.0,198,1
267,"(9,7)",,True,19,"[9, 7, 13, 2, 8]",0,-0.001,-153,45,1,0.0,198,1
268,"(0,1)",,True,21,"[13, 12, 8, 0, 1]",1,0.0,-155,45,2,0.087719298245614,200,1
269,"(0,1)",,True,21,"[13, 12, 8, 0, 1]",1,0.0,-155,45,2,0.087719298245614,200,1
270,"(3,7)",,True,23,"[3, 7, 15, 5, 19]",1,0.0,-157,45,2,0.087719298245614,202,1
271,"(3,7)",,True,23,"[3, 7, 15, 5, 19]",1,0.0,-157,45,2,0.087719298245614,202,1
272,"(2,8)",,True,25,"[2, 8, 5, 3, 16]",1,0.0,-159,45,2,0.087719298245614,204,1
273,"(2,8)",,True,25,"[2, 8, 5, 3, 16]",1,0.0,-159,45,2,0.087719298245614,204,1
274,"(7,6)",,True,27,"[7, 6, 9, 18, 2]",1,0.0,-161,45,2,0.087719298245614,206,1
275,"(7,6)",,True,27,"[7, 6, 9, 18, 2]",1,0.0,-161,45,2,0.087719298245614,206,1
276,"(2,8)",,True,27,"[2, 8, 5, 19, 15]",1,0.0,-163,45,2,0.087719298245614,208,1
277,"(2,8)",,True,27,"[2, 8, 5, 19, 15]",1,0.0,-163,45,2,0.087719298245614,208,1
278,"(13,3)",,True,29,"[13, 3, 7, 12, 16]",1,0.0,-165,45,2,0.087719298245614,210,1
279,"(13,3)",,True,29,"[13, 3, 7, 12, 16]",1,0.0,-165,45,2,0.087719298245614,210,1
280,"(9,4)",,True,31,"[9, 4, 10, 13, 19]",2,0.030214424951267003,-163,47,2,0.026510721247563002,210,1
281,"(9,4)",,True,31,"[9, 4, 10, 13, 19]",2,0.030214424951267003,-163,47,2,0.026510721247563002,210,1
282,"(1,4)",,True,31,"[18, 1, 5, 19, 4]",2,0.12085769980506801,-163,48,3,0.289668615984405,211,1
283,"(1,4)",,True,31,"[18, 1, 5, 19, 4]",2,0.12085769980506801,-163,48,3,0.289668615984405,211,1
284,12:8,assassinate,True,26,"[12, 6, 18, 16, 5]",2,0.32748538011695905,-161,50,2,0.26315789473684204,211,1
285,12:8,assassinate,True,26,"[12, 6, 18, 16, 5]",2,0.32748538011695905,-161,50,2,0.26315789473684204,211,1
286,2:6,assassinate,True,22,"[2, 14, 8, 7, 15]",2,0.070175438596491,-159,52,1,0.0,211,1
287,2:6,assassinate,True,22,"[2, 14, 8, 7, 15]",2,0.070175438596491,-159,52,1,0.0,211,1
288,"(7,1)",,True,24,"[7, 1, 18, 3, 8]",2,0.010721247563352,-159,53,2,0.012183235867446001,212,1
289,"(7,1)",,True,24,"[7, 1, 18, 3, 8]",2,0.010721247563352,-159,53,2,0.012183235867446001,212,1
290,"(17,7)",,True,24,"[17, 7, 14, 12, 19]",2,0.010721247563352,-159,54,2,0.018031189083820003,213,1
291,"(17,7)",,True,24,"[17, 7, 14, 12, 19]",2,0.010721247563352,-159,54,2,0.018031189083820003,213,1
292,"(2,14)",,True,24,"[2, 14, 5, 16, 12]",2,0.014619883040935,-161,54,2,0.019005847953216002,215,1
293,"(2,14)",,True,24,"[2, 14, 5, 16, 12]",2,0.014619883040935,-161,54,2,0.019005847953216002,215,1
294,"(1,4)",,True,24,"[12, 19, 1, 7, 4]",2,0.07309941520467801,-161,55,3,0.311403508771929,216,1
295,"(1,4)",,True,24,"[12, 19, 1, 7, 4]",2,0.07309941520467801,-161,55,3,0.311403508771929,216,1
296,"(14,0)",,True,24,"[4, 19, 14, 11, 0]",2,0.07309941520467801,-161,56,3,0.311403508771929,217,1
297,"(14,0)",,True,24,"[4, 19, 14, 11, 0]",2,0.07309941520467801,-161,56,3,0.311403508771929,217,1
298,10:8,assassinate,True,21,"[6, 10, 11, 19, 2]",2,0.010721247563352,-163,56,3,0.031189083820662003,219,1
299,10:8,assassinate,True,21,"[6, 10, 11, 19, 2]",2,0.010721247563352,-163,56,3,0.031189083820662003,219,1
300,"(1,5)",,True,23,"[12, 6, 1, 5, 7]",2,0.017543859649122,-165,56,4,0.10233918128654901,221,1
301,"(1,5)",,True,23,"[12, 6, 1, 5, 7]",2,0.017543859649122,-165,56,4,0.10233918128654901,221,1
302,16:2,assassinate,True,23,"[16, 15, 10, 12, 0]",2,0.009746588693957,-167,56,4,0.061793372319688004,223,1
303,16:2,assassinate,True,23,"[16, 15, 10, 12, 0]",2,0.009746588693957,-167,56,4,0.061793372319688004,223,1
304,19:10,assassinate,True,19,"[18, 16, 9, 17, 19]",2,0.014619883040935,-169,56,4,0.080409356725146,225,1
305,19:10,assassinate,True,19,"[18, 16, 9, 17, 19]",2,0.014619883040935,-169,56,4,0.080409356725146,225,1
306,3:12,assassinate,True,14,"[6, 3, 17, 9, 8]",1,0.0,-171,56,4,0.137426900584795,227,1
307,3:12,assassinate,True,14,"[6, 3, 17, 9, 8]",1,0.0,-171,56,4,0.137426900584795,227,1
308,"(16,1)",,True,14,"[14, 16, 1, 15, 11]",0,-0.001,-173,56,4,0.137426900584795,229,1
309,"(16,1)",,True,14,"[14, 16, 1, 15, 11]",0,-0.001,-173,56,4,0.137426900584795,229,1
310,"(10,1)",,True,16,"[10, 19, 13, 17, 1]",0,-0.001,-175,56,5,0.20175438596491202,231,1
311,"(10,1)",,True,16,"[10, 19, 13, 17, 1]",0,-0.001,-175,56,5,0.20175438596491202,231,1
312,"(16,19)",,True,18,"[16, 0, 19, 3, 7]",0,-0.001,-177,56,5,0.25730994152046704,233,1
313,"(16,19)",,True,18,"[16, 0, 19, 3, 7]",0,-0.001,-177,56,5,0.25730994152046704,233,1
314,"(11,16)",,True,20,"[11, 3, 16, 17, 8]",0,-0.001,-179,56,5,0.23586744639376203,235,1
315,"(11,16)",,True,20,"[11, 3, 16, 17, 8]",0,-0.001,-179,56,5,0.23586744639376203,235,1
316,"(18,8)",,True,20,"[18, 8, 19, 3, 17]",0,-0.001,-181,56,5,0.23196881091617902,237,1
317,"(18,8)",,True,20,"[18, 8, 19, 3, 17]",0,-0.001,-181,56,5,0.23196881091617902,237,1
318,2:6,assassinate,True,17,"[7, 2, 9, 16, 14]",0,-0.001,-183,56,4,0.237816764132553,239,1
319,2:6,assassinate,True,17,"[7, 2, 9, 16, 14]",0,-0.001,-183,56,4,0.237816764132553,239,1
320,"(2,1)",,True,17,"[5, 6, 18, 2, 1]",0,-0.001,-185,56,4,0.286549707602339,241,1
321,"(2,1)",,True,17,"[5, 6, 18, 2, 1]",0,-0.001,-185,56,4,0.286549707602339,241,1
322,"(8,1)",,True,19,"[8, 1, 12, 18, 13]",0,-0.001,-187,56,5,0.20857699805068203,243,1
323,"(8,1)",,True,19,"[8, 1, 12, 18, 13]",0,-0.001,-187,56,5,0.20857699805068203,243,1
324,"(12,2)",,True,21,"[12, 3, 2, 8, 19]",0,-0.001,-189,56,5,0.215204678362573,245,1
325,"(12,2)",,True,21,"[12, 3, 2, 8, 19]",0,-0.001,-189,56,5,0.215204678362573,245,1
326,"(2,10)",,True,23,"[2, 5, 10, 12, 11]",0,-0.001,-191,56,5,0.187914230019493,247,1
327,"(2,10)",,True,23,"[2, 5, 10, 12, 11]",0,-0.001,-191,56,5,0.187914230019493,247,1
328,"(8,0)",,True,25,"[8, 11, 17, 0, 4]",1,0.0,-193,56,5,0.18888888888888802,249,1
329,"(8,0)",,True,25,"[8, 11, 17, 0, 4]",1,0.0,-193,56,5,0.18888888888888802,249,1
330,"(6,1)",,True,27,"[6, 4, 1, 2, 8]",1,0.0,-195,56,6,0.149484823169033,251,1
331,"(6,1)",,True,27,"[6, 4, 1, 2, 8]",1,0.0,-195,56,6,0.149484823169033,251,1
332,"(11,1)",,True,29,"[8, 12, 4, 11, 1]",1,0.0,-197,56,7,0.22811890838206603,253,1
333,"(11,1)",,True,29,"[8, 12, 4, 11, 1]",1,0.0,-197,56,7,0.22811890838206603,253,1
334,18:10,assassinate,True,25,"[18, 9, 16, 10, 7]",1,0.0,-199,56,7,0.325146198830409,255,1
335,18:10,assassinate,True,25,"[18, 9, 16, 10, 7]",1,0.0,-199,56,7,0.325146198830409,255,1
336,"(2,15)",,True,27,"[2, 15, 0, 10, 7]",1,0.0,-201,56,7,0.319103313840155,257,1
337,"(2,15)",,True,27,"[2, 15, 0, 10, 7]",1,0.0,-201,56,7,0.319103313840155,257,1
338,"(7,13)",,True,27,"[6, 7, 5, 17, 13]",1,0.0,-203,56,7,0.287134502923976,259,1
339,"(7,13)",,True,27,"[6, 7, 5, 17, 13]",1,0.0,-203,56,7,0.287134502923976,259,1
340,14:12,assassinate,True,22,"[16, 13, 15, 10, 14]",1,0.0,-205,56,7,0.26803118908382,261,1
341,14:12,assassinate,True,22,"[16, 13, 15, 10, 14]",1,0.0,-205,56,7,0.26803118908382,261,1
342,"(9,7)",,True,20,"[9, 7, 6, 15, 3]",1,0.0,-207,56,6,0.30214424951267005,263,1
343,"(9,7)",,True,20,"[9, 7, 6, 15, 3]",1,0.0,-207,56,6,0.30214424951267005,263,1
344,"(13,6)",,True,22,"[8, 13, 6, 4, 9]",1,0.0,-209,56,6,0.274269005847953,265,1
345,"(13,6)",,True,22,"[8, 13, 6, 4, 9]",1,0.0,-209,56,6,0.274269005847953,265,1
346,"(4,14)",,True,24,"[4, 9, 16, 14, 3]",1,0.0,-211,56,6,0.220662768031189,267,1
347,"(4,14)",,True,24,"[4, 9, 16, 14, 3]",1,0.0,-211,56,6,0.220662768031189,267,1
348,"(5,3)",,True,24,"[5, 7, 0, 3, 6]",1,0.0,-213,56,6,0.24307992202729,269,1
349,"(5,3)",,True,24,"[5, 7, 0, 3, 6]",1,0.0,-213,56,6,0.24307992202729,269,1
350,8:12,assassinate,True,19,"[13, 5, 8, 10, 4]",1,0.0,-215,56,5,0.296296296296296,271,1
351,8:12,assassinate,True,19,"[13, 5, 8, 10, 4]",1,0.0,-215,56,5,0.296296296296296,271,1
352,"(7,13)",,True,21,"[7, 13, 11, 16, 2]",2,0.050682261208576,-217,56,5,0.26705653021442405,273,1
353,"(7,13)",,True,21,"[7, 13, 11, 16, 2]",2,0.050682261208576,-217,56,5,0.26705653021442405,273,1
354,6:10,assassinate,True,17,"[2, 7, 18, 16, 6]",1,0.0,-219,56,4,0.280701754385964,275,1
355,6:10,assassinate,True,17,"[2, 7, 18, 16, 6]",1,0.0,-219,56,4,0.280701754385964,275,1
356,"(11,6)",,True,19,"[9, 11, 16, 6, 8]",2,0.052631578947368,-221,56,4,0.297270955165691,277,1
357,"(11,6)",,True,19,"[9, 11, 16, 6, 8]",2,0.052631578947368,-221,56,4,0.297270955165691,277,1
358,14:6,assassinate,True,16,"[6, 4, 14, 11, 10]",1,0.0,-223,56,4,0.228070175438596,279,1
359,14:6,assassinate,True,16,"[6, 4, 14, 11, 10]",1,0.0,-223,56,4,0.228070175438596,279,1
360,"(2,8)",,True,18,"[18, 17, 5, 2, 8]",1,0.0,-225,56,4,0.223196881091617,281,1
361,"(2,8)",,True,18,"[18, 17, 5, 2, 8]",1,0.0,-225,56,4,0.223196881091617,281,1
362,"(1,3)",,True,20,"[1, 3, 15, 14, 5]",1,0.0,-227,56,5,0.256335282651072,283,1
363,"(1,3)",,True,20,"[1, 3, 15, 14, 5]",1,0.0,-227,56,5,0.256335282651072,283,1
364,"(3,0)",,True,20,"[10, 3, 0, 4, 16]",2,0.017543859649122,-229,56,4,0.185185185185185,285,1
365,"(3,0)",,True,20,"[10, 3, 0, 4, 16]",2,0.017543859649122,-229,56,4,0.185185185185185,285,1
366,"(11,4)",,True,23,"[0, 11, 4, 16, 8]",2,0.019493177387914,-231,56,4,0.15662768031189,287,1
367,"(11,4)",,True,23,"[0, 11, 4, 16, 8]",2,0.019493177387914,-231,56,4,0.15662768031189,287,1
368,"(1,14)",,True,25,"[11, 1, 13, 14, 17]",2,0.023391812865497002,-233,56,5,0.21530214424951202,289,1
369,"(1,14)",,True,25,"[11, 1, 13, 14, 17]",2,0.023391812865497002,-233,56,5,0.21530214424951202,289,1
370,5:8,assassinate,True,22,"[2, 9, 1, 4, 5]",1,0.0,-235,56,5,0.239473684210526,291,1
371,5:8,assassinate,True,22,"[2, 9, 1, 4, 5]",1,0.0,-235,56,5,0.239473684210526,291,1
372,11:12,assassinate,True,17,"[6, 11, 4, 14, 16]",1,0.0,-237,56,4,0.24756335282651,293,1
373,11:12,assassinate,True,17,"[6, 11, 4, 14, 16]",1,0.0,-237,56,4,0.24756335282651,293,1
374,"(15,3)",,True,19,"[6, 15, 18, 3, 4]",1,0.0,-239,56,4,0.284600389863547,295,1
375,"(15,3)",,True,19,"[6, 15, 18, 3, 4]",1,0.0,-239,56,4,0.284600389863547,295,1
376,"(2,11)",,True,21,"[0, 2, 6, 11, 16]",2,0.023391812865497002,-241,56,4,0.22222222222222202,297,1
377,"(2,11)",,True,21,"[0, 2, 6, 11, 16]",2,0.023391812865497002,-241,56,4,0.22222222222222202,297,1
378,5:2,assassinate,True,21,"[9, 5, 3, 10, 2]",2,0.023391812865497002,-243,56,4,0.22222222222222202,299,1
379,5:2,assassinate,True,21,"[9, 5, 3, 10, 2]",2,0.023391812865497002,-243,56,4,0.22222222222222202,299,1
380,9:2,assassinate,True,21,"[13, 15, 9, 6, 19]",3,0.053606237816764005,-245,56,4,0.188109161793372,301,1
381,9:2,assassinate,True,21,"[13, 15, 9, 6, 19]",3,0.053606237816764005,-245,56,4,0.188109161793372,301,1
382,4:6,assassinate,True,19,"[16, 5, 18, 15, 4]",2,0.008771929824561,-247,56,4,0.160818713450292,303,1
383,4:6,assassinate,True,19,"[16, 5, 18, 15, 4]",2,0.008771929824561,-247,56,4,0.160818713450292,303,1
384,12:8,assassinate,True,16,"[16, 17, 6, 3, 12]",1,0.0,-249,56,4,0.24074074074074,305,1
385,12:8,assassinate,True,16,"[16, 17, 6, 3, 12]",1,0.0,-249,56,4,0.24074074074074,305,1
386,"(3,18)",,True,16,"[8, 6, 3, 18, 4]",1,0.0,-251,56,4,0.167641325536062,307,1
387,"(3,18)",,True,16,"[8, 6, 3, 18, 4]",1,0.0,-251,56,4,0.167641325536062,307,1
388,"(7,13)",,True,16,"[7, 17, 10, 9, 13]",1,0.0,-253,56,3,0.24853801169590603,309,1
389,"(7,13)",,True,16,"[7, 17, 10, 9, 13]",1,0.0,-253,56,3,0.24853801169590603,309,1
390,"(2,4)",,True,18,"[2, 4, 8, 3, 0]",1,0.0,-255,56,3,0.29239766081871305,311,1
391,"(2,4)",,True,18,"[2, 4, 8, 3, 0]",1,0.0,-255,56,3,0.29239766081871305,311,1
392,"(9,18)",,True,19,"[9, 18, 17, 11, 12]",1,0.0,-257,56,2,0.070175438596491,313,1
393,"(9,18)",,True,19,"[9, 18, 17, 11, 12]",1,0.0,-257,56,2,0.070175438596491,313,1
394,"(1,8)",,True,21,"[1, 17, 8, 11, 7]",1,0.0,-259,56,3,0.202729044834308,315,1
395,"(1,8)",,True,21,"[1, 17, 8, 11, 7]",1,0.0,-259,56,3,0.202729044834308,315,1
396,"(7,17)",,True,24,"[7, 17, 12, 13, 6]",1,0.0,-261,56,3,0.142300194931773,317,1
397,"(7,17)",,True,24,"[7, 17, 12, 13, 6]",1,0.0,-261,56,3,0.142300194931773,317,1
398,18:8,assassinate,True,21,"[7, 18, 17, 12, 2]",1,0.0,-263,56,3,0.19298245614035,319,1
399,18:8,assassinate,True,21,"[7, 18, 17, 12, 2]",1,0.0,-263,56,3,0.19298245614035,319,1
400,"(19,13)",,True,21,"[6, 19, 13, 18, 9]",2,0.008771929824561,-265,56,3,0.26315789473684204,321,1
401,"(19,13)",,True,21,"[6, 19, 13, 18, 9]",2,0.008771929824561,-265,56,3,0.26315789473684204,321,1
402,11:6,assassinate,True,19,"[1, 5, 11, 18, 7]",2,0.008771929824561,-267,56,3,0.23099415204678303,323,1
403,11:6,assassinate,True,19,"[1, 5, 11, 18, 7]",2,0.008771929824561,-267,56,3,0.23099415204678303,323,1
404,6:8,assassinate,True,16,"[6, 18, 17, 5, 8]",2,0.011695906432748001,-269,56,3,0.304093567251461,325,1
405,6:8,assassinate,True,16,"[6, 18, 17, 5, 8]",2,0.011695906432748001,-269,56,3,0.304093567251461,325,1
406,"(14,10)",,True,16,"[14, 10, 11, 8, 19]",2,0.011695906432748001,-271,56,3,0.304093567251461,327,1
407,"(14,10)",,True,16,"[14, 10, 11, 8, 19]",2,0.011695906432748001,-271,56,3,0.304093567251461,327,1
408,"(12,17)",,True,18,"[15, 12, 4, 17, 3]",3,0.12865497076023302,-273,56,3,0.207602339181286,329,1
409,"(12,17)",,True,18,"[15, 12, 4, 17, 3]",3,0.12865497076023302,-273,56,3,0.207602339181286,329,1
410,"(0,1)",,True,19,"[9, 14, 0, 4, 1]",4,0.31773879142300104,-271,58,3,0.218323586744639,329,1
411,"(0,1)",,True,19,"[9, 14, 0, 4, 1]",4,0.31773879142300104,-271,58,3,0.218323586744639,329,1
412,"(8,5)",,True,21,"[0, 8, 11, 12, 5]",4,0.212475633528265,-269,60,3,0.20955165692007702,329,1
413,"(8,5)",,True,21,"[0, 8, 11, 12, 5]",4,0.212475633528265,-269,60,3,0.20955165692007702,329,1
414,"(5,2)",,True,23,"[6, 5, 8, 2, 10]",4,0.20370370370370303,-268,61,3,0.20370370370370303,329,1
415,"(5,2)",,True,23,"[6, 5, 8, 2, 10]",4,0.20370370370370303,-268,61,3,0.20370370370370303,329,1
416,13:4,assassinate,True,22,"[7, 4, 14, 12, 13]",4,0.215399610136452,-266,63,3,0.09844054580896601,329,1
417,13:4,assassinate,True,22,"[7, 4, 14, 12, 13]",4,0.215399610136452,-266,63,3,0.09844054580896601,329,1
418,"(7,11)",,True,22,"[13, 7, 6, 11, 18]",4,0.23684210526315702,-264,65,2,0.016569200779727,329,1
419,"(7,11)",,True,22,"[13, 7, 6, 11, 18]",4,0.23684210526315702,-264,65,2,0.016569200779727,329,1
420,"(9,11)",,True,25,"[9, 13, 11, 0, 6]",4,0.22465886939571103,-262,67,2,0.014619883040935,329,1
421,"(9,11)",,True,25,"[9, 13, 11, 0, 6]",4,0.22465886939571103,-262,67,2,0.014619883040935,329,1
422,17:6,assassinate,True,21,"[15, 1, 11, 17, 7]",3,0.112573099415204,-260,69,2,0.030214424951267003,329,1
423,17:6,assassinate,True,21,"[15, 1, 11, 17, 7]",3,0.112573099415204,-260,69,2,0.030214424951267003,329,1
424,13:2,assassinate,True,22,"[17, 13, 14, 12, 8]",3,0.135964912280701,-258,71,2,0.036062378167641004,329,1
425,13:2,assassinate,True,22,"[17, 13, 14, 12, 8]",3,0.135964912280701,-258,71,2,0.036062378167641004,329,1
426,"(4,1)",,True,24,"[4, 8, 0, 3, 1]",3,0.09210526315789401,-256,73,3,0.06432748538011601,329,1
427,"(4,1)",,True,24,"[4, 8, 0, 3, 1]",3,0.09210526315789401,-256,73,3,0.06432748538011601,329,1
428,3:6,assassinate,True,22,"[5, 3, 10, 6, 9]",3,0.038986354775828,-256,74,3,0.045321637426900006,330,1
429,3:6,assassinate,True,22,"[5, 3, 10, 6, 9]",3,0.038986354775828,-256,74,3,0.045321637426900006,330,1
430,5:6,assassinate,True,20,"[15, 2, 0, 5, 18]",3,0.055555555555555004,-258,74,3,0.061890838206627004,332,1
431,5:6,assassinate,True,20,"[15, 2, 0, 5, 18]",3,0.055555555555555004,-258,74,3,0.061890838206627004,332,1
432,9:4,assassinate,True,18,"[9, 15, 1, 5, 7]",3,0.085282651072124,-256,76,3,0.038011695906432004,332,1
433,9:4,assassinate,True,18,"[9, 15, 1, 5, 7]",3,0.085282651072124,-256,76,3,0.038011695906432004,332,1
434,19:12,assassinate,True,11,"[7, 15, 2, 14, 19]",2,0.0,-256,77,3,0.087719298245614,333,1
435,19:12,assassinate,True,11,"[7, 15, 2, 14, 19]",2,0.0,-256,77,3,0.087719298245614,333,1
436,"(4,17)",,True,11,"[4, 8, 0, 14, 17]",2,0.08187134502923901,-258,77,2,0.105263157894736,335,1
437,"(4,17)",,True,11,"[4, 8, 0, 14, 17]",2,0.08187134502923901,-258,77,2,0.105263157894736,335,1
438,"(1,3)",,True,11,"[19, 1, 5, 13, 3]",2,0.105263157894736,-260,77,3,0.210526315789473,337,1
439,"(1,3)",,True,11,"[19, 1, 5, 13, 3]",2,0.105263157894736,-260,77,3,0.210526315789473,337,1
440,"(9,16)",,True,13,"[9, 16, 5, 8, 6]",2,0.11695906432748501,-262,77,3,0.157894736842105,339,1
441,"(9,16)",,True,13,"[9, 16, 5, 8, 6]",2,0.11695906432748501,-262,77,3,0.157894736842105,339,1
442,"(15,1)",,True,15,"[15, 1, 17, 18, 9]",2,0.12865497076023302,-264,77,4,0.228070175438596,341,1
443,"(15,1)",,True,15,"[15, 1, 17, 18, 9]",2,0.12865497076023302,-264,77,4,0.228070175438596,341,1
444,"(2,1)",,True,17,"[2, 0, 15, 1, 18]",3,0.140350877192982,-266,77,5,0.22222222222222202,343,1
445,"(2,1)",,True,17,"[2, 0, 15, 1, 18]",3,0.140350877192982,-266,77,5,0.22222222222222202,343,1
446,"(16,18)",,True,19,"[2, 16, 14, 18, 19]",3,0.294346978557504,-268,77,5,0.357699805068226,345,1
447,"(16,18)",,True,19,"[2, 16, 14, 18, 19]",3,0.294346978557504,-268,77,5,0.357699805068226,345,1
448,"(1,11)",,True,21,"[1, 12, 11, 15, 8]",3,0.061403508771929,-270,77,6,0.364522417153996,347,1
449,"(1,11)",,True,21,"[1, 12, 11, 15, 8]",3,0.061403508771929,-270,77,6,0.364522417153996,347,1
450,"(3,4)",,True,21,"[12, 3, 4, 10, 14]",3,0.050682261208576,-272,77,6,0.31091617933723203,349,1
451,"(3,4)",,True,21,"[12, 3, 4, 10, 14]",3,0.050682261208576,-272,77,6,0.31091617933723203,349,1
452,8:8,assassinate,True,18,"[2, 15, 4, 13, 8]",2,0.032163742690058006,-274,77,6,0.39473684210526305,351,1
453,8:8,assassinate,True,18,"[2, 15, 4, 13, 8]",2,0.032163742690058006,-274,77,6,0.39473684210526305,351,1
454,"(8,1)",,True,20,"[8, 11, 2, 3, 1]",2,0.035087719298245,-276,77,7,0.43177387914230003,353,1
455,"(8,1)",,True,20,"[8, 11, 2, 3, 1]",2,0.035087719298245,-276,77,7,0.43177387914230003,353,1
456,"(1,14)",,True,22,"[10, 3, 5, 1, 14]",2,0.014327485380116,-278,77,8,0.44259259259259204,355,1
457,"(1,14)",,True,22,"[10, 3, 5, 1, 14]",2,0.014327485380116,-278,77,8,0.44259259259259204,355,1
458,"(1,19)",,True,24,"[2, 1, 11, 19, 16]",2,0.011890838206627001,-280,77,9,0.46744639376218305,357,1
459,"(1,19)",,True,24,"[2, 1, 11, 19, 16]",2,0.011890838206627001,-280,77,9,0.46744639376218305,357,1
460,"(10,2)",,True,24,"[10, 15, 2, 19, 0]",2,0.012183235867446001,-282,77,9,0.42153996101364505,359,1
461,"(10,2)",,True,24,"[10, 15, 2, 19, 0]",2,0.012183235867446001,-282,77,9,0.42153996101364505,359,1
462,"(14,10)",,True,24,"[4, 14, 12, 5, 10]",2,0.009746588693957,-284,77,9,0.40058479532163704,361,1
463,"(14,10)",,True,24,"[4, 14, 12, 5, 10]",2,0.009746588693957,-284,77,9,0.40058479532163704,361,1
464,"(6,15)",,True,24,"[0, 6, 10, 15, 17]",2,0.009746588693957,-286,77,8,0.39473684210526305,363,1
465,"(6,15)",,True,24,"[0, 6, 10, 15, 17]",2,0.009746588693957,-286,77,8,0.39473684210526305,363,1
466,"(11,4)",,True,24,"[5, 18, 11, 4, 6]",2,0.019980506822612,-288,77,8,0.43421052631578905,365,1
467,"(11,4)",,True,24,"[5, 18, 11, 4, 6]",2,0.019980506822612,-288,77,8,0.43421052631578905,365,1
468,7:8,assassinate,True,21,"[8, 11, 7, 6, 5]",1,0.0,-290,77,8,0.40448343079922006,367,1
469,7:8,assassinate,True,21,"[8, 11, 7, 6, 5]",1,0.0,-290,77,8,0.40448343079922006,367,1
470,"(8,7)",,True,23,"[14, 8, 17, 5, 7]",2,0.050682261208576,-292,77,8,0.481481481481481,369,1
471,"(8,7)",,True,23,"[14, 8, 17, 5, 7]",2,0.050682261208576,-292,77,8,0.481481481481481,369,1
472,"(13,7)",,True,26,"[11, 13, 7, 18, 4]",2,0.049707602339181006,-294,77,8,0.49317738791423,371,1
473,"(13,7)",,True,26,"[11, 13, 7, 18, 4]",2,0.049707602339181006,-294,77,8,0.49317738791423,371,1
474,"(1,13)",,True,26,"[1, 13, 17, 10, 0]",2,0.049707602339181006,-296,77,9,0.504873294346978,373,1
475,"(1,13)",,True,26,"[1, 13, 17, 10, 0]",2,0.049707602339181006,-296,77,9,0.504873294346978,373,1
476,16:10,assassinate,True,22,"[12, 3, 14, 16, 18]",2,0.09356725146198801,-298,77,9,0.555555555555555,375,1
477,16:10,assassinate,True,22,"[12, 3, 14, 16, 18]",2,0.09356725146198801,-298,77,9,0.555555555555555,375,1
478,"(3,18)",,True,22,"[9, 17, 3, 6, 18]",2,0.09356725146198801,-300,77,9,0.5906432748538011,377,1
479,"(3,18)",,True,22,"[9, 17, 3, 6, 18]",2,0.09356725146198801,-300,77,9,0.5906432748538011,377,1
480,"(19,3)",,True,24,"[19, 4, 3, 10, 16]",2,0.09941520467836201,-302,77,9,0.651656920077972,379,1
481,"(19,3)",,True,24,"[19, 4, 3, 10, 16]",2,0.09941520467836201,-302,77,9,0.651656920077972,379,1
482,"(8,11)",,True,26,"[13, 8, 15, 18, 11]",2,0.09941520467836201,-304,77,9,0.6218323586744631,381,1
483,"(8,11)",,True,26,"[13, 8, 15, 18, 11]",2,0.09941520467836201,-304,77,9,0.6218323586744631,381,1
484,"(1,10)",,True,28,"[1, 10, 19, 3, 2]",2,0.0,-306,77,10,0.507797270955165,383,1
485,"(1,10)",,True,28,"[1, 10, 19, 3, 2]",2,0.0,-306,77,10,0.507797270955165,383,1
486,"(1,9)",,True,30,"[15, 1, 9, 3, 14]",3,0.004873294346978,-308,77,11,0.5436647173489271,385,1
487,"(1,9)",,True,30,"[15, 1, 9, 3, 14]",3,0.004873294346978,-308,77,11,0.5436647173489271,385,1
488,17:12,assassinate,True,25,"[19, 11, 17, 7, 6]",3,0.004873294346978,-310,77,11,0.6296296296296291,387,1
489,17:12,assassinate,True,25,"[19, 11, 17, 7, 6]",3,0.004873294346978,-310,77,11,0.6296296296296291,387,1
490,"(1,16)",,True,25,"[6, 12, 5, 1, 16]",3,0.09064327485380101,-312,77,11,0.7222222222222221,389,1
491,"(1,16)",,True,25,"[6, 12, 5, 1, 16]",3,0.09064327485380101,-312,77,11,0.7222222222222221,389,1
492,"(9,1)",,True,27,"[9, 1, 18, 2, 15]",4,0.07212475633528201,-314,77,12,0.67933723196881,391,1
493,"(9,1)",,True,27,"[9, 1, 18, 2, 15]",4,0.07212475633528201,-314,77,12,0.67933723196881,391,1
494,"(8,11)",,True,27,"[8, 2, 11, 19, 16]",4,0.07602339181286501,-316,77,12,0.676413255360623,393,1
495,"(8,11)",,True,27,"[8, 2, 11, 19, 16]",4,0.07602339181286501,-316,77,12,0.676413255360623,393,1
496,"(10,12)",,True,29,"[10, 8, 5, 12, 7]",5,0.077485380116959,-318,77,12,0.637426900584795,395,1
497,"(10,12)",,True,29,"[10, 8, 5, 12, 7]",5,0.077485380116959,-318,77,12,0.637426900584795,395,1
498,"(10,0)",,True,29,"[2, 1, 7, 10, 0]",4,0.057992202729044005,-320,77,12,0.628654970760233,397,1
499,"(10,0)",,True,29,"[2, 1, 7, 10, 0]",4,0.057992202729044005,-320,77,12,0.628654970760233,397,1
500,"(1,17)",,True,31,"[19, 4, 1, 17, 6]",4,0.052339181286549005,-322,77,13,0.7008771929824561,399,1
501,"(1,17)",,True,31,"[19, 4, 1, 17, 6]",4,0.052339181286549005,-322,77,13,0.7008771929824561,399,1
502,"(1,12)",,True,33,"[1, 18, 12, 4, 10]",4,0.042982456140350005,-324,77,14,0.6730994152046781,401,1
503,"(1,12)",,True,33,"[1, 18, 12, 4, 10]",4,0.042982456140350005,-324,77,14,0.6730994152046781,401,1
504,6:8,assassinate,True,30,"[19, 16, 7, 18, 6]",4,0.040058479532163,-326,77,14,0.6365497076023391,403,1
505,6:8,assassinate,True,30,"[19, 16, 7, 18, 6]",4,0.040058479532163,-326,77,14,0.6365497076023391,403,1
506,"(13,2)",,True,27,"[5, 15, 13, 19, 2]",4,0.076510721247563,-328,77,12,0.527777777777777,405,1
507,"(13,2)",,True,27,"[5, 15, 13, 19, 2]",4,0.076510721247563,-328,77,12,0.527777777777777,405,1
508,"(17,15)",,True,27,"[17, 14, 10, 18, 15]",4,0.076510721247563,-330,77,11,0.521929824561403,407,1
509,"(17,15)",,True,27,"[17, 14, 10, 18, 15]",4,0.076510721247563,-330,77,11,0.521929824561403,407,1
510,13:8,assassinate,True,22,"[2, 7, 12, 19, 13]",3,0.038011695906432004,-332,77,10,0.447368421052631,409,1
511,13:8,assassinate,True,22,"[2, 7, 12, 19, 13]",3,0.038011695906432004,-332,77,10,0.447368421052631,409,1
512,"(11,9)",,True,24,"[11, 4, 9, 14, 12]",3,0.017056530214424,-334,77,10,0.42738791423001904,411,1
513,"(11,9)",,True,24,"[11, 4, 9, 14, 12]",3,0.017056530214424,-334,77,10,0.42738791423001904,411,1
514,"(13,15)",,True,26,"[9, 13, 18, 15, 19]",3,0.019005847953216002,-336,77,10,0.47319688109161706,413,1
515,"(13,15)",,True,26,"[9, 13, 18, 15, 19]",3,0.019005847953216002,-336,77,10,0.47319688109161706,413,1
516,"(15,6)",,True,28,"[14, 0, 15, 3, 6]",3,0.019005847953216002,-338,77,10,0.52719298245614,415,1
517,"(15,6)",,True,28,"[14, 0, 15, 3, 6]",3,0.019005847953216002,-338,77,10,0.52719298245614,415,1
518,"(5,0)",,True,27,"[19, 5, 2, 8, 0]",3,0.069200779727095,-340,77,10,0.540935672514619,417,1
519,"(5,0)",,True,27,"[19, 5, 2, 8, 0]",3,0.069200779727095,-340,77,10,0.540935672514619,417,1
520,"(14,17)",,True,27,"[5, 7, 14, 11, 17]",3,0.045808966861598,-342,77,9,0.40448343079922006,419,1
521,"(14,17)",,True,27,"[5, 7, 14, 11, 17]",3,0.045808966861598,-342,77,9,0.40448343079922006,419,1
522,"(17,18)",,True,27,"[3, 15, 14, 17, 18]",3,0.045808966861598,-344,77,9,0.40448343079922006,421,1
523,"(17,18)",,True,27,"[3, 15, 14, 17, 18]",3,0.045808966861598,-344,77,9,0.40448343079922006,421,1
524,"(8,15)",,True,29,"[8, 12, 15, 5, 11]",4,0.134502923976608,-346,77,9,0.380116959064327,423,1
525,"(8,15)",,True,29,"[8, 12, 15, 5, 11]",4,0.134502923976608,-346,77,9,0.380116959064327,423,1
526,"(5,14)",,True,29,"[18, 12, 5, 14, 19]",4,0.15399610136452202,-348,77,9,0.387719298245614,425,1
527,"(5,14)",,True,29,"[18, 12, 5, 14, 19]",4,0.15399610136452202,-348,77,9,0.387719298245614,425,1
528,9:10,assassinate,True,23,"[9, 18, 12, 14, 11]",3,0.198050682261208,-350,77,7,0.36588693957115004,427,1
529,9:10,assassinate,True,23,"[9, 18, 12, 14, 11]",3,0.198050682261208,-350,77,7,0.36588693957115004,427,1
530,"(1,9)",,True,23,"[5, 1, 12, 2, 9]",3,0.198050682261208,-352,77,8,0.380506822612085,429,1
531,"(1,9)",,True,23,"[5, 1, 12, 2, 9]",3,0.198050682261208,-352,77,8,0.380506822612085,429,1
532,11:4,assassinate,True,23,"[16, 4, 13, 10, 11]",4,0.20877192982456103,-354,77,8,0.397076023391812,431,1
533,11:4,assassinate,True,23,"[16, 4, 13, 10, 11]",4,0.20877192982456103,-354,77,8,0.397076023391812,431,1
534,"(12,5)",,True,23,"[10, 12, 8, 15, 5]",4,0.20877192982456103,-356,77,8,0.397076023391812,433,1
535,"(12,5)",,True,23,"[10, 12, 8, 15, 5]",4,0.20877192982456103,-356,77,8,0.397076023391812,433,1
536,"(9,8)",,True,23,"[9, 0, 8, 4, 2]",4,0.23391812865497003,-358,77,8,0.42300194931773805,435,1
537,"(9,8)",,True,23,"[9, 0, 8, 4, 2]",4,0.23391812865497003,-358,77,8,0.42300194931773805,435,1
538,"(14,0)",,True,23,"[14, 2, 0, 3, 18]",3,0.22222222222222202,-360,77,8,0.46198830409356706,437,1
539,"(14,0)",,True,23,"[14, 2, 0, 3, 18]",3,0.22222222222222202,-360,77,8,0.46198830409356706,437,1
540,"(11,8)",,True,25,"[0, 15, 11, 5, 8]",3,0.228070175438596,-362,77,8,0.49707602339181206,439,1
541,"(11,8)",,True,25,"[0, 15, 11, 5, 8]",3,0.228070175438596,-362,77,8,0.49707602339181206,439,1
542,"(8,13)",,True,27,"[15, 4, 18, 8, 13]",3,0.18421052631578902,-364,77,8,0.388888888888888,441,1
543,"(8,13)",,True,27,"[15, 4, 18, 8, 13]",3,0.18421052631578902,-364,77,8,0.388888888888888,441,1
544,"(7,1)",,True,29,"[12, 4, 7, 1, 16]",4,0.134697855750487,-366,77,9,0.33762183235867405,443,1
545,"(7,1)",,True,29,"[12, 4, 7, 1, 16]",4,0.134697855750487,-366,77,9,0.33762183235867405,443,1
546,"(10,15)",,True,29,"[10, 15, 16, 4, 13]",4,0.065302144249512,-368,77,9,0.301656920077972,445,1
547,"(10,15)",,True,29,"[10, 15, 16, 4, 13]",4,0.065302144249512,-368,77,9,0.301656920077972,445,1
548,6:6,assassinate,True,27,"[2, 4, 8, 6, 18]",3,0.004873294346978,-370,77,9,0.297758284600389,447,1
549,6:6,assassinate,True,27,"[2, 4, 8, 6, 18]",3,0.004873294346978,-370,77,9,0.297758284600389,447,1
550,8:8,assassinate,True,24,"[9, 8, 3, 10, 5]",3,0.004873294346978,-372,77,9,0.27436647173489204,449,1
551,8:8,assassinate,True,24,"[9, 8, 3, 10, 5]",3,0.004873294346978,-372,77,9,0.27436647173489204,449,1
552,2:12,assassinate,True,17,"[4, 0, 2, 18, 13]",3,0.020467836257309,-374,77,7,0.26315789473684204,451,1
553,2:12,assassinate,True,17,"[4, 0, 2, 18, 13]",3,0.020467836257309,-374,77,7,0.26315789473684204,451,1
554,"(0,7)",,True,15,"[13, 5, 8, 0, 7]",2,0.137426900584795,-376,77,6,0.283625730994152,453,1
555,"(0,7)",,True,15,"[13, 5, 8, 0, 7]",2,0.137426900584795,-376,77,6,0.283625730994152,453,1
556,"(0,1)",,True,15,"[0, 8, 19, 1, 5]",1,0.0,-378,77,5,0.269005847953216,455,1
557,"(0,1)",,True,15,"[0, 8, 19, 1, 5]",1,0.0,-378,77,5,0.269005847953216,455,1
558,"(1,2)",,True,17,"[3, 12, 17, 1, 2]",1,0.0,-380,77,6,0.29532163742690004,457,1
559,"(1,2)",,True,17,"[3, 12, 17, 1, 2]",1,0.0,-380,77,6,0.29532163742690004,457,1
560,"(6,9)",,True,19,"[6, 0, 5, 18, 9]",2,0.109161793372319,-382,77,6,0.342105263157894,459,1
561,"(6,9)",,True,19,"[6, 0, 5, 18, 9]",2,0.109161793372319,-382,77,6,0.342105263157894,459,1
562,"(5,2)",,True,21,"[14, 5, 2, 17, 13]",2,0.022417153996101002,-384,77,6,0.32261208576998,461,1
563,"(5,2)",,True,21,"[14, 5, 2, 17, 13]",2,0.022417153996101002,-384,77,6,0.32261208576998,461,1
564,"(14,8)",,True,23,"[14, 8, 3, 18, 7]",2,0.019493177387914,-386,77,6,0.34015594541910305,463,1
565,"(14,8)",,True,23,"[14, 8, 3, 18, 7]",2,0.019493177387914,-386,77,6,0.34015594541910305,463,1
566,"(1,10)",,True,25,"[1, 13, 7, 10, 18]",3,0.028265107212475,-388,77,7,0.398635477582846,465,1
567,"(1,10)",,True,25,"[1, 13, 7, 10, 18]",3,0.028265107212475,-388,77,7,0.398635477582846,465,1
568,12:6,assassinate,True,20,"[15, 16, 0, 12, 13]",2,0.050682261208576,-390,77,5,0.28947368421052605,467,1
569,12:6,assassinate,True,20,"[15, 16, 0, 12, 13]",2,0.050682261208576,-390,77,5,0.28947368421052605,467,1
570,"(1,12)",,True,22,"[2, 6, 1, 11, 12]",2,0.044834307992202005,-392,77,6,0.30116959064327403,469,1
571,"(1,12)",,True,22,"[2, 6, 1, 11, 12]",2,0.044834307992202005,-392,77,6,0.30116959064327403,469,1
572,"(16,3)",,True,24,"[16, 18, 3, 0, 19]",2,0.051169590643274004,-394,77,6,0.325536062378167,471,1
573,"(16,3)",,True,24,"[16, 18, 3, 0, 19]",2,0.051169590643274004,-394,77,6,0.325536062378167,471,1
574,"(11,3)",,True,26,"[16, 11, 8, 3, 12]",3,0.08723196881091601,-396,77,6,0.303118908382066,473,1
575,"(11,3)",,True,26,"[16, 11, 8, 3, 12]",3,0.08723196881091601,-396,77,6,0.303118908382066,473,1
576,"(8,7)",,True,26,"[8, 5, 7, 12, 0]",3,0.096491228070175,-398,77,6,0.284600389863547,475,1
577,"(8,7)",,True,26,"[8, 5, 7, 12, 0]",3,0.096491228070175,-398,77,6,0.284600389863547,475,1
578,"(4,19)",,True,28,"[5, 15, 4, 8, 19]",3,0.10428849902534101,-400,77,6,0.30799220272904404,477,1
579,"(4,19)",,True,28,"[5, 15, 4, 8, 19]",3,0.10428849902534101,-400,77,6,0.30799220272904404,477,1
580,2:4,assassinate,True,27,"[14, 6, 2, 10, 13]",2,0.014619883040935,-402,77,6,0.26023391812865404,479,1
581,2:4,assassinate,True,27,"[14, 6, 2, 10, 13]",2,0.014619883040935,-402,77,6,0.26023391812865404,479,1
582,18:8,assassinate,True,25,"[0, 2, 5, 7, 18]",3,0.105263157894736,-404,77,6,0.335282651072124,481,1
583,18:8,assassinate,True,25,"[0, 2, 5, 7, 18]",3,0.105263157894736,-404,77,6,0.335282651072124,481,1
584,"(15,10)",,True,23,"[12, 6, 19, 15, 10]",3,0.09941520467836201,-406,77,6,0.29239766081871305,483,1
585,"(15,10)",,True,23,"[12, 6, 19, 15, 10]",3,0.09941520467836201,-406,77,6,0.29239766081871305,483,1
586,"(7,19)",,True,23,"[6, 7, 8, 17, 19]",3,0.105263157894736,-408,77,5,0.33723196881091605,485,1
587,"(7,19)",,True,23,"[6, 7, 8, 17, 19]",3,0.105263157894736,-408,77,5,0.33723196881091605,485,1
588,"(0,14)",,True,23,"[10, 17, 7, 0, 14]",2,0.09941520467836201,-410,77,5,0.294346978557504,487,1
589,"(0,14)",,True,23,"[10, 17, 7, 0, 14]",2,0.09941520467836201,-410,77,5,0.294346978557504,487,1
590,13:10,assassinate,True,19,"[3, 15, 14, 8, 13]",2,0.087719298245614,-412,77,5,0.26315789473684204,489,1
591,13:10,assassinate,True,19,"[3, 15, 14, 8, 13]",2,0.087719298245614,-412,77,5,0.26315789473684204,489,1
592,"(9,14)",,True,21,"[9, 15, 19, 14, 16]",2,0.087719298245614,-414,77,5,0.12865497076023302,491,1
593,"(9,14)",,True,21,"[9, 15, 19, 14, 16]",2,0.087719298245614,-414,77,5,0.12865497076023302,491,1
594,"(9,2)",,True,21,"[9, 6, 2, 13, 10]",2,0.010721247563352,-416,77,4,0.13352826510721202,493,1
595,"(9,2)",,True,21,"[9, 6, 2, 13, 10]",2,0.010721247563352,-416,77,4,0.13352826510721202,493,1
596,10:4,assassinate,True,21,"[2, 18, 9, 12, 10]",3,0.033138401559454,-418,77,4,0.111598440545808,495,1
597,10:4,assassinate,True,21,"[2, 18, 9, 12, 10]",3,0.033138401559454,-418,77,4,0.111598440545808,495,1
598,4:6,assassinate,True,19,"[12, 19, 4, 8, 16]",2,0.008771929824561,-420,77,4,0.105263157894736,497,1
599,4:6,assassinate,True,19,"[12, 19, 4, 8, 16]",2,0.008771929824561,-420,77,4,0.105263157894736,497,1
600,8:4,assassinate,True,18,"[0, 17, 5, 8, 4]",2,0.008771929824561,-422,77,4,0.11111111111111101,499,1
601,8:4,assassinate,True,18,"[0, 17, 5, 8, 4]",2,0.008771929824561,-422,77,4,0.11111111111111101,499,1
602,6:6,assassinate,True,16,"[17, 19, 11, 7, 6]",1,0.0,-424,77,4,0.18713450292397601,501,1
603,6:6,assassinate,True,16,"[17, 19, 11, 7, 6]",1,0.0,-424,77,4,0.18713450292397601,501,1
604,"(1,13)",,True,18,"[1, 13, 6, 18, 11]",1,0.0,-426,77,5,0.19590643274853803,503,1
605,"(1,13)",,True,18,"[1, 13, 6, 18, 11]",1,0.0,-426,77,5,0.19590643274853803,503,1
606,"(9,5)",,True,20,"[19, 14, 0, 9, 5]",1,0.0,-428,77,5,0.228070175438596,505,1
607,"(9,5)",,True,20,"[19, 14, 0, 9, 5]",1,0.0,-428,77,5,0.228070175438596,505,1
608,"(12,6)",,True,22,"[12, 6, 19, 18, 4]",1,0.0,-430,77,5,0.197855750487329,507,1
609,"(12,6)",,True,22,"[12, 6, 19, 18, 4]",1,0.0,-430,77,5,0.197855750487329,507,1
610,2:8,assassinate,True,19,"[18, 3, 0, 2, 8]",0,-0.001,-432,77,5,0.16666666666666602,509,1
611,2:8,assassinate,True,19,"[18, 3, 0, 2, 8]",0,-0.001,-432,77,5,0.16666666666666602,509,1
612,"(8,13)",,True,21,"[14, 8, 3, 9, 13]",0,-0.001,-434,77,5,0.17348927875243603,511,1
613,"(8,13)",,True,21,"[14, 8, 3, 9, 13]",0,-0.001,-434,77,5,0.17348927875243603,511,1
614,"(9,10)",,True,21,"[9, 15, 10, 16, 3]",0,-0.001,-436,77,5,0.155945419103313,513,1
615,"(9,10)",,True,21,"[9, 15, 10, 16, 3]",0,-0.001,-436,77,5,0.155945419103313,513,1
616,"(1,2)",,True,23,"[1, 5, 2, 12, 10]",0,-0.001,-438,77,6,0.21637426900584703,515,1
617,"(1,2)",,True,23,"[1, 5, 2, 12, 10]",0,-0.001,-438,77,6,0.21637426900584703,515,1
618,"(4,1)",,True,25,"[0, 4, 3, 10, 1]",0,-0.001,-440,77,7,0.265107212475633,517,1
619,"(4,1)",,True,25,"[0, 4, 3, 10, 1]",0,-0.001,-440,77,7,0.265107212475633,517,1
620,"(5,16)",,True,27,"[10, 5, 4, 16, 15]",0,-0.001,-442,77,7,0.24093567251461903,519,1
621,"(5,16)",,True,27,"[10, 5, 4, 16, 15]",0,-0.001,-442,77,7,0.24093567251461903,519,1
622,"(0,13)",,True,30,"[4, 2, 15, 0, 13]",3,0.09941520467836201,-444,77,7,0.308187134502923,521,1
623,"(0,13)",,True,30,"[4, 2, 15, 0, 13]",3,0.09941520467836201,-444,77,7,0.308187134502923,521,1
624,19:8,assassinate,True,27,"[12, 1, 19, 4, 7]",2,0.09356725146198801,-446,77,7,0.367056530214424,523,1
625,19:8,assassinate,True,27,"[12, 1, 19, 4, 7]",2,0.09356725146198801,-446,77,7,0.367056530214424,523,1
626,3:14,assassinate,True,21,"[9, 15, 12, 3, 17]",3,0.10672514619883001,-448,77,6,0.30506822612085704,525,1
627,3:14,assassinate,True,21,"[9, 15, 12, 3, 17]",3,0.10672514619883001,-448,77,6,0.30506822612085704,525,1
628,19:2,assassinate,True,22,"[3, 19, 16, 6, 7]",4,0.12348927875243601,-450,77,6,0.26715399610136403,527,1
629,19:2,assassinate,True,22,"[3, 19, 16, 6, 7]",4,0.12348927875243601,-450,77,6,0.26715399610136403,527,1
630,7:8,assassinate,True,17,"[19, 17, 11, 6, 7]",3,0.09844054580896601,-452,77,4,0.21345029239766003,529,1
631,7:8,assassinate,True,17,"[19, 17, 11, 6, 7]",3,0.09844054580896601,-452,77,4,0.21345029239766003,529,1
632,8:2,assassinate,True,17,"[8, 14, 19, 5, 12]",2,0.023391812865497002,-454,77,4,0.18615984405458003,531,1
633,8:2,assassinate,True,17,"[8, 14, 19, 5, 12]",2,0.023391812865497002,-454,77,4,0.18615984405458003,531,1
634,15:6,assassinate,True,15,"[15, 10, 2, 5, 16]",2,0.025341130604288,-456,77,4,0.19688109161793302,533,1
635,15:6,assassinate,True,15,"[15, 10, 2, 5, 16]",2,0.025341130604288,-456,77,4,0.19688109161793302,533,1
636,"(12,3)",,True,17,"[10, 12, 3, 0, 4]",2,0.018518518518518,-458,77,4,0.14912280701754302,535,1
637,"(12,3)",,True,17,"[10, 12, 3, 0, 4]",2,0.018518518518518,-458,77,4,0.14912280701754302,535,1
638,"(7,13)",,True,19,"[7, 13, 19, 11, 18]",2,0.039376218323586,-460,77,4,0.18128654970760202,537,1
639,"(7,13)",,True,19,"[7, 13, 19, 11, 18]",2,0.039376218323586,-460,77,4,0.18128654970760202,537,1
640,"(15,1)",,True,19,"[15, 1, 19, 3, 5]",2,0.07261208576998,-462,77,4,0.21637426900584703,539,1
641,"(15,1)",,True,19,"[15, 1, 19, 3, 5]",2,0.07261208576998,-462,77,4,0.21637426900584703,539,1
642,"(1,19)",,True,19,"[1, 19, 7, 9, 3]",2,0.07602339181286501,-464,77,5,0.304093567251461,541,1
643,"(1,19)",,True,19,"[1, 19, 7, 9, 3]",2,0.07602339181286501,-464,77,5,0.304093567251461,541,1
644,16:10,assassinate,True,15,"[16, 19, 2, 14, 6]",1,0.0,-466,77,5,0.385964912280701,543,1
645,16:10,assassinate,True,15,"[16, 19, 2, 14, 6]",1,0.0,-466,77,5,0.385964912280701,543,1
646,"(14,15)",,True,15,"[13, 0, 14, 15, 5]",1,0.0,-468,77,5,0.456140350877192,545,1
647,"(14,15)",,True,15,"[13, 0, 14, 15, 5]",1,0.0,-468,77,5,0.456140350877192,545,1
648,"(16,1)",,True,17,"[14, 16, 4, 10, 1]",1,0.0,-470,77,6,0.421052631578947,547,1
649,"(16,1)",,True,17,"[14, 16, 4, 10, 1]",1,0.0,-470,77,6,0.421052631578947,547,1
650,"(14,17)",,True,17,"[9, 14, 2, 15, 17]",1,0.0,-472,77,6,0.47953216374269003,549,1
651,"(14,17)",,True,17,"[9, 14, 2, 15, 17]",1,0.0,-472,77,6,0.47953216374269003,549,1
652,"(18,16)",,True,19,"[3, 18, 16, 4, 13]",2,0.122807017543859,-474,77,6,0.567251461988304,551,1
653,"(18,16)",,True,19,"[3, 18, 16, 4, 13]",2,0.122807017543859,-474,77,6,0.567251461988304,551,1
654,12:8,assassinate,True,16,"[5, 12, 10, 11, 17]",1,0.0,-476,77,6,0.46198830409356706,553,1
655,12:8,assassinate,True,16,"[5, 12, 10, 11, 17]",1,0.0,-476,77,6,0.46198830409356706,553,1
656,"(13,0)",,True,16,"[12, 13, 17, 7, 0]",1,0.0,-478,77,6,0.450292397660818,555,1
657,"(13,0)",,True,16,"[12, 13, 17, 7, 0]",1,0.0,-478,77,6,0.450292397660818,555,1
658,"(12,1)",,True,18,"[11, 12, 16, 1, 10]",1,0.0,-480,77,7,0.47368421052631504,557,1
659,"(12,1)",,True,18,"[11, 12, 16, 1, 10]",1,0.0,-480,77,7,0.47368421052631504,557,1
660,"(9,12)",,True,19,"[4, 19, 9, 12, 11]",2,0.005847953216374001,-482,77,6,0.42884990253411304,559,1
661,"(9,12)",,True,19,"[4, 19, 9, 12, 11]",2,0.005847953216374001,-482,77,6,0.42884990253411304,559,1
662,7:6,assassinate,True,17,"[9, 0, 11, 5, 7]",2,0.0029239766081870003,-484,77,6,0.42690058479532106,561,1
663,7:6,assassinate,True,17,"[9, 0, 11, 5, 7]",2,0.0029239766081870003,-484,77,6,0.42690058479532106,561,1
664,"(8,1)",,True,20,"[17, 8, 2, 1, 13]",2,0.004385964912280001,-486,77,7,0.41471734892787504,563,1
665,"(8,1)",,True,20,"[17, 8, 2, 1, 13]",2,0.004385964912280001,-486,77,7,0.41471734892787504,563,1
666,"(0,12)",,True,20,"[18, 15, 0, 12, 5]",1,0.0,-488,77,7,0.35867446393762104,565,1
667,"(0,12)",,True,20,"[18, 15, 0, 12, 5]",1,0.0,-488,77,7,0.35867446393762104,565,1
668,"(4,14)",,True,22,"[4, 6, 0, 14, 11]",1,0.0,-490,77,7,0.40643274853801103,567,1
669,"(4,14)",,True,22,"[4, 6, 0, 14, 11]",1,0.0,-490,77,7,0.40643274853801103,567,1
670,"(8,9)",,True,22,"[4, 8, 0, 16, 9]",1,0.0,-492,77,7,0.40643274853801103,569,1
671,"(8,9)",,True,22,"[4, 8, 0, 16, 9]",1,0.0,-492,77,7,0.40643274853801103,569,1
672,"(3,19)",,True,24,"[13, 3, 12, 19, 18]",1,0.0,-494,77,7,0.44152046783625704,571,1
673,"(3,19)",,True,24,"[13, 3, 12, 19, 18]",1,0.0,-494,77,7,0.44152046783625704,571,1
674,"(14,1)",,True,26,"[18, 12, 10, 14, 1]",2,0.005555555555555001,-496,77,8,0.48863826232247204,573,1
675,"(14,1)",,True,26,"[18, 12, 10, 14, 1]",2,0.005555555555555001,-496,77,8,0.48863826232247204,573,1
676,"(19,6)",,True,28,"[10, 0, 19, 6, 18]",2,0.005555555555555001,-498,77,8,0.41846282372598104,575,1
677,"(19,6)",,True,28,"[10, 0, 19, 6, 18]",2,0.005555555555555001,-498,77,8,0.41846282372598104,575,1
678,"(2,7)",,True,30,"[13, 2, 7, 9, 8]",2,0.005360623781676,-500,77,8,0.48162071846282306,577,1
679,"(2,7)",,True,30,"[13, 2, 7, 9, 8]",2,0.005360623781676,-500,77,8,0.48162071846282306,577,1
680,"(9,19)",,True,30,"[9, 6, 14, 5, 19]",2,0.010753736192332001,-502,77,8,0.46361273554256005,579,1
681,"(9,19)",,True,30,"[9, 6, 14, 5, 19]",2,0.010753736192332001,-502,77,8,0.46361273554256005,579,1
682,"(10,1)",,True,30,"[10, 18, 1, 5, 3]",2,0.004385964912280001,-504,77,8,0.417348927875243,581,1
683,"(10,1)",,True,30,"[10, 18, 1, 5, 3]",2,0.004385964912280001,-504,77,8,0.417348927875243,581,1
684,"(6,16)",,True,30,"[19, 2, 6, 16, 7]",2,0.004385964912280001,-506,77,8,0.3531328320802,583,1
685,"(6,16)",,True,30,"[19, 2, 6, 16, 7]",2,0.004385964912280001,-506,77,8,0.3531328320802,583,1
686,"(1,18)",,True,32,"[1, 11, 14, 3, 18]",2,0.004385964912280001,-508,77,9,0.399916457811194,585,1
687,"(1,18)",,True,32,"[1, 11, 14, 3, 18]",2,0.004385964912280001,-508,77,9,0.399916457811194,585,1
688,"(14,9)",,True,30,"[16, 15, 4, 14, 9]",2,0.004385964912280001,-510,77,9,0.409663046505151,587,1
689,"(14,9)",,True,30,"[16, 15, 4, 14, 9]",2,0.004385964912280001,-510,77,9,0.409663046505151,587,1
690,17:14,assassinate,True,24,"[17, 11, 12, 10, 15]",2,0.005847953216374001,-512,77,9,0.46686159844054503,589,1
691,17:14,assassinate,True,24,"[17, 11, 12, 10, 15]",2,0.005847953216374001,-512,77,9,0.46686159844054503,589,1
692,"(10,5)",,True,26,"[13, 0, 10, 7, 5]",3,0.020467836257309,-514,77,9,0.522417153996101,591,1
693,"(10,5)",,True,26,"[13, 0, 10, 7, 5]",3,0.020467836257309,-514,77,9,0.522417153996101,591,1
694,"(8,16)",,True,28,"[0, 14, 8, 2, 16]",3,0.020467836257309,-516,77,9,0.5663742690058471,593,1
695,"(8,16)",,True,28,"[0, 14, 8, 2, 16]",3,0.020467836257309,-516,77,9,0.5663742690058471,593,1
696,"(15,13)",,True,28,"[11, 19, 14, 15, 13]",3,0.030214424951267003,-518,77,9,0.557115009746588,595,1
697,"(15,13)",,True,28,"[11, 19, 14, 15, 13]",3,0.030214424951267003,-518,77,9,0.557115009746588,595,1
698,"(10,3)",,True,28,"[15, 5, 10, 7, 3]",3,0.016569200779727,-520,77,9,0.480019493177387,597,1
699,"(10,3)",,True,28,"[15, 5, 10, 7, 3]",3,0.016569200779727,-520,77,9,0.480019493177387,597,1
700,"(17,18)",,True,30,"[0, 17, 18, 19, 8]",3,0.022417153996101002,-522,77,9,0.5238791423001941,599,1
701,"(17,18)",,True,30,"[0, 17, 18, 19, 8]",3,0.022417153996101002,-522,77,9,0.5238791423001941,599,1
702,"(1,16)",,True,30,"[7, 1, 16, 5, 9]",3,0.022417153996101002,-524,77,9,0.5238791423001941,601,1
703,"(1,16)",,True,30,"[7, 1, 16, 5, 9]",3,0.022417153996101002,-524,77,9,0.5238791423001941,601,1
704,12:12,assassinate,True,25,"[18, 12, 14, 2, 19]",2,0.0,-526,77,9,0.5428849902534111,603,1
705,12:12,assassinate,True,25,"[18, 12, 14, 2, 19]",2,0.0,-526,77,9,0.5428849902534111,603,1
706,"(15,7)",,True,25,"[0, 8, 15, 5, 7]",2,0.0,-528,77,8,0.498050682261208,605,1
707,"(15,7)",,True,25,"[0, 8, 15, 5, 7]",2,0.0,-528,77,8,0.498050682261208,605,1
708,"(18,11)",,True,27,"[4, 14, 18, 11, 3]",2,0.0,-530,77,8,0.505847953216374,607,1
709,"(18,11)",,True,27,"[4, 14, 18, 11, 3]",2,0.0,-530,77,8,0.505847953216374,607,1
710,"(17,8)",,True,27,"[19, 17, 18, 8, 16]",2,0.0,-532,77,7,0.412280701754386,609,1
711,"(17,8)",,True,27,"[19, 17, 18, 8, 16]",2,0.0,-532,77,7,0.412280701754386,609,1
712,4:6,assassinate,True,23,"[16, 1, 15, 2, 4]",2,0.0,-534,77,6,0.40643274853801103,611,1
713,4:6,assassinate,True,23,"[16, 1, 15, 2, 4]",2,0.0,-534,77,6,0.40643274853801103,611,1
714,"(9,8)",,True,23,"[9, 19, 7, 6, 8]",2,0.0,-536,77,6,0.33625730994152003,613,1
715,"(9,8)",,True,23,"[9, 19, 7, 6, 8]",2,0.0,-536,77,6,0.33625730994152003,613,1
716,"(8,4)",,True,25,"[8, 9, 0, 7, 4]",2,0.0,-538,77,6,0.32358674463937603,615,1
717,"(8,4)",,True,25,"[8, 9, 0, 7, 4]",2,0.0,-538,77,6,0.32358674463937603,615,1
718,"(1,11)",,True,27,"[14, 8, 1, 11, 17]",2,0.0,-540,77,7,0.318713450292397,617,1
719,"(1,11)",,True,27,"[14, 8, 1, 11, 17]",2,0.0,-540,77,7,0.318713450292397,617,1
720,17:6,assassinate,True,25,"[4, 17, 2, 14, 0]",3,0.09941520467836201,-542,77,7,0.412280701754385,619,1
721,17:6,assassinate,True,25,"[4, 17, 2, 14, 0]",3,0.09941520467836201,-542,77,7,0.412280701754385,619,1
722,"(12,1)",,True,28,"[11, 13, 12, 1, 19]",3,0.021929824561403,-544,77,8,0.42007797270955105,621,1
723,"(12,1)",,True,28,"[11, 13, 12, 1, 19]",3,0.021929824561403,-544,77,8,0.42007797270955105,621,1
724,10:10,assassinate,True,22,"[19, 11, 10, 4, 8]",2,0.005847953216374001,-546,77,7,0.31091617933723104,623,1
725,10:10,assassinate,True,22,"[19, 11, 10, 4, 8]",2,0.005847953216374001,-546,77,7,0.31091617933723104,623,1
726,3:6,assassinate,True,19,"[3, 2, 17, 12, 10]",2,0.005847953216374001,-548,77,6,0.269005847953216,625,1
727,3:6,assassinate,True,19,"[3, 2, 17, 12, 10]",2,0.005847953216374001,-548,77,6,0.269005847953216,625,1
728,"(12,1)",,True,21,"[12, 6, 7, 1, 9]",2,0.087719298245614,-550,77,7,0.47368421052631504,627,1
729,"(12,1)",,True,21,"[12, 6, 7, 1, 9]",2,0.087719298245614,-550,77,7,0.47368421052631504,627,1
730,"(4,3)",,True,23,"[7, 15, 2, 4, 3]",2,0.09356725146198801,-552,77,7,0.47173489278752406,629,1
731,"(4,3)",,True,23,"[7, 15, 2, 4, 3]",2,0.09356725146198801,-552,77,7,0.47173489278752406,629,1
732,"(14,2)",,True,25,"[0, 14, 18, 2, 12]",2,0.09356725146198801,-554,77,7,0.438011695906432,631,1
733,"(14,2)",,True,25,"[0, 14, 18, 2, 12]",2,0.09356725146198801,-554,77,7,0.438011695906432,631,1
734,"(4,14)",,True,27,"[0, 9, 4, 6, 14]",2,0.09356725146198801,-556,77,7,0.37855750487329404,633,1
735,"(4,14)",,True,27,"[0, 9, 4, 6, 14]",2,0.09356725146198801,-556,77,7,0.37855750487329404,633,1
736,"(15,7)",,True,27,"[2, 15, 18, 7, 6]",2,0.09356725146198801,-558,77,7,0.374756335282651,635,1
737,"(15,7)",,True,27,"[2, 15, 18, 7, 6]",2,0.09356725146198801,-558,77,7,0.374756335282651,635,1
738,"(8,4)",,True,27,"[0, 17, 8, 4, 9]",2,0.09356725146198801,-560,77,7,0.305555555555555,637,1
739,"(8,4)",,True,27,"[0, 17, 8, 4, 9]",2,0.09356725146198801,-560,77,7,0.305555555555555,637,1
740,2:6,assassinate,True,23,"[2, 10, 6, 15, 13]",2,0.08187134502923901,-562,77,7,0.29532163742690004,639,1
741,2:6,assassinate,True,23,"[2, 10, 6, 15, 13]",2,0.08187134502923901,-562,77,7,0.29532163742690004,639,1
742,15:10,assassinate,True,19,"[11, 15, 1, 19, 7]",2,0.07602339181286501,-564,77,6,0.31578947368421,641,1
743,15:10,assassinate,True,19,"[11, 15, 1, 19, 7]",2,0.07602339181286501,-564,77,6,0.31578947368421,641,1
744,"(18,16)",,True,21,"[18, 7, 5, 10, 16]",2,0.08187134502923901,-566,77,6,0.34307992202729004,643,1
745,"(18,16)",,True,21,"[18, 7, 5, 10, 16]",2,0.08187134502923901,-566,77,6,0.34307992202729004,643,1
746,"(17,13)",,True,23,"[19, 17, 8, 11, 13]",2,0.087719298245614,-568,77,6,0.30506822612085704,645,1
747,"(17,13)",,True,23,"[19, 17, 8, 11, 13]",2,0.087719298245614,-568,77,6,0.30506822612085704,645,1
748,"(3,10)",,True,23,"[16, 3, 17, 18, 10]",2,0.09356725146198801,-570,77,5,0.31578947368421,647,1
749,"(3,10)",,True,23,"[16, 3, 17, 18, 10]",2,0.09356725146198801,-570,77,5,0.31578947368421,647,1
750,"(11,16)",,True,23,"[10, 11, 4, 16, 0]",2,0.09356725146198801,-572,77,5,0.23343079922027202,649,1
751,"(11,16)",,True,23,"[10, 11, 4, 16, 0]",2,0.09356725146198801,-572,77,5,0.23343079922027202,649,1
752,"(15,1)",,True,25,"[17, 11, 14, 15, 1]",2,0.09941520467836201,-574,77,6,0.288011695906432,651,1
753,"(15,1)",,True,25,"[17, 11, 14, 15, 1]",2,0.09941520467836201,-574,77,6,0.288011695906432,651,1
754,7:8,assassinate,True,22,"[7, 3, 0, 6, 13]",2,0.09356725146198801,-576,77,6,0.311890838206627,653,1
755,7:8,assassinate,True,22,"[7, 3, 0, 6, 13]",2,0.09356725146198801,-576,77,6,0.311890838206627,653,1
756,"(16,14)",,True,23,"[16, 13, 14, 17, 3]",2,0.09356725146198801,-578,77,6,0.34990253411306005,655,1
757,"(16,14)",,True,23,"[16, 13, 14, 17, 3]",2,0.09356725146198801,-578,77,6,0.34990253411306005,655,1
758,14:8,assassinate,True,20,"[7, 17, 8, 19, 14]",2,0.087719298245614,-580,77,5,0.33040935672514604,657,1
759,14:8,assassinate,True,20,"[7, 17, 8, 19, 14]",2,0.087719298245614,-580,77,5,0.33040935672514604,657,1
760,"(1,14)",,True,22,"[17, 1, 8, 14, 2]",3,0.11988304093567201,-582,77,6,0.280701754385964,659,1
761,"(1,14)",,True,22,"[17, 1, 8, 14, 2]",3,0.11988304093567201,-582,77,6,0.280701754385964,659,1
762,"(1,2)",,True,24,"[9, 1, 2, 6, 8]",3,0.125730994152046,-584,77,7,0.33625730994152003,661,1
763,"(1,2)",,True,24,"[9, 1, 2, 6, 8]",3,0.125730994152046,-584,77,7,0.33625730994152003,661,1
764,19:8,assassinate,True,19,"[16, 1, 14, 19, 8]",2,0.087719298245614,-586,77,6,0.36257309941520405,663,1
765,19:8,assassinate,True,19,"[16, 1, 14, 19, 8]",2,0.087719298245614,-586,77,6,0.36257309941520405,663,1
766,"(14,2)",,True,21,"[13, 14, 2, 9, 4]",2,0.09356725146198801,-588,77,6,0.39766081871345005,665,1
767,"(14,2)",,True,21,"[13, 14, 2, 9, 4]",2,0.09356725146198801,-588,77,6,0.39766081871345005,665,1
768,"(5,1)",,True,21,"[5, 1, 6, 15, 0]",2,0.004873294346978,-590,77,7,0.332358674463937,667,1
769,"(5,1)",,True,21,"[5, 1, 6, 15, 0]",2,0.004873294346978,-590,77,7,0.332358674463937,667,1
770,"(5,0)",,True,19,"[5, 0, 11, 17, 8]",1,0.0,-592,77,7,0.26023391812865404,669,1
771,"(5,0)",,True,19,"[5, 0, 11, 17, 8]",1,0.0,-592,77,7,0.26023391812865404,669,1
772,"(10,2)",,True,19,"[16, 7, 10, 13, 2]",1,0.0,-594,77,7,0.43274853801169505,671,1
773,"(10,2)",,True,19,"[16, 7, 10, 13, 2]",1,0.0,-594,77,7,0.43274853801169505,671,1
774,"(4,1)",,True,19,"[14, 18, 4, 1, 19]",1,0.0,-596,77,8,0.456140350877192,673,1
775,"(4,1)",,True,19,"[14, 18, 4, 1, 19]",1,0.0,-596,77,8,0.456140350877192,673,1
776,"(3,19)",,True,21,"[3, 0, 4, 16, 19]",1,0.0,-598,77,8,0.47368421052631504,675,1
777,"(3,19)",,True,21,"[3, 0, 4, 16, 19]",1,0.0,-598,77,8,0.47368421052631504,675,1
778,"(14,1)",,True,21,"[14, 2, 10, 3, 1]",1,0.0,-600,77,9,0.485380116959064,677,1
779,"(14,1)",,True,21,"[14, 2, 10, 3, 1]",1,0.0,-600,77,9,0.485380116959064,677,1
780,"(19,14)",,True,21,"[19, 11, 14, 12, 15]",0,-0.001,-602,77,9,0.5,679,1
781,"(19,14)",,True,21,"[19, 11, 14, 12, 15]",0,-0.001,-602,77,9,0.5,679,1
782,"(3,0)",,True,23,"[6, 13, 3, 2, 0]",1,0.0,-604,77,9,0.564327485380116,681,1
783,"(3,0)",,True,23,"[6, 13, 3, 2, 0]",1,0.0,-604,77,9,0.564327485380116,681,1
784,"(13,11)",,True,23,"[14, 15, 13, 6, 11]",2,0.018518518518518,-606,77,9,0.505360623781676,683,1
785,"(13,11)",,True,23,"[14, 15, 13, 6, 11]",2,0.018518518518518,-606,77,9,0.505360623781676,683,1
786,"(13,7)",,True,25,"[13, 3, 12, 7, 15]",2,0.017543859649122,-608,77,9,0.540545808966861,685,1
787,"(13,7)",,True,25,"[13, 3, 12, 7, 15]",2,0.017543859649122,-608,77,9,0.540545808966861,685,1
788,"(8,11)",,True,25,"[8, 13, 18, 3, 11]",2,0.017543859649122,-610,77,9,0.540545808966861,687,1
789,"(8,11)",,True,25,"[8, 13, 18, 3, 11]",2,0.017543859649122,-610,77,9,0.540545808966861,687,1
790,"(0,18)",,True,23,"[5, 0, 1, 15, 18]",1,0.0,-612,77,8,0.48440545808966806,689,1
791,"(0,18)",,True,23,"[5, 0, 1, 15, 18]",1,0.0,-612,77,8,0.48440545808966806,689,1
792,"(1,14)",,True,25,"[15, 1, 13, 8, 14]",1,0.0,-614,77,9,0.533138401559454,691,1
793,"(1,14)",,True,25,"[15, 1, 13, 8, 14]",1,0.0,-614,77,9,0.533138401559454,691,1
794,"(17,1)",,True,27,"[17, 1, 15, 12, 10]",1,0.0,-616,77,10,0.503216374269005,693,1
795,"(17,1)",,True,27,"[17, 1, 15, 12, 10]",1,0.0,-616,77,10,0.503216374269005,693,1
796,16:14,assassinate,True,19,"[1, 4, 16, 11, 10]",1,0.0,-618,77,8,0.49220272904483403,695,1
797,16:14,assassinate,True,19,"[1, 4, 16, 11, 10]",1,0.0,-618,77,8,0.49220272904483403,695,1
798,"(19,2)",,True,22,"[19, 13, 3, 2, 9]",1,0.0,-620,77,8,0.525341130604288,697,1
799,"(19,2)",,True,22,"[19, 13, 3, 2, 9]",1,0.0,-620,77,8,0.525341130604288,697,1
