,actionDetail,actionType,bonusActivated,graphEdgeCount,nodeList,p1Degree,p1Score,p1WinAdvantage,p1WinCount,p2Degree,p2Score,p2WinCount,player
0,"(16,10)",,False,2,"[16, 10, 18, 3, 5]",0,-0.001,0,0,0,-0.001,0,1
1,"(16,10)",,False,2,"[16, 10, 18, 3, 5]",0,-0.001,0,0,0,-0.001,0,1
2,"(4,19)",,False,4,"[4, 0, 19, 3, 13]",0,-0.001,0,0,0,-0.001,0,1
3,"(4,19)",,False,4,"[4, 0, 19, 3, 13]",0,-0.001,0,0,0,-0.001,0,1
4,"(8,5)",,False,6,"[8, 5, 0, 9, 14]",0,-0.001,0,0,0,-0.001,0,1
5,"(8,5)",,False,6,"[8, 5, 0, 9, 14]",0,-0.001,0,0,0,-0.001,0,1
6,"(11,2)",,False,8,"[11, 2, 14, 6, 0]",0,-0.001,0,0,0,-0.001,0,1
7,"(11,2)",,False,8,"[11, 2, 14, 6, 0]",0,-0.001,0,0,0,-0.001,0,1
8,"(14,6)",,False,11,"[14, 17, 6, 18, 19]",2,0.029239766081871003,2,2,0,-0.001,0,1
9,"(14,6)",,False,11,"[14, 17, 6, 18, 19]",2,0.029239766081871003,2,2,0,-0.001,0,1
10,"(4,12)",,False,13,"[4, 12, 13, 3, 6]",3,0.134502923976608,4,4,0,-0.001,0,1
11,"(4,12)",,False,13,"[4, 12, 13, 3, 6]",3,0.134502923976608,4,4,0,-0.001,0,1
12,"(5,0)",,True,13,"[5, 13, 14, 10, 0]",3,0.087719298245614,6,6,0,-0.001,0,1
13,"(5,0)",,True,13,"[5, 13, 14, 10, 0]",3,0.087719298245614,6,6,0,-0.001,0,1
14,"(17,6)",,False,15,"[8, 17, 6, 3, 10]",3,0.105263157894736,8,8,0,-0.001,0,1
15,"(17,6)",,False,15,"[8, 17, 6, 3, 10]",3,0.105263157894736,8,8,0,-0.001,0,1
16,12:4,assassinate,True,13,"[8, 12, 10, 5, 3]",2,0.05847953216374201,10,10,0,-0.001,0,1
17,12:4,assassinate,True,13,"[8, 12, 10, 5, 3]",2,0.05847953216374201,10,10,0,-0.001,0,1
18,"(8,5)",,False,13,"[8, 1, 12, 18, 5]",2,0.105263157894736,12,12,0,-0.001,0,1
19,"(8,5)",,False,13,"[8, 1, 12, 18, 5]",2,0.105263157894736,12,12,0,-0.001,0,1
20,"(12,5)",,False,15,"[12, 9, 17, 5, 10]",2,0.11695906432748501,14,14,0,-0.001,0,1
21,"(12,5)",,False,15,"[12, 9, 17, 5, 10]",2,0.11695906432748501,14,14,0,-0.001,0,1
22,"(7,6)",,False,17,"[8, 11, 7, 6, 16]",3,0.070175438596491,16,16,1,0.0,0,1
23,"(7,6)",,False,17,"[8, 11, 7, 6, 16]",3,0.070175438596491,16,16,1,0.0,0,1
24,"(1,0)",,False,18,"[1, 18, 8, 0, 4]",2,0.0,18,18,0,-0.001,0,1
25,"(1,0)",,False,18,"[1, 18, 8, 0, 4]",2,0.0,18,18,0,-0.001,0,1
26,"(11,0)",,False,18,"[10, 11, 5, 19, 0]",2,0.0,20,20,0,-0.001,0,1
27,"(11,0)",,False,18,"[10, 11, 5, 19, 0]",2,0.0,20,20,0,-0.001,0,1
28,"(16,11)",,False,18,"[16, 11, 5, 12, 13]",2,0.0,22,22,0,-0.001,0,1
29,"(16,11)",,False,18,"[16, 11, 5, 12, 13]",2,0.0,22,22,0,-0.001,0,1
30,"(4,1)",,False,20,"[4, 17, 11, 1, 8]",2,0.0,23,23,1,0.0,0,1
31,"(4,1)",,False,20,"[4, 17, 11, 1, 8]",2,0.0,23,23,1,0.0,0,1
32,"(1,16)",,False,22,"[19, 14, 1, 16, 2]",2,0.0,22,23,2,0.053606237816764005,1,1
33,"(1,16)",,False,22,"[19, 14, 1, 16, 2]",2,0.0,22,23,2,0.053606237816764005,1,1
34,"(4,9)",,False,22,"[4, 9, 18, 2, 15]",2,0.0,22,23,1,0.0,1,1
35,"(4,9)",,False,22,"[4, 9, 18, 2, 15]",2,0.0,22,23,1,0.0,1,1
36,"(6,4)",,False,24,"[6, 4, 0, 11, 7]",2,0.0,22,23,1,0.0,1,1
37,"(6,4)",,False,24,"[6, 4, 0, 11, 7]",2,0.0,22,23,1,0.0,1,1
38,"(5,11)",,False,26,"[5, 11, 2, 17, 16]",2,0.0,22,23,1,0.0,1,1
39,"(5,11)",,False,26,"[5, 11, 2, 17, 16]",2,0.0,22,23,1,0.0,1,1
40,"(1,3)",,False,28,"[12, 11, 1, 3, 10]",2,0.0,21,23,3,0.026315789473684,2,1
41,"(1,3)",,False,28,"[12, 11, 1, 3, 10]",2,0.0,21,23,3,0.026315789473684,2,1
42,"(1,6)",,False,28,"[1, 6, 7, 10, 19]",2,0.0,19,23,4,0.088693957115009,4,1
43,"(1,6)",,False,28,"[1, 6, 7, 10, 19]",2,0.0,19,23,4,0.088693957115009,4,1
44,"(2,16)",,False,30,"[15, 13, 19, 2, 16]",3,0.07446393762183201,19,24,4,0.10185185185185101,5,1
45,"(2,16)",,False,30,"[15, 13, 19, 2, 16]",3,0.07446393762183201,19,24,4,0.10185185185185101,5,1
46,"(16,9)",,False,30,"[19, 0, 16, 9, 13]",4,0.14152046783625702,21,26,4,0.141228070175438,5,1
47,"(16,9)",,False,30,"[19, 0, 16, 9, 13]",4,0.14152046783625702,21,26,4,0.141228070175438,5,1
48,"(12,17)",,False,32,"[12, 14, 17, 1, 5]",4,0.05526315789473601,21,27,4,0.10224171539961001,6,1
49,"(12,17)",,False,32,"[12, 14, 17, 1, 5]",4,0.05526315789473601,21,27,4,0.10224171539961001,6,1
50,"(1,8)",,False,32,"[1, 12, 19, 8, 2]",4,0.039181286549707005,19,27,4,0.113937621832358,8,1
51,"(1,8)",,False,32,"[1, 12, 19, 8, 2]",4,0.039181286549707005,19,27,4,0.113937621832358,8,1
52,"(8,4)",,False,31,"[11, 10, 8, 4, 2]",4,0.050389863547758006,21,29,3,0.044736842105263006,8,1
53,"(8,4)",,False,31,"[11, 10, 8, 4, 2]",4,0.050389863547758006,21,29,3,0.044736842105263006,8,1
54,"(3,13)",,False,33,"[0, 3, 8, 14, 13]",4,0.030409356725146,21,30,3,0.041617933723196006,9,1
55,"(3,13)",,False,33,"[0, 3, 8, 14, 13]",4,0.030409356725146,21,30,3,0.041617933723196006,9,1
56,"(8,16)",,False,32,"[11, 8, 16, 10, 9]",4,0.039668615984405006,19,30,3,0.071345029239766,11,1
57,"(8,16)",,False,32,"[11, 8, 16, 10, 9]",4,0.039668615984405006,19,30,3,0.071345029239766,11,1
58,"(17,1)",,False,32,"[17, 2, 10, 14, 1]",4,0.044346978557504003,19,31,3,0.07309941520467801,12,1
59,"(17,1)",,False,32,"[17, 2, 10, 14, 1]",4,0.044346978557504003,19,31,3,0.07309941520467801,12,1
60,"(13,2)",,False,32,"[10, 12, 13, 5, 2]",4,0.09961013645224101,21,33,3,0.07426900584795301,12,1
61,"(13,2)",,False,32,"[10, 12, 13, 5, 2]",4,0.09961013645224101,21,33,3,0.07426900584795301,12,1
62,"(3,19)",,False,34,"[3, 2, 16, 19, 13]",4,0.06676413255360601,23,35,3,0.055555555555555004,12,1
63,"(3,19)",,False,34,"[3, 2, 16, 19, 13]",4,0.06676413255360601,23,35,3,0.055555555555555004,12,1
64,"(0,6)",,False,32,"[0, 6, 15, 14, 10]",3,0.042397660818713004,25,37,2,0.020467836257309,12,1
65,"(0,6)",,False,32,"[0, 6, 15, 14, 10]",3,0.042397660818713004,25,37,2,0.020467836257309,12,1
66,"(18,3)",,False,34,"[18, 13, 3, 5, 10]",3,0.035575048732943,27,39,2,0.017348927875243,12,1
67,"(18,3)",,False,34,"[18, 13, 3, 5, 10]",3,0.035575048732943,27,39,2,0.017348927875243,12,1
68,"(2,6)",,False,32,"[2, 6, 13, 8, 0]",3,0.049902534113060004,27,40,2,0.05214424951267001,13,1
69,"(2,6)",,False,32,"[2, 6, 13, 8, 0]",3,0.049902534113060004,27,40,2,0.05214424951267001,13,1
70,"(6,16)",,False,34,"[8, 6, 16, 13, 19]",4,0.06262183235867401,29,42,2,0.015204678362573,13,1
71,"(6,16)",,False,34,"[8, 6, 16, 13, 19]",4,0.06262183235867401,29,42,2,0.015204678362573,13,1
72,"(9,16)",,False,34,"[8, 2, 9, 16, 14]",4,0.05532581453634,31,44,2,0.014090782511835001,13,1
73,"(9,16)",,False,34,"[8, 2, 9, 16, 14]",4,0.05532581453634,31,44,2,0.014090782511835001,13,1
74,"(0,7)",,False,33,"[0, 7, 19, 18, 2]",3,0.037450106748352,33,46,2,0.015227884526130001,13,1
75,"(0,7)",,False,33,"[0, 7, 19, 18, 2]",3,0.037450106748352,33,46,2,0.015227884526130001,13,1
76,"(9,12)",,False,33,"[14, 9, 16, 12, 2]",3,0.014035087719298001,35,48,2,0.012475633528265001,13,1
77,"(9,12)",,False,33,"[14, 9, 16, 12, 2]",3,0.014035087719298001,35,48,2,0.012475633528265001,13,1
78,"(15,1)",,False,35,"[13, 15, 18, 1, 8]",3,0.010948667966211,35,49,3,0.06611900120672,14,1
79,"(15,1)",,False,35,"[13, 15, 18, 1, 8]",3,0.010948667966211,35,49,3,0.06611900120672,14,1
80,"(1,8)",,False,37,"[11, 15, 1, 4, 8]",3,0.008674463937621,33,49,4,0.105360623781676,16,1
81,"(1,8)",,False,37,"[11, 15, 1, 4, 8]",3,0.008674463937621,33,49,4,0.105360623781676,16,1
82,"(17,18)",,False,37,"[17, 8, 18, 19, 11]",3,0.006725146198830001,31,49,4,0.081634642160957,18,1
83,"(17,18)",,False,37,"[17, 8, 18, 19, 11]",3,0.006725146198830001,31,49,4,0.081634642160957,18,1
84,"(17,13)",,False,37,"[17, 13, 3, 6, 7]",3,0.005263157894736001,29,49,4,0.043664717348927004,20,1
85,"(17,13)",,False,37,"[17, 13, 3, 6, 7]",3,0.005263157894736001,29,49,4,0.043664717348927004,20,1
86,"(16,10)",,False,35,"[5, 11, 16, 2, 10]",3,0.038206627680311,27,49,4,0.070077972709551,22,1
87,"(16,10)",,False,35,"[5, 11, 16, 2, 10]",3,0.038206627680311,27,49,4,0.070077972709551,22,1
88,"(1,5)",,False,37,"[15, 1, 5, 11, 0]",3,0.040065441381230006,25,49,5,0.11189083820662701,24,1
89,"(1,5)",,False,37,"[15, 1, 5, 11, 0]",3,0.040065441381230006,25,49,5,0.11189083820662701,24,1
90,12:8,assassinate,True,32,"[4, 7, 9, 12, 19]",2,0.023391812865497002,25,50,4,0.048245614035087,25,1
91,12:8,assassinate,True,32,"[4, 7, 9, 12, 19]",2,0.023391812865497002,25,50,4,0.048245614035087,25,1
92,"(19,16)",,False,33,"[3, 19, 11, 16, 15]",2,0.025062656641604,27,52,3,0.021164021164021003,25,1
93,"(19,16)",,False,33,"[3, 19, 11, 16, 15]",2,0.025062656641604,27,52,3,0.021164021164021003,25,1
94,"(17,14)",,False,36,"[17, 18, 3, 4, 14]",2,0.008771929824561,27,53,3,0.011695906432748001,26,1
95,"(17,14)",,False,36,"[17, 18, 3, 4, 14]",2,0.008771929824561,27,53,3,0.011695906432748001,26,1
96,"(19,7)",,False,38,"[19, 2, 11, 7, 15]",3,0.03401559454191,29,55,3,0.014327485380116,26,1
97,"(19,7)",,False,38,"[19, 2, 11, 7, 15]",3,0.03401559454191,29,55,3,0.014327485380116,26,1
98,"(17,18)",,False,40,"[3, 11, 16, 17, 18]",4,0.048862897985705006,31,57,3,0.012670565302144,26,1
99,"(17,18)",,False,40,"[3, 11, 16, 17, 18]",4,0.048862897985705006,31,57,3,0.012670565302144,26,1
100,5:8,assassinate,True,36,"[18, 17, 16, 10, 5]",3,0.041910331384015,33,59,2,0.0,26,1
101,5:8,assassinate,True,36,"[18, 17, 16, 10, 5]",3,0.041910331384015,33,59,2,0.0,26,1
102,"(17,0)",,False,36,"[3, 17, 12, 7, 0]",3,0.122807017543859,35,61,2,0.0,26,1
103,"(17,0)",,False,36,"[3, 17, 12, 7, 0]",3,0.122807017543859,35,61,2,0.0,26,1
104,"(13,12)",,False,34,"[4, 11, 13, 12, 15]",3,0.11695906432748501,37,63,2,0.0,26,1
105,"(13,12)",,False,34,"[4, 11, 13, 12, 15]",3,0.11695906432748501,37,63,2,0.0,26,1
106,"(9,4)",,False,34,"[9, 7, 16, 12, 4]",3,0.118908382066276,39,65,2,0.0,26,1
107,"(9,4)",,False,34,"[9, 7, 16, 12, 4]",3,0.118908382066276,39,65,2,0.0,26,1
108,"(2,9)",,False,36,"[6, 4, 10, 2, 9]",3,0.11062378167641301,41,67,2,0.0,26,1
109,"(2,9)",,False,36,"[6, 4, 10, 2, 9]",3,0.11062378167641301,41,67,2,0.0,26,1
110,"(5,1)",,False,36,"[6, 5, 11, 16, 1]",3,0.06686159844054501,43,69,3,0.046393762183235,26,1
111,"(5,1)",,False,36,"[6, 5, 11, 16, 1]",3,0.06686159844054501,43,69,3,0.046393762183235,26,1
112,"(18,9)",,False,36,"[11, 18, 14, 9, 7]",3,0.073155109997215,45,71,3,0.05087719298245601,26,1
113,"(18,9)",,False,36,"[11, 18, 14, 9, 7]",3,0.073155109997215,45,71,3,0.05087719298245601,26,1
114,"(15,17)",,False,36,"[15, 17, 11, 4, 0]",3,0.12237538290169801,47,73,2,0.0,26,1
115,"(15,17)",,False,36,"[15, 17, 11, 4, 0]",3,0.12237538290169801,47,73,2,0.0,26,1
116,"(9,0)",,False,36,"[9, 13, 10, 6, 0]",3,0.105263157894736,49,75,2,0.0,26,1
117,"(9,0)",,False,36,"[9, 13, 10, 6, 0]",3,0.105263157894736,49,75,2,0.0,26,1
118,"(1,13)",,False,38,"[2, 1, 13, 19, 7]",3,0.105263157894736,51,77,3,0.027777777777777003,26,1
119,"(1,13)",,False,38,"[2, 1, 13, 19, 7]",3,0.105263157894736,51,77,3,0.027777777777777003,26,1
120,"(12,15)",,False,40,"[8, 0, 14, 12, 15]",3,0.105263157894736,53,79,3,0.034600389863547,26,1
121,"(12,15)",,False,40,"[8, 0, 14, 12, 15]",3,0.105263157894736,53,79,3,0.034600389863547,26,1
122,"(10,18)",,False,42,"[0, 10, 18, 16, 7]",3,0.105263157894736,55,81,3,0.023391812865497002,26,1
123,"(10,18)",,False,42,"[0, 10, 18, 16, 7]",3,0.105263157894736,55,81,3,0.023391812865497002,26,1
124,"(1,0)",,False,44,"[19, 1, 18, 7, 0]",5,0.141877842755035,57,83,4,0.033249791144527,26,1
125,"(1,0)",,False,44,"[19, 1, 18, 7, 0]",5,0.141877842755035,57,83,4,0.033249791144527,26,1
126,"(12,18)",,False,46,"[12, 7, 19, 10, 18]",6,0.14239766081871302,59,85,4,0.022807017543859002,26,1
127,"(12,18)",,False,46,"[12, 7, 19, 10, 18]",6,0.14239766081871302,59,85,4,0.022807017543859002,26,1
128,"(5,0)",,False,46,"[7, 5, 1, 14, 0]",5,0.035925672767778,61,87,4,0.012670565302144,26,1
129,"(5,0)",,False,46,"[7, 5, 1, 14, 0]",5,0.035925672767778,61,87,4,0.012670565302144,26,1
130,"(0,3)",,False,44,"[15, 17, 9, 0, 3]",4,0.026719576719576,63,89,3,0.006822612085769001,26,1
131,"(0,3)",,False,44,"[15, 17, 9, 0, 3]",4,0.026719576719576,63,89,3,0.006822612085769001,26,1
132,"(0,11)",,False,42,"[0, 18, 2, 17, 11]",3,0.010916179337231002,63,90,3,0.010971874129768001,27,1
133,"(0,11)",,False,42,"[0, 18, 2, 17, 11]",3,0.010916179337231002,63,90,3,0.010971874129768001,27,1
134,"(13,14)",,False,42,"[13, 2, 10, 14, 3]",3,0.012726260094681,65,92,2,0.0,27,1
135,"(13,14)",,False,42,"[13, 2, 10, 14, 3]",3,0.012726260094681,65,92,2,0.0,27,1
136,"(4,14)",,False,45,"[4, 0, 6, 14, 19]",3,0.021108326371484,67,94,2,0.0,27,1
137,"(4,14)",,False,45,"[4, 0, 6, 14, 19]",3,0.021108326371484,67,94,2,0.0,27,1
138,"(14,2)",,False,47,"[9, 16, 14, 2, 17]",3,0.019885572517151003,69,96,2,0.0,27,1
139,"(14,2)",,False,47,"[9, 16, 14, 2, 17]",3,0.019885572517151003,69,96,2,0.0,27,1
140,"(18,9)",,False,47,"[18, 3, 9, 14, 15]",3,0.10268727373990501,71,98,1,0.0,27,1
141,"(18,9)",,False,47,"[18, 3, 9, 14, 15]",3,0.10268727373990501,71,98,1,0.0,27,1
142,"(2,17)",,False,49,"[15, 5, 8, 2, 17]",4,0.107699805068226,73,100,1,0.0,27,1
143,"(2,17)",,False,49,"[15, 5, 8, 2, 17]",4,0.107699805068226,73,100,1,0.0,27,1
144,"(11,13)",,False,51,"[11, 13, 16, 19, 18]",5,0.21003898635477503,75,102,1,0.0,27,1
145,"(11,13)",,False,51,"[11, 13, 16, 19, 18]",5,0.21003898635477503,75,102,1,0.0,27,1
146,"(6,7)",,False,53,"[9, 18, 0, 6, 7]",6,0.21974380395433002,77,104,1,0.0,27,1
147,"(6,7)",,False,53,"[9, 18, 0, 6, 7]",6,0.21974380395433002,77,104,1,0.0,27,1
148,"(1,13)",,False,55,"[1, 10, 13, 4, 14]",6,0.14459760512392,79,106,2,0.0,27,1
149,"(1,13)",,False,55,"[1, 10, 13, 4, 14]",6,0.14459760512392,79,106,2,0.0,27,1
150,"(13,10)",,False,55,"[7, 13, 10, 19, 6]",6,0.21488696488696402,81,108,1,0.0,27,1
151,"(13,10)",,False,55,"[7, 13, 10, 19, 6]",6,0.21488696488696402,81,108,1,0.0,27,1
152,"(1,17)",,False,55,"[18, 2, 1, 10, 17]",6,0.152432216905901,83,110,2,0.007797270955165,27,1
153,"(1,17)",,False,55,"[18, 2, 1, 10, 17]",6,0.152432216905901,83,110,2,0.007797270955165,27,1
154,"(5,3)",,False,57,"[15, 4, 12, 5, 3]",7,0.10611081575993801,85,112,2,0.0036549707602330003,27,1
155,"(5,3)",,False,57,"[15, 4, 12, 5, 3]",7,0.10611081575993801,85,112,2,0.0036549707602330003,27,1
156,"(0,10)",,False,55,"[2, 0, 10, 4, 19]",6,0.090147084883926,87,114,2,0.005221386800334,27,1
157,"(0,10)",,False,55,"[2, 0, 10, 4, 19]",6,0.090147084883926,87,114,2,0.005221386800334,27,1
158,"(5,1)",,False,54,"[5, 17, 11, 1, 3]",6,0.08352826510721201,89,116,3,0.018866610971874,27,1
159,"(5,1)",,False,54,"[5, 17, 11, 1, 3]",6,0.08352826510721201,89,116,3,0.018866610971874,27,1
160,"(1,8)",,False,56,"[5, 1, 8, 2, 6]",7,0.08453773322194301,91,118,4,0.031147312726260003,27,1
161,"(1,8)",,False,56,"[5, 1, 8, 2, 6]",7,0.08453773322194301,91,118,4,0.031147312726260003,27,1
162,"(4,13)",,False,56,"[10, 4, 13, 18, 17]",7,0.082813726234778,93,120,4,0.033238399027872005,27,1
163,"(4,13)",,False,56,"[10, 4, 13, 18, 17]",7,0.082813726234778,93,120,4,0.033238399027872005,27,1
164,"(18,1)",,False,56,"[16, 18, 6, 12, 1]",7,0.08820915926179,95,122,5,0.056435280119490006,27,1
165,"(18,1)",,False,56,"[16, 18, 6, 12, 1]",7,0.08820915926179,95,122,5,0.056435280119490006,27,1
166,"(5,13)",,False,56,"[17, 5, 6, 19, 13]",7,0.058639654692286006,97,124,5,0.036953494848231,27,1
167,"(5,13)",,False,56,"[17, 5, 6, 19, 13]",7,0.058639654692286006,97,124,5,0.036953494848231,27,1
168,"(10,1)",,False,58,"[10, 8, 13, 18, 1]",7,0.05912698412698401,99,126,6,0.046927925875294006,27,1
169,"(10,1)",,False,58,"[10, 8, 13, 18, 1]",7,0.05912698412698401,99,126,6,0.046927925875294006,27,1
170,"(8,10)",,False,58,"[14, 15, 18, 8, 10]",7,0.05912698412698401,101,128,6,0.046927925875294006,27,1
171,"(8,10)",,False,58,"[14, 15, 18, 8, 10]",7,0.05912698412698401,101,128,6,0.046927925875294006,27,1
172,"(12,19)",,False,60,"[12, 16, 5, 19, 6]",7,0.045676691729323,103,130,6,0.043082453608769,27,1
173,"(12,19)",,False,60,"[12, 16, 5, 19, 6]",7,0.045676691729323,103,130,6,0.043082453608769,27,1
174,"(15,17)",,False,58,"[15, 17, 9, 6, 11]",7,0.049494527564702004,105,132,6,0.044114916921934005,27,1
175,"(15,17)",,False,58,"[15, 17, 9, 6, 11]",7,0.049494527564702004,105,132,6,0.044114916921934005,27,1
176,"(13,10)",,False,56,"[8, 13, 19, 10, 15]",7,0.056618819776714006,107,134,6,0.055128205128205,27,1
177,"(13,10)",,False,56,"[8, 13, 19, 10, 15]",7,0.056618819776714006,107,134,6,0.055128205128205,27,1
178,"(0,12)",,False,55,"[0, 18, 12, 11, 17]",6,0.037231968810916005,107,135,6,0.05725424672793,28,1
179,"(0,12)",,False,55,"[0, 18, 12, 11, 17]",6,0.037231968810916005,107,135,6,0.05725424672793,28,1
180,4:10,assassinate,True,51,"[18, 19, 11, 4, 17]",5,0.026998050682261004,105,135,6,0.053032688559004004,30,1
181,4:10,assassinate,True,51,"[18, 19, 11, 4, 17]",5,0.026998050682261004,105,135,6,0.053032688559004004,30,1
182,"(0,13)",,False,51,"[2, 0, 13, 12, 3]",4,0.023781676413255,103,135,6,0.05377064456011801,32,1
183,"(0,13)",,False,51,"[2, 0, 13, 12, 3]",4,0.023781676413255,103,135,6,0.05377064456011801,32,1
184,"(1,19)",,False,53,"[9, 1, 15, 19, 10]",4,0.013756613756613,101,135,7,0.057889738591492004,34,1
185,"(1,19)",,False,53,"[9, 1, 15, 19, 10]",4,0.013756613756613,101,135,7,0.057889738591492004,34,1
186,"(12,19)",,False,53,"[8, 12, 11, 19, 5]",4,0.012816764132553001,99,135,7,0.047491056701583004,36,1
187,"(12,19)",,False,53,"[8, 12, 11, 19, 5]",4,0.012816764132553001,99,135,7,0.047491056701583004,36,1
188,"(4,1)",,False,55,"[4, 7, 17, 10, 1]",5,0.041956743711129,97,135,8,0.14486643960328102,38,1
189,"(4,1)",,False,55,"[4, 7, 17, 10, 1]",5,0.041956743711129,97,135,8,0.14486643960328102,38,1
190,"(12,0)",,False,55,"[19, 12, 6, 0, 17]",5,0.026055880441845,95,135,8,0.146996765417818,40,1
191,"(12,0)",,False,55,"[19, 12, 6, 0, 17]",5,0.026055880441845,95,135,8,0.146996765417818,40,1
192,"(1,12)",,False,57,"[10, 1, 12, 9, 16]",6,0.039137616769195006,93,135,9,0.17068080554922602,42,1
193,"(1,12)",,False,57,"[10, 1, 12, 9, 16]",6,0.039137616769195006,93,135,9,0.17068080554922602,42,1
194,"(5,0)",,False,57,"[17, 5, 14, 18, 0]",6,0.030708033700809004,91,135,9,0.18094473656909102,44,1
195,"(5,0)",,False,57,"[17, 5, 14, 18, 0]",6,0.030708033700809004,91,135,9,0.18094473656909102,44,1
196,"(3,8)",,False,59,"[7, 6, 3, 13, 8]",7,0.053602817961082,89,135,9,0.18151140521869902,46,1
197,"(3,8)",,False,59,"[7, 6, 3, 13, 8]",7,0.053602817961082,89,135,9,0.18151140521869902,46,1
198,"(4,7)",,False,62,"[4, 2, 0, 7, 8]",7,0.042752865444462,87,135,9,0.10849071246116401,48,1
199,"(4,7)",,False,62,"[4, 2, 0, 7, 8]",7,0.042752865444462,87,135,9,0.10849071246116401,48,1
200,"(0,3)",,False,62,"[0, 19, 18, 4, 3]",6,0.020272904483430002,85,135,9,0.093252069567859,50,1
201,"(0,3)",,False,62,"[0, 19, 18, 4, 3]",6,0.020272904483430002,85,135,9,0.093252069567859,50,1
202,"(17,4)",,False,62,"[17, 5, 4, 1, 12]",6,0.020435347628330002,83,135,9,0.097172418225049,52,1
203,"(17,4)",,False,62,"[17, 5, 4, 1, 12]",6,0.020435347628330002,83,135,9,0.097172418225049,52,1
204,"(16,14)",,False,64,"[9, 16, 8, 14, 2]",6,0.014745196324143001,81,135,9,0.07803926904804001,54,1
205,"(16,14)",,False,64,"[9, 16, 8, 14, 2]",6,0.014745196324143001,81,135,9,0.07803926904804001,54,1
206,"(4,16)",,False,64,"[6, 17, 7, 4, 16]",6,0.015302144249512002,79,135,9,0.07700775507793,56,1
207,"(4,16)",,False,64,"[6, 17, 7, 4, 16]",6,0.015302144249512002,79,135,9,0.07700775507793,56,1
208,"(8,15)",,False,64,"[11, 8, 6, 15, 17]",7,0.038661468486029006,77,135,9,0.081560382437575,58,1
209,"(8,15)",,False,64,"[11, 8, 6, 15, 17]",7,0.038661468486029006,77,135,9,0.081560382437575,58,1
210,"(1,13)",,False,64,"[1, 19, 18, 13, 0]",7,0.039193100596609,75,135,9,0.073201944254575,60,1
211,"(1,13)",,False,64,"[1, 19, 18, 13, 0]",7,0.039193100596609,75,135,9,0.073201944254575,60,1
212,"(19,17)",,False,62,"[11, 19, 17, 18, 3]",7,0.04069200779727,73,135,8,0.06993472739086701,62,1
213,"(19,17)",,False,62,"[11, 19, 17, 18, 3]",7,0.04069200779727,73,135,8,0.06993472739086701,62,1
214,"(9,1)",,False,64,"[9, 19, 11, 12, 1]",8,0.04983291562238901,71,135,9,0.07299266685231501,64,1
215,"(9,1)",,False,64,"[9, 19, 11, 12, 1]",8,0.04983291562238901,71,135,9,0.07299266685231501,64,1
216,"(1,6)",,False,66,"[1, 12, 6, 14, 10]",8,0.046913158316667,69,135,10,0.089080282939932,66,1
217,"(1,6)",,False,66,"[1, 12, 6, 14, 10]",8,0.046913158316667,69,135,10,0.089080282939932,66,1
218,"(8,1)",,False,66,"[8, 15, 18, 19, 1]",8,0.04713045239361,67,135,10,0.08270316428211101,68,1
219,"(8,1)",,False,66,"[8, 15, 18, 19, 1]",8,0.04713045239361,67,135,10,0.08270316428211101,68,1
220,"(0,3)",,False,66,"[13, 12, 11, 0, 3]",7,0.021767803346750002,65,135,10,0.077942525310946,70,1
221,"(0,3)",,False,66,"[13, 12, 11, 0, 3]",7,0.021767803346750002,65,135,10,0.077942525310946,70,1
222,"(15,0)",,False,66,"[15, 3, 5, 6, 0]",6,0.012141464773043,63,135,10,0.067633925528662,72,1
223,"(15,0)",,False,66,"[15, 3, 5, 6, 0]",6,0.012141464773043,63,135,10,0.067633925528662,72,1
224,"(19,10)",,False,66,"[11, 4, 17, 19, 10]",6,0.013045239361028001,61,135,10,0.069123566491987,74,1
225,"(19,10)",,False,66,"[11, 4, 17, 19, 10]",6,0.013045239361028001,61,135,10,0.069123566491987,74,1
226,16:18,assassinate,True,58,"[9, 13, 16, 4, 6]",5,0.013826232247284001,59,135,10,0.086534096183219,76,1
227,16:18,assassinate,True,58,"[9, 13, 16, 4, 6]",5,0.013826232247284001,59,135,10,0.086534096183219,76,1
228,"(4,18)",,False,58,"[6, 4, 18, 5, 10]",6,0.11928432191590001,61,137,10,0.11393593411137201,76,1
229,"(4,18)",,False,58,"[6, 4, 18, 5, 10]",6,0.11928432191590001,61,137,10,0.11393593411137201,76,1
230,"(4,9)",,False,58,"[6, 8, 4, 5, 9]",6,0.12011021706312501,61,138,10,0.12473498339149301,77,1
231,"(4,9)",,False,58,"[6, 8, 4, 5, 9]",6,0.12011021706312501,61,138,10,0.12473498339149301,77,1
232,"(8,18)",,False,59,"[0, 8, 6, 18, 9]",8,0.141938178780284,63,140,10,0.140429778149076,77,1
233,"(8,18)",,False,59,"[0, 8, 6, 18, 9]",8,0.141938178780284,63,140,10,0.140429778149076,77,1
234,"(1,7)",,False,59,"[9, 19, 15, 1, 7]",8,0.13711593799313002,63,141,10,0.152984312633435,78,1
235,"(1,7)",,False,59,"[9, 19, 15, 1, 7]",8,0.13711593799313002,63,141,10,0.152984312633435,78,1
236,"(7,19)",,False,57,"[7, 1, 19, 5, 10]",8,0.141047062099693,61,141,10,0.17420866982270403,80,1
237,"(7,19)",,False,57,"[7, 1, 19, 5, 10]",8,0.141047062099693,61,141,10,0.17420866982270403,80,1
238,"(6,9)",,False,59,"[3, 5, 6, 9, 17]",8,0.133412234289427,59,141,10,0.152668708809059,82,1
239,"(6,9)",,False,59,"[3, 5, 6, 9, 17]",8,0.133412234289427,59,141,10,0.152668708809059,82,1
240,"(8,10)",,False,59,"[18, 12, 8, 0, 10]",8,0.13184923092043802,57,141,10,0.147556254470599,84,1
241,"(8,10)",,False,59,"[18, 12, 8, 0, 10]",8,0.13184923092043802,57,141,10,0.147556254470599,84,1
242,"(6,3)",,False,59,"[12, 6, 5, 3, 14]",8,0.13184923092043802,55,141,10,0.147556254470599,86,1
243,"(6,3)",,False,59,"[12, 6, 5, 3, 14]",8,0.13184923092043802,55,141,10,0.147556254470599,86,1
244,"(12,17)",,False,58,"[13, 6, 12, 17, 11]",8,0.14146441602581902,57,143,9,0.11329611316711401,86,1
245,"(12,17)",,False,58,"[13, 6, 12, 17, 11]",8,0.14146441602581902,57,143,9,0.11329611316711401,86,1
246,"(16,18)",,False,61,"[19, 4, 3, 16, 18]",8,0.079907746574413,57,144,9,0.089247565872952,87,1
247,"(16,18)",,False,61,"[19, 4, 3, 16, 18]",8,0.079907746574413,57,144,9,0.089247565872952,87,1
248,"(8,0)",,False,61,"[15, 4, 12, 8, 0]",8,0.079907746574413,57,145,9,0.089247565872952,88,1
249,"(8,0)",,False,61,"[15, 4, 12, 8, 0]",8,0.079907746574413,57,145,9,0.089247565872952,88,1
250,"(8,14)",,False,61,"[8, 14, 9, 6, 13]",8,0.077833472570314,55,145,9,0.104755352433371,90,1
251,"(8,14)",,False,61,"[8, 14, 9, 6, 13]",8,0.077833472570314,55,145,9,0.104755352433371,90,1
252,"(12,5)",,False,62,"[12, 14, 3, 5, 17]",10,0.11388699020277901,57,147,9,0.11078275201082201,90,1
253,"(12,5)",,False,62,"[12, 14, 3, 5, 17]",10,0.11388699020277901,57,147,9,0.11078275201082201,90,1
254,"(19,2)",,False,62,"[11, 3, 19, 2, 17]",10,0.11880205564416,59,149,9,0.11036504106679501,90,1
255,"(19,2)",,False,62,"[11, 3, 19, 2, 17]",10,0.11880205564416,59,149,9,0.11036504106679501,90,1
256,"(16,17)",,False,63,"[4, 16, 8, 17, 2]",10,0.10018100807574401,59,150,9,0.10483732479346501,91,1
257,"(16,17)",,False,63,"[4, 16, 8, 17, 2]",10,0.10018100807574401,59,150,9,0.10483732479346501,91,1
258,"(4,14)",,False,62,"[4, 8, 5, 14, 18]",10,0.10368870895186601,61,152,8,0.079684610386364,91,1
259,"(4,14)",,False,62,"[4, 8, 5, 14, 18]",10,0.10368870895186601,61,152,8,0.079684610386364,91,1
260,"(5,0)",,False,59,"[2, 5, 0, 15, 7]",9,0.09304671936250801,63,154,8,0.082000065505023,91,1
261,"(5,0)",,False,59,"[2, 5, 0, 15, 7]",9,0.09304671936250801,63,154,8,0.082000065505023,91,1
262,"(17,9)",,False,61,"[2, 17, 15, 18, 9]",10,0.09688805346700001,65,156,8,0.077619455861256,91,1
263,"(17,9)",,False,61,"[2, 17, 15, 18, 9]",10,0.09688805346700001,65,156,8,0.077619455861256,91,1
264,"(11,4)",,False,64,"[18, 13, 11, 4, 14]",12,0.14009221772379601,67,158,8,0.063953152111046,91,1
265,"(11,4)",,False,64,"[18, 13, 11, 4, 14]",12,0.14009221772379601,67,158,8,0.063953152111046,91,1
266,"(1,3)",,False,64,"[1, 8, 19, 3, 15]",12,0.15481992017079702,69,160,9,0.08050450199573,91,1
267,"(1,3)",,False,64,"[1, 8, 19, 3, 15]",12,0.15481992017079702,69,160,9,0.08050450199573,91,1
268,"(4,0)",,False,63,"[8, 4, 2, 11, 0]",11,0.15162443144899201,71,162,9,0.065432098765432,91,1
269,"(4,0)",,False,63,"[8, 4, 2, 11, 0]",11,0.15162443144899201,71,162,9,0.065432098765432,91,1
270,"(7,3)",,False,61,"[7, 3, 1, 11, 8]",11,0.18231690336953402,73,164,9,0.087914230019493,91,1
271,"(7,3)",,False,61,"[7, 3, 1, 11, 8]",11,0.18231690336953402,73,164,9,0.087914230019493,91,1
272,"(5,18)",,False,60,"[5, 14, 18, 3, 12]",11,0.17426900584795302,75,166,8,0.071693121693121,91,1
273,"(5,18)",,False,60,"[5, 14, 18, 3, 12]",11,0.17426900584795302,75,166,8,0.071693121693121,91,1
274,"(6,0)",,False,60,"[15, 13, 6, 0, 17]",10,0.143007982920263,77,168,8,0.056265664160401005,91,1
275,"(6,0)",,False,60,"[15, 13, 6, 0, 17]",10,0.143007982920263,77,168,8,0.056265664160401005,91,1
276,"(11,5)",,False,62,"[14, 3, 6, 11, 5]",11,0.169458368142578,79,170,8,0.05225563909774401,91,1
277,"(11,5)",,False,62,"[14, 3, 6, 11, 5]",11,0.169458368142578,79,170,8,0.05225563909774401,91,1
278,"(16,13)",,False,65,"[17, 4, 16, 13, 19]",11,0.154681527049948,81,172,8,0.035769980506822,91,1
279,"(16,13)",,False,65,"[17, 4, 16, 13, 19]",11,0.154681527049948,81,172,8,0.035769980506822,91,1
280,"(10,13)",,False,66,"[11, 10, 13, 12, 14]",11,0.116927419558998,83,174,8,0.036605402394876,91,1
281,"(10,13)",,False,66,"[11, 10, 13, 12, 14]",11,0.116927419558998,83,174,8,0.036605402394876,91,1
282,"(0,2)",,False,66,"[17, 0, 2, 15, 9]",10,0.09464950254423901,85,176,8,0.031439710387078004,91,1
283,"(0,2)",,False,66,"[17, 0, 2, 15, 9]",10,0.09464950254423901,85,176,8,0.031439710387078004,91,1
284,"(7,10)",,False,68,"[19, 16, 7, 15, 10]",11,0.09388369914685701,87,178,8,0.030116959064327,91,1
285,"(7,10)",,False,68,"[19, 16, 7, 15, 10]",11,0.09388369914685701,87,178,8,0.030116959064327,91,1
286,"(3,8)",,False,66,"[2, 17, 3, 7, 8]",11,0.11956659325080302,89,180,8,0.040211640211640004,91,1
287,"(3,8)",,False,66,"[2, 17, 3, 7, 8]",11,0.11956659325080302,89,180,8,0.040211640211640004,91,1
288,"(5,2)",,False,68,"[5, 13, 9, 19, 2]",12,0.126680970102022,91,182,8,0.039538661468486,91,1
289,"(5,2)",,False,68,"[5, 13, 9, 19, 2]",12,0.126680970102022,91,182,8,0.039538661468486,91,1
290,"(13,0)",,False,66,"[13, 5, 15, 0, 17]",11,0.12904536983484302,93,184,8,0.043204878292597004,91,1
291,"(13,0)",,False,66,"[13, 5, 15, 0, 17]",11,0.12904536983484302,93,184,8,0.043204878292597004,91,1
292,"(6,7)",,False,66,"[6, 18, 19, 7, 12]",11,0.12299172562330402,95,186,7,0.037687296459226,91,1
293,"(6,7)",,False,66,"[6, 18, 19, 7, 12]",11,0.12299172562330402,95,186,7,0.037687296459226,91,1
294,"(2,10)",,False,67,"[5, 3, 2, 14, 10]",11,0.11043517885623101,97,188,7,0.03529277739804,91,1
295,"(2,10)",,False,67,"[5, 3, 2, 14, 10]",11,0.11043517885623101,97,188,7,0.03529277739804,91,1
296,"(1,6)",,False,67,"[8, 1, 3, 0, 6]",11,0.10881311670785301,99,190,7,0.048414937888622,91,1
297,"(1,6)",,False,67,"[8, 1, 3, 0, 6]",11,0.10881311670785301,99,190,7,0.048414937888622,91,1
298,"(14,1)",,False,67,"[9, 7, 14, 12, 1]",11,0.115505774277704,101,192,8,0.063782059396094,91,1
299,"(14,1)",,False,67,"[9, 7, 14, 12, 1]",11,0.115505774277704,101,192,8,0.063782059396094,91,1
300,"(11,16)",,False,67,"[13, 12, 11, 8, 16]",11,0.11183085919928001,103,194,7,0.039206277802769,91,1
301,"(11,16)",,False,67,"[13, 12, 11, 8, 16]",11,0.11183085919928001,103,194,7,0.039206277802769,91,1
302,"(0,19)",,False,65,"[1, 0, 19, 3, 9]",10,0.09053831159094301,105,196,7,0.039142014580611006,91,1
303,"(0,19)",,False,65,"[1, 0, 19, 3, 9]",10,0.09053831159094301,105,196,7,0.039142014580611006,91,1
304,"(10,0)",,False,63,"[11, 12, 10, 6, 0]",9,0.07578615341773201,107,198,6,0.027794200601218,91,1
305,"(10,0)",,False,63,"[11, 12, 10, 6, 0]",9,0.07578615341773201,107,198,6,0.027794200601218,91,1
306,"(1,8)",,False,65,"[1, 9, 8, 0, 13]",10,0.08684763904062101,109,200,7,0.04892216295725001,91,1
307,"(1,8)",,False,65,"[1, 9, 8, 0, 13]",10,0.08684763904062101,109,200,7,0.04892216295725001,91,1
308,"(10,9)",,False,65,"[10, 12, 18, 13, 9]",10,0.08137879015071901,111,202,6,0.029202279202279004,91,1
309,"(10,9)",,False,65,"[10, 12, 18, 13, 9]",10,0.08137879015071901,111,202,6,0.029202279202279004,91,1
310,"(10,1)",,False,67,"[18, 10, 4, 1, 15]",11,0.10408512864653201,113,204,7,0.042522974101921004,91,1
311,"(10,1)",,False,67,"[18, 10, 4, 1, 15]",11,0.10408512864653201,113,204,7,0.042522974101921004,91,1
312,"(14,18)",,False,66,"[14, 3, 10, 18, 9]",11,0.094812789549631,115,206,5,0.020361087904947003,91,1
313,"(14,18)",,False,66,"[14, 3, 10, 18, 9]",11,0.094812789549631,115,206,5,0.020361087904947003,91,1
314,"(0,16)",,False,66,"[3, 0, 16, 4, 9]",11,0.08196501354396,117,208,5,0.020361087904947003,91,1
315,"(0,16)",,False,66,"[3, 0, 16, 4, 9]",11,0.08196501354396,117,208,5,0.020361087904947003,91,1
316,14:12,assassinate,True,60,"[15, 11, 2, 14, 10]",11,0.10471317181843401,119,210,5,0.019525666016894,91,1
317,14:12,assassinate,True,60,"[15, 11, 2, 14, 10]",11,0.10471317181843401,119,210,5,0.019525666016894,91,1
318,"(9,4)",,False,62,"[9, 11, 4, 3, 13]",11,0.08891758014565,121,212,5,0.019038336582196003,91,1
319,"(9,4)",,False,62,"[9, 11, 4, 3, 13]",11,0.08891758014565,121,212,5,0.019038336582196003,91,1
320,"(7,5)",,False,62,"[15, 6, 7, 16, 5]",11,0.083016301437354,123,214,4,0.01359649122807,91,1
321,"(7,5)",,False,62,"[15, 6, 7, 16, 5]",11,0.083016301437354,123,214,4,0.01359649122807,91,1
322,"(13,8)",,False,62,"[13, 5, 18, 10, 8]",12,0.104218880534669,125,216,4,0.017047669679248003,91,1
323,"(13,8)",,False,62,"[13, 5, 18, 10, 8]",12,0.104218880534669,125,216,4,0.017047669679248003,91,1
324,"(11,10)",,False,62,"[18, 15, 9, 11, 10]",12,0.10847953216374201,127,218,4,0.017047669679248003,91,1
325,"(11,10)",,False,62,"[18, 15, 9, 11, 10]",12,0.10847953216374201,127,218,4,0.017047669679248003,91,1
326,"(6,12)",,False,64,"[10, 15, 6, 7, 12]",12,0.116086934507987,129,220,4,0.016908432697906,91,1
327,"(6,12)",,False,64,"[10, 15, 6, 7, 12]",12,0.116086934507987,129,220,4,0.016908432697906,91,1
328,"(4,17)",,False,64,"[12, 4, 18, 17, 2]",12,0.11266676792992501,131,222,4,0.016908432697906,91,1
329,"(4,17)",,False,64,"[12, 4, 18, 17, 2]",12,0.11266676792992501,131,222,4,0.016908432697906,91,1
330,"(19,3)",,False,64,"[15, 18, 8, 19, 3]",12,0.114616085668717,133,224,4,0.016908432697906,91,1
331,"(19,3)",,False,64,"[15, 18, 8, 19, 3]",12,0.114616085668717,133,224,4,0.016908432697906,91,1
332,5:10,assassinate,True,58,"[5, 7, 10, 8, 1]",11,0.098640540745803,135,226,4,0.020068690244128003,91,1
333,5:10,assassinate,True,58,"[5, 7, 10, 8, 1]",11,0.098640540745803,135,226,4,0.020068690244128003,91,1
334,"(2,16)",,False,59,"[2, 5, 9, 11, 16]",11,0.10283157388420501,137,228,4,0.020231133389028003,91,1
335,"(2,16)",,False,59,"[2, 5, 9, 11, 16]",11,0.10283157388420501,137,228,4,0.020231133389028003,91,1
336,"(14,13)",,False,61,"[5, 3, 2, 14, 13]",12,0.12713621660990002,139,230,4,0.016374269005847,91,1
337,"(14,13)",,False,61,"[5, 3, 2, 14, 13]",12,0.12713621660990002,139,230,4,0.016374269005847,91,1
338,"(11,3)",,False,62,"[7, 10, 2, 11, 3]",12,0.113225176383071,141,232,4,0.01632110579479,91,1
339,"(11,3)",,False,62,"[7, 10, 2, 11, 3]",12,0.113225176383071,141,232,4,0.01632110579479,91,1
340,"(4,3)",,False,61,"[4, 3, 11, 12, 10]",12,0.125206518627571,143,234,4,0.017831827042353,91,1
341,"(4,3)",,False,61,"[4, 3, 11, 12, 10]",12,0.125206518627571,143,234,4,0.017831827042353,91,1
342,"(7,8)",,False,61,"[7, 5, 2, 8, 14]",12,0.122550062023746,145,236,4,0.014376218323586001,91,1
343,"(7,8)",,False,61,"[7, 5, 2, 8, 14]",12,0.122550062023746,145,236,4,0.014376218323586001,91,1
344,"(1,9)",,False,62,"[11, 3, 18, 1, 9]",13,0.23323586744639302,147,238,5,0.023099415204678002,91,1
345,"(1,9)",,False,62,"[11, 3, 18, 1, 9]",13,0.23323586744639302,147,238,5,0.023099415204678002,91,1
346,"(12,8)",,False,62,"[12, 10, 15, 8, 7]",13,0.238413026029125,149,240,5,0.023099415204678002,91,1
347,"(12,8)",,False,62,"[12, 10, 15, 8, 7]",13,0.238413026029125,149,240,5,0.023099415204678002,91,1
348,"(4,1)",,False,63,"[11, 17, 4, 1, 15]",14,0.259368191721132,151,242,6,0.02261208576998,91,1
349,"(4,1)",,False,63,"[11, 17, 4, 1, 15]",14,0.259368191721132,151,242,6,0.02261208576998,91,1
350,"(3,17)",,False,63,"[1, 3, 9, 11, 17]",14,0.25358521576271803,153,244,6,0.02491877842755,91,1
351,"(3,17)",,False,63,"[1, 3, 9, 11, 17]",14,0.25358521576271803,153,244,6,0.02491877842755,91,1
352,"(0,7)",,False,61,"[9, 4, 10, 0, 7]",13,0.24373781676413203,155,246,5,0.01574074074074,91,1
353,"(0,7)",,False,61,"[9, 4, 10, 0, 7]",13,0.24373781676413203,155,246,5,0.01574074074074,91,1
354,"(17,0)",,False,61,"[17, 0, 16, 15, 12]",12,0.21701127819548802,157,248,5,0.026336675020885002,91,1
355,"(17,0)",,False,61,"[17, 0, 16, 15, 12]",12,0.21701127819548802,157,248,5,0.026336675020885002,91,1
356,"(5,18)",,False,60,"[17, 5, 8, 18, 15]",12,0.196393762183235,159,250,5,0.027144249512670002,91,1
357,"(5,18)",,False,60,"[17, 5, 8, 18, 15]",12,0.196393762183235,159,250,5,0.027144249512670002,91,1
358,"(5,12)",,False,60,"[14, 5, 12, 4, 15]",12,0.200276153346328,161,252,5,0.031075373619233,91,1
359,"(5,12)",,False,60,"[14, 5, 12, 4, 15]",12,0.200276153346328,161,252,5,0.031075373619233,91,1
360,"(0,2)",,False,58,"[0, 17, 7, 2, 15]",11,0.173469237065728,163,254,5,0.03231985688126,91,1
361,"(0,2)",,False,58,"[0, 17, 7, 2, 15]",11,0.173469237065728,163,254,5,0.03231985688126,91,1
362,"(15,2)",,False,58,"[15, 18, 2, 4, 9]",11,0.166941343257132,165,256,4,0.011540847067162002,91,1
363,"(15,2)",,False,58,"[15, 18, 2, 4, 9]",11,0.166941343257132,165,256,4,0.011540847067162002,91,1
364,"(0,6)",,False,55,"[0, 11, 12, 15, 6]",10,0.163255100019805,167,258,4,0.012035473413182,91,1
365,"(0,6)",,False,55,"[0, 11, 12, 15, 6]",10,0.163255100019805,167,258,4,0.012035473413182,91,1
366,"(19,0)",,False,55,"[19, 16, 0, 4, 12]",10,0.12351180238177101,169,260,4,0.022192600236975002,91,1
367,"(19,0)",,False,55,"[19, 16, 0, 4, 12]",10,0.12351180238177101,169,260,4,0.022192600236975002,91,1
368,"(1,3)",,False,57,"[13, 1, 10, 3, 11]",11,0.137932794950338,171,262,5,0.035723568179708,91,1
369,"(1,3)",,False,57,"[13, 1, 10, 3, 11]",11,0.137932794950338,171,262,5,0.035723568179708,91,1
370,"(5,13)",,False,59,"[15, 11, 5, 13, 8]",11,0.13278862138511202,173,264,5,0.022672632760352,91,1
371,"(5,13)",,False,59,"[15, 11, 5, 13, 8]",11,0.13278862138511202,173,264,5,0.022672632760352,91,1
372,"(3,2)",,False,59,"[3, 16, 14, 4, 2]",11,0.123479996287013,175,266,5,0.016501902905411002,91,1
373,"(3,2)",,False,59,"[3, 16, 14, 4, 2]",11,0.123479996287013,175,266,5,0.016501902905411002,91,1
374,"(5,2)",,False,59,"[11, 4, 5, 2, 13]",11,0.11944671542194701,177,268,5,0.019955526070077,91,1
375,"(5,2)",,False,59,"[11, 4, 5, 2, 13]",11,0.11944671542194701,177,268,5,0.019955526070077,91,1
376,"(1,18)",,False,59,"[1, 10, 17, 7, 18]",11,0.125860421255158,179,270,5,0.005068226120857,91,1
377,"(1,18)",,False,59,"[1, 10, 17, 7, 18]",11,0.125860421255158,179,270,5,0.005068226120857,91,1
378,"(9,8)",,False,59,"[11, 9, 3, 8, 7]",11,0.121146616541353,181,272,5,0.005068226120857,91,1
379,"(9,8)",,False,59,"[11, 9, 3, 8, 7]",11,0.121146616541353,181,272,5,0.005068226120857,91,1
380,"(5,10)",,False,58,"[5, 8, 14, 10, 6]",11,0.12222981696665901,183,274,5,0.005068226120857,91,1
381,"(5,10)",,False,58,"[5, 8, 14, 10, 6]",11,0.12222981696665901,183,274,5,0.005068226120857,91,1
382,"(14,1)",,False,58,"[14, 3, 10, 1, 7]",11,0.12866889445836802,185,276,6,0.057142857142857,91,1
383,"(14,1)",,False,58,"[14, 3, 10, 1, 7]",11,0.12866889445836802,185,276,6,0.057142857142857,91,1
384,"(2,4)",,False,58,"[2, 4, 15, 7, 5]",11,0.135839598997493,187,278,6,0.060818713450292,91,1
385,"(2,4)",,False,58,"[2, 4, 15, 7, 5]",11,0.135839598997493,187,278,6,0.060818713450292,91,1
386,"(0,10)",,False,58,"[4, 19, 0, 5, 10]",11,0.143100807574491,189,280,6,0.027826510721247002,91,1
387,"(0,10)",,False,58,"[4, 19, 0, 5, 10]",11,0.143100807574491,189,280,6,0.027826510721247002,91,1
388,"(17,11)",,False,60,"[17, 8, 3, 11, 2]",12,0.165517961570593,191,282,6,0.024707602339181,91,1
389,"(17,11)",,False,60,"[17, 8, 3, 11, 2]",12,0.165517961570593,191,282,6,0.024707602339181,91,1
390,"(7,11)",,False,60,"[7, 17, 11, 9, 15]",12,0.172493734335839,193,284,5,0.01677805625174,91,1
391,"(7,11)",,False,60,"[7, 17, 11, 9, 15]",12,0.172493734335839,193,284,5,0.01677805625174,91,1
392,"(8,3)",,False,62,"[13, 8, 19, 3, 7]",12,0.157094124199387,195,286,5,0.01677805625174,91,1
393,"(8,3)",,False,62,"[13, 8, 19, 3, 7]",12,0.157094124199387,195,286,5,0.01677805625174,91,1
394,"(14,3)",,False,62,"[17, 4, 14, 7, 3]",12,0.140627030539311,197,288,4,0.007309941520467001,91,1
395,"(14,3)",,False,62,"[17, 4, 14, 7, 3]",12,0.140627030539311,197,288,4,0.007309941520467001,91,1
396,"(5,13)",,False,64,"[2, 5, 13, 9, 15]",13,0.156664388243335,199,290,4,0.007309941520467001,91,1
397,"(5,13)",,False,64,"[2, 5, 13, 9, 15]",13,0.156664388243335,199,290,4,0.007309941520467001,91,1
398,"(14,6)",,False,67,"[14, 6, 4, 17, 13]",15,0.18427868427868402,201,292,4,0.007170704539125001,91,1
399,"(14,6)",,False,67,"[14, 6, 4, 17, 13]",15,0.18427868427868402,201,292,4,0.007170704539125001,91,1
400,"(13,12)",,False,67,"[17, 15, 13, 9, 12]",15,0.191535462588094,203,294,3,0.00375939849624,91,1
401,"(13,12)",,False,67,"[17, 15, 13, 9, 12]",15,0.191535462588094,203,294,3,0.00375939849624,91,1
402,"(16,0)",,False,65,"[16, 0, 7, 18, 9]",14,0.16868560289612902,205,296,3,0.00375939849624,91,1
403,"(16,0)",,False,65,"[16, 0, 7, 18, 9]",14,0.16868560289612902,205,296,3,0.00375939849624,91,1
404,"(10,1)",,False,64,"[8, 10, 3, 1, 11]",14,0.17691450849345502,207,298,4,0.023252575884154,91,1
405,"(10,1)",,False,64,"[8, 10, 3, 1, 11]",14,0.17691450849345502,207,298,4,0.023252575884154,91,1
406,"(6,0)",,False,65,"[15, 2, 6, 0, 12]",15,0.20202214939057,209,300,4,0.015350877192982,91,1
407,"(6,0)",,False,65,"[15, 2, 6, 0, 12]",15,0.20202214939057,209,300,4,0.015350877192982,91,1
408,"(1,3)",,False,64,"[15, 12, 2, 1, 3]",15,0.21369020842705003,211,302,5,0.019736842105263,91,1
409,"(1,3)",,False,64,"[15, 12, 2, 1, 3]",15,0.21369020842705003,211,302,5,0.019736842105263,91,1
410,"(14,11)",,False,64,"[3, 5, 14, 11, 10]",15,0.19703746545851802,213,304,5,0.014863547758284001,91,1
411,"(14,11)",,False,64,"[3, 5, 14, 11, 10]",15,0.19703746545851802,213,304,5,0.014863547758284001,91,1
412,"(11,15)",,False,64,"[14, 11, 15, 10, 18]",15,0.19458689458689402,215,306,5,0.014967975494291002,91,1
413,"(11,15)",,False,64,"[14, 11, 15, 10, 18]",15,0.19458689458689402,215,306,5,0.014967975494291002,91,1
414,"(0,8)",,False,62,"[7, 0, 8, 16, 4]",14,0.189421202579097,217,308,5,0.015942634363686002,91,1
415,"(0,8)",,False,62,"[7, 0, 8, 16, 4]",14,0.189421202579097,217,308,5,0.015942634363686002,91,1
416,"(5,19)",,False,62,"[5, 4, 17, 19, 8]",14,0.186817471027997,219,310,5,0.013505987190197001,91,1
417,"(5,19)",,False,62,"[5, 4, 17, 19, 8]",14,0.186817471027997,219,310,5,0.013505987190197001,91,1
418,"(18,8)",,False,64,"[2, 9, 18, 8, 10]",15,0.22635381188012701,221,312,5,0.013018657755499001,91,1
419,"(18,8)",,False,64,"[2, 9, 18, 8, 10]",15,0.22635381188012701,221,312,5,0.013018657755499001,91,1
420,"(0,5)",,False,61,"[0, 10, 12, 6, 5]",14,0.21191261629858102,223,314,5,0.019688109161793,91,1
421,"(0,5)",,False,61,"[0, 10, 12, 6, 5]",14,0.21191261629858102,223,314,5,0.019688109161793,91,1
422,"(3,17)",,False,60,"[3, 17, 4, 7, 8]",14,0.232793522267206,225,316,5,0.020987654320987002,91,1
423,"(3,17)",,False,60,"[3, 17, 4, 7, 8]",14,0.232793522267206,225,316,5,0.020987654320987002,91,1
424,"(3,16)",,False,60,"[18, 9, 3, 10, 16]",14,0.217684524702068,227,318,4,0.011426000899685,91,1
425,"(3,16)",,False,60,"[18, 9, 3, 10, 16]",14,0.217684524702068,227,318,4,0.011426000899685,91,1
426,"(11,12)",,False,60,"[15, 2, 16, 11, 12]",14,0.21508721947318402,229,320,4,0.011134317274668001,91,1
427,"(11,12)",,False,60,"[15, 2, 16, 11, 12]",14,0.21508721947318402,229,320,4,0.011134317274668001,91,1
428,"(5,6)",,False,60,"[11, 5, 8, 6, 16]",14,0.22113153253504103,231,322,4,0.009314954051796,91,1
429,"(5,6)",,False,60,"[11, 5, 8, 6, 16]",14,0.22113153253504103,231,322,4,0.009314954051796,91,1
430,"(15,5)",,False,60,"[15, 6, 5, 19, 7]",14,0.21734892787524301,233,324,4,0.009314954051796,91,1
431,"(15,5)",,False,60,"[15, 6, 5, 19, 7]",14,0.21734892787524301,233,324,4,0.009314954051796,91,1
432,"(2,14)",,False,60,"[5, 2, 19, 17, 14]",14,0.22758284600389803,235,326,4,0.009649122807017001,91,1
433,"(2,14)",,False,60,"[5, 2, 19, 17, 14]",14,0.22758284600389803,235,326,4,0.009649122807017001,91,1
434,"(18,13)",,False,59,"[4, 2, 7, 18, 13]",14,0.22738411685780102,237,328,4,0.009015594541910001,91,1
435,"(18,13)",,False,59,"[4, 2, 7, 18, 13]",14,0.22738411685780102,237,328,4,0.009015594541910001,91,1
436,"(4,5)",,False,59,"[8, 11, 4, 5, 7]",14,0.23635477582846,239,330,4,0.008771929824561,91,1
437,"(4,5)",,False,59,"[8, 11, 4, 5, 7]",14,0.23635477582846,239,330,4,0.008771929824561,91,1
438,"(10,1)",,False,59,"[14, 9, 10, 3, 1]",14,0.22777208171945001,241,332,5,0.023524720893141,91,1
439,"(10,1)",,False,59,"[14, 9, 10, 3, 1]",14,0.22777208171945001,241,332,5,0.023524720893141,91,1
440,"(16,0)",,False,57,"[16, 9, 6, 7, 0]",13,0.20400369610895902,243,334,5,0.026763879395458,91,1
441,"(16,0)",,False,57,"[16, 9, 6, 7, 0]",13,0.20400369610895902,243,334,5,0.026763879395458,91,1
442,"(19,1)",,False,57,"[19, 13, 2, 16, 1]",13,0.21840712893344402,245,336,6,0.063162535969553,91,1
443,"(19,1)",,False,57,"[19, 13, 2, 16, 1]",13,0.21840712893344402,245,336,6,0.063162535969553,91,1
444,"(0,7)",,False,55,"[18, 2, 12, 0, 7]",12,0.19809941520467803,247,338,5,0.045662768031189,91,1
445,"(0,7)",,False,55,"[18, 2, 12, 0, 7]",12,0.19809941520467803,247,338,5,0.045662768031189,91,1
446,"(0,9)",,False,53,"[0, 9, 15, 2, 17]",11,0.18953866146848602,249,340,4,0.035331384015594006,91,1
447,"(0,9)",,False,53,"[0, 9, 15, 2, 17]",11,0.18953866146848602,249,340,4,0.035331384015594006,91,1
448,"(1,5)",,False,54,"[3, 1, 16, 5, 13]",12,0.232553606237816,251,342,5,0.035282651072124,91,1
449,"(1,5)",,False,54,"[3, 1, 16, 5, 13]",12,0.232553606237816,251,342,5,0.035282651072124,91,1
450,"(13,0)",,False,52,"[13, 9, 0, 15, 14]",11,0.19600706311232602,253,344,5,0.039095634709669,91,1
451,"(13,0)",,False,52,"[13, 9, 0, 15, 14]",11,0.19600706311232602,253,344,5,0.039095634709669,91,1
452,"(19,18)",,False,55,"[13, 6, 19, 18, 3]",11,0.16692362218678,255,346,5,0.029762537657274,91,1
453,"(19,18)",,False,55,"[13, 6, 19, 18, 3]",11,0.16692362218678,255,346,5,0.029762537657274,91,1
454,"(4,19)",,False,57,"[4, 13, 18, 19, 6]",11,0.145983856948769,257,348,5,0.020171008328903003,91,1
455,"(4,19)",,False,57,"[4, 13, 18, 19, 6]",11,0.145983856948769,257,348,5,0.020171008328903003,91,1
456,"(3,10)",,False,56,"[2, 3, 17, 8, 10]",11,0.131070099491152,259,350,5,0.020702640439482,91,1
457,"(3,10)",,False,56,"[2, 3, 17, 8, 10]",11,0.131070099491152,259,350,5,0.020702640439482,91,1
458,"(14,12)",,False,59,"[14, 12, 3, 2, 4]",13,0.20584415584415502,261,352,5,0.017047669679248003,91,1
459,"(14,12)",,False,59,"[14, 12, 3, 2, 4]",13,0.20584415584415502,261,352,5,0.017047669679248003,91,1
460,"(0,7)",,False,59,"[18, 0, 7, 16, 10]",13,0.204278340243252,263,354,5,0.018460925039872,91,1
461,"(0,7)",,False,59,"[18, 0, 7, 16, 10]",13,0.204278340243252,263,354,5,0.018460925039872,91,1
462,"(13,1)",,False,59,"[3, 13, 1, 2, 7]",13,0.21451440047931203,265,356,6,0.041337561074403006,91,1
463,"(13,1)",,False,59,"[3, 13, 1, 2, 7]",13,0.21451440047931203,265,356,6,0.041337561074403006,91,1
464,"(3,13)",,False,58,"[3, 18, 13, 17, 6]",13,0.20487540399821003,267,358,6,0.034046606415027006,91,1
465,"(3,13)",,False,58,"[3, 18, 13, 17, 6]",13,0.20487540399821003,267,358,6,0.034046606415027006,91,1
466,2:10,assassinate,True,54,"[6, 7, 2, 18, 0]",13,0.20903394850763202,269,360,6,0.031317561580719,91,1
467,2:10,assassinate,True,54,"[6, 7, 2, 18, 0]",13,0.20903394850763202,269,360,6,0.031317561580719,91,1
468,"(1,2)",,False,54,"[1, 18, 2, 13, 0]",13,0.25072572002396504,271,362,7,0.13885492350404602,91,1
469,"(1,2)",,False,54,"[1, 18, 2, 13, 0]",13,0.25072572002396504,271,362,7,0.13885492350404602,91,1
470,"(19,0)",,False,53,"[7, 1, 19, 8, 0]",12,0.22601811768478403,273,364,6,0.148826611984506,91,1
471,"(19,0)",,False,53,"[7, 1, 19, 8, 0]",12,0.22601811768478403,273,364,6,0.148826611984506,91,1
472,"(13,9)",,False,55,"[15, 13, 17, 9, 4]",12,0.19102090242441103,275,366,6,0.08287701577175201,91,1
473,"(13,9)",,False,55,"[15, 13, 17, 9, 4]",12,0.19102090242441103,275,366,6,0.08287701577175201,91,1
474,"(14,11)",,False,58,"[3, 6, 14, 18, 11]",12,0.16799722369897802,277,368,6,0.060513657882078006,91,1
475,"(14,11)",,False,58,"[3, 6, 14, 18, 11]",12,0.16799722369897802,277,368,6,0.060513657882078006,91,1
476,"(1,12)",,False,58,"[7, 1, 18, 13, 12]",12,0.17357050032488602,279,370,7,0.07408652101634501,91,1
477,"(1,12)",,False,58,"[7, 1, 18, 13, 12]",12,0.17357050032488602,279,370,7,0.07408652101634501,91,1
478,"(11,16)",,False,57,"[17, 2, 10, 11, 16]",12,0.168226120857699,281,372,5,0.027822713349029003,91,1
479,"(11,16)",,False,57,"[17, 2, 10, 11, 16]",12,0.168226120857699,281,372,5,0.027822713349029003,91,1
480,"(13,10)",,False,57,"[3, 13, 10, 2, 16]",12,0.194675451254398,283,374,5,0.02895243158401,91,1
481,"(13,10)",,False,57,"[3, 13, 10, 2, 16]",12,0.194675451254398,283,374,5,0.02895243158401,91,1
482,"(13,12)",,False,58,"[2, 13, 19, 11, 12]",12,0.180939820413504,285,376,5,0.021013781540097,91,1
483,"(13,12)",,False,58,"[2, 13, 19, 11, 12]",12,0.180939820413504,285,376,5,0.021013781540097,91,1
484,"(14,0)",,False,58,"[14, 12, 3, 0, 15]",12,0.159713142607879,287,378,5,0.020039122670701,91,1
485,"(14,0)",,False,58,"[14, 12, 3, 0, 15]",12,0.159713142607879,287,378,5,0.020039122670701,91,1
486,"(14,7)",,False,57,"[14, 9, 5, 7, 19]",13,0.16424446249007602,289,380,5,0.020039122670701,91,1
487,"(14,7)",,False,57,"[14, 9, 5, 7, 19]",13,0.16424446249007602,289,380,5,0.020039122670701,91,1
488,"(4,14)",,False,59,"[15, 10, 2, 4, 14]",13,0.17134934591074902,291,382,5,0.020039122670701,91,1
489,"(4,14)",,False,59,"[15, 10, 2, 4, 14]",13,0.17134934591074902,291,382,5,0.020039122670701,91,1
490,"(10,1)",,False,61,"[6, 10, 1, 13, 9]",14,0.19614255140570902,293,384,6,0.028923513134039004,91,1
491,"(10,1)",,False,61,"[6, 10, 1, 13, 9]",14,0.19614255140570902,293,384,6,0.028923513134039004,91,1
492,"(4,0)",,False,59,"[14, 13, 5, 4, 0]",13,0.18146755778334703,295,386,6,0.033463287849252,91,1
493,"(4,0)",,False,59,"[14, 13, 5, 4, 0]",13,0.18146755778334703,295,386,6,0.033463287849252,91,1
494,"(13,0)",,False,57,"[11, 15, 13, 0, 10]",12,0.16693121693121601,297,388,6,0.035607537361923,91,1
495,"(13,0)",,False,57,"[11, 15, 13, 0, 10]",12,0.16693121693121601,297,388,6,0.035607537361923,91,1
496,"(1,19)",,False,56,"[1, 8, 19, 7, 6]",12,0.19717644279047702,299,390,7,0.07633266668354301,91,1
497,"(1,19)",,False,56,"[1, 8, 19, 7, 6]",12,0.19717644279047702,299,390,7,0.07633266668354301,91,1
498,"(18,3)",,False,56,"[18, 15, 3, 11, 8]",12,0.177267242179522,301,392,6,0.051782233361180006,91,1
499,"(18,3)",,False,56,"[18, 15, 3, 11, 8]",12,0.177267242179522,301,392,6,0.051782233361180006,91,1
500,"(18,0)",,False,54,"[17, 3, 18, 0, 4]",11,0.16115288220551302,303,394,6,0.056131068411770006,91,1
501,"(18,0)",,False,54,"[17, 3, 18, 0, 4]",11,0.16115288220551302,303,394,6,0.056131068411770006,91,1
502,"(0,3)",,False,55,"[2, 19, 0, 3, 4]",10,0.148401306296043,305,396,6,0.030525387542931003,91,1
503,"(0,3)",,False,55,"[2, 19, 0, 3, 4]",10,0.148401306296043,305,396,6,0.030525387542931003,91,1
504,"(14,3)",,False,55,"[12, 14, 4, 3, 2]",10,0.155597326649958,307,398,6,0.029843126334354004,91,1
505,"(14,3)",,False,55,"[12, 14, 4, 3, 2]",10,0.155597326649958,307,398,6,0.029843126334354004,91,1
506,"(1,14)",,False,55,"[13, 18, 15, 1, 14]",10,0.155180248601301,309,400,6,0.038450292397660006,91,1
507,"(1,14)",,False,55,"[13, 18, 15, 1, 14]",10,0.155180248601301,309,400,6,0.038450292397660006,91,1
508,"(9,14)",,False,57,"[9, 2, 16, 14, 10]",11,0.18746234272550003,311,402,6,0.035445094217024,91,1
509,"(9,14)",,False,57,"[9, 2, 16, 14, 10]",11,0.18746234272550003,311,402,6,0.035445094217024,91,1
510,"(13,5)",,False,56,"[13, 16, 5, 11, 18]",11,0.191395154553049,313,404,5,0.017794486215538002,91,1
511,"(13,5)",,False,56,"[13, 16, 5, 11, 18]",11,0.191395154553049,313,404,5,0.017794486215538002,91,1
512,"(6,0)",,False,54,"[7, 13, 2, 6, 0]",10,0.17357282094124202,315,406,5,0.017761997586558,91,1
513,"(6,0)",,False,54,"[7, 13, 2, 6, 0]",10,0.17357282094124202,315,406,5,0.017761997586558,91,1
514,"(8,13)",,False,54,"[9, 8, 4, 13, 17]",10,0.169890635680109,317,408,5,0.016429963798384,91,1
515,"(8,13)",,False,54,"[9, 8, 4, 13, 17]",10,0.169890635680109,317,408,5,0.016429963798384,91,1
516,"(13,6)",,False,54,"[13, 15, 5, 6, 17]",10,0.162907268170426,319,410,5,0.017300194931773,91,1
517,"(13,6)",,False,54,"[13, 15, 5, 6, 17]",10,0.162907268170426,319,410,5,0.017300194931773,91,1
518,"(13,12)",,False,57,"[13, 8, 5, 12, 19]",12,0.20433027011974303,321,412,5,0.014967975494291002,91,1
519,"(13,12)",,False,57,"[13, 8, 5, 12, 19]",12,0.20433027011974303,321,412,5,0.014967975494291002,91,1
520,"(12,14)",,False,57,"[5, 2, 12, 14, 18]",12,0.22031467557783302,323,414,5,0.015350877192982,91,1
521,"(12,14)",,False,57,"[5, 2, 12, 14, 18]",12,0.22031467557783302,323,414,5,0.015350877192982,91,1
522,"(9,12)",,False,56,"[4, 5, 9, 12, 19]",12,0.24719437482595302,325,416,5,0.015838206627680002,91,1
523,"(9,12)",,False,56,"[4, 5, 9, 12, 19]",12,0.24719437482595302,325,416,5,0.015838206627680002,91,1
524,"(12,0)",,False,54,"[18, 12, 19, 1, 0]",11,0.232212475633528,327,418,5,0.016868560289612002,91,1
525,"(12,0)",,False,54,"[18, 12, 19, 1, 0]",11,0.232212475633528,327,418,5,0.016868560289612002,91,1
526,"(7,15)",,False,53,"[6, 7, 15, 2, 18]",11,0.23377889167362803,329,420,5,0.017251461988304,91,1
527,"(7,15)",,False,53,"[6, 7, 15, 2, 18]",11,0.23377889167362803,329,420,5,0.017251461988304,91,1
528,"(4,15)",,False,55,"[5, 19, 4, 13, 15]",12,0.245920356446672,331,422,5,0.016764132553606002,91,1
529,"(4,15)",,False,55,"[5, 19, 4, 13, 15]",12,0.245920356446672,331,422,5,0.016764132553606002,91,1
530,7:4,assassinate,True,54,"[13, 8, 12, 1, 7]",12,0.20563909774436,333,424,5,0.006237816764132,91,1
531,7:4,assassinate,True,54,"[13, 8, 12, 1, 7]",12,0.20563909774436,333,424,5,0.006237816764132,91,1
532,"(16,1)",,False,53,"[2, 16, 10, 5, 1]",12,0.196888053467,335,426,5,0.014188248398774,91,1
533,"(16,1)",,False,53,"[2, 16, 10, 5, 1]",12,0.196888053467,335,426,5,0.014188248398774,91,1
534,"(19,13)",,False,53,"[2, 10, 19, 13, 5]",12,0.19560011138958502,337,428,5,0.013993316624895,91,1
535,"(19,13)",,False,53,"[2, 10, 19, 13, 5]",12,0.19560011138958502,337,428,5,0.013993316624895,91,1
536,"(6,17)",,False,53,"[6, 12, 17, 2, 8]",12,0.2005291005291,339,430,4,0.0018100807574490002,91,1
537,"(6,17)",,False,53,"[6, 12, 17, 2, 8]",12,0.2005291005291,339,430,4,0.0018100807574490002,91,1
538,"(16,3)",,False,55,"[14, 6, 16, 13, 3]",12,0.209259259259259,341,432,4,0.0009746588693950001,91,1
539,"(16,3)",,False,55,"[14, 6, 16, 13, 3]",12,0.209259259259259,341,432,4,0.0009746588693950001,91,1
540,"(1,18)",,False,57,"[1, 17, 4, 16, 18]",13,0.25052910052910005,343,434,5,0.017321080478975,91,1
541,"(1,18)",,False,57,"[1, 17, 4, 16, 18]",13,0.25052910052910005,343,434,5,0.017321080478975,91,1
542,"(6,11)",,False,57,"[6, 18, 2, 5, 11]",13,0.251657552973342,345,436,5,0.017736892736892003,91,1
543,"(6,11)",,False,57,"[6, 18, 2, 5, 11]",13,0.251657552973342,345,436,5,0.017736892736892003,91,1
544,"(4,16)",,False,56,"[4, 15, 16, 3, 14]",13,0.266667299562036,347,438,5,0.01885078858763,91,1
545,"(4,16)",,False,56,"[4, 15, 16, 3, 14]",13,0.266667299562036,347,438,5,0.01885078858763,91,1
546,"(15,0)",,False,54,"[15, 8, 0, 16, 2]",12,0.23765664160401,349,440,5,0.022110832637148,91,1
547,"(15,0)",,False,54,"[15, 8, 0, 16, 2]",12,0.23765664160401,349,440,5,0.022110832637148,91,1
548,"(10,17)",,False,53,"[19, 15, 10, 2, 17]",12,0.24355332776385402,351,442,5,0.022110832637148,91,1
549,"(10,17)",,False,53,"[19, 15, 10, 2, 17]",12,0.24355332776385402,351,442,5,0.022110832637148,91,1
550,"(19,6)",,False,53,"[2, 19, 6, 12, 17]",12,0.24607815835886002,353,444,5,0.022291840712893002,91,1
551,"(19,6)",,False,53,"[2, 19, 6, 12, 17]",12,0.24607815835886002,353,444,5,0.022291840712893002,91,1
552,"(14,0)",,False,50,"[14, 12, 0, 15, 19]",11,0.261617427406901,355,446,5,0.024143692564745002,91,1
553,"(14,0)",,False,50,"[14, 12, 0, 15, 19]",11,0.261617427406901,355,446,5,0.024143692564745002,91,1
554,"(7,6)",,False,50,"[7, 5, 4, 6, 16]",11,0.215794536847168,357,448,4,0.0020467836257300003,91,1
555,"(7,6)",,False,50,"[7, 5, 4, 6, 16]",11,0.215794536847168,357,448,4,0.0020467836257300003,91,1
556,"(15,0)",,False,51,"[4, 15, 0, 2, 11]",12,0.26648565859092105,359,450,4,0.0032163742690050003,91,1
557,"(15,0)",,False,51,"[4, 15, 0, 2, 11]",12,0.26648565859092105,359,450,4,0.0032163742690050003,91,1
558,"(3,6)",,False,50,"[3, 16, 15, 5, 6]",12,0.271420343788764,361,452,4,0.00392901445533,91,1
559,"(3,6)",,False,50,"[3, 16, 15, 5, 6]",12,0.271420343788764,361,452,4,0.00392901445533,91,1
560,"(13,12)",,False,52,"[6, 4, 0, 13, 12]",13,0.292300827827143,363,454,4,0.0019005847953210001,91,1
561,"(13,12)",,False,52,"[6, 4, 0, 13, 12]",13,0.292300827827143,363,454,4,0.0019005847953210001,91,1
562,"(0,14)",,False,50,"[0, 19, 14, 4, 8]",12,0.243224416908627,365,456,4,0.0032676387939540004,91,1
563,"(0,14)",,False,50,"[0, 19, 14, 4, 8]",12,0.243224416908627,365,456,4,0.0032676387939540004,91,1
564,"(14,1)",,False,50,"[8, 14, 15, 1, 17]",12,0.24988692269394003,367,458,5,0.03790494755407,91,1
565,"(14,1)",,False,50,"[8, 14, 15, 1, 17]",12,0.24988692269394003,367,458,5,0.03790494755407,91,1
566,"(9,18)",,False,51,"[12, 9, 18, 17, 14]",12,0.242257790942001,369,460,5,0.022848999603385003,91,1
567,"(9,18)",,False,51,"[12, 9, 18, 17, 14]",12,0.242257790942001,369,460,5,0.022848999603385003,91,1
568,"(9,1)",,False,51,"[9, 13, 3, 12, 1]",12,0.261988936988937,371,462,6,0.042297874315418,91,1
569,"(9,1)",,False,51,"[9, 13, 3, 12, 1]",12,0.261988936988937,371,462,6,0.042297874315418,91,1
570,"(3,7)",,False,51,"[0, 5, 3, 14, 7]",12,0.260559015383576,373,464,6,0.044781355746268,91,1
571,"(3,7)",,False,51,"[0, 5, 3, 14, 7]",12,0.260559015383576,373,464,6,0.044781355746268,91,1
572,"(17,3)",,False,53,"[4, 17, 3, 18, 8]",13,0.27803831970498605,375,466,6,0.022827903091060003,91,1
573,"(17,3)",,False,53,"[4, 17, 3, 18, 8]",13,0.27803831970498605,375,466,6,0.022827903091060003,91,1
574,"(1,5)",,False,52,"[4, 10, 12, 1, 5]",13,0.29387504957680305,377,468,5,0.032950431634642,91,1
575,"(1,5)",,False,52,"[4, 10, 12, 1, 5]",13,0.29387504957680305,377,468,5,0.032950431634642,91,1
576,"(13,4)",,False,52,"[2, 13, 4, 15, 17]",13,0.29000341763499604,379,470,4,0.007797270955165,91,1
577,"(13,4)",,False,52,"[2, 13, 4, 15, 17]",13,0.29000341763499604,379,470,4,0.007797270955165,91,1
578,"(15,13)",,False,54,"[15, 18, 4, 3, 13]",14,0.30268031189083805,381,472,4,0.007658033973823,91,1
579,"(15,13)",,False,54,"[15, 18, 4, 3, 13]",14,0.30268031189083805,381,472,4,0.007658033973823,91,1
580,"(15,0)",,False,52,"[15, 9, 0, 13, 6]",13,0.28479996287013803,383,474,4,0.008382066276803001,91,1
581,"(15,0)",,False,52,"[15, 9, 0, 13, 6]",13,0.28479996287013803,383,474,4,0.008382066276803001,91,1
582,"(17,1)",,False,54,"[9, 17, 6, 3, 1]",14,0.31219715956558003,385,476,5,0.021345029239766,91,1
583,"(17,1)",,False,54,"[9, 17, 6, 3, 1]",14,0.31219715956558003,385,476,5,0.021345029239766,91,1
584,"(16,1)",,False,56,"[16, 15, 1, 9, 4]",15,0.327826510721247,387,478,6,0.034363686995265,91,1
585,"(16,1)",,False,56,"[16, 15, 1, 9, 4]",15,0.327826510721247,387,478,6,0.034363686995265,91,1
586,"(17,0)",,False,54,"[10, 1, 17, 14, 0]",14,0.30784473810789503,389,480,6,0.053731551099972005,91,1
587,"(17,0)",,False,54,"[10, 1, 17, 14, 0]",14,0.30784473810789503,389,480,6,0.053731551099972005,91,1
588,"(11,0)",,False,51,"[8, 11, 1, 2, 0]",13,0.30053606237816705,391,482,6,0.067112225006961,91,1
589,"(11,0)",,False,51,"[8, 11, 1, 2, 0]",13,0.30053606237816705,391,482,6,0.067112225006961,91,1
590,"(12,13)",,False,51,"[17, 19, 12, 13, 8]",13,0.30053606237816705,393,484,6,0.067112225006961,91,1
591,"(12,13)",,False,51,"[17, 19, 12, 13, 8]",13,0.30053606237816705,393,484,6,0.067112225006961,91,1
592,"(10,0)",,False,51,"[3, 10, 0, 15, 13]",13,0.314717348927875,395,486,6,0.055082149818991004,91,1
593,"(10,0)",,False,51,"[3, 10, 0, 15, 13]",13,0.314717348927875,395,486,6,0.055082149818991004,91,1
594,"(6,9)",,False,51,"[16, 6, 3, 13, 9]",13,0.289603638726445,397,488,6,0.053197809338160006,91,1
595,"(6,9)",,False,51,"[16, 6, 3, 13, 9]",13,0.289603638726445,397,488,6,0.053197809338160006,91,1
596,"(16,6)",,False,53,"[16, 4, 9, 6, 11]",14,0.32296946068875804,399,490,6,0.042963891209505,91,1
597,"(16,6)",,False,53,"[16, 4, 9, 6, 11]",14,0.32296946068875804,399,490,6,0.042963891209505,91,1
598,"(16,0)",,False,50,"[6, 13, 16, 0, 15]",13,0.341014573470713,401,492,6,0.06695442309477301,91,1
599,"(16,0)",,False,50,"[6, 13, 16, 0, 15]",13,0.341014573470713,401,492,6,0.06695442309477301,91,1
600,"(11,1)",,False,53,"[4, 11, 17, 1, 13]",15,0.394586002042142,403,494,7,0.076995730065905,91,1
601,"(11,1)",,False,53,"[4, 11, 17, 1, 13]",15,0.394586002042142,403,494,7,0.076995730065905,91,1
602,"(5,2)",,False,55,"[11, 15, 5, 12, 2]",15,0.36288174139051305,405,496,7,0.07162118258609401,91,1
603,"(5,2)",,False,55,"[11, 15, 5, 12, 2]",15,0.36288174139051305,405,496,7,0.07162118258609401,91,1
604,"(18,0)",,False,53,"[18, 8, 3, 15, 0]",14,0.32276587934482603,407,498,6,0.05968899521531101,91,1
605,"(18,0)",,False,53,"[18, 8, 3, 15, 0]",14,0.32276587934482603,407,498,6,0.05968899521531101,91,1
606,"(0,6)",,False,51,"[18, 19, 0, 6, 12]",13,0.300863269284321,409,500,5,0.052986633249791006,91,1
607,"(0,6)",,False,51,"[18, 19, 0, 6, 12]",13,0.300863269284321,409,500,5,0.052986633249791006,91,1
608,"(9,0)",,False,48,"[15, 9, 3, 5, 0]",12,0.25959342801448004,411,502,3,0.017216652742968002,91,1
609,"(9,0)",,False,48,"[15, 9, 3, 5, 0]",12,0.25959342801448004,411,502,3,0.017216652742968002,91,1
610,"(8,0)",,False,46,"[13, 2, 8, 15, 0]",11,0.234140907825118,413,504,3,0.017529935950988,91,1
611,"(8,0)",,False,46,"[13, 2, 8, 15, 0]",11,0.234140907825118,413,504,3,0.017529935950988,91,1
612,"(13,7)",,False,48,"[13, 14, 8, 7, 12]",11,0.23785853522695602,415,506,3,0.018650793650793,91,1
613,"(13,7)",,False,48,"[13, 14, 8, 7, 12]",11,0.23785853522695602,415,506,3,0.018650793650793,91,1
614,"(0,4)",,False,46,"[13, 0, 2, 8, 4]",10,0.22124756335282603,417,508,3,0.023447507658033002,91,1
615,"(0,4)",,False,46,"[13, 0, 2, 8, 4]",10,0.22124756335282603,417,508,3,0.023447507658033002,91,1
616,"(18,3)",,False,45,"[19, 17, 5, 18, 3]",10,0.22719298245614003,419,510,3,0.022277917014759,91,1
617,"(18,3)",,False,45,"[19, 17, 5, 18, 3]",10,0.22719298245614003,419,510,3,0.022277917014759,91,1
618,"(18,12)",,False,45,"[17, 18, 3, 12, 9]",10,0.211131996658312,421,512,3,0.023155109997215,91,1
619,"(18,12)",,False,45,"[17, 18, 3, 12, 9]",10,0.211131996658312,421,512,3,0.023155109997215,91,1
620,"(5,13)",,False,47,"[19, 5, 11, 13, 9]",10,0.19560011138958502,423,514,3,0.014097744360902002,91,1
621,"(5,13)",,False,47,"[19, 5, 11, 13, 9]",10,0.19560011138958502,423,514,3,0.014097744360902002,91,1
622,"(6,8)",,False,49,"[15, 6, 12, 8, 14]",10,0.191840712893344,425,516,3,0.011869952659426001,91,1
623,"(6,8)",,False,49,"[15, 6, 12, 8, 14]",10,0.191840712893344,425,516,3,0.011869952659426001,91,1
624,"(13,17)",,False,49,"[13, 15, 17, 4, 19]",10,0.165733778891673,427,518,3,0.013459574863083001,91,1
625,"(13,17)",,False,49,"[13, 15, 17, 4, 19]",10,0.165733778891673,427,518,3,0.013459574863083001,91,1
626,"(7,0)",,False,47,"[7, 11, 5, 0, 13]",9,0.15342522974101902,429,520,3,0.012935115566694001,91,1
627,"(7,0)",,False,47,"[7, 11, 5, 0, 13]",9,0.15342522974101902,429,520,3,0.012935115566694001,91,1
628,"(5,11)",,False,49,"[15, 2, 8, 5, 11]",10,0.16950710108604802,431,522,3,0.012935115566694001,91,1
629,"(5,11)",,False,49,"[15, 2, 8, 5, 11]",10,0.16950710108604802,431,522,3,0.012935115566694001,91,1
630,"(1,9)",,False,51,"[15, 2, 1, 9, 17]",10,0.166583124477861,433,524,4,0.046560846560846005,91,1
631,"(1,9)",,False,51,"[15, 2, 1, 9, 17]",10,0.166583124477861,433,524,4,0.046560846560846005,91,1
632,"(0,11)",,False,49,"[0, 11, 5, 13, 10]",9,0.168727373990531,435,526,4,0.057233361180729005,91,1
633,"(0,11)",,False,49,"[0, 11, 5, 13, 10]",9,0.168727373990531,435,526,4,0.057233361180729005,91,1
634,"(3,5)",,False,49,"[3, 5, 9, 7, 4]",9,0.16991088833194,437,528,4,0.059878863826232004,91,1
635,"(3,5)",,False,49,"[3, 5, 9, 7, 4]",9,0.16991088833194,437,528,4,0.059878863826232004,91,1
636,"(2,0)",,False,49,"[3, 2, 0, 4, 9]",8,0.133493699283172,439,530,4,0.047807358333674006,91,1
637,"(2,0)",,False,49,"[3, 2, 0, 4, 9]",8,0.133493699283172,439,530,4,0.047807358333674006,91,1
638,"(2,1)",,False,51,"[17, 2, 11, 1, 10]",8,0.1270141164878,441,532,5,0.074730094466936,91,1
639,"(2,1)",,False,51,"[17, 2, 11, 1, 10]",8,0.1270141164878,441,532,5,0.074730094466936,91,1
640,"(18,10)",,False,51,"[18, 9, 3, 10, 13]",8,0.12442912837649601,443,534,5,0.07278613199665801,91,1
641,"(18,10)",,False,51,"[18, 9, 3, 10, 13]",8,0.12442912837649601,443,534,5,0.07278613199665801,91,1
642,"(2,6)",,False,51,"[13, 2, 7, 6, 0]",8,0.12929492534755602,445,536,5,0.06824647087804901,91,1
643,"(2,6)",,False,51,"[13, 2, 7, 6, 0]",8,0.12929492534755602,445,536,5,0.06824647087804901,91,1
644,"(14,17)",,False,53,"[2, 8, 14, 18, 17]",8,0.09840573656363101,447,538,5,0.053049289891395006,91,1
645,"(14,17)",,False,53,"[2, 8, 14, 18, 17]",8,0.09840573656363101,447,538,5,0.053049289891395006,91,1
646,"(10,1)",,False,56,"[10, 15, 1, 3, 11]",10,0.136125034809245,449,540,6,0.062768031189083,91,1
647,"(10,1)",,False,56,"[10, 15, 1, 3, 11]",10,0.136125034809245,449,540,6,0.062768031189083,91,1
648,"(0,11)",,False,53,"[5, 0, 11, 18, 19]",9,0.16300241344100902,451,542,5,0.039608279959157,91,1
649,"(0,11)",,False,53,"[5, 0, 11, 18, 19]",9,0.16300241344100902,451,542,5,0.039608279959157,91,1
650,"(15,13)",,False,52,"[15, 14, 13, 10, 6]",9,0.144483894922491,453,544,5,0.042239858906525006,91,1
651,"(15,13)",,False,52,"[15, 14, 13, 10, 6]",9,0.144483894922491,453,544,5,0.042239858906525006,91,1
652,"(15,0)",,False,50,"[15, 0, 6, 12, 2]",8,0.116323215446022,455,546,5,0.037784275503573,91,1
653,"(15,0)",,False,50,"[15, 0, 6, 12, 2]",8,0.116323215446022,455,546,5,0.037784275503573,91,1
654,"(15,1)",,False,52,"[15, 1, 14, 3, 19]",9,0.15320709180358302,457,548,6,0.073999814350691,91,1
655,"(15,1)",,False,52,"[15, 1, 14, 3, 19]",9,0.15320709180358302,457,548,6,0.073999814350691,91,1
656,"(17,6)",,False,54,"[17, 2, 19, 16, 6]",10,0.15690847489093102,459,550,6,0.069001206720504,91,1
657,"(17,6)",,False,54,"[17, 2, 19, 16, 6]",10,0.15690847489093102,459,550,6,0.069001206720504,91,1
658,"(11,7)",,False,54,"[13, 11, 12, 7, 0]",10,0.16783899985654302,461,552,5,0.051487726049129004,91,1
659,"(11,7)",,False,54,"[13, 11, 12, 7, 0]",10,0.16783899985654302,461,552,5,0.051487726049129004,91,1
660,"(14,5)",,False,55,"[19, 18, 12, 14, 5]",10,0.15865125777406403,463,554,5,0.051726538568643,91,1
661,"(14,5)",,False,55,"[19, 18, 12, 14, 5]",10,0.15865125777406403,463,554,5,0.051726538568643,91,1
662,"(8,3)",,False,57,"[16, 8, 4, 3, 5]",11,0.17491709070656403,465,556,5,0.039921774132300004,91,1
663,"(8,3)",,False,57,"[16, 8, 4, 3, 5]",11,0.17491709070656403,465,556,5,0.039921774132300004,91,1
664,"(5,6)",,False,57,"[5, 12, 6, 14, 16]",11,0.18321561479456203,467,558,5,0.039921774132300004,91,1
665,"(5,6)",,False,57,"[5, 12, 6, 14, 16]",11,0.18321561479456203,467,558,5,0.039921774132300004,91,1
666,"(16,7)",,False,60,"[16, 7, 17, 13, 4]",13,0.22909673172831002,469,560,5,0.026118959013695,91,1
667,"(16,7)",,False,60,"[16, 7, 17, 13, 4]",13,0.22909673172831002,469,560,5,0.026118959013695,91,1
668,15:6,assassinate,True,58,"[15, 18, 13, 17, 14]",13,0.2008177008177,471,562,4,0.009347864611022001,91,1
669,15:6,assassinate,True,58,"[15, 18, 13, 17, 14]",13,0.2008177008177,471,562,4,0.009347864611022001,91,1
670,"(17,2)",,False,58,"[17, 2, 16, 13, 18]",13,0.19403095280288202,473,564,4,0.009510307755921,91,1
671,"(17,2)",,False,58,"[17, 2, 16, 13, 18]",13,0.19403095280288202,473,564,4,0.009510307755921,91,1
672,"(17,8)",,False,57,"[17, 8, 12, 2, 15]",13,0.19852978405609903,475,566,4,0.009802283486494002,91,1
673,"(17,8)",,False,57,"[17, 8, 12, 2, 15]",13,0.19852978405609903,475,566,4,0.009802283486494002,91,1
674,"(6,14)",,False,58,"[6, 15, 16, 14, 5]",13,0.18934710513657801,477,568,4,0.009802283486494002,91,1
675,"(6,14)",,False,58,"[6, 15, 16, 14, 5]",13,0.18934710513657801,477,568,4,0.009802283486494002,91,1
676,"(17,9)",,False,58,"[15, 17, 18, 9, 3]",13,0.18934710513657801,479,570,4,0.009802283486494002,91,1
677,"(17,9)",,False,58,"[15, 17, 18, 9, 3]",13,0.18934710513657801,479,570,4,0.009802283486494002,91,1
678,"(15,1)",,False,60,"[15, 1, 3, 2, 5]",14,0.25563213589529304,481,572,5,0.11496101364522401,91,1
679,"(15,1)",,False,60,"[15, 1, 3, 2, 5]",14,0.25563213589529304,481,572,5,0.11496101364522401,91,1
680,"(0,16)",,False,60,"[14, 0, 11, 16, 17]",14,0.253049289891395,483,574,5,0.12275828460038901,91,1
681,"(0,16)",,False,60,"[14, 0, 11, 16, 17]",14,0.253049289891395,483,574,5,0.12275828460038901,91,1
682,"(0,9)",,False,60,"[15, 1, 11, 0, 9]",13,0.19916457811194602,485,576,5,0.065357839042049,91,1
683,"(0,9)",,False,60,"[15, 1, 11, 0, 9]",13,0.19916457811194602,485,576,5,0.065357839042049,91,1
684,"(0,4)",,False,60,"[5, 3, 14, 0, 4]",13,0.211301401652278,487,578,5,0.038693957115009,91,1
685,"(0,4)",,False,60,"[5, 3, 14, 0, 4]",13,0.211301401652278,487,578,5,0.038693957115009,91,1
686,"(9,5)",,False,60,"[18, 9, 12, 16, 5]",13,0.21673164392462602,489,580,5,0.037069525666016005,91,1
687,"(9,5)",,False,60,"[18, 9, 12, 16, 5]",13,0.21673164392462602,489,580,5,0.037069525666016005,91,1
688,"(5,0)",,False,58,"[18, 8, 5, 0, 11]",12,0.209714100064977,491,582,5,0.040058479532163,91,1
689,"(5,0)",,False,58,"[18, 8, 5, 0, 11]",12,0.209714100064977,491,582,5,0.040058479532163,91,1
690,"(11,0)",,False,58,"[14, 11, 1, 9, 0]",12,0.209714100064977,493,584,5,0.040058479532163,91,1
691,"(11,0)",,False,58,"[14, 11, 1, 9, 0]",12,0.209714100064977,493,584,5,0.040058479532163,91,1
692,"(10,8)",,False,58,"[12, 10, 19, 8, 13]",12,0.21598060808587102,495,586,5,0.042031214399635,91,1
693,"(10,8)",,False,58,"[12, 10, 19, 8, 13]",12,0.21598060808587102,495,586,5,0.042031214399635,91,1
694,"(1,16)",,False,58,"[2, 18, 1, 16, 12]",12,0.21598060808587102,497,588,5,0.042031214399635,91,1
695,"(1,16)",,False,58,"[2, 18, 1, 16, 12]",12,0.21598060808587102,497,588,5,0.042031214399635,91,1
696,"(3,5)",,False,59,"[10, 16, 3, 6, 5]",13,0.23143274853801102,499,590,5,0.039257866889445006,91,1
697,"(3,5)",,False,59,"[10, 16, 3, 6, 5]",13,0.23143274853801102,499,590,5,0.039257866889445006,91,1
698,"(8,6)",,False,59,"[9, 16, 8, 6, 19]",13,0.221450089871142,501,592,5,0.040608465608465004,91,1
699,"(8,6)",,False,59,"[9, 16, 8, 6, 19]",13,0.221450089871142,501,592,5,0.040608465608465004,91,1
700,"(2,0)",,False,59,"[6, 2, 5, 0, 14]",13,0.21035754369087703,503,594,5,0.031558061821219,91,1
701,"(2,0)",,False,59,"[6, 2, 5, 0, 14]",13,0.21035754369087703,503,594,5,0.031558061821219,91,1
702,"(18,2)",,False,59,"[4, 18, 2, 13, 3]",13,0.22071614220737001,505,596,5,0.036125034809245005,91,1
703,"(18,2)",,False,59,"[4, 18, 2, 13, 3]",13,0.22071614220737001,505,596,5,0.036125034809245005,91,1
704,"(13,17)",,False,61,"[13, 12, 2, 17, 4]",14,0.236663417803768,507,598,5,0.032391163092917,91,1
705,"(13,17)",,False,61,"[13, 12, 2, 17, 4]",14,0.236663417803768,507,598,5,0.032391163092917,91,1
706,7:12,assassinate,True,54,"[13, 6, 5, 7, 18]",13,0.224793465144342,509,600,5,0.032794950338809005,91,1
707,7:12,assassinate,True,54,"[13, 6, 5, 7, 18]",13,0.224793465144342,509,600,5,0.032794950338809005,91,1
708,"(10,0)",,False,54,"[10, 6, 8, 0, 12]",12,0.24022092267706202,511,602,5,0.043892137751786006,91,1
709,"(10,0)",,False,54,"[10, 6, 8, 0, 12]",12,0.24022092267706202,511,602,5,0.043892137751786006,91,1
710,"(15,14)",,False,54,"[15, 2, 10, 19, 14]",12,0.223025155481295,513,604,4,0.025721711686623003,91,1
711,"(15,14)",,False,54,"[15, 2, 10, 19, 14]",12,0.223025155481295,513,604,4,0.025721711686623003,91,1
712,"(11,5)",,False,54,"[12, 11, 14, 5, 4]",12,0.22468671679197902,515,606,4,0.025396825396825,91,1
713,"(11,5)",,False,54,"[12, 11, 14, 5, 4]",12,0.22468671679197902,515,606,4,0.025396825396825,91,1
714,"(3,15)",,False,53,"[3, 15, 19, 6, 5]",12,0.21868096166341702,517,608,4,0.024041585445094,91,1
715,"(3,15)",,False,53,"[3, 15, 19, 6, 5]",12,0.21868096166341702,517,608,4,0.024041585445094,91,1
716,"(0,8)",,False,53,"[0, 18, 8, 12, 4]",12,0.22707357619638302,519,610,4,0.01677805625174,91,1
717,"(0,8)",,False,53,"[0, 18, 8, 12, 4]",12,0.22707357619638302,519,610,4,0.01677805625174,91,1
718,"(1,15)",,False,55,"[1, 17, 15, 9, 18]",13,0.240545808966861,521,612,5,0.025243664717348003,91,1
719,"(1,15)",,False,55,"[1, 17, 15, 9, 18]",13,0.240545808966861,521,612,5,0.025243664717348003,91,1
720,"(11,0)",,False,53,"[17, 7, 11, 2, 0]",12,0.19307992202729002,523,614,5,0.028845261301401002,91,1
721,"(11,0)",,False,53,"[17, 7, 11, 2, 0]",12,0.19307992202729002,523,614,5,0.028845261301401002,91,1
722,"(1,2)",,False,53,"[1, 11, 2, 3, 8]",12,0.18093212830054903,525,616,6,0.08040471549243401,91,1
723,"(1,2)",,False,53,"[1, 11, 2, 3, 8]",12,0.18093212830054903,525,616,6,0.08040471549243401,91,1
724,"(13,15)",,False,53,"[9, 13, 15, 19, 6]",12,0.18730222019695703,527,618,6,0.08318945511927901,91,1
725,"(13,15)",,False,53,"[9, 13, 15, 19, 6]",12,0.18730222019695703,527,618,6,0.08318945511927901,91,1
726,"(15,17)",,False,53,"[15, 17, 11, 19, 7]",12,0.180862509809878,529,620,6,0.08881230854915001,91,1
727,"(15,17)",,False,53,"[15, 17, 11, 19, 7]",12,0.180862509809878,529,620,6,0.08881230854915001,91,1
728,"(12,1)",,False,56,"[12, 18, 1, 9, 13]",12,0.162378800536695,531,622,7,0.066483337974566,91,1
729,"(12,1)",,False,56,"[12, 18, 1, 9, 13]",12,0.162378800536695,531,622,7,0.066483337974566,91,1
730,"(0,16)",,False,54,"[11, 0, 10, 16, 3]",11,0.127369349299173,533,624,7,0.108618769145084,91,1
731,"(0,16)",,False,54,"[11, 0, 10, 16, 3]",11,0.127369349299173,533,624,7,0.108618769145084,91,1
732,"(11,3)",,False,57,"[18, 11, 7, 16, 3]",13,0.192970853058572,535,626,7,0.10678780284043402,91,1
733,"(11,3)",,False,57,"[18, 11, 7, 16, 3]",13,0.192970853058572,535,626,7,0.10678780284043402,91,1
734,"(7,15)",,False,59,"[5, 7, 2, 11, 15]",14,0.20713589529379,537,628,7,0.10779495033880901,91,1
735,"(7,15)",,False,59,"[5, 7, 2, 11, 15]",14,0.20713589529379,537,628,7,0.10779495033880901,91,1
736,"(0,19)",,False,59,"[0, 10, 2, 19, 3]",14,0.22317367492806,539,630,7,0.06224589250905001,91,1
737,"(0,19)",,False,59,"[0, 10, 2, 19, 3]",14,0.22317367492806,539,630,7,0.06224589250905001,91,1
738,"(16,0)",,False,57,"[16, 0, 13, 6, 9]",13,0.19474485877994602,541,632,7,0.110830738462317,91,1
739,"(16,0)",,False,57,"[16, 0, 13, 6, 9]",13,0.19474485877994602,541,632,7,0.110830738462317,91,1
740,"(10,11)",,False,57,"[15, 10, 13, 7, 11]",13,0.19175126368108802,543,634,7,0.113186164063357,91,1
741,"(10,11)",,False,57,"[15, 10, 13, 7, 11]",13,0.19175126368108802,543,634,7,0.113186164063357,91,1
742,"(13,9)",,False,57,"[13, 8, 9, 2, 19]",13,0.194467650608001,545,636,7,0.10827995915715201,91,1
743,"(13,9)",,False,57,"[13, 8, 9, 2, 19]",13,0.194467650608001,545,636,7,0.10827995915715201,91,1
744,"(19,1)",,False,59,"[19, 13, 1, 12, 5]",14,0.237074166898728,547,638,8,0.08394829666759401,91,1
745,"(19,1)",,False,59,"[19, 13, 1, 12, 5]",14,0.237074166898728,547,638,8,0.08394829666759401,91,1
746,"(6,17)",,False,61,"[6, 16, 12, 3, 17]",15,0.24431448992852503,549,640,8,0.07253086419753,91,1
747,"(6,17)",,False,61,"[6, 16, 12, 3, 17]",15,0.24431448992852503,549,640,8,0.07253086419753,91,1
748,"(14,0)",,False,60,"[14, 0, 5, 4, 1]",15,0.27054758107389604,551,642,8,0.064148797920727,91,1
749,"(14,0)",,False,60,"[14, 0, 5, 4, 1]",15,0.27054758107389604,551,642,8,0.064148797920727,91,1
750,2:6,assassinate,True,58,"[1, 13, 2, 18, 6]",15,0.23711678185362303,553,644,7,0.036988304093567,91,1
751,2:6,assassinate,True,58,"[1, 13, 2, 18, 6]",15,0.23711678185362303,553,644,7,0.036988304093567,91,1
752,"(7,5)",,False,60,"[2, 7, 8, 5, 14]",15,0.21908559276980302,555,646,7,0.036013645224171005,91,1
753,"(7,5)",,False,60,"[2, 7, 8, 5, 14]",15,0.21908559276980302,555,646,7,0.036013645224171005,91,1
754,"(3,6)",,False,60,"[15, 8, 3, 4, 6]",15,0.233245993772309,557,648,6,0.017543859649122,91,1
755,"(3,6)",,False,60,"[15, 8, 3, 4, 6]",15,0.233245993772309,557,648,6,0.017543859649122,91,1
756,"(1,4)",,False,60,"[1, 18, 15, 19, 4]",15,0.23645224171539903,559,650,7,0.03500417710944,91,1
757,"(1,4)",,False,60,"[1, 18, 15, 19, 4]",15,0.23645224171539903,559,650,7,0.03500417710944,91,1
758,"(0,17)",,False,58,"[0, 11, 17, 4, 7]",14,0.216235664919875,561,652,6,0.026963241436925002,91,1
759,"(0,17)",,False,58,"[0, 11, 17, 4, 7]",14,0.216235664919875,561,652,6,0.026963241436925002,91,1
760,"(13,16)",,False,60,"[2, 12, 13, 16, 11]",14,0.23170489354699803,563,654,6,0.026963241436925002,91,1
761,"(13,16)",,False,60,"[2, 12, 13, 16, 11]",14,0.23170489354699803,563,654,6,0.026963241436925002,91,1
762,"(3,5)",,False,60,"[3, 14, 6, 5, 8]",14,0.23301477599723203,565,656,5,0.011452241715399,91,1
763,"(3,5)",,False,60,"[3, 14, 6, 5, 8]",14,0.23301477599723203,565,656,5,0.011452241715399,91,1
764,"(0,15)",,False,58,"[10, 5, 0, 15, 1]",13,0.23846421609579502,567,658,5,0.015942634363686002,91,1
765,"(0,15)",,False,58,"[10, 5, 0, 15, 1]",13,0.23846421609579502,567,658,5,0.015942634363686002,91,1
766,"(0,12)",,True,56,"[13, 0, 7, 11, 12]",12,0.22460781583588602,569,660,5,0.026998050682261004,91,1
767,"(0,12)",,True,56,"[13, 0, 7, 11, 12]",12,0.22460781583588602,569,660,5,0.026998050682261004,91,1
768,"(9,0)",,False,54,"[9, 0, 12, 14, 17]",11,0.21614916921934402,571,662,5,0.033751044277360004,91,1
769,"(9,0)",,False,54,"[9, 0, 12, 14, 17]",11,0.21614916921934402,571,662,5,0.033751044277360004,91,1
770,"(3,17)",,False,56,"[13, 3, 9, 17, 7]",11,0.20523763111482402,573,664,5,0.028815093288777002,91,1
771,"(3,17)",,False,56,"[13, 3, 9, 17, 7]",11,0.20523763111482402,573,664,5,0.028815093288777002,91,1
772,"(0,6)",,False,56,"[8, 13, 0, 6, 1]",11,0.22242643646152402,575,666,5,0.031390977443609004,91,1
773,"(0,6)",,False,56,"[8, 13, 0, 6, 1]",11,0.22242643646152402,575,666,5,0.031390977443609004,91,1
774,"(12,4)",,False,56,"[6, 9, 12, 4, 13]",11,0.21799026184991002,577,668,5,0.029481532113111,91,1
775,"(12,4)",,False,56,"[6, 9, 12, 4, 13]",11,0.21799026184991002,577,668,5,0.029481532113111,91,1
776,"(1,3)",,False,56,"[1, 3, 19, 9, 13]",11,0.20628676067272503,579,670,5,0.025891116680590003,91,1
777,"(1,3)",,False,56,"[1, 3, 19, 9, 13]",11,0.20628676067272503,579,670,5,0.025891116680590003,91,1
778,"(13,2)",,False,56,"[4, 16, 13, 2, 14]",11,0.17738327299730802,581,672,5,0.022755963984034,91,1
779,"(13,2)",,False,56,"[4, 16, 13, 2, 14]",11,0.17738327299730802,581,672,5,0.022755963984034,91,1
780,"(6,16)",,False,58,"[12, 15, 6, 11, 16]",12,0.19895049719611102,583,674,5,0.021752386664667,91,1
781,"(6,16)",,False,58,"[12, 15, 6, 11, 16]",12,0.19895049719611102,583,674,5,0.021752386664667,91,1
782,"(1,2)",,False,58,"[1, 13, 17, 2, 3]",12,0.20915192669578603,585,676,6,0.043761112182164004,91,1
783,"(1,2)",,False,58,"[1, 13, 17, 2, 3]",12,0.20915192669578603,585,676,6,0.043761112182164004,91,1
784,"(6,18)",,False,60,"[11, 6, 18, 12, 4]",13,0.209968783652994,587,678,6,0.040691569638938004,91,1
785,"(6,18)",,False,60,"[11, 6, 18, 12, 4]",13,0.209968783652994,587,678,6,0.040691569638938004,91,1
786,"(1,6)",,False,60,"[3, 1, 19, 6, 7]",13,0.210960344551675,589,680,7,0.056697865830992004,91,1
787,"(1,6)",,False,60,"[3, 1, 19, 6, 7]",13,0.210960344551675,589,680,7,0.056697865830992004,91,1
788,"(13,7)",,False,59,"[11, 4, 13, 10, 7]",13,0.21448019508961302,591,682,7,0.060303381598395,91,1
789,"(13,7)",,False,59,"[11, 4, 13, 10, 7]",13,0.21448019508961302,591,682,7,0.060303381598395,91,1
790,"(2,13)",,False,61,"[16, 2, 7, 10, 13]",14,0.21425420275835702,593,684,7,0.03977047882865,91,1
791,"(2,13)",,False,61,"[16, 2, 7, 10, 13]",14,0.21425420275835702,593,684,7,0.03977047882865,91,1
792,"(0,12)",,False,61,"[15, 18, 0, 12, 11]",13,0.18816060824371,595,686,7,0.05340735364973501,91,1
793,"(0,12)",,False,61,"[15, 18, 0, 12, 11]",13,0.18816060824371,595,686,7,0.05340735364973501,91,1
794,"(3,16)",,False,63,"[2, 3, 10, 16, 5]",14,0.191405013115539,597,688,7,0.052972904288693,91,1
795,"(3,16)",,False,63,"[2, 3, 10, 16, 5]",14,0.191405013115539,597,688,7,0.052972904288693,91,1
796,"(3,19)",,False,62,"[9, 3, 17, 15, 19]",14,0.23056378319536203,599,690,7,0.054144515328725,91,1
797,"(3,19)",,False,62,"[9, 3, 17, 15, 19]",14,0.23056378319536203,599,690,7,0.054144515328725,91,1
798,"(0,19)",,False,60,"[7, 5, 0, 13, 19]",13,0.21818488358192803,601,692,7,0.06591821835358301,91,1
799,"(0,19)",,False,60,"[7, 5, 0, 13, 19]",13,0.21818488358192803,601,692,7,0.06591821835358301,91,1
