,actionDetail,actionType,bonusActivated,graphEdgeCount,nodeList,p1Degree,p1Score,p1WinAdvantage,p1WinCount,p2Degree,p2Score,p2WinCount,player
0,"(2,4)",,False,2,"[2, 4, 17, 10, 6]",0,-0.001,0,0,0,-0.001,0,1
1,"(2,4)",,False,2,"[2, 4, 17, 10, 6]",0,-0.001,0,0,0,-0.001,0,1
2,"(6,3)",,False,4,"[6, 3, 5, 7, 12]",0,-0.001,0,0,0,-0.001,0,1
3,"(6,3)",,False,4,"[6, 3, 5, 7, 12]",0,-0.001,0,0,0,-0.001,0,1
4,"(6,4)",,True,6,"[6, 4, 2, 10, 11]",0,-0.001,0,0,0,-0.001,0,1
5,"(6,4)",,True,6,"[6, 4, 2, 10, 11]",0,-0.001,0,0,0,-0.001,0,1
6,"(16,2)",,False,8,"[16, 2, 14, 8, 12]",0,-0.001,0,0,0,-0.001,0,1
7,"(16,2)",,False,8,"[16, 2, 14, 8, 12]",0,-0.001,0,0,0,-0.001,0,1
8,"(18,1)",,True,10,"[18, 1, 10, 15, 4]",0,-0.001,-1,0,1,0.0,1,1
9,"(18,1)",,True,10,"[18, 1, 10, 15, 4]",0,-0.001,-1,0,1,0.0,1,1
10,"(6,8)",,False,10,"[6, 8, 18, 9, 0]",0,-0.001,-1,0,0,-0.001,1,1
11,"(6,8)",,False,10,"[6, 8, 18, 9, 0]",0,-0.001,-1,0,0,-0.001,1,1
12,"(19,2)",,True,12,"[19, 2, 6, 5, 18]",0,-0.001,-1,0,0,-0.001,1,1
13,"(19,2)",,True,12,"[19, 2, 6, 5, 18]",0,-0.001,-1,0,0,-0.001,1,1
14,"(2,10)",,False,14,"[2, 0, 10, 11, 8]",0,-0.001,-1,0,0,-0.001,1,1
15,"(2,10)",,False,14,"[2, 0, 10, 11, 8]",0,-0.001,-1,0,0,-0.001,1,1
16,"(8,17)",,False,16,"[8, 17, 19, 11, 15]",0,-0.001,-1,0,0,-0.001,1,1
17,"(8,17)",,False,16,"[8, 17, 19, 11, 15]",0,-0.001,-1,0,0,-0.001,1,1
18,"(5,1)",,False,18,"[5, 19, 1, 11, 14]",0,-0.001,-2,0,1,0.0,2,1
19,"(5,1)",,False,18,"[5, 19, 1, 11, 14]",0,-0.001,-2,0,1,0.0,2,1
20,"(16,6)",,False,20,"[16, 6, 14, 18, 10]",0,-0.001,-4,0,2,0.0,4,1
21,"(16,6)",,False,20,"[16, 6, 14, 18, 10]",0,-0.001,-4,0,2,0.0,4,1
22,"(17,5)",,True,18,"[15, 17, 6, 4, 5]",0,-0.001,-6,0,2,0.087719298245614,6,1
23,"(17,5)",,True,18,"[15, 17, 6, 4, 5]",0,-0.001,-6,0,2,0.087719298245614,6,1
24,"(13,7)",,False,18,"[13, 7, 4, 2, 8]",0,-0.001,-8,0,2,0.005847953216374001,8,1
25,"(13,7)",,False,18,"[13, 7, 4, 2, 8]",0,-0.001,-8,0,2,0.005847953216374001,8,1
26,"(17,8)",,False,18,"[0, 17, 5, 8, 13]",0,-0.001,-10,0,2,0.08187134502923901,10,1
27,"(17,8)",,False,18,"[0, 17, 5, 8, 13]",0,-0.001,-10,0,2,0.08187134502923901,10,1
28,"(2,3)",,False,20,"[2, 3, 5, 18, 13]",0,-0.001,-12,0,2,0.0,12,1
29,"(2,3)",,False,20,"[2, 3, 5, 18, 13]",0,-0.001,-12,0,2,0.0,12,1
30,"(3,1)",,False,22,"[13, 4, 14, 3, 1]",0,-0.001,-14,0,3,0.07212475633528201,14,1
31,"(3,1)",,False,22,"[13, 4, 14, 3, 1]",0,-0.001,-14,0,3,0.07212475633528201,14,1
32,"(1,15)",,False,24,"[12, 1, 16, 10, 15]",0,-0.001,-16,0,4,0.154970760233918,16,1
33,"(1,15)",,False,24,"[12, 1, 16, 10, 15]",0,-0.001,-16,0,4,0.154970760233918,16,1
34,"(13,11)",,False,26,"[16, 13, 2, 5, 11]",0,-0.001,-18,0,4,0.129629629629629,18,1
35,"(13,11)",,False,26,"[16, 13, 2, 5, 11]",0,-0.001,-18,0,4,0.129629629629629,18,1
36,"(2,0)",,False,28,"[2, 8, 18, 0, 10]",1,0.0,-20,0,4,0.11588693957115001,20,1
37,"(2,0)",,False,28,"[2, 8, 18, 0, 10]",1,0.0,-20,0,4,0.11588693957115001,20,1
38,"(15,12)",,False,29,"[15, 9, 16, 17, 12]",1,0.0,-22,0,4,0.19590643274853803,22,1
39,"(15,12)",,False,29,"[15, 9, 16, 17, 12]",1,0.0,-22,0,4,0.19590643274853803,22,1
40,"(2,9)",,False,29,"[6, 2, 9, 15, 4]",1,0.0,-24,0,4,0.06442495126705601,24,1
41,"(2,9)",,False,29,"[6, 2, 9, 15, 4]",1,0.0,-24,0,4,0.06442495126705601,24,1
42,"(13,1)",,False,30,"[13, 9, 10, 0, 1]",2,0.070175438596491,-26,0,5,0.14619883040935602,26,1
43,"(13,1)",,False,30,"[13, 9, 10, 0, 1]",2,0.070175438596491,-26,0,5,0.14619883040935602,26,1
44,"(0,12)",,True,30,"[0, 12, 3, 4, 17]",1,0.0,-28,0,5,0.197855750487329,28,1
45,"(0,12)",,True,30,"[0, 12, 3, 4, 17]",1,0.0,-28,0,5,0.197855750487329,28,1
46,"(2,1)",,False,33,"[4, 2, 3, 1, 18]",1,0.0,-30,0,6,0.150362016151489,30,1
47,"(2,1)",,False,33,"[4, 2, 3, 1, 18]",1,0.0,-30,0,6,0.150362016151489,30,1
48,"(18,5)",,False,32,"[0, 18, 10, 5, 11]",1,0.0,-32,0,4,0.046393762183235,32,1
49,"(18,5)",,False,32,"[0, 18, 10, 5, 11]",1,0.0,-32,0,4,0.046393762183235,32,1
50,"(5,17)",,True,32,"[5, 7, 10, 17, 16]",1,0.0,-34,0,4,0.071150097465886,34,1
51,"(5,17)",,True,32,"[5, 7, 10, 17, 16]",1,0.0,-34,0,4,0.071150097465886,34,1
52,"(13,9)",,False,32,"[13, 19, 10, 9, 11]",1,0.0,-36,0,4,0.057017543859649,36,1
53,"(13,9)",,False,32,"[13, 19, 10, 9, 11]",1,0.0,-36,0,4,0.057017543859649,36,1
54,"(8,5)",,True,34,"[0, 17, 15, 8, 5]",2,0.017543859649122,-38,0,4,0.06130604288499,38,1
55,"(8,5)",,True,34,"[0, 17, 15, 8, 5]",2,0.017543859649122,-38,0,4,0.06130604288499,38,1
56,"(13,17)",,False,34,"[6, 16, 11, 13, 17]",2,0.017543859649122,-40,0,4,0.114035087719298,40,1
57,"(13,17)",,False,34,"[6, 16, 11, 13, 17]",2,0.017543859649122,-40,0,4,0.114035087719298,40,1
58,"(15,12)",,False,34,"[14, 4, 15, 12, 11]",3,0.04294996751137101,-42,0,4,0.123781676413255,42,1
59,"(15,12)",,False,34,"[14, 4, 15, 12, 11]",3,0.04294996751137101,-42,0,4,0.123781676413255,42,1
60,11:6,assassinate,True,33,"[17, 11, 9, 4, 3]",2,0.018518518518518,-42,1,4,0.043859649122807,43,1
61,11:6,assassinate,True,33,"[17, 11, 9, 4, 3]",2,0.018518518518518,-42,1,4,0.043859649122807,43,1
62,"(15,7)",,False,34,"[16, 13, 15, 19, 7]",3,0.048732943469785,-42,2,4,0.059454191033138,44,1
63,"(15,7)",,False,34,"[16, 13, 15, 19, 7]",3,0.048732943469785,-42,2,4,0.059454191033138,44,1
64,"(1,15)",,False,34,"[5, 1, 13, 2, 15]",3,0.048732943469785,-42,3,4,0.059454191033138,45,1
65,"(1,15)",,False,34,"[5, 1, 13, 2, 15]",3,0.048732943469785,-42,3,4,0.059454191033138,45,1
66,"(17,5)",,True,34,"[13, 6, 15, 17, 5]",3,0.05847953216374201,-42,4,4,0.06959064327485301,46,1
67,"(17,5)",,True,34,"[13, 6, 15, 17, 5]",3,0.05847953216374201,-42,4,4,0.06959064327485301,46,1
68,"(13,10)",,False,33,"[13, 4, 10, 8, 17]",3,0.054580896686159,-40,6,4,0.032066276803118,46,1
69,"(13,10)",,False,33,"[13, 4, 10, 8, 17]",3,0.054580896686159,-40,6,4,0.032066276803118,46,1
70,2:22,assassinate,True,23,"[5, 19, 11, 2, 14]",2,0.004873294346978,-40,7,4,0.08625730994152,47,1
71,2:22,assassinate,True,23,"[5, 19, 11, 2, 14]",2,0.004873294346978,-40,7,4,0.08625730994152,47,1
72,"(3,5)",,False,22,"[1, 3, 9, 5, 8]",2,0.014341409078251,-42,7,4,0.11484266221108301,49,1
73,"(3,5)",,False,22,"[1, 3, 9, 5, 8]",2,0.014341409078251,-42,7,4,0.11484266221108301,49,1
74,"(7,4)",,False,25,"[13, 2, 7, 4, 9]",2,0.007309941520467001,-44,7,4,0.09175717070453901,51,1
75,"(7,4)",,False,25,"[13, 2, 7, 4, 9]",2,0.007309941520467001,-44,7,4,0.09175717070453901,51,1
76,"(8,5)",,True,25,"[10, 17, 13, 8, 5]",2,0.004873294346978,-46,7,4,0.08609486679662101,53,1
77,"(8,5)",,True,25,"[10, 17, 13, 8, 5]",2,0.004873294346978,-46,7,4,0.08609486679662101,53,1
78,"(18,5)",,False,25,"[16, 18, 0, 8, 5]",3,0.09317738791423001,-48,7,4,0.150942170240415,55,1
79,"(18,5)",,False,25,"[16, 18, 0, 8, 5]",3,0.09317738791423001,-48,7,4,0.150942170240415,55,1
80,"(19,0)",,False,26,"[4, 19, 0, 6, 18]",2,0.0042884990253410004,-50,7,4,0.08141650422352101,57,1
81,"(19,0)",,False,26,"[4, 19, 0, 6, 18]",2,0.0042884990253410004,-50,7,4,0.08141650422352101,57,1
82,"(19,15)",,False,29,"[19, 2, 17, 15, 0]",2,0.0022974101921470003,-52,7,4,0.056050901664936,59,1
83,"(19,15)",,False,29,"[19, 2, 17, 15, 0]",2,0.0022974101921470003,-52,7,4,0.056050901664936,59,1
84,"(0,11)",,False,28,"[0, 14, 3, 18, 11]",1,0.0,-52,8,3,0.019864476004826003,60,1
85,"(0,11)",,False,28,"[0, 14, 3, 18, 11]",1,0.0,-52,8,3,0.019864476004826003,60,1
86,"(6,5)",,False,28,"[7, 0, 6, 18, 5]",1,0.0,-54,8,3,0.024366471734892002,62,1
87,"(6,5)",,False,28,"[7, 0, 6, 18, 5]",1,0.0,-54,8,3,0.024366471734892002,62,1
88,"(2,5)",,False,31,"[19, 7, 18, 2, 5]",1,0.0,-56,8,3,0.017543859649122,64,1
89,"(2,5)",,False,31,"[19, 7, 18, 2, 5]",1,0.0,-56,8,3,0.017543859649122,64,1
90,"(17,4)",,True,31,"[17, 4, 15, 13, 19]",1,0.0,-56,8,2,0.0,64,1
91,"(17,4)",,True,31,"[17, 4, 15, 13, 19]",1,0.0,-56,8,2,0.0,64,1
92,"(19,18)",,False,33,"[19, 18, 17, 0, 12]",1,0.0,-56,8,2,0.0,64,1
93,"(19,18)",,False,33,"[19, 18, 17, 0, 12]",1,0.0,-56,8,2,0.0,64,1
94,"(3,15)",,False,33,"[4, 19, 3, 16, 15]",2,0.09941520467836201,-54,10,2,0.003118908382066,64,1
95,"(3,15)",,False,33,"[4, 19, 3, 16, 15]",2,0.09941520467836201,-54,10,2,0.003118908382066,64,1
96,"(6,3)",,False,33,"[0, 6, 15, 10, 3]",2,0.105263157894736,-52,12,2,0.005625174046226001,64,1
97,"(6,3)",,False,33,"[0, 6, 15, 10, 3]",2,0.105263157894736,-52,12,2,0.005625174046226001,64,1
98,3:8,assassinate,True,30,"[3, 10, 7, 17, 4]",3,0.13430799220272902,-50,14,1,0.0,64,1
99,3:8,assassinate,True,30,"[3, 10, 7, 17, 4]",3,0.13430799220272902,-50,14,1,0.0,64,1
100,11:2,assassinate,True,28,"[3, 11, 14, 9, 6]",2,0.038791423001949,-48,16,1,0.0,64,1
101,11:2,assassinate,True,28,"[3, 11, 14, 9, 6]",2,0.038791423001949,-48,16,1,0.0,64,1
102,"(16,8)",,False,31,"[6, 2, 16, 8, 4]",4,0.12085769980506801,-46,18,1,0.0,64,1
103,"(16,8)",,False,31,"[6, 2, 16, 8, 4]",4,0.12085769980506801,-46,18,1,0.0,64,1
104,"(5,18)",,False,33,"[19, 5, 11, 18, 4]",4,0.12670565302144202,-44,20,1,0.0,64,1
105,"(5,18)",,False,33,"[19, 5, 11, 18, 4]",4,0.12670565302144202,-44,20,1,0.0,64,1
106,"(13,16)",,False,35,"[8, 13, 16, 14, 2]",5,0.12953216374269,-42,22,1,0.0,64,1
107,"(13,16)",,False,35,"[8, 13, 16, 14, 2]",5,0.12953216374269,-42,22,1,0.0,64,1
108,13:12,assassinate,True,29,"[19, 18, 4, 0, 13]",4,0.109161793372319,-40,24,1,0.0,64,1
109,13:12,assassinate,True,29,"[19, 18, 4, 0, 13]",4,0.109161793372319,-40,24,1,0.0,64,1
110,"(0,9)",,False,28,"[0, 9, 11, 15, 19]",3,0.09356725146198801,-38,26,1,0.0,64,1
111,"(0,9)",,False,28,"[0, 9, 11, 15, 19]",3,0.09356725146198801,-38,26,1,0.0,64,1
112,8:8,assassinate,True,23,"[13, 6, 11, 12, 8]",3,0.017543859649122,-36,28,1,0.0,64,1
113,8:8,assassinate,True,23,"[13, 6, 11, 12, 8]",3,0.017543859649122,-36,28,1,0.0,64,1
114,"(16,6)",,False,23,"[5, 16, 6, 18, 13]",3,0.011695906432748001,-34,30,1,0.0,64,1
115,"(16,6)",,False,23,"[5, 16, 6, 18, 13]",3,0.011695906432748001,-34,30,1,0.0,64,1
116,"(18,5)",,False,23,"[18, 15, 5, 11, 10]",3,0.140350877192982,-32,32,1,0.0,64,1
117,"(18,5)",,False,23,"[18, 15, 5, 11, 10]",3,0.140350877192982,-32,32,1,0.0,64,1
118,"(6,9)",,False,26,"[14, 6, 13, 9, 8]",3,0.025341130604288,-30,34,1,0.0,64,1
119,"(6,9)",,False,26,"[14, 6, 13, 9, 8]",3,0.025341130604288,-30,34,1,0.0,64,1
120,3:4,assassinate,True,25,"[19, 1, 5, 3, 2]",2,0.0,-29,35,1,0.0,64,1
121,3:4,assassinate,True,25,"[19, 1, 5, 3, 2]",2,0.0,-29,35,1,0.0,64,1
122,"(16,13)",,False,27,"[16, 13, 8, 9, 3]",2,0.0,-29,35,2,0.0,64,1
123,"(16,13)",,False,27,"[16, 13, 8, 9, 3]",2,0.0,-29,35,2,0.0,64,1
124,"(4,7)",,False,28,"[4, 7, 14, 10, 15]",4,0.130604288499025,-27,37,2,0.0,64,1
125,"(4,7)",,False,28,"[4, 7, 14, 10, 15]",4,0.130604288499025,-27,37,2,0.0,64,1
126,"(3,0)",,False,25,"[14, 3, 2, 6, 0]",3,0.053801169590643,-25,39,2,0.0,64,1
127,"(3,0)",,False,25,"[14, 3, 2, 6, 0]",3,0.053801169590643,-25,39,2,0.0,64,1
128,"(0,7)",,True,23,"[17, 15, 16, 0, 7]",2,0.0,-24,40,2,0.0,64,1
129,"(0,7)",,True,23,"[17, 15, 16, 0, 7]",2,0.0,-24,40,2,0.0,64,1
130,"(3,16)",,False,23,"[3, 16, 9, 14, 13]",2,0.0,-24,40,1,0.0,64,1
131,"(3,16)",,False,23,"[3, 16, 9, 14, 13]",2,0.0,-24,40,1,0.0,64,1
132,"(12,13)",,False,24,"[19, 12, 8, 13, 5]",2,0.040545808966861004,-22,42,1,0.0,64,1
133,"(12,13)",,False,24,"[19, 12, 8, 13, 5]",2,0.040545808966861004,-22,42,1,0.0,64,1
134,"(16,9)",,False,26,"[16, 8, 5, 9, 12]",3,0.067251461988304,-20,44,1,0.0,64,1
135,"(16,9)",,False,26,"[16, 8, 5, 9, 12]",3,0.067251461988304,-20,44,1,0.0,64,1
136,"(17,16)",,False,29,"[6, 8, 10, 17, 16]",5,0.16452241715399601,-18,46,1,0.0,64,1
137,"(17,16)",,False,29,"[6, 8, 10, 17, 16]",5,0.16452241715399601,-18,46,1,0.0,64,1
138,"(5,15)",,False,31,"[19, 5, 12, 10, 15]",5,0.18089668615984403,-16,48,1,0.0,64,1
139,"(5,15)",,False,31,"[19, 5, 12, 10, 15]",5,0.18089668615984403,-16,48,1,0.0,64,1
140,"(17,1)",,False,34,"[17, 16, 1, 6, 12]",7,0.22495126705653,-14,50,2,0.006335282651072,64,1
141,"(17,1)",,False,34,"[17, 16, 1, 6, 12]",7,0.22495126705653,-14,50,2,0.006335282651072,64,1
142,19:6,assassinate,True,32,"[10, 3, 19, 9, 7]",7,0.222807017543859,-12,52,2,0.006725146198830001,64,1
143,19:6,assassinate,True,32,"[10, 3, 19, 9, 7]",7,0.222807017543859,-12,52,2,0.006725146198830001,64,1
144,"(8,9)",,False,32,"[8, 7, 13, 9, 6]",7,0.23099415204678303,-10,54,2,0.007894736842105001,64,1
145,"(8,9)",,False,32,"[8, 7, 13, 9, 6]",7,0.23099415204678303,-10,54,2,0.007894736842105001,64,1
146,"(6,12)",,False,31,"[6, 12, 10, 15, 9]",7,0.25341130604288503,-8,56,2,0.010331384015594,64,1
147,"(6,12)",,False,31,"[6, 12, 10, 15, 9]",7,0.25341130604288503,-8,56,2,0.010331384015594,64,1
148,18:10,assassinate,True,27,"[16, 4, 8, 18, 17]",6,0.162573099415204,-6,58,2,0.007212475633528,64,1
149,18:10,assassinate,True,27,"[16, 4, 8, 18, 17]",6,0.162573099415204,-6,58,2,0.007212475633528,64,1
150,"(3,11)",,False,27,"[13, 3, 4, 11, 18]",6,0.18274853801169502,-4,60,2,0.010233918128654,64,1
151,"(3,11)",,False,27,"[13, 3, 4, 11, 18]",6,0.18274853801169502,-4,60,2,0.010233918128654,64,1
152,13:4,assassinate,True,27,"[7, 3, 13, 19, 15]",6,0.16773879142300102,-2,62,2,0.006042884990253,64,1
153,13:4,assassinate,True,27,"[7, 3, 13, 19, 15]",6,0.16773879142300102,-2,62,2,0.006042884990253,64,1
154,12:8,assassinate,True,24,"[17, 13, 7, 12, 18]",7,0.199317738791423,0,64,2,0.007309941520467001,64,1
155,12:8,assassinate,True,24,"[17, 13, 7, 12, 18]",7,0.199317738791423,0,64,2,0.007309941520467001,64,1
156,"(7,3)",,False,23,"[4, 12, 7, 3, 18]",7,0.21481481481481401,2,66,2,0.007017543859649001,64,1
157,"(7,3)",,False,23,"[4, 12, 7, 3, 18]",7,0.21481481481481401,2,66,2,0.007017543859649001,64,1
158,"(14,1)",,False,25,"[9, 4, 14, 1, 13]",7,0.309356725146198,4,68,3,0.09473684210526301,64,1
159,"(14,1)",,False,25,"[9, 4, 14, 1, 13]",7,0.309356725146198,4,68,3,0.09473684210526301,64,1
160,"(6,0)",,False,24,"[17, 6, 7, 8, 0]",6,0.28011695906432704,6,70,3,0.040155945419103,64,1
161,"(6,0)",,False,24,"[17, 6, 7, 8, 0]",6,0.28011695906432704,6,70,3,0.040155945419103,64,1
162,"(17,10)",,False,27,"[7, 17, 5, 4, 10]",8,0.46052631578947306,8,72,3,0.043859649122807,64,1
163,"(17,10)",,False,27,"[7, 17, 5, 4, 10]",8,0.46052631578947306,8,72,3,0.043859649122807,64,1
164,"(19,17)",,False,26,"[19, 6, 4, 17, 3]",8,0.45224171539961006,10,74,3,0.05653021442495101,64,1
165,"(19,17)",,False,26,"[19, 6, 4, 17, 3]",8,0.45224171539961006,10,74,3,0.05653021442495101,64,1
166,"(2,16)",,False,27,"[2, 15, 14, 16, 4]",9,0.47582846003898605,12,76,3,0.018908382066276,64,1
167,"(2,16)",,False,27,"[2, 15, 14, 16, 4]",9,0.47582846003898605,12,76,3,0.018908382066276,64,1
168,8:6,assassinate,True,24,"[8, 12, 18, 13, 10]",8,0.40643274853801103,14,78,3,0.017543859649122,64,1
169,8:6,assassinate,True,24,"[8, 12, 18, 13, 10]",8,0.40643274853801103,14,78,3,0.017543859649122,64,1
170,13:4,assassinate,True,24,"[1, 12, 13, 5, 14]",7,0.314327485380116,16,80,3,0.013157894736842,64,1
171,13:4,assassinate,True,24,"[1, 12, 13, 5, 14]",7,0.314327485380116,16,80,3,0.013157894736842,64,1
172,"(19,8)",,False,23,"[4, 19, 12, 8, 6]",7,0.340643274853801,18,82,3,0.013157894736842,64,1
173,"(19,8)",,False,23,"[4, 19, 12, 8, 6]",7,0.340643274853801,18,82,3,0.013157894736842,64,1
174,"(12,17)",,False,24,"[12, 16, 15, 17, 8]",7,0.40789473684210503,20,84,3,0.020955165692007,64,1
175,"(12,17)",,False,24,"[12, 16, 15, 17, 8]",7,0.40789473684210503,20,84,3,0.020955165692007,64,1
176,"(1,11)",,False,24,"[1, 17, 11, 2, 3]",7,0.35575048732943404,22,86,4,0.082846003898635,64,1
177,"(1,11)",,False,24,"[1, 17, 11, 2, 3]",7,0.35575048732943404,22,86,4,0.082846003898635,64,1
178,"(5,2)",,False,26,"[3, 5, 4, 16, 2]",7,0.33265107212475603,24,88,4,0.09844054580896601,64,1
179,"(5,2)",,False,26,"[3, 5, 4, 16, 2]",7,0.33265107212475603,24,88,4,0.09844054580896601,64,1
180,"(1,18)",,False,26,"[5, 14, 1, 18, 13]",7,0.32212475633528204,26,90,5,0.17251461988304,64,1
181,"(1,18)",,False,26,"[5, 14, 1, 18, 13]",7,0.32212475633528204,26,90,5,0.17251461988304,64,1
182,"(16,17)",,False,28,"[16, 8, 6, 12, 17]",7,0.339668615984405,28,92,5,0.16569200779727,64,1
183,"(16,17)",,False,28,"[16, 8, 6, 12, 17]",7,0.339668615984405,28,92,5,0.16569200779727,64,1
184,14:8,assassinate,True,23,"[9, 11, 14, 7, 19]",6,0.22612085769980503,30,94,3,0.034113060428849006,64,1
185,14:8,assassinate,True,23,"[9, 11, 14, 7, 19]",6,0.22612085769980503,30,94,3,0.034113060428849006,64,1
186,"(11,1)",,False,25,"[11, 12, 1, 18, 19]",6,0.23586744639376203,32,96,4,0.08479532163742601,64,1
187,"(11,1)",,False,25,"[11, 12, 1, 18, 19]",6,0.23586744639376203,32,96,4,0.08479532163742601,64,1
188,"(1,6)",,False,28,"[1, 17, 19, 6, 15]",6,0.304093567251461,32,97,5,0.311890838206627,65,1
189,"(1,6)",,False,28,"[1, 17, 19, 6, 15]",6,0.304093567251461,32,97,5,0.311890838206627,65,1
190,"(11,7)",,False,30,"[4, 15, 6, 11, 7]",6,0.29961013645224105,34,99,5,0.238206627680311,65,1
191,"(11,7)",,False,30,"[4, 15, 6, 11, 7]",6,0.29961013645224105,34,99,5,0.238206627680311,65,1
192,"(8,14)",,False,28,"[8, 19, 18, 14, 11]",6,0.318713450292397,36,101,4,0.24220272904483403,65,1
193,"(8,14)",,False,28,"[8, 19, 18, 14, 11]",6,0.318713450292397,36,101,4,0.24220272904483403,65,1
194,"(19,2)",,False,29,"[5, 12, 19, 2, 13]",6,0.325536062378167,38,103,4,0.164717348927875,65,1
195,"(19,2)",,False,29,"[5, 12, 19, 2, 13]",6,0.325536062378167,38,103,4,0.164717348927875,65,1
196,"(16,13)",,False,29,"[2, 16, 10, 15, 13]",6,0.263645224171539,40,105,4,0.11842105263157801,65,1
197,"(16,13)",,False,29,"[2, 16, 10, 15, 13]",6,0.263645224171539,40,105,4,0.11842105263157801,65,1
198,9:4,assassinate,True,28,"[14, 9, 16, 17, 11]",5,0.186647173489278,42,107,4,0.11549707602339102,65,1
199,9:4,assassinate,True,28,"[14, 9, 16, 17, 11]",5,0.186647173489278,42,107,4,0.11549707602339102,65,1
200,"(10,15)",,False,27,"[10, 12, 7, 15, 11]",5,0.194931773879142,44,109,2,0.024366471734892002,65,1
201,"(10,15)",,False,27,"[10, 12, 7, 15, 11]",5,0.194931773879142,44,109,2,0.024366471734892002,65,1
202,"(11,5)",,False,29,"[11, 5, 8, 9, 6]",6,0.20857699805068203,46,111,2,0.010721247563352,65,1
203,"(11,5)",,False,29,"[11, 5, 8, 9, 6]",6,0.20857699805068203,46,111,2,0.010721247563352,65,1
204,"(0,10)",,False,29,"[0, 14, 3, 10, 13]",5,0.19688109161793302,48,113,2,0.013645224171539001,65,1
205,"(0,10)",,False,29,"[0, 14, 3, 10, 13]",5,0.19688109161793302,48,113,2,0.013645224171539001,65,1
206,"(10,13)",,False,29,"[10, 13, 4, 9, 15]",5,0.17982456140350803,50,115,2,0.009746588693957,65,1
207,"(10,13)",,False,29,"[10, 13, 4, 9, 15]",5,0.17982456140350803,50,115,2,0.009746588693957,65,1
208,"(14,17)",,False,29,"[14, 17, 3, 12, 7]",5,0.177972709551656,52,117,2,0.007797270955165,65,1
209,"(14,17)",,False,29,"[14, 17, 3, 12, 7]",5,0.177972709551656,52,117,2,0.007797270955165,65,1
210,"(4,9)",,False,32,"[4, 18, 9, 2, 14]",7,0.262962962962962,54,119,2,0.007797270955165,65,1
211,"(4,9)",,False,32,"[4, 18, 9, 2, 14]",7,0.262962962962962,54,119,2,0.007797270955165,65,1
212,"(6,12)",,False,34,"[11, 17, 10, 6, 12]",7,0.24931773879142302,56,121,2,0.006335282651072,65,1
213,"(6,12)",,False,34,"[11, 17, 10, 6, 12]",7,0.24931773879142302,56,121,2,0.006335282651072,65,1
214,9:4,assassinate,True,33,"[11, 0, 14, 16, 9]",6,0.202742968532442,58,123,3,0.016388192703982,65,1
215,9:4,assassinate,True,33,"[11, 0, 14, 16, 9]",6,0.202742968532442,58,123,3,0.016388192703982,65,1
216,19:4,assassinate,True,29,"[17, 19, 11, 7, 18]",5,0.20263157894736802,60,125,3,0.022124756335282002,65,1
217,19:4,assassinate,True,29,"[17, 19, 11, 7, 18]",5,0.20263157894736802,60,125,3,0.022124756335282002,65,1
218,"(2,0)",,False,27,"[2, 4, 0, 17, 14]",4,0.077875243664717,62,127,3,0.02261208576998,65,1
219,"(2,0)",,False,27,"[2, 4, 0, 17, 14]",4,0.077875243664717,62,127,3,0.02261208576998,65,1
220,"(0,4)",,False,26,"[16, 13, 11, 0, 4]",4,0.079922027290448,64,129,3,0.030214424951267003,65,1
221,"(0,4)",,False,26,"[16, 13, 11, 0, 4]",4,0.079922027290448,64,129,3,0.030214424951267003,65,1
222,"(6,17)",,False,28,"[6, 3, 17, 9, 7]",4,0.084567901234567,66,131,3,0.033853151397011005,65,1
223,"(6,17)",,False,28,"[6, 3, 17, 9, 7]",4,0.084567901234567,66,131,3,0.033853151397011005,65,1
224,"(6,4)",,False,28,"[6, 0, 5, 4, 7]",4,0.08840155945419101,68,133,3,0.037719298245614,65,1
225,"(6,4)",,False,28,"[6, 0, 5, 4, 7]",4,0.08840155945419101,68,133,3,0.037719298245614,65,1
226,"(14,12)",,False,30,"[7, 9, 3, 14, 12]",5,0.145614035087719,70,135,3,0.018421052631578002,65,1
227,"(14,12)",,False,30,"[7, 9, 3, 14, 12]",5,0.145614035087719,70,135,3,0.018421052631578002,65,1
228,"(8,0)",,False,28,"[1, 6, 8, 0, 12]",4,0.102729044834307,72,137,2,0.008771929824561,65,1
229,"(8,0)",,False,28,"[1, 6, 8, 0, 12]",4,0.102729044834307,72,137,2,0.008771929824561,65,1
230,"(18,1)",,False,28,"[18, 13, 1, 5, 14]",4,0.1088693957115,74,139,3,0.08674463937621801,65,1
231,"(18,1)",,False,28,"[18, 13, 1, 5, 14]",4,0.1088693957115,74,139,3,0.08674463937621801,65,1
232,4:4,assassinate,True,28,"[0, 18, 5, 16, 4]",3,0.032910981156595,76,141,3,0.032228719948018,65,1
233,4:4,assassinate,True,28,"[0, 18, 5, 16, 4]",3,0.032910981156595,76,141,3,0.032228719948018,65,1
234,"(18,7)",,False,28,"[18, 14, 2, 5, 7]",3,0.035435811751601,76,142,3,0.042258423837371,66,1
235,"(18,7)",,False,28,"[18, 14, 2, 5, 7]",3,0.035435811751601,76,142,3,0.042258423837371,66,1
236,"(19,1)",,False,30,"[11, 19, 17, 1, 12]",3,0.033625730994152,76,143,4,0.12183235867446301,67,1
237,"(19,1)",,False,30,"[11, 19, 17, 1, 12]",3,0.033625730994152,76,143,4,0.12183235867446301,67,1
238,"(3,0)",,False,27,"[3, 6, 8, 0, 13]",2,0.028265107212475,74,143,3,0.10233918128654901,69,1
239,"(3,0)",,False,27,"[3, 6, 8, 0, 13]",2,0.028265107212475,74,143,3,0.10233918128654901,69,1
240,"(1,4)",,True,30,"[16, 14, 11, 1, 4]",4,0.16198830409356701,74,144,4,0.21345029239766003,70,1
241,"(1,4)",,True,30,"[16, 14, 11, 1, 4]",4,0.16198830409356701,74,144,4,0.21345029239766003,70,1
242,"(13,1)",,False,32,"[13, 4, 11, 1, 12]",5,0.19103313840155903,72,144,5,0.24600389863547703,72,1
243,"(13,1)",,False,32,"[13, 4, 11, 1, 12]",5,0.19103313840155903,72,144,5,0.24600389863547703,72,1
244,"(0,9)",,False,33,"[12, 15, 17, 0, 9]",6,0.15614035087719202,72,145,5,0.224074074074074,73,1
245,"(0,9)",,False,33,"[12, 15, 17, 0, 9]",6,0.15614035087719202,72,145,5,0.224074074074074,73,1
246,"(11,2)",,False,35,"[11, 2, 9, 3, 14]",6,0.12212475633528201,70,145,5,0.169103313840155,75,1
247,"(11,2)",,False,35,"[11, 2, 9, 3, 14]",6,0.12212475633528201,70,145,5,0.169103313840155,75,1
248,"(9,1)",,False,35,"[9, 1, 4, 13, 8]",6,0.137691450849345,68,145,5,0.237816764132553,77,1
249,"(9,1)",,False,35,"[9, 1, 4, 13, 8]",6,0.137691450849345,68,145,5,0.237816764132553,77,1
250,"(8,7)",,False,34,"[8, 11, 7, 14, 5]",6,0.14032302979671402,66,145,4,0.22222222222222202,79,1
251,"(8,7)",,False,34,"[8, 11, 7, 14, 5]",6,0.14032302979671402,66,145,4,0.22222222222222202,79,1
252,"(16,3)",,False,37,"[14, 16, 12, 3, 19]",6,0.10806182121971501,66,146,4,0.13401559454191,80,1
253,"(16,3)",,False,37,"[14, 16, 12, 3, 19]",6,0.10806182121971501,66,146,4,0.13401559454191,80,1
254,"(9,3)",,False,39,"[9, 3, 10, 19, 14]",7,0.151921470342522,68,148,4,0.064912280701754,80,1
255,"(9,3)",,False,39,"[9, 3, 10, 19, 14]",7,0.151921470342522,68,148,4,0.064912280701754,80,1
256,"(1,14)",,False,41,"[1, 14, 6, 12, 4]",8,0.197319688109161,70,150,5,0.10131578947368401,80,1
257,"(1,14)",,False,41,"[1, 14, 6, 12, 4]",8,0.197319688109161,70,150,5,0.10131578947368401,80,1
258,"(15,17)",,True,41,"[15, 6, 17, 14, 0]",8,0.228216374269005,72,152,5,0.112169312169312,80,1
259,"(15,17)",,True,41,"[15, 6, 17, 14, 0]",8,0.228216374269005,72,152,5,0.112169312169312,80,1
260,"(11,0)",,False,40,"[5, 2, 11, 12, 0]",7,0.18735728209412403,74,154,5,0.117362851573377,80,1
261,"(11,0)",,False,40,"[5, 2, 11, 12, 0]",7,0.18735728209412403,74,154,5,0.117362851573377,80,1
262,"(4,17)",,False,37,"[4, 8, 17, 7, 15]",7,0.21776663881927003,76,156,5,0.146115288220551,80,1
263,"(4,17)",,False,37,"[4, 8, 17, 7, 15]",7,0.21776663881927003,76,156,5,0.146115288220551,80,1
264,"(9,0)",,False,36,"[9, 16, 3, 17, 0]",6,0.19122807017543803,78,158,4,0.07677527151211301,80,1
265,"(9,0)",,False,36,"[9, 16, 3, 17, 0]",6,0.19122807017543803,78,158,4,0.07677527151211301,80,1
266,16:6,assassinate,True,35,"[2, 16, 6, 11, 18]",7,0.19001670843776103,80,160,4,0.065009746588693,80,1
267,16:6,assassinate,True,35,"[2, 16, 6, 11, 18]",7,0.19001670843776103,80,160,4,0.065009746588693,80,1
268,"(15,19)",,False,38,"[9, 0, 15, 19, 17]",9,0.28247006404901104,82,162,4,0.06278195488721801,80,1
269,"(15,19)",,False,38,"[9, 0, 15, 19, 17]",9,0.28247006404901104,82,162,4,0.06278195488721801,80,1
270,"(1,9)",,True,37,"[1, 2, 5, 12, 9]",9,0.30648844333054803,84,164,4,0.06278195488721801,80,1
271,"(1,9)",,True,37,"[1, 2, 5, 12, 9]",9,0.30648844333054803,84,164,4,0.06278195488721801,80,1
272,"(14,5)",,False,38,"[6, 14, 5, 8, 7]",10,0.342641325536062,86,166,4,0.078849902534113,80,1
273,"(14,5)",,False,38,"[6, 14, 5, 8, 7]",10,0.342641325536062,86,166,4,0.078849902534113,80,1
274,"(1,18)",,False,38,"[4, 1, 12, 18, 2]",10,0.34924812030075103,88,168,4,0.078877749930381,80,1
275,"(1,18)",,False,38,"[4, 1, 12, 18, 2]",10,0.34924812030075103,88,168,4,0.078877749930381,80,1
276,3:6,assassinate,True,35,"[12, 19, 16, 3, 18]",9,0.307797270955165,90,170,4,0.11208576998050601,80,1
277,3:6,assassinate,True,35,"[12, 19, 16, 3, 18]",9,0.307797270955165,90,170,4,0.11208576998050601,80,1
278,16:2,assassinate,True,35,"[17, 3, 8, 4, 16]",8,0.207407407407407,92,172,4,0.096491228070175,80,1
279,16:2,assassinate,True,35,"[17, 3, 8, 4, 16]",8,0.207407407407407,92,172,4,0.096491228070175,80,1
280,"(18,8)",,False,37,"[14, 19, 16, 18, 8]",8,0.19541910331384002,94,174,4,0.10233918128654901,80,1
281,"(18,8)",,False,37,"[14, 19, 16, 18, 8]",8,0.19541910331384002,94,174,4,0.10233918128654901,80,1
282,"(0,8)",,True,34,"[18, 0, 14, 8, 2]",7,0.19346978557504801,96,176,4,0.10818713450292301,80,1
283,"(0,8)",,True,34,"[18, 0, 14, 8, 2]",7,0.19346978557504801,96,176,4,0.10818713450292301,80,1
284,"(17,0)",,False,35,"[18, 19, 17, 13, 0]",8,0.246491228070175,98,178,4,0.12563352826510701,80,1
285,"(17,0)",,False,35,"[18, 19, 17, 13, 0]",8,0.246491228070175,98,178,4,0.12563352826510701,80,1
286,"(9,3)",,False,35,"[9, 12, 3, 5, 17]",8,0.33519910888331905,100,180,4,0.22017543859649102,80,1
287,"(9,3)",,False,35,"[9, 12, 3, 5, 17]",8,0.33519910888331905,100,180,4,0.22017543859649102,80,1
288,"(16,2)",,False,38,"[7, 3, 16, 2, 13]",8,0.29177805625174,102,182,4,0.058994708994708,80,1
289,"(16,2)",,False,38,"[7, 3, 16, 2, 13]",8,0.29177805625174,102,182,4,0.058994708994708,80,1
290,"(4,7)",,False,38,"[4, 7, 19, 11, 12]",8,0.304984683932052,104,184,4,0.069576719576719,80,1
291,"(4,7)",,False,38,"[4, 7, 19, 11, 12]",8,0.304984683932052,104,184,4,0.069576719576719,80,1
292,"(5,18)",,False,41,"[4, 19, 5, 18, 12]",8,0.25555555555555504,106,186,4,0.039083820662768005,80,1
293,"(5,18)",,False,41,"[4, 19, 5, 18, 12]",8,0.25555555555555504,106,186,4,0.039083820662768005,80,1
294,"(11,19)",,False,41,"[11, 8, 19, 12, 3]",8,0.255750487329434,108,188,4,0.021345029239766,80,1
295,"(11,19)",,False,41,"[11, 8, 19, 12, 3]",8,0.255750487329434,108,188,4,0.021345029239766,80,1
296,"(2,1)",,False,40,"[2, 1, 6, 19, 15]",8,0.274714564188248,110,190,5,0.0447925368978,80,1
297,"(2,1)",,False,40,"[2, 1, 6, 19, 15]",8,0.274714564188248,110,190,5,0.0447925368978,80,1
298,"(2,14)",,False,41,"[3, 2, 13, 14, 5]",8,0.24113060428849903,112,192,5,0.058576998050682005,80,1
299,"(2,14)",,False,41,"[3, 2, 13, 14, 5]",8,0.24113060428849903,112,192,5,0.058576998050682005,80,1
300,"(8,1)",,False,40,"[17, 0, 8, 2, 1]",8,0.29171539961013604,114,194,6,0.11315789473684201,80,1
301,"(8,1)",,False,40,"[17, 0, 8, 2, 1]",8,0.29171539961013604,114,194,6,0.11315789473684201,80,1
302,"(6,0)",,False,39,"[11, 9, 16, 6, 0]",7,0.267251461988304,116,196,6,0.13050682261208502,80,1
303,"(6,0)",,False,39,"[11, 9, 16, 6, 0]",7,0.267251461988304,116,196,6,0.13050682261208502,80,1
304,"(2,7)",,True,41,"[12, 0, 2, 17, 7]",8,0.278167641325536,118,198,6,0.11617933723196801,80,1
305,"(2,7)",,True,41,"[12, 0, 2, 17, 7]",8,0.278167641325536,118,198,6,0.11617933723196801,80,1
306,"(15,2)",,False,42,"[14, 15, 6, 7, 2]",8,0.27027290448343,120,200,6,0.09483430799220201,80,1
307,"(15,2)",,False,42,"[14, 15, 6, 7, 2]",8,0.27027290448343,120,200,6,0.09483430799220201,80,1
308,"(19,0)",,False,40,"[16, 3, 18, 19, 0]",7,0.223879142300194,122,202,6,0.10692007797270901,80,1
309,"(19,0)",,False,40,"[16, 3, 18, 19, 0]",7,0.223879142300194,122,202,6,0.10692007797270901,80,1
310,"(1,3)",,False,41,"[1, 17, 6, 8, 3]",8,0.327777777777777,124,204,7,0.125536062378167,80,1
311,"(1,3)",,False,41,"[1, 17, 6, 8, 3]",8,0.327777777777777,124,204,7,0.125536062378167,80,1
312,"(10,1)",,False,44,"[7, 17, 10, 14, 1]",8,0.26358024691358,126,206,8,0.14738930659983202,80,1
313,"(10,1)",,False,44,"[7, 17, 10, 14, 1]",8,0.26358024691358,126,206,8,0.14738930659983202,80,1
314,"(2,5)",,False,45,"[6, 2, 17, 5, 19]",9,0.24208901884340403,128,208,8,0.159161793372319,80,1
315,"(2,5)",,False,45,"[6, 2, 17, 5, 19]",9,0.24208901884340403,128,208,8,0.159161793372319,80,1
316,12:8,assassinate,True,42,"[9, 11, 12, 2, 4]",9,0.234071289334447,130,210,8,0.14401977165135002,80,1
317,12:8,assassinate,True,42,"[9, 11, 12, 2, 4]",9,0.234071289334447,130,210,8,0.14401977165135002,80,1
318,"(15,0)",,False,43,"[15, 16, 3, 6, 0]",10,0.246741854636591,132,212,8,0.127694235588972,80,1
319,"(15,0)",,False,43,"[15, 16, 3, 6, 0]",10,0.246741854636591,132,212,8,0.127694235588972,80,1
320,"(0,9)",,False,41,"[0, 4, 16, 9, 12]",9,0.252085341559025,134,214,8,0.14308706238530702,80,1
321,"(0,9)",,False,41,"[0, 4, 16, 9, 12]",9,0.252085341559025,134,214,8,0.14308706238530702,80,1
322,"(17,5)",,False,42,"[0, 7, 17, 5, 12]",9,0.266895580053474,136,216,8,0.13189782926625002,80,1
323,"(17,5)",,False,42,"[0, 7, 17, 5, 12]",9,0.266895580053474,136,216,8,0.13189782926625002,80,1
324,"(15,1)",,False,43,"[15, 14, 1, 4, 10]",9,0.291836720784089,138,218,9,0.159618224530505,80,1
325,"(15,1)",,False,43,"[15, 14, 1, 4, 10]",9,0.291836720784089,138,218,9,0.159618224530505,80,1
326,"(11,1)",,False,45,"[11, 6, 1, 12, 16]",10,0.26676413255360604,140,220,10,0.18274853801169502,80,1
327,"(11,1)",,False,45,"[11, 6, 1, 12, 16]",10,0.26676413255360604,140,220,10,0.18274853801169502,80,1
328,"(9,18)",,False,43,"[14, 9, 10, 18, 16]",10,0.287361923326835,142,222,9,0.16221572449642602,80,1
329,"(9,18)",,False,43,"[14, 9, 10, 18, 16]",10,0.287361923326835,142,222,9,0.16221572449642602,80,1
330,"(0,4)",,False,42,"[0, 14, 18, 4, 3]",9,0.301494476933073,144,224,9,0.159194282001299,80,1
331,"(0,4)",,False,42,"[0, 14, 18, 4, 3]",9,0.301494476933073,144,224,9,0.159194282001299,80,1
332,"(5,2)",,False,44,"[5, 16, 17, 8, 2]",9,0.27105263157894705,146,226,9,0.16481481481481403,80,1
333,"(5,2)",,False,44,"[5, 16, 17, 8, 2]",9,0.27105263157894705,146,226,9,0.16481481481481403,80,1
334,"(6,13)",,False,43,"[6, 2, 13, 17, 8]",9,0.246881091617933,148,228,7,0.114782326185834,80,1
335,"(6,13)",,False,43,"[6, 2, 13, 17, 8]",9,0.246881091617933,148,228,7,0.114782326185834,80,1
336,"(12,1)",,False,42,"[4, 18, 0, 12, 1]",9,0.317460317460317,150,230,8,0.16691729323308202,80,1
337,"(12,1)",,False,42,"[4, 18, 0, 12, 1]",9,0.317460317460317,150,230,8,0.16691729323308202,80,1
338,19:4,assassinate,True,38,"[3, 10, 19, 8, 17]",8,0.289195210247841,152,232,6,0.068964076858813,80,1
339,19:4,assassinate,True,38,"[3, 10, 19, 8, 17]",8,0.289195210247841,152,232,6,0.068964076858813,80,1
340,"(13,17)",,False,38,"[15, 13, 17, 2, 6]",8,0.293483709273182,154,234,6,0.06594263436368601,80,1
341,"(13,17)",,False,38,"[15, 13, 17, 2, 6]",8,0.293483709273182,154,234,6,0.06594263436368601,80,1
342,17:10,assassinate,True,33,"[2, 9, 3, 15, 17]",7,0.342495126705653,156,236,6,0.072807017543859,80,1
343,17:10,assassinate,True,33,"[2, 9, 3, 15, 17]",7,0.342495126705653,156,236,6,0.072807017543859,80,1
344,"(19,1)",,False,36,"[16, 9, 8, 19, 1]",7,0.290350877192982,158,238,7,0.17953216374269002,80,1
345,"(19,1)",,False,36,"[16, 9, 8, 19, 1]",7,0.290350877192982,158,238,7,0.17953216374269002,80,1
346,"(11,0)",,True,33,"[7, 11, 0, 17, 8]",6,0.26429963798384803,160,240,7,0.204135338345864,80,1
347,"(11,0)",,True,33,"[7, 11, 0, 17, 8]",6,0.26429963798384803,160,240,7,0.204135338345864,80,1
348,"(4,12)",,False,34,"[0, 16, 19, 4, 12]",6,0.16367307156780803,162,242,6,0.159092174881648,80,1
349,"(4,12)",,False,34,"[0, 16, 19, 4, 12]",6,0.16367307156780803,162,242,6,0.159092174881648,80,1
350,"(1,11)",,False,36,"[0, 1, 16, 8, 11]",6,0.17140768588137,162,243,7,0.253578390420495,81,1
351,"(1,11)",,False,36,"[0, 1, 16, 8, 11]",6,0.17140768588137,162,243,7,0.253578390420495,81,1
352,"(1,12)",,False,36,"[19, 1, 3, 16, 12]",6,0.18451684767474202,160,243,8,0.26712614870509604,83,1
353,"(1,12)",,False,36,"[19, 1, 3, 16, 12]",6,0.18451684767474202,160,243,8,0.26712614870509604,83,1
354,"(18,5)",,False,39,"[4, 16, 9, 18, 5]",8,0.20966304650515102,162,245,8,0.17280701754385902,83,1
355,"(18,5)",,False,39,"[4, 16, 9, 18, 5]",8,0.20966304650515102,162,245,8,0.17280701754385902,83,1
356,"(0,16)",,True,39,"[0, 8, 16, 6, 3]",7,0.163181100900399,162,246,8,0.17528079457904,84,1
357,"(0,16)",,True,39,"[0, 8, 16, 6, 3]",7,0.163181100900399,162,246,8,0.17528079457904,84,1
358,"(19,0)",,False,37,"[19, 8, 9, 0, 7]",6,0.132591579960001,162,247,7,0.20018480544796302,85,1
359,"(19,0)",,False,37,"[19, 8, 9, 0, 7]",6,0.132591579960001,162,247,7,0.20018480544796302,85,1
360,"(17,12)",,False,40,"[0, 2, 17, 12, 8]",6,0.137677527151211,160,247,7,0.15513784461152802,87,1
361,"(17,12)",,False,40,"[0, 2, 17, 12, 8]",6,0.137677527151211,160,247,7,0.15513784461152802,87,1
362,"(3,0)",,True,40,"[16, 3, 13, 9, 0]",6,0.137677527151211,160,248,7,0.15513784461152802,88,1
363,"(3,0)",,True,40,"[16, 3, 13, 9, 0]",6,0.137677527151211,160,248,7,0.15513784461152802,88,1
364,"(16,1)",,False,39,"[19, 7, 16, 10, 1]",6,0.207811194653299,162,250,6,0.08318017265385601,88,1
365,"(16,1)",,False,39,"[19, 7, 16, 10, 1]",6,0.207811194653299,162,250,6,0.08318017265385601,88,1
366,"(10,11)",,False,38,"[9, 10, 17, 14, 11]",6,0.161236424394319,164,252,5,0.049122807017543006,88,1
367,"(10,11)",,False,38,"[9, 10, 17, 14, 11]",6,0.161236424394319,164,252,5,0.049122807017543006,88,1
368,13:4,assassinate,True,37,"[15, 8, 13, 0, 9]",6,0.14837092731829502,166,254,5,0.034725703146755,88,1
369,13:4,assassinate,True,37,"[15, 8, 13, 0, 9]",6,0.14837092731829502,166,254,5,0.034725703146755,88,1
370,"(0,11)",,False,35,"[19, 13, 15, 0, 11]",5,0.127443609022556,168,256,5,0.046124570685974,88,1
371,"(0,11)",,False,35,"[19, 13, 15, 0, 11]",5,0.127443609022556,168,256,5,0.046124570685974,88,1
372,"(5,0)",,False,35,"[5, 7, 0, 11, 18]",5,0.18504594820384201,170,258,5,0.062238930659983004,88,1
373,"(5,0)",,False,35,"[5, 7, 0, 11, 18]",5,0.18504594820384201,170,258,5,0.062238930659983004,88,1
374,"(0,6)",,False,33,"[11, 9, 0, 16, 6]",4,0.130465051517683,172,260,4,0.051517683096630004,88,1
375,"(0,6)",,False,33,"[11, 9, 0, 16, 6]",4,0.130465051517683,172,260,4,0.051517683096630004,88,1
376,"(11,9)",,False,34,"[11, 9, 14, 7, 6]",4,0.208298524087997,174,262,4,0.027011974380395,88,1
377,"(11,9)",,False,34,"[11, 9, 14, 7, 6]",4,0.208298524087997,174,262,4,0.027011974380395,88,1
378,"(17,9)",,False,37,"[17, 16, 13, 9, 5]",4,0.085282651072124,176,264,4,0.017056530214424,88,1
379,"(17,9)",,False,37,"[17, 16, 13, 9, 5]",4,0.085282651072124,176,264,4,0.017056530214424,88,1
380,13:4,assassinate,True,36,"[18, 5, 8, 13, 17]",3,0.005360623781676,176,265,4,0.008284600389863,89,1
381,13:4,assassinate,True,36,"[18, 5, 8, 13, 17]",3,0.005360623781676,176,265,4,0.008284600389863,89,1
382,"(4,8)",,False,36,"[16, 17, 4, 8, 13]",4,0.032456140350877,178,267,4,0.009941520467836001,89,1
383,"(4,8)",,False,36,"[16, 17, 4, 8, 13]",4,0.032456140350877,178,267,4,0.009941520467836001,89,1
384,"(12,9)",,False,36,"[11, 19, 12, 9, 7]",4,0.033820662768031,180,269,4,0.010916179337231002,89,1
385,"(12,9)",,False,36,"[11, 19, 12, 9, 7]",4,0.033820662768031,180,269,4,0.010916179337231002,89,1
386,"(5,1)",,False,38,"[5, 1, 16, 18, 7]",4,0.044736842105263006,180,270,5,0.05873015873015801,90,1
387,"(5,1)",,False,38,"[5, 1, 16, 18, 7]",4,0.044736842105263006,180,270,5,0.05873015873015801,90,1
388,18:12,assassinate,True,33,"[6, 18, 9, 14, 10]",3,0.026705653021442004,178,270,4,0.05409356725146101,92,1
389,18:12,assassinate,True,33,"[6, 18, 9, 14, 10]",3,0.026705653021442004,178,270,4,0.05409356725146101,92,1
390,"(12,3)",,False,34,"[12, 8, 4, 3, 17]",3,0.018908382066276,180,272,3,0.003898635477582,92,1
391,"(12,3)",,False,34,"[12, 8, 4, 3, 17]",3,0.018908382066276,180,272,3,0.003898635477582,92,1
392,14:4,assassinate,True,34,"[16, 0, 6, 14, 7]",4,0.052534113060428,182,274,3,0.0034113060428840004,92,1
393,14:4,assassinate,True,34,"[16, 0, 6, 14, 7]",4,0.052534113060428,182,274,3,0.0034113060428840004,92,1
394,"(18,0)",,False,35,"[2, 18, 0, 19, 17]",5,0.07972709551656901,184,276,3,0.0034113060428840004,92,1
395,"(18,0)",,False,35,"[2, 18, 0, 19, 17]",5,0.07972709551656901,184,276,3,0.0034113060428840004,92,1
396,"(0,8)",,False,32,"[7, 2, 0, 8, 4]",4,0.038109161793372,186,278,3,0.001949317738791,92,1
397,"(0,8)",,False,32,"[7, 2, 0, 8, 4]",4,0.038109161793372,186,278,3,0.001949317738791,92,1
398,"(5,2)",,False,30,"[8, 5, 6, 2, 7]",4,0.036939571150097,188,280,3,0.001949317738791,92,1
399,"(5,2)",,False,30,"[8, 5, 6, 2, 7]",4,0.036939571150097,188,280,3,0.001949317738791,92,1
400,"(13,9)",,True,32,"[17, 13, 9, 14, 7]",5,0.121665274296853,190,282,3,0.001949317738791,92,1
401,"(13,9)",,True,32,"[17, 13, 9, 14, 7]",5,0.121665274296853,190,282,3,0.001949317738791,92,1
402,5:6,assassinate,True,29,"[7, 12, 13, 5, 1]",5,0.103703703703703,192,284,3,0.001949317738791,92,1
403,5:6,assassinate,True,29,"[7, 12, 13, 5, 1]",5,0.103703703703703,192,284,3,0.001949317738791,92,1
404,"(8,6)",,False,32,"[11, 8, 16, 6, 14]",5,0.08976608187134501,194,286,3,0.001949317738791,92,1
405,"(8,6)",,False,32,"[11, 8, 16, 6, 14]",5,0.08976608187134501,194,286,3,0.001949317738791,92,1
406,"(14,1)",,False,35,"[14, 17, 1, 16, 12]",7,0.21637426900584703,196,288,4,0.101364522417153,92,1
407,"(14,1)",,False,35,"[14, 17, 1, 16, 12]",7,0.21637426900584703,196,288,4,0.101364522417153,92,1
408,"(1,15)",,False,38,"[10, 2, 1, 4, 15]",7,0.207456140350877,198,290,5,0.036918685602896004,92,1
409,"(1,15)",,False,38,"[10, 2, 1, 4, 15]",7,0.207456140350877,198,290,5,0.036918685602896004,92,1
410,"(4,5)",,False,40,"[17, 4, 9, 16, 5]",8,0.17648287385129402,200,292,5,0.031432748538011,92,1
411,"(4,5)",,False,40,"[17, 4, 9, 16, 5]",8,0.17648287385129402,200,292,5,0.031432748538011,92,1
412,17:6,assassinate,True,36,"[3, 9, 17, 13, 2]",7,0.13752436647173402,202,294,5,0.035331384015594006,92,1
413,17:6,assassinate,True,36,"[3, 9, 17, 13, 2]",7,0.13752436647173402,202,294,5,0.035331384015594006,92,1
414,3:6,assassinate,True,33,"[2, 6, 3, 10, 18]",6,0.115780191218787,204,296,5,0.038503666573842,92,1
415,3:6,assassinate,True,33,"[2, 6, 3, 10, 18]",6,0.115780191218787,204,296,5,0.038503666573842,92,1
416,"(18,14)",,False,34,"[9, 18, 16, 5, 14]",6,0.12670565302144202,206,298,5,0.072319688109161,92,1
417,"(18,14)",,False,34,"[9, 18, 16, 5, 14]",6,0.12670565302144202,206,298,5,0.072319688109161,92,1
418,"(8,0)",,False,33,"[8, 6, 0, 5, 13]",5,0.095029239766081,208,300,4,0.070077972709551,92,1
419,"(8,0)",,False,33,"[8, 6, 0, 5, 13]",5,0.095029239766081,208,300,4,0.070077972709551,92,1
420,"(3,10)",,False,32,"[16, 3, 15, 5, 10]",5,0.121539961013645,210,302,3,0.006042884990253,92,1
421,"(3,10)",,False,32,"[16, 3, 15, 5, 10]",5,0.121539961013645,210,302,3,0.006042884990253,92,1
422,"(6,4)",,False,34,"[12, 6, 7, 3, 4]",6,0.131481481481481,212,304,3,0.005263157894736001,92,1
423,"(6,4)",,False,34,"[12, 6, 7, 3, 4]",6,0.131481481481481,212,304,3,0.005263157894736001,92,1
424,"(1,18)",,False,35,"[1, 18, 5, 16, 2]",6,0.190253411306042,214,306,4,0.07251461988304,92,1
425,"(1,18)",,False,35,"[1, 18, 5, 16, 2]",6,0.190253411306042,214,306,4,0.07251461988304,92,1
426,"(12,14)",,False,38,"[11, 12, 7, 2, 14]",8,0.33061821219715903,216,308,4,0.040991367307156,92,1
427,"(12,14)",,False,38,"[11, 12, 7, 2, 14]",8,0.33061821219715903,216,308,4,0.040991367307156,92,1
428,8:2,assassinate,True,36,"[13, 0, 18, 6, 8]",8,0.281592871066555,218,310,4,0.038067390698969,92,1
429,8:2,assassinate,True,36,"[13, 0, 18, 6, 8]",8,0.281592871066555,218,310,4,0.038067390698969,92,1
430,"(9,10)",,False,36,"[9, 2, 6, 10, 16]",8,0.274074074074074,220,312,4,0.036744639376218004,92,1
431,"(9,10)",,False,36,"[9, 2, 6, 10, 16]",8,0.274074074074074,220,312,4,0.036744639376218004,92,1
432,"(13,1)",,False,39,"[13, 16, 6, 11, 1]",8,0.25916179337231904,222,314,5,0.048927875243664,92,1
433,"(13,1)",,False,39,"[13, 16, 6, 11, 1]",8,0.25916179337231904,222,314,5,0.048927875243664,92,1
434,"(1,16)",,False,42,"[18, 1, 2, 9, 16]",10,0.31228070175438505,224,316,6,0.08671679197994901,92,1
435,"(1,16)",,False,42,"[18, 1, 2, 9, 16]",10,0.31228070175438505,224,316,6,0.08671679197994901,92,1
436,"(19,7)",,False,42,"[2, 19, 17, 7, 13]",10,0.275779727095516,226,318,5,0.069228627123363,92,1
437,"(19,7)",,False,42,"[2, 19, 17, 7, 13]",10,0.275779727095516,226,318,5,0.069228627123363,92,1
438,"(7,11)",,False,42,"[7, 12, 11, 14, 16]",10,0.274303815093288,228,320,4,0.042007797270955,92,1
439,"(7,11)",,False,42,"[7, 12, 11, 14, 16]",10,0.274303815093288,228,320,4,0.042007797270955,92,1
440,"(17,18)",,False,44,"[17, 5, 3, 18, 15]",10,0.283841548315232,230,322,4,0.049317738791423,92,1
441,"(17,18)",,False,44,"[17, 5, 3, 18, 15]",10,0.283841548315232,230,322,4,0.049317738791423,92,1
442,"(3,4)",,False,44,"[15, 3, 4, 10, 9]",10,0.260732850645131,232,324,4,0.059370648844333004,92,1
443,"(3,4)",,False,44,"[15, 3, 4, 10, 9]",10,0.260732850645131,232,324,4,0.059370648844333004,92,1
444,"(5,15)",,False,44,"[5, 15, 8, 2, 6]",10,0.25006729787431503,234,326,3,0.030766731643924003,92,1
445,"(5,15)",,False,44,"[5, 15, 8, 2, 6]",10,0.25006729787431503,234,326,3,0.030766731643924003,92,1
446,"(1,8)",,False,44,"[1, 2, 8, 0, 4]",10,0.253917200408428,236,328,3,0.038758934372969005,92,1
447,"(1,8)",,False,44,"[1, 2, 8, 0, 4]",10,0.253917200408428,236,328,3,0.038758934372969005,92,1
448,"(3,5)",,False,46,"[3, 19, 5, 13, 7]",11,0.273215446022463,238,330,3,0.030311890838206002,92,1
449,"(3,5)",,False,46,"[3, 19, 5, 13, 7]",11,0.273215446022463,238,330,3,0.030311890838206002,92,1
450,19:6,assassinate,True,42,"[19, 13, 7, 0, 8]",10,0.23013784461152803,240,332,3,0.028376496797549004,92,1
451,19:6,assassinate,True,42,"[19, 13, 7, 0, 8]",10,0.23013784461152803,240,332,3,0.028376496797549004,92,1
452,"(6,0)",,False,39,"[6, 11, 0, 10, 5]",9,0.23272069061542702,242,334,3,0.028028404344193004,92,1
453,"(6,0)",,False,39,"[6, 11, 0, 10, 5]",9,0.23272069061542702,242,334,3,0.028028404344193004,92,1
454,18:6,assassinate,True,36,"[16, 15, 13, 18, 2]",9,0.224143692564745,244,336,3,0.026566416040100002,92,1
455,18:6,assassinate,True,36,"[16, 15, 13, 18, 2]",9,0.224143692564745,244,336,3,0.026566416040100002,92,1
456,"(17,9)",,False,38,"[8, 17, 9, 12, 11]",9,0.18262322472848702,246,338,3,0.024617098301308003,92,1
457,"(17,9)",,False,38,"[8, 17, 9, 12, 11]",9,0.18262322472848702,246,338,3,0.024617098301308003,92,1
458,"(1,7)",,True,39,"[1, 7, 11, 14, 8]",9,0.20477582846003803,248,340,4,0.06091617933723101,92,1
459,"(1,7)",,True,39,"[1, 7, 11, 14, 8]",9,0.20477582846003803,248,340,4,0.06091617933723101,92,1
460,3:10,assassinate,True,35,"[19, 12, 18, 4, 3]",9,0.21766917293233,250,342,4,0.10984405458089601,92,1
461,3:10,assassinate,True,35,"[19, 12, 18, 4, 3]",9,0.21766917293233,250,342,4,0.10984405458089601,92,1
462,"(2,18)",,False,35,"[2, 19, 3, 13, 18]",10,0.269326093010303,252,344,4,0.10984405458089601,92,1
463,"(2,18)",,False,35,"[2, 19, 3, 13, 18]",10,0.269326093010303,252,344,4,0.10984405458089601,92,1
464,"(0,18)",,False,36,"[11, 9, 0, 18, 6]",11,0.327436647173489,254,346,4,0.031384015594541,92,1
465,"(0,18)",,False,36,"[11, 9, 0, 18, 6]",11,0.327436647173489,254,346,4,0.031384015594541,92,1
466,"(0,19)",,False,35,"[0, 19, 1, 2, 6]",10,0.299651907546644,256,348,3,0.018866610971874,92,1
467,"(0,19)",,False,35,"[0, 19, 1, 2, 6]",10,0.299651907546644,256,348,3,0.018866610971874,92,1
468,"(16,7)",,False,36,"[3, 4, 17, 16, 7]",10,0.267780562517404,258,350,3,0.018866610971874,92,1
469,"(16,7)",,False,36,"[3, 4, 17, 16, 7]",10,0.267780562517404,258,350,3,0.018866610971874,92,1
470,"(14,8)",,False,39,"[18, 14, 15, 4, 8]",10,0.29200779727095505,260,352,3,0.017543859649122,92,1
471,"(14,8)",,False,39,"[18, 14, 15, 4, 8]",10,0.29200779727095505,260,352,3,0.017543859649122,92,1
472,"(14,16)",,False,38,"[19, 5, 6, 14, 16]",10,0.321637426900584,262,354,3,0.017543859649122,92,1
473,"(14,16)",,False,38,"[19, 5, 6, 14, 16]",10,0.321637426900584,262,354,3,0.017543859649122,92,1
474,"(4,0)",,False,35,"[1, 4, 8, 0, 3]",9,0.31604938271604904,264,356,3,0.063840155945419,92,1
475,"(4,0)",,False,35,"[1, 4, 8, 0, 3]",9,0.31604938271604904,264,356,3,0.063840155945419,92,1
476,2:2,assassinate,True,36,"[12, 19, 5, 2, 16]",8,0.20347628330084402,266,358,3,0.010233918128654,92,1
477,2:2,assassinate,True,36,"[12, 19, 5, 2, 16]",8,0.20347628330084402,266,358,3,0.010233918128654,92,1
478,"(0,16)",,False,36,"[0, 3, 15, 16, 13]",8,0.26622807017543804,268,360,3,0.010233918128654,92,1
479,"(0,16)",,False,36,"[0, 3, 15, 16, 13]",8,0.26622807017543804,268,360,3,0.010233918128654,92,1
480,"(14,17)",,False,35,"[12, 14, 17, 10, 4]",8,0.28415483152325205,270,362,3,0.010233918128654,92,1
481,"(14,17)",,False,35,"[12, 14, 17, 10, 4]",8,0.28415483152325205,270,362,3,0.010233918128654,92,1
482,"(13,1)",,True,36,"[14, 0, 13, 9, 1]",8,0.29083820662768,272,364,4,0.045321637426900006,92,1
483,"(13,1)",,True,36,"[14, 0, 13, 9, 1]",8,0.29083820662768,272,364,4,0.045321637426900006,92,1
484,17:4,assassinate,True,33,"[17, 0, 9, 19, 6]",7,0.24600389863547703,274,366,4,0.045321637426900006,92,1
485,17:4,assassinate,True,33,"[17, 0, 9, 19, 6]",7,0.24600389863547703,274,366,4,0.045321637426900006,92,1
486,"(8,6)",,False,35,"[16, 14, 17, 8, 6]",7,0.24093567251461903,276,368,4,0.042884990253411005,92,1
487,"(8,6)",,False,35,"[16, 14, 17, 8, 6]",7,0.24093567251461903,276,368,4,0.042884990253411005,92,1
488,"(19,7)",,False,37,"[19, 11, 18, 7, 10]",7,0.22993595098858202,278,370,4,0.046783625730994004,92,1
489,"(19,7)",,False,37,"[19, 11, 18, 7, 10]",7,0.22993595098858202,278,370,4,0.046783625730994004,92,1
490,17:2,assassinate,True,38,"[7, 5, 16, 17, 4]",8,0.265608465608465,280,372,4,0.043859649122807,92,1
491,17:2,assassinate,True,38,"[7, 5, 16, 17, 4]",8,0.265608465608465,280,372,4,0.043859649122807,92,1
492,"(1,3)",,False,41,"[14, 1, 6, 3, 11]",10,0.31637426900584703,282,374,5,0.052436647173489004,92,1
493,"(1,3)",,False,41,"[14, 1, 6, 3, 11]",10,0.31637426900584703,282,374,5,0.052436647173489004,92,1
494,"(14,15)",,False,41,"[19, 14, 15, 11, 16]",10,0.312183235867446,284,376,5,0.048343079922027,92,1
495,"(14,15)",,False,41,"[19, 14, 15, 11, 16]",10,0.312183235867446,284,376,5,0.048343079922027,92,1
496,"(7,10)",,False,42,"[14, 12, 7, 4, 10]",11,0.35186577554998605,286,378,5,0.041130604288499004,92,1
497,"(7,10)",,False,42,"[14, 12, 7, 4, 10]",11,0.35186577554998605,286,378,5,0.041130604288499004,92,1
498,"(19,10)",,False,43,"[14, 19, 17, 18, 10]",12,0.371184906711222,288,380,5,0.036758563074352005,92,1
499,"(19,10)",,False,43,"[14, 19, 17, 18, 10]",12,0.371184906711222,288,380,5,0.036758563074352005,92,1
500,"(0,5)",,False,43,"[0, 11, 17, 6, 5]",11,0.365336953494848,290,382,5,0.036758563074352005,92,1
501,"(0,5)",,False,43,"[0, 11, 17, 6, 5]",11,0.365336953494848,290,382,5,0.036758563074352005,92,1
502,"(3,2)",,False,45,"[3, 6, 15, 2, 18]",11,0.308110554163185,292,384,5,0.036598440545808006,92,1
503,"(3,2)",,False,45,"[3, 6, 15, 2, 18]",11,0.308110554163185,292,384,5,0.036598440545808006,92,1
504,"(14,2)",,False,45,"[14, 3, 11, 13, 2]",11,0.278815093288777,294,386,4,0.016047062099693,92,1
505,"(14,2)",,False,45,"[14, 3, 11, 13, 2]",11,0.278815093288777,294,386,4,0.016047062099693,92,1
506,"(8,0)",,False,42,"[8, 0, 11, 13, 9]",10,0.25362712336396503,296,388,3,0.011890838206627001,92,1
507,"(8,0)",,False,42,"[8, 0, 11, 13, 9]",10,0.25362712336396503,296,388,3,0.011890838206627001,92,1
508,"(5,14)",,False,44,"[5, 7, 11, 9, 14]",10,0.26526733500417704,298,390,3,0.011890838206627001,92,1
509,"(5,14)",,False,44,"[5, 7, 11, 9, 14]",10,0.26526733500417704,298,390,3,0.011890838206627001,92,1
510,"(14,6)",,False,45,"[7, 4, 12, 14, 6]",10,0.249916457811194,300,392,3,0.011890838206627001,92,1
511,"(14,6)",,False,45,"[7, 4, 12, 14, 6]",10,0.249916457811194,300,392,3,0.011890838206627001,92,1
512,11:8,assassinate,True,43,"[19, 9, 10, 3, 11]",11,0.265900863269284,302,394,3,0.007797270955165,92,1
513,11:8,assassinate,True,43,"[19, 9, 10, 3, 11]",11,0.265900863269284,302,394,3,0.007797270955165,92,1
514,2:8,assassinate,True,40,"[7, 16, 3, 2, 14]",10,0.229197994987468,304,396,3,0.007797270955165,92,1
515,2:8,assassinate,True,40,"[7, 16, 3, 2, 14]",10,0.229197994987468,304,396,3,0.007797270955165,92,1
516,"(11,16)",,False,39,"[18, 11, 12, 5, 16]",10,0.21449456975772702,306,398,3,0.007797270955165,92,1
517,"(11,16)",,False,39,"[18, 11, 12, 5, 16]",10,0.21449456975772702,306,398,3,0.007797270955165,92,1
518,"(1,16)",,False,41,"[3, 1, 19, 16, 4]",11,0.24621971595655803,308,400,4,0.013749651907546002,92,1
519,"(1,16)",,False,41,"[3, 1, 19, 16, 4]",11,0.24621971595655803,308,400,4,0.013749651907546002,92,1
520,"(12,16)",,False,41,"[6, 7, 12, 4, 16]",11,0.267174881648565,310,402,4,0.013749651907546002,92,1
521,"(12,16)",,False,41,"[6, 7, 12, 4, 16]",11,0.267174881648565,310,402,4,0.013749651907546002,92,1
522,"(14,0)",,False,41,"[14, 9, 0, 7, 16]",10,0.288025619604566,312,404,4,0.013993316624895,92,1
523,"(14,0)",,False,41,"[14, 9, 0, 7, 16]",10,0.288025619604566,312,404,4,0.013993316624895,92,1
524,"(1,13)",,False,41,"[1, 4, 14, 13, 3]",10,0.297270955165692,314,406,5,0.044736842105263006,92,1
525,"(1,13)",,False,41,"[1, 4, 14, 13, 3]",10,0.297270955165692,314,406,5,0.044736842105263006,92,1
526,"(3,14)",,False,41,"[13, 3, 19, 14, 11]",10,0.297270955165692,316,408,5,0.044736842105263006,92,1
527,"(3,14)",,False,41,"[13, 3, 19, 14, 11]",10,0.297270955165692,316,408,5,0.044736842105263006,92,1
528,"(15,1)",,False,43,"[15, 5, 14, 1, 0]",11,0.32253318481388604,318,410,6,0.072236145920356,92,1
529,"(15,1)",,False,43,"[15, 5, 14, 1, 0]",11,0.32253318481388604,318,410,6,0.072236145920356,92,1
530,"(16,5)",,False,42,"[3, 18, 16, 6, 5]",11,0.33732943469785504,320,412,6,0.07709551656920001,92,1
531,"(16,5)",,False,42,"[3, 18, 16, 6, 5]",11,0.33732943469785504,320,412,6,0.07709551656920001,92,1
532,"(15,14)",,False,42,"[15, 3, 18, 12, 14]",11,0.328348649401281,322,414,5,0.049317738791423,92,1
533,"(15,14)",,False,42,"[15, 3, 18, 12, 14]",11,0.328348649401281,322,414,5,0.049317738791423,92,1
534,"(13,17)",,False,40,"[13, 18, 12, 19, 17]",11,0.30885547201336605,324,416,5,0.032553606237816,92,1
535,"(13,17)",,False,40,"[13, 18, 12, 19, 17]",11,0.30885547201336605,324,416,5,0.032553606237816,92,1
536,9:10,assassinate,True,37,"[10, 9, 4, 16, 19]",10,0.269005847953216,326,418,5,0.024756335282651,92,1
537,9:10,assassinate,True,37,"[10, 9, 4, 16, 19]",10,0.269005847953216,326,418,5,0.024756335282651,92,1
538,11:4,assassinate,True,36,"[19, 8, 12, 11, 2]",9,0.24931773879142302,328,420,5,0.024756335282651,92,1
539,11:4,assassinate,True,36,"[19, 8, 12, 11, 2]",9,0.24931773879142302,328,420,5,0.024756335282651,92,1
540,"(13,15)",,False,36,"[14, 16, 13, 15, 11]",9,0.246881091617933,330,422,4,0.012085769980506,92,1
541,"(13,15)",,False,36,"[14, 16, 13, 15, 11]",9,0.246881091617933,330,422,4,0.012085769980506,92,1
542,"(0,3)",,False,33,"[7, 0, 3, 17, 10]",8,0.231286549707602,332,424,4,0.012865497076023,92,1
543,"(0,3)",,False,33,"[7, 0, 3, 17, 10]",8,0.231286549707602,332,424,4,0.012865497076023,92,1
544,"(18,1)",,False,33,"[5, 3, 18, 1, 14]",8,0.208674463937621,334,426,5,0.048245614035087,92,1
545,"(18,1)",,False,33,"[5, 3, 18, 1, 14]",8,0.208674463937621,334,426,5,0.048245614035087,92,1
546,"(5,10)",,False,33,"[5, 9, 10, 17, 2]",8,0.230409356725146,336,428,5,0.04766081871345,92,1
547,"(5,10)",,False,33,"[5, 9, 10, 17, 2]",8,0.230409356725146,336,428,5,0.04766081871345,92,1
548,"(18,0)",,False,33,"[18, 16, 6, 0, 13]",8,0.27621832358674403,338,430,5,0.076510721247563,92,1
549,"(18,0)",,False,33,"[18, 16, 6, 0, 13]",8,0.27621832358674403,338,430,5,0.076510721247563,92,1
550,"(3,1)",,False,35,"[3, 13, 1, 0, 4]",8,0.344054580896686,340,432,6,0.12251461988304001,92,1
551,"(3,1)",,False,35,"[3, 13, 1, 0, 4]",8,0.344054580896686,340,432,6,0.12251461988304001,92,1
552,"(18,17)",,False,37,"[18, 6, 2, 19, 17]",9,0.28986354775828405,342,434,6,0.133430799220272,92,1
553,"(18,17)",,False,37,"[18, 6, 2, 19, 17]",9,0.28986354775828405,342,434,6,0.133430799220272,92,1
554,"(1,17)",,False,37,"[1, 17, 15, 6, 0]",9,0.283138401559454,344,436,7,0.167836257309941,92,1
555,"(1,17)",,False,37,"[1, 17, 15, 6, 0]",9,0.283138401559454,344,436,7,0.167836257309941,92,1
556,"(11,2)",,False,37,"[11, 3, 14, 4, 2]",9,0.327387914230019,346,438,6,0.17319688109161702,92,1
557,"(11,2)",,False,37,"[11, 3, 14, 4, 2]",9,0.327387914230019,346,438,6,0.17319688109161702,92,1
558,"(1,11)",,False,39,"[19, 1, 11, 3, 6]",10,0.340350877192982,348,440,7,0.22859927596769702,92,1
559,"(1,11)",,False,39,"[19, 1, 11, 3, 6]",10,0.340350877192982,348,440,7,0.22859927596769702,92,1
560,"(8,5)",,False,40,"[13, 8, 14, 5, 7]",11,0.36072124756335205,350,442,6,0.20536062378167602,92,1
561,"(8,5)",,False,40,"[13, 8, 14, 5, 7]",11,0.36072124756335205,350,442,6,0.20536062378167602,92,1
562,"(1,16)",,False,42,"[17, 1, 10, 16, 18]",12,0.42859927596769704,352,444,7,0.156196045669729,92,1
563,"(1,16)",,False,42,"[17, 1, 10, 16, 18]",12,0.42859927596769704,352,444,7,0.156196045669729,92,1
564,"(13,16)",,False,42,"[11, 13, 7, 16, 17]",12,0.421734892787524,354,446,7,0.158040935672514,92,1
565,"(13,16)",,False,42,"[11, 13, 7, 16, 17]",12,0.421734892787524,354,446,7,0.158040935672514,92,1
566,"(8,15)",,False,42,"[17, 8, 15, 7, 13]",12,0.414278752436647,356,448,7,0.16578947368421001,92,1
567,"(8,15)",,False,42,"[17, 8, 15, 7, 13]",12,0.414278752436647,356,448,7,0.16578947368421001,92,1
568,"(8,14)",,False,42,"[6, 8, 5, 10, 14]",12,0.44871669915529505,358,450,6,0.12720922677063,92,1
569,"(8,14)",,False,42,"[6, 8, 5, 10, 14]",12,0.44871669915529505,358,450,6,0.12720922677063,92,1
570,"(12,17)",,False,42,"[12, 17, 10, 7, 2]",12,0.449691358024691,360,452,5,0.08968486029889501,92,1
571,"(12,17)",,False,42,"[12, 17, 10, 7, 2]",12,0.449691358024691,360,452,5,0.08968486029889501,92,1
572,"(10,15)",,False,42,"[12, 10, 15, 6, 13]",12,0.470238095238095,362,454,4,0.048315232525758006,92,1
573,"(10,15)",,False,42,"[12, 10, 15, 6, 13]",12,0.470238095238095,362,454,4,0.048315232525758006,92,1
574,"(18,14)",,False,42,"[18, 14, 6, 9, 3]",12,0.445637241251276,364,456,4,0.049252761533463,92,1
575,"(18,14)",,False,42,"[18, 14, 6, 9, 3]",12,0.445637241251276,364,456,4,0.049252761533463,92,1
576,"(1,14)",,False,44,"[7, 1, 19, 2, 14]",12,0.41065859092174806,366,458,5,0.07616959064327401,92,1
577,"(1,14)",,False,44,"[7, 1, 19, 2, 14]",12,0.41065859092174806,366,458,5,0.07616959064327401,92,1
578,"(10,0)",,False,44,"[10, 1, 0, 15, 17]",11,0.349157616262879,368,460,5,0.059802283486494,92,1
579,"(10,0)",,False,44,"[10, 1, 0, 15, 17]",11,0.349157616262879,368,460,5,0.059802283486494,92,1
580,"(4,19)",,False,44,"[5, 4, 19, 11, 10]",11,0.326642996379838,370,462,5,0.05964912280701701,92,1
581,"(4,19)",,False,44,"[5, 4, 19, 11, 10]",11,0.326642996379838,370,462,5,0.05964912280701701,92,1
582,"(1,13)",,False,47,"[11, 7, 4, 1, 13]",13,0.37077415761626203,372,464,6,0.056446672236145,92,1
583,"(1,13)",,False,47,"[11, 7, 4, 1, 13]",13,0.37077415761626203,372,464,6,0.056446672236145,92,1
584,"(14,19)",,False,47,"[3, 10, 15, 14, 19]",13,0.372431077694235,374,466,6,0.049624060150375,92,1
585,"(14,19)",,False,47,"[3, 10, 15, 14, 19]",13,0.372431077694235,374,466,6,0.049624060150375,92,1
586,"(1,19)",,False,46,"[7, 1, 13, 19, 4]",13,0.394732200872551,376,468,6,0.05029239766081801,92,1
587,"(1,19)",,False,46,"[7, 1, 13, 19, 4]",13,0.394732200872551,376,468,6,0.05029239766081801,92,1
588,"(0,16)",,False,45,"[7, 0, 4, 14, 16]",12,0.38334725703146705,378,470,6,0.051865775549986004,92,1
589,"(0,16)",,False,45,"[7, 0, 4, 14, 16]",12,0.38334725703146705,378,470,6,0.051865775549986004,92,1
590,"(5,19)",,False,47,"[17, 5, 19, 10, 8]",13,0.39423558897243105,380,472,6,0.056544138123085,92,1
591,"(5,19)",,False,47,"[17, 5, 19, 10, 8]",13,0.39423558897243105,380,472,6,0.056544138123085,92,1
592,"(6,2)",,False,48,"[6, 4, 2, 7, 16]",14,0.434586466165413,382,474,5,0.026232247284878003,92,1
593,"(6,2)",,False,48,"[6, 4, 2, 7, 16]",14,0.434586466165413,382,474,5,0.026232247284878003,92,1
594,"(13,6)",,False,47,"[12, 13, 15, 6, 2]",14,0.45488721804511206,384,476,5,0.028084099136730004,92,1
595,"(13,6)",,False,47,"[12, 13, 15, 6, 2]",14,0.45488721804511206,384,476,5,0.028084099136730004,92,1
596,3:6,assassinate,True,42,"[3, 2, 1, 7, 10]",13,0.435226956279587,386,478,5,0.026622110832637002,92,1
597,3:6,assassinate,True,42,"[3, 2, 1, 7, 10]",13,0.435226956279587,386,478,5,0.026622110832637002,92,1
598,"(11,5)",,False,41,"[15, 11, 5, 10, 16]",13,0.45394040657198503,388,480,5,0.027109440267335003,92,1
599,"(11,5)",,False,41,"[15, 11, 5, 10, 16]",13,0.45394040657198503,388,480,5,0.027109440267335003,92,1
600,"(11,4)",,False,41,"[2, 13, 11, 4, 16]",13,0.44556530214424905,390,482,5,0.023099415204678002,92,1
601,"(11,4)",,False,41,"[2, 13, 11, 4, 16]",13,0.44556530214424905,390,482,5,0.023099415204678002,92,1
602,"(6,1)",,False,42,"[6, 9, 1, 8, 2]",13,0.41812401373804803,392,484,6,0.045906432748538006,92,1
603,"(6,1)",,False,42,"[6, 9, 1, 8, 2]",13,0.41812401373804803,392,484,6,0.045906432748538006,92,1
604,"(0,6)",,False,40,"[7, 0, 6, 1, 16]",12,0.34615009746588604,394,486,5,0.023099415204678002,92,1
605,"(0,6)",,False,40,"[7, 0, 6, 1, 16]",12,0.34615009746588604,394,486,5,0.023099415204678002,92,1
606,9:2,assassinate,True,38,"[7, 10, 8, 9, 12]",11,0.27012670565302105,396,488,5,0.026023391812865,92,1
607,9:2,assassinate,True,38,"[7, 10, 8, 9, 12]",11,0.27012670565302105,396,488,5,0.026023391812865,92,1
608,"(6,19)",,False,40,"[15, 6, 19, 17, 8]",11,0.29163417803768604,398,490,5,0.026673164392462003,92,1
609,"(6,19)",,False,40,"[15, 6, 19, 17, 8]",11,0.29163417803768604,398,490,5,0.026673164392462003,92,1
610,8:6,assassinate,True,38,"[10, 18, 0, 8, 1]",10,0.33003573749187703,400,492,5,0.026673164392462003,92,1
611,8:6,assassinate,True,38,"[10, 18, 0, 8, 1]",10,0.33003573749187703,400,492,5,0.026673164392462003,92,1
612,"(15,4)",,False,39,"[9, 14, 15, 5, 4]",10,0.312881741390513,402,494,5,0.026673164392462003,92,1
613,"(15,4)",,False,39,"[9, 14, 15, 5, 4]",10,0.312881741390513,402,494,5,0.026673164392462003,92,1
614,"(0,2)",,False,39,"[4, 6, 10, 0, 2]",9,0.27540378724589204,404,496,5,0.037580061264271006,92,1
615,"(0,2)",,False,39,"[4, 6, 10, 0, 2]",9,0.27540378724589204,404,496,5,0.037580061264271006,92,1
616,3:6,assassinate,True,38,"[13, 16, 3, 8, 9]",10,0.27724171539961,406,498,5,0.034795321637426005,92,1
617,3:6,assassinate,True,38,"[13, 16, 3, 8, 9]",10,0.27724171539961,406,498,5,0.034795321637426005,92,1
618,"(12,0)",,False,38,"[3, 12, 9, 11, 0]",10,0.22487700733314703,408,500,5,0.026803118908382002,92,1
619,"(12,0)",,False,38,"[3, 12, 9, 11, 0]",10,0.22487700733314703,408,500,5,0.026803118908382002,92,1
620,"(17,0)",,False,38,"[2, 17, 18, 0, 16]",10,0.22487700733314703,410,502,5,0.026803118908382002,92,1
621,"(17,0)",,False,38,"[2, 17, 18, 0, 16]",10,0.22487700733314703,410,502,5,0.026803118908382002,92,1
622,"(1,6)",,False,37,"[1, 6, 2, 18, 13]",10,0.307017543859649,412,504,6,0.061793372319688004,92,1
623,"(1,6)",,False,37,"[1, 6, 2, 18, 13]",10,0.307017543859649,412,504,6,0.061793372319688004,92,1
624,"(3,4)",,False,39,"[0, 13, 3, 19, 4]",10,0.28526872737399,414,506,6,0.061793372319688004,92,1
625,"(3,4)",,False,39,"[0, 13, 3, 19, 4]",10,0.28526872737399,414,506,6,0.061793372319688004,92,1
626,5:6,assassinate,True,36,"[18, 13, 0, 10, 5]",9,0.24444444444444402,416,508,6,0.058618769145084,92,1
627,5:6,assassinate,True,36,"[18, 13, 0, 10, 5]",9,0.24444444444444402,416,508,6,0.058618769145084,92,1
628,"(16,4)",,False,38,"[16, 19, 9, 4, 10]",9,0.23897939292676101,418,510,6,0.05402394876079,92,1
629,"(16,4)",,False,38,"[16, 19, 9, 4, 10]",9,0.23897939292676101,418,510,6,0.05402394876079,92,1
630,"(8,6)",,False,39,"[5, 17, 8, 12, 6]",9,0.26034530771372805,420,512,6,0.082010582010581,92,1
631,"(8,6)",,False,39,"[5, 17, 8, 12, 6]",9,0.26034530771372805,420,512,6,0.082010582010581,92,1
632,"(0,14)",,False,37,"[4, 0, 14, 10, 5]",8,0.223196881091617,422,514,5,0.076413255360623,92,1
633,"(0,14)",,False,37,"[4, 0, 14, 10, 5]",8,0.223196881091617,422,514,5,0.076413255360623,92,1
634,"(11,0)",,False,37,"[11, 7, 13, 2, 0]",7,0.23411306042884902,424,516,5,0.115399610136452,92,1
635,"(11,0)",,False,37,"[11, 7, 13, 2, 0]",7,0.23411306042884902,424,516,5,0.115399610136452,92,1
636,"(0,16)",,False,36,"[17, 18, 0, 16, 4]",6,0.228070175438596,426,518,5,0.13752436647173402,92,1
637,"(0,16)",,False,36,"[17, 18, 0, 16, 4]",6,0.228070175438596,426,518,5,0.13752436647173402,92,1
638,"(9,18)",,False,39,"[17, 5, 9, 19, 18]",8,0.275424672793093,428,520,5,0.086131996658312,92,1
639,"(9,18)",,False,39,"[17, 5, 9, 19, 18]",8,0.275424672793093,428,520,5,0.086131996658312,92,1
640,"(0,18)",,False,36,"[0, 12, 18, 16, 14]",7,0.27222222222222203,430,522,3,0.033625730994152,92,1
641,"(0,18)",,False,36,"[0, 12, 18, 16, 14]",7,0.27222222222222203,430,522,3,0.033625730994152,92,1
642,"(13,0)",,False,34,"[13, 12, 2, 5, 0]",6,0.214647730437204,432,524,3,0.049707602339181006,92,1
643,"(13,0)",,False,34,"[13, 12, 2, 5, 0]",6,0.214647730437204,432,524,3,0.049707602339181006,92,1
644,"(4,6)",,False,35,"[4, 17, 6, 13, 18]",6,0.20029239766081802,434,526,3,0.040935672514619006,92,1
645,"(4,6)",,False,35,"[4, 17, 6, 13, 18]",6,0.20029239766081802,434,526,3,0.040935672514619006,92,1
646,11:8,assassinate,True,30,"[4, 11, 3, 16, 5]",5,0.09327485380116901,436,528,2,0.0,92,1
647,11:8,assassinate,True,30,"[4, 11, 3, 16, 5]",5,0.09327485380116901,436,528,2,0.0,92,1
648,"(7,9)",,False,32,"[11, 7, 12, 9, 2]",5,0.08099415204678301,438,530,2,0.0,92,1
649,"(7,9)",,False,32,"[11, 7, 12, 9, 2]",5,0.08099415204678301,438,530,2,0.0,92,1
650,"(4,8)",,False,32,"[10, 9, 4, 2, 8]",5,0.057017543859649,440,532,2,0.0,92,1
651,"(4,8)",,False,32,"[10, 9, 4, 2, 8]",5,0.057017543859649,440,532,2,0.0,92,1
652,10:10,assassinate,True,29,"[10, 12, 14, 19, 17]",6,0.19395711500974602,442,534,2,0.0,92,1
653,10:10,assassinate,True,29,"[10, 12, 14, 19, 17]",6,0.19395711500974602,442,534,2,0.0,92,1
654,13:6,assassinate,True,28,"[8, 6, 3, 18, 13]",7,0.22943469785575002,444,536,2,0.0,92,1
655,13:6,assassinate,True,28,"[8, 6, 3, 18, 13]",7,0.22943469785575002,444,536,2,0.0,92,1
656,"(11,4)",,False,30,"[3, 11, 10, 2, 4]",7,0.205068226120857,446,538,2,0.0,92,1
657,"(11,4)",,False,30,"[3, 11, 10, 2, 4]",7,0.205068226120857,446,538,2,0.0,92,1
658,17:2,assassinate,True,30,"[11, 13, 17, 9, 6]",8,0.18421052631578902,448,540,2,0.0,92,1
659,17:2,assassinate,True,30,"[11, 13, 17, 9, 6]",8,0.18421052631578902,448,540,2,0.0,92,1
660,"(12,0)",,False,30,"[18, 12, 0, 19, 14]",7,0.123976608187134,450,542,2,0.0,92,1
661,"(12,0)",,False,30,"[18, 12, 0, 19, 14]",7,0.123976608187134,450,542,2,0.0,92,1
662,"(17,1)",,False,31,"[17, 8, 1, 0, 11]",7,0.213060428849902,452,544,3,0.09941520467836201,92,1
663,"(17,1)",,False,31,"[17, 8, 1, 0, 11]",7,0.213060428849902,452,544,3,0.09941520467836201,92,1
664,"(19,10)",,False,31,"[19, 8, 6, 10, 11]",7,0.19888610414926203,454,546,3,0.020467836257309,92,1
665,"(19,10)",,False,31,"[19, 8, 6, 10, 11]",7,0.19888610414926203,454,546,3,0.020467836257309,92,1
666,"(14,13)",,False,33,"[17, 14, 11, 9, 13]",8,0.20743525480367503,456,548,3,0.020467836257309,92,1
667,"(14,13)",,False,33,"[17, 14, 11, 9, 13]",8,0.20743525480367503,456,548,3,0.020467836257309,92,1
668,"(12,1)",,False,35,"[17, 12, 1, 8, 11]",8,0.25477582846003805,458,550,4,0.043859649122807,92,1
669,"(12,1)",,False,35,"[17, 12, 1, 8, 11]",8,0.25477582846003805,458,550,4,0.043859649122807,92,1
670,"(1,14)",,False,38,"[1, 14, 6, 0, 3]",10,0.29285714285714204,460,552,5,0.062726260094681,92,1
671,"(1,14)",,False,38,"[1, 14, 6, 0, 3]",10,0.29285714285714204,460,552,5,0.062726260094681,92,1
672,"(4,0)",,False,37,"[4, 17, 16, 7, 0]",9,0.34083820662768005,462,554,5,0.082358674463937,92,1
673,"(4,0)",,False,37,"[4, 17, 16, 7, 0]",9,0.34083820662768005,462,554,5,0.082358674463937,92,1
674,19:8,assassinate,True,31,"[6, 18, 2, 5, 19]",8,0.275243664717348,464,556,5,0.11959064327485301,92,1
675,19:8,assassinate,True,31,"[6, 18, 2, 5, 19]",8,0.275243664717348,464,556,5,0.11959064327485301,92,1
676,"(16,0)",,False,28,"[16, 0, 7, 2, 1]",7,0.282456140350877,466,558,5,0.154678362573099,92,1
677,"(16,0)",,False,28,"[16, 0, 7, 2, 1]",7,0.282456140350877,466,558,5,0.154678362573099,92,1
678,"(1,10)",,False,28,"[1, 6, 2, 10, 8]",7,0.328460038986354,468,560,6,0.25438596491228,92,1
679,"(1,10)",,False,28,"[1, 6, 2, 10, 8]",7,0.328460038986354,468,560,6,0.25438596491228,92,1
680,"(5,7)",,False,31,"[3, 5, 8, 7, 13]",9,0.34171539961013603,470,562,6,0.21929824561403502,92,1
681,"(5,7)",,False,31,"[3, 5, 8, 7, 13]",9,0.34171539961013603,470,562,6,0.21929824561403502,92,1
682,"(0,17)",,False,31,"[15, 0, 19, 10, 17]",9,0.34171539961013603,472,564,6,0.21929824561403502,92,1
683,"(0,17)",,False,31,"[15, 0, 19, 10, 17]",9,0.34171539961013603,472,564,6,0.21929824561403502,92,1
684,"(13,5)",,False,31,"[3, 13, 14, 4, 5]",9,0.343664717348927,474,566,5,0.20662768031189002,92,1
685,"(13,5)",,False,31,"[3, 13, 14, 4, 5]",9,0.343664717348927,474,566,5,0.20662768031189002,92,1
686,"(4,11)",,False,31,"[10, 4, 15, 3, 11]",9,0.356335282651072,476,568,5,0.20467836257309902,92,1
687,"(4,11)",,False,31,"[10, 4, 15, 3, 11]",9,0.356335282651072,476,568,5,0.20467836257309902,92,1
688,"(1,4)",,False,33,"[1, 18, 4, 15, 6]",10,0.360233918128654,478,570,6,0.160818713450292,92,1
689,"(1,4)",,False,33,"[1, 18, 4, 15, 6]",10,0.360233918128654,478,570,6,0.160818713450292,92,1
690,"(1,9)",,False,35,"[12, 14, 18, 1, 9]",10,0.32244500139236904,480,572,7,0.150932887774993,92,1
691,"(1,9)",,False,35,"[12, 14, 18, 1, 9]",10,0.32244500139236904,480,572,7,0.150932887774993,92,1
692,"(0,11)",,False,33,"[0, 11, 8, 3, 5]",9,0.310038986354775,482,574,7,0.15399610136452202,92,1
693,"(0,11)",,False,33,"[0, 11, 8, 3, 5]",9,0.310038986354775,482,574,7,0.15399610136452202,92,1
694,15:6,assassinate,True,32,"[13, 5, 17, 15, 16]",8,0.24307992202729,484,576,7,0.135867446393762,92,1
695,15:6,assassinate,True,32,"[13, 5, 17, 15, 16]",8,0.24307992202729,484,576,7,0.135867446393762,92,1
696,"(1,2)",,False,34,"[17, 5, 1, 11, 2]",8,0.205021813793743,486,578,8,0.17690522602803302,92,1
697,"(1,2)",,False,34,"[17, 5, 1, 11, 2]",8,0.205021813793743,486,578,8,0.17690522602803302,92,1
698,"(18,17)",,False,36,"[13, 11, 18, 17, 10]",8,0.240109533091989,488,580,8,0.21199294532627802,92,1
699,"(18,17)",,False,36,"[13, 11, 18, 17, 10]",8,0.240109533091989,488,580,8,0.21199294532627802,92,1
700,"(10,6)",,False,33,"[10, 17, 11, 4, 6]",8,0.25211176088369003,490,582,6,0.20510071474983702,92,1
701,"(10,6)",,False,33,"[10, 17, 11, 4, 6]",8,0.25211176088369003,490,582,6,0.20510071474983702,92,1
702,"(3,5)",,False,35,"[11, 10, 7, 3, 5]",8,0.25041771094402604,492,584,6,0.19161793372319602,92,1
703,"(3,5)",,False,35,"[11, 10, 7, 3, 5]",8,0.25041771094402604,492,584,6,0.19161793372319602,92,1
704,"(0,18)",,False,34,"[0, 18, 11, 6, 17]",7,0.11658312447786101,494,586,6,0.10448343079922001,92,1
705,"(0,18)",,False,34,"[0, 18, 11, 6, 17]",7,0.11658312447786101,494,586,6,0.10448343079922001,92,1
706,"(19,10)",,False,36,"[6, 19, 10, 8, 16]",7,0.14582289055973202,494,587,6,0.170760233918128,93,1
707,"(19,10)",,False,36,"[6, 19, 10, 8, 16]",7,0.14582289055973202,494,587,6,0.170760233918128,93,1
708,"(18,13)",,False,37,"[18, 3, 17, 13, 9]",7,0.141924255082149,494,588,6,0.15146198830409302,94,1
709,"(18,13)",,False,37,"[18, 3, 17, 13, 9]",7,0.141924255082149,494,588,6,0.15146198830409302,94,1
710,"(12,0)",,False,37,"[2, 7, 12, 1, 0]",7,0.21044277360066801,496,590,6,0.120175438596491,94,1
711,"(12,0)",,False,37,"[2, 7, 12, 1, 0]",7,0.21044277360066801,496,590,6,0.120175438596491,94,1
712,"(4,9)",,False,38,"[4, 13, 9, 17, 8]",7,0.19074074074074002,498,592,6,0.09509421702404101,94,1
713,"(4,9)",,False,38,"[4, 13, 9, 17, 8]",7,0.19074074074074002,498,592,6,0.09509421702404101,94,1
714,"(4,14)",,False,36,"[18, 4, 15, 11, 14]",7,0.24697855750487302,500,594,5,0.09697855750487301,94,1
715,"(4,14)",,False,36,"[18, 4, 15, 11, 14]",7,0.24697855750487302,500,594,5,0.09697855750487301,94,1
716,"(18,16)",,False,38,"[18, 13, 15, 5, 16]",8,0.246491228070175,502,596,5,0.082748538011695,94,1
717,"(18,16)",,False,38,"[18, 13, 15, 5, 16]",8,0.246491228070175,502,596,5,0.082748538011695,94,1
718,"(17,4)",,False,39,"[9, 17, 4, 12, 6]",8,0.18654970760233902,504,598,5,0.08567251461988301,94,1
719,"(17,4)",,False,39,"[9, 17, 4, 12, 6]",8,0.18654970760233902,504,598,5,0.08567251461988301,94,1
720,"(19,0)",,False,40,"[4, 19, 0, 16, 3]",9,0.22933723196881,506,600,5,0.070808966861598,94,1
721,"(19,0)",,False,40,"[4, 19, 0, 16, 3]",9,0.22933723196881,506,600,5,0.070808966861598,94,1
722,"(0,2)",,True,39,"[0, 7, 14, 9, 2]",8,0.21765524923419602,508,602,5,0.044186856028961004,94,1
723,"(0,2)",,True,39,"[0, 7, 14, 9, 2]",8,0.21765524923419602,508,602,5,0.044186856028961004,94,1
724,"(0,6)",,False,38,"[0, 9, 6, 19, 3]",7,0.172301123178316,510,604,5,0.043994244871437,94,1
725,"(0,6)",,False,38,"[0, 9, 6, 19, 3]",7,0.172301123178316,510,604,5,0.043994244871437,94,1
726,"(10,4)",,False,38,"[10, 11, 9, 4, 3]",8,0.21261022927689502,512,606,5,0.126380766731643,94,1
727,"(10,4)",,False,38,"[10, 11, 9, 4, 3]",8,0.21261022927689502,512,606,5,0.126380766731643,94,1
728,19:4,assassinate,True,37,"[19, 11, 14, 16, 6]",8,0.175211176088369,514,608,5,0.11507472384665302,94,1
729,19:4,assassinate,True,37,"[19, 11, 14, 16, 6]",8,0.175211176088369,514,608,5,0.11507472384665302,94,1
730,"(0,13)",,False,36,"[10, 0, 13, 14, 8]",7,0.14605263157894702,516,610,4,0.022124756335282002,94,1
731,"(0,13)",,False,36,"[10, 0, 13, 14, 8]",7,0.14605263157894702,516,610,4,0.022124756335282002,94,1
732,"(9,1)",,True,38,"[9, 5, 1, 16, 3]",7,0.139766081871345,518,612,5,0.055165692007797,94,1
733,"(9,1)",,True,38,"[9, 5, 1, 16, 3]",7,0.139766081871345,518,612,5,0.055165692007797,94,1
734,"(0,9)",,False,35,"[0, 9, 8, 13, 7]",6,0.13898635477582802,520,614,4,0.055653021442495,94,1
735,"(0,9)",,False,35,"[0, 9, 8, 13, 7]",6,0.13898635477582802,520,614,4,0.055653021442495,94,1
736,"(7,15)",,False,37,"[11, 10, 7, 15, 19]",6,0.11345029239766001,522,616,4,0.042509050403787,94,1
737,"(7,15)",,False,37,"[11, 10, 7, 15, 19]",6,0.11345029239766001,522,616,4,0.042509050403787,94,1
738,"(15,8)",,False,38,"[6, 15, 17, 4, 8]",6,0.12130325814536301,524,618,4,0.035199108883319,94,1
739,"(15,8)",,False,38,"[6, 15, 17, 4, 8]",6,0.12130325814536301,524,618,4,0.035199108883319,94,1
740,"(17,13)",,False,38,"[17, 14, 2, 13, 8]",6,0.13391812865497002,526,620,4,0.039877471456418005,94,1
741,"(17,13)",,False,38,"[17, 14, 2, 13, 8]",6,0.13391812865497002,526,620,4,0.039877471456418005,94,1
742,"(1,10)",,True,40,"[1, 10, 12, 2, 11]",6,0.111598440545808,528,622,5,0.067738791423001,94,1
743,"(1,10)",,True,40,"[1, 10, 12, 2, 11]",6,0.111598440545808,528,622,5,0.067738791423001,94,1
744,"(1,13)",,False,39,"[16, 10, 1, 13, 7]",6,0.11578947368421001,530,624,5,0.079239766081871,94,1
745,"(1,13)",,False,39,"[16, 10, 1, 13, 7]",6,0.11578947368421001,530,624,5,0.079239766081871,94,1
746,"(9,5)",,False,41,"[9, 4, 5, 17, 3]",6,0.12158869395711501,532,626,5,0.082358674463937,94,1
747,"(9,5)",,False,41,"[9, 4, 5, 17, 3]",6,0.12158869395711501,532,626,5,0.082358674463937,94,1
748,"(9,19)",,False,43,"[10, 0, 9, 19, 2]",6,0.098534214323688,534,628,5,0.086524602752672,94,1
749,"(9,19)",,False,43,"[10, 0, 9, 19, 2]",6,0.098534214323688,534,628,5,0.086524602752672,94,1
750,"(1,15)",,False,45,"[1, 5, 3, 15, 0]",6,0.089287239725836,534,629,6,0.09990441657108301,95,1
751,"(1,15)",,False,45,"[1, 5, 3, 15, 0]",6,0.089287239725836,534,629,6,0.09990441657108301,95,1
752,"(18,13)",,False,44,"[18, 10, 2, 13, 6]",6,0.084875066454013,536,631,4,0.042841109507776004,95,1
753,"(18,13)",,False,44,"[18, 10, 2, 13, 6]",6,0.084875066454013,536,631,4,0.042841109507776004,95,1
754,"(0,7)",,False,44,"[9, 12, 0, 4, 7]",5,0.042884990253411005,538,633,4,0.041861598440545,95,1
755,"(0,7)",,False,44,"[9, 12, 0, 4, 7]",5,0.042884990253411005,538,633,4,0.041861598440545,95,1
756,"(19,11)",,False,45,"[19, 6, 15, 10, 11]",7,0.09672793093845701,540,635,4,0.042031003434512,95,1
757,"(19,11)",,False,45,"[19, 6, 15, 10, 11]",7,0.09672793093845701,540,635,4,0.042031003434512,95,1
758,"(4,5)",,True,47,"[9, 13, 4, 5, 2]",7,0.08475355054302401,542,637,4,0.024763297131718,95,1
759,"(4,5)",,True,47,"[9, 13, 4, 5, 2]",7,0.08475355054302401,542,637,4,0.024763297131718,95,1
760,"(11,1)",,False,49,"[8, 11, 14, 1, 12]",7,0.09269702032859901,544,639,5,0.059509885825675006,95,1
761,"(11,1)",,False,49,"[8, 11, 14, 1, 12]",7,0.09269702032859901,544,639,5,0.059509885825675006,95,1
762,19:6,assassinate,True,44,"[9, 15, 19, 1, 10]",6,0.06028265107212401,546,641,3,0.024422166527429002,95,1
763,19:6,assassinate,True,44,"[9, 15, 19, 1, 10]",6,0.06028265107212401,546,641,3,0.024422166527429002,95,1
764,"(2,19)",,False,46,"[7, 11, 2, 6, 19]",7,0.11228070175438501,548,643,3,0.028411306042884003,95,1
765,"(2,19)",,False,46,"[7, 11, 2, 6, 19]",7,0.11228070175438501,548,643,3,0.028411306042884003,95,1
766,"(11,14)",,False,43,"[11, 14, 4, 15, 16]",7,0.11544834307992201,550,645,2,0.021052631578947,95,1
767,"(11,14)",,False,43,"[11, 14, 4, 15, 16]",7,0.11544834307992201,550,645,2,0.021052631578947,95,1
768,"(2,1)",,True,42,"[0, 6, 5, 2, 1]",7,0.14931773879142302,552,647,3,0.045808966861598,95,1
769,"(2,1)",,True,42,"[0, 6, 5, 2, 1]",7,0.14931773879142302,552,647,3,0.045808966861598,95,1
770,"(11,7)",,False,42,"[6, 11, 5, 10, 7]",8,0.184419381787802,554,649,3,0.10935672514619801,95,1
771,"(11,7)",,False,42,"[6, 11, 5, 10, 7]",8,0.184419381787802,554,649,3,0.10935672514619801,95,1
772,"(2,5)",,False,42,"[2, 11, 5, 7, 10]",8,0.16931216931216903,556,651,3,0.10935672514619801,95,1
773,"(2,5)",,False,42,"[2, 11, 5, 7, 10]",8,0.16931216931216903,556,651,3,0.10935672514619801,95,1
774,"(1,10)",,False,43,"[16, 2, 1, 12, 10]",9,0.25420495683653505,558,653,4,0.1338693957115,95,1
775,"(1,10)",,False,43,"[16, 2, 1, 12, 10]",9,0.25420495683653505,558,653,4,0.1338693957115,95,1
776,"(12,17)",,False,46,"[11, 12, 16, 9, 17]",9,0.19958228905597303,560,655,4,0.041429963798384005,95,1
777,"(12,17)",,False,46,"[11, 12, 16, 9, 17]",9,0.19958228905597303,560,655,4,0.041429963798384005,95,1
778,15:6,assassinate,True,44,"[13, 10, 7, 15, 9]",9,0.19346978557504801,562,657,4,0.038888888888888,95,1
779,15:6,assassinate,True,44,"[13, 10, 7, 15, 9]",9,0.19346978557504801,562,657,4,0.038888888888888,95,1
780,"(17,5)",,False,45,"[18, 17, 16, 5, 8]",10,0.20441381230854902,564,659,4,0.035547201336675,95,1
781,"(17,5)",,False,45,"[18, 17, 16, 5, 8]",10,0.20441381230854902,564,659,4,0.035547201336675,95,1
782,"(19,1)",,False,46,"[19, 1, 0, 6, 5]",10,0.184718741297688,566,661,5,0.05467836257309901,95,1
783,"(19,1)",,False,46,"[19, 1, 0, 6, 5]",10,0.184718741297688,566,661,5,0.05467836257309901,95,1
784,"(14,17)",,False,46,"[14, 18, 17, 19, 2]",10,0.173510164299637,568,663,5,0.052241715399610006,95,1
785,"(14,17)",,False,46,"[14, 18, 17, 19, 2]",10,0.173510164299637,568,663,5,0.052241715399610006,95,1
786,14:4,assassinate,True,42,"[8, 14, 9, 4, 15]",9,0.165176830966304,570,665,5,0.059259259259259005,95,1
787,14:4,assassinate,True,42,"[8, 14, 9, 4, 15]",9,0.165176830966304,570,665,5,0.059259259259259005,95,1
788,"(1,6)",,False,44,"[18, 5, 1, 4, 6]",9,0.196073517126148,572,667,6,0.11248955722639901,95,1
789,"(1,6)",,False,44,"[18, 5, 1, 4, 6]",9,0.196073517126148,572,667,6,0.11248955722639901,95,1
790,3:6,assassinate,True,42,"[1, 3, 10, 16, 4]",8,0.20123920913394502,574,669,6,0.11956279587858501,95,1
791,3:6,assassinate,True,42,"[1, 3, 10, 16, 4]",8,0.20123920913394502,574,669,6,0.11956279587858501,95,1
792,"(9,1)",,False,45,"[9, 18, 19, 7, 1]",10,0.263731086976701,576,671,7,0.105393112410656,95,1
793,"(9,1)",,False,45,"[9, 18, 19, 7, 1]",10,0.263731086976701,576,671,7,0.105393112410656,95,1
794,18:10,assassinate,True,41,"[0, 5, 18, 16, 17]",9,0.22565441381230802,578,673,7,0.105263157894736,95,1
795,18:10,assassinate,True,41,"[0, 5, 18, 16, 17]",9,0.22565441381230802,578,673,7,0.105263157894736,95,1
796,"(15,9)",,False,40,"[3, 15, 13, 9, 17]",9,0.21376357560568002,580,675,6,0.09455815464587301,95,1
797,"(15,9)",,False,40,"[3, 15, 13, 9, 17]",9,0.21376357560568002,580,675,6,0.09455815464587301,95,1
798,"(13,7)",,False,43,"[12, 13, 6, 7, 4]",11,0.34616465405939,582,677,6,0.098631680210627,95,1
799,"(13,7)",,False,43,"[12, 13, 6, 7, 4]",11,0.34616465405939,582,677,6,0.098631680210627,95,1
