,actionDetail,actionType,bonusActivated,graphEdgeCount,nodeList,p1Degree,p1Score,p1WinAdvantage,p1WinCount,p2Degree,p2Score,p2WinCount,player
0,"(12,11)",,True,2,"[12, 11, 19, 9, 8]",0,-0.001,0,0,0,-0.001,0,1
1,"(12,11)",,True,2,"[12, 11, 19, 9, 8]",0,-0.001,0,0,0,-0.001,0,1
2,"(17,15)",,True,4,"[17, 15, 18, 14, 12]",1,0.0,2,2,0,-0.001,0,1
3,"(17,15)",,True,4,"[17, 15, 18, 14, 12]",1,0.0,2,2,0,-0.001,0,1
4,"(3,17)",,True,6,"[3, 17, 11, 6, 8]",2,0.005847953216374001,4,4,0,-0.001,0,1
5,"(3,17)",,True,6,"[3, 17, 11, 6, 8]",2,0.005847953216374001,4,4,0,-0.001,0,1
6,"(18,1)",,True,8,"[18, 10, 17, 8, 1]",2,0.023391812865497002,6,6,1,0.0,0,1
7,"(18,1)",,True,8,"[18, 10, 17, 8, 1]",2,0.023391812865497002,6,6,1,0.0,0,1
8,5:4,assassinate,True,8,"[5, 12, 6, 17, 2]",1,0.0,7,7,1,0.0,0,1
9,5:4,assassinate,True,8,"[5, 12, 6, 17, 2]",1,0.0,7,7,1,0.0,0,1
10,"(7,1)",,True,10,"[16, 7, 1, 5, 11]",1,0.0,6,7,2,0.035087719298245,1,1
11,"(7,1)",,True,10,"[16, 7, 1, 5, 11]",1,0.0,6,7,2,0.035087719298245,1,1
12,"(0,17)",,True,11,"[0, 17, 4, 5, 19]",2,0.040935672514619006,7,8,2,0.040935672514619006,1,1
13,"(0,17)",,True,11,"[0, 17, 4, 5, 19]",2,0.040935672514619006,7,8,2,0.040935672514619006,1,1
14,"(1,6)",,True,13,"[1, 11, 6, 12, 15]",2,0.06432748538011601,6,8,3,0.228070175438596,2,1
15,"(1,6)",,True,13,"[1, 11, 6, 12, 15]",2,0.06432748538011601,6,8,3,0.228070175438596,2,1
16,8:2,assassinate,True,13,"[4, 8, 10, 16, 19]",1,0.0,4,8,3,0.07602339181286501,4,1
17,8:2,assassinate,True,13,"[4, 8, 10, 16, 19]",1,0.0,4,8,3,0.07602339181286501,4,1
18,"(16,9)",,True,15,"[16, 5, 8, 9, 2]",1,0.0,2,8,3,0.09941520467836201,6,1
19,"(16,9)",,True,15,"[16, 5, 8, 9, 2]",1,0.0,2,8,3,0.09941520467836201,6,1
20,"(2,6)",,True,15,"[2, 15, 8, 9, 6]",1,0.0,0,8,2,0.087719298245614,8,1
21,"(2,6)",,True,15,"[2, 15, 8, 9, 6]",1,0.0,0,8,2,0.087719298245614,8,1
22,15:6,assassinate,True,13,"[15, 0, 4, 8, 3]",1,0.0,-2,8,2,0.023391812865497002,10,1
23,15:6,assassinate,True,13,"[15, 0, 4, 8, 3]",1,0.0,-2,8,2,0.023391812865497002,10,1
24,"(6,5)",,True,15,"[18, 9, 4, 6, 5]",1,0.0,-4,8,2,0.070175438596491,12,1
25,"(6,5)",,True,15,"[18, 9, 4, 6, 5]",1,0.0,-4,8,2,0.070175438596491,12,1
26,"(7,2)",,True,15,"[7, 5, 17, 3, 2]",1,0.0,-6,8,2,0.12865497076023302,14,1
27,"(7,2)",,True,15,"[7, 5, 17, 3, 2]",1,0.0,-6,8,2,0.12865497076023302,14,1
28,"(5,14)",,True,15,"[5, 15, 13, 14, 6]",2,0.15204678362573001,-8,8,2,0.25730994152046704,16,1
29,"(5,14)",,True,15,"[5, 15, 13, 14, 6]",2,0.15204678362573001,-8,8,2,0.25730994152046704,16,1
30,4:4,assassinate,True,14,"[4, 18, 6, 13, 17]",2,0.140350877192982,-8,9,2,0.19298245614035,17,1
31,4:4,assassinate,True,14,"[4, 18, 6, 13, 17]",2,0.140350877192982,-8,9,2,0.19298245614035,17,1
32,17:4,assassinate,True,13,"[19, 16, 13, 10, 17]",2,0.070175438596491,-8,10,2,0.175438596491228,18,1
33,17:4,assassinate,True,13,"[19, 16, 13, 10, 17]",2,0.070175438596491,-8,10,2,0.175438596491228,18,1
34,"(7,9)",,True,13,"[7, 9, 14, 10, 15]",2,0.070175438596491,-8,11,2,0.210526315789473,19,1
35,"(7,9)",,True,13,"[7, 9, 14, 10, 15]",2,0.070175438596491,-8,11,2,0.210526315789473,19,1
36,15:2,assassinate,True,13,"[17, 15, 6, 18, 11]",1,0.0,-8,12,2,0.023391812865497002,20,1
37,15:2,assassinate,True,13,"[17, 15, 6, 18, 11]",1,0.0,-8,12,2,0.023391812865497002,20,1
38,"(1,4)",,True,15,"[13, 1, 11, 14, 4]",1,0.0,-10,12,3,0.07602339181286501,22,1
39,"(1,4)",,True,15,"[13, 1, 11, 14, 4]",1,0.0,-10,12,3,0.07602339181286501,22,1
40,"(6,3)",,True,17,"[6, 0, 14, 3, 18]",1,0.0,-12,12,3,0.091617933723196,24,1
41,"(6,3)",,True,17,"[6, 0, 14, 3, 18]",1,0.0,-12,12,3,0.091617933723196,24,1
42,"(1,16)",,True,19,"[12, 1, 5, 16, 14]",1,0.0,-14,12,4,0.123781676413255,26,1
43,"(1,16)",,True,19,"[12, 1, 5, 16, 14]",1,0.0,-14,12,4,0.123781676413255,26,1
44,"(17,1)",,True,21,"[17, 14, 7, 1, 6]",2,0.09356725146198801,-16,12,5,0.21734892787524301,28,1
45,"(17,1)",,True,21,"[17, 14, 7, 1, 6]",2,0.09356725146198801,-16,12,5,0.21734892787524301,28,1
46,"(4,18)",,True,22,"[13, 6, 4, 12, 18]",2,0.09941520467836201,-18,12,4,0.201267056530214,30,1
47,"(4,18)",,True,22,"[13, 6, 4, 12, 18]",2,0.09941520467836201,-18,12,4,0.201267056530214,30,1
48,"(15,4)",,True,23,"[16, 15, 5, 4, 7]",3,0.13664717348927802,-20,12,3,0.15945419103313802,32,1
49,"(15,4)",,True,23,"[16, 15, 5, 4, 7]",3,0.13664717348927802,-20,12,3,0.15945419103313802,32,1
50,"(14,1)",,True,25,"[19, 14, 1, 5, 2]",3,0.12670565302144202,-22,12,4,0.20857699805068203,34,1
51,"(14,1)",,True,25,"[19, 14, 1, 5, 2]",3,0.12670565302144202,-22,12,4,0.20857699805068203,34,1
52,9:12,assassinate,True,20,"[0, 10, 9, 19, 16]",2,0.09941520467836201,-24,12,4,0.39766081871345005,36,1
53,9:12,assassinate,True,20,"[0, 10, 9, 19, 16]",2,0.09941520467836201,-24,12,4,0.39766081871345005,36,1
54,"(18,1)",,True,22,"[18, 11, 6, 1, 14]",3,0.130604288499025,-26,12,5,0.34990253411306005,38,1
55,"(18,1)",,True,22,"[18, 11, 6, 1, 14]",3,0.130604288499025,-26,12,5,0.34990253411306005,38,1
56,"(1,10)",,True,24,"[18, 1, 10, 8, 17]",3,0.05214424951267001,-28,12,6,0.352339181286549,40,1
57,"(1,10)",,True,24,"[18, 1, 10, 8, 17]",3,0.05214424951267001,-28,12,6,0.352339181286549,40,1
58,"(1,7)",,True,27,"[19, 13, 1, 17, 7]",3,0.020467836257309,-30,12,7,0.32962962962962905,42,1
59,"(1,7)",,True,27,"[19, 13, 1, 17, 7]",3,0.020467836257309,-30,12,7,0.32962962962962905,42,1
60,7:12,assassinate,True,23,"[2, 6, 11, 8, 7]",2,0.0029239766081870003,-32,12,6,0.303118908382066,44,1
61,7:12,assassinate,True,23,"[2, 6, 11, 8, 7]",2,0.0029239766081870003,-32,12,6,0.303118908382066,44,1
62,"(0,10)",,True,24,"[0, 11, 10, 2, 17]",1,0.0,-34,12,6,0.23976608187134502,46,1
63,"(0,10)",,True,24,"[0, 11, 10, 2, 17]",1,0.0,-34,12,6,0.23976608187134502,46,1
64,16:6,assassinate,True,22,"[0, 10, 3, 11, 16]",1,0.0,-36,12,6,0.20175438596491202,48,1
65,16:6,assassinate,True,22,"[0, 10, 3, 11, 16]",1,0.0,-36,12,6,0.20175438596491202,48,1
66,"(8,7)",,True,25,"[15, 8, 7, 16, 6]",1,0.0,-38,12,6,0.130604288499025,50,1
67,"(8,7)",,True,25,"[15, 8, 7, 16, 6]",1,0.0,-38,12,6,0.130604288499025,50,1
68,10:10,assassinate,True,21,"[5, 7, 10, 19, 17]",1,0.0,-40,12,5,0.190058479532163,52,1
69,10:10,assassinate,True,21,"[5, 7, 10, 19, 17]",1,0.0,-40,12,5,0.190058479532163,52,1
70,4:10,assassinate,True,17,"[8, 0, 14, 4, 17]",1,0.0,-42,12,4,0.22222222222222202,54,1
71,4:10,assassinate,True,17,"[8, 0, 14, 4, 17]",1,0.0,-42,12,4,0.22222222222222202,54,1
72,"(17,6)",,True,15,"[16, 17, 6, 15, 12]",1,0.0,-44,12,4,0.26315789473684204,56,1
73,"(17,6)",,True,15,"[16, 17, 6, 15, 12]",1,0.0,-44,12,4,0.26315789473684204,56,1
74,"(15,6)",,True,17,"[18, 15, 3, 6, 17]",1,0.0,-46,12,4,0.20467836257309902,58,1
75,"(15,6)",,True,17,"[18, 15, 3, 6, 17]",1,0.0,-46,12,4,0.20467836257309902,58,1
76,"(1,13)",,True,19,"[6, 12, 1, 5, 13]",1,0.0,-48,12,5,0.200779727095516,60,1
77,"(1,13)",,True,19,"[6, 12, 1, 5, 13]",1,0.0,-48,12,5,0.200779727095516,60,1
78,"(9,13)",,True,22,"[9, 11, 19, 8, 13]",1,0.0,-50,12,5,0.23586744639376203,62,1
79,"(9,13)",,True,22,"[9, 11, 19, 8, 13]",1,0.0,-50,12,5,0.23586744639376203,62,1
80,"(5,4)",,True,24,"[5, 12, 4, 3, 8]",1,0.0,-52,12,5,0.24658869395711502,64,1
81,"(5,4)",,True,24,"[5, 12, 4, 3, 8]",1,0.0,-52,12,5,0.24658869395711502,64,1
82,"(2,3)",,True,26,"[11, 2, 5, 0, 3]",1,0.0,-54,12,5,0.235672514619883,66,1
83,"(2,3)",,True,26,"[11, 2, 5, 0, 3]",1,0.0,-54,12,5,0.235672514619883,66,1
84,"(1,19)",,True,28,"[1, 15, 19, 2, 6]",1,0.0,-56,12,6,0.24152046783625702,68,1
85,"(1,19)",,True,28,"[1, 15, 19, 2, 6]",1,0.0,-56,12,6,0.24152046783625702,68,1
86,3:12,assassinate,True,24,"[3, 8, 12, 14, 4]",1,0.0,-58,12,6,0.304093567251461,70,1
87,3:12,assassinate,True,24,"[3, 8, 12, 14, 4]",1,0.0,-58,12,6,0.304093567251461,70,1
88,"(1,3)",,True,26,"[1, 3, 18, 14, 12]",2,0.019493177387914,-60,12,7,0.312865497076023,72,1
89,"(1,3)",,True,26,"[1, 3, 18, 14, 12]",2,0.019493177387914,-60,12,7,0.312865497076023,72,1
90,"(10,1)",,True,28,"[17, 10, 12, 1, 16]",3,0.038499025341130005,-62,12,8,0.399610136452241,74,1
91,"(10,1)",,True,28,"[17, 10, 12, 1, 16]",3,0.038499025341130005,-62,12,8,0.399610136452241,74,1
92,"(4,6)",,True,30,"[0, 7, 4, 15, 6]",3,0.031676413255360004,-64,12,8,0.398635477582846,76,1
93,"(4,6)",,True,30,"[0, 7, 4, 15, 6]",3,0.031676413255360004,-64,12,8,0.398635477582846,76,1
94,2:12,assassinate,True,23,"[12, 9, 2, 4, 18]",2,0.008771929824561,-66,12,8,0.40448343079922006,78,1
95,2:12,assassinate,True,23,"[12, 9, 2, 4, 18]",2,0.008771929824561,-66,12,8,0.40448343079922006,78,1
96,"(2,19)",,True,23,"[14, 2, 5, 4, 19]",2,0.008771929824561,-68,12,7,0.398635477582845,80,1
97,"(2,19)",,True,23,"[14, 2, 5, 4, 19]",2,0.008771929824561,-68,12,7,0.398635477582845,80,1
98,"(3,16)",,True,25,"[12, 19, 5, 3, 16]",2,0.008771929824561,-70,12,7,0.42495126705653,82,1
99,"(3,16)",,True,25,"[12, 19, 5, 3, 16]",2,0.008771929824561,-70,12,7,0.42495126705653,82,1
100,"(5,1)",,True,27,"[5, 1, 17, 15, 6]",2,0.008771929824561,-72,12,8,0.44912280701754304,84,1
101,"(5,1)",,True,27,"[5, 1, 17, 15, 6]",2,0.008771929824561,-72,12,8,0.44912280701754304,84,1
102,"(14,17)",,True,27,"[5, 14, 17, 16, 1]",2,0.008771929824561,-74,12,8,0.43177387914230003,86,1
103,"(14,17)",,True,27,"[5, 14, 17, 16, 1]",2,0.008771929824561,-74,12,8,0.43177387914230003,86,1
104,13:14,assassinate,True,22,"[13, 11, 4, 16, 1]",2,0.014619883040935,-76,12,7,0.43274853801169505,88,1
105,13:14,assassinate,True,22,"[13, 11, 4, 16, 1]",2,0.014619883040935,-76,12,7,0.43274853801169505,88,1
106,"(1,11)",,True,24,"[1, 11, 15, 18, 17]",2,0.014619883040935,-78,12,8,0.402534113060428,90,1
107,"(1,11)",,True,24,"[1, 11, 15, 18, 17]",2,0.014619883040935,-78,12,8,0.402534113060428,90,1
108,8:12,assassinate,True,19,"[10, 8, 12, 17, 15]",1,0.0,-80,12,8,0.46978557504873203,92,1
109,8:12,assassinate,True,19,"[10, 8, 12, 17, 15]",1,0.0,-80,12,8,0.46978557504873203,92,1
110,"(13,1)",,True,19,"[14, 12, 2, 13, 1]",1,0.0,-82,12,9,0.507797270955165,94,1
111,"(13,1)",,True,19,"[14, 12, 2, 13, 1]",1,0.0,-82,12,9,0.507797270955165,94,1
112,"(5,6)",,True,17,"[5, 4, 1, 6, 16]",1,0.0,-84,12,8,0.38499025341130605,96,1
113,"(5,6)",,True,17,"[5, 4, 1, 6, 16]",1,0.0,-84,12,8,0.38499025341130605,96,1
114,"(1,10)",,True,18,"[6, 3, 0, 1, 10]",2,0.005847953216374001,-86,12,9,0.39083820662768004,98,1
115,"(1,10)",,True,18,"[6, 3, 0, 1, 10]",2,0.005847953216374001,-86,12,9,0.39083820662768004,98,1
116,"(2,17)",,True,20,"[0, 6, 2, 17, 16]",2,0.005847953216374001,-88,12,9,0.43274853801169505,100,1
117,"(2,17)",,True,20,"[0, 6, 2, 17, 16]",2,0.005847953216374001,-88,12,9,0.43274853801169505,100,1
118,"(11,5)",,True,22,"[11, 5, 1, 3, 13]",2,0.005847953216374001,-90,12,9,0.40175438596491203,102,1
119,"(11,5)",,True,22,"[11, 5, 1, 3, 13]",2,0.005847953216374001,-90,12,9,0.40175438596491203,102,1
120,"(18,13)",,True,25,"[18, 12, 9, 13, 19]",2,0.09356725146198801,-92,12,9,0.548538011695906,104,1
121,"(18,13)",,True,25,"[18, 12, 9, 13, 19]",2,0.09356725146198801,-92,12,9,0.548538011695906,104,1
122,4:6,assassinate,True,23,"[4, 16, 0, 10, 9]",2,0.087719298245614,-94,12,9,0.450292397660818,106,1
123,4:6,assassinate,True,23,"[4, 16, 0, 10, 9]",2,0.087719298245614,-94,12,9,0.450292397660818,106,1
124,"(4,1)",,True,25,"[16, 4, 6, 9, 1]",2,0.18713450292397601,-96,12,10,0.597953216374269,108,1
125,"(4,1)",,True,25,"[16, 4, 6, 9, 1]",2,0.18713450292397601,-96,12,10,0.597953216374269,108,1
126,"(19,8)",,True,25,"[19, 4, 8, 6, 2]",2,0.026315789473684,-98,12,10,0.538011695906432,110,1
127,"(19,8)",,True,25,"[19, 4, 8, 6, 2]",2,0.026315789473684,-98,12,10,0.538011695906432,110,1
128,"(7,1)",,True,27,"[7, 10, 13, 18, 1]",2,0.026315789473684,-100,12,11,0.595029239766081,112,1
129,"(7,1)",,True,27,"[7, 10, 13, 18, 1]",2,0.026315789473684,-100,12,11,0.595029239766081,112,1
130,"(5,12)",,True,27,"[9, 5, 14, 4, 12]",2,0.017543859649122,-102,12,11,0.521442495126705,114,1
131,"(5,12)",,True,27,"[9, 5, 14, 4, 12]",2,0.017543859649122,-102,12,11,0.521442495126705,114,1
132,"(17,19)",,True,27,"[11, 17, 9, 19, 16]",2,0.038499025341130005,-104,12,11,0.546783625730994,116,1
133,"(17,19)",,True,27,"[11, 17, 9, 19, 16]",2,0.038499025341130005,-104,12,11,0.546783625730994,116,1
134,"(6,8)",,True,29,"[13, 6, 8, 10, 5]",2,0.026803118908382002,-106,12,11,0.507309941520467,118,1
135,"(6,8)",,True,29,"[13, 6, 8, 10, 5]",2,0.026803118908382002,-106,12,11,0.507309941520467,118,1
136,"(1,15)",,True,31,"[1, 15, 13, 3, 14]",3,0.020077972709551,-108,12,12,0.5487329434697851,120,1
137,"(1,15)",,True,31,"[1, 15, 13, 3, 14]",3,0.020077972709551,-108,12,12,0.5487329434697851,120,1
138,"(8,4)",,True,31,"[17, 10, 8, 19, 4]",3,0.020077972709551,-110,12,12,0.5487329434697851,122,1
139,"(8,4)",,True,31,"[17, 10, 8, 19, 4]",3,0.020077972709551,-110,12,12,0.5487329434697851,122,1
140,11:10,assassinate,True,27,"[2, 19, 11, 15, 10]",2,0.013645224171539001,-112,12,11,0.51364522417154,124,1
141,11:10,assassinate,True,27,"[2, 19, 11, 15, 10]",2,0.013645224171539001,-112,12,11,0.51364522417154,124,1
142,18:6,assassinate,True,23,"[7, 3, 8, 18, 4]",1,0.0,-114,12,10,0.524366471734892,126,1
143,18:6,assassinate,True,23,"[7, 3, 8, 18, 4]",1,0.0,-114,12,10,0.524366471734892,126,1
144,"(16,7)",,True,25,"[16, 7, 12, 3, 15]",2,0.014619883040935,-116,12,10,0.5740740740740741,128,1
145,"(16,7)",,True,25,"[16, 7, 12, 3, 15]",2,0.014619883040935,-116,12,10,0.5740740740740741,128,1
146,"(0,9)",,True,25,"[17, 0, 9, 4, 7]",1,0.0,-118,12,10,0.552631578947368,130,1
147,"(0,9)",,True,25,"[17, 0, 9, 4, 7]",1,0.0,-118,12,10,0.552631578947368,130,1
148,"(16,18)",,True,27,"[4, 16, 18, 2, 12]",1,0.0,-120,12,10,0.6072124756335281,132,1
149,"(16,18)",,True,27,"[4, 16, 18, 2, 12]",1,0.0,-120,12,10,0.6072124756335281,132,1
150,8:12,assassinate,True,22,"[3, 8, 2, 13, 7]",1,0.0,-122,12,10,0.6608187134502921,134,1
151,8:12,assassinate,True,22,"[3, 8, 2, 13, 7]",1,0.0,-122,12,10,0.6608187134502921,134,1
152,"(2,4)",,True,22,"[2, 4, 0, 12, 15]",1,0.0,-124,12,9,0.6413255360623781,136,1
153,"(2,4)",,True,22,"[2, 4, 0, 12, 15]",1,0.0,-124,12,9,0.6413255360623781,136,1
154,"(13,4)",,True,21,"[13, 15, 7, 4, 1]",2,0.004873294346978,-126,12,9,0.552631578947368,138,1
155,"(13,4)",,True,21,"[13, 15, 7, 4, 1]",2,0.004873294346978,-126,12,9,0.552631578947368,138,1
156,"(8,1)",,True,23,"[14, 8, 19, 1, 16]",2,0.004873294346978,-128,12,10,0.577972709551656,140,1
157,"(8,1)",,True,23,"[14, 8, 19, 1, 16]",2,0.004873294346978,-128,12,10,0.577972709551656,140,1
158,"(18,10)",,True,23,"[19, 18, 13, 14, 10]",2,0.004873294346978,-130,12,10,0.577972709551656,142,1
159,"(18,10)",,True,23,"[19, 18, 13, 14, 10]",2,0.004873294346978,-130,12,10,0.577972709551656,142,1
160,"(1,12)",,True,22,"[8, 0, 6, 1, 12]",2,0.09941520467836201,-132,12,10,0.687134502923976,144,1
161,"(1,12)",,True,22,"[8, 0, 6, 1, 12]",2,0.09941520467836201,-132,12,10,0.687134502923976,144,1
162,"(3,4)",,True,24,"[3, 16, 19, 4, 17]",2,0.0029239766081870003,-134,12,10,0.595516569200779,146,1
163,"(3,4)",,True,24,"[3, 16, 19, 4, 17]",2,0.0029239766081870003,-134,12,10,0.595516569200779,146,1
164,"(14,19)",,True,24,"[14, 13, 19, 5, 15]",2,0.0029239766081870003,-136,12,10,0.6159844054580891,148,1
165,"(14,19)",,True,24,"[14, 13, 19, 5, 15]",2,0.0029239766081870003,-136,12,10,0.6159844054580891,148,1
166,"(2,17)",,True,22,"[12, 14, 5, 2, 17]",2,0.0029239766081870003,-138,12,9,0.6101364522417151,150,1
167,"(2,17)",,True,22,"[12, 14, 5, 2, 17]",2,0.0029239766081870003,-138,12,9,0.6101364522417151,150,1
168,"(5,11)",,True,24,"[0, 5, 11, 9, 15]",2,0.007309941520467001,-140,12,9,0.659844054580896,152,1
169,"(5,11)",,True,24,"[0, 5, 11, 9, 15]",2,0.007309941520467001,-140,12,9,0.659844054580896,152,1
170,"(16,10)",,True,24,"[4, 16, 14, 19, 10]",2,0.007309941520467001,-142,12,8,0.47270955165692,154,1
171,"(16,10)",,True,24,"[4, 16, 14, 19, 10]",2,0.007309941520467001,-142,12,8,0.47270955165692,154,1
172,"(11,12)",,True,26,"[8, 15, 11, 12, 19]",3,0.076510721247563,-144,12,8,0.549707602339181,156,1
173,"(11,12)",,True,26,"[8, 15, 11, 12, 19]",3,0.076510721247563,-144,12,8,0.549707602339181,156,1
174,"(5,1)",,True,29,"[9, 7, 5, 10, 1]",3,0.051169590643274004,-146,12,9,0.38060428849902506,158,1
175,"(5,1)",,True,29,"[9, 7, 5, 10, 1]",3,0.051169590643274004,-146,12,9,0.38060428849902506,158,1
176,"(6,13)",,True,31,"[10, 6, 12, 13, 0]",3,0.053606237816764005,-148,12,9,0.33859649122807,160,1
177,"(6,13)",,True,31,"[10, 6, 12, 13, 0]",3,0.053606237816764005,-148,12,9,0.33859649122807,160,1
178,"(7,8)",,True,30,"[7, 13, 3, 17, 8]",3,0.057699805068226,-150,12,7,0.30477582846003803,162,1
179,"(7,8)",,True,30,"[7, 13, 3, 17, 8]",3,0.057699805068226,-150,12,7,0.30477582846003803,162,1
180,"(2,7)",,True,30,"[2, 8, 9, 7, 13]",3,0.054775828460038006,-152,12,6,0.20048732943469702,164,1
181,"(2,7)",,True,30,"[2, 8, 9, 7, 13]",3,0.054775828460038006,-152,12,6,0.20048732943469702,164,1
182,"(4,0)",,True,30,"[6, 4, 13, 12, 0]",2,0.014619883040935,-154,12,6,0.16666666666666602,166,1
183,"(4,0)",,True,30,"[6, 4, 13, 12, 0]",2,0.014619883040935,-154,12,6,0.16666666666666602,166,1
184,14:14,assassinate,True,24,"[8, 14, 4, 0, 19]",2,0.039961013645224,-156,12,5,0.20857699805068203,168,1
185,14:14,assassinate,True,24,"[8, 14, 4, 0, 19]",2,0.039961013645224,-156,12,5,0.20857699805068203,168,1
186,"(11,1)",,True,24,"[11, 3, 1, 10, 5]",2,0.067251461988304,-158,12,6,0.456140350877192,170,1
187,"(11,1)",,True,24,"[11, 3, 1, 10, 5]",2,0.067251461988304,-158,12,6,0.456140350877192,170,1
188,"(19,0)",,True,24,"[4, 19, 16, 12, 0]",2,0.067251461988304,-160,12,6,0.456140350877192,172,1
189,"(19,0)",,True,24,"[4, 19, 16, 12, 0]",2,0.067251461988304,-160,12,6,0.456140350877192,172,1
190,"(17,15)",,True,22,"[1, 17, 15, 18, 16]",2,0.029239766081871003,-162,12,5,0.561403508771929,174,1
191,"(17,15)",,True,22,"[1, 17, 15, 18, 16]",2,0.029239766081871003,-162,12,5,0.561403508771929,174,1
192,"(0,18)",,True,22,"[0, 2, 13, 3, 18]",1,0.0,-164,12,5,0.524366471734892,176,1
193,"(0,18)",,True,22,"[0, 2, 13, 3, 18]",1,0.0,-164,12,5,0.524366471734892,176,1
194,"(1,16)",,True,24,"[0, 1, 16, 7, 11]",1,0.0,-166,12,6,0.440545808966861,178,1
195,"(1,16)",,True,24,"[0, 1, 16, 7, 11]",1,0.0,-166,12,6,0.440545808966861,178,1
196,"(3,0)",,True,24,"[3, 17, 0, 15, 4]",2,0.0,-168,12,6,0.35282651072124704,180,1
197,"(3,0)",,True,24,"[3, 17, 0, 15, 4]",2,0.0,-168,12,6,0.35282651072124704,180,1
198,"(15,4)",,True,24,"[12, 15, 4, 8, 10]",2,0.0,-170,12,5,0.27485380116959,182,1
199,"(15,4)",,True,24,"[12, 15, 4, 8, 10]",2,0.0,-170,12,5,0.27485380116959,182,1
200,"(6,1)",,True,26,"[6, 0, 18, 1, 15]",3,0.029239766081871003,-172,12,6,0.32943469785575,184,1
201,"(6,1)",,True,26,"[6, 0, 18, 1, 15]",3,0.029239766081871003,-172,12,6,0.32943469785575,184,1
202,"(16,0)",,True,26,"[8, 16, 0, 12, 14]",3,0.029239766081871003,-174,12,6,0.32943469785575,186,1
203,"(16,0)",,True,26,"[8, 16, 0, 12, 14]",3,0.029239766081871003,-174,12,6,0.32943469785575,186,1
204,13:10,assassinate,True,23,"[9, 1, 15, 13, 4]",2,0.0,-176,12,6,0.32358674463937603,188,1
205,13:10,assassinate,True,23,"[9, 1, 15, 13, 4]",2,0.0,-176,12,6,0.32358674463937603,188,1
206,"(16,14)",,True,25,"[7, 16, 8, 14, 17]",2,0.0,-178,12,6,0.295808966861598,190,1
207,"(16,14)",,True,25,"[7, 16, 8, 14, 17]",2,0.0,-178,12,6,0.295808966861598,190,1
208,"(5,1)",,True,28,"[15, 5, 6, 16, 1]",2,0.0,-180,12,7,0.278849902534113,192,1
209,"(5,1)",,True,28,"[15, 5, 6, 16, 1]",2,0.0,-180,12,7,0.278849902534113,192,1
210,"(8,2)",,True,30,"[8, 10, 16, 2, 5]",2,0.0,-182,12,7,0.271539961013645,194,1
211,"(8,2)",,True,30,"[8, 10, 16, 2, 5]",2,0.0,-182,12,7,0.271539961013645,194,1
212,"(5,9)",,True,32,"[6, 5, 15, 9, 14]",3,0.030701754385964,-184,12,7,0.26812865497076,196,1
213,"(5,9)",,True,32,"[6, 5, 15, 9, 14]",3,0.030701754385964,-184,12,7,0.26812865497076,196,1
214,18:8,assassinate,True,29,"[6, 14, 19, 8, 18]",3,0.038986354775828,-186,12,7,0.25341130604288503,198,1
215,18:8,assassinate,True,29,"[6, 14, 19, 8, 18]",3,0.038986354775828,-186,12,7,0.25341130604288503,198,1
216,7:14,assassinate,True,23,"[13, 6, 8, 7, 18]",3,0.045808966861598,-188,12,6,0.26803118908382,200,1
217,7:14,assassinate,True,23,"[13, 6, 8, 7, 18]",3,0.045808966861598,-188,12,6,0.26803118908382,200,1
218,"(7,5)",,True,26,"[10, 17, 11, 7, 5]",3,0.045808966861598,-190,12,6,0.242690058479532,202,1
219,"(7,5)",,True,26,"[10, 17, 11, 7, 5]",3,0.045808966861598,-190,12,6,0.242690058479532,202,1
220,17:8,assassinate,True,24,"[6, 17, 16, 4, 0]",3,0.025341130604288,-192,12,6,0.18908382066276802,204,1
221,17:8,assassinate,True,24,"[6, 17, 16, 4, 0]",3,0.025341130604288,-192,12,6,0.18908382066276802,204,1
222,"(8,10)",,True,24,"[8, 0, 7, 10, 4]",3,0.055555555555555004,-194,12,5,0.167641325536062,206,1
223,"(8,10)",,True,24,"[8, 0, 7, 10, 4]",3,0.055555555555555004,-194,12,5,0.167641325536062,206,1
224,"(5,18)",,True,26,"[16, 12, 5, 8, 18]",3,0.067251461988304,-196,12,5,0.160818713450292,208,1
225,"(5,18)",,True,26,"[16, 12, 5, 8, 18]",3,0.067251461988304,-196,12,5,0.160818713450292,208,1
226,14:4,assassinate,True,23,"[10, 16, 17, 14, 6]",2,0.0,-196,13,4,0.036062378167641004,209,1
227,14:4,assassinate,True,23,"[10, 16, 17, 14, 6]",2,0.0,-196,13,4,0.036062378167641004,209,1
228,"(14,10)",,True,26,"[14, 9, 13, 4, 10]",2,0.0,-198,13,4,0.013645224171539001,211,1
229,"(14,10)",,True,26,"[14, 9, 13, 4, 10]",2,0.0,-198,13,4,0.013645224171539001,211,1
230,"(6,5)",,True,26,"[6, 17, 4, 2, 5]",2,0.0,-200,13,4,0.028849902534113,213,1
231,"(6,5)",,True,26,"[6, 17, 4, 2, 5]",2,0.0,-200,13,4,0.028849902534113,213,1
232,"(12,14)",,True,28,"[15, 12, 16, 0, 14]",2,0.0,-202,13,4,0.018518518518518,215,1
233,"(12,14)",,True,28,"[15, 12, 16, 0, 14]",2,0.0,-202,13,4,0.018518518518518,215,1
234,"(6,13)",,True,30,"[14, 6, 5, 13, 7]",2,0.0,-204,13,4,0.029239766081871003,217,1
235,"(6,13)",,True,30,"[14, 6, 5, 13, 7]",2,0.0,-204,13,4,0.029239766081871003,217,1
236,"(6,11)",,True,30,"[5, 13, 6, 11, 16]",2,0.0,-206,13,4,0.029239766081871003,219,1
237,"(6,11)",,True,30,"[5, 13, 6, 11, 16]",2,0.0,-206,13,4,0.029239766081871003,219,1
238,15:8,assassinate,True,27,"[8, 15, 16, 0, 4]",1,0.0,-208,13,4,0.026705653021442004,221,1
239,15:8,assassinate,True,27,"[8, 15, 16, 0, 4]",1,0.0,-208,13,4,0.026705653021442004,221,1
240,3:16,assassinate,True,20,"[9, 12, 11, 14, 3]",1,0.0,-208,14,3,0.12475633528265101,222,1
241,3:16,assassinate,True,20,"[9, 12, 11, 14, 3]",1,0.0,-208,14,3,0.12475633528265101,222,1
242,"(7,5)",,True,20,"[3, 7, 4, 5, 11]",1,0.0,-210,14,3,0.157894736842105,224,1
243,"(7,5)",,True,20,"[3, 7, 4, 5, 11]",1,0.0,-210,14,3,0.157894736842105,224,1
244,"(15,6)",,True,22,"[7, 19, 15, 6, 12]",1,0.0,-212,14,3,0.11549707602339102,226,1
245,"(15,6)",,True,22,"[7, 19, 15, 6, 12]",1,0.0,-212,14,3,0.11549707602339102,226,1
246,4:4,assassinate,True,22,"[5, 10, 7, 14, 4]",1,0.0,-214,14,3,0.058187134502923,228,1
247,4:4,assassinate,True,22,"[5, 10, 7, 14, 4]",1,0.0,-214,14,3,0.058187134502923,228,1
248,"(2,1)",,True,25,"[16, 15, 2, 1, 5]",3,0.122807017543859,-212,16,4,0.099122807017543,228,1
249,"(2,1)",,True,25,"[16, 15, 2, 1, 5]",3,0.122807017543859,-212,16,4,0.099122807017543,228,1
250,17:2,assassinate,True,25,"[12, 5, 8, 17, 10]",2,0.032651072124756,-212,17,4,0.07846003898635401,229,1
251,17:2,assassinate,True,25,"[12, 5, 8, 17, 10]",2,0.032651072124756,-212,17,4,0.07846003898635401,229,1
252,"(17,0)",,True,25,"[12, 18, 17, 0, 11]",2,0.032651072124756,-212,18,4,0.07846003898635401,230,1
253,"(17,0)",,True,25,"[12, 18, 17, 0, 11]",2,0.032651072124756,-212,18,4,0.07846003898635401,230,1
254,"(17,6)",,True,27,"[17, 0, 12, 14, 6]",3,0.071150097465886,-214,18,4,0.111598440545808,232,1
255,"(17,6)",,True,27,"[17, 0, 12, 14, 6]",3,0.071150097465886,-214,18,4,0.111598440545808,232,1
256,17:4,assassinate,True,27,"[1, 2, 11, 17, 14]",4,0.164717348927875,-212,20,4,0.082358674463937,232,1
257,17:4,assassinate,True,27,"[1, 2, 11, 17, 14]",4,0.164717348927875,-212,20,4,0.082358674463937,232,1
258,"(18,1)",,True,30,"[5, 18, 16, 1, 13]",4,0.135477582846003,-210,22,5,0.125146198830409,232,1
259,"(18,1)",,True,30,"[5, 18, 16, 1, 13]",4,0.135477582846003,-210,22,5,0.125146198830409,232,1
260,9:4,assassinate,True,29,"[16, 13, 17, 5, 9]",4,0.12670565302144202,-208,24,5,0.09931773879142301,232,1
261,9:4,assassinate,True,29,"[16, 13, 17, 5, 9]",4,0.12670565302144202,-208,24,5,0.09931773879142301,232,1
262,"(2,9)",,True,29,"[12, 2, 5, 3, 9]",4,0.139961013645224,-206,26,4,0.12124756335282601,232,1
263,"(2,9)",,True,29,"[12, 2, 5, 3, 9]",4,0.139961013645224,-206,26,4,0.12124756335282601,232,1
264,4:2,assassinate,True,27,"[14, 9, 7, 4, 6]",3,0.041520467836257006,-206,27,3,0.10175438596491201,233,1
265,4:2,assassinate,True,27,"[14, 9, 7, 4, 6]",3,0.041520467836257006,-206,27,3,0.10175438596491201,233,1
266,"(14,17)",,True,29,"[14, 17, 0, 3, 16]",3,0.043469785575048006,-208,27,3,0.06569200779727001,235,1
267,"(14,17)",,True,29,"[14, 17, 0, 3, 16]",3,0.043469785575048006,-208,27,3,0.06569200779727001,235,1
268,"(1,14)",,True,29,"[1, 14, 4, 5, 15]",3,0.028752436647173002,-210,27,4,0.150724032302979,237,1
269,"(1,14)",,True,29,"[1, 14, 4, 5, 15]",3,0.028752436647173002,-210,27,4,0.150724032302979,237,1
270,"(14,7)",,True,31,"[0, 2, 9, 14, 7]",3,0.025828460038986003,-212,27,4,0.11179337231968801,239,1
271,"(14,7)",,True,31,"[0, 2, 9, 14, 7]",3,0.025828460038986003,-212,27,4,0.11179337231968801,239,1
272,6:12,assassinate,True,26,"[6, 15, 16, 17, 12]",3,0.052631578947368,-214,27,4,0.19395711500974602,241,1
273,6:12,assassinate,True,26,"[6, 15, 16, 17, 12]",3,0.052631578947368,-214,27,4,0.19395711500974602,241,1
274,8:8,assassinate,True,23,"[7, 8, 5, 15, 12]",2,0.024366471734892002,-216,27,4,0.20175438596491202,243,1
275,8:8,assassinate,True,23,"[7, 8, 5, 15, 12]",2,0.024366471734892002,-216,27,4,0.20175438596491202,243,1
276,"(1,8)",,True,23,"[1, 8, 11, 2, 16]",2,0.175438596491228,-216,28,4,0.218323586744639,244,1
277,"(1,8)",,True,23,"[1, 8, 11, 2, 16]",2,0.175438596491228,-216,28,4,0.218323586744639,244,1
278,"(8,4)",,True,25,"[8, 4, 2, 14, 13]",3,0.20906432748538,-216,29,4,0.228070175438596,245,1
279,"(8,4)",,True,25,"[8, 4, 2, 14, 13]",3,0.20906432748538,-216,29,4,0.228070175438596,245,1
280,18:4,assassinate,True,24,"[4, 18, 13, 10, 19]",3,0.071442495126705,-216,30,4,0.13937621832358602,246,1
281,18:4,assassinate,True,24,"[4, 18, 13, 10, 19]",3,0.071442495126705,-216,30,4,0.13937621832358602,246,1
282,10:6,assassinate,True,20,"[6, 18, 11, 5, 10]",3,0.15058479532163702,-214,32,3,0.029239766081871003,246,1
283,10:6,assassinate,True,20,"[6, 18, 11, 5, 10]",3,0.15058479532163702,-214,32,3,0.029239766081871003,246,1
284,"(4,14)",,True,22,"[11, 10, 13, 4, 14]",3,0.07846003898635401,-212,34,3,0.024756335282651,246,1
285,"(4,14)",,True,22,"[11, 10, 13, 4, 14]",3,0.07846003898635401,-212,34,3,0.024756335282651,246,1
286,8:6,assassinate,True,21,"[1, 4, 16, 10, 8]",4,0.102534113060428,-210,36,3,0.019883040935672003,246,1
287,8:6,assassinate,True,21,"[1, 4, 16, 10, 8]",4,0.102534113060428,-210,36,3,0.019883040935672003,246,1
288,10:2,assassinate,True,22,"[11, 10, 6, 3, 5]",3,0.031189083820662003,-208,38,3,0.022222222222222,246,1
289,10:2,assassinate,True,22,"[11, 10, 6, 3, 5]",3,0.031189083820662003,-208,38,3,0.022222222222222,246,1
290,15:6,assassinate,True,20,"[17, 10, 15, 12, 11]",2,0.011695906432748001,-208,39,3,0.023391812865497002,247,1
291,15:6,assassinate,True,20,"[17, 10, 15, 12, 11]",2,0.011695906432748001,-208,39,3,0.023391812865497002,247,1
292,"(11,5)",,True,20,"[2, 4, 11, 5, 15]",2,0.020467836257309,-210,39,3,0.043859649122807,249,1
293,"(11,5)",,True,20,"[2, 4, 11, 5, 15]",2,0.020467836257309,-210,39,3,0.043859649122807,249,1
294,"(2,3)",,True,22,"[16, 2, 12, 5, 3]",2,0.014619883040935,-212,39,3,0.061403508771929,251,1
295,"(2,3)",,True,22,"[16, 2, 12, 5, 3]",2,0.014619883040935,-212,39,3,0.061403508771929,251,1
296,"(2,14)",,True,22,"[17, 3, 2, 6, 14]",3,0.035087719298245,-214,39,3,0.13645224171539902,253,1
297,"(2,14)",,True,22,"[17, 3, 2, 6, 14]",3,0.035087719298245,-214,39,3,0.13645224171539902,253,1
298,"(18,0)",,True,22,"[18, 16, 6, 0, 19]",3,0.035087719298245,-214,40,3,0.13645224171539902,254,1
299,"(18,0)",,True,22,"[18, 16, 6, 0, 19]",3,0.035087719298245,-214,40,3,0.13645224171539902,254,1
300,12:8,assassinate,True,19,"[12, 8, 5, 2, 11]",2,0.011695906432748001,-216,40,3,0.143274853801169,256,1
301,12:8,assassinate,True,19,"[12, 8, 5, 2, 11]",2,0.011695906432748001,-216,40,3,0.143274853801169,256,1
302,19:12,assassinate,True,14,"[19, 6, 11, 17, 1]",2,0.035087719298245,-218,40,3,0.245614035087719,258,1
303,19:12,assassinate,True,14,"[19, 6, 11, 17, 1]",2,0.035087719298245,-218,40,3,0.245614035087719,258,1
304,"(13,1)",,True,16,"[15, 6, 13, 1, 14]",3,0.045808966861598,-220,40,4,0.26120857699805,260,1
305,"(13,1)",,True,16,"[15, 6, 13, 1, 14]",3,0.045808966861598,-220,40,4,0.26120857699805,260,1
306,"(19,9)",,True,18,"[19, 9, 10, 14, 15]",3,0.066276803118908,-222,40,4,0.23196881091617902,262,1
307,"(19,9)",,True,18,"[19, 9, 10, 14, 15]",3,0.066276803118908,-222,40,4,0.23196881091617902,262,1
308,"(13,10)",,True,20,"[4, 13, 6, 10, 19]",3,0.079922027290448,-224,40,4,0.18713450292397601,264,1
309,"(13,10)",,True,20,"[4, 13, 6, 10, 19]",3,0.079922027290448,-224,40,4,0.18713450292397601,264,1
310,6:4,assassinate,True,17,"[7, 12, 15, 6, 10]",3,0.08089668615984401,-226,40,3,0.150097465886939,266,1
311,6:4,assassinate,True,17,"[7, 12, 15, 6, 10]",3,0.08089668615984401,-226,40,3,0.150097465886939,266,1
312,"(2,1)",,True,19,"[2, 14, 10, 6, 1]",3,0.057504873294346004,-228,40,4,0.155945419103313,268,1
313,"(2,1)",,True,19,"[2, 14, 10, 6, 1]",3,0.057504873294346004,-228,40,4,0.155945419103313,268,1
314,"(11,0)",,True,19,"[9, 11, 0, 13, 8]",2,0.012670565302144,-230,40,4,0.190058479532163,270,1
315,"(11,0)",,True,19,"[9, 11, 0, 13, 8]",2,0.012670565302144,-230,40,4,0.190058479532163,270,1
316,"(16,1)",,True,22,"[16, 5, 1, 0, 11]",2,0.015302144249512002,-232,40,5,0.22115009746588601,272,1
317,"(16,1)",,True,22,"[16, 5, 1, 0, 11]",2,0.015302144249512002,-232,40,5,0.22115009746588601,272,1
318,"(8,5)",,True,25,"[8, 0, 9, 14, 5]",2,0.015107212475633002,-234,40,5,0.195906432748537,274,1
319,"(8,5)",,True,25,"[8, 0, 9, 14, 5]",2,0.015107212475633002,-234,40,5,0.195906432748537,274,1
320,3:8,assassinate,True,22,"[3, 5, 0, 13, 4]",2,0.027972709551656,-236,40,5,0.209454191033138,276,1
321,3:8,assassinate,True,22,"[3, 5, 0, 13, 4]",2,0.027972709551656,-236,40,5,0.209454191033138,276,1
322,"(4,8)",,True,24,"[19, 4, 8, 12, 17]",2,0.012670565302144,-238,40,5,0.12222222222222201,278,1
323,"(4,8)",,True,24,"[19, 4, 8, 12, 17]",2,0.012670565302144,-238,40,5,0.12222222222222201,278,1
324,14:16,assassinate,True,16,"[2, 15, 14, 10, 3]",1,0.0,-240,40,4,0.15204678362573001,280,1
325,14:16,assassinate,True,16,"[2, 15, 14, 10, 3]",1,0.0,-240,40,4,0.15204678362573001,280,1
326,"(14,2)",,True,19,"[14, 4, 2, 19, 5]",1,0.0,-242,40,4,0.143274853801169,282,1
327,"(14,2)",,True,19,"[14, 4, 2, 19, 5]",1,0.0,-242,40,4,0.143274853801169,282,1
328,"(6,16)",,True,19,"[6, 3, 18, 2, 16]",1,0.0,-244,40,4,0.19883040935672502,284,1
329,"(6,16)",,True,19,"[6, 3, 18, 2, 16]",1,0.0,-244,40,4,0.19883040935672502,284,1
330,"(17,16)",,True,22,"[4, 9, 10, 17, 16]",1,0.0,-246,40,4,0.255360623781676,286,1
331,"(17,16)",,True,22,"[4, 9, 10, 17, 16]",1,0.0,-246,40,4,0.255360623781676,286,1
332,"(4,1)",,True,22,"[4, 10, 6, 13, 1]",1,0.0,-248,40,5,0.280701754385964,288,1
333,"(4,1)",,True,22,"[4, 10, 6, 13, 1]",1,0.0,-248,40,5,0.280701754385964,288,1
334,"(14,2)",,True,24,"[17, 16, 14, 2, 0]",1,0.0,-250,40,5,0.272417153996101,290,1
335,"(14,2)",,True,24,"[17, 16, 14, 2, 0]",1,0.0,-250,40,5,0.272417153996101,290,1
336,"(3,4)",,True,26,"[3, 5, 8, 0, 4]",1,0.0,-252,40,5,0.22855750487329402,292,1
337,"(3,4)",,True,26,"[3, 5, 8, 0, 4]",1,0.0,-252,40,5,0.22855750487329402,292,1
338,5:8,assassinate,True,23,"[3, 13, 14, 6, 5]",1,0.0,-254,40,5,0.19298245614035,294,1
339,5:8,assassinate,True,23,"[3, 13, 14, 6, 5]",1,0.0,-254,40,5,0.19298245614035,294,1
340,"(15,3)",,True,23,"[15, 3, 9, 2, 7]",1,0.0,-256,40,4,0.19103313840155903,296,1
341,"(15,3)",,True,23,"[15, 3, 9, 2, 7]",1,0.0,-256,40,4,0.19103313840155903,296,1
342,"(5,11)",,True,25,"[5, 8, 7, 11, 6]",1,0.0,-258,40,4,0.22027290448343,298,1
343,"(5,11)",,True,25,"[5, 8, 7, 11, 6]",1,0.0,-258,40,4,0.22027290448343,298,1
344,8:8,assassinate,True,22,"[8, 9, 13, 6, 18]",1,0.0,-260,40,4,0.14619883040935602,300,1
345,8:8,assassinate,True,22,"[8, 9, 13, 6, 18]",1,0.0,-260,40,4,0.14619883040935602,300,1
346,"(11,18)",,True,24,"[11, 12, 9, 18, 8]",1,0.0,-262,40,4,0.19298245614035,302,1
347,"(11,18)",,True,24,"[11, 12, 9, 18, 8]",1,0.0,-262,40,4,0.19298245614035,302,1
348,"(11,18)",,True,24,"[0, 4, 5, 11, 18]",1,0.0,-264,40,4,0.19298245614035,304,1
349,"(11,18)",,True,24,"[0, 4, 5, 11, 18]",1,0.0,-264,40,4,0.19298245614035,304,1
350,"(8,2)",,True,26,"[5, 8, 7, 2, 0]",2,0.038986354775828,-266,40,4,0.16861598440545802,306,1
351,"(8,2)",,True,26,"[5, 8, 7, 2, 0]",2,0.038986354775828,-266,40,4,0.16861598440545802,306,1
352,"(2,4)",,True,27,"[2, 4, 11, 3, 0]",2,0.036062378167641004,-268,40,4,0.160818713450292,308,1
353,"(2,4)",,True,27,"[2, 4, 11, 3, 0]",2,0.036062378167641004,-268,40,4,0.160818713450292,308,1
354,9:10,assassinate,True,23,"[9, 13, 18, 7, 16]",2,0.036062378167641004,-270,40,4,0.175438596491228,310,1
355,9:10,assassinate,True,23,"[9, 13, 18, 7, 16]",2,0.036062378167641004,-270,40,4,0.175438596491228,310,1
356,"(1,12)",,True,23,"[15, 11, 1, 16, 12]",2,0.049707602339181006,-272,40,4,0.19883040935672502,312,1
357,"(1,12)",,True,23,"[15, 11, 1, 16, 12]",2,0.049707602339181006,-272,40,4,0.19883040935672502,312,1
358,"(11,1)",,True,23,"[13, 11, 17, 1, 14]",2,0.036062378167641004,-274,40,4,0.175438596491228,314,1
359,"(11,1)",,True,23,"[13, 11, 17, 1, 14]",2,0.036062378167641004,-274,40,4,0.175438596491228,314,1
360,"(1,12)",,True,25,"[0, 4, 1, 16, 12]",2,0.047758284600389,-276,40,5,0.230019493177387,316,1
361,"(1,12)",,True,25,"[0, 4, 1, 16, 12]",2,0.047758284600389,-276,40,5,0.230019493177387,316,1
362,10:10,assassinate,True,21,"[8, 18, 13, 12, 10]",2,0.038011695906432004,-278,40,5,0.215399610136452,318,1
363,10:10,assassinate,True,21,"[8, 18, 13, 12, 10]",2,0.038011695906432004,-278,40,5,0.215399610136452,318,1
364,"(12,9)",,True,20,"[12, 11, 13, 9, 2]",2,0.09356725146198801,-280,40,4,0.29239766081871305,320,1
365,"(12,9)",,True,20,"[12, 11, 13, 9, 2]",2,0.09356725146198801,-280,40,4,0.29239766081871305,320,1
366,"(4,16)",,True,20,"[4, 16, 15, 17, 0]",2,0.109161793372319,-282,40,4,0.296296296296296,322,1
367,"(4,16)",,True,20,"[4, 16, 15, 17, 0]",2,0.109161793372319,-282,40,4,0.296296296296296,322,1
368,"(14,1)",,True,22,"[14, 4, 6, 1, 11]",2,0.079922027290448,-284,40,5,0.433723196881091,324,1
369,"(14,1)",,True,22,"[14, 4, 6, 1, 11]",2,0.079922027290448,-284,40,5,0.433723196881091,324,1
370,"(0,3)",,True,22,"[0, 4, 8, 3, 11]",1,0.0,-286,40,5,0.49220272904483403,326,1
371,"(0,3)",,True,22,"[0, 4, 8, 3, 11]",1,0.0,-286,40,5,0.49220272904483403,326,1
372,13:4,assassinate,True,21,"[17, 9, 13, 5, 0]",1,0.0,-288,40,5,0.347953216374269,328,1
373,13:4,assassinate,True,21,"[17, 9, 13, 5, 0]",1,0.0,-288,40,5,0.347953216374269,328,1
374,"(16,10)",,True,21,"[16, 0, 10, 13, 3]",1,0.0,-290,40,4,0.20175438596491202,330,1
375,"(16,10)",,True,21,"[16, 0, 10, 13, 3]",1,0.0,-290,40,4,0.20175438596491202,330,1
376,6:6,assassinate,True,17,"[2, 6, 5, 3, 18]",1,0.0,-292,40,4,0.321637426900584,332,1
377,6:6,assassinate,True,17,"[2, 6, 5, 3, 18]",1,0.0,-292,40,4,0.321637426900584,332,1
378,11:8,assassinate,True,14,"[7, 8, 11, 5, 6]",1,0.0,-294,40,3,0.321637426900584,334,1
379,11:8,assassinate,True,14,"[7, 8, 11, 5, 6]",1,0.0,-294,40,3,0.321637426900584,334,1
380,"(11,1)",,True,16,"[17, 11, 10, 1, 4]",1,0.0,-296,40,4,0.39766081871345005,336,1
381,"(11,1)",,True,16,"[17, 11, 10, 1, 4]",1,0.0,-296,40,4,0.39766081871345005,336,1
382,"(1,13)",,True,18,"[3, 9, 1, 7, 13]",2,0.26315789473684204,-298,40,5,0.6549707602339181,338,1
383,"(1,13)",,True,18,"[3, 9, 1, 7, 13]",2,0.26315789473684204,-298,40,5,0.6549707602339181,338,1
384,"(2,14)",,True,21,"[15, 6, 2, 3, 14]",4,0.245614035087719,-300,40,5,0.43567251461988304,340,1
385,"(2,14)",,True,21,"[15, 6, 2, 3, 14]",4,0.245614035087719,-300,40,5,0.43567251461988304,340,1
386,18:8,assassinate,True,18,"[2, 8, 18, 17, 10]",3,0.08479532163742601,-302,40,5,0.43274853801169505,342,1
387,18:8,assassinate,True,18,"[2, 8, 18, 17, 10]",3,0.08479532163742601,-302,40,5,0.43274853801169505,342,1
388,"(0,2)",,True,18,"[11, 1, 0, 18, 2]",3,0.087719298245614,-304,40,5,0.40935672514619803,344,1
389,"(0,2)",,True,18,"[11, 1, 0, 18, 2]",3,0.087719298245614,-304,40,5,0.40935672514619803,344,1
390,19:4,assassinate,True,17,"[17, 12, 8, 4, 19]",2,0.007797270955165,-306,40,5,0.40935672514619803,346,1
391,19:4,assassinate,True,17,"[17, 12, 8, 4, 19]",2,0.007797270955165,-306,40,5,0.40935672514619803,346,1
392,"(18,16)",,True,16,"[13, 18, 19, 16, 11]",2,0.007797270955165,-308,40,3,0.05653021442495101,348,1
393,"(18,16)",,True,16,"[13, 18, 19, 16, 11]",2,0.007797270955165,-308,40,3,0.05653021442495101,348,1
394,"(8,13)",,True,18,"[8, 11, 5, 13, 18]",2,0.062378167641325005,-310,40,3,0.24756335282651,350,1
395,"(8,13)",,True,18,"[8, 11, 5, 13, 18]",2,0.062378167641325005,-310,40,3,0.24756335282651,350,1
396,"(18,3)",,True,19,"[7, 18, 15, 17, 3]",2,0.062378167641325005,-312,40,3,0.23196881091617902,352,1
397,"(18,3)",,True,19,"[7, 18, 15, 17, 3]",2,0.062378167641325005,-312,40,3,0.23196881091617902,352,1
398,"(0,12)",,True,19,"[0, 18, 8, 6, 12]",1,0.0,-314,40,3,0.207602339181286,354,1
399,"(0,12)",,True,19,"[0, 18, 8, 6, 12]",1,0.0,-314,40,3,0.207602339181286,354,1
400,"(1,15)",,True,20,"[17, 13, 1, 15, 16]",2,0.10740740740740701,-316,40,4,0.251851851851851,356,1
401,"(1,15)",,True,20,"[17, 13, 1, 15, 16]",2,0.10740740740740701,-316,40,4,0.251851851851851,356,1
402,2:6,assassinate,True,18,"[7, 2, 17, 14, 18]",2,0.06432748538011601,-318,40,4,0.17251461988304,358,1
403,2:6,assassinate,True,18,"[7, 2, 17, 14, 18]",2,0.06432748538011601,-318,40,4,0.17251461988304,358,1
404,"(6,13)",,True,18,"[6, 12, 5, 9, 13]",2,0.070175438596491,-320,40,4,0.245614035087719,360,1
405,"(6,13)",,True,18,"[6, 12, 5, 9, 13]",2,0.070175438596491,-320,40,4,0.245614035087719,360,1
406,"(18,2)",,True,18,"[18, 12, 2, 0, 9]",2,0.07602339181286501,-322,40,3,0.26315789473684204,362,1
407,"(18,2)",,True,18,"[18, 12, 2, 0, 9]",2,0.07602339181286501,-322,40,3,0.26315789473684204,362,1
408,"(13,17)",,True,19,"[14, 13, 4, 0, 17]",2,0.07602339181286501,-324,40,3,0.18421052631578902,364,1
409,"(13,17)",,True,19,"[14, 13, 4, 0, 17]",2,0.07602339181286501,-324,40,3,0.18421052631578902,364,1
410,"(17,15)",,True,19,"[9, 17, 15, 0, 11]",2,0.07602339181286501,-326,40,3,0.18615984405458003,366,1
411,"(17,15)",,True,19,"[9, 17, 15, 0, 11]",2,0.07602339181286501,-326,40,3,0.18615984405458003,366,1
412,"(13,2)",,True,19,"[1, 0, 13, 15, 2]",2,0.07602339181286501,-328,40,3,0.159844054580896,368,1
413,"(13,2)",,True,19,"[1, 0, 13, 15, 2]",2,0.07602339181286501,-328,40,3,0.159844054580896,368,1
414,"(3,15)",,True,19,"[3, 15, 17, 16, 1]",3,0.12475633528265101,-328,41,3,0.157894736842105,369,1
415,"(3,15)",,True,19,"[3, 15, 17, 16, 1]",3,0.12475633528265101,-328,41,3,0.157894736842105,369,1
416,10:4,assassinate,True,18,"[3, 19, 15, 10, 13]",3,0.24853801169590603,-326,43,3,0.175438596491228,369,1
417,10:4,assassinate,True,18,"[3, 19, 15, 10, 13]",3,0.24853801169590603,-326,43,3,0.175438596491228,369,1
418,"(7,15)",,True,20,"[7, 5, 18, 15, 14]",3,0.096491228070175,-326,44,3,0.09941520467836201,370,1
419,"(7,15)",,True,20,"[7, 5, 18, 15, 14]",3,0.096491228070175,-326,44,3,0.09941520467836201,370,1
420,12:4,assassinate,True,19,"[9, 5, 18, 12, 6]",3,0.130604288499025,-326,45,3,0.135477582846003,371,1
421,12:4,assassinate,True,19,"[9, 5, 18, 12, 6]",3,0.130604288499025,-326,45,3,0.135477582846003,371,1
422,8:6,assassinate,True,17,"[18, 6, 16, 7, 8]",2,0.07602339181286501,-326,46,3,0.194931773879142,372,1
423,8:6,assassinate,True,17,"[18, 6, 16, 7, 8]",2,0.07602339181286501,-326,46,3,0.194931773879142,372,1
424,"(19,1)",,True,19,"[19, 6, 3, 1, 5]",2,0.041423001949317,-328,46,4,0.20906432748538,374,1
425,"(19,1)",,True,19,"[19, 6, 3, 1, 5]",2,0.041423001949317,-328,46,4,0.20906432748538,374,1
426,"(19,10)",,True,21,"[5, 19, 10, 0, 16]",2,0.067738791423001,-330,46,4,0.265594541910331,376,1
427,"(19,10)",,True,21,"[5, 19, 10, 0, 16]",2,0.067738791423001,-330,46,4,0.265594541910331,376,1
428,"(5,18)",,True,23,"[9, 5, 18, 8, 6]",3,0.087719298245614,-332,46,4,0.24756335282651,378,1
429,"(5,18)",,True,23,"[9, 5, 18, 8, 6]",3,0.087719298245614,-332,46,4,0.24756335282651,378,1
430,"(0,13)",,True,23,"[0, 15, 13, 17, 5]",2,0.046783625730994004,-334,46,4,0.178362573099415,380,1
431,"(0,13)",,True,23,"[0, 15, 13, 17, 5]",2,0.046783625730994004,-334,46,4,0.178362573099415,380,1
432,"(3,1)",,True,25,"[3, 1, 15, 18, 13]",2,0.033138401559454,-336,46,5,0.155945419103313,382,1
433,"(3,1)",,True,25,"[3, 1, 15, 18, 13]",2,0.033138401559454,-336,46,5,0.155945419103313,382,1
434,2:8,assassinate,True,22,"[10, 15, 14, 2, 17]",1,0.0,-338,46,5,0.20321637426900502,384,1
435,2:8,assassinate,True,22,"[10, 15, 14, 2, 17]",1,0.0,-338,46,5,0.20321637426900502,384,1
436,"(8,3)",,True,24,"[11, 10, 8, 3, 17]",1,0.0,-340,46,5,0.18801169590643202,386,1
437,"(8,3)",,True,24,"[11, 10, 8, 3, 17]",1,0.0,-340,46,5,0.18801169590643202,386,1
438,"(3,2)",,True,27,"[7, 3, 2, 15, 17]",3,0.07261208576998,-342,46,6,0.29571150097465804,388,1
439,"(3,2)",,True,27,"[7, 3, 2, 15, 17]",3,0.07261208576998,-342,46,6,0.29571150097465804,388,1
440,"(1,7)",,True,29,"[2, 16, 0, 1, 7]",4,0.112573099415204,-344,46,7,0.31530214424951203,390,1
441,"(1,7)",,True,29,"[2, 16, 0, 1, 7]",4,0.112573099415204,-344,46,7,0.31530214424951203,390,1
442,"(14,1)",,True,32,"[15, 14, 6, 7, 1]",4,0.060428849902534006,-346,46,8,0.24103313840155902,392,1
443,"(14,1)",,True,32,"[15, 14, 6, 7, 1]",4,0.060428849902534006,-346,46,8,0.24103313840155902,392,1
444,5:8,assassinate,True,29,"[0, 19, 5, 17, 8]",4,0.070175438596491,-348,46,8,0.24103313840155902,394,1
445,5:8,assassinate,True,29,"[0, 19, 5, 17, 8]",4,0.070175438596491,-348,46,8,0.24103313840155902,394,1
446,9:6,assassinate,True,27,"[7, 9, 13, 3, 6]",4,0.039821776663881,-350,46,8,0.22049568365357802,396,1
447,9:6,assassinate,True,27,"[7, 9, 13, 3, 6]",4,0.039821776663881,-350,46,8,0.22049568365357802,396,1
448,11:8,assassinate,True,22,"[11, 3, 5, 15, 16]",3,0.00375939849624,-352,46,7,0.216791979949874,398,1
449,11:8,assassinate,True,22,"[11, 3, 5, 15, 16]",3,0.00375939849624,-352,46,7,0.216791979949874,398,1
450,"(5,19)",,True,25,"[5, 19, 7, 17, 4]",3,0.0029239766081870003,-354,46,7,0.15886939571150002,400,1
451,"(5,19)",,True,25,"[5, 19, 7, 17, 4]",3,0.0029239766081870003,-354,46,7,0.15886939571150002,400,1
452,14:4,assassinate,True,21,"[11, 14, 8, 18, 3]",2,0.0,-356,46,5,0.082846003898635,402,1
453,14:4,assassinate,True,21,"[11, 14, 8, 18, 3]",2,0.0,-356,46,5,0.082846003898635,402,1
454,"(10,4)",,True,23,"[16, 8, 10, 4, 19]",2,0.0,-358,46,5,0.06822612085769901,404,1
455,"(10,4)",,True,23,"[16, 8, 10, 4, 19]",2,0.0,-358,46,5,0.06822612085769901,404,1
456,"(18,13)",,True,25,"[0, 5, 18, 17, 13]",3,0.043762183235867,-360,46,5,0.07192982456140301,406,1
457,"(18,13)",,True,25,"[0, 5, 18, 17, 13]",3,0.043762183235867,-360,46,5,0.07192982456140301,406,1
458,"(1,19)",,True,27,"[1, 8, 13, 19, 3]",3,0.037426900584795,-362,46,6,0.10730994152046701,408,1
459,"(1,19)",,True,27,"[1, 8, 13, 19, 3]",3,0.037426900584795,-362,46,6,0.10730994152046701,408,1
460,7:10,assassinate,True,22,"[16, 12, 7, 9, 0]",2,0.07602339181286501,-364,46,5,0.212475633528265,410,1
461,7:10,assassinate,True,22,"[16, 12, 7, 9, 0]",2,0.07602339181286501,-364,46,5,0.212475633528265,410,1
462,"(11,19)",,True,25,"[4, 15, 13, 11, 19]",2,0.08187134502923901,-366,46,5,0.191520467836257,412,1
463,"(11,19)",,True,25,"[4, 15, 13, 11, 19]",2,0.08187134502923901,-366,46,5,0.191520467836257,412,1
464,"(16,11)",,True,24,"[16, 13, 5, 8, 11]",2,0.08187134502923901,-368,46,4,0.15204678362573001,414,1
465,"(16,11)",,True,24,"[16, 13, 5, 8, 11]",2,0.08187134502923901,-368,46,4,0.15204678362573001,414,1
466,19:10,assassinate,True,21,"[0, 18, 3, 17, 19]",2,0.041910331384015,-370,46,4,0.088693957115009,416,1
467,19:10,assassinate,True,21,"[0, 18, 3, 17, 19]",2,0.041910331384015,-370,46,4,0.088693957115009,416,1
468,"(2,14)",,True,21,"[2, 14, 13, 9, 7]",2,0.047758284600389,-372,46,4,0.097465886939571,418,1
469,"(2,14)",,True,21,"[2, 14, 13, 9, 7]",2,0.047758284600389,-372,46,4,0.097465886939571,418,1
470,11:4,assassinate,True,18,"[16, 19, 11, 14, 15]",2,0.06432748538011601,-374,46,4,0.11695906432748501,420,1
471,11:4,assassinate,True,18,"[16, 19, 11, 14, 15]",2,0.06432748538011601,-374,46,4,0.11695906432748501,420,1
472,"(15,11)",,True,20,"[15, 6, 19, 11, 5]",2,0.07602339181286501,-376,46,4,0.140350877192982,422,1
473,"(15,11)",,True,20,"[15, 6, 19, 11, 5]",2,0.07602339181286501,-376,46,4,0.140350877192982,422,1
474,"(9,11)",,True,22,"[9, 16, 19, 0, 11]",2,0.013645224171539001,-378,46,4,0.070175438596491,424,1
475,"(9,11)",,True,22,"[9, 16, 19, 0, 11]",2,0.013645224171539001,-378,46,4,0.070175438596491,424,1
476,"(9,7)",,True,24,"[9, 18, 0, 7, 15]",2,0.007309941520467001,-380,46,4,0.057992202729044005,426,1
477,"(9,7)",,True,24,"[9, 18, 0, 7, 15]",2,0.007309941520467001,-380,46,4,0.057992202729044005,426,1
478,"(1,19)",,True,26,"[10, 1, 3, 2, 19]",3,0.016959064327485,-382,46,5,0.11812865497076001,428,1
479,"(1,19)",,True,26,"[10, 1, 3, 2, 19]",3,0.016959064327485,-382,46,5,0.11812865497076001,428,1
480,"(12,1)",,True,29,"[17, 8, 12, 1, 9]",3,0.06803118908382,-384,46,6,0.225536062378167,430,1
481,"(12,1)",,True,29,"[17, 8, 12, 1, 9]",3,0.06803118908382,-384,46,6,0.225536062378167,430,1
482,4:10,assassinate,True,25,"[4, 5, 14, 13, 15]",2,0.0,-386,46,6,0.14074074074074,432,1
483,4:10,assassinate,True,25,"[4, 5, 14, 13, 15]",2,0.0,-386,46,6,0.14074074074074,432,1
484,"(19,9)",,True,28,"[0, 19, 11, 9, 10]",2,0.0,-388,46,6,0.092440697703855,434,1
485,"(19,9)",,True,28,"[0, 19, 11, 9, 10]",2,0.0,-388,46,6,0.092440697703855,434,1
486,15:20,assassinate,True,20,"[2, 4, 15, 14, 0]",2,0.0,-390,46,5,0.316764132553606,436,1
487,15:20,assassinate,True,20,"[2, 4, 15, 14, 0]",2,0.0,-390,46,5,0.316764132553606,436,1
488,"(4,12)",,True,22,"[4, 6, 0, 12, 17]",2,0.0,-392,46,5,0.21189083820662702,438,1
489,"(4,12)",,True,22,"[4, 6, 0, 12, 17]",2,0.0,-392,46,5,0.21189083820662702,438,1
490,6:8,assassinate,True,18,"[11, 16, 9, 6, 13]",2,0.0,-394,46,4,0.143274853801169,440,1
491,6:8,assassinate,True,18,"[11, 16, 9, 6, 13]",2,0.0,-394,46,4,0.143274853801169,440,1
492,10:4,assassinate,True,17,"[16, 10, 11, 15, 17]",2,0.0,-396,46,4,0.105263157894736,442,1
493,10:4,assassinate,True,17,"[16, 10, 11, 15, 17]",2,0.0,-396,46,4,0.105263157894736,442,1
494,"(1,17)",,True,20,"[9, 1, 0, 17, 18]",2,0.0,-398,46,5,0.123781676413255,444,1
495,"(1,17)",,True,20,"[9, 1, 0, 17, 18]",2,0.0,-398,46,5,0.123781676413255,444,1
496,6:2,assassinate,True,21,"[11, 19, 6, 10, 4]",3,0.051656920077972006,-398,47,5,0.11939571150097401,445,1
497,6:2,assassinate,True,21,"[11, 19, 6, 10, 4]",3,0.051656920077972006,-398,47,5,0.11939571150097401,445,1
498,3:8,assassinate,True,18,"[12, 3, 19, 8, 10]",2,0.049707602339181006,-400,47,4,0.19298245614035,447,1
499,3:8,assassinate,True,18,"[12, 3, 19, 8, 10]",2,0.049707602339181006,-400,47,4,0.19298245614035,447,1
500,"(19,12)",,True,18,"[11, 14, 6, 19, 12]",2,0.035087719298245,-400,48,4,0.16374269005847902,448,1
501,"(19,12)",,True,18,"[11, 14, 6, 19, 12]",2,0.035087719298245,-400,48,4,0.16374269005847902,448,1
502,"(8,12)",,True,21,"[8, 12, 9, 15, 6]",4,0.18128654970760202,-398,50,4,0.101364522417153,448,1
503,"(8,12)",,True,21,"[8, 12, 9, 15, 6]",4,0.18128654970760202,-398,50,4,0.101364522417153,448,1
504,16:4,assassinate,True,17,"[12, 6, 16, 8, 3]",4,0.24853801169590603,-396,52,4,0.134502923976608,448,1
505,16:4,assassinate,True,17,"[12, 6, 16, 8, 3]",4,0.24853801169590603,-396,52,4,0.134502923976608,448,1
506,"(0,13)",,True,18,"[1, 15, 5, 0, 13]",3,0.25438596491228,-394,54,4,0.18713450292397601,448,1
507,"(0,13)",,True,18,"[1, 15, 5, 0, 13]",3,0.25438596491228,-394,54,4,0.18713450292397601,448,1
508,"(2,1)",,True,20,"[2, 19, 1, 7, 18]",3,0.127680311890838,-394,55,5,0.21345029239766003,449,1
509,"(2,1)",,True,20,"[2, 19, 1, 7, 18]",3,0.127680311890838,-394,55,5,0.21345029239766003,449,1
510,7:8,assassinate,True,15,"[6, 10, 19, 3, 7]",2,0.065302144249512,-396,55,4,0.16861598440545802,451,1
511,7:8,assassinate,True,15,"[6, 10, 19, 3, 7]",2,0.065302144249512,-396,55,4,0.16861598440545802,451,1
512,"(14,13)",,True,15,"[3, 8, 14, 12, 13]",2,0.082846003898635,-398,55,4,0.215399610136452,453,1
513,"(14,13)",,True,15,"[3, 8, 14, 12, 13]",2,0.082846003898635,-398,55,4,0.215399610136452,453,1
514,"(19,17)",,True,17,"[19, 17, 4, 15, 11]",2,0.082846003898635,-400,55,4,0.182261208576998,455,1
515,"(19,17)",,True,17,"[19, 17, 4, 15, 11]",2,0.082846003898635,-400,55,4,0.182261208576998,455,1
516,"(18,9)",,True,19,"[19, 18, 12, 14, 9]",2,0.06822612085769901,-402,55,4,0.149610136452241,457,1
517,"(18,9)",,True,19,"[19, 18, 12, 14, 9]",2,0.06822612085769901,-402,55,4,0.149610136452241,457,1
518,4:8,assassinate,True,16,"[4, 5, 8, 3, 15]",1,0.0,-404,55,4,0.10428849902534101,459,1
519,4:8,assassinate,True,16,"[4, 5, 8, 3, 15]",1,0.0,-404,55,4,0.10428849902534101,459,1
520,"(9,4)",,True,18,"[9, 4, 10, 16, 19]",1,0.0,-406,55,4,0.09990253411306001,461,1
521,"(9,4)",,True,18,"[9, 4, 10, 16, 19]",1,0.0,-406,55,4,0.09990253411306001,461,1
522,"(2,16)",,True,21,"[5, 2, 16, 15, 11]",3,0.08479532163742601,-408,55,4,0.136939571150097,463,1
523,"(2,16)",,True,21,"[5, 2, 16, 15, 11]",3,0.08479532163742601,-408,55,4,0.136939571150097,463,1
524,8:10,assassinate,True,17,"[4, 10, 12, 0, 8]",3,0.160818713450292,-410,55,4,0.25438596491228,465,1
525,8:10,assassinate,True,17,"[4, 10, 12, 0, 8]",3,0.160818713450292,-410,55,4,0.25438596491228,465,1
526,"(8,15)",,True,19,"[0, 8, 15, 18, 11]",3,0.147173489278752,-412,55,4,0.162768031189083,467,1
527,"(8,15)",,True,19,"[0, 8, 15, 18, 11]",3,0.147173489278752,-412,55,4,0.162768031189083,467,1
528,17:10,assassinate,True,14,"[4, 17, 9, 12, 8]",3,0.16959064327485301,-412,56,3,0.20175438596491202,468,1
529,17:10,assassinate,True,14,"[4, 17, 9, 12, 8]",3,0.16959064327485301,-412,56,3,0.20175438596491202,468,1
530,"(0,10)",,True,13,"[13, 0, 10, 2, 16]",2,0.029239766081871003,-412,57,3,0.049707602339181006,469,1
531,"(0,10)",,True,13,"[13, 0, 10, 2, 16]",2,0.029239766081871003,-412,57,3,0.049707602339181006,469,1
532,"(5,0)",,True,13,"[15, 5, 11, 9, 0]",2,0.029239766081871003,-412,58,3,0.049707602339181006,470,1
533,"(5,0)",,True,13,"[15, 5, 11, 9, 0]",2,0.029239766081871003,-412,58,3,0.049707602339181006,470,1
534,"(13,9)",,True,15,"[13, 14, 17, 9, 6]",2,0.06432748538011601,-414,58,3,0.137426900584795,472,1
535,"(13,9)",,True,15,"[13, 14, 17, 9, 6]",2,0.06432748538011601,-414,58,3,0.137426900584795,472,1
536,14:8,assassinate,True,12,"[10, 5, 14, 9, 6]",2,0.052631578947368,-416,58,3,0.134502923976608,474,1
537,14:8,assassinate,True,12,"[10, 5, 14, 9, 6]",2,0.052631578947368,-416,58,3,0.134502923976608,474,1
538,"(18,3)",,True,14,"[18, 9, 3, 12, 19]",2,0.05847953216374201,-418,58,3,0.15204678362573001,476,1
539,"(18,3)",,True,14,"[18, 9, 3, 12, 19]",2,0.05847953216374201,-418,58,3,0.15204678362573001,476,1
540,"(13,5)",,True,13,"[13, 5, 16, 8, 18]",2,0.005847953216374001,-416,60,1,0.0,476,1
541,"(13,5)",,True,13,"[13, 5, 16, 8, 18]",2,0.005847953216374001,-416,60,1,0.0,476,1
542,"(10,11)",,True,15,"[10, 11, 13, 8, 14]",2,0.005847953216374001,-414,62,1,0.0,476,1
543,"(10,11)",,True,15,"[10, 11, 13, 8, 14]",2,0.005847953216374001,-414,62,1,0.0,476,1
544,19:2,assassinate,True,15,"[19, 6, 14, 5, 17]",1,0.0,-413,63,1,0.0,476,1
545,19:2,assassinate,True,15,"[19, 6, 14, 5, 17]",1,0.0,-413,63,1,0.0,476,1
546,"(16,15)",,True,17,"[0, 16, 15, 11, 12]",1,0.0,-413,63,1,0.0,476,1
547,"(16,15)",,True,17,"[0, 16, 15, 11, 12]",1,0.0,-413,63,1,0.0,476,1
548,"(15,5)",,True,19,"[15, 5, 7, 16, 13]",1,0.0,-413,63,1,0.0,476,1
549,"(15,5)",,True,19,"[15, 5, 7, 16, 13]",1,0.0,-413,63,1,0.0,476,1
550,"(16,15)",,True,19,"[16, 15, 13, 5, 14]",1,0.0,-413,63,1,0.0,476,1
551,"(16,15)",,True,19,"[16, 15, 13, 5, 14]",1,0.0,-413,63,1,0.0,476,1
552,"(19,17)",,True,21,"[19, 17, 6, 15, 14]",1,0.0,-413,63,1,0.0,476,1
553,"(19,17)",,True,21,"[19, 17, 6, 15, 14]",1,0.0,-413,63,1,0.0,476,1
554,"(10,13)",,True,21,"[10, 13, 17, 4, 12]",1,0.0,-413,63,1,0.0,476,1
555,"(10,13)",,True,21,"[10, 13, 17, 4, 12]",1,0.0,-413,63,1,0.0,476,1
556,"(3,7)",,True,23,"[3, 7, 17, 18, 5]",1,0.0,-413,63,1,0.0,476,1
557,"(3,7)",,True,23,"[3, 7, 17, 18, 5]",1,0.0,-413,63,1,0.0,476,1
558,"(17,15)",,True,25,"[17, 15, 10, 4, 5]",1,0.0,-413,63,1,0.0,476,1
559,"(17,15)",,True,25,"[17, 15, 10, 4, 5]",1,0.0,-413,63,1,0.0,476,1
560,"(10,14)",,True,27,"[10, 14, 12, 11, 15]",1,0.0,-413,63,1,0.0,476,1
561,"(10,14)",,True,27,"[10, 14, 12, 11, 15]",1,0.0,-413,63,1,0.0,476,1
562,"(12,3)",,True,27,"[0, 12, 3, 15, 19]",1,0.0,-413,63,1,0.0,476,1
563,"(12,3)",,True,27,"[0, 12, 3, 15, 19]",1,0.0,-413,63,1,0.0,476,1
564,"(14,3)",,True,27,"[14, 3, 12, 5, 11]",1,0.0,-413,63,1,0.0,476,1
565,"(14,3)",,True,27,"[14, 3, 12, 5, 11]",1,0.0,-413,63,1,0.0,476,1
566,8:4,assassinate,True,26,"[8, 15, 2, 4, 5]",2,0.09356725146198801,-411,65,1,0.0,476,1
567,8:4,assassinate,True,26,"[8, 15, 2, 4, 5]",2,0.09356725146198801,-411,65,1,0.0,476,1
568,6:6,assassinate,True,24,"[6, 0, 14, 18, 16]",3,0.18128654970760202,-409,67,1,0.0,476,1
569,6:6,assassinate,True,24,"[6, 0, 14, 18, 16]",3,0.18128654970760202,-409,67,1,0.0,476,1
570,"(1,13)",,True,26,"[17, 6, 16, 1, 13]",3,0.132553606237816,-407,69,2,0.051656920077972006,476,1
571,"(1,13)",,True,26,"[17, 6, 16, 1, 13]",3,0.132553606237816,-407,69,2,0.051656920077972006,476,1
572,7:6,assassinate,True,22,"[8, 1, 7, 16, 12]",2,0.005847953216374001,-405,71,1,0.0,476,1
573,7:6,assassinate,True,22,"[8, 1, 7, 16, 12]",2,0.005847953216374001,-405,71,1,0.0,476,1
574,"(11,17)",,True,24,"[11, 17, 4, 9, 12]",2,0.005847953216374001,-403,73,1,0.0,476,1
575,"(11,17)",,True,24,"[11, 17, 4, 9, 12]",2,0.005847953216374001,-403,73,1,0.0,476,1
576,7:2,assassinate,True,24,"[0, 7, 2, 19, 6]",3,0.18128654970760202,-401,75,1,0.0,476,1
577,7:2,assassinate,True,24,"[0, 7, 2, 19, 6]",3,0.18128654970760202,-401,75,1,0.0,476,1
578,8:2,assassinate,True,22,"[19, 8, 2, 9, 3]",2,0.087719298245614,-399,77,1,0.0,476,1
579,8:2,assassinate,True,22,"[19, 8, 2, 9, 3]",2,0.087719298245614,-399,77,1,0.0,476,1
580,"(14,0)",,True,22,"[14, 19, 5, 0, 1]",2,0.005847953216374001,-397,79,1,0.0,476,1
581,"(14,0)",,True,22,"[14, 19, 5, 0, 1]",2,0.005847953216374001,-397,79,1,0.0,476,1
582,"(8,0)",,True,23,"[4, 6, 8, 16, 0]",3,0.10818713450292301,-395,81,1,0.0,476,1
583,"(8,0)",,True,23,"[4, 6, 8, 16, 0]",3,0.10818713450292301,-395,81,1,0.0,476,1
584,19:2,assassinate,True,24,"[19, 10, 0, 13, 14]",5,0.20224171539961003,-393,83,1,0.0,476,1
585,19:2,assassinate,True,24,"[19, 10, 0, 13, 14]",5,0.20224171539961003,-393,83,1,0.0,476,1
586,7:2,assassinate,True,24,"[3, 7, 11, 6, 19]",5,0.20224171539961003,-391,85,1,0.0,476,1
587,7:2,assassinate,True,24,"[3, 7, 11, 6, 19]",5,0.20224171539961003,-391,85,1,0.0,476,1
588,1:2,assassinate,True,24,"[7, 18, 13, 10, 1]",4,0.11500974658869301,-389,87,0,-0.001,476,1
589,1:2,assassinate,True,24,"[7, 18, 13, 10, 1]",4,0.11500974658869301,-389,87,0,-0.001,476,1
590,"(0,6)",,True,24,"[10, 0, 7, 6, 3]",3,0.033138401559454,-387,89,0,-0.001,476,1
591,"(0,6)",,True,24,"[10, 0, 7, 6, 3]",3,0.033138401559454,-387,89,0,-0.001,476,1
592,2:4,assassinate,True,21,"[9, 12, 13, 2, 19]",2,0.012670565302144,-385,91,0,-0.001,476,1
593,2:4,assassinate,True,21,"[9, 12, 13, 2, 19]",2,0.012670565302144,-385,91,0,-0.001,476,1
594,7:2,assassinate,True,21,"[12, 19, 7, 1, 6]",2,0.012670565302144,-383,93,0,-0.001,476,1
595,7:2,assassinate,True,21,"[12, 19, 7, 1, 6]",2,0.012670565302144,-383,93,0,-0.001,476,1
596,5:6,assassinate,True,19,"[8, 19, 5, 6, 9]",3,0.07943469785575001,-381,95,0,-0.001,476,1
597,5:6,assassinate,True,19,"[8, 19, 5, 6, 9]",3,0.07943469785575001,-381,95,0,-0.001,476,1
598,15:6,assassinate,True,17,"[13, 15, 3, 17, 4]",2,0.12865497076023302,-379,97,1,0.0,476,1
599,15:6,assassinate,True,17,"[13, 15, 3, 17, 4]",2,0.12865497076023302,-379,97,1,0.0,476,1
600,"(0,16)",,True,17,"[15, 0, 16, 6, 3]",1,0.0,-378,98,1,0.0,476,1
601,"(0,16)",,True,17,"[15, 0, 16, 6, 3]",1,0.0,-378,98,1,0.0,476,1
602,"(18,8)",,True,17,"[18, 8, 4, 13, 17]",1,0.0,-378,98,1,0.0,476,1
603,"(18,8)",,True,17,"[18, 8, 4, 13, 17]",1,0.0,-378,98,1,0.0,476,1
604,"(16,1)",,True,19,"[16, 6, 1, 13, 0]",1,0.0,-379,98,2,0.09941520467836201,477,1
605,"(16,1)",,True,19,"[16, 6, 1, 13, 0]",1,0.0,-379,98,2,0.09941520467836201,477,1
606,"(13,17)",,True,17,"[13, 17, 15, 0, 16]",1,0.0,-379,98,1,0.0,477,1
607,"(13,17)",,True,17,"[13, 17, 15, 0, 16]",1,0.0,-379,98,1,0.0,477,1
608,"(19,3)",,True,19,"[19, 3, 17, 15, 16]",1,0.0,-379,98,1,0.0,477,1
609,"(19,3)",,True,19,"[19, 3, 17, 15, 16]",1,0.0,-379,98,1,0.0,477,1
610,"(16,5)",,True,21,"[16, 5, 13, 6, 8]",1,0.0,-379,98,1,0.0,477,1
611,"(16,5)",,True,21,"[16, 5, 13, 6, 8]",1,0.0,-379,98,1,0.0,477,1
612,"(9,12)",,True,23,"[9, 12, 8, 19, 18]",1,0.0,-379,98,1,0.0,477,1
613,"(9,12)",,True,23,"[9, 12, 8, 19, 18]",1,0.0,-379,98,1,0.0,477,1
614,"(1,4)",,True,25,"[17, 3, 10, 1, 4]",1,0.0,-380,98,2,0.051851851851851004,478,1
615,"(1,4)",,True,25,"[17, 3, 10, 1, 4]",1,0.0,-380,98,2,0.051851851851851004,478,1
616,13:8,assassinate,True,22,"[13, 8, 17, 18, 14]",1,0.0,-382,98,2,0.052631578947368,480,1
617,13:8,assassinate,True,22,"[13, 8, 17, 18, 14]",1,0.0,-382,98,2,0.052631578947368,480,1
618,"(5,13)",,True,24,"[5, 6, 15, 13, 0]",2,0.028654970760233003,-384,98,2,0.049122807017543006,482,1
619,"(5,13)",,True,24,"[5, 6, 15, 13, 0]",2,0.028654970760233003,-384,98,2,0.049122807017543006,482,1
620,10:6,assassinate,True,21,"[11, 7, 8, 12, 10]",1,0.0,-386,98,2,0.035087719298245,484,1
621,10:6,assassinate,True,21,"[11, 7, 8, 12, 10]",1,0.0,-386,98,2,0.035087719298245,484,1
622,"(10,16)",,True,23,"[10, 16, 11, 7, 5]",1,0.0,-388,98,2,0.040935672514619006,486,1
623,"(10,16)",,True,23,"[10, 16, 11, 7, 5]",1,0.0,-388,98,2,0.040935672514619006,486,1
624,9:14,assassinate,True,17,"[9, 11, 4, 16, 10]",1,0.0,-390,98,2,0.08479532163742601,488,1
625,9:14,assassinate,True,17,"[9, 11, 4, 16, 10]",1,0.0,-390,98,2,0.08479532163742601,488,1
626,"(8,5)",,True,17,"[18, 0, 8, 6, 5]",1,0.0,-392,98,2,0.157894736842105,490,1
627,"(8,5)",,True,17,"[18, 0, 8, 6, 5]",1,0.0,-392,98,2,0.157894736842105,490,1
628,"(1,19)",,True,19,"[1, 17, 19, 11, 14]",2,0.095029239766081,-392,99,3,0.11988304093567201,491,1
629,"(1,19)",,True,19,"[1, 17, 19, 11, 14]",2,0.095029239766081,-392,99,3,0.11988304093567201,491,1
630,"(2,1)",,True,19,"[2, 17, 8, 1, 14]",2,0.046783625730994004,-392,100,4,0.255360623781676,492,1
631,"(2,1)",,True,19,"[2, 17, 8, 1, 14]",2,0.046783625730994004,-392,100,4,0.255360623781676,492,1
632,12:4,assassinate,True,18,"[10, 6, 4, 0, 12]",3,0.07602339181286501,-394,100,4,0.21345029239766003,494,1
633,12:4,assassinate,True,18,"[10, 6, 4, 0, 12]",3,0.07602339181286501,-394,100,4,0.21345029239766003,494,1
634,"(4,14)",,True,21,"[17, 0, 4, 15, 14]",3,0.043859649122807,-396,100,4,0.14912280701754302,496,1
635,"(4,14)",,True,21,"[17, 0, 4, 15, 14]",3,0.043859649122807,-396,100,4,0.14912280701754302,496,1
636,17:6,assassinate,True,18,"[12, 11, 7, 17, 2]",3,0.122807017543859,-396,101,3,0.175438596491228,497,1
637,17:6,assassinate,True,18,"[12, 11, 7, 17, 2]",3,0.122807017543859,-396,101,3,0.175438596491228,497,1
638,"(1,2)",,True,20,"[1, 14, 16, 6, 2]",3,0.046783625730994004,-396,102,4,0.16374269005847902,498,1
639,"(1,2)",,True,20,"[1, 14, 16, 6, 2]",3,0.046783625730994004,-396,102,4,0.16374269005847902,498,1
640,18:8,assassinate,True,17,"[0, 18, 15, 4, 16]",2,0.011695906432748001,-398,102,4,0.122807017543859,500,1
641,18:8,assassinate,True,17,"[0, 18, 15, 4, 16]",2,0.011695906432748001,-398,102,4,0.122807017543859,500,1
642,"(6,13)",,True,19,"[7, 6, 13, 18, 0]",2,0.011695906432748001,-400,102,4,0.096491228070175,502,1
643,"(6,13)",,True,19,"[7, 6, 13, 18, 0]",2,0.011695906432748001,-400,102,4,0.096491228070175,502,1
644,"(15,9)",,True,21,"[8, 0, 15, 9, 12]",2,0.037037037037037,-402,102,4,0.097465886939571,504,1
645,"(15,9)",,True,21,"[8, 0, 15, 9, 12]",2,0.037037037037037,-402,102,4,0.097465886939571,504,1
646,"(1,9)",,True,21,"[1, 16, 7, 9, 13]",2,0.037037037037037,-404,102,5,0.22027290448343,506,1
647,"(1,9)",,True,21,"[1, 16, 7, 9, 13]",2,0.037037037037037,-404,102,5,0.22027290448343,506,1
648,3:8,assassinate,True,18,"[14, 9, 17, 3, 19]",1,0.0,-406,102,5,0.23976608187134502,508,1
649,3:8,assassinate,True,18,"[14, 9, 17, 3, 19]",1,0.0,-406,102,5,0.23976608187134502,508,1
650,"(13,1)",,True,20,"[14, 16, 13, 3, 1]",1,0.0,-408,102,6,0.22982456140350802,510,1
651,"(13,1)",,True,20,"[14, 16, 13, 3, 1]",1,0.0,-408,102,6,0.22982456140350802,510,1
652,"(19,10)",,True,20,"[19, 8, 11, 16, 10]",1,0.0,-410,102,6,0.240545808966861,512,1
653,"(19,10)",,True,20,"[19, 8, 11, 16, 10]",1,0.0,-410,102,6,0.240545808966861,512,1
654,"(4,19)",,True,21,"[15, 4, 19, 14, 6]",1,0.0,-412,102,6,0.23089668615984402,514,1
655,"(4,19)",,True,21,"[15, 4, 19, 14, 6]",1,0.0,-412,102,6,0.23089668615984402,514,1
656,"(4,3)",,True,23,"[4, 16, 12, 6, 3]",1,0.0,-414,102,6,0.22202729044834302,516,1
657,"(4,3)",,True,23,"[4, 16, 12, 6, 3]",1,0.0,-414,102,6,0.22202729044834302,516,1
658,"(18,1)",,True,25,"[18, 8, 1, 2, 7]",1,0.0,-416,102,7,0.274463937621832,518,1
659,"(18,1)",,True,25,"[18, 8, 1, 2, 7]",1,0.0,-416,102,7,0.274463937621832,518,1
660,"(1,12)",,True,28,"[6, 10, 15, 1, 12]",2,0.09941520467836201,-418,102,8,0.366081871345029,520,1
661,"(1,12)",,True,28,"[6, 10, 15, 1, 12]",2,0.09941520467836201,-418,102,8,0.366081871345029,520,1
662,16:8,assassinate,True,23,"[4, 15, 0, 16, 13]",2,0.09356725146198801,-420,102,6,0.32787524366471704,522,1
663,16:8,assassinate,True,23,"[4, 15, 0, 16, 13]",2,0.09356725146198801,-420,102,6,0.32787524366471704,522,1
664,"(1,7)",,True,25,"[11, 1, 7, 13, 2]",2,0.09941520467836201,-422,102,7,0.388888888888888,524,1
665,"(1,7)",,True,25,"[11, 1, 7, 13, 2]",2,0.09941520467836201,-422,102,7,0.388888888888888,524,1
666,"(2,17)",,True,27,"[2, 16, 18, 17, 13]",2,0.0,-424,102,7,0.334307992202729,526,1
667,"(2,17)",,True,27,"[2, 16, 18, 17, 13]",2,0.0,-424,102,7,0.334307992202729,526,1
668,5:8,assassinate,True,24,"[18, 6, 8, 5, 15]",2,0.0,-426,102,7,0.328460038986354,528,1
669,5:8,assassinate,True,24,"[18, 6, 8, 5, 15]",2,0.0,-426,102,7,0.328460038986354,528,1
670,"(1,9)",,True,26,"[6, 1, 19, 8, 9]",2,0.0,-428,102,8,0.32358674463937603,530,1
671,"(1,9)",,True,26,"[6, 1, 19, 8, 9]",2,0.0,-428,102,8,0.32358674463937603,530,1
672,"(3,14)",,True,26,"[3, 15, 14, 0, 17]",2,0.0,-430,102,7,0.294346978557504,532,1
673,"(3,14)",,True,26,"[3, 15, 14, 0, 17]",2,0.0,-430,102,7,0.294346978557504,532,1
674,"(13,16)",,True,28,"[13, 2, 16, 14, 11]",3,0.041910331384015,-432,102,7,0.312865497076023,534,1
675,"(13,16)",,True,28,"[13, 2, 16, 14, 11]",3,0.041910331384015,-432,102,7,0.312865497076023,534,1
676,"(7,5)",,True,30,"[7, 5, 17, 3, 10]",4,0.09805068226120801,-434,102,7,0.366471734892787,536,1
677,"(7,5)",,True,30,"[7, 5, 17, 3, 10]",4,0.09805068226120801,-434,102,7,0.366471734892787,536,1
678,"(0,8)",,True,28,"[0, 19, 8, 9, 15]",3,0.042884990253411005,-436,102,7,0.31481481481481405,538,1
679,"(0,8)",,True,28,"[0, 19, 8, 9, 15]",3,0.042884990253411005,-436,102,7,0.31481481481481405,538,1
680,"(9,5)",,True,28,"[0, 11, 9, 5, 17]",3,0.105263157894736,-438,102,7,0.385964912280701,540,1
681,"(9,5)",,True,28,"[0, 11, 9, 5, 17]",3,0.105263157894736,-438,102,7,0.385964912280701,540,1
682,"(7,19)",,True,29,"[7, 19, 15, 18, 5]",4,0.10818713450292301,-440,102,7,0.35575048732943404,542,1
683,"(7,19)",,True,29,"[7, 19, 15, 18, 5]",4,0.10818713450292301,-440,102,7,0.35575048732943404,542,1
684,"(1,5)",,True,31,"[1, 17, 4, 12, 5]",4,0.10818713450292301,-442,102,8,0.365009746588693,544,1
685,"(1,5)",,True,31,"[1, 17, 4, 12, 5]",4,0.10818713450292301,-442,102,8,0.365009746588693,544,1
686,17:2,assassinate,True,29,"[19, 17, 13, 9, 5]",3,0.09941520467836201,-444,102,8,0.34454191033138404,546,1
687,17:2,assassinate,True,29,"[19, 17, 13, 9, 5]",3,0.09941520467836201,-444,102,8,0.34454191033138404,546,1
688,"(1,10)",,True,31,"[1, 7, 10, 13, 14]",3,0.09941520467836201,-446,102,9,0.36881091617933703,548,1
689,"(1,10)",,True,31,"[1, 7, 10, 13, 14]",3,0.09941520467836201,-446,102,9,0.36881091617933703,548,1
690,"(8,1)",,True,33,"[15, 8, 1, 7, 12]",3,0.09941520467836201,-448,102,10,0.33801169590643204,550,1
691,"(8,1)",,True,33,"[15, 8, 1, 7, 12]",3,0.09941520467836201,-448,102,10,0.33801169590643204,550,1
692,"(1,0)",,True,33,"[1, 0, 6, 7, 9]",4,0.12102478418267801,-450,102,10,0.36218323586744605,552,1
693,"(1,0)",,True,33,"[1, 0, 6, 7, 9]",4,0.12102478418267801,-450,102,10,0.36218323586744605,552,1
694,"(17,18)",,True,33,"[3, 17, 18, 10, 4]",4,0.12102478418267801,-452,102,9,0.356335282651072,554,1
695,"(17,18)",,True,33,"[3, 17, 18, 10, 4]",4,0.12102478418267801,-452,102,9,0.356335282651072,554,1
696,2:20,assassinate,True,24,"[11, 0, 2, 5, 17]",3,0.13157894736842102,-454,102,9,0.5292397660818711,556,1
697,2:20,assassinate,True,24,"[11, 0, 2, 5, 17]",3,0.13157894736842102,-454,102,9,0.5292397660818711,556,1
698,"(5,7)",,True,25,"[5, 18, 9, 7, 8]",3,0.12475633528265101,-456,102,8,0.49220272904483403,558,1
699,"(5,7)",,True,25,"[5, 18, 9, 7, 8]",3,0.12475633528265101,-456,102,8,0.49220272904483403,558,1
700,"(18,19)",,True,28,"[18, 13, 0, 19, 3]",3,0.12056530214424901,-458,102,8,0.41432748538011605,560,1
701,"(18,19)",,True,28,"[18, 13, 0, 19, 3]",3,0.12056530214424901,-458,102,8,0.41432748538011605,560,1
702,"(11,14)",,True,28,"[0, 11, 19, 14, 6]",3,0.11617933723196801,-460,102,8,0.42982456140350805,562,1
703,"(11,14)",,True,28,"[0, 11, 19, 14, 6]",3,0.11617933723196801,-460,102,8,0.42982456140350805,562,1
704,"(10,2)",,True,31,"[6, 3, 10, 17, 2]",5,0.20087719298245602,-462,102,8,0.399610136452241,564,1
705,"(10,2)",,True,31,"[6, 3, 10, 17, 2]",5,0.20087719298245602,-462,102,8,0.399610136452241,564,1
706,"(19,10)",,True,31,"[19, 2, 10, 12, 5]",6,0.25615659519168205,-464,102,8,0.41526965562053203,566,1
707,"(19,10)",,True,31,"[19, 2, 10, 12, 5]",6,0.25615659519168205,-464,102,8,0.41526965562053203,566,1
708,16:2,assassinate,True,31,"[7, 16, 9, 19, 2]",5,0.15028079457904,-466,102,8,0.36081407221758005,568,1
709,16:2,assassinate,True,31,"[7, 16, 9, 19, 2]",5,0.15028079457904,-466,102,8,0.36081407221758005,568,1
710,"(0,18)",,True,29,"[1, 0, 18, 3, 4]",4,0.073586744639376,-468,102,7,0.312573099415204,570,1
711,"(0,18)",,True,29,"[1, 0, 18, 3, 4]",4,0.073586744639376,-468,102,7,0.312573099415204,570,1
712,14:10,assassinate,True,25,"[12, 11, 14, 8, 10]",4,0.07202729044834301,-470,102,7,0.314619883040935,572,1
713,14:10,assassinate,True,25,"[12, 11, 14, 8, 10]",4,0.07202729044834301,-470,102,7,0.314619883040935,572,1
714,11:4,assassinate,True,24,"[4, 17, 6, 11, 18]",4,0.067251461988304,-472,102,7,0.225146198830409,574,1
715,11:4,assassinate,True,24,"[4, 17, 6, 11, 18]",4,0.067251461988304,-472,102,7,0.225146198830409,574,1
716,"(16,6)",,True,26,"[16, 2, 3, 11, 6]",4,0.06432748538011601,-474,102,7,0.207602339181286,576,1
717,"(16,6)",,True,26,"[16, 2, 3, 11, 6]",4,0.06432748538011601,-474,102,7,0.207602339181286,576,1
718,19:12,assassinate,True,21,"[1, 2, 19, 8, 4]",3,0.036062378167641004,-476,102,6,0.23976608187134502,578,1
719,19:12,assassinate,True,21,"[1, 2, 19, 8, 4]",3,0.036062378167641004,-476,102,6,0.23976608187134502,578,1
720,"(0,5)",,True,21,"[0, 5, 8, 4, 9]",2,0.012670565302144,-478,102,6,0.24366471734892703,580,1
721,"(0,5)",,True,21,"[0, 5, 8, 4, 9]",2,0.012670565302144,-478,102,6,0.24366471734892703,580,1
722,"(2,14)",,True,23,"[2, 14, 18, 0, 12]",2,0.015594541910331002,-480,102,6,0.24658869395711402,582,1
723,"(2,14)",,True,23,"[2, 14, 18, 0, 12]",2,0.015594541910331002,-480,102,6,0.24658869395711402,582,1
724,15:8,assassinate,True,20,"[15, 19, 17, 0, 12]",2,0.035087719298245,-482,102,6,0.312865497076023,584,1
725,15:8,assassinate,True,20,"[15, 19, 17, 0, 12]",2,0.035087719298245,-482,102,6,0.312865497076023,584,1
726,"(7,12)",,True,20,"[7, 2, 14, 10, 12]",2,0.16374269005847902,-484,102,6,0.46783625730994105,586,1
727,"(7,12)",,True,20,"[7, 2, 14, 10, 12]",2,0.16374269005847902,-484,102,6,0.46783625730994105,586,1
728,2:4,assassinate,True,19,"[15, 2, 4, 13, 16]",1,0.0,-486,102,6,0.347953216374269,588,1
729,2:4,assassinate,True,19,"[15, 2, 4, 13, 16]",1,0.0,-486,102,6,0.347953216374269,588,1
730,"(14,10)",,True,21,"[14, 6, 10, 13, 7]",1,0.0,-488,102,6,0.27485380116959,590,1
731,"(14,10)",,True,21,"[14, 6, 10, 13, 7]",1,0.0,-488,102,6,0.27485380116959,590,1
732,"(15,14)",,True,23,"[15, 3, 16, 11, 14]",1,0.0,-490,102,6,0.22027290448343,592,1
733,"(15,14)",,True,23,"[15, 3, 16, 11, 14]",1,0.0,-490,102,6,0.22027290448343,592,1
734,"(14,19)",,True,25,"[18, 14, 19, 17, 2]",1,0.0,-492,102,6,0.230214424951267,594,1
735,"(14,19)",,True,25,"[18, 14, 19, 17, 2]",1,0.0,-492,102,6,0.230214424951267,594,1
736,"(5,11)",,True,27,"[5, 0, 11, 19, 3]",2,0.038986354775828,-494,102,6,0.22709551656920002,596,1
737,"(5,11)",,True,27,"[5, 0, 11, 19, 3]",2,0.038986354775828,-494,102,6,0.22709551656920002,596,1
738,"(8,17)",,True,30,"[14, 8, 9, 17, 16]",2,0.013157894736842,-496,102,6,0.155945419103313,598,1
739,"(8,17)",,True,30,"[14, 8, 9, 17, 16]",2,0.013157894736842,-496,102,6,0.155945419103313,598,1
740,"(1,2)",,True,32,"[7, 0, 1, 4, 2]",3,0.036939571150097,-498,102,7,0.250194931773879,600,1
741,"(1,2)",,True,32,"[7, 0, 1, 4, 2]",3,0.036939571150097,-498,102,7,0.250194931773879,600,1
742,"(9,5)",,True,32,"[16, 15, 9, 13, 5]",4,0.111500974658869,-500,102,7,0.30672514619883,602,1
743,"(9,5)",,True,32,"[16, 15, 9, 13, 5]",4,0.111500974658869,-500,102,7,0.30672514619883,602,1
744,"(13,0)",,True,33,"[3, 13, 16, 19, 0]",3,0.078947368421052,-502,102,7,0.29307992202729,604,1
745,"(13,0)",,True,33,"[3, 13, 16, 19, 0]",3,0.078947368421052,-502,102,7,0.29307992202729,604,1
746,12:4,assassinate,True,32,"[10, 11, 12, 9, 4]",3,0.043957115009746,-504,102,7,0.26754385964912203,606,1
747,12:4,assassinate,True,32,"[10, 11, 12, 9, 4]",3,0.043957115009746,-504,102,7,0.26754385964912203,606,1
748,"(4,15)",,True,35,"[2, 4, 0, 6, 15]",5,0.08586744639376201,-506,102,7,0.19561403508771902,608,1
749,"(4,15)",,True,35,"[2, 4, 0, 6, 15]",5,0.08586744639376201,-506,102,7,0.19561403508771902,608,1
750,19:6,assassinate,True,33,"[19, 11, 4, 17, 2]",5,0.08323586744639301,-508,102,7,0.19298245614035,610,1
751,19:6,assassinate,True,33,"[19, 11, 4, 17, 2]",5,0.08323586744639301,-508,102,7,0.19298245614035,610,1
752,"(2,12)",,True,36,"[2, 0, 10, 12, 8]",5,0.12241715399610101,-510,102,7,0.294834307992202,612,1
753,"(2,12)",,True,36,"[2, 0, 10, 12, 8]",5,0.12241715399610101,-510,102,7,0.294834307992202,612,1
754,18:8,assassinate,True,30,"[18, 3, 4, 2, 7]",4,0.09317738791423001,-512,102,7,0.31578947368421,614,1
755,18:8,assassinate,True,30,"[18, 3, 4, 2, 7]",4,0.09317738791423001,-512,102,7,0.31578947368421,614,1
756,6:8,assassinate,True,27,"[17, 15, 4, 16, 6]",4,0.092592592592592,-514,102,7,0.31384015594541903,616,1
757,6:8,assassinate,True,27,"[17, 15, 4, 16, 6]",4,0.092592592592592,-514,102,7,0.31384015594541903,616,1
758,14:12,assassinate,True,22,"[13, 4, 2, 18, 14]",4,0.051656920077972006,-516,102,7,0.27485380116959,618,1
759,14:12,assassinate,True,22,"[13, 4, 2, 18, 14]",4,0.051656920077972006,-516,102,7,0.27485380116959,618,1
760,"(9,17)",,True,24,"[12, 9, 7, 3, 17]",4,0.047270955165692005,-518,102,7,0.19103313840155903,620,1
761,"(9,17)",,True,24,"[12, 9, 7, 3, 17]",4,0.047270955165692005,-518,102,7,0.19103313840155903,620,1
762,"(3,18)",,True,26,"[3, 18, 7, 11, 16]",4,0.047270955165692005,-520,102,7,0.18888888888888802,622,1
763,"(3,18)",,True,26,"[3, 18, 7, 11, 16]",4,0.047270955165692005,-520,102,7,0.18888888888888802,622,1
764,"(6,10)",,True,28,"[6, 4, 10, 7, 13]",4,0.017738791423001003,-522,102,7,0.202923976608187,624,1
765,"(6,10)",,True,28,"[6, 4, 10, 7, 13]",4,0.017738791423001003,-522,102,7,0.202923976608187,624,1
766,15:6,assassinate,True,26,"[9, 14, 3, 19, 15]",5,0.057504873294346004,-524,102,7,0.21929824561403502,626,1
767,15:6,assassinate,True,26,"[9, 14, 3, 19, 15]",5,0.057504873294346004,-524,102,7,0.21929824561403502,626,1
768,13:6,assassinate,True,24,"[8, 16, 19, 3, 13]",5,0.092592592592592,-526,102,7,0.22417153996101302,628,1
769,13:6,assassinate,True,24,"[8, 16, 19, 3, 13]",5,0.092592592592592,-526,102,7,0.22417153996101302,628,1
770,"(1,15)",,True,27,"[11, 1, 3, 8, 15]",5,0.049707602339181006,-528,102,8,0.28011695906432704,630,1
771,"(1,15)",,True,27,"[11, 1, 3, 8, 15]",5,0.049707602339181006,-528,102,8,0.28011695906432704,630,1
772,"(2,12)",,True,27,"[17, 2, 12, 4, 18]",5,0.049707602339181006,-530,102,8,0.29571150097465804,632,1
773,"(2,12)",,True,27,"[17, 2, 12, 4, 18]",5,0.049707602339181006,-530,102,8,0.29571150097465804,632,1
774,"(12,16)",,True,29,"[3, 12, 16, 8, 0]",6,0.110136452241715,-532,102,8,0.30448343079922,634,1
775,"(12,16)",,True,29,"[3, 12, 16, 8, 0]",6,0.110136452241715,-532,102,8,0.30448343079922,634,1
776,"(14,1)",,True,29,"[14, 18, 7, 3, 1]",6,0.24951267056530202,-532,103,8,0.320077972709551,635,1
777,"(14,1)",,True,29,"[14, 18, 7, 3, 1]",6,0.24951267056530202,-532,103,8,0.320077972709551,635,1
778,"(18,17)",,True,29,"[0, 18, 17, 11, 4]",6,0.277777777777777,-534,103,8,0.32894736842105204,637,1
779,"(18,17)",,True,29,"[0, 18, 17, 11, 4]",6,0.277777777777777,-534,103,8,0.32894736842105204,637,1
780,"(13,8)",,True,29,"[13, 18, 8, 7, 11]",6,0.266179337231968,-534,104,7,0.29990253411306,638,1
781,"(13,8)",,True,29,"[13, 18, 8, 7, 11]",6,0.266179337231968,-534,104,7,0.29990253411306,638,1
782,"(14,16)",,True,31,"[2, 14, 10, 7, 16]",6,0.22543859649122802,-534,105,7,0.24766081871345003,639,1
783,"(14,16)",,True,31,"[2, 14, 10, 7, 16]",6,0.22543859649122802,-534,105,7,0.24766081871345003,639,1
784,"(6,1)",,True,33,"[5, 6, 17, 1, 11]",6,0.15212568458182402,-534,106,8,0.22827903091060903,640,1
785,"(6,1)",,True,33,"[5, 6, 17, 1, 11]",6,0.15212568458182402,-534,106,8,0.22827903091060903,640,1
786,"(16,0)",,True,34,"[16, 19, 3, 0, 7]",7,0.21150097465886902,-532,108,8,0.196198830409356,640,1
787,"(16,0)",,True,34,"[16, 19, 3, 0, 7]",7,0.21150097465886902,-532,108,8,0.196198830409356,640,1
788,9:12,assassinate,True,27,"[14, 9, 18, 19, 8]",6,0.208187134502923,-532,109,6,0.26169590643274804,641,1
789,9:12,assassinate,True,27,"[14, 9, 18, 19, 8]",6,0.208187134502923,-532,109,6,0.26169590643274804,641,1
790,"(1,15)",,True,27,"[1, 11, 7, 4, 15]",6,0.172069061542745,-532,110,7,0.31556669451406205,642,1
791,"(1,15)",,True,27,"[1, 11, 7, 4, 15]",6,0.172069061542745,-532,110,7,0.31556669451406205,642,1
792,"(0,6)",,True,26,"[0, 12, 13, 3, 6]",5,0.129448621553884,-534,110,7,0.245989974937343,644,1
793,"(0,6)",,True,26,"[0, 12, 13, 3, 6]",5,0.129448621553884,-534,110,7,0.245989974937343,644,1
794,"(0,5)",,True,26,"[0, 4, 5, 16, 19]",4,0.037816764132553006,-536,110,7,0.331384015594541,646,1
795,"(0,5)",,True,26,"[0, 4, 5, 16, 19]",4,0.037816764132553006,-536,110,7,0.331384015594541,646,1
796,"(14,19)",,True,28,"[8, 14, 19, 17, 15]",4,0.043567251461988005,-538,110,7,0.323099415204678,648,1
797,"(14,19)",,True,28,"[8, 14, 19, 17, 15]",4,0.043567251461988005,-538,110,7,0.323099415204678,648,1
798,7:4,assassinate,True,25,"[12, 13, 14, 0, 7]",4,0.036856028961292,-540,110,6,0.295098858256753,650,1
799,7:4,assassinate,True,25,"[12, 13, 14, 0, 7]",4,0.036856028961292,-540,110,6,0.295098858256753,650,1
