,actionDetail,actionType,bonusActivated,graphEdgeCount,nodeList,p1Degree,p1Score,p1WinAdvantage,p1WinCount,p2Degree,p2Score,p2WinCount,player
0,"(14,13)",,False,2,"[14, 13, 7, 5, 17]",0,-0.001,0,0,0,-0.001,0,1
1,"(14,13)",,False,2,"[14, 13, 7, 5, 17]",0,-0.001,0,0,0,-0.001,0,1
2,"(1,4)",,False,4,"[1, 4, 12, 15, 3]",0,-0.001,-1,0,1,0.0,1,1
3,"(1,4)",,False,4,"[1, 4, 12, 15, 3]",0,-0.001,-1,0,1,0.0,1,1
4,"(14,12)",,False,6,"[14, 12, 17, 10, 18]",0,-0.001,-3,0,1,0.0,3,1
5,"(14,12)",,False,6,"[14, 12, 17, 10, 18]",0,-0.001,-3,0,1,0.0,3,1
6,"(13,1)",,False,8,"[13, 11, 9, 7, 1]",0,-0.001,-5,0,2,0.017543859649122,5,1
7,"(13,1)",,False,8,"[13, 11, 9, 7, 1]",0,-0.001,-5,0,2,0.017543859649122,5,1
8,"(1,6)",,False,10,"[15, 1, 6, 7, 5]",1,0.0,-7,0,3,0.11111111111111101,7,1
9,"(1,6)",,False,10,"[15, 1, 6, 7, 5]",1,0.0,-7,0,3,0.11111111111111101,7,1
10,"(6,3)",,True,10,"[15, 6, 3, 18, 19]",1,0.0,-9,0,3,0.09941520467836201,9,1
11,"(6,3)",,True,10,"[15, 6, 3, 18, 19]",1,0.0,-9,0,3,0.09941520467836201,9,1
12,"(1,16)",,False,12,"[1, 16, 0, 12, 6]",1,0.0,-11,0,4,0.09941520467836201,11,1
13,"(1,16)",,False,12,"[1, 16, 0, 12, 6]",1,0.0,-11,0,4,0.09941520467836201,11,1
14,"(3,15)",,False,14,"[11, 3, 17, 18, 15]",1,0.0,-13,0,4,0.08187134502923901,13,1
15,"(3,15)",,False,14,"[11, 3, 17, 18, 15]",1,0.0,-13,0,4,0.08187134502923901,13,1
16,"(11,1)",,False,16,"[11, 1, 2, 9, 19]",1,0.0,-15,0,5,0.134502923976608,15,1
17,"(11,1)",,False,16,"[11, 1, 2, 9, 19]",1,0.0,-15,0,5,0.134502923976608,15,1
18,"(17,4)",,False,18,"[17, 9, 4, 19, 15]",2,0.043859649122807,-17,0,5,0.20467836257309902,17,1
19,"(17,4)",,False,18,"[17, 9, 4, 19, 15]",2,0.043859649122807,-17,0,5,0.20467836257309902,17,1
20,"(0,15)",,True,18,"[14, 0, 10, 15, 17]",2,0.011695906432748001,-19,0,5,0.18128654970760202,19,1
21,"(0,15)",,True,18,"[14, 0, 10, 15, 17]",2,0.011695906432748001,-19,0,5,0.18128654970760202,19,1
22,"(2,4)",,False,20,"[6, 13, 2, 4, 15]",2,0.017543859649122,-21,0,5,0.23391812865497003,21,1
23,"(2,4)",,False,20,"[6, 13, 2, 4, 15]",2,0.017543859649122,-21,0,5,0.23391812865497003,21,1
24,13:8,assassinate,True,15,"[14, 4, 13, 10, 18]",1,0.0,-23,0,3,0.25730994152046704,23,1
25,13:8,assassinate,True,15,"[14, 4, 13, 10, 18]",1,0.0,-23,0,3,0.25730994152046704,23,1
26,"(18,1)",,False,17,"[18, 17, 1, 13, 10]",2,0.070175438596491,-23,1,4,0.16666666666666602,24,1
27,"(18,1)",,False,17,"[18, 17, 1, 13, 10]",2,0.070175438596491,-23,1,4,0.16666666666666602,24,1
28,"(7,6)",,False,20,"[8, 7, 6, 19, 13]",2,0.070175438596491,-25,1,4,0.13937621832358602,26,1
29,"(7,6)",,False,20,"[8, 7, 6, 19, 13]",2,0.070175438596491,-25,1,4,0.13937621832358602,26,1
30,"(11,12)",,False,22,"[14, 11, 5, 3, 12]",2,0.036549707602339006,-27,1,4,0.103801169590643,28,1
31,"(11,12)",,False,22,"[14, 11, 5, 3, 12]",2,0.036549707602339006,-27,1,4,0.103801169590643,28,1
32,"(13,1)",,True,24,"[7, 13, 1, 6, 10]",3,0.075243664717348,-27,2,5,0.15799220272904402,29,1
33,"(13,1)",,True,24,"[7, 13, 1, 6, 10]",3,0.075243664717348,-27,2,5,0.15799220272904402,29,1
34,"(10,1)",,True,24,"[10, 6, 1, 12, 8]",3,0.065107212475633,-29,2,6,0.23479532163742603,31,1
35,"(10,1)",,True,24,"[10, 6, 1, 12, 8]",3,0.065107212475633,-29,2,6,0.23479532163742603,31,1
36,8:6,assassinate,True,20,"[8, 16, 5, 7, 15]",2,0.040935672514619006,-31,2,5,0.15107212475633502,33,1
37,8:6,assassinate,True,20,"[8, 16, 5, 7, 15]",2,0.040935672514619006,-31,2,5,0.15107212475633502,33,1
38,"(1,16)",,False,20,"[1, 7, 5, 16, 13]",2,0.060428849902534006,-33,2,6,0.230019493177387,35,1
39,"(1,16)",,False,20,"[1, 7, 5, 16, 13]",2,0.060428849902534006,-33,2,6,0.230019493177387,35,1
40,"(18,6)",,False,20,"[15, 18, 9, 7, 6]",3,0.10818713450292301,-35,2,6,0.286549707602339,37,1
41,"(18,6)",,False,20,"[15, 18, 9, 7, 6]",3,0.10818713450292301,-35,2,6,0.286549707602339,37,1
42,"(19,18)",,False,22,"[7, 19, 2, 18, 8]",4,0.175438596491228,-37,2,6,0.26023391812865404,39,1
43,"(19,18)",,False,22,"[7, 19, 2, 18, 8]",4,0.175438596491228,-37,2,6,0.26023391812865404,39,1
44,"(18,14)",,False,22,"[13, 4, 18, 14, 10]",4,0.143274853801169,-39,2,6,0.309941520467836,41,1
45,"(18,14)",,False,22,"[13, 4, 18, 14, 10]",4,0.143274853801169,-39,2,6,0.309941520467836,41,1
46,"(4,0)",,False,22,"[13, 4, 2, 0, 19]",3,0.08479532163742601,-41,2,6,0.25438596491228,43,1
47,"(4,0)",,False,22,"[13, 4, 2, 0, 19]",3,0.08479532163742601,-41,2,6,0.25438596491228,43,1
48,"(11,9)",,False,24,"[11, 19, 17, 9, 6]",3,0.100389863547758,-43,2,6,0.294346978557504,45,1
49,"(11,9)",,False,24,"[11, 19, 17, 9, 6]",3,0.100389863547758,-43,2,6,0.294346978557504,45,1
50,"(1,5)",,False,26,"[0, 14, 1, 5, 16]",4,0.182846003898635,-45,2,7,0.380896686159844,47,1
51,"(1,5)",,False,26,"[0, 14, 1, 5, 16]",4,0.182846003898635,-45,2,7,0.380896686159844,47,1
52,"(6,10)",,False,28,"[3, 15, 6, 10, 14]",4,0.12631578947368402,-47,2,7,0.34483430799220205,49,1
53,"(6,10)",,False,28,"[3, 15, 6, 10, 14]",4,0.12631578947368402,-47,2,7,0.34483430799220205,49,1
54,"(6,2)",,False,28,"[8, 6, 2, 14, 19]",4,0.12085769980506801,-49,2,7,0.360623781676413,51,1
55,"(6,2)",,False,28,"[8, 6, 2, 14, 19]",4,0.12085769980506801,-49,2,7,0.360623781676413,51,1
56,"(3,12)",,False,28,"[3, 12, 4, 8, 6]",4,0.09454191033138401,-51,2,7,0.35672514619883,53,1
57,"(3,12)",,False,28,"[3, 12, 4, 8, 6]",4,0.09454191033138401,-51,2,7,0.35672514619883,53,1
58,"(1,19)",,False,30,"[7, 1, 16, 19, 14]",4,0.10867446393762101,-53,2,8,0.40740740740740705,55,1
59,"(1,19)",,False,30,"[7, 1, 16, 19, 14]",4,0.10867446393762101,-53,2,8,0.40740740740740705,55,1
60,"(0,3)",,True,30,"[15, 0, 3, 10, 1]",3,0.013645224171539001,-55,2,8,0.45906432748538,57,1
61,"(0,3)",,True,30,"[15, 0, 3, 10, 1]",3,0.013645224171539001,-55,2,8,0.45906432748538,57,1
62,"(6,7)",,False,30,"[10, 5, 6, 7, 4]",4,0.064717348927875,-57,2,8,0.41208576998050606,59,1
63,"(6,7)",,False,30,"[10, 5, 6, 7, 4]",4,0.064717348927875,-57,2,8,0.41208576998050606,59,1
64,"(4,18)",,False,31,"[4, 17, 0, 13, 18]",4,0.071247563352826,-59,2,8,0.409161793372319,61,1
65,"(4,18)",,False,31,"[4, 17, 0, 13, 18]",4,0.071247563352826,-59,2,8,0.409161793372319,61,1
66,"(17,15)",,False,31,"[17, 6, 15, 4, 7]",4,0.071247563352826,-61,2,8,0.409161793372319,63,1
67,"(17,15)",,False,31,"[17, 6, 15, 4, 7]",4,0.071247563352826,-61,2,8,0.409161793372319,63,1
68,"(1,12)",,False,31,"[1, 6, 10, 9, 12]",4,0.06345029239766001,-63,2,9,0.5241715399610131,65,1
69,"(1,12)",,False,31,"[1, 6, 10, 9, 12]",4,0.06345029239766001,-63,2,9,0.5241715399610131,65,1
70,"(17,7)",,False,30,"[18, 15, 17, 7, 6]",4,0.096491228070175,-65,2,8,0.518518518518518,67,1
71,"(17,7)",,False,30,"[18, 15, 17, 7, 6]",4,0.096491228070175,-65,2,8,0.518518518518518,67,1
72,6:12,assassinate,True,26,"[9, 8, 18, 6, 11]",3,0.101364522417153,-67,2,7,0.47953216374269003,69,1
73,6:12,assassinate,True,26,"[9, 8, 18, 6, 11]",3,0.101364522417153,-67,2,7,0.47953216374269003,69,1
74,"(6,1)",,False,25,"[6, 1, 2, 9, 3]",3,0.10331384015594501,-69,2,7,0.507797270955165,71,1
75,"(6,1)",,False,25,"[6, 1, 2, 9, 3]",3,0.10331384015594501,-69,2,7,0.507797270955165,71,1
76,13:8,assassinate,True,20,"[13, 3, 7, 17, 14]",2,0.060428849902534006,-71,2,5,0.39766081871345005,73,1
77,13:8,assassinate,True,20,"[13, 3, 7, 17, 14]",2,0.060428849902534006,-71,2,5,0.39766081871345005,73,1
78,"(13,4)",,False,22,"[13, 7, 12, 18, 4]",2,0.066276803118908,-73,2,5,0.392787524366471,75,1
79,"(13,4)",,False,22,"[13, 7, 12, 18, 4]",2,0.066276803118908,-73,2,5,0.392787524366471,75,1
80,"(4,10)",,False,24,"[7, 4, 14, 17, 10]",3,0.112670565302144,-75,2,5,0.350779727095516,77,1
81,"(4,10)",,False,24,"[7, 4, 14, 17, 10]",3,0.112670565302144,-75,2,5,0.350779727095516,77,1
82,"(10,19)",,False,26,"[10, 19, 18, 14, 5]",3,0.038011695906432004,-77,2,5,0.253118908382066,79,1
83,"(10,19)",,False,26,"[10, 19, 18, 14, 5]",3,0.038011695906432004,-77,2,5,0.253118908382066,79,1
84,"(11,16)",,False,26,"[12, 11, 15, 16, 14]",3,0.05653021442495101,-79,2,4,0.28089668615984403,81,1
85,"(11,16)",,False,26,"[12, 11, 15, 16, 14]",3,0.05653021442495101,-79,2,4,0.28089668615984403,81,1
86,"(4,1)",,False,28,"[13, 4, 1, 8, 12]",4,0.06822612085769901,-81,2,5,0.324756335282651,83,1
87,"(4,1)",,False,28,"[13, 4, 1, 8, 12]",4,0.06822612085769901,-81,2,5,0.324756335282651,83,1
88,"(8,1)",,True,30,"[0, 17, 8, 1, 18]",5,0.167641325536062,-83,2,6,0.401559454191033,85,1
89,"(8,1)",,True,30,"[0, 17, 8, 1, 18]",5,0.167641325536062,-83,2,6,0.401559454191033,85,1
90,"(4,12)",,False,30,"[7, 4, 3, 12, 15]",5,0.159844054580896,-85,2,5,0.33040935672514604,87,1
91,"(4,12)",,False,30,"[7, 4, 3, 12, 15]",5,0.159844054580896,-85,2,5,0.33040935672514604,87,1
92,"(12,1)",,False,30,"[12, 9, 14, 1, 7]",5,0.17446393762183202,-87,2,5,0.321637426900584,89,1
93,"(12,1)",,False,30,"[12, 9, 14, 1, 7]",5,0.17446393762183202,-87,2,5,0.321637426900584,89,1
94,"(15,9)",,False,30,"[15, 12, 4, 9, 3]",5,0.169785575048732,-89,2,5,0.27972709551656905,91,1
95,"(15,9)",,False,30,"[15, 12, 4, 9, 3]",5,0.169785575048732,-89,2,5,0.27972709551656905,91,1
96,"(13,16)",,False,32,"[9, 13, 2, 16, 19]",5,0.14152046783625702,-91,2,5,0.26091617933723105,93,1
97,"(13,16)",,False,32,"[9, 13, 2, 16, 19]",5,0.14152046783625702,-91,2,5,0.26091617933723105,93,1
98,"(18,13)",,False,32,"[18, 15, 16, 13, 10]",5,0.14619883040935602,-93,2,4,0.17173489278752402,95,1
99,"(18,13)",,False,32,"[18, 15, 16, 13, 10]",5,0.14619883040935602,-93,2,4,0.17173489278752402,95,1
100,"(1,12)",,False,34,"[1, 15, 9, 7, 12]",5,0.134210526315789,-93,3,5,0.17270955165692,96,1
101,"(1,12)",,False,34,"[1, 15, 9, 7, 12]",5,0.134210526315789,-93,3,5,0.17270955165692,96,1
102,"(2,10)",,False,34,"[7, 19, 2, 10, 14]",6,0.181189083820662,-93,4,5,0.18508771929824502,97,1
103,"(2,10)",,False,34,"[7, 19, 2, 10, 14]",6,0.181189083820662,-93,4,5,0.18508771929824502,97,1
104,"(8,3)",,False,34,"[16, 18, 8, 11, 3]",6,0.20575048732943402,-91,6,5,0.171247563352826,97,1
105,"(8,3)",,False,34,"[16, 18, 8, 11, 3]",6,0.20575048732943402,-91,6,5,0.171247563352826,97,1
106,"(11,1)",,True,34,"[5, 15, 11, 1, 14]",6,0.22270955165692002,-89,8,6,0.20029239766081802,97,1
107,"(11,1)",,True,34,"[5, 15, 11, 1, 14]",6,0.22270955165692002,-89,8,6,0.20029239766081802,97,1
108,"(4,6)",,False,36,"[5, 4, 19, 13, 6]",6,0.168407128933444,-87,10,6,0.16666666666666602,97,1
109,"(4,6)",,False,36,"[5, 4, 19, 13, 6]",6,0.168407128933444,-87,10,6,0.16666666666666602,97,1
110,"(14,11)",,False,38,"[2, 8, 14, 11, 19]",6,0.158625730994152,-87,11,6,0.160818713450292,98,1
111,"(14,11)",,False,38,"[2, 8, 14, 11, 19]",6,0.158625730994152,-87,11,6,0.160818713450292,98,1
112,"(17,16)",,False,40,"[3, 17, 16, 8, 7]",6,0.14087069525666002,-85,13,6,0.112475633528265,98,1
113,"(17,16)",,False,40,"[3, 17, 16, 8, 7]",6,0.14087069525666002,-85,13,6,0.112475633528265,98,1
114,"(0,17)",,False,41,"[18, 0, 15, 17, 14]",5,0.11280516105077501,-83,15,6,0.09593428014480601,98,1
115,"(0,17)",,False,41,"[18, 0, 15, 17, 14]",5,0.11280516105077501,-83,15,6,0.09593428014480601,98,1
116,"(19,1)",,False,43,"[19, 11, 18, 1, 13]",5,0.11332497911445201,-81,17,7,0.107727652464494,98,1
117,"(19,1)",,False,43,"[19, 11, 18, 1, 13]",5,0.11332497911445201,-81,17,7,0.107727652464494,98,1
118,"(15,1)",,False,42,"[15, 18, 16, 14, 1]",5,0.177401837928153,-79,19,8,0.12439431913116102,98,1
119,"(15,1)",,False,42,"[15, 18, 16, 14, 1]",5,0.177401837928153,-79,19,8,0.12439431913116102,98,1
120,"(6,0)",,False,40,"[15, 14, 6, 0, 8]",4,0.04972152603731501,-79,20,7,0.09827346143135601,99,1
121,"(6,0)",,False,40,"[15, 14, 6, 0, 8]",4,0.04972152603731501,-79,20,7,0.09827346143135601,99,1
122,"(15,6)",,False,42,"[15, 4, 14, 6, 0]",4,0.056017358210340006,-81,20,7,0.105764411027568,101,1
123,"(15,6)",,False,42,"[15, 4, 14, 6, 0]",4,0.056017358210340006,-81,20,7,0.105764411027568,101,1
124,"(7,16)",,False,45,"[7, 16, 12, 9, 10]",4,0.045465158623053004,-83,20,7,0.08608647687595,103,1
125,"(7,16)",,False,45,"[7, 16, 12, 9, 10]",4,0.045465158623053004,-83,20,7,0.08608647687595,103,1
126,"(1,4)",,False,45,"[1, 4, 12, 14, 8]",4,0.042397660818713004,-85,20,7,0.10859788359788301,105,1
127,"(1,4)",,False,45,"[1, 4, 12, 14, 8]",4,0.042397660818713004,-85,20,7,0.10859788359788301,105,1
128,"(1,9)",,False,47,"[5, 1, 9, 15, 11]",5,0.061802865750234005,-87,20,8,0.15281343088360602,107,1
129,"(1,9)",,False,47,"[5, 1, 9, 15, 11]",5,0.061802865750234005,-87,20,8,0.15281343088360602,107,1
130,"(5,2)",,False,47,"[10, 5, 3, 17, 2]",5,0.065072403230297,-89,20,8,0.14756799405922202,109,1
131,"(5,2)",,False,47,"[10, 5, 3, 17, 2]",5,0.065072403230297,-89,20,8,0.14756799405922202,109,1
132,10:8,assassinate,True,44,"[10, 11, 18, 6, 12]",4,0.028378817413905,-91,20,8,0.140826603545901,111,1
133,10:8,assassinate,True,44,"[10, 11, 18, 6, 12]",4,0.028378817413905,-91,20,8,0.140826603545901,111,1
134,"(6,9)",,False,44,"[19, 4, 18, 6, 9]",4,0.028784925276153003,-93,20,8,0.141710758377425,113,1
135,"(6,9)",,False,44,"[19, 4, 18, 6, 9]",4,0.028784925276153003,-93,20,8,0.141710758377425,113,1
136,"(10,9)",,False,46,"[10, 2, 5, 9, 18]",4,0.044379467186484,-95,20,8,0.164740555091432,115,1
137,"(10,9)",,False,46,"[10, 2, 5, 9, 18]",4,0.044379467186484,-95,20,8,0.164740555091432,115,1
138,"(9,15)",,False,46,"[4, 13, 9, 7, 15]",4,0.044379467186484,-97,20,8,0.164740555091432,117,1
139,"(9,15)",,False,46,"[4, 13, 9, 7, 15]",4,0.044379467186484,-97,20,8,0.164740555091432,117,1
140,"(4,13)",,False,46,"[18, 6, 4, 16, 13]",5,0.094981561648228,-99,20,8,0.15907909504400702,119,1
141,"(4,13)",,False,46,"[18, 6, 4, 16, 13]",5,0.094981561648228,-99,20,8,0.15907909504400702,119,1
142,10:4,assassinate,True,42,"[10, 15, 6, 17, 9]",4,0.046442495126705,-99,21,6,0.079191033138401,120,1
143,10:4,assassinate,True,42,"[10, 15, 6, 17, 9]",4,0.046442495126705,-99,21,6,0.079191033138401,120,1
144,"(19,0)",,False,42,"[19, 5, 6, 0, 18]",3,0.026023391812865,-101,21,6,0.09390838206627601,122,1
145,"(19,0)",,False,42,"[19, 5, 6, 0, 18]",3,0.026023391812865,-101,21,6,0.09390838206627601,122,1
146,"(9,12)",,False,42,"[19, 18, 9, 12, 11]",3,0.006042884990253,-101,22,5,0.031089297317367003,123,1
147,"(9,12)",,False,42,"[19, 18, 9, 12, 11]",3,0.006042884990253,-101,22,5,0.031089297317367003,123,1
148,19:16,assassinate,True,33,"[4, 12, 5, 19, 16]",3,0.009746588693957,-103,22,4,0.039334447229184,125,1
149,19:16,assassinate,True,33,"[4, 12, 5, 19, 16]",3,0.009746588693957,-103,22,4,0.039334447229184,125,1
150,"(4,13)",,False,36,"[4, 15, 13, 6, 10]",3,0.006822612085769001,-105,22,4,0.038693957115009,127,1
151,"(4,13)",,False,36,"[4, 15, 13, 6, 10]",3,0.006822612085769001,-105,22,4,0.038693957115009,127,1
152,"(6,10)",,False,36,"[17, 7, 6, 10, 12]",3,0.013255360623781002,-107,22,4,0.042397660818713004,129,1
153,"(6,10)",,False,36,"[17, 7, 6, 10, 12]",3,0.013255360623781002,-107,22,4,0.042397660818713004,129,1
154,"(8,17)",,False,36,"[5, 8, 4, 3, 17]",3,0.016179337231968002,-109,22,4,0.036549707602339006,131,1
155,"(8,17)",,False,36,"[5, 8, 4, 3, 17]",3,0.016179337231968002,-109,22,4,0.036549707602339006,131,1
156,"(12,1)",,False,36,"[14, 12, 18, 1, 11]",3,0.021164021164021003,-111,22,5,0.058409913673071,133,1
157,"(12,1)",,False,36,"[14, 12, 18, 1, 11]",3,0.021164021164021003,-111,22,5,0.058409913673071,133,1
158,"(13,0)",,False,36,"[13, 8, 18, 16, 0]",2,0.0,-113,22,5,0.051782233361180006,135,1
159,"(13,0)",,False,36,"[13, 8, 18, 16, 0]",2,0.0,-113,22,5,0.051782233361180006,135,1
160,"(12,19)",,False,36,"[16, 12, 19, 7, 18]",2,0.0,-115,22,5,0.061125034809245006,137,1
161,"(12,19)",,False,36,"[16, 12, 19, 7, 18]",2,0.0,-115,22,5,0.061125034809245006,137,1
162,"(16,17)",,False,36,"[4, 12, 9, 16, 17]",2,0.0,-117,22,5,0.038044184535412,139,1
163,"(16,17)",,False,36,"[4, 12, 9, 16, 17]",2,0.0,-117,22,5,0.038044184535412,139,1
164,"(14,12)",,False,36,"[7, 14, 12, 18, 15]",3,0.033138401559454,-119,22,5,0.045126705653021,141,1
165,"(14,12)",,False,36,"[7, 14, 12, 18, 15]",3,0.033138401559454,-119,22,5,0.045126705653021,141,1
166,"(16,2)",,False,38,"[16, 3, 19, 4, 2]",3,0.034113060428849006,-121,22,5,0.041812865497076,143,1
167,"(16,2)",,False,38,"[16, 3, 19, 4, 2]",3,0.034113060428849006,-121,22,5,0.041812865497076,143,1
168,"(9,10)",,False,40,"[9, 10, 19, 17, 4]",3,0.008284600389863,-121,23,5,0.027541074909495002,144,1
169,"(9,10)",,False,40,"[9, 10, 19, 17, 4]",3,0.008284600389863,-121,23,5,0.027541074909495002,144,1
170,18:6,assassinate,True,39,"[18, 7, 4, 9, 11]",3,0.008284600389863,-123,23,5,0.027485380116959002,146,1
171,18:6,assassinate,True,39,"[18, 7, 4, 9, 11]",3,0.008284600389863,-123,23,5,0.027485380116959002,146,1
172,"(6,12)",,False,41,"[3, 6, 12, 4, 14]",3,0.005750487329434,-125,23,5,0.019353940406571003,148,1
173,"(6,12)",,False,41,"[3, 6, 12, 4, 14]",3,0.005750487329434,-125,23,5,0.019353940406571003,148,1
174,"(9,0)",,False,38,"[13, 9, 18, 7, 0]",2,0.007797270955165,-125,24,5,0.013505987190197001,149,1
175,"(9,0)",,False,38,"[13, 9, 18, 7, 0]",2,0.007797270955165,-125,24,5,0.013505987190197001,149,1
176,"(1,9)",,False,40,"[8, 7, 5, 1, 9]",2,0.010136452241715001,-127,24,6,0.14264828738512902,151,1
177,"(1,9)",,False,40,"[8, 7, 5, 1, 9]",2,0.010136452241715001,-127,24,6,0.14264828738512902,151,1
178,"(18,1)",,False,42,"[10, 18, 7, 1, 16]",2,0.011858349577647,-129,24,7,0.18620625638169402,153,1
179,"(18,1)",,False,42,"[10, 18, 7, 1, 16]",2,0.011858349577647,-129,24,7,0.18620625638169402,153,1
180,"(12,11)",,False,42,"[12, 6, 3, 13, 11]",3,0.040545808966861004,-131,24,7,0.17744360902255601,155,1
181,"(12,11)",,False,42,"[12, 6, 3, 13, 11]",3,0.040545808966861004,-131,24,7,0.17744360902255601,155,1
182,"(5,2)",,True,42,"[5, 2, 3, 9, 11]",3,0.044834307992202005,-133,24,7,0.19001670843776103,157,1
183,"(5,2)",,True,42,"[5, 2, 3, 9, 11]",3,0.044834307992202005,-133,24,7,0.19001670843776103,157,1
184,"(10,12)",,False,44,"[10, 12, 15, 19, 3]",3,0.025925925925925002,-135,24,7,0.15336953494848202,159,1
185,"(10,12)",,False,44,"[10, 12, 15, 19, 3]",3,0.025925925925925002,-135,24,7,0.15336953494848202,159,1
186,"(10,15)",,False,44,"[10, 6, 15, 13, 19]",3,0.024756335282651,-137,24,6,0.135143414090782,161,1
187,"(10,15)",,False,44,"[10, 6, 15, 13, 19]",3,0.024756335282651,-137,24,6,0.135143414090782,161,1
188,"(12,0)",,False,42,"[12, 0, 15, 3, 2]",2,0.016081871345029003,-139,24,6,0.13202450570871602,163,1
189,"(12,0)",,False,42,"[12, 0, 15, 3, 2]",2,0.016081871345029003,-139,24,6,0.13202450570871602,163,1
190,"(4,16)",,False,41,"[5, 4, 18, 16, 19]",2,0.013840155945419002,-141,24,5,0.12461709830130802,165,1
191,"(4,16)",,False,41,"[5, 4, 18, 16, 19]",2,0.013840155945419002,-141,24,5,0.12461709830130802,165,1
192,"(7,0)",,False,42,"[12, 7, 16, 9, 0]",1,0.0,-143,24,5,0.11162164670936602,167,1
193,"(7,0)",,False,42,"[12, 7, 16, 9, 0]",1,0.0,-143,24,5,0.11162164670936602,167,1
194,"(17,1)",,False,44,"[17, 18, 1, 11, 2]",2,0.011565951916829001,-145,24,6,0.12396732572171101,169,1
195,"(17,1)",,False,44,"[17, 18, 1, 11, 2]",2,0.011565951916829001,-145,24,6,0.12396732572171101,169,1
196,"(17,15)",,False,42,"[5, 17, 2, 11, 15]",2,0.011565951916829001,-147,24,6,0.14123271140815,171,1
197,"(17,15)",,False,42,"[5, 17, 2, 11, 15]",2,0.011565951916829001,-147,24,6,0.14123271140815,171,1
198,"(1,7)",,False,44,"[14, 1, 15, 2, 7]",2,0.010834957764782,-149,24,7,0.159925276153346,173,1
199,"(1,7)",,False,44,"[14, 1, 15, 2, 7]",2,0.010834957764782,-149,24,7,0.159925276153346,173,1
200,"(18,19)",,False,46,"[18, 2, 19, 5, 13]",2,0.009909031838856,-151,24,7,0.255263157894736,175,1
201,"(18,19)",,False,46,"[18, 2, 19, 5, 13]",2,0.009909031838856,-151,24,7,0.255263157894736,175,1
202,"(9,10)",,False,48,"[16, 9, 10, 12, 19]",2,0.006154274575327001,-153,24,7,0.13276246170983,177,1
203,"(9,10)",,False,48,"[16, 9, 10, 12, 19]",2,0.006154274575327001,-153,24,7,0.13276246170983,177,1
204,"(11,16)",,False,48,"[10, 3, 11, 16, 14]",2,0.006154274575327001,-155,24,7,0.09602478418267801,179,1
205,"(11,16)",,False,48,"[10, 3, 11, 16, 14]",2,0.006154274575327001,-155,24,7,0.09602478418267801,179,1
206,"(19,18)",,False,47,"[0, 14, 13, 19, 18]",2,0.0053188526872730004,-157,24,6,0.08666109718741201,181,1
207,"(19,18)",,False,47,"[0, 14, 13, 19, 18]",2,0.0053188526872730004,-157,24,6,0.08666109718741201,181,1
208,"(13,9)",,False,47,"[2, 0, 13, 9, 17]",2,0.0051796157059310005,-159,24,6,0.083792815371762,183,1
209,"(13,9)",,False,47,"[2, 0, 13, 9, 17]",2,0.0051796157059310005,-159,24,6,0.083792815371762,183,1
210,"(18,15)",,True,45,"[18, 5, 15, 10, 8]",2,0.005383829945233,-161,24,5,0.112916550635848,185,1
211,"(18,15)",,True,45,"[18, 5, 15, 10, 8]",2,0.005383829945233,-161,24,5,0.112916550635848,185,1
212,"(18,16)",,False,45,"[5, 2, 9, 18, 16]",2,0.003898635477582,-163,24,5,0.1447925368978,187,1
213,"(18,16)",,False,45,"[5, 2, 9, 18, 16]",2,0.003898635477582,-163,24,5,0.1447925368978,187,1
214,"(19,1)",,False,47,"[19, 16, 1, 10, 7]",2,0.003898635477582,-165,24,6,0.160825675299359,189,1
215,"(19,1)",,False,47,"[19, 16, 1, 10, 7]",2,0.003898635477582,-165,24,6,0.160825675299359,189,1
216,"(16,7)",,False,47,"[16, 7, 0, 5, 13]",2,0.0029239766081870003,-167,24,6,0.149401280980228,191,1
217,"(16,7)",,False,47,"[16, 7, 0, 5, 13]",2,0.0029239766081870003,-167,24,6,0.149401280980228,191,1
218,"(4,5)",,False,47,"[2, 9, 4, 5, 12]",2,0.0029239766081870003,-169,24,6,0.14083820662768,193,1
219,"(4,5)",,False,47,"[2, 9, 4, 5, 12]",2,0.0029239766081870003,-169,24,6,0.14083820662768,193,1
220,"(14,15)",,True,47,"[14, 15, 18, 11, 0]",3,0.017891952102478,-171,24,6,0.142425508214981,195,1
221,"(14,15)",,True,47,"[14, 15, 18, 11, 0]",3,0.017891952102478,-171,24,6,0.142425508214981,195,1
222,10:12,assassinate,True,42,"[9, 6, 14, 17, 10]",2,0.007309941520467001,-173,24,6,0.13373712057922502,197,1
223,10:12,assassinate,True,42,"[9, 6, 14, 17, 10]",2,0.007309941520467001,-173,24,6,0.13373712057922502,197,1
224,"(16,0)",,False,42,"[16, 17, 9, 0, 7]",2,0.0029239766081870003,-175,24,6,0.125452520189362,199,1
225,"(16,0)",,False,42,"[16, 17, 9, 0, 7]",2,0.0029239766081870003,-175,24,6,0.125452520189362,199,1
226,"(16,2)",,True,45,"[16, 2, 8, 13, 3]",2,0.0029239766081870003,-177,24,6,0.120077972709551,201,1
227,"(16,2)",,True,45,"[16, 2, 8, 13, 3]",2,0.0029239766081870003,-177,24,6,0.120077972709551,201,1
228,"(1,3)",,True,47,"[1, 7, 3, 2, 9]",3,0.0177179058758,-179,24,7,0.13261689577479002,203,1
229,"(1,3)",,True,47,"[1, 7, 3, 2, 9]",3,0.0177179058758,-179,24,7,0.13261689577479002,203,1
230,"(16,13)",,False,49,"[16, 13, 4, 2, 8]",3,0.013529193353754002,-181,24,7,0.12399053188526801,205,1
231,"(16,13)",,False,49,"[16, 13, 4, 2, 8]",3,0.013529193353754002,-181,24,7,0.12399053188526801,205,1
232,"(4,6)",,True,49,"[2, 12, 15, 4, 6]",3,0.013610414926204002,-183,24,7,0.12251461988304001,207,1
233,"(4,6)",,True,49,"[2, 12, 15, 4, 6]",3,0.013610414926204002,-183,24,7,0.12251461988304001,207,1
234,"(3,14)",,False,47,"[3, 9, 18, 11, 14]",3,0.026803118908382002,-185,24,7,0.12777777777777702,209,1
235,"(3,14)",,False,47,"[3, 9, 18, 11, 14]",3,0.026803118908382002,-185,24,7,0.12777777777777702,209,1
236,"(17,5)",,False,47,"[17, 1, 7, 3, 5]",4,0.048231690336953,-187,24,7,0.13266499582289001,211,1
237,"(17,5)",,False,47,"[17, 1, 7, 3, 5]",4,0.048231690336953,-187,24,7,0.13266499582289001,211,1
238,16:6,assassinate,True,45,"[17, 16, 12, 4, 9]",3,0.010442773600668,-189,24,7,0.07165135059871901,213,1
239,16:6,assassinate,True,45,"[17, 16, 12, 4, 9]",3,0.010442773600668,-189,24,7,0.07165135059871901,213,1
240,"(16,1)",,False,47,"[16, 3, 1, 18, 0]",3,0.010442773600668,-191,24,8,0.161983662860855,215,1
241,"(16,1)",,False,47,"[16, 3, 1, 18, 0]",3,0.010442773600668,-191,24,8,0.161983662860855,215,1
242,"(4,1)",,False,49,"[4, 19, 3, 1, 18]",3,0.009161793372319,-193,24,9,0.158535226956279,217,1
243,"(4,1)",,False,49,"[4, 19, 3, 1, 18]",3,0.009161793372319,-193,24,9,0.158535226956279,217,1
244,"(8,11)",,False,47,"[8, 14, 12, 0, 11]",3,0.009161793372319,-195,24,8,0.14830130882762402,219,1
245,"(8,11)",,False,47,"[8, 14, 12, 0, 11]",3,0.009161793372319,-195,24,8,0.14830130882762402,219,1
246,"(17,7)",,True,49,"[17, 7, 16, 18, 13]",4,0.01358024691358,-197,24,8,0.147846468021906,221,1
247,"(17,7)",,True,49,"[17, 7, 16, 18, 13]",4,0.01358024691358,-197,24,8,0.147846468021906,221,1
248,"(10,13)",,False,51,"[2, 7, 10, 13, 3]",4,0.017673814165042,-199,24,8,0.15018564930845602,223,1
249,"(10,13)",,False,51,"[2, 7, 10, 13, 3]",4,0.017673814165042,-199,24,8,0.15018564930845602,223,1
250,"(4,19)",,False,51,"[12, 4, 9, 7, 19]",4,0.017673814165042,-201,24,8,0.09311241065627,225,1
251,"(4,19)",,False,51,"[12, 4, 9, 7, 19]",4,0.017673814165042,-201,24,8,0.09311241065627,225,1
252,"(5,0)",,False,52,"[5, 0, 12, 8, 14]",3,0.007667316439246,-203,24,8,0.09786039172004,227,1
253,"(5,0)",,False,52,"[5, 0, 12, 8, 14]",3,0.007667316439246,-203,24,8,0.09786039172004,227,1
254,"(10,16)",,False,54,"[12, 10, 16, 9, 13]",4,0.018388564002599,-205,24,8,0.128158358860113,229,1
255,"(10,16)",,False,54,"[12, 10, 16, 9, 13]",4,0.018388564002599,-205,24,8,0.128158358860113,229,1
256,"(7,15)",,False,54,"[6, 7, 15, 9, 14]",4,0.020133667502088,-207,24,8,0.132372598162071,231,1
257,"(7,15)",,False,54,"[6, 7, 15, 9, 14]",4,0.020133667502088,-207,24,8,0.132372598162071,231,1
258,"(1,6)",,False,56,"[16, 7, 1, 6, 9]",5,0.024032302979671002,-209,24,9,0.15381509328877702,233,1
259,"(1,6)",,False,56,"[16, 7, 1, 6, 9]",5,0.024032302979671002,-209,24,9,0.15381509328877702,233,1
260,"(1,8)",,False,58,"[17, 1, 18, 8, 2]",5,0.025545555808713,-211,24,10,0.148083592820434,235,1
261,"(1,8)",,False,58,"[17, 1, 18, 8, 2]",5,0.025545555808713,-211,24,10,0.148083592820434,235,1
262,3:18,assassinate,True,50,"[18, 9, 0, 3, 17]",4,0.015594541910331002,-213,24,9,0.14689501531606702,237,1
263,3:18,assassinate,True,50,"[18, 9, 0, 3, 17]",4,0.015594541910331002,-213,24,9,0.14689501531606702,237,1
264,"(1,13)",,True,53,"[8, 4, 18, 1, 13]",4,0.015594541910331002,-215,24,10,0.145154553049289,239,1
265,"(1,13)",,True,53,"[8, 4, 18, 1, 13]",4,0.015594541910331002,-215,24,10,0.145154553049289,239,1
266,"(15,6)",,False,53,"[15, 16, 17, 11, 6]",4,0.018469785575048,-217,24,10,0.137099693678641,241,1
267,"(15,6)",,False,53,"[15, 16, 17, 11, 6]",4,0.018469785575048,-217,24,10,0.137099693678641,241,1
268,"(3,1)",,False,56,"[3, 6, 4, 1, 13]",4,0.01817738791423,-219,24,11,0.22725331848138802,243,1
269,"(3,1)",,False,56,"[3, 6, 4, 1, 13]",4,0.01817738791423,-219,24,11,0.22725331848138802,243,1
270,"(16,5)",,False,57,"[16, 5, 19, 8, 2]",4,0.018762183235867,-221,24,11,0.24946393762183203,245,1
271,"(16,5)",,False,57,"[16, 5, 19, 8, 2]",4,0.018762183235867,-221,24,11,0.24946393762183203,245,1
272,"(10,16)",,False,57,"[10, 4, 9, 5, 16]",4,0.019736842105263,-223,24,11,0.218070639561867,247,1
273,"(10,16)",,False,57,"[10, 4, 9, 5, 16]",4,0.019736842105263,-223,24,11,0.218070639561867,247,1
274,"(8,15)",,False,57,"[14, 2, 8, 15, 16]",5,0.029239766081871003,-225,24,11,0.22434326557133502,249,1
275,"(8,15)",,False,57,"[14, 2, 8, 15, 16]",5,0.029239766081871003,-225,24,11,0.22434326557133502,249,1
276,"(7,3)",,False,57,"[7, 9, 14, 19, 3]",5,0.029239766081871003,-227,24,11,0.22434326557133502,251,1
277,"(7,3)",,False,57,"[7, 9, 14, 19, 3]",5,0.029239766081871003,-227,24,11,0.22434326557133502,251,1
278,2:6,assassinate,True,53,"[15, 19, 5, 2, 14]",4,0.013700918964076,-229,24,11,0.21573842012438502,253,1
279,2:6,assassinate,True,53,"[15, 19, 5, 2, 14]",4,0.013700918964076,-229,24,11,0.21573842012438502,253,1
280,"(13,2)",,False,55,"[6, 13, 11, 12, 2]",5,0.04917850181008,-231,24,11,0.229870973730622,255,1
281,"(13,2)",,False,55,"[6, 13, 11, 12, 2]",5,0.04917850181008,-231,24,11,0.229870973730622,255,1
282,"(18,15)",,False,53,"[4, 8, 7, 18, 15]",5,0.051371484266221006,-233,24,11,0.23860809430984803,257,1
283,"(18,15)",,False,53,"[4, 8, 7, 18, 15]",5,0.051371484266221006,-233,24,11,0.23860809430984803,257,1
284,"(1,10)",,False,55,"[17, 1, 10, 5, 7]",5,0.050201893622946005,-235,24,12,0.28773041277658,259,1
285,"(1,10)",,False,55,"[17, 1, 10, 5, 7]",5,0.050201893622946005,-235,24,12,0.28773041277658,259,1
286,"(4,2)",,False,56,"[13, 5, 4, 19, 2]",5,0.028622482131254002,-237,24,12,0.275029324152131,261,1
287,"(4,2)",,False,56,"[13, 5, 4, 19, 2]",5,0.028622482131254002,-237,24,12,0.275029324152131,261,1
288,"(18,19)",,False,56,"[18, 19, 6, 16, 12]",6,0.045182400445558005,-239,24,12,0.29728734382474,263,1
289,"(18,19)",,False,56,"[18, 19, 6, 16, 12]",6,0.045182400445558005,-239,24,12,0.29728734382474,263,1
290,"(6,9)",,False,56,"[6, 10, 9, 15, 4]",6,0.048593706488443,-241,24,12,0.285034173018937,265,1
291,"(6,9)",,False,56,"[6, 10, 9, 15, 4]",6,0.048593706488443,-241,24,12,0.285034173018937,265,1
292,"(18,9)",,False,56,"[18, 3, 15, 7, 9]",6,0.048405736563631,-243,24,12,0.293059036480089,267,1
293,"(18,9)",,False,56,"[18, 3, 15, 7, 9]",6,0.048405736563631,-243,24,12,0.293059036480089,267,1
294,"(15,19)",,True,54,"[10, 15, 17, 19, 18]",6,0.048600668337510006,-245,24,11,0.19083452094288,269,1
295,"(15,19)",,True,54,"[10, 15, 17, 19, 18]",6,0.048600668337510006,-245,24,11,0.19083452094288,269,1
296,"(2,1)",,False,56,"[19, 0, 15, 2, 1]",6,0.041095795043163005,-247,24,12,0.195081248873818,271,1
297,"(2,1)",,False,56,"[19, 0, 15, 2, 1]",6,0.041095795043163005,-247,24,12,0.195081248873818,271,1
298,"(18,11)",,False,56,"[18, 19, 11, 1, 8]",6,0.04401977165135,-249,24,12,0.19416364986540402,273,1
299,"(18,11)",,False,56,"[18, 19, 11, 1, 8]",6,0.04401977165135,-249,24,12,0.19416364986540402,273,1
300,"(15,5)",,False,54,"[15, 0, 10, 5, 4]",6,0.051524644945697,-251,24,11,0.17427596769702,275,1
301,"(15,5)",,False,54,"[15, 0, 10, 5, 4]",6,0.051524644945697,-251,24,11,0.17427596769702,275,1
302,"(0,2)",,False,52,"[5, 0, 18, 9, 2]",5,0.031349206349206,-253,24,11,0.189967975494291,277,1
303,"(0,2)",,False,52,"[5, 0, 18, 9, 2]",5,0.031349206349206,-253,24,11,0.189967975494291,277,1
304,"(2,1)",,False,54,"[5, 2, 13, 1, 7]",6,0.13661236424394302,-255,24,12,0.23441241993873502,279,1
305,"(2,1)",,False,54,"[5, 2, 13, 1, 7]",6,0.13661236424394302,-255,24,12,0.23441241993873502,279,1
306,"(0,19)",,False,54,"[9, 12, 15, 0, 19]",6,0.13566323215446002,-257,24,12,0.227053745474798,281,1
307,"(0,19)",,False,54,"[9, 12, 15, 0, 19]",6,0.13566323215446002,-257,24,12,0.227053745474798,281,1
308,"(0,1)",,False,56,"[7, 0, 10, 9, 1]",7,0.13694421238280802,-259,24,13,0.23724462671831,283,1
309,"(0,1)",,False,56,"[7, 0, 10, 9, 1]",7,0.13694421238280802,-259,24,13,0.23724462671831,283,1
310,14:6,assassinate,True,54,"[19, 14, 2, 10, 17]",6,0.11149169219344601,-261,24,13,0.215469228627123,285,1
311,14:6,assassinate,True,54,"[19, 14, 2, 10, 17]",6,0.11149169219344601,-261,24,13,0.215469228627123,285,1
312,"(10,12)",,False,56,"[10, 0, 12, 18, 9]",7,0.11786874593892101,-263,24,13,0.19965695829988903,287,1
313,"(10,12)",,False,56,"[10, 0, 12, 18, 9]",7,0.11786874593892101,-263,24,13,0.19965695829988903,287,1
314,"(1,3)",,False,55,"[16, 6, 1, 12, 3]",7,0.074756335282651,-263,25,12,0.17463798384851,288,1
315,"(1,3)",,False,55,"[16, 6, 1, 12, 3]",7,0.074756335282651,-263,25,12,0.17463798384851,288,1
316,6:6,assassinate,True,53,"[11, 6, 9, 8, 17]",7,0.035867446393762,-265,25,12,0.16004594820384202,290,1
317,6:6,assassinate,True,53,"[11, 6, 9, 8, 17]",7,0.035867446393762,-265,25,12,0.16004594820384202,290,1
318,"(12,1)",,False,55,"[12, 4, 15, 16, 1]",7,0.031481481481481,-267,25,13,0.17943469785575,292,1
319,"(12,1)",,False,55,"[12, 4, 15, 16, 1]",7,0.031481481481481,-267,25,13,0.17943469785575,292,1
320,9:14,assassinate,True,49,"[16, 3, 10, 9, 19]",7,0.032163742690058006,-269,25,13,0.167495126705653,294,1
321,9:14,assassinate,True,49,"[16, 3, 10, 9, 19]",7,0.032163742690058006,-269,25,13,0.167495126705653,294,1
322,"(6,18)",,False,51,"[6, 17, 15, 18, 16]",7,0.031968810916179,-271,25,13,0.19069200779727002,296,1
323,"(6,18)",,False,51,"[6, 17, 15, 18, 16]",7,0.031968810916179,-271,25,13,0.19069200779727002,296,1
324,"(0,3)",,False,49,"[14, 13, 12, 0, 3]",6,0.011208576998050002,-273,25,12,0.12373294346978501,298,1
325,"(0,3)",,False,49,"[14, 13, 12, 0, 3]",6,0.011208576998050002,-273,25,12,0.12373294346978501,298,1
326,13:18,assassinate,True,39,"[11, 10, 13, 7, 3]",5,0.012378167641325,-275,25,10,0.15253411306042802,300,1
327,13:18,assassinate,True,39,"[11, 10, 13, 7, 3]",5,0.012378167641325,-275,25,10,0.15253411306042802,300,1
328,4:14,assassinate,True,33,"[1, 4, 7, 5, 2]",4,0.0026315789473680003,-277,25,10,0.15721247563352803,302,1
329,4:14,assassinate,True,33,"[1, 4, 7, 5, 2]",4,0.0026315789473680003,-277,25,10,0.15721247563352803,302,1
330,"(4,2)",,False,35,"[19, 4, 5, 8, 2]",4,0.0026315789473680003,-279,25,10,0.220662768031189,304,1
331,"(4,2)",,False,35,"[19, 4, 5, 8, 2]",4,0.0026315789473680003,-279,25,10,0.220662768031189,304,1
332,"(3,1)",,False,37,"[8, 3, 2, 18, 1]",4,0.0026315789473680003,-281,25,11,0.24600389863547703,306,1
333,"(3,1)",,False,37,"[8, 3, 2, 18, 1]",4,0.0026315789473680003,-281,25,11,0.24600389863547703,306,1
334,"(14,2)",,False,39,"[16, 10, 14, 2, 17]",4,0.0026315789473680003,-283,25,11,0.29582289055973204,308,1
335,"(14,2)",,False,39,"[16, 10, 14, 2, 17]",4,0.0026315789473680003,-283,25,11,0.29582289055973204,308,1
336,"(9,19)",,False,41,"[5, 9, 19, 17, 7]",4,0.005263157894736001,-285,25,11,0.324644945697577,310,1
337,"(9,19)",,False,41,"[5, 9, 19, 17, 7]",4,0.005263157894736001,-285,25,11,0.324644945697577,310,1
338,"(19,5)",,False,41,"[9, 19, 5, 17, 13]",4,0.006822612085769001,-287,25,11,0.30406571985519304,312,1
339,"(19,5)",,False,41,"[9, 19, 5, 17, 13]",4,0.006822612085769001,-287,25,11,0.30406571985519304,312,1
340,"(18,5)",,False,41,"[3, 9, 11, 18, 5]",5,0.04756335282651,-289,25,11,0.30595934280144804,314,1
341,"(18,5)",,False,41,"[3, 9, 11, 18, 5]",5,0.04756335282651,-289,25,11,0.30595934280144804,314,1
342,"(0,8)",,False,38,"[0, 15, 13, 8, 17]",4,0.039668615984405006,-291,25,9,0.22266081871345,316,1
343,"(0,8)",,False,38,"[0, 15, 13, 8, 17]",4,0.039668615984405006,-291,25,9,0.22266081871345,316,1
344,"(7,18)",,False,38,"[7, 10, 15, 2, 18]",4,0.040935672514619006,-293,25,9,0.23913255360623703,318,1
345,"(7,18)",,False,38,"[7, 10, 15, 2, 18]",4,0.040935672514619006,-293,25,9,0.23913255360623703,318,1
346,"(8,12)",,False,38,"[3, 8, 14, 12, 15]",5,0.14639376218323502,-295,25,9,0.28089668615984403,320,1
347,"(8,12)",,False,38,"[3, 8, 14, 12, 15]",5,0.14639376218323502,-295,25,9,0.28089668615984403,320,1
348,"(13,18)",,False,38,"[13, 14, 9, 12, 18]",5,0.11515531252373301,-297,25,8,0.254728361307308,322,1
349,"(13,18)",,False,38,"[13, 14, 9, 12, 18]",5,0.11515531252373301,-297,25,8,0.254728361307308,322,1
350,"(13,6)",,False,40,"[18, 13, 11, 4, 6]",5,0.09791608651257701,-299,25,8,0.20339970296110602,324,1
351,"(13,6)",,False,40,"[18, 13, 11, 4, 6]",5,0.09791608651257701,-299,25,8,0.20339970296110602,324,1
352,"(4,1)",,False,42,"[0, 4, 17, 1, 9]",5,0.09541910331384,-301,25,9,0.23822055137844603,326,1
353,"(4,1)",,False,42,"[0, 4, 17, 1, 9]",5,0.09541910331384,-301,25,9,0.23822055137844603,326,1
354,"(13,1)",,True,44,"[14, 11, 13, 5, 1]",5,0.051267056530214,-303,25,10,0.25847953216374203,328,1
355,"(13,1)",,True,44,"[14, 11, 13, 5, 1]",5,0.051267056530214,-303,25,10,0.25847953216374203,328,1
356,"(16,4)",,False,43,"[17, 9, 16, 5, 4]",6,0.08589529379003001,-305,25,9,0.241186299081035,330,1
357,"(16,4)",,False,43,"[17, 9, 16, 5, 4]",6,0.08589529379003001,-305,25,9,0.241186299081035,330,1
358,"(19,10)",,False,43,"[19, 10, 17, 9, 7]",6,0.11770630279402201,-307,25,9,0.267599554441659,332,1
359,"(19,10)",,False,43,"[19, 10, 17, 9, 7]",6,0.11770630279402201,-307,25,9,0.267599554441659,332,1
360,6:8,assassinate,True,40,"[4, 10, 11, 6, 15]",5,0.04317738791423,-309,25,9,0.245864661654135,334,1
361,6:8,assassinate,True,40,"[4, 10, 11, 6, 15]",5,0.04317738791423,-309,25,9,0.245864661654135,334,1
362,"(13,0)",,False,40,"[11, 8, 9, 13, 0]",4,0.013645224171539001,-311,25,9,0.260540239487607,336,1
363,"(13,0)",,False,40,"[11, 8, 9, 13, 0]",4,0.013645224171539001,-311,25,9,0.260540239487607,336,1
364,"(1,6)",,True,42,"[5, 1, 9, 6, 19]",4,0.014814814814814002,-313,25,10,0.30760233918128604,338,1
365,"(1,6)",,True,42,"[5, 1, 9, 6, 19]",4,0.014814814814814002,-313,25,10,0.30760233918128604,338,1
366,"(2,14)",,False,42,"[0, 2, 14, 6, 16]",4,0.014944769330734001,-315,25,10,0.271790587580061,340,1
367,"(2,14)",,False,42,"[0, 2, 14, 6, 16]",4,0.014944769330734001,-315,25,10,0.271790587580061,340,1
368,"(19,6)",,False,42,"[9, 5, 19, 6, 12]",4,0.014944769330734001,-317,25,10,0.271790587580061,342,1
369,"(19,6)",,False,42,"[9, 5, 19, 6, 12]",4,0.014944769330734001,-317,25,10,0.271790587580061,342,1
370,"(9,7)",,False,42,"[9, 19, 7, 15, 10]",4,0.015627030539311002,-319,25,10,0.27871066555277,344,1
371,"(9,7)",,False,42,"[9, 19, 7, 15, 10]",4,0.015627030539311002,-319,25,10,0.27871066555277,344,1
372,"(1,10)",,False,42,"[13, 7, 15, 1, 10]",4,0.015627030539311002,-321,25,10,0.285282651072124,346,1
373,"(1,10)",,False,42,"[13, 7, 15, 1, 10]",4,0.015627030539311002,-321,25,10,0.285282651072124,346,1
374,"(0,9)",,False,42,"[0, 17, 10, 3, 9]",4,0.015627030539311002,-323,25,10,0.285282651072124,348,1
375,"(0,9)",,False,42,"[0, 17, 10, 3, 9]",4,0.015627030539311002,-323,25,10,0.285282651072124,348,1
376,"(16,7)",,False,42,"[15, 14, 16, 17, 7]",4,0.016016894087069,-325,25,10,0.2713589529379,350,1
377,"(16,7)",,False,42,"[15, 14, 16, 17, 7]",4,0.016016894087069,-325,25,10,0.2713589529379,350,1
378,"(16,19)",,False,43,"[9, 16, 4, 19, 12]",4,0.015738420124385002,-327,25,10,0.246560846560846,352,1
379,"(16,19)",,False,43,"[9, 16, 4, 19, 12]",4,0.015738420124385002,-327,25,10,0.246560846560846,352,1
380,"(12,9)",,False,45,"[3, 12, 9, 7, 17]",4,0.014276431820291001,-329,25,10,0.202979671400724,354,1
381,"(12,9)",,False,45,"[3, 12, 9, 7, 17]",4,0.014276431820291001,-329,25,10,0.202979671400724,354,1
382,"(14,1)",,False,47,"[14, 11, 1, 3, 7]",4,0.015446022463566002,-331,25,11,0.251970203285992,356,1
383,"(14,1)",,False,47,"[14, 11, 1, 3, 7]",4,0.015446022463566002,-331,25,11,0.251970203285992,356,1
384,"(13,18)",,False,47,"[13, 14, 18, 6, 17]",4,0.015575976979485002,-333,25,11,0.23793511556669403,358,1
385,"(13,18)",,False,47,"[13, 14, 18, 6, 17]",4,0.015575976979485002,-333,25,11,0.23793511556669403,358,1
386,"(12,9)",,True,45,"[3, 12, 14, 9, 2]",4,0.017037965283579003,-335,25,10,0.203139793929267,360,1
387,"(12,9)",,True,45,"[3, 12, 14, 9, 2]",4,0.017037965283579003,-335,25,10,0.203139793929267,360,1
388,"(10,4)",,False,45,"[18, 10, 4, 16, 2]",5,0.047057458460967004,-337,25,10,0.214348370927318,362,1
389,"(10,4)",,False,45,"[18, 10, 4, 16, 2]",5,0.047057458460967004,-337,25,10,0.214348370927318,362,1
390,"(17,18)",,False,47,"[17, 19, 14, 18, 12]",5,0.046927503945047,-339,25,10,0.198927875243664,364,1
391,"(17,18)",,False,47,"[17, 19, 14, 18, 12]",5,0.046927503945047,-339,25,10,0.198927875243664,364,1
392,7:20,assassinate,True,36,"[18, 9, 15, 2, 7]",4,0.040819641696834004,-341,25,8,0.191557597697948,366,1
393,7:20,assassinate,True,36,"[18, 9, 15, 2, 7]",4,0.040819641696834004,-341,25,8,0.191557597697948,366,1
394,"(3,6)",,False,36,"[17, 3, 6, 11, 2]",4,0.037700733314768003,-343,25,7,0.14243479068040402,368,1
395,"(3,6)",,False,36,"[17, 3, 6, 11, 2]",4,0.037700733314768003,-343,25,7,0.14243479068040402,368,1
396,"(5,1)",,False,38,"[5, 17, 2, 1, 0]",4,0.03558201058201,-345,25,8,0.18531746031746002,370,1
397,"(5,1)",,False,38,"[5, 17, 2, 1, 0]",4,0.03558201058201,-345,25,8,0.18531746031746002,370,1
398,"(11,0)",,False,38,"[7, 11, 12, 16, 0]",4,0.046052631578947005,-347,25,8,0.19220969089390103,372,1
399,"(11,0)",,False,38,"[7, 11, 12, 16, 0]",4,0.046052631578947005,-347,25,8,0.19220969089390103,372,1
400,"(10,8)",,False,36,"[2, 15, 10, 8, 9]",4,0.04839181286549701,-349,25,7,0.17027290448343002,374,1
401,"(10,8)",,False,36,"[2, 15, 10, 8, 9]",4,0.04839181286549701,-349,25,7,0.17027290448343002,374,1
402,"(11,4)",,False,35,"[18, 11, 16, 4, 14]",4,0.055416318574213,-351,25,6,0.162893344472291,376,1
403,"(11,4)",,False,35,"[18, 11, 16, 4, 14]",4,0.055416318574213,-351,25,6,0.162893344472291,376,1
404,"(17,9)",,False,37,"[17, 15, 2, 13, 9]",4,0.032326185834957,-353,25,6,0.13538011695906402,378,1
405,"(17,9)",,False,37,"[17, 15, 2, 13, 9]",4,0.032326185834957,-353,25,6,0.13538011695906402,378,1
406,"(17,0)",,False,35,"[2, 17, 0, 3, 5]",3,0.055973266499582,-355,25,6,0.136215538847117,380,1
407,"(17,0)",,False,35,"[2, 17, 0, 3, 5]",3,0.055973266499582,-355,25,6,0.136215538847117,380,1
408,"(7,5)",,False,37,"[19, 8, 7, 5, 18]",4,0.08206163557040701,-357,25,6,0.184948482316903,382,1
409,"(7,5)",,False,37,"[19, 8, 7, 5, 18]",4,0.08206163557040701,-357,25,6,0.184948482316903,382,1
410,"(10,13)",,False,37,"[10, 15, 14, 13, 7]",4,0.08286456882948101,-359,25,5,0.16350598719019702,384,1
411,"(10,13)",,False,37,"[10, 15, 14, 13, 7]",4,0.08286456882948101,-359,25,5,0.16350598719019702,384,1
412,19:14,assassinate,True,31,"[15, 12, 19, 8, 9]",3,0.039717348927875006,-361,25,5,0.19649122807017502,386,1
413,19:14,assassinate,True,31,"[15, 12, 19, 8, 9]",3,0.039717348927875006,-361,25,5,0.19649122807017502,386,1
414,"(11,12)",,False,33,"[8, 13, 11, 17, 12]",3,0.032894736842105005,-363,25,5,0.174366471734892,388,1
415,"(11,12)",,False,33,"[8, 13, 11, 17, 12]",3,0.032894736842105005,-363,25,5,0.174366471734892,388,1
416,"(1,8)",,False,35,"[11, 3, 4, 1, 8]",3,0.024366471734892002,-365,25,6,0.188109161793372,390,1
417,"(1,8)",,False,35,"[11, 3, 4, 1, 8]",3,0.024366471734892002,-365,25,6,0.188109161793372,390,1
418,"(3,16)",,False,35,"[3, 14, 16, 10, 9]",3,0.023489278752436,-367,25,6,0.202923976608187,392,1
419,"(3,16)",,False,35,"[3, 14, 16, 10, 9]",3,0.023489278752436,-367,25,6,0.202923976608187,392,1
420,"(3,1)",,False,37,"[3, 1, 13, 0, 5]",4,0.13167641325536,-369,25,7,0.29385964912280604,394,1
421,"(3,1)",,False,37,"[3, 1, 13, 0, 5]",4,0.13167641325536,-369,25,7,0.29385964912280604,394,1
422,"(5,19)",,False,37,"[5, 14, 19, 12, 16]",4,0.066179337231968,-371,25,6,0.19142300194931702,396,1
423,"(5,19)",,False,37,"[5, 14, 19, 12, 16]",4,0.066179337231968,-371,25,6,0.19142300194931702,396,1
424,"(19,1)",,True,39,"[3, 8, 19, 1, 2]",4,0.04337231968810901,-373,25,7,0.17319688109161702,398,1
425,"(19,1)",,True,39,"[3, 8, 19, 1, 2]",4,0.04337231968810901,-373,25,7,0.17319688109161702,398,1
426,"(8,6)",,False,39,"[18, 8, 6, 2, 10]",4,0.040448343079922004,-375,25,7,0.165107212475633,400,1
427,"(8,6)",,False,39,"[18, 8, 6, 2, 10]",4,0.040448343079922004,-375,25,7,0.165107212475633,400,1
428,16:12,assassinate,True,34,"[16, 5, 12, 17, 7]",4,0.044152046783625006,-377,25,7,0.205068226120857,402,1
429,16:12,assassinate,True,34,"[16, 5, 12, 17, 7]",4,0.044152046783625006,-377,25,7,0.205068226120857,402,1
430,"(3,16)",,False,36,"[3, 13, 16, 8, 0]",4,0.038304093567251,-379,25,7,0.183040935672514,404,1
431,"(3,16)",,False,36,"[3, 13, 16, 8, 0]",4,0.038304093567251,-379,25,7,0.183040935672514,404,1
432,"(1,13)",,False,36,"[17, 1, 8, 14, 13]",4,0.041228070175438,-381,25,7,0.25487329434697803,406,1
433,"(1,13)",,False,36,"[17, 1, 8, 14, 13]",4,0.041228070175438,-381,25,7,0.25487329434697803,406,1
434,11:12,assassinate,True,31,"[19, 17, 6, 11, 12]",4,0.06578947368421001,-383,25,7,0.293664717348927,408,1
435,11:12,assassinate,True,31,"[19, 17, 6, 11, 12]",4,0.06578947368421001,-383,25,7,0.293664717348927,408,1
436,"(19,5)",,False,31,"[19, 15, 13, 10, 5]",4,0.057992202729044005,-385,25,7,0.279922027290448,410,1
437,"(19,5)",,False,31,"[19, 15, 13, 10, 5]",4,0.057992202729044005,-385,25,7,0.279922027290448,410,1
438,"(4,5)",,False,31,"[4, 5, 6, 15, 14]",5,0.16325536062378102,-387,25,7,0.38206627680311805,412,1
439,"(4,5)",,False,31,"[4, 5, 6, 15, 14]",5,0.16325536062378102,-387,25,7,0.38206627680311805,412,1
440,"(17,1)",,False,33,"[18, 17, 1, 12, 19]",5,0.128167641325536,-389,25,8,0.38148148148148103,414,1
441,"(17,1)",,False,33,"[18, 17, 1, 12, 19]",5,0.128167641325536,-389,25,8,0.38148148148148103,414,1
442,"(1,11)",,False,35,"[19, 1, 17, 11, 13]",6,0.077972709551656,-391,25,9,0.38469785575048704,416,1
443,"(1,11)",,False,35,"[19, 1, 17, 11, 13]",6,0.077972709551656,-391,25,9,0.38469785575048704,416,1
444,"(18,17)",,False,34,"[18, 17, 12, 2, 5]",6,0.075048732943469,-393,25,8,0.28625730994152004,418,1
445,"(18,17)",,False,34,"[18, 17, 12, 2, 5]",6,0.075048732943469,-393,25,8,0.28625730994152004,418,1
446,"(11,0)",,False,34,"[14, 11, 9, 0, 2]",5,0.046491228070175,-395,25,8,0.273196881091617,420,1
447,"(11,0)",,False,34,"[14, 11, 9, 0, 2]",5,0.046491228070175,-395,25,8,0.273196881091617,420,1
448,"(3,2)",,False,36,"[3, 2, 10, 11, 4]",5,0.044653299916457,-397,25,8,0.24764689501531503,422,1
449,"(3,2)",,False,36,"[3, 2, 10, 11, 4]",5,0.044653299916457,-397,25,8,0.24764689501531503,422,1
450,"(17,19)",,False,36,"[17, 6, 19, 13, 5]",5,0.041269841269841005,-399,25,8,0.20788081314397103,424,1
451,"(17,19)",,False,36,"[17, 6, 19, 13, 5]",5,0.041269841269841005,-399,25,8,0.20788081314397103,424,1
452,"(13,8)",,False,36,"[1, 13, 6, 5, 8]",6,0.0687552213868,-401,25,8,0.24209133945976002,426,1
453,"(13,8)",,False,36,"[1, 13, 6, 5, 8]",6,0.0687552213868,-401,25,8,0.24209133945976002,426,1
454,"(0,19)",,True,36,"[2, 4, 0, 11, 19]",5,0.043441938178780004,-403,25,8,0.206390977443609,428,1
455,"(0,19)",,True,36,"[2, 4, 0, 11, 19]",5,0.043441938178780004,-403,25,8,0.206390977443609,428,1
456,"(11,18)",,False,38,"[7, 11, 18, 5, 8]",6,0.084649122807017,-405,25,8,0.190399610136452,430,1
457,"(11,18)",,False,38,"[7, 11, 18, 5, 8]",6,0.084649122807017,-405,25,8,0.190399610136452,430,1
458,"(0,4)",,False,38,"[2, 0, 1, 6, 4]",5,0.04312865497076,-407,25,8,0.182115009746588,432,1
459,"(0,4)",,False,38,"[2, 0, 1, 6, 4]",5,0.04312865497076,-407,25,8,0.182115009746588,432,1
460,"(1,4)",,False,40,"[19, 1, 5, 4, 14]",6,0.072076023391812,-409,25,9,0.19381091617933702,434,1
461,"(1,4)",,False,40,"[19, 1, 5, 4, 14]",6,0.072076023391812,-409,25,9,0.19381091617933702,434,1
462,16:4,assassinate,True,40,"[12, 2, 7, 14, 16]",7,0.111403508771929,-411,25,9,0.158771929824561,436,1
463,16:4,assassinate,True,40,"[12, 2, 7, 14, 16]",7,0.111403508771929,-411,25,9,0.158771929824561,436,1
464,"(4,12)",,False,42,"[19, 4, 11, 12, 18]",7,0.09876543209876501,-413,25,9,0.143989603638726,438,1
465,"(4,12)",,False,42,"[19, 4, 11, 12, 18]",7,0.09876543209876501,-413,25,9,0.143989603638726,438,1
466,"(0,4)",,False,43,"[0, 14, 4, 16, 5]",6,0.07060707323865201,-415,25,9,0.136911723753829,440,1
467,"(0,4)",,False,43,"[0, 14, 4, 16, 5]",6,0.07060707323865201,-415,25,9,0.136911723753829,440,1
468,"(3,5)",,False,43,"[8, 0, 3, 5, 12]",6,0.07217509585930601,-417,25,9,0.159531306899727,442,1
469,"(3,5)",,False,43,"[8, 0, 3, 5, 12]",6,0.07217509585930601,-417,25,9,0.159531306899727,442,1
470,"(7,1)",,False,45,"[15, 5, 7, 14, 1]",6,0.065705931495405,-419,25,10,0.17294625452520102,444,1
471,"(7,1)",,False,45,"[15, 5, 7, 14, 1]",6,0.065705931495405,-419,25,10,0.17294625452520102,444,1
472,"(7,5)",,True,45,"[12, 13, 7, 3, 5]",6,0.09153439153439101,-421,25,10,0.204135338345864,446,1
473,"(7,5)",,True,45,"[12, 13, 7, 3, 5]",6,0.09153439153439101,-421,25,10,0.204135338345864,446,1
474,"(19,5)",,False,45,"[17, 19, 5, 11, 7]",6,0.09298245614035,-423,25,10,0.226413255360623,448,1
475,"(19,5)",,False,45,"[17, 19, 5, 11, 7]",6,0.09298245614035,-423,25,10,0.226413255360623,448,1
476,"(18,17)",,False,45,"[19, 15, 18, 4, 17]",6,0.07148444473005801,-425,25,9,0.18675106569843403,450,1
477,"(18,17)",,False,45,"[19, 15, 18, 4, 17]",6,0.07148444473005801,-425,25,9,0.18675106569843403,450,1
478,"(4,16)",,False,46,"[4, 0, 12, 10, 16]",6,0.08006911866560901,-427,25,9,0.180603217445322,452,1
479,"(4,16)",,False,46,"[4, 0, 12, 10, 16]",6,0.08006911866560901,-427,25,9,0.180603217445322,452,1
480,"(15,7)",,False,49,"[16, 11, 15, 5, 7]",6,0.066388614634228,-429,25,9,0.10201893622946201,454,1
481,"(15,7)",,False,49,"[16, 11, 15, 5, 7]",6,0.066388614634228,-429,25,9,0.10201893622946201,454,1
482,"(9,7)",,False,51,"[9, 5, 6, 7, 14]",6,0.046797971359374003,-431,25,9,0.085150375939849,456,1
483,"(9,7)",,False,51,"[9, 5, 6, 7, 14]",6,0.046797971359374003,-431,25,9,0.085150375939849,456,1
484,"(19,10)",,False,53,"[19, 12, 10, 3, 2]",6,0.044361324185885,-433,25,9,0.08393205235310401,458,1
485,"(19,10)",,False,53,"[19, 12, 10, 3, 2]",6,0.044361324185885,-433,25,9,0.08393205235310401,458,1
486,"(2,1)",,False,53,"[12, 13, 2, 1, 4]",6,0.04799195281651401,-435,25,9,0.08727695306642601,460,1
487,"(2,1)",,False,53,"[12, 13, 2, 1, 4]",6,0.04799195281651401,-435,25,9,0.08727695306642601,460,1
488,"(3,5)",,False,51,"[19, 9, 3, 5, 7]",6,0.060428849902534006,-437,25,8,0.08788174139051301,462,1
489,"(3,5)",,False,51,"[19, 9, 3, 5, 7]",6,0.060428849902534006,-437,25,8,0.08788174139051301,462,1
490,"(13,6)",,False,51,"[9, 4, 13, 6, 18]",6,0.065432098765432,-439,25,8,0.09551656920077901,464,1
491,"(13,6)",,False,51,"[9, 4, 13, 6, 18]",6,0.065432098765432,-439,25,8,0.09551656920077901,464,1
492,"(13,4)",,False,51,"[17, 3, 13, 16, 4]",7,0.11603777963427,-439,26,8,0.12135895293790001,465,1
493,"(13,4)",,False,51,"[17, 3, 13, 16, 4]",7,0.11603777963427,-439,26,8,0.12135895293790001,465,1
494,"(17,12)",,False,53,"[2, 17, 12, 15, 4]",7,0.10793735179700001,-441,26,8,0.11672552593605201,467,1
495,"(17,12)",,False,53,"[2, 17, 12, 15, 4]",7,0.10793735179700001,-441,26,8,0.11672552593605201,467,1
496,"(0,18)",,False,52,"[1, 0, 11, 13, 18]",6,0.07838577926297201,-441,27,8,0.08345400538382901,468,1
497,"(0,18)",,False,52,"[1, 0, 11, 13, 18]",6,0.07838577926297201,-441,27,8,0.08345400538382901,468,1
498,"(5,13)",,False,50,"[0, 5, 13, 2, 19]",6,0.093785389399424,-441,28,7,0.108001485194467,469,1
499,"(5,13)",,False,50,"[0, 5, 13, 2, 19]",6,0.093785389399424,-441,28,7,0.108001485194467,469,1
500,"(0,9)",,False,48,"[18, 13, 0, 8, 9]",5,0.07890559732664901,-441,29,7,0.10020421423930101,470,1
501,"(0,9)",,False,48,"[18, 13, 0, 8, 9]",5,0.07890559732664901,-441,29,7,0.10020421423930101,470,1
502,10:8,assassinate,True,43,"[3, 12, 10, 9, 13]",4,0.028320802005012004,-443,29,7,0.09670008354218801,472,1
503,10:8,assassinate,True,43,"[3, 12, 10, 9, 13]",4,0.028320802005012004,-443,29,7,0.09670008354218801,472,1
504,"(6,1)",,False,45,"[6, 18, 13, 1, 4]",4,0.013685096579833002,-445,29,8,0.113144603934077,474,1
505,"(6,1)",,False,45,"[6, 18, 13, 1, 4]",4,0.013685096579833002,-445,29,8,0.113144603934077,474,1
506,"(12,18)",,False,45,"[0, 6, 12, 18, 13]",4,0.014634228669316001,-447,29,8,0.112385762385762,476,1
507,"(12,18)",,False,45,"[0, 6, 12, 18, 13]",4,0.014634228669316001,-447,29,8,0.112385762385762,476,1
508,"(19,17)",,False,45,"[12, 18, 19, 14, 17]",5,0.11750905040378701,-449,29,8,0.15167780562517402,478,1
509,"(19,17)",,False,45,"[12, 18, 19, 14, 17]",5,0.11750905040378701,-449,29,8,0.15167780562517402,478,1
510,"(16,0)",,True,45,"[16, 12, 0, 2, 5]",4,0.017167919799498003,-451,29,8,0.10913394597605101,480,1
511,"(16,0)",,True,45,"[16, 12, 0, 2, 5]",4,0.017167919799498003,-451,29,8,0.10913394597605101,480,1
512,"(19,16)",,False,47,"[7, 19, 12, 14, 16]",4,0.018525480367585,-453,29,8,0.11924951267056501,482,1
513,"(19,16)",,False,47,"[7, 19, 12, 14, 16]",4,0.018525480367585,-453,29,8,0.11924951267056501,482,1
514,"(16,10)",,False,47,"[16, 8, 7, 2, 10]",4,0.02203425229741,-455,29,7,0.087183235867446,484,1
515,"(16,10)",,False,47,"[16, 8, 7, 2, 10]",4,0.02203425229741,-455,29,7,0.087183235867446,484,1
516,"(16,1)",,False,49,"[16, 9, 3, 11, 1]",4,0.028132832080200003,-457,29,8,0.15505894365543402,486,1
517,"(16,1)",,False,49,"[16, 9, 3, 11, 1]",4,0.028132832080200003,-457,29,8,0.15505894365543402,486,1
518,19:12,assassinate,True,42,"[0, 10, 11, 17, 19]",4,0.050747238466536004,-459,29,7,0.23089668615984402,488,1
519,19:12,assassinate,True,42,"[0, 10, 11, 17, 19]",4,0.050747238466536004,-459,29,7,0.23089668615984402,488,1
520,"(19,11)",,False,44,"[19, 17, 11, 15, 7]",4,0.039747516940499,-461,29,7,0.140392648287385,490,1
521,"(19,11)",,False,44,"[19, 17, 11, 15, 7]",4,0.039747516940499,-461,29,7,0.140392648287385,490,1
522,"(11,6)",,False,46,"[11, 6, 19, 15, 3]",4,0.030970588865325003,-463,29,7,0.124880577512156,492,1
523,"(11,6)",,False,46,"[11, 6, 19, 15, 3]",4,0.030970588865325003,-463,29,7,0.124880577512156,492,1
524,"(5,4)",,False,44,"[7, 3, 5, 9, 4]",4,0.04941056344565101,-465,29,7,0.137816764132553,494,1
525,"(5,4)",,False,44,"[7, 3, 5, 9, 4]",4,0.04941056344565101,-465,29,7,0.137816764132553,494,1
526,"(2,9)",,False,45,"[7, 0, 14, 2, 9]",4,0.05162211083263701,-467,29,6,0.11116680590364801,496,1
527,"(2,9)",,False,45,"[7, 0, 14, 2, 9]",4,0.05162211083263701,-467,29,6,0.11116680590364801,496,1
528,"(1,9)",,True,47,"[19, 5, 1, 9, 18]",4,0.03505291005291,-469,29,7,0.13739905318852602,498,1
529,"(1,9)",,True,47,"[19, 5, 1, 9, 18]",4,0.03505291005291,-469,29,7,0.13739905318852602,498,1
530,"(6,0)",,False,47,"[18, 6, 7, 0, 16]",4,0.03505291005291,-471,29,7,0.13739905318852602,500,1
531,"(6,0)",,False,47,"[18, 6, 7, 0, 16]",4,0.03505291005291,-471,29,7,0.13739905318852602,500,1
532,"(13,18)",,False,49,"[13, 18, 16, 0, 19]",4,0.037930474333983,-473,29,7,0.102322936972059,502,1
533,"(13,18)",,False,49,"[13, 18, 16, 0, 19]",4,0.037930474333983,-473,29,7,0.102322936972059,502,1
534,"(6,12)",,False,51,"[6, 0, 12, 2, 4]",4,0.034275503573749005,-475,29,7,0.08862897985705001,504,1
535,"(6,12)",,False,51,"[6, 0, 12, 2, 4]",4,0.034275503573749005,-475,29,7,0.08862897985705001,504,1
536,"(2,1)",,False,53,"[0, 8, 4, 2, 1]",4,0.032943469785575004,-477,29,8,0.098528729230483,506,1
537,"(2,1)",,False,53,"[0, 8, 4, 2, 1]",4,0.032943469785575004,-477,29,8,0.098528729230483,506,1
538,"(0,3)",,False,54,"[8, 0, 13, 3, 7]",3,0.018910913647755,-479,29,8,0.10928077770183,508,1
539,"(0,3)",,False,54,"[8, 0, 13, 3, 7]",3,0.018910913647755,-479,29,8,0.10928077770183,508,1
540,"(1,17)",,False,54,"[4, 16, 1, 17, 0]",3,0.010185185185185,-481,29,8,0.12124756335282601,510,1
541,"(1,17)",,False,54,"[4, 16, 1, 17, 0]",3,0.010185185185185,-481,29,8,0.12124756335282601,510,1
542,"(7,9)",,False,52,"[7, 13, 0, 16, 9]",3,0.012097016044384,-483,29,8,0.121449992502624,512,1
543,"(7,9)",,False,52,"[7, 13, 0, 16, 9]",3,0.012097016044384,-483,29,8,0.121449992502624,512,1
544,"(4,16)",,True,52,"[0, 4, 5, 1, 16]",4,0.032387365720699,-485,29,8,0.11769343392150401,514,1
545,"(4,16)",,True,52,"[0, 4, 5, 1, 16]",4,0.032387365720699,-485,29,8,0.11769343392150401,514,1
546,"(11,4)",,False,52,"[11, 12, 4, 16, 15]",4,0.031096259166434003,-487,29,8,0.11289102385593601,516,1
547,"(11,4)",,False,52,"[11, 12, 4, 16, 15]",4,0.031096259166434003,-487,29,8,0.11289102385593601,516,1
548,"(0,18)",,False,53,"[13, 0, 16, 5, 18]",3,0.010452267031214001,-489,29,8,0.12400065821118401,518,1
549,"(0,18)",,False,53,"[13, 0, 16, 5, 18]",3,0.010452267031214001,-489,29,8,0.12400065821118401,518,1
550,"(15,16)",,False,53,"[2, 15, 19, 17, 16]",3,0.010452267031214001,-491,29,8,0.12400065821118401,520,1
551,"(15,16)",,False,53,"[2, 15, 19, 17, 16]",3,0.010452267031214001,-491,29,8,0.12400065821118401,520,1
552,"(5,10)",,False,53,"[13, 18, 5, 10, 17]",3,0.020904534062428003,-493,29,7,0.103792309055466,522,1
553,"(5,10)",,False,53,"[13, 18, 5, 10, 17]",3,0.020904534062428003,-493,29,7,0.103792309055466,522,1
554,"(7,1)",,False,55,"[15, 14, 7, 1, 6]",3,0.019832409306093,-495,29,8,0.11474561825439,524,1
555,"(7,1)",,False,55,"[15, 14, 7, 1, 6]",3,0.019832409306093,-495,29,8,0.11474561825439,524,1
556,"(3,13)",,False,55,"[8, 7, 17, 3, 13]",3,0.01817738791423,-497,29,8,0.11322751322751301,526,1
557,"(3,13)",,False,55,"[8, 7, 17, 3, 13]",3,0.01817738791423,-497,29,8,0.11322751322751301,526,1
558,"(11,5)",,False,56,"[11, 9, 5, 18, 10]",3,0.01817738791423,-499,29,8,0.102459853337046,528,1
559,"(11,5)",,False,56,"[11, 9, 5, 18, 10]",3,0.01817738791423,-499,29,8,0.102459853337046,528,1
560,"(14,1)",,False,58,"[14, 0, 1, 16, 3]",4,0.026543209876543003,-501,29,9,0.114251748900871,530,1
561,"(14,1)",,False,58,"[14, 0, 1, 16, 3]",4,0.026543209876543003,-501,29,9,0.114251748900871,530,1
562,"(4,7)",,False,59,"[16, 4, 9, 7, 6]",4,0.023050682261208003,-503,29,9,0.10931537598204201,532,1
563,"(4,7)",,False,59,"[16, 4, 9, 7, 6]",4,0.023050682261208003,-503,29,9,0.10931537598204201,532,1
564,"(1,13)",,True,59,"[5, 1, 8, 7, 13]",4,0.022809403072560002,-505,29,9,0.10959849117743801,534,1
565,"(1,13)",,True,59,"[5, 1, 8, 7, 13]",4,0.022809403072560002,-505,29,9,0.10959849117743801,534,1
566,"(18,7)",,False,59,"[18, 11, 19, 7, 2]",4,0.02323061928325,-507,29,9,0.11430124456440201,536,1
567,"(18,7)",,False,59,"[18, 11, 19, 7, 2]",4,0.02323061928325,-507,29,9,0.11430124456440201,536,1
568,"(13,6)",,False,62,"[13, 8, 10, 6, 19]",4,0.022252390234846,-509,29,9,0.113028151186045,538,1
569,"(13,6)",,False,62,"[13, 8, 10, 6, 19]",4,0.022252390234846,-509,29,9,0.113028151186045,538,1
570,"(1,11)",,False,64,"[8, 3, 13, 1, 11]",5,0.029669080107676004,-511,29,10,0.13035830316532002,540,1
571,"(1,11)",,False,64,"[8, 3, 13, 1, 11]",5,0.029669080107676004,-511,29,10,0.13035830316532002,540,1
572,"(17,16)",,False,66,"[13, 8, 4, 17, 16]",5,0.020319738740791002,-513,29,10,0.126985392774866,542,1
573,"(17,16)",,False,66,"[13, 8, 4, 17, 16]",5,0.020319738740791002,-513,29,10,0.126985392774866,542,1
574,"(1,12)",,False,68,"[1, 16, 12, 7, 11]",5,0.018600794916584,-515,29,11,0.12333928254980801,544,1
575,"(1,12)",,False,68,"[1, 16, 12, 7, 11]",5,0.018600794916584,-515,29,11,0.12333928254980801,544,1
576,"(7,15)",,False,69,"[10, 2, 18, 7, 15]",5,0.017732462469304003,-517,29,11,0.13128971418445,546,1
577,"(7,15)",,False,69,"[10, 2, 18, 7, 15]",5,0.017732462469304003,-517,29,11,0.13128971418445,546,1
578,"(9,0)",,False,69,"[4, 1, 7, 9, 0]",5,0.017732462469304003,-519,29,11,0.13128971418445,548,1
579,"(9,0)",,False,69,"[4, 1, 7, 9, 0]",5,0.017732462469304003,-519,29,11,0.13128971418445,548,1
580,"(6,3)",,False,69,"[4, 10, 6, 0, 3]",5,0.017593225487962,-521,29,11,0.10867826130984001,550,1
581,"(6,3)",,False,69,"[4, 10, 6, 0, 3]",5,0.017593225487962,-521,29,11,0.10867826130984001,550,1
582,15:18,assassinate,True,60,"[13, 10, 15, 7, 9]",4,0.018263250719391,-523,29,11,0.11556669451406201,552,1
583,15:18,assassinate,True,60,"[13, 10, 15, 7, 9]",4,0.018263250719391,-523,29,11,0.11556669451406201,552,1
584,"(9,15)",,False,62,"[8, 13, 11, 9, 15]",4,0.016638819270398002,-525,29,11,0.14076858813700902,554,1
585,"(9,15)",,False,62,"[8, 13, 11, 9, 15]",4,0.016638819270398002,-525,29,11,0.14076858813700902,554,1
586,"(2,5)",,False,62,"[8, 2, 13, 5, 16]",5,0.025995544416597002,-527,29,11,0.138331940963519,556,1
587,"(2,5)",,False,62,"[8, 2, 13, 5, 16]",5,0.025995544416597002,-527,29,11,0.138331940963519,556,1
588,"(1,15)",,False,64,"[1, 0, 16, 2, 15]",5,0.025995544416597002,-529,29,12,0.14139515455304902,558,1
589,"(1,15)",,False,64,"[1, 0, 16, 2, 15]",5,0.025995544416597002,-529,29,12,0.14139515455304902,558,1
590,11:20,assassinate,True,55,"[2, 15, 11, 19, 5]",4,0.01058201058201,-531,29,11,0.165302144249512,560,1
591,11:20,assassinate,True,55,"[2, 15, 11, 19, 5]",4,0.01058201058201,-531,29,11,0.165302144249512,560,1
592,"(9,17)",,False,55,"[9, 16, 3, 17, 13]",4,0.017251461988304,-533,29,11,0.177903091060985,562,1
593,"(9,17)",,False,55,"[9, 16, 3, 17, 13]",4,0.017251461988304,-533,29,11,0.177903091060985,562,1
594,"(11,5)",,False,55,"[10, 13, 2, 11, 5]",4,0.016081871345029003,-535,29,10,0.170760233918128,564,1
595,"(11,5)",,False,55,"[10, 13, 2, 11, 5]",4,0.016081871345029003,-535,29,10,0.170760233918128,564,1
596,"(17,5)",,False,55,"[19, 15, 6, 17, 5]",4,0.015838206627680002,-537,29,9,0.13645224171539902,566,1
597,"(17,5)",,False,55,"[19, 15, 6, 17, 5]",4,0.015838206627680002,-537,29,9,0.13645224171539902,566,1
598,"(1,13)",,False,58,"[1, 0, 6, 3, 13]",6,0.07417850181008001,-539,29,10,0.15415622389306602,568,1
599,"(1,13)",,False,58,"[1, 0, 6, 3, 13]",6,0.07417850181008001,-539,29,10,0.15415622389306602,568,1
600,"(18,13)",,False,56,"[18, 9, 6, 13, 10]",6,0.07938596491228,-541,29,9,0.16285389399424402,570,1
601,"(18,13)",,False,56,"[18, 9, 6, 13, 10]",6,0.07938596491228,-541,29,9,0.16285389399424402,570,1
602,"(6,9)",,False,56,"[6, 9, 7, 3, 17]",7,0.101648059542796,-543,29,9,0.15681881471355102,572,1
603,"(6,9)",,False,56,"[6, 9, 7, 3, 17]",7,0.101648059542796,-543,29,9,0.15681881471355102,572,1
604,"(15,9)",,False,57,"[15, 4, 19, 13, 9]",7,0.099189390856057,-545,29,9,0.15109622346464402,574,1
605,"(15,9)",,False,57,"[15, 4, 19, 13, 9]",7,0.099189390856057,-545,29,9,0.15109622346464402,574,1
606,"(2,16)",,False,55,"[2, 16, 19, 13, 12]",7,0.15506519146870001,-547,29,9,0.16809009703746502,576,1
607,"(2,16)",,False,55,"[2, 16, 19, 13, 12]",7,0.15506519146870001,-547,29,9,0.16809009703746502,576,1
608,"(16,2)",,False,56,"[16, 8, 5, 14, 2]",8,0.174293461574163,-545,31,8,0.13336475090861,576,1
609,"(16,2)",,False,56,"[16, 8, 5, 14, 2]",8,0.174293461574163,-545,31,8,0.13336475090861,576,1
610,"(6,16)",,False,58,"[12, 5, 6, 16, 3]",9,0.18469089390142002,-543,33,8,0.13070175438596401,576,1
611,"(6,16)",,False,58,"[12, 5, 6, 16, 3]",9,0.18469089390142002,-543,33,8,0.13070175438596401,576,1
612,"(4,11)",,False,58,"[4, 11, 10, 14, 8]",9,0.137186806046455,-541,35,7,0.11912116473519901,576,1
613,"(4,11)",,False,58,"[4, 11, 10, 14, 8]",9,0.137186806046455,-541,35,7,0.11912116473519901,576,1
614,"(0,11)",,False,58,"[0, 12, 11, 8, 10]",8,0.08475015887296501,-539,37,7,0.053860791580089,576,1
615,"(0,11)",,False,58,"[0, 12, 11, 8, 10]",8,0.08475015887296501,-539,37,7,0.053860791580089,576,1
616,"(1,19)",,True,58,"[3, 2, 1, 19, 10]",8,0.083793448267132,-537,39,7,0.083221943748259,576,1
617,"(1,19)",,True,58,"[3, 2, 1, 19, 10]",8,0.083793448267132,-537,39,7,0.083221943748259,576,1
618,"(4,2)",,False,59,"[4, 11, 16, 2, 5]",10,0.121352623984202,-535,41,7,0.065698969646338,576,1
619,"(4,2)",,False,59,"[4, 11, 16, 2, 5]",10,0.121352623984202,-535,41,7,0.065698969646338,576,1
620,"(14,0)",,True,59,"[5, 14, 0, 9, 3]",10,0.149610136452241,-533,43,7,0.067133110554163,576,1
621,"(14,0)",,True,59,"[5, 14, 0, 9, 3]",10,0.149610136452241,-533,43,7,0.067133110554163,576,1
622,17:8,assassinate,True,56,"[17, 2, 6, 4, 18]",9,0.10217209690893801,-531,45,7,0.054643553327763,576,1
623,17:8,assassinate,True,56,"[17, 2, 6, 4, 18]",9,0.10217209690893801,-531,45,7,0.054643553327763,576,1
624,"(13,1)",,False,56,"[13, 1, 15, 16, 10]",9,0.09898357003620101,-529,47,8,0.073461431356168,576,1
625,"(13,1)",,False,56,"[13, 1, 15, 16, 10]",9,0.09898357003620101,-529,47,8,0.073461431356168,576,1
626,"(12,0)",,False,54,"[9, 4, 12, 0, 7]",8,0.10185185185185101,-527,49,7,0.067608836907082,576,1
627,"(12,0)",,False,54,"[9, 4, 12, 0, 7]",8,0.10185185185185101,-527,49,7,0.067608836907082,576,1
628,"(0,11)",,False,51,"[7, 2, 12, 0, 11]",7,0.06452241715399601,-525,51,5,0.024480181936322003,576,1
629,"(0,11)",,False,51,"[7, 2, 12, 0, 11]",7,0.06452241715399601,-525,51,5,0.024480181936322003,576,1
630,"(14,15)",,True,53,"[14, 11, 2, 18, 15]",7,0.088888888888888,-523,53,5,0.025357374918778004,576,1
631,"(14,15)",,True,53,"[14, 11, 2, 18, 15]",7,0.088888888888888,-523,53,5,0.025357374918778004,576,1
632,"(1,8)",,False,53,"[9, 6, 1, 8, 7]",7,0.08154645873944101,-521,55,6,0.036127355425601006,576,1
633,"(1,8)",,False,53,"[9, 6, 1, 8, 7]",7,0.08154645873944101,-521,55,6,0.036127355425601006,576,1
634,"(18,6)",,False,56,"[18, 3, 6, 12, 8]",9,0.155165692007797,-519,57,6,0.029239766081871003,576,1
635,"(18,6)",,False,56,"[18, 3, 6, 12, 8]",9,0.155165692007797,-519,57,6,0.029239766081871003,576,1
636,"(6,19)",,False,56,"[3, 8, 6, 19, 7]",9,0.132678919521024,-517,59,6,0.026900584795321,576,1
637,"(6,19)",,False,56,"[3, 8, 6, 19, 7]",9,0.132678919521024,-517,59,6,0.026900584795321,576,1
638,"(14,12)",,False,54,"[18, 10, 14, 12, 3]",9,0.186062378167641,-515,61,6,0.046036387264457,576,1
639,"(14,12)",,False,54,"[18, 10, 14, 12, 3]",9,0.186062378167641,-515,61,6,0.046036387264457,576,1
640,"(19,10)",,False,56,"[19, 9, 8, 15, 10]",10,0.19795321637426902,-513,63,6,0.024853801169590004,576,1
641,"(19,10)",,False,56,"[19, 9, 8, 15, 10]",10,0.19795321637426902,-513,63,6,0.024853801169590004,576,1
642,"(12,11)",,False,55,"[12, 9, 15, 11, 14]",10,0.168643831801726,-511,65,6,0.023001949317738003,576,1
643,"(12,11)",,False,55,"[12, 9, 15, 11, 14]",10,0.168643831801726,-511,65,6,0.023001949317738003,576,1
644,"(15,14)",,False,53,"[8, 15, 14, 6, 7]",10,0.165037593984962,-509,67,6,0.030116959064327,576,1
645,"(15,14)",,False,53,"[8, 15, 14, 6, 7]",10,0.165037593984962,-509,67,6,0.030116959064327,576,1
646,"(11,3)",,False,53,"[17, 11, 3, 6, 9]",10,0.144308582905074,-507,69,6,0.027541496839742004,576,1
647,"(11,3)",,False,53,"[17, 11, 3, 6, 9]",10,0.144308582905074,-507,69,6,0.027541496839742004,576,1
648,"(1,17)",,False,53,"[1, 9, 15, 13, 17]",10,0.13503666573842002,-505,71,7,0.091293047433398,576,1
649,"(1,17)",,False,53,"[1, 9, 15, 13, 17]",10,0.13503666573842002,-505,71,7,0.091293047433398,576,1
650,"(15,0)",,False,54,"[13, 15, 11, 0, 8]",11,0.153369113018235,-503,73,7,0.085826097229605,576,1
651,"(15,0)",,False,54,"[13, 15, 11, 0, 8]",11,0.153369113018235,-503,73,7,0.085826097229605,576,1
652,"(19,11)",,False,54,"[6, 19, 11, 3, 4]",11,0.144063441431862,-501,75,7,0.08483519404572,576,1
653,"(19,11)",,False,54,"[6, 19, 11, 3, 4]",11,0.144063441431862,-501,75,7,0.08483519404572,576,1
654,"(16,12)",,False,56,"[7, 2, 4, 16, 12]",11,0.13757373231057402,-499,77,7,0.075598719019771,576,1
655,"(16,12)",,False,56,"[7, 2, 4, 16, 12]",11,0.13757373231057402,-499,77,7,0.075598719019771,576,1
656,"(13,3)",,False,58,"[13, 5, 3, 11, 6]",12,0.149039264828738,-497,79,7,0.07259352083913401,576,1
657,"(13,3)",,False,58,"[13, 5, 3, 11, 6]",12,0.149039264828738,-497,79,7,0.07259352083913401,576,1
658,"(18,4)",,False,60,"[15, 18, 4, 5, 10]",12,0.14342801448064602,-495,81,7,0.07120579225842301,576,1
659,"(18,4)",,False,60,"[15, 18, 4, 5, 10]",12,0.14342801448064602,-495,81,7,0.07120579225842301,576,1
660,"(10,0)",,True,58,"[8, 10, 12, 1, 0]",11,0.12138215910145701,-493,83,7,0.07415529564652301,576,1
661,"(10,0)",,True,58,"[8, 10, 12, 1, 0]",11,0.12138215910145701,-493,83,7,0.07415529564652301,576,1
662,"(4,12)",,False,58,"[9, 5, 4, 12, 0]",12,0.16529036265878302,-491,85,7,0.05477475740633601,576,1
663,"(4,12)",,False,58,"[9, 5, 4, 12, 0]",12,0.16529036265878302,-491,85,7,0.05477475740633601,576,1
664,"(14,18)",,False,60,"[14, 15, 18, 16, 3]",13,0.19101334013614701,-489,87,7,0.050542375103778,576,1
665,"(14,18)",,False,60,"[14, 15, 18, 16, 3]",13,0.19101334013614701,-489,87,7,0.050542375103778,576,1
666,"(8,15)",,False,57,"[7, 16, 8, 15, 6]",13,0.22307370991581502,-487,89,7,0.071142064563117,576,1
667,"(8,15)",,False,57,"[7, 16, 8, 15, 6]",13,0.22307370991581502,-487,89,7,0.071142064563117,576,1
668,"(0,16)",,True,55,"[11, 0, 3, 16, 12]",12,0.20804575541417603,-485,91,7,0.07389306599832901,576,1
669,"(0,16)",,True,55,"[11, 0, 3, 16, 12]",12,0.20804575541417603,-485,91,7,0.07389306599832901,576,1
670,18:14,assassinate,True,47,"[19, 0, 14, 11, 18]",11,0.17908641066535802,-483,93,6,0.071858063963327,576,1
671,18:14,assassinate,True,47,"[19, 0, 14, 11, 18]",11,0.17908641066535802,-483,93,6,0.071858063963327,576,1
672,"(18,1)",,False,47,"[15, 14, 18, 1, 6]",11,0.21644833399219301,-481,95,7,0.17744610814786202,576,1
673,"(18,1)",,False,47,"[15, 14, 18, 1, 6]",11,0.21644833399219301,-481,95,7,0.17744610814786202,576,1
674,"(14,11)",,False,47,"[14, 8, 13, 2, 11]",11,0.17929883631638002,-479,97,6,0.068119372505337,576,1
675,"(14,11)",,False,47,"[14, 8, 13, 2, 11]",11,0.17929883631638002,-479,97,6,0.068119372505337,576,1
676,"(11,2)",,False,47,"[11, 5, 16, 4, 2]",11,0.176417685628211,-477,99,5,0.059700387331966004,576,1
677,"(11,2)",,False,47,"[11, 5, 16, 4, 2]",11,0.176417685628211,-477,99,5,0.059700387331966004,576,1
678,"(6,7)",,False,49,"[15, 6, 12, 7, 17]",11,0.17357209067735302,-475,101,5,0.046827928406875004,576,1
679,"(6,7)",,False,49,"[15, 6, 12, 7, 17]",11,0.17357209067735302,-475,101,5,0.046827928406875004,576,1
680,"(11,1)",,False,49,"[13, 16, 6, 11, 1]",11,0.165834620220585,-473,103,6,0.05584563260001801,576,1
681,"(11,1)",,False,49,"[13, 16, 6, 11, 1]",11,0.165834620220585,-473,103,6,0.05584563260001801,576,1
682,"(1,18)",,False,52,"[15, 2, 1, 18, 17]",13,0.21822612085769902,-471,105,7,0.151169590643274,576,1
683,"(1,18)",,False,52,"[15, 2, 1, 18, 17]",13,0.21822612085769902,-471,105,7,0.151169590643274,576,1
684,"(5,13)",,False,53,"[15, 5, 18, 12, 13]",13,0.227694235588972,-469,107,7,0.14551656920077902,576,1
685,"(5,13)",,False,53,"[15, 5, 18, 12, 13]",13,0.227694235588972,-469,107,7,0.14551656920077902,576,1
686,"(0,1)",,False,52,"[18, 0, 1, 16, 12]",12,0.251086048454469,-467,109,6,0.132943469785575,576,1
687,"(0,1)",,False,52,"[18, 0, 1, 16, 12]",12,0.251086048454469,-467,109,6,0.132943469785575,576,1
688,"(13,1)",,False,51,"[3, 14, 6, 13, 1]",12,0.25521210433491104,-465,111,7,0.145808966861598,576,1
689,"(13,1)",,False,51,"[3, 14, 6, 13, 1]",12,0.25521210433491104,-465,111,7,0.145808966861598,576,1
690,"(15,8)",,True,51,"[7, 15, 13, 8, 11]",12,0.24488072031931601,-463,113,7,0.155750487329434,576,1
691,"(15,8)",,True,51,"[7, 15, 13, 8, 11]",12,0.24488072031931601,-463,113,7,0.155750487329434,576,1
692,"(0,7)",,False,49,"[4, 1, 0, 7, 8]",11,0.227053745474798,-461,115,7,0.163464216095795,576,1
693,"(0,7)",,False,49,"[4, 1, 0, 7, 8]",11,0.227053745474798,-461,115,7,0.163464216095795,576,1
694,"(1,15)",,False,51,"[10, 1, 16, 15, 18]",11,0.21292119186856,-459,117,8,0.13968253968253902,576,1
695,"(1,15)",,False,51,"[10, 1, 16, 15, 18]",11,0.21292119186856,-459,117,8,0.13968253968253902,576,1
696,"(1,9)",,False,52,"[1, 18, 6, 9, 10]",11,0.21503759398496203,-457,119,9,0.165733778891673,576,1
697,"(1,9)",,False,52,"[1, 18, 6, 9, 10]",11,0.21503759398496203,-457,119,9,0.165733778891673,576,1
698,"(9,2)",,False,52,"[18, 15, 12, 9, 2]",11,0.24926204399888602,-455,121,8,0.11297688666109701,576,1
699,"(9,2)",,False,52,"[18, 15, 12, 9, 2]",11,0.24926204399888602,-455,121,8,0.11297688666109701,576,1
700,"(0,4)",,False,52,"[16, 0, 15, 4, 11]",11,0.26552492341966,-453,123,8,0.12371205792258401,576,1
701,"(0,4)",,False,52,"[16, 0, 15, 4, 11]",11,0.26552492341966,-453,123,8,0.12371205792258401,576,1
702,"(8,17)",,False,54,"[14, 18, 8, 11, 17]",12,0.234725703146755,-451,125,8,0.12319688109161701,576,1
703,"(8,17)",,False,54,"[14, 18, 8, 11, 17]",12,0.234725703146755,-451,125,8,0.12319688109161701,576,1
704,"(19,0)",,False,52,"[11, 19, 8, 4, 0]",11,0.197089947089947,-449,127,7,0.102060707323865,576,1
705,"(19,0)",,False,52,"[11, 19, 8, 4, 0]",11,0.197089947089947,-449,127,7,0.102060707323865,576,1
706,"(8,2)",,False,52,"[8, 11, 13, 12, 2]",11,0.23401559454191,-447,129,7,0.09694606887589301,576,1
707,"(8,2)",,False,52,"[8, 11, 13, 12, 2]",11,0.23401559454191,-447,129,7,0.09694606887589301,576,1
708,"(7,6)",,False,54,"[7, 12, 6, 15, 18]",11,0.23276246170983003,-445,131,7,0.075475726352919,576,1
709,"(7,6)",,False,54,"[7, 12, 6, 15, 18]",11,0.23276246170983003,-445,131,7,0.075475726352919,576,1
710,"(6,3)",,False,54,"[15, 6, 16, 4, 3]",11,0.22485380116959003,-443,133,7,0.075893437296946,576,1
711,"(6,3)",,False,54,"[15, 6, 16, 4, 3]",11,0.22485380116959003,-443,133,7,0.075893437296946,576,1
712,"(2,1)",,False,56,"[8, 12, 10, 2, 1]",12,0.26578947368421,-441,135,8,0.08846653671215,576,1
713,"(2,1)",,False,56,"[8, 12, 10, 2, 1]",12,0.26578947368421,-441,135,8,0.08846653671215,576,1
714,"(2,7)",,False,56,"[11, 2, 16, 15, 7]",12,0.29346978557504805,-439,137,8,0.082131254061078,576,1
715,"(2,7)",,False,56,"[11, 2, 16, 15, 7]",12,0.29346978557504805,-439,137,8,0.082131254061078,576,1
716,"(3,9)",,False,56,"[4, 3, 8, 9, 16]",12,0.292249141371948,-437,139,8,0.08074816671307801,576,1
717,"(3,9)",,False,56,"[4, 3, 8, 9, 16]",12,0.292249141371948,-437,139,8,0.08074816671307801,576,1
718,6:14,assassinate,True,50,"[16, 8, 5, 1, 6]",11,0.27041678269748404,-435,141,8,0.07057690522602801,576,1
719,6:14,assassinate,True,50,"[16, 8, 5, 1, 6]",11,0.27041678269748404,-435,141,8,0.07057690522602801,576,1
720,"(3,7)",,False,52,"[3, 16, 18, 8, 7]",11,0.246927503945047,-433,143,8,0.061092546180265,576,1
721,"(3,7)",,False,52,"[3, 16, 18, 8, 7]",11,0.246927503945047,-433,143,8,0.061092546180265,576,1
722,"(19,12)",,False,54,"[15, 19, 12, 5, 16]",11,0.235329063399238,-431,145,8,0.063236795692936,576,1
723,"(19,12)",,False,54,"[15, 19, 12, 5, 16]",11,0.235329063399238,-431,145,8,0.063236795692936,576,1
724,"(1,6)",,False,54,"[7, 1, 6, 15, 10]",11,0.23035830316532002,-429,147,9,0.121618861969739,576,1
725,"(1,6)",,False,54,"[7, 1, 6, 15, 10]",11,0.23035830316532002,-429,147,9,0.121618861969739,576,1
726,"(5,15)",,False,57,"[2, 13, 11, 5, 15]",13,0.257774064791608,-427,149,9,0.102849716884804,576,1
727,"(5,15)",,False,57,"[2, 13, 11, 5, 15]",13,0.257774064791608,-427,149,9,0.102849716884804,576,1
728,"(1,10)",,False,56,"[12, 2, 1, 10, 9]",13,0.267314118629908,-425,151,9,0.10519818063677701,576,1
729,"(1,10)",,False,56,"[12, 2, 1, 10, 9]",13,0.267314118629908,-425,151,9,0.10519818063677701,576,1
730,"(19,12)",,False,56,"[6, 10, 19, 15, 12]",13,0.267314118629908,-423,153,9,0.10519818063677701,576,1
731,"(19,12)",,False,56,"[6, 10, 19, 15, 12]",13,0.267314118629908,-423,153,9,0.10519818063677701,576,1
732,"(0,19)",,False,54,"[1, 0, 19, 11, 6]",12,0.22769043821675403,-421,155,8,0.103601807549175,576,1
733,"(0,19)",,False,54,"[1, 0, 19, 11, 6]",12,0.22769043821675403,-421,155,8,0.103601807549175,576,1
734,19:4,assassinate,True,53,"[5, 19, 8, 15, 1]",12,0.204298625351256,-419,157,8,0.08751993620414601,576,1
735,19:4,assassinate,True,53,"[5, 19, 8, 15, 1]",12,0.204298625351256,-419,157,8,0.08751993620414601,576,1
736,6:6,assassinate,True,51,"[10, 6, 16, 2, 8]",12,0.19460076960076902,-417,159,7,0.030843522948786003,576,1
737,6:6,assassinate,True,51,"[10, 6, 16, 2, 8]",12,0.19460076960076902,-417,159,7,0.030843522948786003,576,1
738,"(0,7)",,False,49,"[10, 6, 0, 7, 15]",11,0.18056947925368902,-415,161,7,0.031968810916179,576,1
739,"(0,7)",,False,49,"[10, 6, 0, 7, 15]",11,0.18056947925368902,-415,161,7,0.031968810916179,576,1
740,"(0,2)",,False,48,"[11, 15, 16, 0, 2]",10,0.18355611250348,-413,163,7,0.04320987654320901,576,1
741,"(0,2)",,False,48,"[11, 15, 16, 0, 2]",10,0.18355611250348,-413,163,7,0.04320987654320901,576,1
742,"(14,3)",,False,48,"[8, 14, 6, 3, 18]",10,0.191281444351619,-411,165,7,0.046335746774343003,576,1
743,"(14,3)",,False,48,"[8, 14, 6, 3, 18]",10,0.191281444351619,-411,165,7,0.046335746774343003,576,1
744,"(0,12)",,False,45,"[2, 0, 4, 12, 10]",9,0.176455026455026,-409,167,7,0.06687552213868,576,1
745,"(0,12)",,False,45,"[2, 0, 4, 12, 10]",9,0.176455026455026,-409,167,7,0.06687552213868,576,1
746,"(3,17)",,False,47,"[11, 3, 9, 6, 17]",9,0.13045576905226,-407,169,7,0.058395989974937,576,1
747,"(3,17)",,False,47,"[11, 3, 9, 6, 17]",9,0.13045576905226,-407,169,7,0.058395989974937,576,1
748,"(1,17)",,False,49,"[18, 1, 17, 0, 9]",9,0.13417002101212602,-405,171,8,0.11451482240955901,576,1
749,"(1,17)",,False,49,"[18, 1, 17, 0, 9]",9,0.13417002101212602,-405,171,8,0.11451482240955901,576,1
750,7:6,assassinate,True,47,"[13, 7, 4, 11, 15]",9,0.12415761626287901,-403,173,8,0.10694792536897801,576,1
751,7:6,assassinate,True,47,"[13, 7, 4, 11, 15]",9,0.12415761626287901,-403,173,8,0.10694792536897801,576,1
752,"(8,2)",,False,47,"[8, 17, 19, 12, 2]",10,0.23143971038707803,-401,175,8,0.12393483709273101,576,1
753,"(8,2)",,False,47,"[8, 17, 19, 12, 2]",10,0.23143971038707803,-401,175,8,0.12393483709273101,576,1
754,"(1,7)",,False,49,"[1, 7, 6, 18, 4]",10,0.17241082504240401,-399,177,9,0.148610161768056,576,1
755,"(1,7)",,False,49,"[1, 7, 6, 18, 4]",10,0.17241082504240401,-399,177,9,0.148610161768056,576,1
756,"(17,14)",,False,51,"[17, 6, 14, 5, 3]",10,0.160822283629301,-397,179,9,0.13786638962077502,576,1
757,"(17,14)",,False,51,"[17, 6, 14, 5, 3]",10,0.160822283629301,-397,179,9,0.13786638962077502,576,1
758,9:8,assassinate,True,46,"[9, 6, 5, 19, 4]",9,0.128807060386007,-395,181,8,0.11937107726581402,576,1
759,9:8,assassinate,True,46,"[9, 6, 5, 19, 4]",9,0.128807060386007,-395,181,8,0.11937107726581402,576,1
760,"(7,8)",,False,48,"[7, 4, 9, 6, 8]",9,0.10344611528822001,-393,183,8,0.099863083635013,576,1
761,"(7,8)",,False,48,"[7, 4, 9, 6, 8]",9,0.10344611528822001,-393,183,8,0.099863083635013,576,1
762,"(12,5)",,False,48,"[12, 19, 15, 6, 5]",9,0.101788124156545,-393,184,8,0.10276278302594001,577,1
763,"(12,5)",,False,48,"[12, 19, 15, 6, 5]",9,0.101788124156545,-393,184,8,0.10276278302594001,577,1
764,"(19,1)",,False,49,"[15, 10, 5, 19, 1]",9,0.10492202729044801,-393,185,9,0.13503898635477501,578,1
765,"(19,1)",,False,49,"[15, 10, 5, 19, 1]",9,0.10492202729044801,-393,185,9,0.13503898635477501,578,1
766,"(6,1)",,False,51,"[2, 16, 6, 8, 1]",9,0.128801169590643,-395,185,10,0.17782651072124703,580,1
767,"(6,1)",,False,51,"[2, 16, 6, 8, 1]",9,0.128801169590643,-395,185,10,0.17782651072124703,580,1
768,"(10,16)",,False,49,"[10, 17, 16, 15, 11]",9,0.157113743955849,-393,187,9,0.14455583402951802,580,1
769,"(10,16)",,False,49,"[10, 17, 16, 15, 11]",9,0.157113743955849,-393,187,9,0.14455583402951802,580,1
770,"(5,1)",,False,49,"[2, 4, 5, 14, 1]",9,0.16325536062378102,-393,188,10,0.18362573099415203,581,1
771,"(5,1)",,False,49,"[2, 4, 5, 14, 1]",9,0.16325536062378102,-393,188,10,0.18362573099415203,581,1
772,"(9,5)",,False,49,"[9, 7, 5, 18, 16]",9,0.146206327785275,-393,189,9,0.16900584795321602,582,1
773,"(9,5)",,False,49,"[9, 7, 5, 18, 16]",9,0.146206327785275,-393,189,9,0.16900584795321602,582,1
774,"(1,18)",,False,49,"[0, 7, 13, 1, 18]",9,0.152680311890838,-393,190,9,0.162962962962962,583,1
775,"(1,18)",,False,49,"[0, 7, 13, 1, 18]",9,0.152680311890838,-393,190,9,0.162962962962962,583,1
776,"(2,1)",,False,52,"[2, 1, 18, 17, 16]",9,0.137691450849345,-393,191,10,0.19684628237259802,584,1
777,"(2,1)",,False,52,"[2, 1, 18, 17, 16]",9,0.137691450849345,-393,191,10,0.19684628237259802,584,1
778,"(1,13)",,False,54,"[1, 13, 7, 4, 9]",10,0.137122899842198,-395,191,11,0.218711129676041,586,1
779,"(1,13)",,False,54,"[1, 13, 7, 4, 9]",10,0.137122899842198,-395,191,11,0.218711129676041,586,1
780,10:14,assassinate,True,48,"[10, 2, 1, 17, 7]",9,0.11617933723196801,-397,191,10,0.20769980506822602,588,1
781,10:14,assassinate,True,48,"[10, 2, 1, 17, 7]",9,0.11617933723196801,-397,191,10,0.20769980506822602,588,1
782,"(0,11)",,True,48,"[0, 11, 2, 9, 19]",9,0.09705977907732201,-399,191,10,0.21293047433398302,590,1
783,"(0,11)",,True,48,"[0, 11, 2, 9, 19]",9,0.09705977907732201,-399,191,10,0.21293047433398302,590,1
784,"(3,19)",,False,48,"[3, 17, 7, 19, 9]",9,0.09273879142300101,-401,191,10,0.22027290448343,592,1
785,"(3,19)",,False,48,"[3, 17, 7, 19, 9]",9,0.09273879142300101,-401,191,10,0.22027290448343,592,1
786,14:8,assassinate,True,44,"[14, 19, 8, 7, 4]",8,0.06252436647173401,-403,191,10,0.22285575048732903,594,1
787,14:8,assassinate,True,44,"[14, 19, 8, 7, 4]",8,0.06252436647173401,-403,191,10,0.22285575048732903,594,1
788,"(11,1)",,False,47,"[11, 1, 18, 13, 3]",8,0.055562517404622,-405,191,11,0.204873294346978,596,1
789,"(11,1)",,False,47,"[11, 1, 18, 13, 3]",8,0.055562517404622,-405,191,11,0.204873294346978,596,1
790,"(12,0)",,False,47,"[12, 18, 8, 0, 6]",7,0.034860298895386,-407,191,11,0.205149447693307,598,1
791,"(12,0)",,False,47,"[12, 18, 8, 0, 6]",7,0.034860298895386,-407,191,11,0.205149447693307,598,1
792,"(11,10)",,False,46,"[11, 10, 18, 0, 17]",7,0.047628330084470004,-409,191,9,0.20349948946440102,600,1
793,"(11,10)",,False,46,"[11, 10, 18, 0, 17]",7,0.047628330084470004,-409,191,9,0.20349948946440102,600,1
794,"(13,3)",,False,48,"[5, 19, 13, 3, 8]",8,0.055258516662025005,-411,191,9,0.18566323215446,602,1
795,"(13,3)",,False,48,"[5, 19, 13, 3, 8]",8,0.055258516662025005,-411,191,9,0.18566323215446,602,1
796,"(16,12)",,False,48,"[17, 9, 16, 12, 18]",9,0.087394411955815,-413,191,9,0.19243014944769302,604,1
797,"(16,12)",,False,48,"[17, 9, 16, 12, 18]",9,0.087394411955815,-413,191,9,0.19243014944769302,604,1
798,2:10,assassinate,True,45,"[4, 10, 8, 18, 2]",8,0.060247841826789,-415,191,8,0.17883133760326703,606,1
799,2:10,assassinate,True,45,"[4, 10, 8, 18, 2]",8,0.060247841826789,-415,191,8,0.17883133760326703,606,1
