,actionDetail,actionType,bonusActivated,graphEdgeCount,nodeList,p1Degree,p1Score,p1WinAdvantage,p1WinCount,p2Degree,p2Score,p2WinCount,player
0,"(7,12)",,False,3,"[7, 12, 8, 11, 4]",2,0.005847953216374001,2,2,0,-0.001,0,1
1,"(7,12)",,False,3,"[7, 12, 8, 11, 4]",2,0.005847953216374001,2,2,0,-0.001,0,1
2,"(12,7)",,False,3,"[12, 7, 11, 16, 15]",2,0.005847953216374001,4,4,0,-0.001,0,1
3,"(12,7)",,False,3,"[12, 7, 11, 16, 15]",2,0.005847953216374001,4,4,0,-0.001,0,1
4,"(11,19)",,False,6,"[0, 11, 19, 13, 5]",2,0.017543859649122,6,6,0,-0.001,0,1
5,"(11,19)",,False,6,"[0, 11, 19, 13, 5]",2,0.017543859649122,6,6,0,-0.001,0,1
6,"(9,16)",,False,7,"[9, 16, 12, 1, 10]",2,0.017543859649122,8,8,0,-0.001,0,1
7,"(9,16)",,False,7,"[9, 16, 12, 1, 10]",2,0.017543859649122,8,8,0,-0.001,0,1
8,"(3,17)",,False,10,"[18, 3, 13, 17, 15]",2,0.008771929824561,10,10,0,-0.001,0,1
9,"(3,17)",,False,10,"[18, 3, 13, 17, 15]",2,0.008771929824561,10,10,0,-0.001,0,1
10,"(14,10)",,False,13,"[14, 10, 16, 12, 8]",2,0.023391812865497002,12,12,0,-0.001,0,1
11,"(14,10)",,False,13,"[14, 10, 16, 12, 8]",2,0.023391812865497002,12,12,0,-0.001,0,1
12,"(12,9)",,False,14,"[12, 8, 9, 11, 5]",2,0.011695906432748001,14,14,0,-0.001,0,1
13,"(12,9)",,False,14,"[12, 8, 9, 11, 5]",2,0.011695906432748001,14,14,0,-0.001,0,1
14,"(14,10)",,False,14,"[14, 16, 4, 10, 1]",2,0.008771929824561,16,16,0,-0.001,0,1
15,"(14,10)",,False,14,"[14, 16, 4, 10, 1]",2,0.008771929824561,16,16,0,-0.001,0,1
16,"(0,3)",,False,14,"[4, 0, 3, 15, 7]",1,0.0,18,18,0,-0.001,0,1
17,"(0,3)",,False,14,"[4, 0, 3, 15, 7]",1,0.0,18,18,0,-0.001,0,1
18,"(13,19)",,False,16,"[13, 19, 5, 18, 16]",1,0.0,20,20,0,-0.001,0,1
19,"(13,19)",,False,16,"[13, 19, 5, 18, 16]",1,0.0,20,20,0,-0.001,0,1
20,"(0,9)",,False,14,"[19, 16, 18, 0, 9]",0,-0.001,21,21,0,-0.001,0,1
21,"(0,9)",,False,14,"[19, 16, 18, 0, 9]",0,-0.001,21,21,0,-0.001,0,1
22,"(6,1)",,False,16,"[6, 1, 9, 14, 11]",0,-0.001,20,21,1,0.0,1,1
23,"(6,1)",,False,16,"[6, 1, 9, 14, 11]",0,-0.001,20,21,1,0.0,1,1
24,"(9,17)",,False,16,"[9, 17, 14, 13, 3]",0,-0.001,18,21,1,0.0,3,1
25,"(9,17)",,False,16,"[9, 17, 14, 13, 3]",0,-0.001,18,21,1,0.0,3,1
26,"(3,10)",,False,18,"[3, 10, 11, 7, 15]",0,-0.001,16,21,1,0.0,5,1
27,"(3,10)",,False,18,"[3, 10, 11, 7, 15]",0,-0.001,16,21,1,0.0,5,1
28,"(14,11)",,False,20,"[14, 11, 17, 5, 8]",0,-0.001,14,21,1,0.0,7,1
29,"(14,11)",,False,20,"[14, 11, 17, 5, 8]",0,-0.001,14,21,1,0.0,7,1
30,"(2,11)",,False,22,"[2, 11, 9, 15, 0]",0,-0.001,12,21,1,0.0,9,1
31,"(2,11)",,False,22,"[2, 11, 9, 15, 0]",0,-0.001,12,21,1,0.0,9,1
32,"(1,3)",,False,25,"[7, 1, 3, 5, 14]",2,0.09356725146198801,14,23,2,0.06432748538011601,9,1
33,"(1,3)",,False,25,"[7, 1, 3, 5, 14]",2,0.09356725146198801,14,23,2,0.06432748538011601,9,1
34,"(1,9)",,False,28,"[1, 14, 8, 9, 4]",2,0.09941520467836201,14,24,3,0.13011695906432702,10,1
35,"(1,9)",,False,28,"[1, 14, 8, 9, 4]",2,0.09941520467836201,14,24,3,0.13011695906432702,10,1
36,"(4,1)",,False,31,"[4, 7, 2, 5, 1]",2,0.105263157894736,14,25,4,0.136939571150097,11,1
37,"(4,1)",,False,31,"[4, 7, 2, 5, 1]",2,0.105263157894736,14,25,4,0.136939571150097,11,1
38,"(4,16)",,False,34,"[4, 16, 10, 7, 17]",4,0.143274853801169,16,27,4,0.07212475633528201,11,1
39,"(4,16)",,False,34,"[4, 16, 10, 7, 17]",4,0.143274853801169,16,27,4,0.07212475633528201,11,1
40,"(16,6)",,False,33,"[14, 3, 4, 16, 6]",4,0.23343079922027202,18,29,4,0.08576998050682201,11,1
41,"(16,6)",,False,33,"[14, 3, 4, 16, 6]",4,0.23343079922027202,18,29,4,0.08576998050682201,11,1
42,"(4,0)",,False,34,"[16, 4, 7, 10, 0]",5,0.24541910331384,20,31,4,0.09941520467836201,11,1
43,"(4,0)",,False,34,"[16, 4, 7, 10, 0]",5,0.24541910331384,20,31,4,0.09941520467836201,11,1
44,"(15,1)",,False,37,"[10, 15, 8, 1, 6]",7,0.24910888331940903,22,33,5,0.148900027847396,11,1
45,"(15,1)",,False,37,"[10, 15, 8, 1, 6]",7,0.24910888331940903,22,33,5,0.148900027847396,11,1
46,"(6,9)",,False,34,"[19, 6, 9, 13, 11]",7,0.290768588137009,24,35,3,0.05884154831523201,11,1
47,"(6,9)",,False,34,"[19, 6, 9, 13, 11]",7,0.290768588137009,24,35,3,0.05884154831523201,11,1
48,"(6,1)",,False,37,"[6, 17, 1, 3, 10]",9,0.292300194931773,26,37,4,0.096296296296296,11,1
49,"(6,1)",,False,37,"[6, 17, 1, 3, 10]",9,0.292300194931773,26,37,4,0.096296296296296,11,1
50,9:2,assassinate,True,38,"[3, 9, 6, 5, 1]",10,0.352339181286549,28,39,4,0.053606237816764005,11,1
51,9:2,assassinate,True,38,"[3, 9, 6, 5, 1]",10,0.352339181286549,28,39,4,0.053606237816764005,11,1
52,"(9,14)",,False,37,"[8, 19, 9, 14, 13]",10,0.376218323586744,30,41,4,0.049220272904483005,11,1
53,"(9,14)",,False,37,"[8, 19, 9, 14, 13]",10,0.376218323586744,30,41,4,0.049220272904483005,11,1
54,"(15,0)",,False,37,"[8, 15, 0, 9, 5]",9,0.254970760233918,30,42,4,0.29970760233918103,12,1
55,"(15,0)",,False,37,"[8, 15, 0, 9, 5]",9,0.254970760233918,30,42,4,0.29970760233918103,12,1
56,"(16,13)",,False,40,"[16, 2, 19, 13, 5]",11,0.28121693121693103,30,43,4,0.296157059314954,13,1
57,"(16,13)",,False,40,"[16, 2, 19, 13, 5]",11,0.28121693121693103,30,43,4,0.296157059314954,13,1
58,"(4,11)",,False,41,"[3, 4, 12, 11, 10]",12,0.291743247006404,30,44,4,0.296157059314954,14,1
59,"(4,11)",,False,41,"[3, 4, 12, 11, 10]",12,0.291743247006404,30,44,4,0.296157059314954,14,1
60,"(1,0)",,False,42,"[7, 9, 3, 1, 0]",13,0.33287385129490304,32,46,4,0.296157059314954,14,1
61,"(1,0)",,False,42,"[7, 9, 3, 1, 0]",13,0.33287385129490304,32,46,4,0.296157059314954,14,1
62,"(1,9)",,False,43,"[1, 8, 9, 12, 4]",13,0.37809802283486504,34,48,5,0.17159565580618202,14,1
63,"(1,9)",,False,43,"[1, 8, 9, 12, 4]",13,0.37809802283486504,34,48,5,0.17159565580618202,14,1
64,"(1,11)",,False,44,"[13, 0, 1, 11, 10]",13,0.37610693400167006,36,50,6,0.148955722639933,14,1
65,"(1,11)",,False,44,"[13, 0, 1, 11, 10]",13,0.37610693400167006,36,50,6,0.148955722639933,14,1
66,"(10,17)",,False,43,"[3, 14, 10, 17, 5]",13,0.380576441102756,38,52,6,0.153411306042885,14,1
67,"(10,17)",,False,43,"[3, 14, 10, 17, 5]",13,0.380576441102756,38,52,6,0.153411306042885,14,1
68,"(18,3)",,False,44,"[18, 3, 2, 9, 17]",13,0.36595655806182104,40,54,6,0.160094681147312,14,1
69,"(18,3)",,False,44,"[18, 3, 2, 9, 17]",13,0.36595655806182104,40,54,6,0.160094681147312,14,1
70,"(5,9)",,False,43,"[19, 5, 9, 11, 1]",14,0.45862573099415205,42,56,6,0.163164856585909,14,1
71,"(5,9)",,False,43,"[19, 5, 9, 11, 1]",14,0.45862573099415205,42,56,6,0.163164856585909,14,1
72,"(17,11)",,False,44,"[9, 17, 14, 11, 3]",14,0.431161236424394,44,58,6,0.163895850737956,14,1
73,"(17,11)",,False,44,"[9, 17, 14, 11, 3]",14,0.431161236424394,44,58,6,0.163895850737956,14,1
74,"(12,15)",,False,45,"[9, 6, 17, 12, 15]",14,0.412127541074909,46,60,6,0.14089390142021702,14,1
75,"(12,15)",,False,45,"[9, 6, 17, 12, 15]",14,0.412127541074909,46,60,6,0.14089390142021702,14,1
76,"(0,3)",,False,44,"[0, 3, 13, 18, 4]",13,0.395433027011974,48,62,6,0.151698691172375,14,1
77,"(0,3)",,False,44,"[0, 3, 13, 18, 4]",13,0.395433027011974,48,62,6,0.151698691172375,14,1
78,"(13,10)",,False,45,"[6, 13, 11, 14, 10]",13,0.38337510442773504,50,64,6,0.14578111946533,14,1
79,"(13,10)",,False,45,"[6, 13, 11, 14, 10]",13,0.38337510442773504,50,64,6,0.14578111946533,14,1
80,"(11,7)",,False,44,"[3, 6, 14, 11, 7]",13,0.38961988304093503,52,66,5,0.123245614035087,14,1
81,"(11,7)",,False,44,"[3, 6, 14, 11, 7]",13,0.38961988304093503,52,66,5,0.123245614035087,14,1
82,"(19,0)",,False,44,"[10, 6, 19, 9, 0]",13,0.381968810916179,54,68,5,0.11715399610136401,14,1
83,"(19,0)",,False,44,"[10, 6, 19, 9, 0]",13,0.381968810916179,54,68,5,0.11715399610136401,14,1
84,"(0,11)",,False,45,"[19, 9, 0, 11, 5]",14,0.43221247563352805,56,70,5,0.07763157894736801,14,1
85,"(0,11)",,False,45,"[19, 9, 0, 11, 5]",14,0.43221247563352805,56,70,5,0.07763157894736801,14,1
86,"(5,18)",,False,44,"[19, 5, 2, 18, 14]",14,0.44351851851851803,58,72,5,0.07456140350877101,14,1
87,"(5,18)",,False,44,"[19, 5, 2, 18, 14]",14,0.44351851851851803,58,72,5,0.07456140350877101,14,1
88,"(6,18)",,False,44,"[19, 6, 18, 3, 5]",14,0.45095841455490504,60,74,5,0.082521117608836,14,1
89,"(6,18)",,False,44,"[19, 6, 18, 3, 5]",14,0.45095841455490504,60,74,5,0.082521117608836,14,1
90,"(1,11)",,False,43,"[4, 1, 8, 19, 11]",14,0.502615334632878,62,76,5,0.07716049382716,14,1
91,"(1,11)",,False,43,"[4, 1, 8, 19, 11]",14,0.502615334632878,62,76,5,0.07716049382716,14,1
92,"(13,11)",,False,43,"[17, 15, 13, 11, 3]",14,0.47687400318979206,64,78,5,0.07980388682143001,14,1
93,"(13,11)",,False,43,"[17, 15, 13, 11, 3]",14,0.47687400318979206,64,78,5,0.07980388682143001,14,1
94,"(8,11)",,False,45,"[3, 8, 9, 10, 11]",14,0.436647173489278,66,80,5,0.08216374269005801,14,1
95,"(8,11)",,False,45,"[3, 8, 9, 10, 11]",14,0.436647173489278,66,80,5,0.08216374269005801,14,1
96,"(13,15)",,False,45,"[3, 13, 7, 15, 9]",14,0.419691906534011,68,82,5,0.079063821169084,14,1
97,"(13,15)",,False,45,"[3, 13, 7, 15, 9]",14,0.419691906534011,68,82,5,0.079063821169084,14,1
98,16:6,assassinate,True,44,"[15, 6, 18, 16, 14]",15,0.40575048732943403,70,84,5,0.071345029239766,14,1
99,16:6,assassinate,True,44,"[15, 6, 18, 16, 14]",15,0.40575048732943403,70,84,5,0.071345029239766,14,1
100,"(10,9)",,False,43,"[10, 17, 16, 9, 18]",15,0.43227513227513203,72,86,3,0.016569200779727,14,1
101,"(10,9)",,False,43,"[10, 17, 16, 9, 18]",15,0.43227513227513203,72,86,3,0.016569200779727,14,1
102,"(15,3)",,False,42,"[15, 3, 6, 16, 12]",15,0.46829109811565905,74,88,3,0.017641325536062,14,1
103,"(15,3)",,False,42,"[15, 3, 6, 16, 12]",15,0.46829109811565905,74,88,3,0.017641325536062,14,1
104,"(8,13)",,False,43,"[18, 8, 13, 17, 9]",15,0.44587394411955805,76,90,3,0.017641325536062,14,1
105,"(8,13)",,False,43,"[18, 8, 13, 17, 9]",15,0.44587394411955805,76,90,3,0.017641325536062,14,1
106,"(11,15)",,False,43,"[8, 11, 15, 19, 16]",15,0.43810916179337206,78,92,3,0.029727095516569,14,1
107,"(11,15)",,False,43,"[8, 11, 15, 19, 16]",15,0.43810916179337206,78,92,3,0.029727095516569,14,1
108,2:6,assassinate,True,40,"[13, 16, 8, 15, 2]",14,0.43177387914230003,80,94,3,0.101364522417153,14,1
109,2:6,assassinate,True,40,"[13, 16, 8, 15, 2]",14,0.43177387914230003,80,94,3,0.101364522417153,14,1
110,"(19,0)",,False,40,"[13, 19, 0, 7, 1]",14,0.41754385964912205,82,96,3,0.101364522417153,14,1
111,"(19,0)",,False,40,"[13, 19, 0, 7, 1]",14,0.41754385964912205,82,96,3,0.101364522417153,14,1
112,5:4,assassinate,True,37,"[18, 0, 7, 5, 9]",13,0.355165692007797,84,98,3,0.09551656920077901,14,1
113,5:4,assassinate,True,37,"[18, 0, 7, 5, 9]",13,0.355165692007797,84,98,3,0.09551656920077901,14,1
114,8:4,assassinate,True,33,"[8, 18, 0, 12, 19]",12,0.32787524366471704,86,100,3,0.08966861598440501,14,1
115,8:4,assassinate,True,33,"[8, 18, 0, 12, 19]",12,0.32787524366471704,86,100,3,0.08966861598440501,14,1
116,"(1,8)",,False,36,"[16, 1, 8, 17, 11]",12,0.35662768031189,88,102,4,0.053216374269005,14,1
117,"(1,8)",,False,36,"[16, 1, 8, 17, 11]",12,0.35662768031189,88,102,4,0.053216374269005,14,1
118,"(4,8)",,False,35,"[4, 18, 0, 11, 8]",13,0.402923976608187,90,104,3,0.09551656920077901,14,1
119,"(4,8)",,False,35,"[4, 18, 0, 11, 8]",13,0.402923976608187,90,104,3,0.09551656920077901,14,1
120,"(6,17)",,False,34,"[14, 6, 5, 17, 2]",13,0.42417153996101303,92,106,3,0.09551656920077901,14,1
121,"(6,17)",,False,34,"[14, 6, 5, 17, 2]",13,0.42417153996101303,92,106,3,0.09551656920077901,14,1
122,"(15,8)",,False,36,"[15, 3, 1, 8, 6]",14,0.464814814814814,94,108,3,0.004873294346978,14,1
123,"(15,8)",,False,36,"[15, 3, 1, 8, 6]",14,0.464814814814814,94,108,3,0.004873294346978,14,1
124,"(4,17)",,False,35,"[9, 4, 17, 8, 14]",14,0.484990253411306,96,110,3,0.004873294346978,14,1
125,"(4,17)",,False,35,"[9, 4, 17, 8, 14]",14,0.484990253411306,96,110,3,0.004873294346978,14,1
126,"(4,0)",,False,32,"[12, 3, 9, 4, 0]",13,0.479629629629629,98,112,3,0.005847953216374001,14,1
127,"(4,0)",,False,32,"[12, 3, 9, 4, 0]",13,0.479629629629629,98,112,3,0.005847953216374001,14,1
128,"(15,17)",,False,31,"[9, 15, 13, 17, 3]",13,0.44649122807017505,100,114,3,0.004873294346978,14,1
129,"(15,17)",,False,31,"[9, 15, 13, 17, 3]",13,0.44649122807017505,100,114,3,0.004873294346978,14,1
130,"(2,16)",,False,32,"[17, 2, 5, 19, 16]",13,0.46559454191033106,102,116,3,0.004873294346978,14,1
131,"(2,16)",,False,32,"[17, 2, 5, 19, 16]",13,0.46559454191033106,102,116,3,0.004873294346978,14,1
132,"(15,19)",,False,35,"[5, 3, 15, 19, 6]",15,0.48713450292397603,104,118,4,0.004873294346978,14,1
133,"(15,19)",,False,35,"[5, 3, 15, 19, 6]",15,0.48713450292397603,104,118,4,0.004873294346978,14,1
134,"(11,0)",,False,34,"[5, 9, 3, 11, 0]",14,0.45964912280701703,106,120,4,0.004873294346978,14,1
135,"(11,0)",,False,34,"[5, 9, 3, 11, 0]",14,0.45964912280701703,106,120,4,0.004873294346978,14,1
136,"(14,17)",,False,35,"[14, 17, 4, 2, 12]",16,0.545614035087719,108,122,4,0.004873294346978,14,1
137,"(14,17)",,False,35,"[14, 17, 4, 2, 12]",16,0.545614035087719,108,122,4,0.004873294346978,14,1
138,8:6,assassinate,True,33,"[5, 19, 8, 0, 17]",15,0.5690058479532161,110,124,3,0.001949317738791,14,1
139,8:6,assassinate,True,33,"[5, 19, 8, 0, 17]",15,0.5690058479532161,110,124,3,0.001949317738791,14,1
140,"(15,7)",,False,34,"[8, 15, 7, 6, 12]",15,0.545614035087719,112,126,3,0.001949317738791,14,1
141,"(15,7)",,False,34,"[8, 15, 7, 6, 12]",15,0.545614035087719,112,126,3,0.001949317738791,14,1
142,"(17,9)",,False,35,"[16, 19, 17, 12, 9]",15,0.6421052631578941,114,128,3,0.001949317738791,14,1
143,"(17,9)",,False,35,"[16, 19, 17, 12, 9]",15,0.6421052631578941,114,128,3,0.001949317738791,14,1
144,"(6,13)",,False,36,"[6, 10, 13, 3, 18]",15,0.60896686159844,116,130,3,0.001949317738791,14,1
145,"(6,13)",,False,36,"[6, 10, 13, 3, 18]",15,0.60896686159844,116,130,3,0.001949317738791,14,1
146,"(5,1)",,False,37,"[5, 11, 1, 7, 10]",15,0.6853801169590641,118,132,4,0.10721247563352801,14,1
147,"(5,1)",,False,37,"[5, 11, 1, 7, 10]",15,0.6853801169590641,118,132,4,0.10721247563352801,14,1
148,"(16,13)",,False,38,"[16, 13, 4, 7, 3]",16,0.7270955165692,120,134,4,0.10721247563352801,14,1
149,"(16,13)",,False,38,"[16, 13, 4, 7, 3]",16,0.7270955165692,120,134,4,0.10721247563352801,14,1
150,"(0,15)",,False,37,"[18, 11, 12, 0, 15]",15,0.705409356725146,122,136,4,0.115302144249512,14,1
151,"(0,15)",,False,37,"[18, 11, 12, 0, 15]",15,0.705409356725146,122,136,4,0.115302144249512,14,1
152,"(1,0)",,False,34,"[12, 3, 1, 0, 4]",14,0.678849902534113,124,138,3,0.109161793372319,14,1
153,"(1,0)",,False,34,"[12, 3, 1, 0, 4]",14,0.678849902534113,124,138,3,0.109161793372319,14,1
154,"(0,2)",,False,32,"[18, 0, 2, 9, 10]",13,0.430799220272904,126,140,3,0.091617933723196,14,1
155,"(0,2)",,False,32,"[18, 0, 2, 9, 10]",13,0.430799220272904,126,140,3,0.091617933723196,14,1
156,"(14,1)",,False,35,"[9, 14, 1, 19, 12]",15,0.7080200501253131,128,142,5,0.14202172096908902,14,1
157,"(14,1)",,False,35,"[9, 14, 1, 19, 12]",15,0.7080200501253131,128,142,5,0.14202172096908902,14,1
158,"(12,10)",,False,36,"[12, 17, 15, 16, 10]",15,0.701977165135059,130,144,4,0.03500417710944,14,1
159,"(12,10)",,False,36,"[12, 17, 15, 16, 10]",15,0.701977165135059,130,144,4,0.03500417710944,14,1
160,"(3,1)",,False,36,"[7, 12, 3, 1, 16]",15,0.6972988025619601,132,146,5,0.051378446115288,14,1
161,"(3,1)",,False,36,"[7, 12, 3, 1, 16]",15,0.6972988025619601,132,146,5,0.051378446115288,14,1
162,"(2,19)",,False,35,"[7, 16, 2, 4, 19]",15,0.6877192982456141,134,148,5,0.037621832358674,14,1
163,"(2,19)",,False,35,"[7, 16, 2, 4, 19]",15,0.6877192982456141,134,148,5,0.037621832358674,14,1
164,"(1,5)",,False,36,"[19, 1, 16, 15, 5]",15,0.643859649122806,136,150,6,0.10438596491228001,14,1
165,"(1,5)",,False,36,"[19, 1, 16, 15, 5]",15,0.643859649122806,136,150,6,0.10438596491228001,14,1
166,"(8,15)",,False,37,"[2, 14, 6, 8, 15]",15,0.6097883597883591,138,152,6,0.11361041492620401,14,1
167,"(8,15)",,False,37,"[2, 14, 6, 8, 15]",15,0.6097883597883591,138,152,6,0.11361041492620401,14,1
168,"(16,1)",,False,38,"[4, 16, 3, 1, 5]",15,0.5812308549150651,140,154,7,0.132989882112689,14,1
169,"(16,1)",,False,38,"[4, 16, 3, 1, 5]",15,0.5812308549150651,140,154,7,0.132989882112689,14,1
170,"(14,0)",,False,37,"[18, 2, 14, 0, 17]",14,0.5740740740740741,142,156,7,0.186452241715399,14,1
171,"(14,0)",,False,37,"[18, 2, 14, 0, 17]",14,0.5740740740740741,142,156,7,0.186452241715399,14,1
172,"(13,1)",,False,40,"[3, 13, 16, 12, 1]",14,0.5450292397660811,144,158,8,0.155165692007797,14,1
173,"(13,1)",,False,40,"[3, 13, 16, 12, 1]",14,0.5450292397660811,144,158,8,0.155165692007797,14,1
174,17:8,assassinate,True,36,"[13, 14, 8, 17, 16]",13,0.502436647173489,146,160,8,0.14083820662768,14,1
175,17:8,assassinate,True,36,"[13, 14, 8, 17, 16]",13,0.502436647173489,146,160,8,0.14083820662768,14,1
176,"(11,6)",,False,36,"[11, 6, 10, 4, 12]",13,0.488304093567251,148,162,8,0.14697855750487301,14,1
177,"(11,6)",,False,36,"[11, 6, 10, 4, 12]",13,0.488304093567251,148,162,8,0.14697855750487301,14,1
178,"(0,3)",,False,37,"[4, 2, 0, 3, 5]",13,0.487524366471734,150,164,8,0.141617933723196,14,1
179,"(0,3)",,False,37,"[4, 2, 0, 3, 5]",13,0.487524366471734,150,164,8,0.141617933723196,14,1
180,"(2,12)",,False,38,"[3, 8, 14, 2, 12]",13,0.5513784461152881,152,166,7,0.10925925925925901,14,1
181,"(2,12)",,False,38,"[3, 8, 14, 2, 12]",13,0.5513784461152881,152,166,7,0.10925925925925901,14,1
182,"(19,7)",,False,39,"[8, 18, 3, 19, 7]",13,0.539292676134781,154,168,7,0.08576998050682201,14,1
183,"(19,7)",,False,39,"[8, 18, 3, 19, 7]",13,0.539292676134781,154,168,7,0.08576998050682201,14,1
184,"(0,4)",,False,40,"[7, 0, 5, 2, 4]",12,0.475884154831523,156,170,7,0.060143414090782006,14,1
185,"(0,4)",,False,40,"[7, 0, 5, 2, 4]",12,0.475884154831523,156,170,7,0.060143414090782006,14,1
186,"(19,4)",,False,38,"[19, 14, 13, 4, 0]",12,0.38565859092174803,158,172,6,0.023259537733221,14,1
187,"(19,4)",,False,38,"[19, 14, 13, 4, 0]",12,0.38565859092174803,158,172,6,0.023259537733221,14,1
188,"(0,16)",,False,35,"[0, 14, 13, 15, 16]",11,0.40505050505050505,160,174,6,0.051683501683501006,14,1
189,"(0,16)",,False,35,"[0, 14, 13, 15, 16]",11,0.40505050505050505,160,174,6,0.051683501683501006,14,1
190,"(9,1)",,False,38,"[9, 7, 1, 3, 16]",13,0.605799220272904,162,176,7,0.082017543859649,14,1
191,"(9,1)",,False,38,"[9, 7, 1, 3, 16]",13,0.605799220272904,162,176,7,0.082017543859649,14,1
192,"(0,11)",,True,35,"[3, 8, 0, 16, 11]",12,0.5417432470064041,164,178,7,0.083973823447507,14,1
193,"(0,11)",,True,35,"[3, 8, 0, 16, 11]",12,0.5417432470064041,164,178,7,0.083973823447507,14,1
194,4:4,assassinate,True,31,"[15, 5, 4, 7, 19]",11,0.41033138401559405,166,180,7,0.076608187134502,14,1
195,4:4,assassinate,True,31,"[15, 5, 4, 7, 19]",11,0.41033138401559405,166,180,7,0.076608187134502,14,1
196,"(14,1)",,False,34,"[14, 9, 15, 6, 1]",11,0.5013923698134221,168,182,8,0.13480924533556102,14,1
197,"(14,1)",,False,34,"[14, 9, 15, 6, 1]",11,0.5013923698134221,168,182,8,0.13480924533556102,14,1
198,"(13,16)",,False,33,"[6, 9, 13, 8, 16]",11,0.585602896129211,170,184,7,0.145335561125034,14,1
199,"(13,16)",,False,33,"[6, 9, 13, 8, 16]",11,0.585602896129211,170,184,7,0.145335561125034,14,1
200,"(12,11)",,False,30,"[6, 2, 12, 10, 11]",11,0.48693957115009706,172,186,7,0.137621832358674,14,1
201,"(12,11)",,False,30,"[6, 2, 12, 10, 11]",11,0.48693957115009706,172,186,7,0.137621832358674,14,1
202,"(8,2)",,False,29,"[8, 9, 17, 18, 2]",11,0.567836257309941,174,188,7,0.147758284600389,14,1
203,"(8,2)",,False,29,"[8, 9, 17, 18, 2]",11,0.567836257309941,174,188,7,0.147758284600389,14,1
204,6:8,assassinate,True,26,"[14, 0, 9, 5, 6]",11,0.5009746588693951,176,190,7,0.15692007797270902,14,1
205,6:8,assassinate,True,26,"[14, 0, 9, 5, 6]",11,0.5009746588693951,176,190,7,0.15692007797270902,14,1
206,"(6,13)",,False,29,"[6, 7, 16, 13, 15]",11,0.603801169590643,178,192,7,0.178362573099415,14,1
207,"(6,13)",,False,29,"[6, 7, 16, 13, 15]",11,0.603801169590643,178,192,7,0.178362573099415,14,1
208,"(13,0)",,False,28,"[17, 11, 13, 0, 15]",10,0.673489278752436,180,194,7,0.303118908382066,14,1
209,"(13,0)",,False,28,"[17, 11, 13, 0, 15]",10,0.673489278752436,180,194,7,0.303118908382066,14,1
210,"(17,11)",,False,28,"[3, 17, 19, 13, 11]",10,0.5994152046783621,182,196,7,0.23976608187134502,14,1
211,"(17,11)",,False,28,"[3, 17, 19, 13, 11]",10,0.5994152046783621,182,196,7,0.23976608187134502,14,1
212,"(8,10)",,False,29,"[8, 19, 6, 10, 7]",12,0.550194931773879,184,198,7,0.129629629629629,14,1
213,"(8,10)",,False,29,"[8, 19, 6, 10, 7]",12,0.550194931773879,184,198,7,0.129629629629629,14,1
214,"(19,13)",,False,31,"[5, 19, 12, 13, 4]",12,0.592690058479532,186,200,7,0.13245614035087702,14,1
215,"(19,13)",,False,31,"[5, 19, 12, 13, 4]",12,0.592690058479532,186,200,7,0.13245614035087702,14,1
216,4:2,assassinate,True,30,"[14, 13, 19, 8, 4]",12,0.516374269005848,188,202,6,0.102534113060428,14,1
217,4:2,assassinate,True,30,"[14, 13, 19, 8, 4]",12,0.516374269005848,188,202,6,0.102534113060428,14,1
218,"(4,16)",,False,30,"[7, 15, 4, 12, 16]",12,0.564132553606237,190,204,6,0.1770955165692,14,1
219,"(4,16)",,False,30,"[7, 15, 4, 12, 16]",12,0.564132553606237,190,204,6,0.1770955165692,14,1
220,"(13,10)",,False,33,"[13, 14, 6, 10, 19]",12,0.564132553606237,192,206,6,0.11130604288499,14,1
221,"(13,10)",,False,33,"[13, 14, 6, 10, 19]",12,0.564132553606237,192,206,6,0.11130604288499,14,1
222,"(16,17)",,False,35,"[19, 16, 7, 12, 17]",12,0.519785575048732,194,208,6,0.10448343079922001,14,1
223,"(16,17)",,False,35,"[19, 16, 7, 12, 17]",12,0.519785575048732,194,208,6,0.10448343079922001,14,1
224,"(0,12)",,False,32,"[3, 17, 0, 12, 15]",11,0.47085769980506803,196,210,4,0.019005847953216002,14,1
225,"(0,12)",,False,32,"[3, 17, 0, 12, 15]",11,0.47085769980506803,196,210,4,0.019005847953216002,14,1
226,"(0,9)",,False,32,"[0, 10, 13, 5, 9]",10,0.426023391812865,198,212,4,0.025341130604288,14,1
227,"(0,9)",,False,32,"[0, 10, 13, 5, 9]",10,0.426023391812865,198,212,4,0.025341130604288,14,1
228,"(6,11)",,False,29,"[6, 9, 11, 16, 5]",10,0.41968810916179305,200,214,4,0.020467836257309,14,1
229,"(6,11)",,False,29,"[6, 9, 11, 16, 5]",10,0.41968810916179305,200,214,4,0.020467836257309,14,1
230,"(8,3)",,False,30,"[8, 3, 17, 10, 6]",10,0.410916179337231,202,216,4,0.020467836257309,14,1
231,"(8,3)",,False,30,"[8, 3, 17, 10, 6]",10,0.410916179337231,202,216,4,0.020467836257309,14,1
232,"(14,0)",,False,28,"[6, 14, 2, 9, 0]",9,0.41871345029239704,204,218,4,0.097465886939571,14,1
233,"(14,0)",,False,28,"[6, 14, 2, 9, 0]",9,0.41871345029239704,204,218,4,0.097465886939571,14,1
234,"(11,2)",,False,31,"[13, 14, 11, 2, 12]",11,0.5124756335282651,206,220,4,0.020467836257309,14,1
235,"(11,2)",,False,31,"[13, 14, 11, 2, 12]",11,0.5124756335282651,206,220,4,0.020467836257309,14,1
236,"(8,14)",,False,31,"[19, 8, 9, 14, 3]",11,0.500584795321637,208,222,4,0.019493177387914,14,1
237,"(8,14)",,False,31,"[19, 8, 9, 14, 3]",11,0.500584795321637,208,222,4,0.019493177387914,14,1
238,"(1,7)",,False,32,"[13, 1, 7, 2, 0]",11,0.560038986354775,210,224,4,0.040935672514619006,14,1
239,"(1,7)",,False,32,"[13, 1, 7, 2, 0]",11,0.560038986354775,210,224,4,0.040935672514619006,14,1
240,"(7,0)",,False,31,"[12, 10, 7, 0, 2]",10,0.49278752436647105,212,226,4,0.11988304093567201,14,1
241,"(7,0)",,False,31,"[12, 10, 7, 0, 2]",10,0.49278752436647105,212,226,4,0.11988304093567201,14,1
242,"(18,0)",,False,30,"[16, 18, 0, 10, 8]",9,0.41617933723196804,214,228,4,0.11842105263157801,14,1
243,"(18,0)",,False,30,"[16, 18, 0, 10, 8]",9,0.41617933723196804,214,228,4,0.11842105263157801,14,1
244,"(1,4)",,False,32,"[14, 7, 16, 1, 4]",9,0.402631578947368,216,230,5,0.19688109161793302,14,1
245,"(1,4)",,False,32,"[14, 7, 16, 1, 4]",9,0.402631578947368,216,230,5,0.19688109161793302,14,1
246,"(5,7)",,False,31,"[5, 3, 2, 7, 10]",9,0.45526315789473604,218,232,3,0.005068226120857,14,1
247,"(5,7)",,False,31,"[5, 3, 2, 7, 10]",9,0.45526315789473604,218,232,3,0.005068226120857,14,1
248,"(12,18)",,False,33,"[7, 0, 12, 19, 18]",9,0.41364522417154004,220,234,3,0.004873294346978,14,1
249,"(12,18)",,False,33,"[7, 0, 12, 19, 18]",9,0.41364522417154004,220,234,3,0.004873294346978,14,1
250,"(19,6)",,False,35,"[19, 6, 5, 2, 10]",9,0.371442495126705,222,236,3,0.004873294346978,14,1
251,"(19,6)",,False,35,"[19, 6, 5, 2, 10]",9,0.371442495126705,222,236,3,0.004873294346978,14,1
252,"(17,14)",,False,38,"[5, 17, 2, 14, 7]",11,0.44298245614035003,224,238,3,0.003118908382066,14,1
253,"(17,14)",,False,38,"[5, 17, 2, 14, 7]",11,0.44298245614035003,224,238,3,0.003118908382066,14,1
254,"(4,13)",,False,37,"[3, 4, 13, 8, 15]",11,0.45526315789473604,226,240,3,0.003118908382066,14,1
255,"(4,13)",,False,37,"[3, 4, 13, 8, 15]",11,0.45526315789473604,226,240,3,0.003118908382066,14,1
256,15:6,assassinate,True,32,"[5, 7, 15, 14, 1]",10,0.44766081871345004,228,242,2,0.0,14,1
257,15:6,assassinate,True,32,"[5, 7, 15, 14, 1]",10,0.44766081871345004,228,242,2,0.0,14,1
258,6:4,assassinate,True,31,"[0, 2, 4, 6, 8]",9,0.46179337231968803,230,244,2,0.0,14,1
259,6:4,assassinate,True,31,"[0, 2, 4, 6, 8]",9,0.46179337231968803,230,244,2,0.0,14,1
260,"(4,10)",,False,30,"[4, 10, 8, 1, 16]",9,0.419200779727095,232,246,2,0.0,14,1
261,"(4,10)",,False,30,"[4, 10, 8, 1, 16]",9,0.419200779727095,232,246,2,0.0,14,1
262,"(19,9)",,False,31,"[19, 16, 18, 9, 6]",9,0.399025341130604,234,248,2,0.0,14,1
263,"(19,9)",,False,31,"[19, 16, 18, 9, 6]",9,0.399025341130604,234,248,2,0.0,14,1
264,"(5,4)",,False,30,"[7, 5, 2, 18, 4]",9,0.46982734614313504,236,250,2,0.0,14,1
265,"(5,4)",,False,30,"[7, 5, 2, 18, 4]",9,0.46982734614313504,236,250,2,0.0,14,1
266,10:6,assassinate,True,27,"[14, 10, 4, 19, 13]",8,0.337956001113895,238,252,2,0.0,14,1
267,10:6,assassinate,True,27,"[14, 10, 4, 19, 13]",8,0.337956001113895,238,252,2,0.0,14,1
268,"(4,10)",,False,28,"[13, 3, 19, 4, 10]",8,0.353411306042885,240,254,2,0.0,14,1
269,"(4,10)",,False,28,"[13, 3, 19, 4, 10]",8,0.353411306042885,240,254,2,0.0,14,1
270,"(1,8)",,False,31,"[3, 1, 8, 14, 15]",10,0.46198830409356706,242,256,3,0.036939571150097,14,1
271,"(1,8)",,False,31,"[3, 1, 8, 14, 15]",10,0.46198830409356706,242,256,3,0.036939571150097,14,1
272,"(1,12)",,False,31,"[19, 8, 5, 1, 12]",10,0.47027290448343,244,258,3,0.064083820662768,14,1
273,"(1,12)",,False,31,"[19, 8, 5, 1, 12]",10,0.47027290448343,244,258,3,0.064083820662768,14,1
274,"(5,16)",,False,28,"[5, 19, 13, 8, 16]",10,0.48649401280980203,246,260,3,0.067808409913673,14,1
275,"(5,16)",,False,28,"[5, 19, 13, 8, 16]",10,0.48649401280980203,246,260,3,0.067808409913673,14,1
276,"(9,1)",,False,30,"[9, 15, 17, 18, 1]",11,0.47173489278752406,248,262,4,0.08089668615984401,14,1
277,"(9,1)",,False,30,"[9, 15, 17, 18, 1]",11,0.47173489278752406,248,262,4,0.08089668615984401,14,1
278,"(13,1)",,False,29,"[13, 17, 0, 18, 1]",11,0.48732943469785506,250,264,5,0.11306042884990201,14,1
279,"(13,1)",,False,29,"[13, 17, 0, 18, 1]",11,0.48732943469785506,250,264,5,0.11306042884990201,14,1
280,"(17,7)",,False,30,"[17, 7, 11, 14, 8]",11,0.46825396825396803,252,266,5,0.10860484544695001,14,1
281,"(17,7)",,False,30,"[17, 7, 11, 14, 8]",11,0.46825396825396803,252,266,5,0.10860484544695001,14,1
282,"(17,3)",,False,31,"[6, 17, 12, 3, 7]",11,0.457894736842105,254,268,5,0.080019493177387,14,1
283,"(17,3)",,False,31,"[6, 17, 12, 3, 7]",11,0.457894736842105,254,268,5,0.080019493177387,14,1
284,"(11,4)",,False,33,"[11, 15, 6, 4, 14]",11,0.516276803118908,256,270,5,0.08460038986354701,14,1
285,"(11,4)",,False,33,"[11, 15, 6, 4, 14]",11,0.516276803118908,256,270,5,0.08460038986354701,14,1
286,"(0,15)",,False,34,"[5, 18, 6, 0, 15]",12,0.466569200779727,258,272,5,0.043469785575048006,14,1
287,"(0,15)",,False,34,"[5, 18, 6, 0, 15]",12,0.466569200779727,258,272,5,0.043469785575048006,14,1
288,"(6,4)",,False,35,"[6, 18, 2, 12, 4]",13,0.552923976608187,260,274,4,0.035575048732943,14,1
289,"(6,4)",,False,35,"[6, 18, 2, 12, 4]",13,0.552923976608187,260,274,4,0.035575048732943,14,1
290,"(10,16)",,False,34,"[10, 3, 6, 16, 17]",13,0.46904761904761905,262,276,4,0.021651350598719,14,1
291,"(10,16)",,False,34,"[10, 3, 6, 16, 17]",13,0.46904761904761905,262,276,4,0.021651350598719,14,1
292,4:8,assassinate,True,30,"[8, 12, 0, 16, 4]",12,0.41911723753829006,264,278,4,0.037844611528822,14,1
293,4:8,assassinate,True,30,"[8, 12, 0, 16, 4]",12,0.41911723753829006,264,278,4,0.037844611528822,14,1
294,10:2,assassinate,True,30,"[11, 10, 1, 19, 4]",11,0.413269284321915,266,280,4,0.037844611528822,14,1
295,10:2,assassinate,True,30,"[11, 10, 1, 19, 4]",11,0.413269284321915,266,280,4,0.037844611528822,14,1
296,"(8,18)",,False,30,"[8, 7, 12, 9, 18]",11,0.413269284321915,268,282,4,0.037844611528822,14,1
297,"(8,18)",,False,30,"[8, 7, 12, 9, 18]",11,0.413269284321915,268,282,4,0.037844611528822,14,1
298,"(15,3)",,False,33,"[19, 14, 15, 3, 10]",11,0.477596769702032,270,284,4,0.039793929267613,14,1
299,"(15,3)",,False,33,"[19, 14, 15, 3, 10]",11,0.477596769702032,270,284,4,0.039793929267613,14,1
300,"(1,2)",,False,35,"[1, 17, 4, 19, 2]",11,0.49901837928153703,272,286,5,0.063770537454747,14,1
301,"(1,2)",,False,35,"[1, 17, 4, 19, 2]",11,0.49901837928153703,272,286,5,0.063770537454747,14,1
302,"(1,15)",,False,35,"[12, 18, 11, 1, 15]",11,0.514863547758284,274,288,6,0.123781676413255,14,1
303,"(1,15)",,False,35,"[12, 18, 11, 1, 15]",11,0.514863547758284,274,288,6,0.123781676413255,14,1
304,"(16,6)",,False,34,"[17, 16, 12, 6, 13]",11,0.45302144249512605,276,290,6,0.10185185185185101,14,1
305,"(16,6)",,False,34,"[17, 16, 12, 6, 13]",11,0.45302144249512605,276,290,6,0.10185185185185101,14,1
306,"(13,10)",,False,37,"[9, 12, 13, 16, 10]",13,0.485087719298245,278,292,6,0.054399888610414004,14,1
307,"(13,10)",,False,37,"[9, 12, 13, 16, 10]",13,0.485087719298245,278,292,6,0.054399888610414004,14,1
308,"(2,0)",,False,35,"[2, 0, 16, 10, 1]",12,0.480701754385964,280,294,6,0.10499860763018601,14,1
309,"(2,0)",,False,35,"[2, 0, 16, 10, 1]",12,0.480701754385964,280,294,6,0.10499860763018601,14,1
310,"(0,11)",,False,35,"[0, 1, 11, 6, 4]",12,0.44096351991088806,282,296,6,0.15235310498468302,14,1
311,"(0,11)",,False,35,"[0, 1, 11, 6, 4]",12,0.44096351991088806,282,296,6,0.15235310498468302,14,1
312,7:6,assassinate,True,32,"[13, 0, 18, 19, 7]",11,0.41910331384015503,284,298,5,0.092592592592592,14,1
313,7:6,assassinate,True,32,"[13, 0, 18, 19, 7]",11,0.41910331384015503,284,298,5,0.092592592592592,14,1
314,"(8,14)",,False,33,"[8, 11, 14, 4, 15]",11,0.42378167641325504,286,300,5,0.091325536062378,14,1
315,"(8,14)",,False,33,"[8, 11, 14, 4, 15]",11,0.42378167641325504,286,300,5,0.091325536062378,14,1
316,"(9,14)",,False,32,"[7, 6, 9, 16, 14]",11,0.44405458089668604,288,302,5,0.09463937621832301,14,1
317,"(9,14)",,False,32,"[7, 6, 9, 16, 14]",11,0.44405458089668604,288,302,5,0.09463937621832301,14,1
318,"(13,1)",,False,34,"[13, 10, 4, 19, 1]",11,0.509844054580896,290,304,6,0.12339181286549701,14,1
319,"(13,1)",,False,34,"[13, 10, 4, 19, 1]",11,0.509844054580896,290,304,6,0.12339181286549701,14,1
320,"(1,18)",,False,33,"[1, 2, 3, 15, 18]",11,0.520662768031188,292,306,7,0.167446393762183,14,1
321,"(1,18)",,False,33,"[1, 2, 3, 15, 18]",11,0.520662768031188,292,306,7,0.167446393762183,14,1
322,"(6,8)",,False,35,"[10, 6, 11, 8, 9]",11,0.569395711500974,294,308,7,0.17475633528265103,14,1
323,"(6,8)",,False,35,"[10, 6, 11, 8, 9]",11,0.569395711500974,294,308,7,0.17475633528265103,14,1
324,"(1,16)",,False,38,"[9, 1, 16, 12, 8]",11,0.48966861598440503,296,310,8,0.216471734892787,14,1
325,"(1,16)",,False,38,"[9, 1, 16, 12, 8]",11,0.48966861598440503,296,310,8,0.216471734892787,14,1
326,6:6,assassinate,True,34,"[11, 13, 7, 18, 6]",10,0.352993595098858,298,312,8,0.19640768588137,14,1
327,6:6,assassinate,True,34,"[11, 13, 7, 18, 6]",10,0.352993595098858,298,312,8,0.19640768588137,14,1
328,"(6,16)",,False,36,"[6, 16, 7, 3, 17]",11,0.48203842940685004,300,314,8,0.284419381787802,14,1
329,"(6,16)",,False,36,"[6, 16, 7, 3, 17]",11,0.48203842940685004,300,314,8,0.284419381787802,14,1
330,"(4,8)",,False,39,"[12, 9, 4, 8, 11]",11,0.42131718184349704,302,316,8,0.17818156502367002,14,1
331,"(4,8)",,False,39,"[12, 9, 4, 8, 11]",11,0.42131718184349704,302,316,8,0.17818156502367002,14,1
332,"(9,1)",,False,38,"[9, 8, 1, 5, 17]",11,0.44451406293511503,304,318,7,0.135394040657198,14,1
333,"(9,1)",,False,38,"[9, 8, 1, 5, 17]",11,0.44451406293511503,304,318,7,0.135394040657198,14,1
334,"(1,6)",,False,40,"[9, 1, 0, 13, 6]",11,0.42960178223336104,306,320,8,0.183416875522138,14,1
335,"(1,6)",,False,40,"[9, 1, 0, 13, 6]",11,0.42960178223336104,306,320,8,0.183416875522138,14,1
336,"(9,2)",,False,39,"[9, 15, 18, 5, 2]",11,0.448510164299637,308,322,6,0.10917571707045301,14,1
337,"(9,2)",,False,39,"[9, 15, 18, 5, 2]",11,0.448510164299637,308,322,6,0.10917571707045301,14,1
338,"(1,11)",,False,40,"[14, 0, 17, 1, 11]",11,0.43981481481481405,310,324,7,0.141569200779727,14,1
339,"(1,11)",,False,40,"[14, 0, 17, 1, 11]",11,0.43981481481481405,310,324,7,0.141569200779727,14,1
340,"(15,0)",,False,41,"[3, 12, 15, 6, 0]",10,0.33001949317738705,312,326,7,0.08177387914230001,14,1
341,"(15,0)",,False,41,"[3, 12, 15, 6, 0]",10,0.33001949317738705,312,326,7,0.08177387914230001,14,1
342,"(13,18)",,False,38,"[12, 6, 13, 16, 18]",10,0.38566555277081505,314,328,6,0.10354358117516001,14,1
343,"(13,18)",,False,38,"[12, 6, 13, 16, 18]",10,0.38566555277081505,314,328,6,0.10354358117516001,14,1
344,"(7,6)",,False,39,"[7, 6, 5, 18, 15]",10,0.361770166156131,316,330,6,0.09745196324143601,14,1
345,"(7,6)",,False,39,"[7, 6, 5, 18, 15]",10,0.361770166156131,316,330,6,0.09745196324143601,14,1
346,"(12,9)",,False,38,"[3, 12, 9, 4, 2]",10,0.36218323586744605,318,332,5,0.037733221943748,14,1
347,"(12,9)",,False,38,"[3, 12, 9, 4, 2]",10,0.36218323586744605,318,332,5,0.037733221943748,14,1
348,"(13,8)",,False,37,"[13, 9, 4, 8, 19]",10,0.375730994152046,320,334,4,0.020955165692007,14,1
349,"(13,8)",,False,37,"[13, 9, 4, 8, 19]",10,0.375730994152046,320,334,4,0.020955165692007,14,1
350,"(3,14)",,False,36,"[12, 3, 14, 8, 5]",10,0.351656920077972,322,336,4,0.016569200779727,14,1
351,"(3,14)",,False,36,"[12, 3, 14, 8, 5]",10,0.351656920077972,322,336,4,0.016569200779727,14,1
352,9:6,assassinate,True,31,"[18, 9, 3, 6, 7]",9,0.264132553606237,324,338,4,0.014619883040935,14,1
353,9:6,assassinate,True,31,"[18, 9, 3, 6, 7]",9,0.264132553606237,324,338,4,0.014619883040935,14,1
354,"(14,18)",,False,31,"[3, 14, 7, 8, 18]",9,0.282163742690058,326,340,4,0.017056530214424,14,1
355,"(14,18)",,False,31,"[3, 14, 7, 8, 18]",9,0.282163742690058,326,340,4,0.017056530214424,14,1
356,4:4,assassinate,True,29,"[9, 2, 1, 6, 4]",9,0.263645224171539,328,342,4,0.015594541910331002,14,1
357,4:4,assassinate,True,29,"[9, 2, 1, 6, 4]",9,0.263645224171539,328,342,4,0.015594541910331002,14,1
358,"(12,16)",,False,31,"[17, 9, 12, 5, 16]",10,0.278167641325536,330,344,4,0.015594541910331002,14,1
359,"(12,16)",,False,31,"[17, 9, 12, 5, 16]",10,0.278167641325536,330,344,4,0.015594541910331002,14,1
360,"(2,1)",,False,32,"[2, 1, 18, 7, 13]",11,0.35545808966861603,332,346,5,0.09551656920077901,14,1
361,"(2,1)",,False,32,"[2, 1, 18, 7, 13]",11,0.35545808966861603,332,346,5,0.09551656920077901,14,1
362,"(18,8)",,False,35,"[10, 18, 4, 8, 7]",11,0.44902534113060405,334,348,5,0.10867446393762101,14,1
363,"(18,8)",,False,35,"[10, 18, 4, 8, 7]",11,0.44902534113060405,334,348,5,0.10867446393762101,14,1
364,"(1,9)",,True,37,"[1, 19, 9, 4, 18]",11,0.43189919242550806,336,350,6,0.22145641882483902,14,1
365,"(1,9)",,True,37,"[1, 19, 9, 4, 18]",11,0.43189919242550806,336,350,6,0.22145641882483902,14,1
366,"(5,18)",,False,36,"[2, 5, 7, 17, 18]",11,0.43567251461988304,338,352,6,0.23157894736842102,14,1
367,"(5,18)",,False,36,"[2, 5, 7, 17, 18]",11,0.43567251461988304,338,352,6,0.23157894736842102,14,1
368,"(1,15)",,False,35,"[1, 15, 12, 14, 10]",11,0.52485380116959,340,354,5,0.20906432748538,14,1
369,"(1,15)",,False,35,"[1, 15, 12, 14, 10]",11,0.52485380116959,340,354,5,0.20906432748538,14,1
370,"(13,11)",,False,36,"[13, 11, 18, 4, 9]",11,0.49210526315789405,342,356,5,0.20155945419103302,14,1
371,"(13,11)",,False,36,"[13, 11, 18, 4, 9]",11,0.49210526315789405,342,356,5,0.20155945419103302,14,1
372,10:4,assassinate,True,32,"[9, 14, 10, 5, 4]",10,0.396003898635477,344,358,5,0.180311890838206,14,1
373,10:4,assassinate,True,32,"[9, 14, 10, 5, 4]",10,0.396003898635477,344,358,5,0.180311890838206,14,1
374,"(3,9)",,False,31,"[5, 3, 10, 4, 9]",10,0.40789473684210503,346,360,5,0.17153996101364502,14,1
375,"(3,9)",,False,31,"[5, 3, 10, 4, 9]",10,0.40789473684210503,346,360,5,0.17153996101364502,14,1
376,"(5,8)",,False,32,"[14, 5, 15, 3, 8]",10,0.47465886939571106,348,362,4,0.15692007797270902,14,1
377,"(5,8)",,False,32,"[14, 5, 15, 3, 8]",10,0.47465886939571106,348,362,4,0.15692007797270902,14,1
378,"(11,8)",,False,31,"[2, 11, 8, 19, 6]",10,0.46237816764132506,350,364,4,0.166764132553606,14,1
379,"(11,8)",,False,31,"[2, 11, 8, 19, 6]",10,0.46237816764132506,350,364,4,0.166764132553606,14,1
380,"(13,17)",,False,30,"[7, 6, 13, 17, 4]",10,0.408771929824561,352,366,4,0.15506822612085702,14,1
381,"(13,17)",,False,30,"[7, 6, 13, 17, 4]",10,0.408771929824561,352,366,4,0.15506822612085702,14,1
382,"(0,3)",,False,29,"[17, 0, 8, 13, 3]",10,0.41130604288499,354,368,3,0.065302144249512,14,1
383,"(0,3)",,False,29,"[17, 0, 8, 13, 3]",10,0.41130604288499,354,368,3,0.065302144249512,14,1
384,"(1,5)",,False,30,"[11, 17, 1, 5, 2]",10,0.38635477582846,356,370,4,0.07222222222222201,14,1
385,"(1,5)",,False,30,"[11, 17, 1, 5, 2]",10,0.38635477582846,356,370,4,0.07222222222222201,14,1
386,"(16,10)",,False,33,"[16, 0, 9, 10, 17]",10,0.412698412698412,358,372,4,0.043441938178780004,14,1
387,"(16,10)",,False,33,"[16, 0, 9, 10, 17]",10,0.412698412698412,358,372,4,0.043441938178780004,14,1
388,"(17,19)",,False,32,"[11, 17, 19, 15, 14]",10,0.40490114174324604,360,374,4,0.043441938178780004,14,1
389,"(17,19)",,False,32,"[11, 17, 19, 15, 14]",10,0.40490114174324604,360,374,4,0.043441938178780004,14,1
390,"(14,17)",,False,35,"[6, 14, 12, 17, 15]",10,0.45090504037872403,362,376,4,0.04578111946532901,14,1
391,"(14,17)",,False,35,"[6, 14, 12, 17, 15]",10,0.45090504037872403,362,376,4,0.04578111946532901,14,1
392,"(0,7)",,False,34,"[0, 5, 9, 16, 7]",9,0.36981342244500104,364,378,4,0.043441938178780004,14,1
393,"(0,7)",,False,34,"[0, 5, 9, 16, 7]",9,0.36981342244500104,364,378,4,0.043441938178780004,14,1
394,"(1,17)",,False,35,"[1, 12, 17, 3, 19]",9,0.30292397660818704,366,380,5,0.134405458089668,14,1
395,"(1,17)",,False,35,"[1, 12, 17, 3, 19]",9,0.30292397660818704,366,380,5,0.134405458089668,14,1
396,19:2,assassinate,True,34,"[4, 9, 19, 6, 3]",8,0.25341130604288503,368,382,5,0.07066276803118901,14,1
397,19:2,assassinate,True,34,"[4, 9, 19, 6, 3]",8,0.25341130604288503,368,382,5,0.07066276803118901,14,1
398,"(5,7)",,False,36,"[5, 15, 19, 7, 4]",8,0.21059129304743301,370,384,5,0.048408057179987,14,1
399,"(5,7)",,False,36,"[5, 15, 19, 7, 4]",8,0.21059129304743301,370,384,5,0.048408057179987,14,1
400,"(1,6)",,False,37,"[19, 1, 17, 9, 6]",8,0.193678641047062,372,386,6,0.106850459482038,14,1
401,"(1,6)",,False,37,"[19, 1, 17, 9, 6]",8,0.193678641047062,372,386,6,0.106850459482038,14,1
402,2:10,assassinate,True,34,"[8, 10, 16, 2, 19]",7,0.134405458089668,374,388,5,0.06822612085769901,14,1
403,2:10,assassinate,True,34,"[8, 10, 16, 2, 19]",7,0.134405458089668,374,388,5,0.06822612085769901,14,1
404,"(15,6)",,False,33,"[10, 14, 15, 8, 6]",7,0.189376218323586,376,390,5,0.11871345029239701,14,1
405,"(15,6)",,False,33,"[10, 14, 15, 8, 6]",7,0.189376218323586,376,390,5,0.11871345029239701,14,1
406,"(13,2)",,False,32,"[13, 16, 14, 10, 2]",7,0.19543302701197401,378,392,5,0.121219715956558,14,1
407,"(13,2)",,False,32,"[13, 16, 14, 10, 2]",7,0.19543302701197401,378,392,5,0.121219715956558,14,1
408,"(1,8)",,False,33,"[0, 16, 1, 17, 8]",7,0.14697855750487301,380,394,5,0.09600389863547701,14,1
409,"(1,8)",,False,33,"[0, 16, 1, 17, 8]",7,0.14697855750487301,380,394,5,0.09600389863547701,14,1
410,"(1,18)",,False,33,"[1, 5, 15, 12, 18]",7,0.13538011695906402,382,396,6,0.124415204678362,14,1
411,"(1,18)",,False,33,"[1, 5, 15, 12, 18]",7,0.13538011695906402,382,396,6,0.124415204678362,14,1
412,"(4,1)",,False,36,"[9, 4, 1, 16, 14]",7,0.11211825860948602,382,397,7,0.14259259259259202,15,1
413,"(4,1)",,False,36,"[9, 4, 1, 16, 14]",7,0.11211825860948602,382,397,7,0.14259259259259202,15,1
414,"(2,17)",,False,38,"[11, 2, 6, 3, 17]",8,0.155008733956102,382,398,7,0.181491607807397,16,1
415,"(2,17)",,False,38,"[11, 2, 6, 3, 17]",8,0.155008733956102,382,398,7,0.181491607807397,16,1
416,"(12,1)",,False,39,"[18, 4, 12, 0, 1]",8,0.161228829649882,382,399,7,0.161307308675729,17,1
417,"(12,1)",,False,39,"[18, 4, 12, 0, 1]",8,0.161228829649882,382,399,7,0.161307308675729,17,1
418,"(3,7)",,False,40,"[4, 12, 3, 15, 7]",9,0.21421778351602902,384,401,7,0.159288372446267,17,1
419,"(3,7)",,False,40,"[4, 12, 3, 15, 7]",9,0.21421778351602902,384,401,7,0.159288372446267,17,1
420,"(14,4)",,False,39,"[14, 4, 6, 19, 10]",9,0.253801169590643,386,403,7,0.19729880256196,17,1
421,"(14,4)",,False,39,"[14, 4, 6, 19, 10]",9,0.253801169590643,386,403,7,0.19729880256196,17,1
422,"(16,2)",,False,40,"[11, 16, 10, 2, 12]",9,0.23032581453634002,388,405,7,0.145175438596491,17,1
423,"(16,2)",,False,40,"[11, 16, 10, 2, 12]",9,0.23032581453634002,388,405,7,0.145175438596491,17,1
424,"(9,4)",,False,39,"[9, 0, 17, 2, 4]",9,0.25792722547108504,390,407,5,0.08934372969460601,17,1
425,"(9,4)",,False,39,"[9, 0, 17, 2, 4]",9,0.25792722547108504,390,407,5,0.08934372969460601,17,1
426,"(18,14)",,False,40,"[18, 12, 14, 15, 3]",9,0.241423001949317,392,409,4,0.05214424951267001,17,1
427,"(18,14)",,False,40,"[18, 12, 14, 15, 3]",9,0.241423001949317,392,409,4,0.05214424951267001,17,1
428,"(13,14)",,False,40,"[18, 13, 14, 4, 9]",9,0.23362573099415102,394,411,4,0.05896686159844,17,1
429,"(13,14)",,False,40,"[18, 13, 14, 4, 9]",9,0.23362573099415102,394,411,4,0.05896686159844,17,1
430,"(16,0)",,False,39,"[14, 10, 16, 0, 15]",8,0.1770955165692,396,413,4,0.041033138401559005,17,1
431,"(16,0)",,False,39,"[14, 10, 16, 0, 15]",8,0.1770955165692,396,413,4,0.041033138401559005,17,1
432,"(1,13)",,False,40,"[1, 15, 2, 13, 4]",8,0.191715399610136,398,415,5,0.054775828460038006,17,1
433,"(1,13)",,False,40,"[1, 15, 2, 13, 4]",8,0.191715399610136,398,415,5,0.054775828460038006,17,1
434,"(1,10)",,False,41,"[1, 10, 2, 17, 13]",8,0.185435811751601,400,417,6,0.130451127819548,17,1
435,"(1,10)",,False,41,"[1, 10, 2, 17, 13]",8,0.185435811751601,400,417,6,0.130451127819548,17,1
436,"(1,14)",,False,40,"[1, 4, 14, 10, 17]",8,0.225468764503852,402,419,7,0.15634688573285002,17,1
437,"(1,14)",,False,40,"[1, 4, 14, 10, 17]",8,0.225468764503852,402,419,7,0.15634688573285002,17,1
438,"(9,15)",,False,41,"[10, 2, 9, 6, 15]",8,0.22952520189362202,404,421,7,0.176169590643274,17,1
439,"(9,15)",,False,41,"[10, 2, 9, 6, 15]",8,0.22952520189362202,404,421,7,0.176169590643274,17,1
440,11:6,assassinate,True,36,"[19, 11, 2, 14, 1]",7,0.174282929546087,404,422,7,0.210345307713728,18,1
441,11:6,assassinate,True,36,"[19, 11, 2, 14, 1]",7,0.174282929546087,404,422,7,0.210345307713728,18,1
442,"(0,18)",,False,34,"[14, 9, 10, 0, 18]",6,0.14309384572542402,406,424,6,0.13081314397103802,18,1
443,"(0,18)",,False,34,"[14, 9, 10, 0, 18]",6,0.14309384572542402,406,424,6,0.13081314397103802,18,1
444,"(3,16)",,False,37,"[2, 11, 6, 3, 16]",6,0.13227513227513202,408,426,6,0.06102756892230501,18,1
445,"(3,16)",,False,37,"[2, 11, 6, 3, 16]",6,0.13227513227513202,408,426,6,0.06102756892230501,18,1
446,"(19,1)",,False,38,"[16, 19, 3, 1, 12]",6,0.074074074074074,408,427,7,0.116471734892787,19,1
447,"(19,1)",,False,38,"[16, 19, 3, 1, 12]",6,0.074074074074074,408,427,7,0.116471734892787,19,1
448,"(11,1)",,False,41,"[6, 10, 11, 4, 1]",8,0.22115009746588601,410,429,8,0.219200779727095,19,1
449,"(11,1)",,False,41,"[6, 10, 11, 4, 1]",8,0.22115009746588601,410,429,8,0.219200779727095,19,1
450,"(2,1)",,False,42,"[11, 5, 2, 6, 1]",8,0.20906432748538,412,431,9,0.199122807017543,19,1
451,"(2,1)",,False,42,"[11, 5, 2, 6, 1]",8,0.20906432748538,412,431,9,0.199122807017543,19,1
452,"(1,12)",,False,43,"[17, 19, 1, 10, 12]",8,0.19523809523809502,412,432,10,0.207226399331662,20,1
453,"(1,12)",,False,43,"[17, 19, 1, 10, 12]",8,0.19523809523809502,412,432,10,0.207226399331662,20,1
454,"(19,4)",,False,46,"[6, 2, 10, 19, 4]",10,0.22818156502367,414,434,10,0.18851294903926402,20,1
455,"(19,4)",,False,46,"[6, 2, 10, 19, 4]",10,0.22818156502367,414,434,10,0.18851294903926402,20,1
456,"(9,1)",,False,47,"[10, 9, 19, 1, 16]",10,0.2213589529379,416,436,11,0.19192425508214903,20,1
457,"(9,1)",,False,47,"[10, 9, 19, 1, 16]",10,0.2213589529379,416,436,11,0.19192425508214903,20,1
458,"(6,2)",,False,46,"[6, 9, 19, 10, 2]",10,0.22656641604010003,418,438,11,0.19718741297688602,20,1
459,"(6,2)",,False,46,"[6, 9, 19, 10, 2]",10,0.22656641604010003,418,438,11,0.19718741297688602,20,1
460,"(1,7)",,False,49,"[13, 1, 2, 7, 17]",10,0.21647869674185402,418,439,12,0.217954608744082,21,1
461,"(1,7)",,False,49,"[13, 1, 2, 7, 17]",10,0.21647869674185402,418,439,12,0.217954608744082,21,1
462,"(15,1)",,True,51,"[13, 8, 11, 15, 1]",11,0.20575744917850103,418,440,13,0.260547201336675,22,1
463,"(15,1)",,True,51,"[13, 8, 11, 15, 1]",11,0.20575744917850103,418,440,13,0.260547201336675,22,1
464,"(6,17)",,False,54,"[6, 17, 11, 5, 10]",11,0.1890768588137,416,440,13,0.219667223614592,24,1
465,"(6,17)",,False,54,"[6, 17, 11, 5, 10]",11,0.1890768588137,416,440,13,0.219667223614592,24,1
466,"(3,14)",,False,51,"[3, 14, 19, 16, 11]",11,0.23470481759955403,416,441,13,0.272340573656363,25,1
467,"(3,14)",,False,51,"[3, 14, 19, 16, 11]",11,0.23470481759955403,416,441,13,0.272340573656363,25,1
468,8:12,assassinate,True,47,"[19, 8, 16, 9, 4]",12,0.267028682818156,418,443,13,0.21176552492341902,25,1
469,8:12,assassinate,True,47,"[19, 8, 16, 9, 4]",12,0.267028682818156,418,443,13,0.21176552492341902,25,1
470,"(18,12)",,False,50,"[16, 9, 10, 18, 12]",12,0.29378306878306804,420,445,13,0.254942912837649,25,1
471,"(18,12)",,False,50,"[16, 9, 10, 18, 12]",12,0.29378306878306804,420,445,13,0.254942912837649,25,1
472,"(3,17)",,False,52,"[10, 11, 3, 17, 19]",12,0.26612364243943104,422,447,13,0.235728209412419,25,1
473,"(3,17)",,False,52,"[10, 11, 3, 17, 19]",12,0.26612364243943104,422,447,13,0.235728209412419,25,1
474,"(4,9)",,False,51,"[10, 0, 4, 7, 9]",12,0.271146300093668,424,449,11,0.189467355256828,25,1
475,"(4,9)",,False,51,"[10, 0, 4, 7, 9]",12,0.271146300093668,424,449,11,0.189467355256828,25,1
476,"(4,15)",,False,54,"[16, 12, 7, 4, 15]",12,0.26694514062935104,426,451,11,0.17423187598626103,25,1
477,"(4,15)",,False,54,"[16, 12, 7, 4, 15]",12,0.26694514062935104,426,451,11,0.17423187598626103,25,1
478,"(6,4)",,False,53,"[15, 7, 6, 3, 4]",12,0.25612642717905804,428,453,9,0.11351991088833101,25,1
479,"(6,4)",,False,53,"[15, 7, 6, 3, 4]",12,0.25612642717905804,428,453,9,0.11351991088833101,25,1
480,"(17,11)",,False,52,"[17, 11, 8, 12, 2]",12,0.27625313283208003,430,455,8,0.09470899470899401,25,1
481,"(17,11)",,False,52,"[17, 11, 8, 12, 2]",12,0.27625313283208003,430,455,8,0.09470899470899401,25,1
482,19:8,assassinate,True,46,"[5, 19, 13, 15, 3]",11,0.291585445094216,432,457,8,0.10563909774436,25,1
483,19:8,assassinate,True,46,"[5, 19, 13, 15, 3]",11,0.291585445094216,432,457,8,0.10563909774436,25,1
484,"(19,1)",,False,49,"[9, 19, 11, 12, 1]",13,0.38339831059129303,434,459,9,0.11869952659426301,25,1
485,"(19,1)",,False,49,"[9, 19, 11, 12, 1]",13,0.38339831059129303,434,459,9,0.11869952659426301,25,1
486,"(4,2)",,False,52,"[4, 2, 13, 19, 14]",15,0.424664565454039,436,461,9,0.11057568162831301,25,1
487,"(4,2)",,False,52,"[4, 2, 13, 19, 14]",15,0.424664565454039,436,461,9,0.11057568162831301,25,1
488,3:8,assassinate,True,48,"[1, 5, 2, 9, 3]",14,0.38295043163464204,438,463,9,0.10744917850181,25,1
489,3:8,assassinate,True,48,"[1, 5, 2, 9, 3]",14,0.38295043163464204,438,463,9,0.10744917850181,25,1
490,11:4,assassinate,True,46,"[0, 2, 11, 5, 16]",13,0.37460317460317405,440,465,9,0.11019214703425201,25,1
491,11:4,assassinate,True,46,"[0, 2, 11, 5, 16]",13,0.37460317460317405,440,465,9,0.11019214703425201,25,1
492,"(0,19)",,False,43,"[0, 1, 19, 7, 3]",12,0.379142300194931,442,467,7,0.142202729044834,25,1
493,"(0,19)",,False,43,"[0, 1, 19, 7, 3]",12,0.379142300194931,442,467,7,0.142202729044834,25,1
494,"(0,5)",,False,40,"[1, 17, 0, 4, 5]",11,0.42183235867446306,444,469,7,0.181189083820662,25,1
495,"(0,5)",,False,40,"[1, 17, 0, 4, 5]",11,0.42183235867446306,444,469,7,0.181189083820662,25,1
496,"(13,8)",,False,43,"[11, 13, 8, 6, 4]",13,0.431258702311333,446,471,7,0.18203842940685003,25,1
497,"(13,8)",,False,43,"[11, 13, 8, 6, 4]",13,0.431258702311333,446,471,7,0.18203842940685003,25,1
498,"(8,1)",,False,42,"[8, 1, 7, 15, 19]",13,0.44571150097465806,448,473,8,0.20643274853801102,25,1
499,"(8,1)",,False,42,"[8, 1, 7, 15, 19]",13,0.44571150097465806,448,473,8,0.20643274853801102,25,1
500,"(13,0)",,False,41,"[9, 2, 13, 19, 0]",12,0.436647173489278,450,475,8,0.227680311890838,25,1
501,"(13,0)",,False,41,"[9, 2, 13, 19, 0]",12,0.436647173489278,450,475,8,0.227680311890838,25,1
502,"(3,5)",,False,44,"[3, 15, 5, 4, 7]",12,0.36878306878306805,452,477,8,0.18022834864940102,25,1
503,"(3,5)",,False,44,"[3, 15, 5, 4, 7]",12,0.36878306878306805,452,477,8,0.18022834864940102,25,1
504,"(1,11)",,False,45,"[3, 1, 14, 16, 11]",13,0.43798384851016403,454,479,9,0.218240044555834,25,1
505,"(1,11)",,False,45,"[3, 1, 14, 16, 11]",13,0.43798384851016403,454,479,9,0.218240044555834,25,1
506,"(15,1)",,False,44,"[17, 14, 15, 16, 1]",13,0.440253411306042,456,481,10,0.26384015594541904,25,1
507,"(15,1)",,False,44,"[17, 14, 15, 16, 1]",13,0.440253411306042,456,481,10,0.26384015594541904,25,1
508,"(2,5)",,False,43,"[15, 11, 2, 17, 5]",13,0.438011695906432,458,483,10,0.25233918128654903,25,1
509,"(2,5)",,False,43,"[15, 11, 2, 17, 5]",13,0.438011695906432,458,483,10,0.25233918128654903,25,1
510,"(19,0)",,False,42,"[19, 5, 0, 13, 9]",13,0.405235310498468,460,485,9,0.19231411862990802,25,1
511,"(19,0)",,False,42,"[19, 5, 0, 13, 9]",13,0.405235310498468,460,485,9,0.19231411862990802,25,1
512,"(16,0)",,False,39,"[14, 8, 4, 16, 0]",12,0.432017543859649,462,487,7,0.15545808966861602,25,1
513,"(16,0)",,False,39,"[14, 8, 4, 16, 0]",12,0.432017543859649,462,487,7,0.15545808966861602,25,1
514,"(0,17)",,False,38,"[2, 0, 18, 16, 17]",12,0.48401559454191,464,489,7,0.166374269005847,25,1
515,"(0,17)",,False,38,"[2, 0, 18, 16, 17]",12,0.48401559454191,464,489,7,0.166374269005847,25,1
516,"(10,2)",,False,39,"[14, 10, 9, 2, 19]",13,0.47543859649122705,466,491,6,0.137426900584795,25,1
517,"(10,2)",,False,39,"[14, 10, 9, 2, 19]",13,0.47543859649122705,466,491,6,0.137426900584795,25,1
518,"(15,10)",,False,42,"[17, 15, 10, 0, 16]",13,0.516207184628237,468,493,6,0.08609022556390901,25,1
519,"(15,10)",,False,42,"[17, 15, 10, 0, 16]",13,0.516207184628237,468,493,6,0.08609022556390901,25,1
520,"(13,11)",,False,41,"[9, 13, 11, 16, 3]",13,0.548635477582845,470,495,6,0.141033138401559,25,1
521,"(13,11)",,False,41,"[9, 13, 11, 16, 3]",13,0.548635477582845,470,495,6,0.141033138401559,25,1
522,18:6,assassinate,True,40,"[2, 18, 7, 17, 11]",12,0.35703146755778303,472,497,6,0.076385407964355,25,1
523,18:6,assassinate,True,40,"[2, 18, 7, 17, 11]",12,0.35703146755778303,472,497,6,0.076385407964355,25,1
524,"(18,8)",,False,41,"[18, 8, 0, 6, 3]",12,0.406878306878306,474,499,6,0.07804232804232801,25,1
525,"(18,8)",,False,41,"[18, 8, 0, 6, 3]",12,0.406878306878306,474,499,6,0.07804232804232801,25,1
526,"(5,14)",,True,44,"[5, 10, 14, 11, 8]",12,0.425201893622946,476,501,6,0.052360066833751,25,1
527,"(5,14)",,True,44,"[5, 10, 14, 11, 8]",12,0.425201893622946,476,501,6,0.052360066833751,25,1
528,"(12,7)",,False,43,"[17, 9, 12, 7, 14]",12,0.452534113060428,478,503,6,0.06086744639376201,25,1
529,"(12,7)",,False,43,"[17, 9, 12, 7, 14]",12,0.452534113060428,478,503,6,0.06086744639376201,25,1
530,"(8,19)",,False,46,"[2, 8, 11, 19, 18]",14,0.459618954794393,480,505,6,0.05626798477675601,25,1
531,"(8,19)",,False,46,"[2, 8, 11, 19, 18]",14,0.459618954794393,480,505,6,0.05626798477675601,25,1
532,"(1,5)",,False,46,"[8, 1, 12, 16, 5]",14,0.449872366100436,482,507,7,0.09038104520560601,25,1
533,"(1,5)",,False,46,"[8, 1, 12, 16, 5]",14,0.449872366100436,482,507,7,0.09038104520560601,25,1
534,"(1,16)",,False,46,"[10, 17, 14, 1, 16]",14,0.44444444444444403,484,509,8,0.11832358674463901,25,1
535,"(1,16)",,False,46,"[10, 17, 14, 1, 16]",14,0.44444444444444403,484,509,8,0.11832358674463901,25,1
536,"(4,5)",,False,49,"[11, 4, 5, 17, 16]",15,0.44722918407128903,486,511,8,0.100222779170147,25,1
537,"(4,5)",,False,49,"[11, 4, 5, 17, 16]",15,0.44722918407128903,486,511,8,0.100222779170147,25,1
538,"(17,4)",,False,50,"[12, 16, 17, 11, 4]",15,0.42756892230576404,488,513,8,0.074965190754664,25,1
539,"(17,4)",,False,50,"[12, 16, 17, 11, 4]",15,0.42756892230576404,488,513,8,0.074965190754664,25,1
540,"(7,15)",,False,50,"[12, 7, 16, 9, 15]",15,0.41522324329341803,490,515,7,0.06128747795414401,25,1
541,"(7,15)",,False,50,"[12, 7, 16, 9, 15]",15,0.41522324329341803,490,515,7,0.06128747795414401,25,1
542,"(18,1)",,False,51,"[18, 5, 12, 16, 1]",16,0.43799777220829805,492,517,7,0.058298524087997,25,1
543,"(18,1)",,False,51,"[18, 5, 12, 16, 1]",16,0.43799777220829805,492,517,7,0.058298524087997,25,1
544,"(7,16)",,False,50,"[12, 11, 8, 7, 16]",16,0.505797743517041,494,519,6,0.035371256423888005,25,1
545,"(7,16)",,False,50,"[12, 11, 8, 7, 16]",16,0.505797743517041,494,519,6,0.035371256423888005,25,1
546,"(7,5)",,False,49,"[7, 17, 11, 12, 5]",16,0.521020142949967,496,521,5,0.025048732943469,25,1
547,"(7,5)",,False,49,"[7, 17, 11, 12, 5]",16,0.521020142949967,496,521,5,0.025048732943469,25,1
548,6:6,assassinate,True,46,"[2, 4, 6, 13, 18]",15,0.339733593242365,498,523,5,0.021150097465886003,25,1
549,6:6,assassinate,True,46,"[2, 4, 6, 13, 18]",15,0.339733593242365,498,523,5,0.021150097465886003,25,1
550,"(4,15)",,False,47,"[11, 4, 15, 9, 8]",15,0.392949967511371,500,525,5,0.022319688109161,25,1
551,"(4,15)",,False,47,"[11, 4, 15, 9, 8]",15,0.392949967511371,500,525,5,0.022319688109161,25,1
552,"(18,3)",,False,48,"[18, 12, 6, 16, 3]",16,0.424041585445094,502,527,5,0.023586744639376003,25,1
553,"(18,3)",,False,48,"[18, 12, 6, 16, 3]",16,0.424041585445094,502,527,5,0.023586744639376003,25,1
554,"(0,12)",,False,46,"[0, 6, 12, 11, 4]",15,0.400389863547758,504,529,5,0.023586744639376003,25,1
555,"(0,12)",,False,46,"[0, 6, 12, 11, 4]",15,0.400389863547758,504,529,5,0.023586744639376003,25,1
556,"(15,9)",,False,48,"[15, 9, 18, 13, 16]",16,0.408400631207648,506,531,5,0.013645224171539001,25,1
557,"(15,9)",,False,48,"[15, 9, 18, 13, 16]",16,0.408400631207648,506,531,5,0.013645224171539001,25,1
558,"(0,16)",,False,47,"[0, 14, 16, 6, 19]",15,0.467040285899934,508,533,5,0.032212475633528005,25,1
559,"(0,16)",,False,47,"[0, 14, 16, 6, 19]",15,0.467040285899934,508,533,5,0.032212475633528005,25,1
560,"(0,14)",,False,44,"[0, 4, 14, 13, 17]",14,0.501865775549986,510,535,5,0.043441938178780004,25,1
561,"(0,14)",,False,44,"[0, 4, 14, 13, 17]",14,0.501865775549986,510,535,5,0.043441938178780004,25,1
562,"(6,16)",,False,43,"[6, 2, 16, 4, 10]",14,0.50501253132832,512,537,4,0.034809245335561005,25,1
563,"(6,16)",,False,43,"[6, 2, 16, 4, 10]",14,0.50501253132832,512,537,4,0.034809245335561005,25,1
564,"(4,14)",,False,42,"[4, 10, 14, 15, 13]",14,0.522885918499953,514,539,4,0.029805996472663004,25,1
565,"(4,14)",,False,42,"[4, 10, 14, 15, 13]",14,0.522885918499953,514,539,4,0.029805996472663004,25,1
566,"(3,13)",,False,43,"[3, 6, 13, 11, 12]",14,0.49390606144992105,516,541,4,0.029026269377146002,25,1
567,"(3,13)",,False,43,"[3, 6, 13, 11, 12]",14,0.49390606144992105,516,541,4,0.029026269377146002,25,1
568,"(19,7)",,False,44,"[13, 19, 16, 10, 7]",14,0.4576487515084,518,543,4,0.027076951638355003,25,1
569,"(19,7)",,False,44,"[13, 19, 16, 10, 7]",14,0.4576487515084,518,543,4,0.027076951638355003,25,1
570,"(0,9)",,False,43,"[0, 3, 5, 16, 9]",13,0.469883040935672,520,545,4,0.020254339552585002,25,1
571,"(0,9)",,False,43,"[0, 3, 5, 16, 9]",13,0.469883040935672,520,545,4,0.020254339552585002,25,1
572,"(15,8)",,False,42,"[19, 3, 15, 16, 8]",13,0.47928153717627303,522,547,4,0.020532813515269,25,1
573,"(15,8)",,False,42,"[19, 3, 15, 16, 8]",13,0.47928153717627303,522,547,4,0.020532813515269,25,1
574,13:10,assassinate,True,36,"[13, 8, 3, 14, 4]",12,0.44864940128098,524,549,4,0.034656084656084,25,1
575,13:10,assassinate,True,36,"[13, 8, 3, 14, 4]",12,0.44864940128098,524,549,4,0.034656084656084,25,1
576,"(6,1)",,False,37,"[4, 12, 6, 1, 10]",13,0.49700640490114106,526,551,5,0.073906989696463,25,1
577,"(6,1)",,False,37,"[4, 12, 6, 1, 10]",13,0.49700640490114106,526,551,5,0.073906989696463,25,1
578,"(8,1)",,False,37,"[5, 8, 10, 1, 6]",13,0.48053467000835404,528,553,6,0.11737677527151201,25,1
579,"(8,1)",,False,37,"[5, 8, 10, 1, 6]",13,0.48053467000835404,528,553,6,0.11737677527151201,25,1
580,14:10,assassinate,True,32,"[16, 5, 0, 19, 14]",12,0.421442495126705,530,555,6,0.149707602339181,25,1
581,14:10,assassinate,True,32,"[16, 5, 0, 19, 14]",12,0.421442495126705,530,555,6,0.149707602339181,25,1
582,"(7,12)",,False,33,"[17, 7, 12, 2, 9]",12,0.42992202729044804,532,557,6,0.11978557504873201,25,1
583,"(7,12)",,False,33,"[17, 7, 12, 2, 9]",12,0.42992202729044804,532,557,6,0.11978557504873201,25,1
584,3:6,assassinate,True,30,"[5, 13, 3, 1, 19]",12,0.405458089668615,534,559,6,0.10477582846003801,25,1
585,3:6,assassinate,True,30,"[5, 13, 3, 1, 19]",12,0.405458089668615,534,559,6,0.10477582846003801,25,1
586,7:6,assassinate,True,27,"[10, 14, 7, 6, 18]",11,0.460038986354775,536,561,5,0.077485380116959,25,1
587,7:6,assassinate,True,27,"[10, 14, 7, 6, 18]",11,0.460038986354775,536,561,5,0.077485380116959,25,1
588,"(13,0)",,False,28,"[10, 13, 8, 4, 0]",12,0.553606237816764,538,563,5,0.08333333333333301,25,1
589,"(13,0)",,False,28,"[10, 13, 8, 4, 0]",12,0.553606237816764,538,563,5,0.08333333333333301,25,1
590,"(3,4)",,False,30,"[18, 2, 3, 12, 4]",12,0.6072124756335281,540,565,5,0.08723196881091601,25,1
591,"(3,4)",,False,30,"[18, 2, 3, 12, 4]",12,0.6072124756335281,540,565,5,0.08723196881091601,25,1
592,7:4,assassinate,True,27,"[4, 17, 6, 12, 7]",11,0.44541910331384005,542,567,5,0.07846003898635401,25,1
593,7:4,assassinate,True,27,"[4, 17, 6, 12, 7]",11,0.44541910331384005,542,567,5,0.07846003898635401,25,1
594,"(6,3)",,False,29,"[17, 19, 6, 2, 3]",11,0.482846003898635,544,569,5,0.07319688109161701,25,1
595,"(6,3)",,False,29,"[17, 19, 6, 2, 3]",11,0.482846003898635,544,569,5,0.07319688109161701,25,1
596,"(5,1)",,False,30,"[5, 1, 10, 16, 19]",12,0.505945419103313,546,571,6,0.096588693957115,25,1
597,"(5,1)",,False,30,"[5, 1, 10, 16, 19]",12,0.505945419103313,546,571,6,0.096588693957115,25,1
598,8:8,assassinate,True,26,"[15, 12, 0, 6, 8]",11,0.46198830409356706,548,573,5,0.055555555555555004,25,1
599,8:8,assassinate,True,26,"[15, 12, 0, 6, 8]",11,0.46198830409356706,548,573,5,0.055555555555555004,25,1
600,19:4,assassinate,True,25,"[11, 9, 19, 12, 6]",10,0.456140350877192,550,575,5,0.055555555555555004,25,1
601,19:4,assassinate,True,25,"[11, 9, 19, 12, 6]",10,0.456140350877192,550,575,5,0.055555555555555004,25,1
602,15:6,assassinate,True,21,"[9, 5, 15, 10, 2]",9,0.338206627680311,552,577,5,0.06335282651072101,25,1
603,15:6,assassinate,True,21,"[9, 5, 15, 10, 2]",9,0.338206627680311,552,577,5,0.06335282651072101,25,1
604,"(1,17)",,False,22,"[1, 17, 18, 8, 3]",9,0.41910331384015503,554,579,6,0.088693957115009,25,1
605,"(1,17)",,False,22,"[1, 17, 18, 8, 3]",9,0.41910331384015503,554,579,6,0.088693957115009,25,1
606,"(8,1)",,False,21,"[8, 2, 11, 1, 12]",8,0.5,556,581,5,0.122807017543859,25,1
607,"(8,1)",,False,21,"[8, 2, 11, 1, 12]",8,0.5,556,581,5,0.122807017543859,25,1
608,"(17,13)",,False,24,"[3, 2, 17, 15, 13]",8,0.451754385964912,558,583,5,0.05653021442495101,25,1
609,"(17,13)",,False,24,"[3, 2, 17, 15, 13]",8,0.451754385964912,558,583,5,0.05653021442495101,25,1
610,"(0,3)",,False,24,"[7, 9, 2, 0, 3]",7,0.47660818713450204,560,585,5,0.19200779727095502,25,1
611,"(0,3)",,False,24,"[7, 9, 2, 0, 3]",7,0.47660818713450204,560,585,5,0.19200779727095502,25,1
612,"(10,7)",,False,25,"[5, 3, 10, 16, 7]",7,0.42592592592592504,562,587,5,0.09454191033138401,25,1
613,"(10,7)",,False,25,"[5, 3, 10, 16, 7]",7,0.42592592592592504,562,587,5,0.09454191033138401,25,1
614,"(12,3)",,False,28,"[19, 0, 12, 3, 11]",9,0.43576998050682203,564,589,5,0.07465886939571101,25,1
615,"(12,3)",,False,28,"[19, 0, 12, 3, 11]",9,0.43576998050682203,564,589,5,0.07465886939571101,25,1
616,"(9,1)",,False,31,"[16, 3, 9, 1, 8]",9,0.556042884990253,566,591,6,0.146686159844054,25,1
617,"(9,1)",,False,31,"[16, 3, 9, 1, 8]",9,0.556042884990253,566,591,6,0.146686159844054,25,1
618,"(6,15)",,False,32,"[7, 12, 16, 6, 15]",9,0.5006822612085771,568,593,6,0.15545808966861602,25,1
619,"(6,15)",,False,32,"[7, 12, 16, 6, 15]",9,0.5006822612085771,568,593,6,0.15545808966861602,25,1
620,"(17,13)",,False,33,"[0, 17, 13, 16, 12]",9,0.443762183235867,570,595,6,0.14639376218323502,25,1
621,"(17,13)",,False,33,"[0, 17, 13, 16, 12]",9,0.443762183235867,570,595,6,0.14639376218323502,25,1
622,"(17,14)",,False,32,"[17, 8, 13, 14, 9]",9,0.510136452241715,572,597,6,0.161500974658869,25,1
623,"(17,14)",,False,32,"[17, 8, 13, 14, 9]",9,0.510136452241715,572,597,6,0.161500974658869,25,1
624,"(13,1)",,False,31,"[8, 13, 7, 1, 11]",9,0.48908382066276807,574,599,7,0.19844054580896603,25,1
625,"(13,1)",,False,31,"[8, 13, 7, 1, 11]",9,0.48908382066276807,574,599,7,0.19844054580896603,25,1
626,"(13,1)",,False,31,"[10, 13, 1, 2, 8]",9,0.48908382066276807,576,601,7,0.19844054580896603,25,1
627,"(13,1)",,False,31,"[10, 13, 1, 2, 8]",9,0.48908382066276807,576,601,7,0.19844054580896603,25,1
628,"(2,8)",,False,32,"[2, 15, 13, 6, 8]",9,0.49561403508771906,578,603,7,0.18713450292397601,25,1
629,"(2,8)",,False,32,"[2, 15, 13, 6, 8]",9,0.49561403508771906,578,603,7,0.18713450292397601,25,1
630,"(1,11)",,False,34,"[1, 16, 13, 11, 10]",9,0.44941520467836205,580,605,8,0.218810916179337,25,1
631,"(1,11)",,False,34,"[1, 16, 13, 11, 10]",9,0.44941520467836205,580,605,8,0.218810916179337,25,1
632,"(19,0)",,False,33,"[17, 16, 19, 0, 7]",8,0.407699805068226,582,607,8,0.274269005847953,25,1
633,"(19,0)",,False,33,"[17, 16, 19, 0, 7]",8,0.407699805068226,582,607,8,0.274269005847953,25,1
634,"(3,1)",,False,34,"[13, 3, 1, 11, 8]",8,0.37231968810916105,584,609,9,0.32953216374269,25,1
635,"(3,1)",,False,34,"[13, 3, 1, 11, 8]",8,0.37231968810916105,584,609,9,0.32953216374269,25,1
636,"(6,18)",,False,35,"[3, 6, 18, 13, 14]",8,0.37584238373712003,586,611,9,0.334140907825118,25,1
637,"(6,18)",,False,35,"[3, 6, 18, 13, 14]",8,0.37584238373712003,586,611,9,0.334140907825118,25,1
638,"(13,19)",,False,34,"[8, 15, 4, 13, 19]",8,0.30038986354775804,588,613,7,0.214132553606237,25,1
639,"(13,19)",,False,34,"[8, 15, 4, 13, 19]",8,0.30038986354775804,588,613,7,0.214132553606237,25,1
640,5:6,assassinate,True,33,"[2, 18, 5, 8, 3]",7,0.21613756613756602,588,614,7,0.22145641882483902,26,1
641,5:6,assassinate,True,33,"[2, 18, 5, 8, 3]",7,0.21613756613756602,588,614,7,0.22145641882483902,26,1
642,"(1,9)",,False,34,"[1, 4, 9, 19, 2]",7,0.21630465051517603,588,615,8,0.30999721526037305,27,1
643,"(1,9)",,False,34,"[1, 4, 9, 19, 2]",7,0.21630465051517603,588,615,8,0.30999721526037305,27,1
644,"(8,3)",,False,35,"[17, 8, 7, 13, 3]",7,0.20066833751044202,586,615,8,0.267522974101921,29,1
645,"(8,3)",,False,35,"[17, 8, 7, 13, 3]",7,0.20066833751044202,586,615,8,0.267522974101921,29,1
646,"(13,14)",,False,36,"[19, 13, 5, 14, 7]",8,0.24344193817878002,588,617,8,0.23817878028404302,29,1
647,"(13,14)",,False,36,"[19, 13, 5, 14, 7]",8,0.24344193817878002,588,617,8,0.23817878028404302,29,1
648,"(17,2)",,False,35,"[11, 17, 2, 10, 8]",8,0.23976608187134502,590,619,6,0.137849252761533,29,1
649,"(17,2)",,False,35,"[11, 17, 2, 10, 8]",8,0.23976608187134502,590,619,6,0.137849252761533,29,1
650,"(6,0)",,False,34,"[6, 2, 17, 18, 0]",8,0.24463937621832302,592,621,6,0.17007797270955102,29,1
651,"(6,0)",,False,34,"[6, 2, 17, 18, 0]",8,0.24463937621832302,592,621,6,0.17007797270955102,29,1
652,"(1,11)",,False,35,"[16, 1, 18, 11, 10]",8,0.264717348927875,594,623,7,0.140009746588693,29,1
653,"(1,11)",,False,35,"[16, 1, 18, 11, 10]",8,0.264717348927875,594,623,7,0.140009746588693,29,1
654,"(11,0)",,False,32,"[11, 0, 17, 9, 13]",7,0.255068226120857,596,625,5,0.09590643274853801,29,1
655,"(11,0)",,False,32,"[11, 0, 17, 9, 13]",7,0.255068226120857,596,625,5,0.09590643274853801,29,1
656,"(19,0)",,True,31,"[17, 5, 19, 0, 8]",6,0.25994152046783603,598,627,5,0.11832358674463901,29,1
657,"(19,0)",,True,31,"[17, 5, 19, 0, 8]",6,0.25994152046783603,598,627,5,0.11832358674463901,29,1
658,"(6,1)",,False,32,"[6, 2, 11, 15, 1]",6,0.25687830687830604,600,629,6,0.17589807852965703,29,1
659,"(6,1)",,False,32,"[6, 2, 11, 15, 1]",6,0.25687830687830604,600,629,6,0.17589807852965703,29,1
660,"(14,0)",,False,33,"[2, 14, 5, 18, 0]",5,0.23464912280701702,602,631,6,0.211062378167641,29,1
661,"(14,0)",,False,33,"[2, 14, 5, 18, 0]",5,0.23464912280701702,602,631,6,0.211062378167641,29,1
662,"(1,12)",,False,36,"[9, 1, 12, 13, 10]",7,0.32684953123549604,604,633,7,0.20825675299359503,29,1
663,"(1,12)",,False,36,"[9, 1, 12, 13, 10]",7,0.32684953123549604,604,633,7,0.20825675299359503,29,1
664,"(3,14)",,False,39,"[6, 3, 9, 13, 14]",9,0.38274157616262805,606,635,7,0.10506126427179001,29,1
665,"(3,14)",,False,39,"[6, 3, 9, 13, 14]",9,0.38274157616262805,606,635,7,0.10506126427179001,29,1
666,"(0,12)",,False,36,"[0, 18, 10, 1, 12]",8,0.37468882644321205,608,637,5,0.10362860011982801,29,1
667,"(0,12)",,False,36,"[0, 18, 10, 1, 12]",8,0.37468882644321205,608,637,5,0.10362860011982801,29,1
668,"(11,0)",,False,33,"[11, 10, 0, 3, 16]",7,0.36617933723196805,610,639,3,0.06559454191033101,29,1
669,"(11,0)",,False,33,"[11, 10, 0, 3, 16]",7,0.36617933723196805,610,639,3,0.06559454191033101,29,1
670,"(5,4)",,False,31,"[9, 7, 5, 4, 16]",7,0.267933723196881,612,641,2,0.021345029239766,29,1
671,"(5,4)",,False,31,"[9, 7, 5, 4, 16]",7,0.267933723196881,612,641,2,0.021345029239766,29,1
672,4:2,assassinate,True,32,"[6, 19, 2, 4, 18]",6,0.18742690058479503,614,643,2,0.005068226120857,29,1
673,4:2,assassinate,True,32,"[6, 19, 2, 4, 18]",6,0.18742690058479503,614,643,2,0.005068226120857,29,1
674,"(0,2)",,False,30,"[0, 11, 1, 2, 14]",5,0.152046783625731,616,645,1,0.0,29,1
675,"(0,2)",,False,30,"[0, 11, 1, 2, 14]",5,0.152046783625731,616,645,1,0.0,29,1
676,"(18,0)",,False,29,"[18, 10, 7, 11, 0]",4,0.08615984405458,618,647,1,0.0,29,1
677,"(18,0)",,False,29,"[18, 10, 7, 11, 0]",4,0.08615984405458,618,647,1,0.0,29,1
678,"(8,15)",,False,30,"[4, 12, 8, 15, 6]",4,0.080409356725146,620,649,1,0.0,29,1
679,"(8,15)",,False,30,"[4, 12, 8, 15, 6]",4,0.080409356725146,620,649,1,0.0,29,1
680,"(10,13)",,False,32,"[7, 10, 18, 13, 14]",4,0.061403508771929,622,651,1,0.0,29,1
681,"(10,13)",,False,32,"[7, 10, 18, 13, 14]",4,0.061403508771929,622,651,1,0.0,29,1
682,"(11,3)",,False,34,"[9, 11, 10, 3, 16]",4,0.05847953216374201,624,653,1,0.0,29,1
683,"(11,3)",,False,34,"[9, 11, 10, 3, 16]",4,0.05847953216374201,624,653,1,0.0,29,1
684,6:2,assassinate,True,33,"[11, 1, 7, 6, 10]",4,0.07270955165692,626,655,1,0.0,29,1
685,6:2,assassinate,True,33,"[11, 1, 7, 6, 10]",4,0.07270955165692,626,655,1,0.0,29,1
686,"(5,4)",,False,34,"[11, 18, 5, 4, 12]",4,0.05473727052674401,628,657,1,0.0,29,1
687,"(5,4)",,False,34,"[11, 18, 5, 4, 12]",4,0.05473727052674401,628,657,1,0.0,29,1
688,"(13,4)",,True,35,"[13, 4, 16, 0, 18]",4,0.026608187134502,630,659,1,0.0,29,1
689,"(13,4)",,True,35,"[13, 4, 16, 0, 18]",4,0.026608187134502,630,659,1,0.0,29,1
690,"(2,9)",,False,35,"[2, 18, 9, 5, 11]",4,0.025452520189362,632,661,1,0.0,29,1
691,"(2,9)",,False,35,"[2, 18, 9, 5, 11]",4,0.025452520189362,632,661,1,0.0,29,1
692,"(11,15)",,False,36,"[1, 11, 14, 19, 15]",5,0.061890838206627004,634,663,1,0.0,29,1
693,"(11,15)",,False,36,"[1, 11, 14, 19, 15]",5,0.061890838206627004,634,663,1,0.0,29,1
694,"(14,16)",,False,35,"[14, 16, 8, 2, 12]",5,0.06432748538011601,636,665,1,0.0,29,1
695,"(14,16)",,False,35,"[14, 16, 8, 2, 12]",5,0.06432748538011601,636,665,1,0.0,29,1
696,17:10,assassinate,True,30,"[4, 12, 17, 19, 0]",4,0.04717348927875201,638,667,1,0.0,29,1
697,17:10,assassinate,True,30,"[4, 12, 17, 19, 0]",4,0.04717348927875201,638,667,1,0.0,29,1
698,"(14,7)",,False,31,"[17, 8, 12, 14, 7]",4,0.053216374269005,640,669,1,0.0,29,1
699,"(14,7)",,False,31,"[17, 8, 12, 14, 7]",4,0.053216374269005,640,669,1,0.0,29,1
700,"(0,15)",,False,31,"[8, 0, 15, 1, 7]",3,0.035575048732943,642,671,1,0.0,29,1
701,"(0,15)",,False,31,"[8, 0, 15, 1, 7]",3,0.035575048732943,642,671,1,0.0,29,1
702,"(6,4)",,False,32,"[6, 17, 5, 4, 0]",3,0.035964912280701006,644,673,1,0.0,29,1
703,"(6,4)",,False,32,"[6, 17, 5, 4, 0]",3,0.035964912280701006,644,673,1,0.0,29,1
704,"(8,18)",,False,33,"[8, 15, 5, 18, 2]",4,0.10477582846003801,646,675,1,0.0,29,1
705,"(8,18)",,False,33,"[8, 15, 5, 18, 2]",4,0.10477582846003801,646,675,1,0.0,29,1
706,"(10,18)",,False,32,"[2, 15, 10, 17, 18]",4,0.11385407964355301,648,677,1,0.0,29,1
707,"(10,18)",,False,32,"[2, 15, 10, 17, 18]",4,0.11385407964355301,648,677,1,0.0,29,1
708,16:2,assassinate,True,31,"[6, 18, 1, 16, 15]",4,0.097981063770537,650,679,1,0.0,29,1
709,16:2,assassinate,True,31,"[6, 18, 1, 16, 15]",4,0.097981063770537,650,679,1,0.0,29,1
710,"(8,4)",,False,31,"[7, 3, 8, 4, 16]",4,0.09722918407128901,652,681,1,0.0,29,1
711,"(8,4)",,False,31,"[7, 3, 8, 4, 16]",4,0.09722918407128901,652,681,1,0.0,29,1
712,"(15,13)",,False,30,"[16, 15, 18, 13, 14]",4,0.08674463937621801,654,683,1,0.0,29,1
713,"(15,13)",,False,30,"[16, 15, 18, 13, 14]",4,0.08674463937621801,654,683,1,0.0,29,1
714,"(3,13)",,False,29,"[3, 5, 13, 15, 17]",4,0.07218045112781901,656,685,1,0.0,29,1
715,"(3,13)",,False,29,"[3, 5, 13, 15, 17]",4,0.07218045112781901,656,685,1,0.0,29,1
716,"(3,6)",,False,32,"[11, 3, 9, 6, 13]",6,0.139919242550821,658,687,1,0.0,29,1
717,"(3,6)",,False,32,"[11, 3, 9, 6, 13]",6,0.139919242550821,658,687,1,0.0,29,1
718,"(1,6)",,False,33,"[14, 1, 17, 16, 6]",7,0.212865497076023,660,689,2,0.0029239766081870003,29,1
719,"(1,6)",,False,33,"[14, 1, 17, 16, 6]",7,0.212865497076023,660,689,2,0.0029239766081870003,29,1
720,"(7,8)",,False,34,"[19, 5, 2, 7, 8]",7,0.1953216374269,662,691,2,0.004385964912280001,29,1
721,"(7,8)",,False,34,"[19, 5, 2, 7, 8]",7,0.1953216374269,662,691,2,0.004385964912280001,29,1
722,5:4,assassinate,True,32,"[18, 0, 5, 16, 10]",6,0.11727930938457201,664,693,2,0.004385964912280001,29,1
723,5:4,assassinate,True,32,"[18, 0, 5, 16, 10]",6,0.11727930938457201,664,693,2,0.004385964912280001,29,1
724,"(14,10)",,False,33,"[14, 5, 18, 7, 10]",6,0.148315232525758,666,695,2,0.004873294346978,29,1
725,"(14,10)",,False,33,"[14, 5, 18, 7, 10]",6,0.148315232525758,666,695,2,0.004873294346978,29,1
726,"(15,5)",,False,34,"[14, 2, 15, 5, 7]",6,0.148635477582845,668,697,2,0.004873294346978,29,1
727,"(15,5)",,False,34,"[14, 2, 15, 5, 7]",6,0.148635477582845,668,697,2,0.004873294346978,29,1
728,"(3,13)",,False,37,"[5, 3, 13, 14, 4]",8,0.166750208855471,670,699,3,0.0034113060428840004,29,1
729,"(3,13)",,False,37,"[5, 3, 13, 14, 4]",8,0.166750208855471,670,699,3,0.0034113060428840004,29,1
730,"(1,4)",,False,38,"[1, 4, 6, 9, 19]",8,0.174728487886382,672,701,4,0.035575048732943,29,1
731,"(1,4)",,False,38,"[1, 4, 6, 9, 19]",8,0.174728487886382,672,701,4,0.035575048732943,29,1
732,"(5,1)",,False,41,"[5, 18, 1, 19, 12]",10,0.265935672514619,674,703,5,0.06432748538011601,29,1
733,"(5,1)",,False,41,"[5, 18, 1, 19, 12]",10,0.265935672514619,674,703,5,0.06432748538011601,29,1
734,"(3,19)",,False,41,"[3, 18, 7, 4, 19]",10,0.304044834307992,676,705,5,0.062475633528265004,29,1
735,"(3,19)",,False,41,"[3, 18, 7, 4, 19]",10,0.304044834307992,676,705,5,0.062475633528265004,29,1
736,"(1,9)",,False,40,"[0, 8, 1, 9, 15]",10,0.312621832358674,678,707,6,0.151538568643831,29,1
737,"(1,9)",,False,40,"[0, 8, 1, 9, 15]",10,0.312621832358674,678,707,6,0.151538568643831,29,1
738,"(0,12)",,False,39,"[0, 8, 3, 17, 12]",9,0.280033416875522,680,709,6,0.14971688480460402,29,1
739,"(0,12)",,False,39,"[0, 8, 3, 17, 12]",9,0.280033416875522,680,709,6,0.14971688480460402,29,1
740,"(0,6)",,False,38,"[0, 18, 7, 6, 9]",8,0.25341130604288503,682,711,6,0.137816764132553,29,1
741,"(0,6)",,False,38,"[0, 18, 7, 6, 9]",8,0.25341130604288503,682,711,6,0.137816764132553,29,1
742,"(3,17)",,False,39,"[2, 8, 12, 3, 17]",8,0.22520189362294601,684,713,6,0.136995265942634,29,1
743,"(3,17)",,False,39,"[2, 8, 12, 3, 17]",8,0.22520189362294601,684,713,6,0.136995265942634,29,1
744,"(3,10)",,False,42,"[3, 13, 10, 5, 6]",10,0.26848370927318205,686,715,6,0.127044463009375,29,1
745,"(3,10)",,False,42,"[3, 13, 10, 5, 6]",10,0.26848370927318205,686,715,6,0.127044463009375,29,1
746,"(11,1)",,False,43,"[11, 12, 0, 1, 16]",10,0.216074909495962,688,717,7,0.167868745938921,29,1
747,"(11,1)",,False,43,"[11, 12, 0, 1, 16]",10,0.216074909495962,688,717,7,0.167868745938921,29,1
748,8:8,assassinate,True,41,"[9, 4, 17, 12, 8]",9,0.162781954887218,690,719,7,0.136299081035923,29,1
749,8:8,assassinate,True,41,"[9, 4, 17, 12, 8]",9,0.162781954887218,690,719,7,0.136299081035923,29,1
750,"(5,12)",,False,40,"[5, 2, 12, 7, 11]",9,0.17827206906154203,692,721,7,0.17483987747145602,29,1
751,"(5,12)",,False,40,"[5, 2, 12, 7, 11]",9,0.17827206906154203,692,721,7,0.17483987747145602,29,1
752,"(15,2)",,False,39,"[19, 15, 6, 2, 7]",9,0.22067669172932303,694,723,7,0.18464216095795002,29,1
753,"(15,2)",,False,39,"[19, 15, 6, 2, 7]",9,0.22067669172932303,694,723,7,0.18464216095795002,29,1
754,"(14,10)",,False,42,"[14, 10, 16, 7, 6]",11,0.247953216374268,696,725,7,0.15740740740740702,29,1
755,"(14,10)",,False,42,"[14, 10, 16, 7, 6]",11,0.247953216374268,696,725,7,0.15740740740740702,29,1
756,2:8,assassinate,True,36,"[8, 3, 18, 2, 10]",10,0.256432748538011,698,727,7,0.15458089668615901,29,1
757,2:8,assassinate,True,36,"[8, 3, 18, 2, 10]",10,0.256432748538011,698,727,7,0.15458089668615901,29,1
758,"(9,0)",,False,37,"[16, 6, 7, 9, 0]",9,0.208744082428292,700,729,7,0.147438039543302,29,1
759,"(9,0)",,False,37,"[16, 6, 7, 9, 0]",9,0.208744082428292,700,729,7,0.147438039543302,29,1
760,"(1,19)",,False,38,"[0, 1, 19, 17, 3]",9,0.21468950153160601,702,731,8,0.19275967697020302,29,1
761,"(1,19)",,False,38,"[0, 1, 19, 17, 3]",9,0.21468950153160601,702,731,8,0.19275967697020302,29,1
762,"(1,2)",,True,41,"[10, 7, 11, 1, 2]",9,0.23713450292397603,702,732,9,0.27875243664717303,30,1
763,"(1,2)",,True,41,"[10, 7, 11, 1, 2]",9,0.23713450292397603,702,732,9,0.27875243664717303,30,1
764,"(8,3)",,False,40,"[8, 3, 12, 14, 13]",10,0.26169590643274804,702,733,9,0.281384015594541,31,1
765,"(8,3)",,False,40,"[8, 3, 12, 14, 13]",10,0.26169590643274804,702,733,9,0.281384015594541,31,1
766,"(3,6)",,False,39,"[3, 6, 10, 14, 16]",10,0.28947368421052605,704,735,8,0.263255360623781,31,1
767,"(3,6)",,False,39,"[3, 6, 10, 14, 16]",10,0.28947368421052605,704,735,8,0.263255360623781,31,1
768,"(17,3)",,False,40,"[17, 2, 3, 18, 4]",10,0.26968810916179303,706,737,8,0.262280701754385,31,1
769,"(17,3)",,False,40,"[17, 2, 3, 18, 4]",10,0.26968810916179303,706,737,8,0.262280701754385,31,1
770,"(7,11)",,False,43,"[7, 4, 9, 6, 11]",12,0.315107212475633,708,739,8,0.24463937621832302,31,1
771,"(7,11)",,False,43,"[7, 4, 9, 6, 11]",12,0.315107212475633,708,739,8,0.24463937621832302,31,1
772,"(0,16)",,False,40,"[0, 16, 4, 2, 19]",11,0.320467836257309,710,741,7,0.21315789473684202,31,1
773,"(0,16)",,False,40,"[0, 16, 4, 2, 19]",11,0.320467836257309,710,741,7,0.21315789473684202,31,1
774,"(19,18)",,False,43,"[3, 19, 18, 11, 8]",13,0.36828181565023604,712,743,7,0.154204956836535,31,1
775,"(19,18)",,False,43,"[3, 19, 18, 11, 8]",13,0.36828181565023604,712,743,7,0.154204956836535,31,1
776,"(3,4)",,False,46,"[17, 3, 4, 15, 10]",15,0.44249512670565305,714,745,7,0.137426900584795,31,1
777,"(3,4)",,False,46,"[17, 3, 4, 15, 10]",15,0.44249512670565305,714,745,7,0.137426900584795,31,1
778,"(1,8)",,False,49,"[11, 14, 1, 4, 8]",15,0.38923001949317704,716,747,8,0.13971734892787502,31,1
779,"(1,8)",,False,49,"[11, 14, 1, 4, 8]",15,0.38923001949317704,716,747,8,0.13971734892787502,31,1
780,"(4,15)",,False,48,"[13, 4, 15, 6, 9]",15,0.40428849902534103,718,749,8,0.148635477582846,31,1
781,"(4,15)",,False,48,"[13, 4, 15, 6, 9]",15,0.40428849902534103,718,749,8,0.148635477582846,31,1
782,"(7,10)",,False,51,"[7, 9, 17, 10, 12]",17,0.46900584795321604,720,751,8,0.10828460038986301,31,1
783,"(7,10)",,False,51,"[7, 9, 17, 10, 12]",17,0.46900584795321604,720,751,8,0.10828460038986301,31,1
784,"(18,1)",,False,50,"[18, 1, 15, 4, 13]",17,0.485087719298245,722,753,8,0.10945419103313801,31,1
785,"(18,1)",,False,50,"[18, 1, 15, 4, 13]",17,0.485087719298245,722,753,8,0.10945419103313801,31,1
786,"(1,16)",,False,51,"[1, 3, 5, 14, 16]",17,0.470565302144249,724,755,9,0.145808966861598,31,1
787,"(1,16)",,False,51,"[1, 3, 5, 14, 16]",17,0.470565302144249,724,755,9,0.145808966861598,31,1
788,"(19,1)",,False,50,"[19, 13, 1, 14, 11]",17,0.5310916179337231,726,757,8,0.07192982456140301,31,1
789,"(19,1)",,False,50,"[19, 13, 1, 14, 11]",17,0.5310916179337231,726,757,8,0.07192982456140301,31,1
790,15:10,assassinate,True,45,"[17, 14, 19, 11, 15]",16,0.46968810916179304,728,759,8,0.08713450292397601,31,1
791,15:10,assassinate,True,45,"[17, 14, 19, 11, 15]",16,0.46968810916179304,728,759,8,0.08713450292397601,31,1
792,"(5,1)",,False,46,"[18, 5, 4, 1, 7]",16,0.5471734892787521,730,761,9,0.111500974658869,31,1
793,"(5,1)",,False,46,"[18, 5, 4, 1, 7]",16,0.5471734892787521,730,761,9,0.111500974658869,31,1
794,"(10,3)",,False,47,"[13, 11, 18, 10, 3]",17,0.5818713450292391,732,763,9,0.069200779727095,31,1
795,"(10,3)",,False,47,"[13, 11, 18, 10, 3]",17,0.5818713450292391,732,763,9,0.069200779727095,31,1
796,"(8,4)",,False,48,"[3, 8, 4, 19, 18]",17,0.5476608187134501,734,765,9,0.07699805068226101,31,1
797,"(8,4)",,False,48,"[3, 8, 4, 19, 18]",17,0.5476608187134501,734,765,9,0.07699805068226101,31,1
798,"(11,15)",,False,47,"[17, 11, 19, 3, 15]",17,0.549122807017543,736,767,7,0.055068226120857,31,1
799,"(11,15)",,False,47,"[17, 11, 19, 3, 15]",17,0.549122807017543,736,767,7,0.055068226120857,31,1
