,actionDetail,actionType,bonusActivated,graphEdgeCount,nodeList,p1Degree,p1Score,p1WinAdvantage,p1WinCount,p2Degree,p2Score,p2WinCount,player
0,"(15,14)",,False,2,"[15, 14, 4, 7, 17]",1,0.0,2,2,0,-0.001,0,1
1,"(15,14)",,False,2,"[15, 14, 4, 7, 17]",1,0.0,2,2,0,-0.001,0,1
2,"(5,1)",,False,4,"[5, 6, 14, 15, 1]",1,0.0,3,3,1,0.0,0,1
3,"(5,1)",,False,4,"[5, 6, 14, 15, 1]",1,0.0,3,3,1,0.0,0,1
4,"(6,7)",,True,6,"[6, 7, 14, 5, 12]",1,0.0,3,3,1,0.0,0,1
5,"(6,7)",,True,6,"[6, 7, 14, 5, 12]",1,0.0,3,3,1,0.0,0,1
6,"(9,15)",,False,8,"[9, 15, 5, 4, 13]",1,0.0,3,3,1,0.0,0,1
7,"(9,15)",,False,8,"[9, 15, 5, 4, 13]",1,0.0,3,3,1,0.0,0,1
8,"(8,9)",,False,8,"[8, 9, 10, 4, 6]",1,0.0,3,3,1,0.0,0,1
9,"(8,9)",,False,8,"[8, 9, 10, 4, 6]",1,0.0,3,3,1,0.0,0,1
10,"(9,1)",,False,10,"[12, 18, 2, 9, 1]",1,0.0,2,3,2,0.023391812865497002,1,1
11,"(9,1)",,False,10,"[12, 18, 2, 9, 1]",1,0.0,2,3,2,0.023391812865497002,1,1
12,"(5,7)",,False,12,"[5, 7, 15, 3, 10]",1,0.0,0,3,2,0.16374269005847902,3,1
13,"(5,7)",,False,12,"[5, 7, 15, 3, 10]",1,0.0,0,3,2,0.16374269005847902,3,1
14,"(11,5)",,False,14,"[19, 11, 5, 18, 3]",1,0.0,-2,3,2,0.09064327485380101,5,1
15,"(11,5)",,False,14,"[19, 11, 5, 18, 3]",1,0.0,-2,3,2,0.09064327485380101,5,1
16,"(9,19)",,False,16,"[14, 9, 0, 16, 19]",1,0.0,-4,3,2,0.059454191033138,7,1
17,"(9,19)",,False,16,"[14, 9, 0, 16, 19]",1,0.0,-4,3,2,0.059454191033138,7,1
18,"(12,10)",,False,16,"[0, 12, 10, 19, 15]",1,0.0,-4,3,1,0.0,7,1
19,"(12,10)",,False,16,"[0, 12, 10, 19, 15]",1,0.0,-4,3,1,0.0,7,1
20,"(10,1)",,False,18,"[8, 10, 15, 1, 13]",2,0.08187134502923901,-4,4,2,0.09356725146198801,8,1
21,"(10,1)",,False,18,"[8, 10, 15, 1, 13]",2,0.08187134502923901,-4,4,2,0.09356725146198801,8,1
22,"(9,6)",,True,20,"[9, 14, 16, 6, 15]",2,0.08187134502923901,-2,6,2,0.052631578947368,8,1
23,"(9,6)",,True,20,"[9, 14, 16, 6, 15]",2,0.08187134502923901,-2,6,2,0.052631578947368,8,1
24,"(7,4)",,False,22,"[7, 15, 9, 2, 4]",3,0.09064327485380101,0,8,2,0.052631578947368,8,1
25,"(7,4)",,False,22,"[7, 15, 9, 2, 4]",3,0.09064327485380101,0,8,2,0.052631578947368,8,1
26,"(4,5)",,False,24,"[14, 19, 18, 4, 5]",3,0.087719298245614,2,10,2,0.0,8,1
27,"(4,5)",,False,24,"[14, 19, 18, 4, 5]",3,0.087719298245614,2,10,2,0.0,8,1
28,"(14,9)",,False,26,"[14, 9, 18, 4, 16]",3,0.175438596491228,4,12,2,0.0,8,1
29,"(14,9)",,False,26,"[14, 9, 18, 4, 16]",3,0.175438596491228,4,12,2,0.0,8,1
30,"(10,12)",,False,26,"[0, 10, 12, 15, 19]",3,0.175438596491228,6,14,2,0.0,8,1
31,"(10,12)",,False,26,"[0, 10, 12, 15, 19]",3,0.175438596491228,6,14,2,0.0,8,1
32,"(8,7)",,False,28,"[8, 7, 5, 11, 16]",3,0.26315789473684204,8,16,2,0.0,8,1
33,"(8,7)",,False,28,"[8, 7, 5, 11, 16]",3,0.26315789473684204,8,16,2,0.0,8,1
34,"(12,1)",,False,28,"[12, 19, 15, 6, 1]",3,0.280701754385964,10,18,2,0.105263157894736,8,1
35,"(12,1)",,False,28,"[12, 19, 15, 6, 1]",3,0.280701754385964,10,18,2,0.105263157894736,8,1
36,"(2,7)",,True,28,"[2, 7, 0, 16, 9]",3,0.05847953216374201,10,19,2,0.105263157894736,9,1
37,"(2,7)",,True,28,"[2, 7, 0, 16, 9]",3,0.05847953216374201,10,19,2,0.105263157894736,9,1
38,"(13,0)",,False,28,"[14, 5, 13, 10, 0]",2,0.0,8,19,3,0.105263157894736,11,1
39,"(13,0)",,False,28,"[14, 5, 13, 10, 0]",2,0.0,8,19,3,0.105263157894736,11,1
40,"(7,6)",,False,28,"[5, 11, 18, 7, 6]",2,0.0,6,19,3,0.048732943469785,13,1
41,"(7,6)",,False,28,"[5, 11, 18, 7, 6]",2,0.0,6,19,3,0.048732943469785,13,1
42,"(9,14)",,False,26,"[9, 14, 12, 8, 17]",2,0.0,6,19,2,0.0,13,1
43,"(9,14)",,False,26,"[9, 14, 12, 8, 17]",2,0.0,6,19,2,0.0,13,1
44,"(4,17)",,False,28,"[4, 17, 11, 18, 0]",2,0.0,6,19,2,0.0,13,1
45,"(4,17)",,False,28,"[4, 17, 11, 18, 0]",2,0.0,6,19,2,0.0,13,1
46,"(1,13)",,True,30,"[16, 5, 1, 13, 7]",2,0.0,5,19,3,0.05847953216374201,14,1
47,"(1,13)",,True,30,"[16, 5, 1, 13, 7]",2,0.0,5,19,3,0.05847953216374201,14,1
48,"(14,8)",,False,32,"[2, 14, 3, 18, 8]",3,0.042592592592592,5,20,3,0.050194931773879,15,1
49,"(14,8)",,False,32,"[2, 14, 3, 18, 8]",3,0.042592592592592,5,20,3,0.050194931773879,15,1
50,"(5,0)",,False,30,"[10, 16, 5, 0, 19]",2,0.034113060428849006,7,22,2,0.0,15,1
51,"(5,0)",,False,30,"[10, 16, 5, 0, 19]",2,0.034113060428849006,7,22,2,0.0,15,1
52,"(18,1)",,False,32,"[18, 9, 1, 0, 7]",3,0.075020885547201,9,24,3,0.042884990253411005,15,1
53,"(18,1)",,False,32,"[18, 9, 1, 0, 7]",3,0.075020885547201,9,24,3,0.042884990253411005,15,1
54,"(1,11)",,False,34,"[16, 5, 1, 11, 4]",3,0.06936786410470601,9,25,4,0.081787802840434,16,1
55,"(1,11)",,False,34,"[16, 5, 1, 11, 4]",3,0.06936786410470601,9,25,4,0.081787802840434,16,1
56,"(19,9)",,False,32,"[19, 14, 2, 9, 7]",3,0.08328227977350701,11,27,3,0.05680404715492401,16,1
57,"(19,9)",,False,32,"[19, 14, 2, 9, 7]",3,0.08328227977350701,11,27,3,0.05680404715492401,16,1
58,4:12,assassinate,True,27,"[13, 3, 19, 4, 9]",2,0.022284878863826,11,28,3,0.10951684767474201,17,1
59,4:12,assassinate,True,27,"[13, 3, 19, 4, 9]",2,0.022284878863826,11,28,3,0.10951684767474201,17,1
60,"(16,17)",,False,29,"[0, 16, 17, 7, 13]",2,0.032309941520467005,9,28,3,0.10784600389863501,19,1
61,"(16,17)",,False,29,"[0, 16, 17, 7, 13]",2,0.032309941520467005,9,28,3,0.10784600389863501,19,1
62,"(1,7)",,False,29,"[0, 1, 7, 9, 5]",2,0.032228719948018,9,29,3,0.036336210897614005,20,1
63,"(1,7)",,False,29,"[0, 1, 7, 9, 5]",2,0.032228719948018,9,29,3,0.036336210897614005,20,1
64,"(5,12)",,False,31,"[5, 12, 4, 19, 8]",3,0.07657569850552301,11,31,3,0.025582474705281,20,1
65,"(5,12)",,False,31,"[5, 12, 4, 19, 8]",3,0.07657569850552301,11,31,3,0.025582474705281,20,1
66,"(1,18)",,False,31,"[9, 2, 1, 14, 18]",3,0.074707602339181,13,33,3,0.047904483430799005,20,1
67,"(1,18)",,False,31,"[9, 2, 1, 14, 18]",3,0.074707602339181,13,33,3,0.047904483430799005,20,1
68,"(2,10)",,False,33,"[2, 14, 12, 10, 4]",4,0.09761904761904701,15,35,3,0.038624338624338006,20,1
69,"(2,10)",,False,33,"[2, 14, 12, 10, 4]",4,0.09761904761904701,15,35,3,0.038624338624338006,20,1
70,"(11,3)",,False,33,"[15, 11, 3, 4, 7]",4,0.09206349206349201,17,37,3,0.038624338624338006,20,1
71,"(11,3)",,False,33,"[15, 11, 3, 4, 7]",4,0.09206349206349201,17,37,3,0.038624338624338006,20,1
72,"(3,7)",,False,35,"[9, 14, 3, 4, 7]",5,0.13759398496240602,19,39,3,0.042383737120579,20,1
73,"(3,7)",,False,35,"[9, 14, 3, 4, 7]",5,0.13759398496240602,19,39,3,0.042383737120579,20,1
74,"(16,11)",,False,35,"[19, 10, 16, 5, 11]",5,0.130360623781676,21,41,3,0.043274853801169,20,1
75,"(16,11)",,False,35,"[19, 10, 16, 5, 11]",5,0.130360623781676,21,41,3,0.043274853801169,20,1
76,"(12,4)",,False,37,"[6, 12, 0, 14, 4]",6,0.22231968810916103,23,43,3,0.040350877192982006,20,1
77,"(12,4)",,False,37,"[6, 12, 0, 14, 4]",6,0.22231968810916103,23,43,3,0.040350877192982006,20,1
78,"(3,0)",,False,37,"[16, 4, 3, 1, 0]",5,0.165803397382344,25,45,3,0.028265107212475,20,1
79,"(3,0)",,False,37,"[16, 4, 3, 1, 0]",5,0.165803397382344,25,45,3,0.028265107212475,20,1
80,"(17,6)",,False,37,"[18, 17, 0, 6, 2]",5,0.15799220272904402,27,47,3,0.025341130604288,20,1
81,"(17,6)",,False,37,"[18, 17, 0, 6, 2]",5,0.15799220272904402,27,47,3,0.025341130604288,20,1
82,"(19,0)",,False,37,"[19, 5, 10, 17, 0]",4,0.052244246981089,29,49,3,0.024366471734892002,20,1
83,"(19,0)",,False,37,"[19, 5, 10, 17, 0]",4,0.052244246981089,29,49,3,0.024366471734892002,20,1
84,"(0,15)",,False,35,"[0, 4, 12, 10, 15]",3,0.032163742690058006,31,51,3,0.027290448343079,20,1
85,"(0,15)",,False,35,"[0, 4, 12, 10, 15]",3,0.032163742690058006,31,51,3,0.027290448343079,20,1
86,"(16,0)",,False,35,"[16, 9, 0, 3, 4]",2,0.029239766081871003,33,53,3,0.027290448343079,20,1
87,"(16,0)",,False,35,"[16, 9, 0, 3, 4]",2,0.029239766081871003,33,53,3,0.027290448343079,20,1
88,"(1,12)",,True,37,"[1, 16, 12, 3, 2]",2,0.029239766081871003,33,54,4,0.04083820662768,21,1
89,"(1,12)",,True,37,"[1, 16, 12, 3, 2]",2,0.029239766081871003,33,54,4,0.04083820662768,21,1
90,"(7,16)",,False,37,"[18, 7, 11, 8, 16]",3,0.07763854079643501,35,56,4,0.061695906432748006,21,1
91,"(7,16)",,False,37,"[18, 7, 11, 8, 16]",3,0.07763854079643501,35,56,4,0.061695906432748006,21,1
92,8:10,assassinate,True,33,"[18, 16, 17, 14, 8]",4,0.12752715121136102,37,58,4,0.076510721247563,21,1
93,8:10,assassinate,True,33,"[18, 16, 17, 14, 8]",4,0.12752715121136102,37,58,4,0.076510721247563,21,1
94,"(9,8)",,False,35,"[4, 9, 0, 5, 8]",5,0.17921191868560202,39,60,4,0.06847674742411501,21,1
95,"(9,8)",,False,35,"[4, 9, 0, 5, 8]",5,0.17921191868560202,39,60,4,0.06847674742411501,21,1
96,"(18,19)",,False,37,"[18, 8, 13, 12, 19]",6,0.186911723753829,41,62,4,0.085435811751601,21,1
97,"(18,19)",,False,37,"[18, 8, 13, 12, 19]",6,0.186911723753829,41,62,4,0.085435811751601,21,1
98,"(13,0)",,False,36,"[11, 13, 4, 2, 0]",5,0.15662768031189,43,64,4,0.106530214424951,21,1
99,"(13,0)",,False,36,"[11, 13, 4, 2, 0]",5,0.15662768031189,43,64,4,0.106530214424951,21,1
100,"(1,3)",,False,39,"[1, 4, 2, 6, 3]",5,0.130409356725146,45,66,5,0.101489835700362,21,1
101,"(1,3)",,False,39,"[1, 4, 2, 6, 3]",5,0.130409356725146,45,66,5,0.101489835700362,21,1
102,"(11,8)",,False,41,"[18, 19, 2, 11, 8]",5,0.099624060150375,47,68,5,0.07091339459760501,21,1
103,"(11,8)",,False,41,"[18, 19, 2, 11, 8]",5,0.099624060150375,47,68,5,0.07091339459760501,21,1
104,"(1,14)",,False,43,"[2, 4, 1, 14, 19]",6,0.11971595655806101,49,70,6,0.09782790309106001,21,1
105,"(1,14)",,False,43,"[2, 4, 1, 14, 19]",6,0.11971595655806101,49,70,6,0.09782790309106001,21,1
106,"(1,11)",,True,45,"[1, 19, 11, 18, 7]",6,0.10180495097392601,49,71,7,0.12588195635287,22,1
107,"(1,11)",,True,45,"[1, 19, 11, 18, 7]",6,0.10180495097392601,49,71,7,0.12588195635287,22,1
108,"(2,11)",,False,47,"[10, 5, 2, 11, 19]",7,0.111654135338345,49,72,7,0.11952102478418201,23,1
109,"(2,11)",,False,47,"[10, 5, 2, 11, 19]",7,0.111654135338345,49,72,7,0.11952102478418201,23,1
110,"(5,13)",,False,47,"[5, 13, 2, 14, 9]",7,0.11054023948760701,51,74,7,0.101587301587301,23,1
111,"(5,13)",,False,47,"[5, 13, 2, 14, 9]",7,0.11054023948760701,51,74,7,0.101587301587301,23,1
112,"(0,3)",,True,47,"[6, 15, 0, 12, 3]",6,0.061406040353408006,51,75,7,0.11372886372886301,24,1
113,"(0,3)",,True,47,"[6, 15, 0, 12, 3]",6,0.061406040353408006,51,75,7,0.11372886372886301,24,1
114,"(18,0)",,False,47,"[11, 13, 18, 0, 4]",5,0.040701501227817,49,75,7,0.105228981544771,26,1
115,"(18,0)",,False,47,"[11, 13, 18, 0, 4]",5,0.040701501227817,49,75,7,0.105228981544771,26,1
116,"(10,8)",,False,49,"[10, 8, 9, 11, 3]",5,0.036612364243943006,47,75,7,0.09913673071567801,28,1
117,"(10,8)",,False,49,"[10, 8, 9, 11, 3]",5,0.036612364243943006,47,75,7,0.09913673071567801,28,1
118,"(17,1)",,False,51,"[17, 1, 13, 9, 8]",6,0.05288916736285101,45,75,8,0.12168615984405401,30,1
119,"(17,1)",,False,51,"[17, 1, 13, 9, 8]",6,0.05288916736285101,45,75,8,0.12168615984405401,30,1
120,"(16,15)",,False,54,"[5, 16, 3, 15, 12]",6,0.041752529471827005,43,75,8,0.1144226306507,32,1
121,"(16,15)",,False,54,"[5, 16, 3, 15, 12]",6,0.041752529471827005,43,75,8,0.1144226306507,32,1
122,"(15,3)",,False,54,"[15, 18, 3, 11, 10]",6,0.041752529471827005,41,75,8,0.1144226306507,34,1
123,"(15,3)",,False,54,"[15, 18, 3, 11, 10]",6,0.041752529471827005,41,75,8,0.1144226306507,34,1
124,16:12,assassinate,True,49,"[12, 13, 19, 15, 16]",5,0.035769980506822,39,75,8,0.12424115845168401,36,1
125,16:12,assassinate,True,49,"[12, 13, 19, 15, 16]",5,0.035769980506822,39,75,8,0.12424115845168401,36,1
126,"(17,16)",,False,49,"[8, 17, 19, 16, 7]",5,0.04397103870788,37,75,8,0.153313840155945,38,1
127,"(17,16)",,False,49,"[8, 17, 19, 16, 7]",5,0.04397103870788,37,75,8,0.153313840155945,38,1
128,"(1,4)",,False,49,"[1, 13, 12, 18, 4]",5,0.045214889074538,35,75,8,0.158136080943098,40,1
129,"(1,4)",,False,49,"[1, 13, 12, 18, 4]",5,0.045214889074538,35,75,8,0.158136080943098,40,1
130,"(1,2)",,False,49,"[5, 17, 1, 13, 2]",5,0.041455490578297005,33,75,8,0.138044184535412,42,1
131,"(1,2)",,False,49,"[5, 17, 1, 13, 2]",5,0.041455490578297005,33,75,8,0.138044184535412,42,1
132,"(0,8)",,True,49,"[5, 0, 3, 19, 8]",5,0.039009982869631005,31,75,8,0.129405162738496,44,1
133,"(0,8)",,True,49,"[5, 0, 3, 19, 8]",5,0.039009982869631005,31,75,8,0.129405162738496,44,1
134,"(8,1)",,False,51,"[2, 8, 1, 3, 5]",5,0.035761119971646,29,75,9,0.16114191201910502,46,1
135,"(8,1)",,False,51,"[2, 8, 1, 3, 5]",5,0.035761119971646,29,75,9,0.16114191201910502,46,1
136,"(6,9)",,False,51,"[16, 5, 6, 2, 9]",5,0.035849725323409,27,75,9,0.14292085432436302,48,1
137,"(6,9)",,False,51,"[16, 5, 6, 2, 9]",5,0.035849725323409,27,75,9,0.14292085432436302,48,1
138,"(1,19)",,False,51,"[7, 1, 11, 5, 19]",5,0.025137338295233003,25,75,10,0.15647030032994902,50,1
139,"(1,19)",,False,51,"[7, 1, 11, 5, 19]",5,0.025137338295233003,25,75,10,0.15647030032994902,50,1
140,"(5,7)",,False,51,"[14, 17, 5, 7, 4]",5,0.024561403508771004,23,75,10,0.154158544509421,52,1
141,"(5,7)",,False,51,"[14, 17, 5, 7, 4]",5,0.024561403508771004,23,75,10,0.154158544509421,52,1
142,"(9,15)",,False,51,"[9, 18, 15, 6, 2]",6,0.133853151397011,21,75,10,0.170792722547108,54,1
143,"(9,15)",,False,51,"[9, 18, 15, 6, 2]",6,0.133853151397011,21,75,10,0.170792722547108,54,1
144,"(10,6)",,False,51,"[11, 19, 10, 6, 9]",6,0.139116309291747,19,75,10,0.172389306599832,56,1
145,"(10,6)",,False,51,"[11, 19, 10, 6, 9]",6,0.139116309291747,19,75,10,0.172389306599832,56,1
146,"(15,13)",,False,53,"[3, 15, 13, 9, 17]",7,0.143801617485828,17,75,10,0.163171234223865,58,1
147,"(15,13)",,False,53,"[3, 15, 13, 9, 17]",7,0.143801617485828,17,75,10,0.163171234223865,58,1
148,"(3,7)",,False,51,"[3, 6, 13, 0, 7]",7,0.15274866459076902,17,76,9,0.158714969241285,59,1
149,"(3,7)",,False,51,"[3, 6, 13, 0, 7]",7,0.15274866459076902,17,76,9,0.158714969241285,59,1
150,"(16,1)",,False,53,"[9, 16, 6, 7, 1]",7,0.08772499430394101,17,77,10,0.19284764942659602,60,1
151,"(16,1)",,False,53,"[9, 16, 6, 7, 1]",7,0.08772499430394101,17,77,10,0.19284764942659602,60,1
152,"(7,15)",,False,55,"[7, 15, 14, 6, 19]",8,0.11251107566897,15,77,10,0.184562416141363,62,1
153,"(7,15)",,False,55,"[7, 15, 14, 6, 19]",8,0.11251107566897,15,77,10,0.184562416141363,62,1
154,"(2,17)",,False,55,"[15, 6, 2, 9, 17]",8,0.164640330429804,17,79,9,0.130427272532535,62,1
155,"(2,17)",,False,55,"[15, 6, 2, 9, 17]",8,0.164640330429804,17,79,9,0.130427272532535,62,1
156,"(16,0)",,False,55,"[6, 13, 4, 16, 0]",7,0.05421888053467001,17,80,9,0.116266043897622,63,1
157,"(16,0)",,False,55,"[6, 13, 4, 16, 0]",7,0.05421888053467001,17,80,9,0.116266043897622,63,1
158,"(3,16)",,False,55,"[2, 4, 19, 3, 16]",7,0.058770242103575,15,80,8,0.12409749120275401,65,1
159,"(3,16)",,False,55,"[2, 4, 19, 3, 16]",7,0.058770242103575,15,80,8,0.12409749120275401,65,1
160,"(18,9)",,False,55,"[17, 18, 9, 4, 14]",7,0.049225108874231004,13,80,7,0.09191067217383,67,1
161,"(18,9)",,False,55,"[17, 18, 9, 4, 14]",7,0.049225108874231004,13,80,7,0.09191067217383,67,1
162,"(12,3)",,False,56,"[12, 15, 3, 7, 5]",7,0.049676825773317,11,80,7,0.081147823910981,69,1
163,"(12,3)",,False,56,"[12, 15, 3, 7, 5]",7,0.049676825773317,11,80,7,0.081147823910981,69,1
164,"(0,17)",,False,56,"[8, 13, 6, 0, 17]",6,0.032680185311764004,9,80,7,0.074441153388521,71,1
165,"(0,17)",,False,56,"[8, 13, 6, 0, 17]",6,0.032680185311764004,9,80,7,0.074441153388521,71,1
166,"(10,15)",,False,56,"[12, 13, 19, 10, 15]",6,0.032269414009949,7,80,6,0.056561603814604004,73,1
167,"(10,15)",,False,56,"[12, 13, 19, 10, 15]",6,0.032269414009949,7,80,6,0.056561603814604004,73,1
168,"(15,2)",,False,57,"[13, 14, 15, 2, 5]",7,0.09982256210326301,9,82,6,0.053991103113910005,73,1
169,"(15,2)",,False,57,"[13, 14, 15, 2, 5]",7,0.09982256210326301,9,82,6,0.053991103113910005,73,1
170,"(16,9)",,False,57,"[8, 16, 4, 9, 2]",7,0.069346518192316,11,84,5,0.014391147308968,73,1
171,"(16,9)",,False,57,"[8, 16, 4, 9, 2]",7,0.069346518192316,11,84,5,0.014391147308968,73,1
172,"(16,15)",,False,57,"[6, 12, 16, 1, 15]",7,0.056487982965360006,13,86,5,0.014391147308968,73,1
173,"(16,15)",,False,57,"[6, 12, 16, 1, 15]",7,0.056487982965360006,13,86,5,0.014391147308968,73,1
174,"(0,18)",,False,57,"[0, 1, 16, 12, 18]",7,0.046999404617133006,15,88,5,0.014412957857094,73,1
175,"(0,18)",,False,57,"[0, 1, 16, 12, 18]",7,0.046999404617133006,15,88,5,0.014412957857094,73,1
176,3:4,assassinate,True,54,"[14, 19, 12, 3, 17]",7,0.040560154595242,17,90,4,0.010160080335518,73,1
177,3:4,assassinate,True,54,"[14, 19, 12, 3, 17]",7,0.040560154595242,17,90,4,0.010160080335518,73,1
178,"(1,18)",,False,56,"[5, 13, 1, 11, 18]",7,0.039760434497276,19,92,5,0.020937022691408003,73,1
179,"(1,18)",,False,56,"[5, 13, 1, 11, 18]",7,0.039760434497276,19,92,5,0.020937022691408003,73,1
180,"(8,3)",,False,56,"[8, 2, 15, 13, 3]",7,0.06474918843339801,21,94,5,0.029590812046952002,73,1
181,"(8,3)",,False,56,"[8, 2, 15, 13, 3]",7,0.06474918843339801,21,94,5,0.029590812046952002,73,1
182,"(7,16)",,False,58,"[7, 14, 17, 3, 16]",7,0.046481296481296,23,96,5,0.025113288271183,73,1
183,"(7,16)",,False,58,"[7, 14, 17, 3, 16]",7,0.046481296481296,23,96,5,0.025113288271183,73,1
184,"(15,16)",,False,60,"[15, 3, 19, 16, 9]",7,0.037323787323787,25,98,5,0.015882509303561002,73,1
185,"(15,16)",,False,60,"[15, 3, 19, 16, 9]",7,0.037323787323787,25,98,5,0.015882509303561002,73,1
186,"(5,7)",,False,62,"[11, 19, 5, 7, 17]",7,0.027027861676984004,27,100,5,0.013234118058679,73,1
187,"(5,7)",,False,62,"[11, 19, 5, 7, 17]",7,0.027027861676984004,27,100,5,0.013234118058679,73,1
188,"(18,8)",,False,60,"[18, 8, 11, 12, 13]",7,0.034152510906896,29,102,5,0.017974423237581,73,1
189,"(18,8)",,False,60,"[18, 8, 11, 12, 13]",7,0.034152510906896,29,102,5,0.017974423237581,73,1
190,"(15,0)",,True,58,"[15, 13, 0, 7, 8]",6,0.033525944490856004,31,104,5,0.018476747424115002,73,1
191,"(15,0)",,True,58,"[15, 13, 0, 7, 8]",6,0.033525944490856004,31,104,5,0.018476747424115002,73,1
192,"(8,9)",,True,58,"[8, 3, 6, 15, 9]",7,0.047115473869859,33,106,5,0.029782790309106,73,1
193,"(8,9)",,True,58,"[8, 3, 6, 15, 9]",7,0.047115473869859,33,106,5,0.029782790309106,73,1
194,"(0,2)",,False,56,"[17, 0, 18, 8, 2]",6,0.030075187969924002,35,108,4,0.019590643274853003,73,1
195,"(0,2)",,False,56,"[17, 0, 18, 8, 2]",6,0.030075187969924002,35,108,4,0.019590643274853003,73,1
196,"(2,12)",,False,58,"[2, 19, 8, 9, 12]",7,0.035048479785321,37,110,4,0.019346978557504002,73,1
197,"(2,12)",,False,58,"[2, 19, 8, 9, 12]",7,0.035048479785321,37,110,4,0.019346978557504002,73,1
198,"(4,9)",,False,56,"[4, 10, 12, 9, 2]",7,0.037227327578204,39,112,3,0.006683375104427,73,1
199,"(4,9)",,False,56,"[4, 10, 12, 9, 2]",7,0.037227327578204,39,112,3,0.006683375104427,73,1
200,"(17,1)",,False,56,"[6, 10, 17, 13, 1]",7,0.044908210697684005,41,114,4,0.019177216545637,73,1
201,"(17,1)",,False,56,"[6, 10, 17, 13, 1]",7,0.044908210697684005,41,114,4,0.019177216545637,73,1
202,"(13,17)",,False,56,"[12, 13, 15, 17, 8]",8,0.071818434976329,43,116,5,0.032080200501253,73,1
203,"(13,17)",,False,56,"[12, 13, 15, 17, 8]",8,0.071818434976329,43,116,5,0.032080200501253,73,1
204,"(5,9)",,False,58,"[7, 10, 13, 5, 9]",8,0.065169869117237,45,118,5,0.019980506822612,73,1
205,"(5,9)",,False,58,"[7, 10, 13, 5, 9]",8,0.065169869117237,45,118,5,0.019980506822612,73,1
206,"(1,3)",,True,57,"[10, 1, 3, 14, 8]",8,0.07196463380673901,47,120,6,0.051120857699805004,73,1
207,"(1,3)",,True,57,"[10, 1, 3, 14, 8]",8,0.07196463380673901,47,120,6,0.051120857699805004,73,1
208,"(16,0)",,False,55,"[12, 14, 5, 16, 0]",7,0.054191033138401005,49,122,6,0.048684210526315004,73,1
209,"(16,0)",,False,55,"[12, 14, 5, 16, 0]",7,0.054191033138401005,49,122,6,0.048684210526315004,73,1
210,"(1,19)",,False,55,"[13, 8, 1, 19, 4]",7,0.04969874180400401,49,123,7,0.08660392563901301,74,1
211,"(1,19)",,False,55,"[13, 8, 1, 19, 4]",7,0.04969874180400401,49,123,7,0.08660392563901301,74,1
212,"(8,6)",,False,55,"[8, 18, 6, 3, 12]",8,0.08006822612085701,47,123,7,0.083398310591293,76,1
213,"(8,6)",,False,55,"[8, 18, 6, 3, 12]",8,0.08006822612085701,47,123,7,0.083398310591293,76,1
214,"(15,13)",,False,55,"[19, 15, 17, 12, 13]",8,0.07275828460038901,47,124,7,0.08627355425601001,77,1
215,"(15,13)",,False,55,"[19, 15, 17, 12, 13]",8,0.07275828460038901,47,124,7,0.08627355425601001,77,1
216,"(2,15)",,False,55,"[8, 19, 17, 2, 15]",8,0.069883040935672,45,124,7,0.079288499025341,79,1
217,"(2,15)",,False,55,"[8, 19, 17, 2, 15]",8,0.069883040935672,45,124,7,0.079288499025341,79,1
218,"(1,8)",,False,57,"[9, 1, 4, 7, 8]",8,0.073405736563631,45,125,8,0.106866703796528,80,1
219,"(1,8)",,False,57,"[9, 1, 4, 7, 8]",8,0.073405736563631,45,125,8,0.106866703796528,80,1
220,"(9,2)",,False,57,"[9, 19, 8, 2, 4]",8,0.08965362123256801,43,125,8,0.10901684410456301,82,1
221,"(9,2)",,False,57,"[9, 19, 8, 2, 4]",8,0.08965362123256801,43,125,8,0.10901684410456301,82,1
222,"(6,1)",,False,57,"[6, 12, 1, 9, 19]",8,0.098635477582846,41,125,9,0.130604288499025,84,1
223,"(6,1)",,False,57,"[6, 12, 1, 9, 19]",8,0.098635477582846,41,125,9,0.130604288499025,84,1
224,"(15,5)",,False,59,"[15, 6, 14, 16, 5]",8,0.070438917807338,39,125,9,0.104607673028725,86,1
225,"(15,5)",,False,59,"[15, 6, 14, 16, 5]",8,0.070438917807338,39,125,9,0.104607673028725,86,1
226,"(5,3)",,False,59,"[5, 9, 3, 16, 12]",8,0.064119262803473,37,125,9,0.096707678286625,88,1
227,"(5,3)",,False,59,"[5, 9, 3, 16, 12]",8,0.064119262803473,37,125,9,0.096707678286625,88,1
228,"(1,13)",,False,61,"[0, 1, 13, 11, 19]",8,0.05494333476789601,35,125,10,0.10738968633705401,90,1
229,"(1,13)",,False,61,"[0, 1, 13, 11, 19]",8,0.05494333476789601,35,125,10,0.10738968633705401,90,1
230,"(16,1)",,False,63,"[15, 16, 1, 7, 19]",8,0.05150186071238701,33,125,11,0.13646700927402602,92,1
231,"(16,1)",,False,63,"[15, 16, 1, 7, 19]",8,0.05150186071238701,33,125,11,0.13646700927402602,92,1
232,"(7,11)",,False,65,"[7, 11, 18, 14, 6]",8,0.041960646565909004,31,125,11,0.12975578677333002,94,1
233,"(7,11)",,False,65,"[7, 11, 18, 14, 6]",8,0.041960646565909004,31,125,11,0.12975578677333002,94,1
234,"(14,0)",,False,65,"[14, 7, 4, 0, 19]",7,0.030951431609326,29,125,11,0.12436267436267401,96,1
235,"(14,0)",,False,65,"[14, 7, 4, 0, 19]",7,0.030951431609326,29,125,11,0.12436267436267401,96,1
236,"(18,7)",,False,67,"[12, 18, 7, 5, 19]",8,0.039541614980211005,27,125,11,0.12262685332860701,98,1
237,"(18,7)",,False,67,"[12, 18, 7, 5, 19]",8,0.039541614980211005,27,125,11,0.12262685332860701,98,1
238,"(1,14)",,False,67,"[1, 14, 8, 13, 19]",8,0.039488451769153006,25,125,11,0.11197902162814401,100,1
239,"(1,14)",,False,67,"[1, 14, 8, 13, 19]",8,0.039488451769153006,25,125,11,0.11197902162814401,100,1
240,"(13,5)",,False,69,"[10, 4, 13, 8, 5]",9,0.050407584618110006,23,125,11,0.09662856636540801,102,1
241,"(13,5)",,False,69,"[10, 4, 13, 8, 5]",9,0.050407584618110006,23,125,11,0.09662856636540801,102,1
242,"(7,5)",,False,71,"[14, 7, 5, 15, 9]",10,0.058501050606313006,21,125,11,0.09405268221057601,104,1
243,"(7,5)",,False,71,"[14, 7, 5, 15, 9]",10,0.058501050606313006,21,125,11,0.09405268221057601,104,1
244,"(5,19)",,False,71,"[5, 19, 4, 7, 17]",10,0.06431249062828001,19,125,11,0.09175181543602501,106,1
245,"(5,19)",,False,71,"[5, 19, 4, 7, 17]",10,0.06431249062828001,19,125,11,0.09175181543602501,106,1
246,"(12,0)",,False,71,"[12, 0, 19, 4, 6]",9,0.050097465886939,17,125,11,0.08796992481203,108,1
247,"(12,0)",,False,71,"[12, 0, 19, 4, 6]",9,0.050097465886939,17,125,11,0.08796992481203,108,1
248,"(6,3)",,False,71,"[6, 19, 4, 3, 18]",9,0.047521581732108006,15,125,11,0.089431913116123,110,1
249,"(6,3)",,False,71,"[6, 19, 4, 3, 18]",9,0.047521581732108006,15,125,11,0.089431913116123,110,1
250,"(14,12)",,False,69,"[14, 12, 5, 19, 8]",9,0.054627730943520005,13,125,10,0.068370421001999,112,1
251,"(14,12)",,False,69,"[14, 12, 5, 19, 8]",9,0.054627730943520005,13,125,10,0.068370421001999,112,1
252,"(11,1)",,False,71,"[0, 11, 19, 1, 4]",9,0.046635528214475,11,125,11,0.083964962912331,114,1
253,"(11,1)",,False,71,"[0, 11, 19, 1, 4]",9,0.046635528214475,11,125,11,0.083964962912331,114,1
254,"(6,13)",,False,71,"[6, 19, 9, 3, 13]",9,0.048977241082504,9,125,11,0.08718133718133701,116,1
255,"(6,13)",,False,71,"[6, 19, 9, 3, 13]",9,0.048977241082504,9,125,11,0.08718133718133701,116,1
256,"(8,6)",,False,71,"[2, 15, 8, 6, 19]",10,0.07462005181303401,7,125,11,0.09641739027703901,118,1
257,"(8,6)",,False,71,"[2, 15, 8, 6, 19]",10,0.07462005181303401,7,125,11,0.09641739027703901,118,1
258,"(16,9)",,False,69,"[5, 2, 16, 19, 9]",10,0.07866425322565601,5,125,10,0.092267706302794,120,1
259,"(16,9)",,False,69,"[5, 2, 16, 19, 9]",10,0.07866425322565601,5,125,10,0.092267706302794,120,1
260,"(19,4)",,False,71,"[8, 19, 5, 17, 4]",10,0.065145186197817,3,125,10,0.08278165953604501,122,1
261,"(19,4)",,False,71,"[8, 19, 5, 17, 4]",10,0.065145186197817,3,125,10,0.08278165953604501,122,1
262,"(3,18)",,False,73,"[3, 19, 7, 2, 18]",11,0.083501261571437,5,127,10,0.075351045965081,122,1
263,"(3,18)",,False,73,"[3, 19, 7, 2, 18]",11,0.083501261571437,5,127,10,0.075351045965081,122,1
264,"(12,1)",,False,75,"[15, 12, 1, 3, 6]",11,0.082017543859649,5,128,11,0.08884711779448601,123,1
265,"(12,1)",,False,75,"[15, 12, 1, 3, 6]",11,0.082017543859649,5,128,11,0.08884711779448601,123,1
266,"(5,1)",,True,75,"[3, 5, 1, 0, 7]",11,0.08763432798520501,5,129,12,0.10591114538482901,124,1
267,"(5,1)",,True,75,"[3, 5, 1, 0, 7]",11,0.08763432798520501,5,129,12,0.10591114538482901,124,1
268,"(14,17)",,False,75,"[8, 14, 17, 5, 18]",11,0.087471884840305,3,129,12,0.10652842933544601,126,1
269,"(14,17)",,False,75,"[8, 14, 17, 5, 18]",11,0.087471884840305,3,129,12,0.10652842933544601,126,1
270,"(0,18)",,False,73,"[14, 8, 0, 18, 9]",10,0.079546087440824,1,129,12,0.111032210155017,128,1
271,"(0,18)",,False,73,"[14, 8, 0, 18, 9]",10,0.079546087440824,1,129,12,0.111032210155017,128,1
272,"(9,1)",,False,73,"[9, 12, 17, 0, 1]",10,0.08593748681467901,-1,129,12,0.10606440343282401,130,1
273,"(9,1)",,False,73,"[9, 12, 17, 0, 1]",10,0.08593748681467901,-1,129,12,0.10606440343282401,130,1
274,"(16,3)",,False,73,"[1, 16, 3, 19, 17]",10,0.091548315232525,-3,129,12,0.10121832358674401,132,1
275,"(16,3)",,False,73,"[1, 16, 3, 19, 17]",10,0.091548315232525,-3,129,12,0.10121832358674401,132,1
276,"(2,1)",,False,73,"[6, 2, 4, 1, 12]",10,0.099299173860577,-3,130,12,0.10245057087162301,133,1
277,"(2,1)",,False,73,"[6, 2, 4, 1, 12]",10,0.099299173860577,-3,130,12,0.10245057087162301,133,1
278,"(4,0)",,False,71,"[4, 17, 10, 0, 13]",9,0.077183699990717,-3,131,11,0.081105541631857,134,1
279,"(4,0)",,False,71,"[4, 17, 10, 0, 13]",9,0.077183699990717,-3,131,11,0.081105541631857,134,1
280,13:10,assassinate,True,67,"[19, 18, 8, 13, 4]",8,0.06621182586094801,-3,132,11,0.076510721247563,135,1
281,13:10,assassinate,True,67,"[19, 18, 8, 13, 4]",8,0.06621182586094801,-3,132,11,0.076510721247563,135,1
282,"(16,6)",,False,67,"[15, 16, 4, 6, 3]",8,0.06667848071356801,-5,132,11,0.08057728496324901,137,1
283,"(16,6)",,False,67,"[15, 16, 4, 6, 3]",8,0.06667848071356801,-5,132,11,0.08057728496324901,137,1
284,"(13,1)",,True,67,"[16, 2, 13, 17, 1]",8,0.07314371788056,-5,133,11,0.16391061829658302,138,1
285,"(13,1)",,True,67,"[16, 2, 13, 17, 1]",8,0.07314371788056,-5,133,11,0.16391061829658302,138,1
286,"(14,9)",,False,69,"[14, 15, 9, 6, 16]",8,0.069699923208695,-7,133,11,0.159639840341594,140,1
287,"(14,9)",,False,69,"[14, 15, 9, 6, 16]",8,0.069699923208695,-7,133,11,0.159639840341594,140,1
288,"(17,5)",,False,69,"[17, 9, 19, 3, 5]",8,0.070014812997269,-9,133,11,0.158747652607301,142,1
289,"(17,5)",,False,69,"[17, 9, 19, 3, 5]",8,0.070014812997269,-9,133,11,0.158747652607301,142,1
290,"(1,2)",,False,69,"[1, 3, 2, 13, 19]",8,0.07249605495219501,-11,133,12,0.177833472570314,144,1
291,"(1,2)",,False,69,"[1, 3, 2, 13, 19]",8,0.07249605495219501,-11,133,12,0.177833472570314,144,1
292,"(1,11)",,False,69,"[10, 7, 1, 11, 0]",8,0.05575976979485701,-13,133,13,0.23570036201615102,146,1
293,"(1,11)",,False,69,"[10, 7, 1, 11, 0]",8,0.05575976979485701,-13,133,13,0.23570036201615102,146,1
294,"(1,7)",,False,69,"[4, 5, 1, 7, 17]",8,0.052413083992031005,-15,133,14,0.255071439281965,148,1
295,"(1,7)",,False,69,"[4, 5, 1, 7, 17]",8,0.052413083992031005,-15,133,14,0.255071439281965,148,1
296,"(14,19)",,False,71,"[0, 9, 14, 19, 13]",8,0.042188805346700005,-17,133,14,0.231286549707602,150,1
297,"(14,19)",,False,71,"[0, 9, 14, 19, 13]",8,0.042188805346700005,-17,133,14,0.231286549707602,150,1
298,10:18,assassinate,True,63,"[1, 8, 10, 12, 9]",8,0.043469785575048006,-19,133,14,0.25509227614490704,152,1
299,10:18,assassinate,True,63,"[1, 8, 10, 12, 9]",8,0.043469785575048006,-19,133,14,0.25509227614490704,152,1
300,"(16,5)",,False,65,"[7, 16, 13, 5, 1]",8,0.040756985055230004,-21,133,14,0.21331189927681102,154,1
301,"(16,5)",,False,65,"[7, 16, 13, 5, 1]",8,0.040756985055230004,-21,133,14,0.21331189927681102,154,1
302,"(12,13)",,False,65,"[4, 12, 16, 13, 10]",9,0.07009885825675201,-23,133,14,0.21710842763474303,156,1
303,"(12,13)",,False,65,"[4, 12, 16, 13, 10]",9,0.07009885825675201,-23,133,14,0.21710842763474303,156,1
304,"(13,0)",,False,65,"[6, 13, 11, 0, 18]",8,0.041955583402951004,-25,133,14,0.24529700319173903,158,1
305,"(13,0)",,False,65,"[6, 13, 11, 0, 18]",8,0.041955583402951004,-25,133,14,0.24529700319173903,158,1
306,"(12,8)",,False,65,"[4, 11, 13, 12, 8]",9,0.147243107769423,-27,133,14,0.27629115523852305,160,1
307,"(12,8)",,False,65,"[4, 11, 13, 12, 8]",9,0.147243107769423,-27,133,14,0.27629115523852305,160,1
308,10:2,assassinate,True,63,"[10, 8, 16, 5, 7]",8,0.040079365079365006,-29,133,13,0.15670051196366902,162,1
309,10:2,assassinate,True,63,"[10, 8, 16, 5, 7]",8,0.040079365079365006,-29,133,13,0.15670051196366902,162,1
310,"(5,4)",,False,63,"[5, 8, 4, 16, 15]",9,0.13793511556669402,-31,133,13,0.175644336170651,164,1
311,"(5,4)",,False,63,"[5, 8, 4, 16, 15]",9,0.13793511556669402,-31,133,13,0.175644336170651,164,1
312,"(19,10)",,False,63,"[15, 6, 18, 19, 10]",9,0.151216424900635,-33,133,12,0.179095044007324,166,1
313,"(19,10)",,False,63,"[15, 6, 18, 19, 10]",9,0.151216424900635,-33,133,12,0.179095044007324,166,1
314,7:14,assassinate,True,55,"[8, 11, 6, 7, 4]",8,0.138018657755499,-35,133,11,0.185491506544138,168,1
315,7:14,assassinate,True,55,"[8, 11, 6, 7, 4]",8,0.138018657755499,-35,133,11,0.185491506544138,168,1
316,"(9,6)",,False,53,"[9, 2, 6, 15, 8]",8,0.147749002134967,-33,135,10,0.147053661088748,168,1
317,"(9,6)",,False,53,"[9, 2, 6, 15, 8]",8,0.147749002134967,-33,135,10,0.147053661088748,168,1
318,"(13,3)",,False,55,"[13, 14, 3, 2, 19]",8,0.080441845354126,-33,136,10,0.13111482409728,169,1
319,"(13,3)",,False,55,"[13, 14, 3, 2, 19]",8,0.080441845354126,-33,136,10,0.13111482409728,169,1
320,"(13,15)",,False,57,"[13, 16, 18, 12, 15]",8,0.059869581360809006,-35,136,10,0.10726352919335301,171,1
321,"(13,15)",,False,57,"[13, 16, 18, 12, 15]",8,0.059869581360809006,-35,136,10,0.10726352919335301,171,1
322,"(12,3)",,False,57,"[15, 10, 12, 3, 7]",8,0.05917571707045301,-37,136,10,0.10720361509835101,173,1
323,"(12,3)",,False,57,"[15, 10, 12, 3, 7]",8,0.05917571707045301,-37,136,10,0.10720361509835101,173,1
324,"(7,1)",,False,59,"[15, 10, 11, 7, 1]",8,0.065998329156223,-39,136,11,0.20164805954279602,175,1
325,"(7,1)",,False,59,"[15, 10, 11, 7, 1]",8,0.065998329156223,-39,136,11,0.20164805954279602,175,1
326,"(14,0)",,False,57,"[14, 12, 0, 13, 9]",7,0.067761997586558,-41,136,10,0.18406200686902402,177,1
327,"(14,0)",,False,57,"[14, 12, 0, 13, 9]",7,0.067761997586558,-41,136,10,0.18406200686902402,177,1
328,"(5,7)",,False,59,"[5, 4, 14, 6, 7]",8,0.073155109997215,-43,136,10,0.12109904390606101,179,1
329,"(5,7)",,False,59,"[5, 4, 14, 6, 7]",8,0.073155109997215,-43,136,10,0.12109904390606101,179,1
330,"(9,15)",,False,61,"[9, 12, 15, 8, 16]",9,0.08171818434976301,-45,136,10,0.10252018936229401,181,1
331,"(9,15)",,False,61,"[9, 12, 15, 8, 16]",9,0.08171818434976301,-45,136,10,0.10252018936229401,181,1
332,"(10,2)",,False,61,"[3, 4, 10, 2, 15]",9,0.093859649122807,-47,136,10,0.11237816764132501,183,1
333,"(10,2)",,False,61,"[3, 4, 10, 2, 15]",9,0.093859649122807,-47,136,10,0.11237816764132501,183,1
334,"(11,1)",,False,61,"[19, 9, 11, 1, 5]",9,0.093859649122807,-47,137,10,0.11237816764132501,184,1
335,"(11,1)",,False,61,"[19, 9, 11, 1, 5]",9,0.093859649122807,-47,137,10,0.11237816764132501,184,1
336,"(18,1)",,False,61,"[6, 18, 1, 17, 11]",9,0.08383458646616501,-47,138,10,0.12313654506636901,185,1
337,"(18,1)",,False,61,"[6, 18, 1, 17, 11]",9,0.08383458646616501,-47,138,10,0.12313654506636901,185,1
338,"(1,13)",,True,63,"[1, 19, 16, 13, 8]",9,0.05932423651721801,-49,138,11,0.132869631992439,187,1
339,"(1,13)",,True,63,"[1, 19, 16, 13, 8]",9,0.05932423651721801,-49,138,11,0.132869631992439,187,1
340,"(11,3)",,False,65,"[11, 18, 3, 2, 12]",9,0.047837185556483,-51,138,11,0.121011282414791,189,1
341,"(11,3)",,False,65,"[11, 18, 3, 2, 12]",9,0.047837185556483,-51,138,11,0.121011282414791,189,1
342,"(7,3)",,False,65,"[7, 3, 13, 16, 19]",9,0.056483802097837,-53,138,10,0.078961714049433,191,1
343,"(7,3)",,False,65,"[7, 3, 13, 16, 19]",9,0.056483802097837,-53,138,10,0.078961714049433,191,1
344,"(16,6)",,False,63,"[16, 6, 15, 3, 19]",9,0.07231504687645,-55,138,10,0.093882855286364,193,1
345,"(16,6)",,False,63,"[16, 6, 15, 3, 19]",9,0.07231504687645,-55,138,10,0.093882855286364,193,1
346,"(2,1)",,True,65,"[2, 11, 8, 1, 6]",9,0.07449178501810001,-57,138,11,0.114633806739069,195,1
347,"(2,1)",,True,65,"[2, 11, 8, 1, 6]",9,0.07449178501810001,-57,138,11,0.114633806739069,195,1
348,3:18,assassinate,True,57,"[2, 18, 3, 17, 13]",8,0.08440081685695701,-59,138,11,0.130966304650515,197,1
349,3:18,assassinate,True,57,"[2, 18, 3, 17, 13]",8,0.08440081685695701,-59,138,11,0.130966304650515,197,1
350,"(0,11)",,False,57,"[0, 7, 10, 11, 2]",8,0.08604845446950701,-61,138,11,0.123159751229926,199,1
351,"(0,11)",,False,57,"[0, 7, 10, 11, 2]",8,0.08604845446950701,-61,138,11,0.123159751229926,199,1
352,"(5,10)",,False,59,"[5, 10, 9, 19, 12]",9,0.10403787245892501,-63,138,11,0.120941241993873,201,1
353,"(5,10)",,False,59,"[5, 10, 9, 19, 12]",9,0.10403787245892501,-63,138,11,0.120941241993873,201,1
354,"(5,0)",,False,59,"[5, 11, 19, 12, 0]",8,0.09136730715678,-65,138,11,0.11417432470064001,203,1
355,"(5,0)",,False,59,"[5, 11, 19, 12, 0]",8,0.09136730715678,-65,138,11,0.11417432470064001,203,1
356,"(3,13)",,False,61,"[6, 14, 3, 13, 18]",8,0.104817599554441,-67,138,11,0.13657755499860702,205,1
357,"(3,13)",,False,61,"[6, 14, 3, 13, 18]",8,0.104817599554441,-67,138,11,0.13657755499860702,205,1
358,"(6,7)",,False,63,"[14, 6, 16, 8, 7]",8,0.07670886618255,-69,138,11,0.11170411784446801,207,1
359,"(6,7)",,False,63,"[14, 6, 16, 8, 7]",8,0.07670886618255,-69,138,11,0.11170411784446801,207,1
360,"(16,9)",,False,63,"[16, 3, 9, 12, 2]",8,0.077878456825825,-71,138,11,0.11245028525730201,209,1
361,"(16,9)",,False,63,"[16, 3, 9, 12, 2]",8,0.077878456825825,-71,138,11,0.11245028525730201,209,1
362,"(11,13)",,False,63,"[18, 17, 11, 15, 13]",9,0.090549022127969,-73,138,11,0.13046398046398,211,1
363,"(11,13)",,False,63,"[18, 17, 11, 15, 13]",9,0.090549022127969,-73,138,11,0.13046398046398,211,1
364,"(7,18)",,False,65,"[7, 14, 18, 19, 5]",9,0.084213739476897,-75,138,11,0.10666730929888801,213,1
365,"(7,18)",,False,65,"[7, 14, 18, 19, 5]",9,0.084213739476897,-75,138,11,0.10666730929888801,213,1
366,"(0,13)",,False,65,"[4, 0, 10, 13, 1]",9,0.060529528950581,-77,138,11,0.12284664653085701,215,1
367,"(0,13)",,False,65,"[4, 0, 10, 13, 1]",9,0.060529528950581,-77,138,11,0.12284664653085701,215,1
368,"(15,1)",,False,67,"[9, 16, 2, 15, 1]",9,0.058298524087997,-79,138,12,0.12681704260651602,217,1
369,"(15,1)",,False,67,"[9, 16, 2, 15, 1]",9,0.058298524087997,-79,138,12,0.12681704260651602,217,1
370,"(0,16)",,False,65,"[19, 4, 0, 16, 6]",8,0.051587301587301,-81,138,11,0.11469414276431801,219,1
371,"(0,16)",,False,65,"[19, 4, 0, 16, 6]",8,0.051587301587301,-81,138,11,0.11469414276431801,219,1
372,"(11,6)",,False,65,"[11, 6, 4, 12, 16]",8,0.059927596769702,-83,138,11,0.109868104604946,221,1
373,"(11,6)",,False,65,"[11, 6, 4, 12, 16]",8,0.059927596769702,-83,138,11,0.109868104604946,221,1
374,"(1,3)",,True,65,"[18, 9, 6, 1, 3]",8,0.070175438596491,-85,138,12,0.17095980692471902,223,1
375,"(1,3)",,True,65,"[18, 9, 6, 1, 3]",8,0.070175438596491,-85,138,12,0.17095980692471902,223,1
376,"(11,2)",,False,65,"[11, 17, 2, 18, 7]",8,0.06553884711779401,-87,138,12,0.15418871252204502,225,1
377,"(11,2)",,False,65,"[11, 17, 2, 18, 7]",8,0.06553884711779401,-87,138,12,0.15418871252204502,225,1
378,"(2,1)",,False,65,"[13, 2, 1, 12, 0]",8,0.06553884711779401,-89,138,12,0.15418871252204502,227,1
379,"(2,1)",,False,65,"[13, 2, 1, 12, 0]",8,0.06553884711779401,-89,138,12,0.15418871252204502,227,1
380,"(11,13)",,True,65,"[6, 18, 4, 11, 13]",8,0.062364243943191004,-91,138,12,0.13643135616819801,229,1
381,"(11,13)",,True,65,"[6, 18, 4, 11, 13]",8,0.062364243943191004,-91,138,12,0.13643135616819801,229,1
382,"(10,8)",,False,67,"[12, 10, 4, 16, 8]",8,0.04749500012657901,-93,138,12,0.12566622785921,231,1
383,"(10,8)",,False,67,"[12, 10, 4, 16, 8]",8,0.04749500012657901,-93,138,12,0.12566622785921,231,1
384,"(7,11)",,False,67,"[7, 6, 11, 5, 4]",8,0.043718513455355004,-95,138,11,0.09075424250862801,233,1
385,"(7,11)",,False,67,"[7, 6, 11, 5, 4]",8,0.043718513455355004,-95,138,11,0.09075424250862801,233,1
386,"(6,3)",,False,67,"[6, 3, 5, 17, 4]",9,0.07070496105583801,-97,138,11,0.10143287511708501,235,1
387,"(6,3)",,False,67,"[6, 3, 5, 17, 4]",9,0.07070496105583801,-97,138,11,0.10143287511708501,235,1
388,"(3,0)",,False,65,"[7, 8, 3, 10, 0]",8,0.049728487886382004,-99,138,11,0.120774157616262,237,1
389,"(3,0)",,False,65,"[7, 8, 3, 10, 0]",8,0.049728487886382004,-99,138,11,0.120774157616262,237,1
390,"(2,16)",,True,65,"[6, 14, 2, 18, 16]",8,0.049728487886382004,-101,138,11,0.120774157616262,239,1
391,"(2,16)",,True,65,"[6, 14, 2, 18, 16]",8,0.049728487886382004,-101,138,11,0.120774157616262,239,1
392,"(0,9)",,True,63,"[13, 0, 9, 11, 4]",7,0.043599740090968,-103,138,10,0.061663417803768,241,1
393,"(0,9)",,True,63,"[13, 0, 9, 11, 4]",7,0.043599740090968,-103,138,10,0.061663417803768,241,1
394,10:10,assassinate,True,57,"[10, 16, 18, 14, 9]",6,0.027986633249791,-105,138,9,0.047354497354497004,243,1
395,10:10,assassinate,True,57,"[10, 16, 18, 14, 9]",6,0.027986633249791,-105,138,9,0.047354497354497004,243,1
396,"(7,0)",,False,57,"[7, 10, 0, 18, 11]",6,0.019799498746867,-107,138,9,0.045502645502645,245,1
397,"(7,0)",,False,57,"[7, 10, 0, 18, 11]",6,0.019799498746867,-107,138,9,0.045502645502645,245,1
398,"(1,5)",,False,59,"[19, 1, 6, 5, 17]",7,0.125242593663646,-105,140,10,0.069531735321209,245,1
399,"(1,5)",,False,59,"[19, 1, 6, 5, 17]",7,0.125242593663646,-105,140,10,0.069531735321209,245,1
400,"(5,2)",,False,59,"[3, 5, 6, 2, 7]",7,0.125242593663646,-103,142,10,0.069531735321209,245,1
401,"(5,2)",,False,59,"[3, 5, 6, 2, 7]",7,0.125242593663646,-103,142,10,0.069531735321209,245,1
402,"(17,3)",,False,59,"[17, 0, 18, 3, 19]",7,0.12458925090504001,-101,144,10,0.077582846003898,245,1
403,"(17,3)",,False,59,"[17, 0, 18, 3, 19]",7,0.12458925090504001,-101,144,10,0.077582846003898,245,1
404,"(18,15)",,False,57,"[17, 18, 15, 2, 12]",7,0.129448621553884,-99,146,10,0.083390293916609,245,1
405,"(18,15)",,False,57,"[17, 18, 15, 2, 12]",7,0.129448621553884,-99,146,10,0.083390293916609,245,1
406,"(18,5)",,False,57,"[13, 18, 5, 15, 14]",8,0.14117933723196802,-97,148,10,0.07823029796714001,245,1
407,"(18,5)",,False,57,"[13, 18, 5, 15, 14]",8,0.14117933723196802,-97,148,10,0.07823029796714001,245,1
408,"(17,9)",,False,57,"[17, 9, 2, 19, 7]",8,0.141471734892787,-95,150,10,0.06906850459482,245,1
409,"(17,9)",,False,57,"[17, 9, 2, 19, 7]",8,0.141471734892787,-95,150,10,0.06906850459482,245,1
410,"(7,1)",,False,59,"[6, 16, 7, 1, 17]",9,0.153167641325536,-93,152,11,0.07939988861041401,245,1
411,"(7,1)",,False,59,"[6, 16, 7, 1, 17]",9,0.153167641325536,-93,152,11,0.07939988861041401,245,1
412,"(3,12)",,False,61,"[11, 7, 3, 13, 12]",9,0.140406571985519,-91,154,11,0.081063770537454,245,1
413,"(3,12)",,False,61,"[11, 7, 3, 13, 12]",9,0.140406571985519,-91,154,11,0.081063770537454,245,1
414,"(16,15)",,False,59,"[19, 16, 9, 5, 15]",9,0.153292954608744,-89,156,11,0.11285621461060001,245,1
415,"(16,15)",,False,59,"[19, 16, 9, 5, 15]",9,0.153292954608744,-89,156,11,0.11285621461060001,245,1
416,"(7,15)",,False,61,"[16, 2, 4, 7, 15]",9,0.15053606237816702,-87,158,11,0.10398681889909901,245,1
417,"(7,15)",,False,61,"[16, 2, 4, 7, 15]",9,0.15053606237816702,-87,158,11,0.10398681889909901,245,1
418,"(0,8)",,False,61,"[0, 14, 9, 8, 15]",9,0.14649640482973803,-85,160,11,0.10599111739462601,245,1
419,"(0,8)",,False,61,"[0, 14, 9, 8, 15]",9,0.14649640482973803,-85,160,11,0.10599111739462601,245,1
420,"(9,2)",,False,59,"[11, 9, 2, 14, 7]",9,0.150947346999978,-83,162,10,0.106169804854015,245,1
421,"(9,2)",,False,59,"[11, 9, 2, 14, 7]",9,0.150947346999978,-83,162,10,0.106169804854015,245,1
422,"(5,16)",,False,57,"[5, 3, 16, 11, 0]",9,0.163921377517868,-81,164,10,0.152322936972059,245,1
423,"(5,16)",,False,57,"[5, 3, 16, 11, 0]",9,0.163921377517868,-81,164,10,0.152322936972059,245,1
424,"(17,0)",,False,57,"[17, 5, 13, 14, 0]",9,0.16210517877184502,-79,166,10,0.15125587537868201,245,1
425,"(17,0)",,False,57,"[17, 5, 13, 14, 0]",9,0.16210517877184502,-79,166,10,0.15125587537868201,245,1
426,"(7,3)",,False,59,"[7, 3, 19, 12, 18]",9,0.14678362573099402,-77,168,10,0.140204678362573,245,1
427,"(7,3)",,False,59,"[7, 3, 19, 12, 18]",9,0.14678362573099402,-77,168,10,0.140204678362573,245,1
428,"(10,1)",,False,61,"[10, 1, 9, 11, 5]",9,0.08744778613199601,-77,169,11,0.180632135895293,246,1
429,"(10,1)",,False,61,"[10, 1, 9, 11, 5]",9,0.08744778613199601,-77,169,11,0.180632135895293,246,1
430,"(2,0)",,False,59,"[13, 17, 5, 2, 0]",8,0.07459621275410701,-79,169,11,0.19058061821219702,248,1
431,"(2,0)",,False,59,"[13, 17, 5, 2, 0]",8,0.07459621275410701,-79,169,11,0.19058061821219702,248,1
432,12:22,assassinate,True,49,"[12, 17, 6, 9, 3]",7,0.09197994987468601,-81,169,10,0.20587580061264202,250,1
433,12:22,assassinate,True,49,"[12, 17, 6, 9, 3]",7,0.09197994987468601,-81,169,10,0.20587580061264202,250,1
434,"(1,3)",,False,49,"[10, 5, 1, 3, 9]",7,0.059683932052353006,-83,169,11,0.25646059593428,252,1
435,"(1,3)",,False,49,"[10, 5, 1, 3, 9]",7,0.059683932052353006,-83,169,11,0.25646059593428,252,1
436,"(11,18)",,False,51,"[14, 11, 13, 18, 5]",8,0.091352312404943,-85,169,11,0.24288820341451903,254,1
437,"(11,18)",,False,51,"[14, 11, 13, 18, 5]",8,0.091352312404943,-85,169,11,0.24288820341451903,254,1
438,"(3,10)",,False,51,"[1, 9, 3, 10, 6]",8,0.07398249898249801,-87,169,10,0.13282136966347402,256,1
439,"(3,10)",,False,51,"[1, 9, 3, 10, 6]",8,0.07398249898249801,-87,169,10,0.13282136966347402,256,1
440,"(4,1)",,False,53,"[4, 9, 1, 11, 18]",9,0.156126427179058,-87,170,11,0.17036340852130302,257,1
441,"(4,1)",,False,53,"[4, 9, 1, 11, 18]",9,0.156126427179058,-87,170,11,0.17036340852130302,257,1
442,"(2,12)",,False,55,"[11, 15, 2, 5, 12]",10,0.19429887850940403,-87,171,11,0.22101782233361103,258,1
443,"(2,12)",,False,55,"[11, 15, 2, 5, 12]",10,0.19429887850940403,-87,171,11,0.22101782233361103,258,1
444,"(3,11)",,False,57,"[3, 7, 11, 2, 12]",10,0.17933723196881002,-89,171,11,0.19722222222222202,260,1
445,"(3,11)",,False,57,"[3, 7, 11, 2, 12]",10,0.17933723196881002,-89,171,11,0.19722222222222202,260,1
446,"(12,1)",,False,59,"[12, 1, 18, 7, 11]",10,0.17851573377889102,-91,171,12,0.22338485101643,262,1
447,"(12,1)",,False,59,"[12, 1, 18, 7, 11]",10,0.17851573377889102,-91,171,12,0.22338485101643,262,1
448,"(10,0)",,False,59,"[5, 10, 0, 18, 3]",9,0.155896003625621,-93,171,12,0.24170939330898003,264,1
449,"(10,0)",,False,59,"[5, 10, 0, 18, 3]",9,0.155896003625621,-93,171,12,0.24170939330898003,264,1
450,"(17,9)",,False,59,"[13, 17, 9, 3, 11]",9,0.158748041126782,-95,171,12,0.23406528303329102,266,1
451,"(17,9)",,False,59,"[13, 17, 9, 3, 11]",9,0.158748041126782,-95,171,12,0.23406528303329102,266,1
452,"(3,10)",,False,59,"[15, 4, 3, 10, 6]",10,0.18150257703921202,-97,171,12,0.269347934105416,268,1
453,"(3,10)",,False,59,"[15, 4, 3, 10, 6]",10,0.18150257703921202,-97,171,12,0.269347934105416,268,1
454,"(1,11)",,False,61,"[4, 15, 1, 9, 11]",11,0.186841286222091,-99,171,13,0.26325617966484804,270,1
455,"(1,11)",,False,61,"[4, 15, 1, 9, 11]",11,0.186841286222091,-99,171,13,0.26325617966484804,270,1
456,"(9,0)",,False,61,"[7, 14, 9, 11, 0]",10,0.161182367683915,-101,171,13,0.279738562091503,272,1
457,"(9,0)",,False,61,"[7, 14, 9, 11, 0]",10,0.161182367683915,-101,171,13,0.279738562091503,272,1
458,"(6,10)",,False,61,"[6, 13, 10, 1, 5]",10,0.161182367683915,-103,171,13,0.279738562091503,274,1
459,"(6,10)",,False,61,"[6, 13, 10, 1, 5]",10,0.161182367683915,-103,171,13,0.279738562091503,274,1
460,"(18,9)",,False,61,"[6, 2, 18, 9, 5]",10,0.160216513505987,-105,171,13,0.25438596491228,276,1
461,"(18,9)",,False,61,"[6, 2, 18, 9, 5]",10,0.160216513505987,-105,171,13,0.25438596491228,276,1
462,"(14,1)",,False,63,"[14, 12, 5, 10, 1]",10,0.157463102199944,-107,171,14,0.24805068226120802,278,1
463,"(14,1)",,False,63,"[14, 12, 5, 10, 1]",10,0.157463102199944,-107,171,14,0.24805068226120802,278,1
464,"(16,1)",,True,65,"[14, 16, 0, 1, 7]",10,0.084558618769145,-109,171,15,0.280604288499025,280,1
465,"(16,1)",,True,65,"[14, 16, 0, 1, 7]",10,0.084558618769145,-109,171,15,0.280604288499025,280,1
466,"(2,17)",,False,65,"[4, 2, 17, 15, 1]",10,0.08386749702539101,-111,171,15,0.28206923031484404,282,1
467,"(2,17)",,False,65,"[4, 2, 17, 15, 1]",10,0.08386749702539101,-111,171,15,0.28206923031484404,282,1
468,"(9,2)",,False,65,"[3, 6, 9, 18, 2]",10,0.08294157109946501,-113,171,15,0.265142654616338,284,1
469,"(9,2)",,False,65,"[3, 6, 9, 18, 2]",10,0.08294157109946501,-113,171,15,0.265142654616338,284,1
470,"(1,13)",,False,67,"[1, 14, 15, 13, 12]",10,0.07002734107997201,-115,171,16,0.27969291916660305,286,1
471,"(1,13)",,False,67,"[1, 14, 15, 13, 12]",10,0.07002734107997201,-115,171,16,0.27969291916660305,286,1
472,"(0,11)",,False,67,"[0, 10, 15, 6, 11]",10,0.083208863910618,-117,171,16,0.285323578306034,288,1
473,"(0,11)",,False,67,"[0, 10, 15, 6, 11]",10,0.083208863910618,-117,171,16,0.285323578306034,288,1
474,"(10,6)",,False,67,"[2, 10, 6, 8, 12]",10,0.07490949596212701,-119,171,16,0.29083820662768,290,1
475,"(10,6)",,False,67,"[2, 10, 6, 8, 12]",10,0.07490949596212701,-119,171,16,0.29083820662768,290,1
476,"(16,5)",,False,65,"[3, 4, 16, 12, 5]",10,0.09506721348826601,-121,171,15,0.257035264930001,292,1
477,"(16,5)",,False,65,"[3, 4, 16, 12, 5]",10,0.09506721348826601,-121,171,15,0.257035264930001,292,1
478,"(12,2)",,True,65,"[4, 17, 1, 12, 2]",10,0.09506721348826601,-123,171,15,0.25966684387737005,294,1
479,"(12,2)",,True,65,"[4, 17, 1, 12, 2]",10,0.09506721348826601,-123,171,15,0.25966684387737005,294,1
480,"(7,10)",,False,65,"[7, 11, 10, 8, 4]",10,0.09506721348826601,-125,171,15,0.25966684387737005,296,1
481,"(7,10)",,False,65,"[7, 11, 10, 8, 4]",10,0.09506721348826601,-125,171,15,0.25966684387737005,296,1
482,"(1,8)",,False,67,"[3, 1, 8, 16, 18]",10,0.07734614313561601,-127,171,16,0.26750841750841703,298,1
483,"(1,8)",,False,67,"[3, 1, 8, 16, 18]",10,0.07734614313561601,-127,171,16,0.26750841750841703,298,1
484,"(5,18)",,False,67,"[5, 2, 17, 18, 13]",10,0.07003620161514801,-129,171,16,0.26234272550062004,300,1
485,"(5,18)",,False,67,"[5, 2, 17, 18, 13]",10,0.07003620161514801,-129,171,16,0.26234272550062004,300,1
486,"(11,12)",,False,67,"[2, 9, 11, 13, 12]",10,0.067571707045391,-131,171,16,0.282419010489185,302,1
487,"(11,12)",,False,67,"[2, 9, 11, 13, 12]",10,0.067571707045391,-131,171,16,0.282419010489185,302,1
488,"(0,7)",,False,67,"[17, 0, 7, 10, 18]",9,0.054204956836535007,-133,171,16,0.25688294811101803,304,1
489,"(0,7)",,False,67,"[17, 0, 7, 10, 18]",9,0.054204956836535007,-133,171,16,0.25688294811101803,304,1
490,"(10,1)",,False,69,"[17, 10, 18, 2, 1]",9,0.042105263157894,-135,171,17,0.290545808966861,306,1
491,"(10,1)",,False,69,"[17, 10, 18, 2, 1]",9,0.042105263157894,-135,171,17,0.290545808966861,306,1
492,"(6,4)",,False,69,"[15, 6, 5, 4, 13]",10,0.05653021442495101,-137,171,17,0.29541910331384,308,1
493,"(6,4)",,False,69,"[15, 6, 5, 4, 13]",10,0.05653021442495101,-137,171,17,0.29541910331384,308,1
494,"(17,8)",,False,69,"[17, 8, 12, 13, 6]",11,0.07436647173489201,-139,171,17,0.29132553606237804,310,1
495,"(17,8)",,False,69,"[17, 8, 12, 13, 6]",11,0.07436647173489201,-139,171,17,0.29132553606237804,310,1
496,"(4,0)",,False,69,"[4, 15, 13, 7, 0]",10,0.050389863547758006,-141,171,17,0.301267056530214,312,1
497,"(4,0)",,False,69,"[4, 15, 13, 7, 0]",10,0.050389863547758006,-141,171,17,0.301267056530214,312,1
498,"(14,16)",,False,69,"[14, 17, 3, 16, 18]",10,0.05029239766081801,-143,171,17,0.303118908382066,314,1
499,"(14,16)",,False,69,"[14, 17, 3, 16, 18]",10,0.05029239766081801,-143,171,17,0.303118908382066,314,1
500,"(18,0)",,False,70,"[11, 5, 18, 19, 0]",9,0.036939571150097,-145,171,17,0.276608187134502,316,1
501,"(18,0)",,False,70,"[11, 5, 18, 19, 0]",9,0.036939571150097,-145,171,17,0.276608187134502,316,1
502,"(16,5)",,False,70,"[18, 16, 5, 9, 4]",9,0.036452241715399,-147,171,16,0.22521367521367502,318,1
503,"(16,5)",,False,70,"[18, 16, 5, 9, 4]",9,0.036452241715399,-147,171,16,0.22521367521367502,318,1
504,"(15,18)",,False,68,"[15, 19, 14, 16, 18]",9,0.036452241715399,-149,171,15,0.185150375939849,320,1
505,"(15,18)",,False,68,"[15, 19, 14, 16, 18]",9,0.036452241715399,-149,171,15,0.185150375939849,320,1
506,"(8,9)",,False,67,"[2, 15, 11, 8, 9]",9,0.038499025341130005,-151,171,14,0.17813072242896802,322,1
507,"(8,9)",,False,67,"[2, 15, 11, 8, 9]",9,0.038499025341130005,-151,171,14,0.17813072242896802,322,1
508,"(13,10)",,False,66,"[13, 9, 10, 6, 5]",9,0.05454650937107,-153,171,12,0.126415786942102,324,1
509,"(13,10)",,False,66,"[13, 9, 10, 6, 5]",9,0.05454650937107,-153,171,12,0.126415786942102,324,1
510,"(15,17)",,False,66,"[6, 11, 15, 17, 12]",10,0.07163552821447501,-155,171,12,0.127021256845818,326,1
511,"(15,17)",,False,66,"[6, 11, 15, 17, 12]",10,0.07163552821447501,-155,171,12,0.127021256845818,326,1
512,"(14,9)",,True,66,"[16, 7, 14, 5, 9]",11,0.098203842940685,-157,171,12,0.12435219101885701,328,1
513,"(14,9)",,True,66,"[16, 7, 14, 5, 9]",11,0.098203842940685,-157,171,12,0.12435219101885701,328,1
514,"(7,11)",,False,66,"[14, 15, 7, 11, 17]",11,0.099403423087633,-159,171,12,0.11754207455961801,330,1
515,"(7,11)",,False,66,"[14, 15, 7, 11, 17]",11,0.099403423087633,-159,171,12,0.11754207455961801,330,1
516,"(1,4)",,False,66,"[1, 4, 19, 15, 7]",11,0.12828956293868501,-157,173,12,0.121888053467,330,1
517,"(1,4)",,False,66,"[1, 4, 19, 15, 7]",11,0.12828956293868501,-157,173,12,0.121888053467,330,1
518,"(9,3)",,False,68,"[9, 4, 2, 14, 3]",11,0.108558741453478,-157,174,12,0.111639140586509,331,1
519,"(9,3)",,False,68,"[9, 4, 2, 14, 3]",11,0.108558741453478,-157,174,12,0.111639140586509,331,1
520,"(9,0)",,False,68,"[9, 13, 11, 15, 0]",10,0.07594574041942401,-157,175,12,0.10778334725703101,332,1
521,"(9,0)",,False,68,"[9, 13, 11, 15, 0]",10,0.07594574041942401,-157,175,12,0.10778334725703101,332,1
522,"(6,1)",,False,70,"[16, 6, 1, 19, 5]",10,0.07564470273448601,-159,175,13,0.109727092080033,334,1
523,"(6,1)",,False,70,"[16, 6, 1, 19, 5]",10,0.07564470273448601,-159,175,13,0.109727092080033,334,1
524,"(1,7)",,False,72,"[1, 15, 13, 19, 7]",11,0.10736288708424901,-161,175,14,0.12039264485084901,336,1
525,"(1,7)",,False,72,"[1, 15, 13, 19, 7]",11,0.10736288708424901,-161,175,14,0.12039264485084901,336,1
526,19:16,assassinate,True,63,"[16, 1, 15, 19, 4]",11,0.11569475034387301,-163,175,14,0.138460418723576,338,1
527,19:16,assassinate,True,63,"[16, 1, 15, 19, 4]",11,0.11569475034387301,-163,175,14,0.138460418723576,338,1
528,"(14,6)",,False,63,"[18, 14, 9, 11, 6]",11,0.144746335535809,-163,176,14,0.154134072555125,339,1
529,"(14,6)",,False,63,"[18, 14, 9, 11, 6]",11,0.144746335535809,-163,176,14,0.154134072555125,339,1
530,"(19,11)",,False,63,"[19, 14, 11, 10, 2]",11,0.13470291891344502,-163,177,13,0.13888509151667,340,1
531,"(19,11)",,False,63,"[19, 14, 11, 10, 2]",11,0.13470291891344502,-163,177,13,0.13888509151667,340,1
532,"(0,13)",,False,61,"[15, 0, 6, 13, 9]",10,0.13355611250348,-163,178,13,0.148524087997772,341,1
533,"(0,13)",,False,61,"[15, 0, 6, 13, 9]",10,0.13355611250348,-163,178,13,0.148524087997772,341,1
534,"(2,10)",,False,61,"[2, 11, 10, 9, 15]",10,0.11730251554812901,-163,179,12,0.11800334168755201,342,1
535,"(2,10)",,False,61,"[2, 11, 10, 9, 15]",10,0.11730251554812901,-163,179,12,0.11800334168755201,342,1
536,"(10,1)",,False,63,"[8, 2, 16, 10, 1]",11,0.130850273832729,-161,181,13,0.130611250348092,342,1
537,"(10,1)",,False,63,"[8, 2, 16, 10, 1]",11,0.130850273832729,-161,181,13,0.130611250348092,342,1
538,"(8,2)",,False,65,"[8, 16, 3, 5, 2]",12,0.158449185642168,-159,183,13,0.11859402780455401,342,1
539,"(8,2)",,False,65,"[8, 16, 3, 5, 2]",12,0.158449185642168,-159,183,13,0.11859402780455401,342,1
540,"(4,9)",,False,65,"[4, 6, 16, 9, 7]",12,0.157983374650041,-157,185,12,0.09249911881490801,342,1
541,"(4,9)",,False,65,"[4, 6, 16, 9, 7]",12,0.157983374650041,-157,185,12,0.09249911881490801,342,1
542,"(5,0)",,False,64,"[7, 5, 11, 0, 14]",11,0.16228391491549302,-155,187,12,0.094737734650015,342,1
543,"(5,0)",,False,64,"[7, 5, 11, 0, 14]",11,0.16228391491549302,-155,187,12,0.094737734650015,342,1
544,"(18,0)",,False,62,"[15, 18, 7, 9, 0]",10,0.13750348092453302,-153,189,12,0.11207880813143901,342,1
545,"(18,0)",,False,62,"[15, 18, 7, 9, 0]",10,0.13750348092453302,-153,189,12,0.11207880813143901,342,1
546,"(6,15)",,False,60,"[6, 1, 15, 3, 8]",10,0.14632477658793402,-151,191,12,0.12644616591985,342,1
547,"(6,15)",,False,60,"[6, 1, 15, 3, 8]",10,0.14632477658793402,-151,191,12,0.12644616591985,342,1
548,"(1,19)",,False,60,"[13, 7, 1, 12, 19]",10,0.117175514543935,-151,192,12,0.143920407078301,343,1
549,"(1,19)",,False,60,"[13, 7, 1, 12, 19]",10,0.117175514543935,-151,192,12,0.143920407078301,343,1
550,12:6,assassinate,True,56,"[14, 5, 12, 11, 3]",9,0.089346683206332,-151,193,11,0.12008535648886501,344,1
551,12:6,assassinate,True,56,"[14, 5, 12, 11, 3]",9,0.089346683206332,-151,193,11,0.12008535648886501,344,1
552,"(0,4)",,False,54,"[2, 0, 14, 4, 6]",8,0.062248213125406,-153,193,11,0.12754803675856302,346,1
553,"(0,4)",,False,54,"[2, 0, 14, 4, 6]",8,0.062248213125406,-153,193,11,0.12754803675856302,346,1
554,"(19,16)",,False,56,"[4, 13, 19, 7, 16]",8,0.06864847303443701,-155,193,11,0.12494894644017401,348,1
555,"(19,16)",,False,56,"[4, 13, 19, 7, 16]",8,0.06864847303443701,-155,193,11,0.12494894644017401,348,1
556,"(0,15)",,True,56,"[0, 1, 15, 18, 19]",7,0.053866146848602005,-157,193,11,0.129629629629629,350,1
557,"(0,15)",,True,56,"[0, 1, 15, 18, 19]",7,0.053866146848602005,-157,193,11,0.129629629629629,350,1
558,"(2,6)",,False,56,"[2, 17, 6, 8, 9]",7,0.068959435626102,-159,193,11,0.13057412048640102,352,1
559,"(2,6)",,False,56,"[2, 17, 6, 8, 9]",7,0.068959435626102,-159,193,11,0.13057412048640102,352,1
560,"(3,7)",,False,56,"[3, 5, 7, 17, 8]",7,0.06847210619140401,-161,193,11,0.148078529657476,354,1
561,"(3,7)",,False,56,"[3, 5, 7, 17, 8]",7,0.06847210619140401,-161,193,11,0.148078529657476,354,1
562,"(2,16)",,False,58,"[8, 3, 4, 2, 16]",8,0.08003341687552201,-163,193,11,0.11606330641418301,356,1
563,"(2,16)",,False,58,"[8, 3, 4, 2, 16]",8,0.08003341687552201,-163,193,11,0.11606330641418301,356,1
564,"(8,12)",,False,60,"[8, 9, 12, 0, 18]",9,0.083264347738031,-165,193,11,0.11537513818215502,358,1
565,"(8,12)",,False,60,"[8, 9, 12, 0, 18]",9,0.083264347738031,-165,193,11,0.11537513818215502,358,1
566,"(12,18)",,False,62,"[12, 5, 18, 0, 15]",9,0.07541602322304,-167,193,11,0.10764284448494901,360,1
567,"(12,18)",,False,62,"[12, 5, 18, 0, 15]",9,0.07541602322304,-167,193,11,0.10764284448494901,360,1
568,"(1,12)",,False,64,"[1, 7, 14, 12, 3]",9,0.07270090208686701,-169,193,12,0.132002143405652,362,1
569,"(1,12)",,False,64,"[1, 7, 14, 12, 3]",9,0.07270090208686701,-169,193,12,0.132002143405652,362,1
570,"(1,10)",,False,66,"[1, 12, 3, 5, 10]",10,0.08515565006793001,-171,193,13,0.149016902525674,364,1
571,"(1,10)",,False,66,"[1, 12, 3, 5, 10]",10,0.08515565006793001,-171,193,13,0.149016902525674,364,1
572,"(12,18)",,False,64,"[0, 17, 12, 5, 18]",10,0.094935344058151,-173,193,12,0.149020115686782,366,1
573,"(12,18)",,False,64,"[0, 17, 12, 5, 18]",10,0.094935344058151,-173,193,12,0.149020115686782,366,1
574,"(12,14)",,False,64,"[12, 6, 14, 9, 13]",10,0.094935344058151,-175,193,12,0.149020115686782,368,1
575,"(12,14)",,False,64,"[12, 6, 14, 9, 13]",10,0.094935344058151,-175,193,12,0.149020115686782,368,1
576,"(10,13)",,False,64,"[16, 15, 10, 13, 9]",10,0.09927489664331701,-177,193,12,0.15140486543995302,370,1
577,"(10,13)",,False,64,"[16, 15, 10, 13, 9]",10,0.09927489664331701,-177,193,12,0.15140486543995302,370,1
578,"(12,14)",,False,64,"[17, 12, 8, 3, 14]",10,0.099503388099879,-179,193,12,0.16479624988396901,372,1
579,"(12,14)",,False,64,"[17, 12, 8, 3, 14]",10,0.099503388099879,-179,193,12,0.16479624988396901,372,1
580,"(19,0)",,False,62,"[10, 12, 16, 19, 0]",9,0.092496603461515,-181,193,12,0.17814844349932002,374,1
581,"(19,0)",,False,62,"[10, 12, 16, 19, 0]",9,0.092496603461515,-181,193,12,0.17814844349932002,374,1
582,"(4,1)",,False,64,"[4, 10, 14, 11, 1]",9,0.08746360851624001,-183,193,13,0.20131853202028602,376,1
583,"(4,1)",,False,64,"[4, 10, 14, 11, 1]",9,0.08746360851624001,-183,193,13,0.20131853202028602,376,1
584,"(3,13)",,False,64,"[17, 3, 18, 13, 10]",9,0.086906027695501,-185,193,13,0.19795279444402203,378,1
585,"(3,13)",,False,64,"[17, 3, 18, 13, 10]",9,0.086906027695501,-185,193,13,0.19795279444402203,378,1
586,"(16,1)",,False,66,"[8, 10, 16, 1, 6]",9,0.072719677982835,-187,193,14,0.20886897378125402,380,1
587,"(16,1)",,False,66,"[8, 10, 16, 1, 6]",9,0.072719677982835,-187,193,14,0.20886897378125402,380,1
588,"(17,1)",,False,66,"[17, 1, 10, 6, 18]",9,0.07311122925158,-189,193,14,0.191925098942642,382,1
589,"(17,1)",,False,66,"[17, 1, 10, 6, 18]",9,0.07311122925158,-189,193,14,0.191925098942642,382,1
590,"(9,1)",,False,66,"[9, 2, 1, 19, 6]",9,0.069756656598761,-191,193,14,0.194159544159544,384,1
591,"(9,1)",,False,66,"[9, 2, 1, 19, 6]",9,0.069756656598761,-191,193,14,0.194159544159544,384,1
592,"(14,3)",,False,66,"[14, 10, 19, 3, 2]",10,0.09061435640383,-193,193,14,0.204490928175138,386,1
593,"(14,3)",,False,66,"[14, 10, 19, 3, 2]",10,0.09061435640383,-193,193,14,0.204490928175138,386,1
594,"(8,1)",,True,68,"[13, 8, 1, 7, 5]",10,0.078838510417457,-195,193,15,0.217879294195083,388,1
595,"(8,1)",,True,68,"[13, 8, 1, 7, 5]",10,0.078838510417457,-195,193,15,0.217879294195083,388,1
596,"(2,1)",,False,68,"[4, 2, 17, 11, 1]",10,0.08580415685678801,-197,193,15,0.21411103516366603,390,1
597,"(2,1)",,False,68,"[4, 2, 17, 11, 1]",10,0.08580415685678801,-197,193,15,0.21411103516366603,390,1
598,"(2,11)",,False,68,"[13, 2, 12, 16, 11]",10,0.08168618256337501,-199,193,14,0.184253465832413,392,1
599,"(2,11)",,False,68,"[13, 2, 12, 16, 11]",10,0.08168618256337501,-199,193,14,0.184253465832413,392,1
600,"(9,7)",,False,68,"[9, 16, 5, 13, 7]",10,0.066970310391363,-201,193,13,0.15049482681061602,394,1
601,"(9,7)",,False,68,"[9, 16, 5, 13, 7]",10,0.066970310391363,-201,193,13,0.15049482681061602,394,1
602,"(6,4)",,False,68,"[6, 10, 13, 4, 1]",10,0.06153198653198601,-203,193,13,0.148112706007442,396,1
603,"(6,4)",,False,68,"[6, 10, 13, 4, 1]",10,0.06153198653198601,-203,193,13,0.148112706007442,396,1
604,"(14,4)",,False,65,"[14, 17, 15, 18, 4]",10,0.070493574002345,-205,193,11,0.125534796587428,398,1
605,"(14,4)",,False,65,"[14, 17, 15, 18, 4]",10,0.070493574002345,-205,193,11,0.125534796587428,398,1
606,"(9,1)",,False,65,"[9, 15, 1, 19, 5]",10,0.08131903833658201,-207,193,12,0.15538847117794402,400,1
607,"(9,1)",,False,65,"[9, 15, 1, 19, 5]",10,0.08131903833658201,-207,193,12,0.15538847117794402,400,1
608,3:10,assassinate,True,59,"[7, 8, 3, 16, 10]",9,0.059202347360242005,-209,193,11,0.12835327440590602,402,1
609,3:10,assassinate,True,59,"[7, 8, 3, 16, 10]",9,0.059202347360242005,-209,193,11,0.12835327440590602,402,1
610,"(0,18)",,True,59,"[11, 5, 0, 18, 2]",8,0.037958532695374005,-211,193,11,0.12100959469380501,404,1
611,"(0,18)",,True,59,"[11, 5, 0, 18, 2]",8,0.037958532695374005,-211,193,11,0.12100959469380501,404,1
612,"(15,3)",,False,61,"[15, 17, 12, 3, 8]",8,0.037619933672565005,-213,193,11,0.12172160198475901,406,1
613,"(15,3)",,False,61,"[15, 17, 12, 3, 8]",8,0.037619933672565005,-213,193,11,0.12172160198475901,406,1
614,"(15,13)",,False,61,"[15, 3, 18, 8, 13]",9,0.05532581453634,-215,193,11,0.12615566694514002,408,1
615,"(15,13)",,False,61,"[15, 3, 18, 8, 13]",9,0.05532581453634,-215,193,11,0.12615566694514002,408,1
616,"(13,11)",,False,61,"[17, 13, 8, 11, 3]",9,0.056214474093731,-217,193,11,0.132840680131701,410,1
617,"(13,11)",,False,61,"[17, 13, 8, 11, 3]",9,0.056214474093731,-217,193,11,0.132840680131701,410,1
618,"(11,1)",,False,63,"[11, 6, 1, 7, 14]",9,0.051454490928175,-219,193,12,0.15198448400202702,412,1
619,"(11,1)",,False,63,"[11, 6, 1, 7, 14]",9,0.051454490928175,-219,193,12,0.15198448400202702,412,1
620,10:16,assassinate,True,56,"[2, 10, 12, 13, 19]",9,0.047164628743576006,-221,193,11,0.16380619056057602,414,1
621,10:16,assassinate,True,56,"[2, 10, 12, 13, 19]",9,0.047164628743576006,-221,193,11,0.16380619056057602,414,1
622,"(0,7)",,False,56,"[4, 8, 0, 18, 7]",9,0.13888002835371202,-223,193,11,0.18745791245791202,416,1
623,"(0,7)",,False,56,"[4, 8, 0, 18, 7]",9,0.13888002835371202,-223,193,11,0.18745791245791202,416,1
624,"(5,7)",,False,56,"[5, 3, 19, 7, 2]",9,0.137280701754385,-225,193,11,0.17521581732108002,418,1
625,"(5,7)",,False,56,"[5, 3, 19, 7, 2]",9,0.137280701754385,-225,193,11,0.17521581732108002,418,1
626,"(7,15)",,False,56,"[8, 13, 18, 7, 15]",9,0.14166666666666602,-227,193,11,0.19558618769145,420,1
627,"(7,15)",,False,56,"[8, 13, 18, 7, 15]",9,0.14166666666666602,-227,193,11,0.19558618769145,420,1
628,"(16,0)",,False,56,"[6, 16, 0, 15, 13]",8,0.12658962220365702,-229,193,11,0.191487979207277,422,1
629,"(16,0)",,False,56,"[6, 16, 0, 15, 13]",8,0.12658962220365702,-229,193,11,0.191487979207277,422,1
630,"(10,8)",,False,58,"[5, 12, 15, 10, 8]",8,0.06384943841084101,-231,193,11,0.16401652278845202,424,1
631,"(10,8)",,False,58,"[5, 12, 15, 10, 8]",8,0.06384943841084101,-231,193,11,0.16401652278845202,424,1
632,"(11,7)",,False,58,"[14, 11, 7, 9, 13]",8,0.06417432470064001,-233,193,11,0.16329713171818402,426,1
633,"(11,7)",,False,58,"[14, 11, 7, 9, 13]",8,0.06417432470064001,-233,193,11,0.16329713171818402,426,1
634,"(11,10)",,False,58,"[7, 18, 11, 15, 10]",8,0.054796714007240004,-235,193,11,0.16199526594263403,428,1
635,"(11,10)",,False,58,"[7, 18, 11, 15, 10]",8,0.054796714007240004,-235,193,11,0.16199526594263403,428,1
636,10:6,assassinate,True,54,"[15, 12, 10, 3, 16]",7,0.034412419938735006,-237,193,10,0.12477722082985201,430,1
637,10:6,assassinate,True,54,"[15, 12, 10, 3, 16]",7,0.034412419938735006,-237,193,10,0.12477722082985201,430,1
638,"(9,8)",,False,55,"[12, 9, 7, 8, 16]",7,0.024561403508771004,-239,193,10,0.11734892787524301,432,1
639,"(9,8)",,False,55,"[12, 9, 7, 8, 16]",7,0.024561403508771004,-239,193,10,0.11734892787524301,432,1
640,"(10,8)",,False,57,"[10, 5, 8, 12, 15]",8,0.064912280701754,-241,193,10,0.133333333333333,434,1
641,"(10,8)",,False,57,"[10, 5, 8, 12, 15]",8,0.064912280701754,-241,193,10,0.133333333333333,434,1
642,"(15,14)",,False,55,"[15, 8, 4, 13, 14]",8,0.129824561403508,-243,193,10,0.154970760233918,436,1
643,"(15,14)",,False,55,"[15, 8, 4, 13, 14]",8,0.129824561403508,-243,193,10,0.154970760233918,436,1
644,"(14,0)",,False,55,"[14, 19, 7, 0, 1]",7,0.122189733593242,-245,193,10,0.16133262449051902,438,1
645,"(14,0)",,False,55,"[14, 19, 7, 0, 1]",7,0.122189733593242,-245,193,10,0.16133262449051902,438,1
646,"(1,10)",,False,57,"[1, 10, 4, 6, 17]",7,0.050501253132832005,-247,193,11,0.18010303536619302,440,1
647,"(1,10)",,False,57,"[1, 10, 4, 6, 17]",7,0.050501253132832005,-247,193,11,0.18010303536619302,440,1
648,"(9,0)",,False,57,"[9, 0, 14, 2, 5]",6,0.037245892509050006,-249,193,11,0.17103870788081302,442,1
649,"(9,0)",,False,57,"[9, 0, 14, 2, 5]",6,0.037245892509050006,-249,193,11,0.17103870788081302,442,1
650,"(2,1)",,False,59,"[2, 1, 6, 7, 14]",6,0.030423280423280002,-251,193,12,0.17912837649679703,444,1
651,"(2,1)",,False,59,"[2, 1, 6, 7, 14]",6,0.030423280423280002,-251,193,12,0.17912837649679703,444,1
652,"(9,1)",,False,61,"[18, 10, 9, 14, 1]",6,0.028084099136730004,-253,193,13,0.20440452984312601,446,1
653,"(9,1)",,False,61,"[18, 10, 9, 14, 1]",6,0.028084099136730004,-253,193,13,0.20440452984312601,446,1
654,"(1,6)",,False,63,"[16, 9, 7, 1, 6]",7,0.033235867446393,-255,193,14,0.21335282651072102,448,1
655,"(1,6)",,False,63,"[16, 9, 7, 1, 6]",7,0.033235867446393,-255,193,14,0.21335282651072102,448,1
656,"(17,1)",,False,65,"[7, 3, 17, 1, 18]",7,0.027875243664717,-257,193,15,0.23089668615984402,450,1
657,"(17,1)",,False,65,"[7, 3, 17, 1, 18]",7,0.027875243664717,-257,193,15,0.23089668615984402,450,1
658,"(1,17)",,False,65,"[1, 6, 17, 16, 13]",7,0.027875243664717,-259,193,15,0.23089668615984402,452,1
659,"(1,17)",,False,65,"[1, 6, 17, 16, 13]",7,0.027875243664717,-259,193,15,0.23089668615984402,452,1
660,"(14,5)",,False,66,"[19, 14, 3, 12, 5]",7,0.027875243664717,-261,193,15,0.22675206534855602,454,1
661,"(14,5)",,False,66,"[19, 14, 3, 12, 5]",7,0.027875243664717,-261,193,15,0.22675206534855602,454,1
662,"(8,15)",,False,64,"[12, 8, 9, 15, 13]",7,0.028719948018193,-263,193,14,0.219588322658498,456,1
663,"(8,15)",,False,64,"[12, 8, 9, 15, 13]",7,0.028719948018193,-263,193,14,0.219588322658498,456,1
664,"(0,10)",,False,65,"[1, 7, 0, 19, 10]",6,0.006455954701568001,-265,193,14,0.21484266221108303,458,1
665,"(0,10)",,False,65,"[1, 7, 0, 19, 10]",6,0.006455954701568001,-265,193,14,0.21484266221108303,458,1
666,"(1,18)",,True,67,"[9, 1, 18, 2, 5]",6,0.006233386496544001,-267,193,15,0.226461988304093,460,1
667,"(1,18)",,True,67,"[9, 1, 18, 2, 5]",6,0.006233386496544001,-267,193,15,0.226461988304093,460,1
668,"(17,12)",,False,69,"[10, 3, 17, 12, 0]",6,0.006233386496544001,-269,193,15,0.21493000177210703,462,1
669,"(17,12)",,False,69,"[10, 3, 17, 12, 0]",6,0.006233386496544001,-269,193,15,0.21493000177210703,462,1
670,"(2,0)",,False,69,"[2, 14, 3, 0, 8]",5,0.0021929824561400003,-271,193,15,0.191290093921672,464,1
671,"(2,0)",,False,69,"[2, 14, 3, 0, 8]",5,0.0021929824561400003,-271,193,15,0.191290093921672,464,1
672,"(16,15)",,False,67,"[4, 16, 18, 5, 15]",5,0.0021929824561400003,-273,193,14,0.16446925394293802,466,1
673,"(16,15)",,False,67,"[4, 16, 18, 5, 15]",5,0.0021929824561400003,-273,193,14,0.16446925394293802,466,1
674,"(6,17)",,False,67,"[6, 17, 13, 19, 9]",5,0.0021929824561400003,-275,193,14,0.16568757752968202,468,1
675,"(6,17)",,False,67,"[6, 17, 13, 19, 9]",5,0.0021929824561400003,-275,193,14,0.16568757752968202,468,1
676,"(4,18)",,True,67,"[1, 4, 18, 0, 15]",6,0.016686481160165002,-277,193,14,0.16577228814070902,470,1
677,"(4,18)",,True,67,"[1, 4, 18, 0, 15]",6,0.016686481160165002,-277,193,14,0.16577228814070902,470,1
678,"(0,7)",,False,67,"[0, 17, 16, 7, 13]",5,0.0021929824561400003,-279,193,14,0.164354066985645,472,1
679,"(0,7)",,False,67,"[0, 17, 16, 7, 13]",5,0.0021929824561400003,-279,193,14,0.164354066985645,472,1
680,"(19,14)",,False,67,"[15, 1, 19, 14, 17]",4,0.0014619883040930001,-281,193,13,0.132340953393584,474,1
681,"(19,14)",,False,67,"[15, 1, 19, 14, 17]",4,0.0014619883040930001,-281,193,13,0.132340953393584,474,1
682,"(13,10)",,False,67,"[13, 10, 11, 18, 14]",4,0.0014619883040930001,-283,193,13,0.143709020024809,476,1
683,"(13,10)",,False,67,"[13, 10, 11, 18, 14]",4,0.0014619883040930001,-283,193,13,0.143709020024809,476,1
684,"(9,15)",,False,68,"[9, 19, 7, 15, 11]",4,0.0022974101921470003,-285,193,13,0.126841092630566,478,1
685,"(9,15)",,False,68,"[9, 19, 7, 15, 11]",4,0.0022974101921470003,-285,193,13,0.126841092630566,478,1
686,"(7,9)",,True,68,"[10, 2, 0, 7, 9]",4,0.0021929824561400003,-287,193,13,0.11905394800131601,480,1
687,"(7,9)",,True,68,"[10, 2, 0, 7, 9]",4,0.0021929824561400003,-287,193,13,0.11905394800131601,480,1
688,"(4,14)",,False,68,"[9, 7, 4, 14, 19]",5,0.007478632478632,-289,193,13,0.12360008412639902,482,1
689,"(4,14)",,False,68,"[9, 7, 4, 14, 19]",5,0.007478632478632,-289,193,13,0.12360008412639902,482,1
690,"(7,1)",,False,70,"[7, 11, 3, 1, 9]",5,0.007478632478632,-291,193,14,0.146177360651044,484,1
691,"(7,1)",,False,70,"[7, 11, 3, 1, 9]",5,0.007478632478632,-291,193,14,0.146177360651044,484,1
692,11:20,assassinate,True,61,"[12, 17, 2, 19, 11]",4,0.005847953216374001,-293,193,14,0.16447368421052602,486,1
693,11:20,assassinate,True,61,"[12, 17, 2, 19, 11]",4,0.005847953216374001,-293,193,14,0.16447368421052602,486,1
694,"(11,16)",,False,61,"[11, 14, 19, 0, 16]",4,0.005847953216374001,-295,193,14,0.16447368421052602,488,1
695,"(11,16)",,False,61,"[11, 14, 19, 0, 16]",4,0.005847953216374001,-295,193,14,0.16447368421052602,488,1
696,"(16,5)",,False,61,"[8, 16, 18, 6, 5]",4,0.005936558568137001,-297,193,14,0.159339004075846,490,1
697,"(16,5)",,False,61,"[8, 16, 18, 6, 5]",4,0.005936558568137001,-297,193,14,0.159339004075846,490,1
698,"(10,19)",,False,63,"[7, 17, 10, 4, 19]",5,0.034897850687324004,-299,193,14,0.164888230677704,492,1
699,"(10,19)",,False,63,"[7, 17, 10, 4, 19]",5,0.034897850687324004,-299,193,14,0.164888230677704,492,1
700,"(3,1)",,False,65,"[14, 18, 15, 3, 1]",6,0.04520138730665001,-301,193,15,0.18898255740361,494,1
701,"(3,1)",,False,65,"[14, 18, 15, 3, 1]",6,0.04520138730665001,-301,193,15,0.18898255740361,494,1
702,"(7,4)",,False,67,"[7, 11, 4, 16, 3]",7,0.055177717019822006,-303,193,15,0.179326472747525,496,1
703,"(7,4)",,False,67,"[7, 11, 4, 16, 3]",7,0.055177717019822006,-303,193,15,0.179326472747525,496,1
704,"(1,10)",,False,69,"[3, 1, 15, 11, 10]",7,0.036345915293283,-305,193,16,0.21674641148325302,498,1
705,"(1,10)",,False,69,"[3, 1, 15, 11, 10]",7,0.036345915293283,-305,193,16,0.21674641148325302,498,1
706,"(5,19)",,False,69,"[5, 11, 15, 13, 19]",7,0.036582196231319,-307,193,16,0.226575698505523,500,1
707,"(5,19)",,False,69,"[5, 11, 15, 13, 19]",7,0.036582196231319,-307,193,16,0.226575698505523,500,1
708,"(16,19)",,False,69,"[9, 17, 16, 19, 18]",8,0.044964262508122,-309,193,16,0.242852501624431,502,1
709,"(16,19)",,False,69,"[9, 17, 16, 19, 18]",8,0.044964262508122,-309,193,16,0.242852501624431,502,1
710,"(18,6)",,False,69,"[18, 10, 6, 4, 9]",8,0.046101364522417004,-311,193,16,0.242007797270955,504,1
711,"(18,6)",,False,69,"[18, 10, 6, 4, 9]",8,0.046101364522417004,-311,193,16,0.242007797270955,504,1
712,"(13,16)",,False,69,"[4, 8, 13, 16, 6]",8,0.041423001949317,-313,193,16,0.24210526315789402,506,1
713,"(13,16)",,False,69,"[4, 8, 13, 16, 6]",8,0.041423001949317,-313,193,16,0.24210526315789402,506,1
714,"(11,1)",,False,72,"[17, 11, 1, 8, 12]",8,0.042066445575217,-315,193,17,0.254720977527995,508,1
715,"(11,1)",,False,72,"[17, 11, 1, 8, 12]",8,0.042066445575217,-315,193,17,0.254720977527995,508,1
716,"(0,10)",,False,70,"[4, 7, 0, 15, 10]",7,0.030590997696260003,-317,193,16,0.218728217851024,510,1
717,"(0,10)",,False,70,"[4, 7, 0, 15, 10]",7,0.030590997696260003,-317,193,16,0.218728217851024,510,1
718,"(16,4)",,False,70,"[16, 4, 18, 10, 1]",8,0.04441490932719001,-319,193,16,0.215576820839978,512,1
719,"(16,4)",,False,70,"[16, 4, 18, 10, 1]",8,0.04441490932719001,-319,193,16,0.215576820839978,512,1
720,"(16,2)",,False,71,"[19, 3, 16, 1, 2]",10,0.067574449591993,-321,193,16,0.21744259638996402,514,1
721,"(16,2)",,False,71,"[19, 3, 16, 1, 2]",10,0.067574449591993,-321,193,16,0.21744259638996402,514,1
722,"(17,0)",,False,69,"[17, 12, 0, 15, 6]",9,0.05489458941471301,-323,193,15,0.175711746686978,516,1
723,"(17,0)",,False,69,"[17, 12, 0, 15, 6]",9,0.05489458941471301,-323,193,15,0.175711746686978,516,1
724,"(7,6)",,False,69,"[7, 6, 1, 5, 15]",10,0.089435077592972,-325,193,15,0.177954355585934,518,1
725,"(7,6)",,False,69,"[7, 6, 1, 5, 15]",10,0.089435077592972,-325,193,15,0.177954355585934,518,1
726,7:16,assassinate,True,62,"[15, 7, 0, 5, 19]",9,0.067007797270955,-327,193,14,0.17694931773879102,520,1
727,7:16,assassinate,True,62,"[15, 7, 0, 5, 19]",9,0.067007797270955,-327,193,14,0.17694931773879102,520,1
728,"(2,4)",,False,62,"[17, 2, 8, 4, 9]",9,0.067898913951545,-329,193,14,0.178007518796992,522,1
729,"(2,4)",,False,62,"[17, 2, 8, 4, 9]",9,0.067898913951545,-329,193,14,0.178007518796992,522,1
730,"(0,9)",,False,62,"[10, 14, 0, 9, 18]",9,0.10532938471534901,-331,193,14,0.163012945469085,524,1
731,"(0,9)",,False,62,"[10, 14, 0, 9, 18]",9,0.10532938471534901,-331,193,14,0.163012945469085,524,1
732,"(13,10)",,True,60,"[14, 13, 16, 6, 10]",9,0.149887539361223,-333,193,14,0.19345479082321101,526,1
733,"(13,10)",,True,60,"[14, 13, 16, 6, 10]",9,0.149887539361223,-333,193,14,0.19345479082321101,526,1
734,"(12,1)",,False,62,"[14, 13, 4, 12, 1]",9,0.13895386614684802,-335,193,15,0.20955165692007702,528,1
735,"(12,1)",,False,62,"[14, 13, 4, 12, 1]",9,0.13895386614684802,-335,193,15,0.20955165692007702,528,1
736,"(2,9)",,False,60,"[2, 9, 5, 12, 8]",9,0.140415854450942,-337,193,14,0.160006497725795,530,1
737,"(2,9)",,False,60,"[2, 9, 5, 12, 8]",9,0.140415854450942,-337,193,14,0.160006497725795,530,1
738,"(1,10)",,False,62,"[1, 14, 10, 2, 19]",9,0.162345679012345,-339,193,15,0.22855750487329402,532,1
739,"(1,10)",,False,62,"[1, 14, 10, 2, 19]",9,0.162345679012345,-339,193,15,0.22855750487329402,532,1
740,17:8,assassinate,True,59,"[18, 17, 4, 9, 3]",8,0.115399610136452,-341,193,15,0.19525666016894003,534,1
741,17:8,assassinate,True,59,"[18, 17, 4, 9, 3]",8,0.115399610136452,-341,193,15,0.19525666016894003,534,1
742,"(7,1)",,False,61,"[12, 3, 2, 7, 1]",8,0.12124756335282601,-343,193,16,0.269005847953216,536,1
743,"(7,1)",,False,61,"[12, 3, 2, 7, 1]",8,0.12124756335282601,-343,193,16,0.269005847953216,536,1
744,"(4,3)",,False,61,"[4, 12, 7, 3, 13]",9,0.142495126705653,-345,193,16,0.24980506822612003,538,1
745,"(4,3)",,False,61,"[4, 12, 7, 3, 13]",9,0.142495126705653,-345,193,16,0.24980506822612003,538,1
746,"(2,16)",,False,61,"[9, 2, 3, 16, 12]",9,0.140545808966861,-347,193,16,0.24493177387914203,540,1
747,"(2,16)",,False,61,"[9, 2, 3, 16, 12]",9,0.140545808966861,-347,193,16,0.24493177387914203,540,1
748,"(0,7)",,True,61,"[6, 0, 3, 14, 7]",9,0.134210526315789,-349,193,16,0.262573099415204,542,1
749,"(0,7)",,True,61,"[6, 0, 3, 14, 7]",9,0.134210526315789,-349,193,16,0.262573099415204,542,1
750,"(17,7)",,False,63,"[4, 17, 7, 0, 18]",9,0.139278752436647,-351,193,16,0.331286549707602,544,1
751,"(17,7)",,False,63,"[4, 17, 7, 0, 18]",9,0.139278752436647,-351,193,16,0.331286549707602,544,1
752,"(5,4)",,False,65,"[5, 4, 17, 10, 3]",9,0.13684210526315702,-353,193,16,0.321150097465886,546,1
753,"(5,4)",,False,65,"[5, 4, 17, 10, 3]",9,0.13684210526315702,-353,193,16,0.321150097465886,546,1
754,"(2,8)",,False,65,"[4, 2, 8, 17, 1]",9,0.13684210526315702,-355,193,16,0.33395061728395004,548,1
755,"(2,8)",,False,65,"[4, 2, 8, 17, 1]",9,0.13684210526315702,-355,193,16,0.33395061728395004,548,1
756,"(10,19)",,False,65,"[1, 10, 4, 19, 7]",9,0.13684210526315702,-357,193,16,0.327907732293697,550,1
757,"(10,19)",,False,65,"[1, 10, 4, 19, 7]",9,0.13684210526315702,-357,193,16,0.327907732293697,550,1
758,"(2,9)",,False,65,"[10, 0, 6, 2, 9]",9,0.135867446393762,-359,193,16,0.327972709551656,552,1
759,"(2,9)",,False,65,"[10, 0, 6, 2, 9]",9,0.135867446393762,-359,193,16,0.327972709551656,552,1
760,"(2,7)",,False,63,"[13, 3, 2, 7, 17]",9,0.139571150097465,-361,193,15,0.34707602339181204,554,1
761,"(2,7)",,False,63,"[13, 3, 2, 7, 17]",9,0.139571150097465,-361,193,15,0.34707602339181204,554,1
762,"(11,13)",,False,65,"[12, 11, 13, 7, 19]",9,0.068713450292397,-363,193,15,0.335737491877842,556,1
763,"(11,13)",,False,65,"[12, 11, 13, 7, 19]",9,0.068713450292397,-363,193,15,0.335737491877842,556,1
764,"(12,11)",,False,67,"[19, 9, 10, 12, 11]",9,0.055750487329434,-365,193,15,0.24600389863547703,558,1
765,"(12,11)",,False,67,"[19, 9, 10, 12, 11]",9,0.055750487329434,-365,193,15,0.24600389863547703,558,1
766,"(13,7)",,False,65,"[16, 13, 10, 7, 17]",9,0.088819270398217,-367,193,15,0.33748259537733205,560,1
767,"(13,7)",,False,65,"[16, 13, 10, 7, 17]",9,0.088819270398217,-367,193,15,0.33748259537733205,560,1
768,"(5,11)",,False,67,"[5, 11, 12, 19, 15]",10,0.131999822789296,-369,193,15,0.262856636540847,562,1
769,"(5,11)",,False,67,"[5, 11, 12, 19, 15]",10,0.131999822789296,-369,193,15,0.262856636540847,562,1
770,"(10,3)",,False,67,"[16, 10, 14, 3, 6]",10,0.131999822789296,-371,193,15,0.262856636540847,564,1
771,"(10,3)",,False,67,"[16, 10, 14, 3, 6]",10,0.131999822789296,-371,193,15,0.262856636540847,564,1
772,"(4,15)",,False,67,"[4, 18, 17, 10, 15]",10,0.148955722639933,-373,193,15,0.26058201058201,566,1
773,"(4,15)",,False,67,"[4, 18, 17, 10, 15]",10,0.148955722639933,-373,193,15,0.26058201058201,566,1
774,"(15,1)",,False,69,"[15, 5, 8, 1, 14]",10,0.14037872458925002,-375,193,16,0.269256474519632,568,1
775,"(15,1)",,False,69,"[15, 5, 8, 1, 14]",10,0.14037872458925002,-375,193,16,0.269256474519632,568,1
776,"(1,17)",,True,71,"[1, 13, 17, 2, 3]",10,0.114062935115566,-377,193,17,0.289780005569479,570,1
777,"(1,17)",,True,71,"[1, 13, 17, 2, 3]",10,0.114062935115566,-377,193,17,0.289780005569479,570,1
778,"(4,2)",,False,71,"[14, 4, 19, 2, 1]",10,0.11503759398496201,-379,193,17,0.27057922584238303,572,1
779,"(4,2)",,False,71,"[14, 4, 19, 2, 1]",10,0.11503759398496201,-379,193,17,0.27057922584238303,572,1
780,"(10,6)",,False,69,"[3, 14, 7, 10, 6]",10,0.121915900863269,-381,193,16,0.237747145641882,574,1
781,"(10,6)",,False,69,"[3, 14, 7, 10, 6]",10,0.121915900863269,-381,193,16,0.237747145641882,574,1
782,"(16,0)",,True,69,"[16, 19, 9, 5, 0]",9,0.101461988304093,-383,193,16,0.245864661654135,576,1
783,"(16,0)",,True,69,"[16, 19, 9, 5, 0]",9,0.101461988304093,-383,193,16,0.245864661654135,576,1
784,"(13,11)",,False,71,"[13, 4, 7, 11, 3]",9,0.063561681982734,-385,193,16,0.230284043441938,578,1
785,"(13,11)",,False,71,"[13, 4, 7, 11, 3]",9,0.063561681982734,-385,193,16,0.230284043441938,578,1
786,"(0,4)",,False,69,"[3, 17, 14, 0, 4]",8,0.053082200450621,-387,193,15,0.20561167227833801,580,1
787,"(0,4)",,False,69,"[3, 17, 14, 0, 4]",8,0.053082200450621,-387,193,15,0.20561167227833801,580,1
788,"(1,2)",,False,71,"[1, 2, 15, 3, 12]",8,0.052037923090554,-389,193,16,0.22451077187919202,582,1
789,"(1,2)",,False,71,"[1, 2, 15, 3, 12]",8,0.052037923090554,-389,193,16,0.22451077187919202,582,1
790,3:20,assassinate,True,60,"[14, 19, 18, 3, 12]",8,0.08335232019442501,-391,193,14,0.20405685932001702,584,1
791,3:20,assassinate,True,60,"[14, 19, 18, 3, 12]",8,0.08335232019442501,-391,193,14,0.20405685932001702,584,1
792,11:6,assassinate,True,58,"[14, 2, 4, 11, 5]",8,0.073941798941798,-393,193,14,0.19435394040657203,586,1
793,11:6,assassinate,True,58,"[14, 2, 4, 11, 5]",8,0.073941798941798,-393,193,14,0.19435394040657203,586,1
794,"(19,18)",,False,56,"[15, 19, 4, 18, 14]",8,0.10815232525758801,-395,193,14,0.21067947646895002,588,1
795,"(19,18)",,False,56,"[15, 19, 4, 18, 14]",8,0.10815232525758801,-395,193,14,0.21067947646895002,588,1
796,"(10,8)",,False,56,"[1, 10, 19, 9, 8]",9,0.206917757356353,-397,193,14,0.24852872923048303,590,1
797,"(10,8)",,False,56,"[1, 10, 19, 9, 8]",9,0.206917757356353,-397,193,14,0.24852872923048303,590,1
798,"(16,3)",,False,58,"[15, 4, 16, 3, 8]",9,0.21926343636869902,-399,193,14,0.24284321915900803,592,1
799,"(16,3)",,False,58,"[15, 4, 16, 3, 8]",9,0.21926343636869902,-399,193,14,0.24284321915900803,592,1
