,actionDetail,actionType,bonusActivated,graphEdgeCount,nodeList,p1Degree,p1Score,p1WinAdvantage,p1WinCount,p2Degree,p2Score,p2WinCount,player
0,19:2,assassinate,True,0,"[14, 8, 3, 19, 13]",0,-0.001,1,1,0,-0.001,0,1
1,19:2,assassinate,True,0,"[14, 8, 3, 19, 13]",0,-0.001,1,1,0,-0.001,0,1
2,"(7,10)",,True,2,"[7, 10, 3, 16, 19]",0,-0.001,1,1,0,-0.001,0,1
3,"(7,10)",,True,2,"[7, 10, 3, 16, 19]",0,-0.001,1,1,0,-0.001,0,1
4,"(13,5)",,True,4,"[13, 5, 9, 11, 17]",0,-0.001,1,1,0,-0.001,0,1
5,"(13,5)",,True,4,"[13, 5, 9, 11, 17]",0,-0.001,1,1,0,-0.001,0,1
6,"(19,2)",,True,6,"[19, 0, 2, 12, 14]",1,0.0,3,3,0,-0.001,0,1
7,"(19,2)",,True,6,"[19, 0, 2, 12, 14]",1,0.0,3,3,0,-0.001,0,1
8,"(9,17)",,True,8,"[9, 17, 15, 12, 2]",1,0.0,5,5,0,-0.001,0,1
9,"(9,17)",,True,8,"[9, 17, 15, 12, 2]",1,0.0,5,5,0,-0.001,0,1
10,6:4,assassinate,True,7,"[6, 13, 11, 3, 16]",0,-0.001,6,6,0,-0.001,0,1
11,6:4,assassinate,True,7,"[6, 13, 11, 3, 16]",0,-0.001,6,6,0,-0.001,0,1
12,"(3,16)",,True,9,"[3, 16, 19, 11, 9]",0,-0.001,6,6,0,-0.001,0,1
13,"(3,16)",,True,9,"[3, 16, 19, 11, 9]",0,-0.001,6,6,0,-0.001,0,1
14,"(1,11)",,True,11,"[1, 11, 19, 13, 15]",0,-0.001,5,6,1,0.0,1,1
15,"(1,11)",,True,11,"[1, 11, 19, 13, 15]",0,-0.001,5,6,1,0.0,1,1
16,6:2,assassinate,True,11,"[5, 17, 19, 15, 6]",0,-0.001,4,6,1,0.0,2,1
17,6:2,assassinate,True,11,"[5, 17, 19, 15, 6]",0,-0.001,4,6,1,0.0,2,1
18,"(5,9)",,True,13,"[5, 9, 2, 15, 10]",1,0.0,4,6,1,0.0,2,1
19,"(5,9)",,True,13,"[5, 9, 2, 15, 10]",1,0.0,4,6,1,0.0,2,1
20,"(1,3)",,True,15,"[15, 1, 3, 11, 12]",1,0.0,3,6,2,0.105263157894736,3,1
21,"(1,3)",,True,15,"[15, 1, 3, 11, 12]",1,0.0,3,6,2,0.105263157894736,3,1
22,"(16,12)",,True,17,"[8, 16, 12, 14, 5]",2,0.07602339181286501,1,6,2,0.19298245614035,5,1
23,"(16,12)",,True,17,"[8, 16, 12, 14, 5]",2,0.07602339181286501,1,6,2,0.19298245614035,5,1
24,"(18,12)",,True,19,"[18, 8, 19, 0, 12]",2,0.08187134502923901,-1,6,2,0.25730994152046704,7,1
25,"(18,12)",,True,19,"[18, 8, 19, 0, 12]",2,0.08187134502923901,-1,6,2,0.25730994152046704,7,1
26,"(4,11)",,True,21,"[4, 11, 0, 5, 13]",2,0.17251461988304,-2,6,2,0.190058479532163,8,1
27,"(4,11)",,True,21,"[4, 11, 0, 5, 13]",2,0.17251461988304,-2,6,2,0.190058479532163,8,1
28,"(1,18)",,True,23,"[13, 6, 1, 18, 19]",2,0.062378167641325005,-2,7,3,0.147173489278752,9,1
29,"(1,18)",,True,23,"[13, 6, 1, 18, 19]",2,0.062378167641325005,-2,7,3,0.147173489278752,9,1
30,2:10,assassinate,True,19,"[1, 11, 4, 7, 2]",1,0.0,-4,7,3,0.26315789473684204,11,1
31,2:10,assassinate,True,19,"[1, 11, 4, 7, 2]",1,0.0,-4,7,3,0.26315789473684204,11,1
32,"(10,1)",,True,21,"[0, 10, 15, 8, 1]",2,0.067251461988304,-6,7,4,0.23976608187134502,13,1
33,"(10,1)",,True,21,"[0, 10, 15, 8, 1]",2,0.067251461988304,-6,7,4,0.23976608187134502,13,1
34,4:6,assassinate,True,19,"[18, 9, 4, 7, 0]",2,0.06822612085769901,-8,7,4,0.276803118908382,15,1
35,4:6,assassinate,True,19,"[18, 9, 4, 7, 0]",2,0.06822612085769901,-8,7,4,0.276803118908382,15,1
36,"(13,19)",,True,21,"[12, 13, 19, 6, 15]",2,0.051656920077972006,-10,7,4,0.140350877192982,17,1
37,"(13,19)",,True,21,"[12, 13, 19, 6, 15]",2,0.051656920077972006,-10,7,4,0.140350877192982,17,1
38,16:8,assassinate,True,18,"[4, 6, 16, 10, 12]",2,0.087719298245614,-12,7,4,0.27485380116959,19,1
39,16:8,assassinate,True,18,"[4, 6, 16, 10, 12]",2,0.087719298245614,-12,7,4,0.27485380116959,19,1
40,"(9,4)",,True,20,"[9, 19, 8, 2, 4]",2,0.09941520467836201,-14,7,4,0.33333333333333304,21,1
41,"(9,4)",,True,20,"[9, 19, 8, 2, 4]",2,0.09941520467836201,-14,7,4,0.33333333333333304,21,1
42,"(16,1)",,True,22,"[9, 16, 4, 1, 7]",2,0.10331384015594501,-16,7,5,0.42884990253411304,23,1
43,"(16,1)",,True,22,"[9, 16, 4, 1, 7]",2,0.10331384015594501,-16,7,5,0.42884990253411304,23,1
44,"(11,8)",,True,24,"[11, 4, 8, 10, 7]",2,0.11988304093567201,-18,7,5,0.39473684210526305,25,1
45,"(11,8)",,True,24,"[11, 4, 8, 10, 7]",2,0.11988304093567201,-18,7,5,0.39473684210526305,25,1
46,"(10,8)",,True,24,"[10, 2, 6, 8, 11]",2,0.11988304093567201,-20,7,5,0.39473684210526305,27,1
47,"(10,8)",,True,24,"[10, 2, 6, 8, 11]",2,0.11988304093567201,-20,7,5,0.39473684210526305,27,1
48,14:8,assassinate,True,21,"[3, 14, 1, 19, 9]",1,0.0,-22,7,5,0.46198830409356706,29,1
49,14:8,assassinate,True,21,"[3, 14, 1, 19, 9]",1,0.0,-22,7,5,0.46198830409356706,29,1
50,"(1,15)",,True,23,"[18, 3, 1, 6, 15]",2,0.050194931773879,-24,7,6,0.41179337231968804,31,1
51,"(1,15)",,True,23,"[18, 3, 1, 6, 15]",2,0.050194931773879,-24,7,6,0.41179337231968804,31,1
52,5:10,assassinate,True,20,"[16, 11, 5, 13, 18]",2,0.040935672514619006,-26,7,6,0.39181286549707606,33,1
53,5:10,assassinate,True,20,"[16, 11, 5, 13, 18]",2,0.040935672514619006,-26,7,6,0.39181286549707606,33,1
54,17:8,assassinate,True,17,"[10, 1, 17, 15, 3]",1,0.0,-28,7,6,0.47660818713450204,35,1
55,17:8,assassinate,True,17,"[10, 1, 17, 15, 3]",1,0.0,-28,7,6,0.47660818713450204,35,1
56,"(5,1)",,True,19,"[5, 1, 7, 2, 0]",1,0.0,-30,7,7,0.447368421052631,37,1
57,"(5,1)",,True,19,"[5, 1, 7, 2, 0]",1,0.0,-30,7,7,0.447368421052631,37,1
58,"(13,19)",,True,19,"[13, 8, 3, 19, 5]",1,0.0,-32,7,7,0.412280701754385,39,1
59,"(13,19)",,True,19,"[13, 8, 3, 19, 5]",1,0.0,-32,7,7,0.412280701754385,39,1
60,"(17,3)",,True,21,"[4, 17, 19, 3, 0]",1,0.0,-34,7,7,0.45906432748538,41,1
61,"(17,3)",,True,21,"[4, 17, 19, 3, 0]",1,0.0,-34,7,7,0.45906432748538,41,1
62,"(5,16)",,True,21,"[13, 11, 5, 12, 16]",1,0.0,-36,7,7,0.37719298245614,43,1
63,"(5,16)",,True,21,"[13, 11, 5, 12, 16]",1,0.0,-36,7,7,0.37719298245614,43,1
64,"(1,6)",,True,23,"[1, 6, 18, 9, 0]",1,0.0,-38,7,8,0.508771929824561,45,1
65,"(1,6)",,True,23,"[1, 6, 18, 9, 0]",1,0.0,-38,7,8,0.508771929824561,45,1
66,"(6,16)",,True,23,"[6, 16, 4, 15, 2]",1,0.0,-40,7,7,0.450292397660818,47,1
67,"(6,16)",,True,23,"[6, 16, 4, 15, 2]",1,0.0,-40,7,7,0.450292397660818,47,1
68,"(14,1)",,True,25,"[14, 10, 1, 8, 4]",2,0.011695906432748001,-42,7,8,0.553606237816764,49,1
69,"(14,1)",,True,25,"[14, 10, 1, 8, 4]",2,0.011695906432748001,-42,7,8,0.553606237816764,49,1
70,"(12,0)",,True,25,"[5, 15, 12, 11, 0]",1,0.0,-44,7,8,0.5623781676413251,51,1
71,"(12,0)",,True,25,"[5, 15, 12, 11, 0]",1,0.0,-44,7,8,0.5623781676413251,51,1
72,"(12,18)",,True,23,"[9, 3, 12, 5, 18]",1,0.0,-46,7,8,0.50682261208577,53,1
73,"(12,18)",,True,23,"[9, 3, 12, 5, 18]",1,0.0,-46,7,8,0.50682261208577,53,1
74,"(1,19)",,True,25,"[1, 10, 16, 14, 19]",1,0.0,-48,7,9,0.48586744639376206,55,1
75,"(1,19)",,True,25,"[1, 10, 16, 14, 19]",1,0.0,-48,7,9,0.48586744639376206,55,1
76,11:14,assassinate,True,19,"[5, 18, 8, 11, 1]",1,0.0,-50,7,8,0.5,57,1
77,11:14,assassinate,True,19,"[5, 18, 8, 11, 1]",1,0.0,-50,7,8,0.5,57,1
78,"(6,1)",,True,21,"[6, 19, 1, 10, 12]",1,0.0,-52,7,9,0.6359649122807011,59,1
79,"(6,1)",,True,21,"[6, 19, 1, 10, 12]",1,0.0,-52,7,9,0.6359649122807011,59,1
80,"(1,11)",,True,23,"[1, 5, 11, 15, 4]",1,0.0,-54,7,10,0.6856725146198821,61,1
81,"(1,11)",,True,23,"[1, 5, 11, 15, 4]",1,0.0,-54,7,10,0.6856725146198821,61,1
82,"(8,9)",,True,23,"[3, 8, 19, 13, 9]",1,0.0,-56,7,10,0.665204678362573,63,1
83,"(8,9)",,True,23,"[3, 8, 19, 13, 9]",1,0.0,-56,7,10,0.665204678362573,63,1
84,"(0,18)",,True,23,"[0, 10, 18, 3, 17]",1,0.0,-58,7,10,0.665204678362573,65,1
85,"(0,18)",,True,23,"[0, 10, 18, 3, 17]",1,0.0,-58,7,10,0.665204678362573,65,1
86,"(5,12)",,True,24,"[5, 3, 0, 19, 12]",1,0.0,-60,7,10,0.622319688109161,67,1
87,"(5,12)",,True,24,"[5, 3, 0, 19, 12]",1,0.0,-60,7,10,0.622319688109161,67,1
88,"(14,2)",,True,24,"[12, 14, 0, 2, 9]",1,0.0,-62,7,10,0.639863547758284,69,1
89,"(14,2)",,True,24,"[12, 14, 0, 2, 9]",1,0.0,-62,7,10,0.639863547758284,69,1
90,"(14,3)",,True,24,"[14, 0, 9, 4, 3]",1,0.0,-64,7,9,0.581384015594541,71,1
91,"(14,3)",,True,24,"[14, 0, 9, 4, 3]",1,0.0,-64,7,9,0.581384015594541,71,1
92,7:10,assassinate,True,20,"[12, 19, 7, 1, 3]",1,0.0,-66,7,9,0.625730994152046,73,1
93,7:10,assassinate,True,20,"[12, 19, 7, 1, 3]",1,0.0,-66,7,9,0.625730994152046,73,1
94,"(4,8)",,True,22,"[9, 4, 3, 8, 12]",1,0.0,-68,7,9,0.667641325536062,75,1
95,"(4,8)",,True,22,"[9, 4, 3, 8, 12]",1,0.0,-68,7,9,0.667641325536062,75,1
96,"(19,12)",,True,20,"[19, 12, 5, 16, 11]",0,-0.001,-70,7,9,0.5964912280701751,77,1
97,"(19,12)",,True,20,"[19, 12, 5, 16, 11]",0,-0.001,-70,7,9,0.5964912280701751,77,1
98,"(7,19)",,True,22,"[7, 3, 2, 0, 19]",0,-0.001,-72,7,9,0.619883040935672,79,1
99,"(7,19)",,True,22,"[7, 3, 2, 0, 19]",0,-0.001,-72,7,9,0.619883040935672,79,1
100,5:8,assassinate,True,17,"[8, 5, 11, 14, 13]",0,-0.001,-74,7,7,0.549707602339181,81,1
101,5:8,assassinate,True,17,"[8, 5, 11, 14, 13]",0,-0.001,-74,7,7,0.549707602339181,81,1
102,"(9,1)",,True,19,"[8, 9, 7, 4, 1]",0,-0.001,-76,7,8,0.558479532163742,83,1
103,"(9,1)",,True,19,"[8, 9, 7, 4, 1]",0,-0.001,-76,7,8,0.558479532163742,83,1
104,"(18,0)",,True,21,"[18, 15, 0, 2, 3]",1,0.0,-78,7,8,0.597465886939571,85,1
105,"(18,0)",,True,21,"[18, 15, 0, 2, 3]",1,0.0,-78,7,8,0.597465886939571,85,1
106,"(11,5)",,True,21,"[11, 15, 10, 17, 5]",1,0.0,-80,7,8,0.5038986354775821,87,1
107,"(11,5)",,True,21,"[11, 15, 10, 17, 5]",1,0.0,-80,7,8,0.5038986354775821,87,1
108,"(1,8)",,True,23,"[1, 16, 0, 7, 8]",1,0.0,-82,7,9,0.617933723196881,89,1
109,"(1,8)",,True,23,"[1, 16, 0, 7, 8]",1,0.0,-82,7,9,0.617933723196881,89,1
110,"(15,13)",,True,23,"[15, 3, 8, 13, 7]",1,0.0,-84,7,9,0.558479532163742,91,1
111,"(15,13)",,True,23,"[15, 3, 8, 13, 7]",1,0.0,-84,7,9,0.558479532163742,91,1
112,"(15,7)",,True,25,"[4, 16, 5, 15, 7]",1,0.0,-86,7,9,0.527290448343079,93,1
113,"(15,7)",,True,25,"[4, 16, 5, 15, 7]",1,0.0,-86,7,9,0.527290448343079,93,1
114,"(18,3)",,True,22,"[18, 6, 3, 14, 4]",1,0.0,-88,7,7,0.508771929824561,95,1
115,"(18,3)",,True,22,"[18, 6, 3, 14, 4]",1,0.0,-88,7,7,0.508771929824561,95,1
116,"(1,10)",,True,24,"[12, 1, 10, 13, 11]",1,0.0,-90,7,8,0.525341130604288,97,1
117,"(1,10)",,True,24,"[12, 1, 10, 13, 11]",1,0.0,-90,7,8,0.525341130604288,97,1
118,17:12,assassinate,True,19,"[5, 19, 17, 18, 6]",1,0.0,-92,7,8,0.608187134502923,99,1
119,17:12,assassinate,True,19,"[5, 19, 17, 18, 6]",1,0.0,-92,7,8,0.608187134502923,99,1
120,"(1,17)",,True,19,"[1, 0, 17, 4, 16]",1,0.0,-94,7,8,0.380116959064327,101,1
121,"(1,17)",,True,19,"[1, 0, 17, 4, 16]",1,0.0,-94,7,8,0.380116959064327,101,1
122,"(4,19)",,True,22,"[5, 4, 19, 11, 3]",1,0.0,-96,7,8,0.619883040935672,103,1
123,"(4,19)",,True,22,"[5, 4, 19, 11, 3]",1,0.0,-96,7,8,0.619883040935672,103,1
124,"(9,16)",,True,22,"[13, 18, 9, 0, 16]",1,0.0,-98,7,8,0.33333333333333304,105,1
125,"(9,16)",,True,22,"[13, 18, 9, 0, 16]",1,0.0,-98,7,8,0.33333333333333304,105,1
126,"(17,6)",,True,22,"[17, 8, 13, 16, 6]",0,-0.001,-100,7,8,0.36257309941520405,107,1
127,"(17,6)",,True,22,"[17, 8, 13, 16, 6]",0,-0.001,-100,7,8,0.36257309941520405,107,1
128,"(16,15)",,True,22,"[16, 6, 15, 7, 18]",0,-0.001,-102,7,8,0.5818713450292391,109,1
129,"(16,15)",,True,22,"[16, 6, 15, 7, 18]",0,-0.001,-102,7,8,0.5818713450292391,109,1
130,"(0,8)",,True,24,"[9, 16, 0, 8, 17]",1,0.0,-104,7,8,0.614035087719298,111,1
131,"(0,8)",,True,24,"[9, 16, 0, 8, 17]",1,0.0,-104,7,8,0.614035087719298,111,1
132,"(13,1)",,True,26,"[7, 13, 1, 11, 8]",1,0.0,-106,7,9,0.631578947368421,113,1
133,"(13,1)",,True,26,"[7, 13, 1, 11, 8]",1,0.0,-106,7,9,0.631578947368421,113,1
134,"(18,10)",,True,26,"[8, 18, 13, 10, 16]",1,0.0,-108,7,9,0.569200779727095,115,1
135,"(18,10)",,True,26,"[8, 18, 13, 10, 16]",1,0.0,-108,7,9,0.569200779727095,115,1
136,"(13,8)",,True,26,"[13, 8, 0, 17, 9]",1,0.0,-110,7,8,0.5516569200779721,117,1
137,"(13,8)",,True,26,"[13, 8, 0, 17, 9]",1,0.0,-110,7,8,0.5516569200779721,117,1
138,"(1,4)",,True,28,"[1, 4, 0, 6, 16]",1,0.0,-112,7,9,0.427875243664717,119,1
139,"(1,4)",,True,28,"[1, 4, 0, 6, 16]",1,0.0,-112,7,9,0.427875243664717,119,1
140,3:12,assassinate,True,23,"[16, 4, 9, 12, 3]",1,0.0,-114,7,8,0.446393762183235,121,1
141,3:12,assassinate,True,23,"[16, 4, 9, 12, 3]",1,0.0,-114,7,8,0.446393762183235,121,1
142,"(5,10)",,True,25,"[5, 16, 13, 9, 10]",1,0.0,-116,7,8,0.448538011695906,123,1
143,"(5,10)",,True,25,"[5, 16, 13, 9, 10]",1,0.0,-116,7,8,0.448538011695906,123,1
144,"(10,5)",,True,25,"[8, 0, 10, 5, 9]",1,0.0,-118,7,8,0.38635477582846,125,1
145,"(10,5)",,True,25,"[8, 0, 10, 5, 9]",1,0.0,-118,7,8,0.38635477582846,125,1
146,"(19,1)",,True,27,"[13, 14, 19, 2, 1]",1,0.0,-120,7,9,0.38401559454191003,127,1
147,"(19,1)",,True,27,"[13, 14, 19, 2, 1]",1,0.0,-120,7,9,0.38401559454191003,127,1
148,"(16,9)",,True,27,"[13, 4, 16, 9, 11]",1,0.0,-122,7,9,0.354775828460038,129,1
149,"(16,9)",,True,27,"[13, 4, 16, 9, 11]",1,0.0,-122,7,9,0.354775828460038,129,1
150,7:12,assassinate,True,22,"[9, 4, 0, 15, 7]",1,0.0,-124,7,9,0.430799220272904,131,1
151,7:12,assassinate,True,22,"[9, 4, 0, 15, 7]",1,0.0,-124,7,9,0.430799220272904,131,1
152,"(17,7)",,True,24,"[6, 17, 7, 18, 2]",1,0.0,-126,7,9,0.45964912280701703,133,1
153,"(17,7)",,True,24,"[6, 17, 7, 18, 2]",1,0.0,-126,7,9,0.45964912280701703,133,1
154,"(5,19)",,True,26,"[18, 5, 15, 14, 19]",2,0.020955165692007,-128,7,9,0.528849902534113,135,1
155,"(5,19)",,True,26,"[18, 5, 15, 14, 19]",2,0.020955165692007,-128,7,9,0.528849902534113,135,1
156,"(15,1)",,True,28,"[15, 17, 4, 1, 7]",2,0.014132553606237,-130,7,10,0.512670565302144,137,1
157,"(15,1)",,True,28,"[15, 17, 4, 1, 7]",2,0.014132553606237,-130,7,10,0.512670565302144,137,1
158,10:12,assassinate,True,23,"[4, 16, 18, 10, 11]",3,0.11111111111111101,-132,7,9,0.622807017543859,139,1
159,10:12,assassinate,True,23,"[4, 16, 18, 10, 11]",3,0.11111111111111101,-132,7,9,0.622807017543859,139,1
160,"(14,1)",,True,25,"[7, 14, 13, 15, 1]",3,0.11695906432748501,-134,7,10,0.5682261208576991,141,1
161,"(14,1)",,True,25,"[7, 14, 13, 15, 1]",3,0.11695906432748501,-134,7,10,0.5682261208576991,141,1
162,"(7,12)",,True,25,"[0, 13, 7, 4, 12]",3,0.11208576998050601,-136,7,9,0.46588693957115,143,1
163,"(7,12)",,True,25,"[0, 13, 7, 4, 12]",3,0.11208576998050601,-136,7,9,0.46588693957115,143,1
164,"(2,16)",,True,25,"[9, 2, 4, 0, 16]",3,0.11686159844054501,-138,7,9,0.460428849902534,145,1
165,"(2,16)",,True,25,"[9, 2, 4, 0, 16]",3,0.11686159844054501,-138,7,9,0.460428849902534,145,1
166,"(3,1)",,True,27,"[3, 2, 1, 5, 4]",3,0.046686159844054005,-140,7,10,0.45165692007797203,147,1
167,"(3,1)",,True,27,"[3, 2, 1, 5, 4]",3,0.046686159844054005,-140,7,10,0.45165692007797203,147,1
168,15:10,assassinate,True,23,"[15, 9, 19, 14, 11]",2,0.011695906432748001,-142,7,9,0.401559454191033,149,1
169,15:10,assassinate,True,23,"[15, 9, 19, 14, 11]",2,0.011695906432748001,-142,7,9,0.401559454191033,149,1
170,"(16,9)",,True,23,"[16, 9, 10, 3, 0]",2,0.011695906432748001,-144,7,8,0.395711500974658,151,1
171,"(16,9)",,True,23,"[16, 9, 10, 3, 0]",2,0.011695906432748001,-144,7,8,0.395711500974658,151,1
172,8:10,assassinate,True,19,"[9, 8, 10, 5, 0]",1,0.0,-146,7,8,0.485380116959064,153,1
173,8:10,assassinate,True,19,"[9, 8, 10, 5, 0]",1,0.0,-146,7,8,0.485380116959064,153,1
174,"(2,18)",,True,19,"[2, 19, 18, 15, 12]",0,-0.001,-148,7,8,0.47953216374269003,155,1
175,"(2,18)",,True,19,"[2, 19, 18, 15, 12]",0,-0.001,-148,7,8,0.47953216374269003,155,1
176,"(7,13)",,True,21,"[5, 9, 7, 13, 14]",0,-0.001,-150,7,8,0.405458089668615,157,1
177,"(7,13)",,True,21,"[5, 9, 7, 13, 14]",0,-0.001,-150,7,8,0.405458089668615,157,1
178,"(15,1)",,True,23,"[5, 15, 1, 4, 14]",0,-0.001,-152,7,9,0.481481481481481,159,1
179,"(15,1)",,True,23,"[5, 15, 1, 4, 14]",0,-0.001,-152,7,9,0.481481481481481,159,1
180,"(12,16)",,True,23,"[12, 14, 18, 4, 16]",0,-0.001,-154,7,9,0.512670565302144,161,1
181,"(12,16)",,True,23,"[12, 14, 18, 4, 16]",0,-0.001,-154,7,9,0.512670565302144,161,1
182,"(8,15)",,True,25,"[2, 18, 8, 15, 3]",0,-0.001,-156,7,9,0.566276803118908,163,1
183,"(8,15)",,True,25,"[2, 18, 8, 15, 3]",0,-0.001,-156,7,9,0.566276803118908,163,1
184,"(3,10)",,True,25,"[3, 5, 6, 7, 10]",0,-0.001,-158,7,9,0.5545808966861591,165,1
185,"(3,10)",,True,25,"[3, 5, 6, 7, 10]",0,-0.001,-158,7,9,0.5545808966861591,165,1
186,"(17,7)",,True,25,"[9, 11, 15, 17, 7]",0,-0.001,-160,7,9,0.5233918128654971,167,1
187,"(17,7)",,True,25,"[9, 11, 15, 17, 7]",0,-0.001,-160,7,9,0.5233918128654971,167,1
188,"(14,0)",,True,27,"[16, 6, 14, 0, 18]",1,0.0,-162,7,9,0.5233918128654971,169,1
189,"(14,0)",,True,27,"[16, 6, 14, 0, 18]",1,0.0,-162,7,9,0.5233918128654971,169,1
190,"(7,9)",,True,29,"[7, 9, 19, 17, 15]",2,0.020467836257309,-164,7,9,0.47319688109161706,171,1
191,"(7,9)",,True,29,"[7, 9, 19, 17, 15]",2,0.020467836257309,-164,7,9,0.47319688109161706,171,1
192,5:6,assassinate,True,27,"[15, 5, 17, 4, 10]",2,0.09941520467836201,-166,7,9,0.550682261208576,173,1
193,5:6,assassinate,True,27,"[15, 5, 17, 4, 10]",2,0.09941520467836201,-166,7,9,0.550682261208576,173,1
194,8:2,assassinate,True,27,"[12, 17, 8, 5, 18]",2,0.025341130604288,-168,7,9,0.45224171539961006,175,1
195,8:2,assassinate,True,27,"[12, 17, 8, 5, 18]",2,0.025341130604288,-168,7,9,0.45224171539961006,175,1
196,"(2,1)",,True,29,"[2, 1, 11, 19, 10]",3,0.05214424951267001,-170,7,10,0.45516569200779705,177,1
197,"(2,1)",,True,29,"[2, 1, 11, 19, 10]",3,0.05214424951267001,-170,7,10,0.45516569200779705,177,1
198,"(11,8)",,True,29,"[11, 8, 13, 16, 9]",3,0.076705653021442,-172,7,9,0.493762183235867,179,1
199,"(11,8)",,True,29,"[11, 8, 13, 16, 9]",3,0.076705653021442,-172,7,9,0.493762183235867,179,1
200,9:6,assassinate,True,27,"[12, 13, 4, 9, 3]",2,0.027777777777777003,-174,7,9,0.42251461988304,181,1
201,9:6,assassinate,True,27,"[12, 13, 4, 9, 3]",2,0.027777777777777003,-174,7,9,0.42251461988304,181,1
202,"(1,18)",,True,29,"[3, 1, 19, 17, 18]",2,0.024853801169590004,-176,7,10,0.42738791423001904,183,1
203,"(1,18)",,True,29,"[3, 1, 19, 17, 18]",2,0.024853801169590004,-176,7,10,0.42738791423001904,183,1
204,"(13,17)",,True,29,"[6, 2, 9, 13, 17]",3,0.043859649122807,-178,7,10,0.437621832358674,185,1
205,"(13,17)",,True,29,"[6, 2, 9, 13, 17]",3,0.043859649122807,-178,7,10,0.437621832358674,185,1
206,"(5,15)",,True,31,"[18, 5, 14, 15, 0]",3,0.049317738791423,-180,7,10,0.478947368421052,187,1
207,"(5,15)",,True,31,"[18, 5, 14, 15, 0]",3,0.049317738791423,-180,7,10,0.478947368421052,187,1
208,"(15,9)",,True,33,"[0, 7, 15, 11, 9]",4,0.10838206627680301,-182,7,10,0.495906432748537,189,1
209,"(15,9)",,True,33,"[0, 7, 15, 11, 9]",4,0.10838206627680301,-182,7,10,0.495906432748537,189,1
210,17:12,assassinate,True,28,"[3, 7, 17, 9, 14]",3,0.065302144249512,-184,7,9,0.5097465886939571,191,1
211,17:12,assassinate,True,28,"[3, 7, 17, 9, 14]",3,0.065302144249512,-184,7,9,0.5097465886939571,191,1
212,"(13,17)",,True,30,"[12, 3, 13, 17, 6]",3,0.06822612085769901,-186,7,9,0.5321637426900581,193,1
213,"(13,17)",,True,30,"[12, 3, 13, 17, 6]",3,0.06822612085769901,-186,7,9,0.5321637426900581,193,1
214,"(4,6)",,True,28,"[4, 0, 6, 18, 17]",3,0.07602339181286501,-188,7,8,0.5204678362573091,195,1
215,"(4,6)",,True,28,"[4, 0, 6, 18, 17]",3,0.07602339181286501,-188,7,8,0.5204678362573091,195,1
216,"(18,1)",,True,30,"[9, 13, 18, 2, 1]",4,0.12495126705653001,-190,7,9,0.480311890838206,197,1
217,"(18,1)",,True,30,"[9, 13, 18, 2, 1]",4,0.12495126705653001,-190,7,9,0.480311890838206,197,1
218,5:2,assassinate,True,28,"[6, 5, 13, 16, 11]",3,0.071734892787524,-192,7,9,0.44873294346978504,199,1
219,5:2,assassinate,True,28,"[6, 5, 13, 16, 11]",3,0.071734892787524,-192,7,9,0.44873294346978504,199,1
220,"(4,11)",,True,26,"[9, 12, 2, 4, 11]",3,0.123781676413255,-194,7,9,0.475633528265107,201,1
221,"(4,11)",,True,26,"[9, 12, 2, 4, 11]",3,0.123781676413255,-194,7,9,0.475633528265107,201,1
222,"(9,15)",,True,26,"[4, 9, 15, 12, 0]",3,0.123781676413255,-196,7,9,0.46491228070175405,203,1
223,"(9,15)",,True,26,"[4, 9, 15, 12, 0]",3,0.123781676413255,-196,7,9,0.46491228070175405,203,1
224,"(7,0)",,True,24,"[11, 16, 7, 0, 8]",2,0.09356725146198801,-198,7,8,0.41617933723196804,205,1
225,"(7,0)",,True,24,"[11, 16, 7, 0, 8]",2,0.09356725146198801,-198,7,8,0.41617933723196804,205,1
226,"(11,12)",,True,26,"[0, 13, 11, 6, 12]",3,0.19298245614035,-200,7,8,0.453216374269005,207,1
227,"(11,12)",,True,26,"[0, 13, 11, 6, 12]",3,0.19298245614035,-200,7,8,0.453216374269005,207,1
228,"(5,2)",,True,29,"[10, 6, 0, 5, 2]",5,0.21929824561403502,-202,7,8,0.46783625730994105,209,1
229,"(5,2)",,True,29,"[10, 6, 0, 5, 2]",5,0.21929824561403502,-202,7,8,0.46783625730994105,209,1
230,14:12,assassinate,True,22,"[2, 14, 0, 1, 12]",4,0.26315789473684204,-204,7,7,0.5146198830409351,211,1
231,14:12,assassinate,True,22,"[2, 14, 0, 1, 12]",4,0.26315789473684204,-204,7,7,0.5146198830409351,211,1
232,"(5,11)",,True,24,"[5, 11, 9, 15, 19]",4,0.190253411306042,-206,7,7,0.361013645224171,213,1
233,"(5,11)",,True,24,"[5, 11, 9, 15, 19]",4,0.190253411306042,-206,7,7,0.361013645224171,213,1
234,10:4,assassinate,True,23,"[5, 8, 10, 19, 13]",3,0.096686159844054,-208,7,7,0.3317738791423,215,1
235,10:4,assassinate,True,23,"[5, 8, 10, 19, 13]",3,0.096686159844054,-208,7,7,0.3317738791423,215,1
236,"(18,17)",,True,23,"[18, 8, 6, 17, 4]",4,0.18908382066276802,-210,7,7,0.40350877192982404,217,1
237,"(18,17)",,True,23,"[18, 8, 6, 17, 4]",4,0.18908382066276802,-210,7,7,0.40350877192982404,217,1
238,16:6,assassinate,True,21,"[5, 4, 7, 16, 6]",4,0.180311890838206,-212,7,7,0.338206627680311,219,1
239,16:6,assassinate,True,21,"[5, 4, 7, 16, 6]",4,0.180311890838206,-212,7,7,0.338206627680311,219,1
240,"(15,1)",,True,23,"[15, 3, 8, 1, 4]",4,0.11598440545808901,-214,7,8,0.32261208576998,221,1
241,"(15,1)",,True,23,"[15, 3, 8, 1, 4]",4,0.11598440545808901,-214,7,8,0.32261208576998,221,1
242,"(15,0)",,True,21,"[15, 19, 5, 4, 0]",3,0.10331384015594501,-216,7,7,0.331384015594541,223,1
243,"(15,0)",,True,21,"[15, 19, 5, 4, 0]",3,0.10331384015594501,-216,7,7,0.331384015594541,223,1
244,"(12,9)",,True,20,"[12, 18, 9, 17, 6]",3,0.16959064327485301,-218,7,6,0.26315789473684204,225,1
245,"(12,9)",,True,20,"[12, 18, 9, 17, 6]",3,0.16959064327485301,-218,7,6,0.26315789473684204,225,1
246,"(10,4)",,True,22,"[10, 4, 6, 16, 14]",3,0.18128654970760202,-220,7,6,0.33918128654970703,227,1
247,"(10,4)",,True,22,"[10, 4, 6, 16, 14]",3,0.18128654970760202,-220,7,6,0.33918128654970703,227,1
248,"(0,14)",,True,22,"[9, 0, 16, 14, 10]",2,0.087719298245614,-222,7,6,0.276803118908382,229,1
249,"(0,14)",,True,22,"[9, 0, 16, 14, 10]",2,0.087719298245614,-222,7,6,0.276803118908382,229,1
250,"(11,8)",,True,22,"[11, 12, 8, 13, 7]",3,0.18128654970760202,-224,7,6,0.30896686159844,231,1
251,"(11,8)",,True,22,"[11, 12, 8, 13, 7]",3,0.18128654970760202,-224,7,6,0.30896686159844,231,1
252,2:16,assassinate,True,15,"[19, 18, 2, 4, 0]",2,0.005847953216374001,-226,7,5,0.309941520467836,233,1
253,2:16,assassinate,True,15,"[19, 18, 2, 4, 0]",2,0.005847953216374001,-226,7,5,0.309941520467836,233,1
254,"(1,5)",,True,17,"[9, 1, 4, 5, 0]",2,0.08187134502923901,-228,7,6,0.47953216374269003,235,1
255,"(1,5)",,True,17,"[9, 1, 4, 5, 0]",2,0.08187134502923901,-228,7,6,0.47953216374269003,235,1
256,"(15,1)",,True,19,"[15, 5, 8, 4, 1]",2,0.0029239766081870003,-230,7,7,0.415204678362573,237,1
257,"(15,1)",,True,19,"[15, 5, 8, 4, 1]",2,0.0029239766081870003,-230,7,7,0.415204678362573,237,1
258,"(16,13)",,True,21,"[10, 16, 6, 13, 18]",2,0.006822612085769001,-232,7,7,0.42690058479532106,239,1
259,"(16,13)",,True,21,"[10, 16, 6, 13, 18]",2,0.006822612085769001,-232,7,7,0.42690058479532106,239,1
260,10:8,assassinate,True,18,"[9, 0, 3, 14, 10]",2,0.006822612085769001,-234,7,7,0.47953216374269003,241,1
261,10:8,assassinate,True,18,"[9, 0, 3, 14, 10]",2,0.006822612085769001,-234,7,7,0.47953216374269003,241,1
262,"(18,3)",,True,20,"[4, 18, 3, 11, 17]",3,0.030214424951267003,-236,7,7,0.412280701754385,243,1
263,"(18,3)",,True,20,"[4, 18, 3, 11, 17]",3,0.030214424951267003,-236,7,7,0.412280701754385,243,1
264,"(10,3)",,True,22,"[8, 10, 9, 3, 2]",3,0.033138401559454,-238,7,7,0.43021442495126705,245,1
265,"(10,3)",,True,22,"[8, 10, 9, 3, 2]",3,0.033138401559454,-238,7,7,0.43021442495126705,245,1
266,"(6,1)",,True,24,"[6, 18, 1, 14, 13]",3,0.033138401559454,-240,7,8,0.44715956558061803,247,1
267,"(6,1)",,True,24,"[6, 18, 1, 14, 13]",3,0.033138401559454,-240,7,8,0.44715956558061803,247,1
268,"(18,3)",,True,22,"[10, 18, 12, 9, 3]",3,0.033138401559454,-242,7,7,0.40935672514619803,249,1
269,"(18,3)",,True,22,"[10, 18, 12, 9, 3]",3,0.033138401559454,-242,7,7,0.40935672514619803,249,1
270,"(0,5)",,True,20,"[19, 16, 0, 5, 18]",2,0.134502923976608,-244,7,6,0.316764132553606,251,1
271,"(0,5)",,True,20,"[19, 16, 0, 5, 18]",2,0.134502923976608,-244,7,6,0.316764132553606,251,1
272,15:8,assassinate,True,17,"[2, 15, 12, 1, 9]",1,0.0,-246,7,5,0.415204678362573,253,1
273,15:8,assassinate,True,17,"[2, 15, 12, 1, 9]",1,0.0,-246,7,5,0.415204678362573,253,1
274,"(18,13)",,True,17,"[18, 0, 12, 13, 11]",1,0.0,-248,7,5,0.415204678362573,255,1
275,"(18,13)",,True,17,"[18, 0, 12, 13, 11]",1,0.0,-248,7,5,0.415204678362573,255,1
276,"(18,14)",,True,19,"[18, 13, 14, 16, 9]",1,0.0,-250,7,5,0.37719298245614,257,1
277,"(18,14)",,True,19,"[18, 13, 14, 16, 9]",1,0.0,-250,7,5,0.37719298245614,257,1
278,"(19,16)",,True,21,"[18, 19, 9, 12, 16]",1,0.0,-252,7,5,0.29239766081871305,259,1
279,"(19,16)",,True,21,"[18, 19, 9, 12, 16]",1,0.0,-252,7,5,0.29239766081871305,259,1
280,8:8,assassinate,True,17,"[12, 17, 3, 8, 14]",0,-0.001,-254,7,4,0.251461988304093,261,1
281,8:8,assassinate,True,17,"[12, 17, 3, 8, 14]",0,-0.001,-254,7,4,0.251461988304093,261,1
282,"(18,14)",,True,17,"[5, 4, 18, 14, 3]",0,-0.001,-256,7,4,0.20467836257309902,263,1
283,"(18,14)",,True,17,"[5, 4, 18, 14, 3]",0,-0.001,-256,7,4,0.20467836257309902,263,1
284,"(8,18)",,True,19,"[8, 11, 10, 18, 4]",1,0.0,-258,7,4,0.345029239766081,265,1
285,"(8,18)",,True,19,"[8, 11, 10, 18, 4]",1,0.0,-258,7,4,0.345029239766081,265,1
286,"(14,9)",,True,21,"[0, 14, 9, 10, 7]",1,0.0,-260,7,4,0.11111111111111101,267,1
287,"(14,9)",,True,21,"[0, 14, 9, 10, 7]",1,0.0,-260,7,4,0.11111111111111101,267,1
288,"(16,12)",,True,23,"[13, 16, 12, 10, 0]",1,0.0,-262,7,4,0.117738791423001,269,1
289,"(16,12)",,True,23,"[13, 16, 12, 10, 0]",1,0.0,-262,7,4,0.117738791423001,269,1
290,3:10,assassinate,True,19,"[7, 3, 9, 17, 8]",1,0.0,-264,7,3,0.23391812865497003,271,1
291,3:10,assassinate,True,19,"[7, 3, 9, 17, 8]",1,0.0,-264,7,3,0.23391812865497003,271,1
292,"(3,18)",,True,21,"[9, 3, 7, 0, 18]",1,0.0,-266,7,3,0.29239766081871305,273,1
293,"(3,18)",,True,21,"[9, 3, 7, 0, 18]",1,0.0,-266,7,3,0.29239766081871305,273,1
294,17:8,assassinate,True,18,"[17, 18, 12, 11, 13]",1,0.0,-268,7,3,0.092592592592592,275,1
295,17:8,assassinate,True,18,"[17, 18, 12, 11, 13]",1,0.0,-268,7,3,0.092592592592592,275,1
296,"(11,4)",,True,20,"[11, 4, 19, 5, 2]",2,0.035087719298245,-268,8,3,0.057504873294346004,276,1
297,"(11,4)",,True,20,"[11, 4, 19, 5, 2]",2,0.035087719298245,-268,8,3,0.057504873294346004,276,1
298,"(10,3)",,True,22,"[10, 2, 17, 3, 0]",3,0.08732943469785501,-266,10,3,0.058674463937621005,276,1
299,"(10,3)",,True,22,"[10, 2, 17, 3, 0]",3,0.08732943469785501,-266,10,3,0.058674463937621005,276,1
300,8:4,assassinate,True,21,"[8, 17, 3, 11, 10]",2,0.027875243664717,-266,11,3,0.036744639376218004,277,1
301,8:4,assassinate,True,21,"[8, 17, 3, 11, 10]",2,0.027875243664717,-266,11,3,0.036744639376218004,277,1
302,19:8,assassinate,True,18,"[15, 19, 3, 11, 14]",2,0.022904483430799,-266,12,2,0.023391812865497002,278,1
303,19:8,assassinate,True,18,"[15, 19, 3, 11, 14]",2,0.022904483430799,-266,12,2,0.023391812865497002,278,1
304,9:6,assassinate,True,14,"[6, 12, 16, 19, 9]",1,0.0,-266,13,2,0.011695906432748001,279,1
305,9:6,assassinate,True,14,"[6, 12, 16, 19, 9]",1,0.0,-266,13,2,0.011695906432748001,279,1
306,"(1,11)",,True,16,"[1, 17, 5, 10, 11]",1,0.0,-268,13,3,0.09551656920077901,281,1
307,"(1,11)",,True,16,"[1, 17, 5, 10, 11]",1,0.0,-268,13,3,0.09551656920077901,281,1
308,12:6,assassinate,True,14,"[19, 10, 12, 0, 3]",1,0.0,-270,13,3,0.11598440545808901,283,1
309,12:6,assassinate,True,14,"[19, 10, 12, 0, 3]",1,0.0,-270,13,3,0.11598440545808901,283,1
310,"(16,13)",,True,12,"[6, 15, 16, 13, 10]",1,0.0,-272,13,2,0.027290448343079,285,1
311,"(16,13)",,True,12,"[6, 15, 16, 13, 10]",1,0.0,-272,13,2,0.027290448343079,285,1
312,"(18,4)",,True,12,"[18, 0, 5, 1, 4]",1,0.0,-274,13,2,0.11695906432748501,287,1
313,"(18,4)",,True,12,"[18, 0, 5, 1, 4]",1,0.0,-274,13,2,0.11695906432748501,287,1
314,"(10,13)",,True,12,"[14, 8, 10, 12, 13]",1,0.0,-276,13,2,0.11695906432748501,289,1
315,"(10,13)",,True,12,"[14, 8, 10, 12, 13]",1,0.0,-276,13,2,0.11695906432748501,289,1
316,"(7,17)",,True,14,"[7, 17, 3, 9, 13]",1,0.0,-278,13,2,0.20467836257309902,291,1
317,"(7,17)",,True,14,"[7, 17, 3, 9, 13]",1,0.0,-278,13,2,0.20467836257309902,291,1
318,"(5,6)",,True,16,"[5, 14, 12, 6, 19]",2,0.053606237816764005,-276,15,2,0.037037037037037,291,1
319,"(5,6)",,True,16,"[5, 14, 12, 6, 19]",2,0.053606237816764005,-276,15,2,0.037037037037037,291,1
320,"(4,8)",,True,18,"[4, 8, 16, 5, 12]",2,0.051656920077972006,-274,17,2,0.033723196881091,291,1
321,"(4,8)",,True,18,"[4, 8, 16, 5, 12]",2,0.051656920077972006,-274,17,2,0.033723196881091,291,1
322,"(0,7)",,True,18,"[0, 15, 16, 7, 18]",1,0.0,-274,18,2,0.05847953216374201,292,1
323,"(0,7)",,True,18,"[0, 15, 16, 7, 18]",1,0.0,-274,18,2,0.05847953216374201,292,1
324,10:8,assassinate,True,15,"[11, 2, 10, 5, 15]",1,0.0,-276,18,2,0.050682261208577,294,1
325,10:8,assassinate,True,15,"[11, 2, 10, 5, 15]",1,0.0,-276,18,2,0.050682261208577,294,1
326,"(10,13)",,True,17,"[10, 13, 15, 12, 0]",1,0.0,-278,18,2,0.035087719298245,296,1
327,"(10,13)",,True,17,"[10, 13, 15, 12, 0]",1,0.0,-278,18,2,0.035087719298245,296,1
328,"(1,10)",,True,19,"[6, 1, 8, 10, 16]",1,0.0,-280,18,3,0.07602339181286501,298,1
329,"(1,10)",,True,19,"[6, 1, 8, 10, 16]",1,0.0,-280,18,3,0.07602339181286501,298,1
330,"(10,18)",,True,19,"[10, 8, 4, 18, 7]",1,0.0,-282,18,3,0.14619883040935602,300,1
331,"(10,18)",,True,19,"[10, 8, 4, 18, 7]",1,0.0,-282,18,3,0.14619883040935602,300,1
332,"(14,16)",,True,21,"[17, 19, 14, 11, 16]",1,0.0,-284,18,3,0.033138401559454,302,1
333,"(14,16)",,True,21,"[17, 19, 14, 11, 16]",1,0.0,-284,18,3,0.033138401559454,302,1
334,"(1,2)",,True,21,"[1, 2, 15, 8, 12]",1,0.0,-286,18,4,0.109161793372319,304,1
335,"(1,2)",,True,21,"[1, 2, 15, 8, 12]",1,0.0,-286,18,4,0.109161793372319,304,1
336,"(10,15)",,True,23,"[10, 15, 11, 0, 9]",1,0.0,-288,18,4,0.15204678362573001,306,1
337,"(10,15)",,True,23,"[10, 15, 11, 0, 9]",1,0.0,-288,18,4,0.15204678362573001,306,1
338,"(1,16)",,True,26,"[1, 8, 16, 3, 2]",1,0.0,-290,18,5,0.29649122807017503,308,1
339,"(1,16)",,True,26,"[1, 8, 16, 3, 2]",1,0.0,-290,18,5,0.29649122807017503,308,1
340,"(1,14)",,True,26,"[5, 1, 14, 3, 17]",1,0.0,-292,18,5,0.303118908382066,310,1
341,"(1,14)",,True,26,"[5, 1, 14, 3, 17]",1,0.0,-292,18,5,0.303118908382066,310,1
342,"(14,19)",,True,28,"[4, 12, 14, 7, 19]",1,0.0,-294,18,5,0.33187134502923904,312,1
343,"(14,19)",,True,28,"[4, 12, 14, 7, 19]",1,0.0,-294,18,5,0.33187134502923904,312,1
344,"(8,16)",,True,28,"[8, 19, 13, 17, 16]",1,0.0,-296,18,5,0.383040935672514,314,1
345,"(8,16)",,True,28,"[8, 19, 13, 17, 16]",1,0.0,-296,18,5,0.383040935672514,314,1
346,"(18,15)",,True,28,"[18, 11, 16, 3, 15]",1,0.0,-298,18,5,0.35964912280701705,316,1
347,"(18,15)",,True,28,"[18, 11, 16, 3, 15]",1,0.0,-298,18,5,0.35964912280701705,316,1
348,"(3,5)",,True,30,"[17, 2, 3, 18, 5]",1,0.0,-300,18,5,0.353021442495126,318,1
349,"(3,5)",,True,30,"[17, 2, 3, 18, 5]",1,0.0,-300,18,5,0.353021442495126,318,1
350,"(2,6)",,True,28,"[2, 19, 3, 15, 6]",1,0.0,-302,18,4,0.40662768031189,320,1
351,"(2,6)",,True,28,"[2, 19, 3, 15, 6]",1,0.0,-302,18,4,0.40662768031189,320,1
352,"(11,19)",,True,30,"[11, 19, 15, 8, 17]",1,0.0,-304,18,4,0.157115009746588,322,1
353,"(11,19)",,True,30,"[11, 19, 15, 8, 17]",1,0.0,-304,18,4,0.157115009746588,322,1
354,"(3,18)",,True,28,"[12, 3, 0, 18, 19]",1,0.0,-306,18,3,0.118908382066276,324,1
355,"(3,18)",,True,28,"[12, 3, 0, 18, 19]",1,0.0,-306,18,3,0.118908382066276,324,1
356,"(16,4)",,True,30,"[16, 4, 18, 13, 15]",1,0.0,-308,18,3,0.110136452241715,326,1
357,"(16,4)",,True,30,"[16, 4, 18, 13, 15]",1,0.0,-308,18,3,0.110136452241715,326,1
358,"(1,15)",,True,30,"[7, 1, 13, 15, 16]",1,0.0,-310,18,4,0.125730994152046,328,1
359,"(1,15)",,True,30,"[7, 1, 13, 15, 16]",1,0.0,-310,18,4,0.125730994152046,328,1
360,"(18,9)",,True,32,"[18, 9, 16, 2, 7]",2,0.0,-312,18,4,0.13157894736842102,330,1
361,"(18,9)",,True,32,"[18, 9, 16, 2, 7]",2,0.0,-312,18,4,0.13157894736842102,330,1
362,14:8,assassinate,True,29,"[18, 19, 11, 14, 3]",2,0.0,-314,18,4,0.122807017543859,332,1
363,14:8,assassinate,True,29,"[18, 19, 11, 14, 3]",2,0.0,-314,18,4,0.122807017543859,332,1
364,"(2,14)",,True,31,"[2, 18, 6, 19, 14]",3,0.027290448343079,-316,18,4,0.22456140350877102,334,1
365,"(2,14)",,True,31,"[2, 18, 6, 19, 14]",3,0.027290448343079,-316,18,4,0.22456140350877102,334,1
366,"(1,3)",,True,33,"[4, 1, 18, 3, 10]",3,0.025828460038986003,-318,18,5,0.148635477582845,336,1
367,"(1,3)",,True,33,"[4, 1, 18, 3, 10]",3,0.025828460038986003,-318,18,5,0.148635477582845,336,1
368,"(15,6)",,True,34,"[4, 8, 15, 6, 18]",3,0.023911630929174,-320,18,5,0.11656455954701501,338,1
369,"(15,6)",,True,34,"[4, 8, 15, 6, 18]",3,0.023911630929174,-320,18,5,0.11656455954701501,338,1
370,"(3,5)",,True,34,"[16, 3, 19, 10, 5]",4,0.070077972709551,-322,18,5,0.17761069340016702,340,1
371,"(3,5)",,True,34,"[16, 3, 19, 10, 5]",4,0.070077972709551,-322,18,5,0.17761069340016702,340,1
372,"(1,8)",,True,36,"[1, 0, 8, 10, 4]",4,0.064035087719298,-324,18,6,0.20584331198366201,342,1
373,"(1,8)",,True,36,"[1, 0, 8, 10, 4]",4,0.064035087719298,-324,18,6,0.20584331198366201,342,1
374,14:10,assassinate,True,32,"[15, 14, 3, 13, 10]",4,0.07037037037037,-326,18,6,0.24441195581546402,344,1
375,14:10,assassinate,True,32,"[15, 14, 3, 13, 10]",4,0.07037037037037,-326,18,6,0.24441195581546402,344,1
376,9:4,assassinate,True,29,"[9, 8, 7, 18, 2]",3,0.025925925925925002,-328,18,6,0.20679012345679001,346,1
377,9:4,assassinate,True,29,"[9, 8, 7, 18, 2]",3,0.025925925925925002,-328,18,6,0.20679012345679001,346,1
378,"(11,15)",,True,31,"[11, 4, 17, 7, 15]",4,0.10721247563352801,-330,18,6,0.22716049382716003,348,1
379,"(11,15)",,True,31,"[11, 4, 17, 7, 15]",4,0.10721247563352801,-330,18,6,0.22716049382716003,348,1
380,6:10,assassinate,True,26,"[12, 14, 6, 19, 18]",4,0.121345029239766,-332,18,5,0.24951267056530202,350,1
381,6:10,assassinate,True,26,"[12, 14, 6, 19, 18]",4,0.121345029239766,-332,18,5,0.24951267056530202,350,1
382,19:4,assassinate,True,23,"[11, 8, 19, 3, 0]",4,0.13352826510721202,-334,18,5,0.23196881091617902,352,1
383,19:4,assassinate,True,23,"[11, 8, 19, 3, 0]",4,0.13352826510721202,-334,18,5,0.23196881091617902,352,1
384,"(1,19)",,True,25,"[1, 19, 0, 18, 16]",5,0.23879142300194903,-336,18,6,0.34307992202729004,354,1
385,"(1,19)",,True,25,"[1, 19, 0, 18, 16]",5,0.23879142300194903,-336,18,6,0.34307992202729004,354,1
386,"(15,12)",,True,27,"[2, 17, 15, 3, 12]",5,0.219590643274853,-338,18,6,0.367933723196881,356,1
387,"(15,12)",,True,27,"[2, 17, 15, 3, 12]",5,0.219590643274853,-338,18,6,0.367933723196881,356,1
388,6:2,assassinate,True,27,"[10, 2, 12, 6, 5]",4,0.12504873294346902,-340,18,6,0.288011695906432,358,1
389,6:2,assassinate,True,27,"[10, 2, 12, 6, 5]",4,0.12504873294346902,-340,18,6,0.288011695906432,358,1
390,"(1,7)",,True,29,"[1, 11, 16, 19, 7]",4,0.12992202729044802,-342,18,7,0.24707602339181203,360,1
391,"(1,7)",,True,29,"[1, 11, 16, 19, 7]",4,0.12992202729044802,-342,18,7,0.24707602339181203,360,1
392,"(6,1)",,True,29,"[10, 6, 8, 1, 11]",4,0.14113060428849902,-344,18,7,0.32456140350877105,362,1
393,"(6,1)",,True,29,"[10, 6, 8, 1, 11]",4,0.14113060428849902,-344,18,7,0.32456140350877105,362,1
394,4:14,assassinate,True,21,"[17, 7, 4, 19, 2]",3,0.18567251461988302,-346,18,6,0.32456140350877105,364,1
395,4:14,assassinate,True,21,"[17, 7, 4, 19, 2]",3,0.18567251461988302,-346,18,6,0.32456140350877105,364,1
396,"(4,19)",,True,23,"[2, 4, 19, 5, 13]",4,0.23879142300194903,-348,18,6,0.38401559454191003,366,1
397,"(4,19)",,True,23,"[2, 4, 19, 5, 13]",4,0.23879142300194903,-348,18,6,0.38401559454191003,366,1
398,"(9,0)",,True,23,"[9, 0, 8, 11, 10]",3,0.055555555555555004,-350,18,6,0.270955165692007,368,1
399,"(9,0)",,True,23,"[9, 0, 8, 11, 10]",3,0.055555555555555004,-350,18,6,0.270955165692007,368,1
400,10:10,assassinate,True,17,"[3, 17, 13, 14, 10]",3,0.125730994152046,-352,18,5,0.27485380116959,370,1
401,10:10,assassinate,True,17,"[3, 17, 13, 14, 10]",3,0.125730994152046,-352,18,5,0.27485380116959,370,1
402,"(12,1)",,True,19,"[4, 17, 12, 14, 1]",4,0.18128654970760202,-354,18,6,0.376218323586744,372,1
403,"(12,1)",,True,19,"[4, 17, 12, 14, 1]",4,0.18128654970760202,-354,18,6,0.376218323586744,372,1
404,"(3,8)",,True,21,"[2, 11, 0, 3, 8]",5,0.23976608187134502,-356,18,6,0.40350877192982404,374,1
405,"(3,8)",,True,21,"[2, 11, 0, 3, 8]",5,0.23976608187134502,-356,18,6,0.40350877192982404,374,1
406,"(14,1)",,True,23,"[3, 16, 14, 10, 1]",5,0.270467836257309,-358,18,7,0.421052631578947,376,1
407,"(14,1)",,True,23,"[3, 16, 14, 10, 1]",5,0.270467836257309,-358,18,7,0.421052631578947,376,1
408,"(0,17)",,True,21,"[7, 13, 0, 17, 9]",4,0.15204678362573001,-360,18,6,0.40350877192982404,378,1
409,"(0,17)",,True,21,"[7, 13, 0, 17, 9]",4,0.15204678362573001,-360,18,6,0.40350877192982404,378,1
410,"(15,17)",,True,23,"[15, 10, 17, 16, 5]",4,0.118908382066276,-362,18,6,0.335282651072124,380,1
411,"(15,17)",,True,23,"[15, 10, 17, 16, 5]",4,0.118908382066276,-362,18,6,0.335282651072124,380,1
412,18:6,assassinate,True,21,"[18, 19, 8, 12, 6]",4,0.15107212475633502,-364,18,6,0.41130604288499,382,1
413,18:6,assassinate,True,21,"[18, 19, 8, 12, 6]",4,0.15107212475633502,-364,18,6,0.41130604288499,382,1
414,14:2,assassinate,True,21,"[4, 16, 7, 3, 14]",4,0.08479532163742601,-366,18,6,0.381578947368421,384,1
415,14:2,assassinate,True,21,"[4, 16, 7, 3, 14]",4,0.08479532163742601,-366,18,6,0.381578947368421,384,1
416,"(0,9)",,True,21,"[0, 14, 9, 5, 11]",4,0.108771929824561,-368,18,6,0.422417153996101,386,1
417,"(0,9)",,True,21,"[0, 14, 9, 5, 11]",4,0.108771929824561,-368,18,6,0.422417153996101,386,1
418,"(17,4)",,True,21,"[17, 13, 14, 4, 5]",4,0.15360623781676402,-370,18,6,0.41539961013645205,388,1
419,"(17,4)",,True,21,"[17, 13, 14, 4, 5]",4,0.15360623781676402,-370,18,6,0.41539961013645205,388,1
420,"(17,19)",,True,21,"[17, 18, 9, 11, 19]",4,0.15058479532163702,-372,18,6,0.41081871345029203,390,1
421,"(17,19)",,True,21,"[17, 18, 9, 11, 19]",4,0.15058479532163702,-372,18,6,0.41081871345029203,390,1
422,"(6,18)",,True,23,"[6, 2, 17, 8, 18]",5,0.211988304093567,-374,18,6,0.416666666666666,392,1
423,"(6,18)",,True,23,"[6, 2, 17, 8, 18]",5,0.211988304093567,-374,18,6,0.416666666666666,392,1
424,"(10,7)",,True,23,"[10, 14, 7, 19, 16]",5,0.29678362573099404,-376,18,6,0.47514619883040904,394,1
425,"(10,7)",,True,23,"[10, 14, 7, 19, 16]",5,0.29678362573099404,-376,18,6,0.47514619883040904,394,1
426,"(5,12)",,True,25,"[7, 5, 12, 13, 6]",6,0.25594541910331303,-378,18,6,0.405847953216374,396,1
427,"(5,12)",,True,25,"[7, 5, 12, 13, 6]",6,0.25594541910331303,-378,18,6,0.405847953216374,396,1
428,18:4,assassinate,True,24,"[19, 9, 5, 2, 18]",6,0.25009746588693904,-378,19,6,0.31228070175438505,397,1
429,18:4,assassinate,True,24,"[19, 9, 5, 2, 18]",6,0.25009746588693904,-378,19,6,0.31228070175438505,397,1
430,"(11,1)",,True,26,"[11, 19, 1, 8, 7]",7,0.31013645224171504,-376,21,7,0.25808966861598404,397,1
431,"(11,1)",,True,26,"[11, 19, 1, 8, 7]",7,0.31013645224171504,-376,21,7,0.25808966861598404,397,1
432,"(5,0)",,True,26,"[5, 18, 11, 0, 14]",7,0.283625730994152,-374,23,7,0.273879142300194,397,1
433,"(5,0)",,True,26,"[5, 18, 11, 0, 14]",7,0.283625730994152,-374,23,7,0.273879142300194,397,1
434,"(7,17)",,True,28,"[19, 7, 17, 16, 12]",7,0.25584795321637405,-372,25,7,0.228070175438596,397,1
435,"(7,17)",,True,28,"[19, 7, 17, 16, 12]",7,0.25584795321637405,-372,25,7,0.228070175438596,397,1
436,"(3,0)",,True,28,"[10, 12, 9, 3, 0]",6,0.183235867446393,-372,26,7,0.41325536062378104,398,1
437,"(3,0)",,True,28,"[10, 12, 9, 3, 0]",6,0.183235867446393,-372,26,7,0.41325536062378104,398,1
438,"(19,18)",,True,30,"[19, 16, 9, 18, 5]",7,0.21218323586744603,-374,26,7,0.444931773879142,400,1
439,"(19,18)",,True,30,"[19, 16, 9, 18, 5]",7,0.21218323586744603,-374,26,7,0.444931773879142,400,1
440,"(1,16)",,True,32,"[18, 1, 9, 11, 16]",8,0.34093567251461904,-372,28,8,0.287524366471734,400,1
441,"(1,16)",,True,32,"[18, 1, 9, 11, 16]",8,0.34093567251461904,-372,28,8,0.287524366471734,400,1
442,"(14,19)",,True,34,"[14, 6, 19, 7, 11]",9,0.302729044834307,-370,30,8,0.27797270955165604,400,1
443,"(14,19)",,True,34,"[14, 6, 19, 7, 11]",9,0.302729044834307,-370,30,8,0.27797270955165604,400,1
444,"(0,11)",,True,34,"[0, 11, 16, 19, 6]",8,0.28489278752436603,-370,31,8,0.285087719298245,401,1
445,"(0,11)",,True,34,"[0, 11, 16, 19, 6]",8,0.28489278752436603,-370,31,8,0.285087719298245,401,1
446,9:2,assassinate,True,32,"[9, 18, 19, 0, 16]",8,0.327387914230019,-368,33,7,0.17300194931773802,401,1
447,9:2,assassinate,True,32,"[9, 18, 19, 0, 16]",8,0.327387914230019,-368,33,7,0.17300194931773802,401,1
448,"(1,13)",,True,34,"[18, 1, 17, 13, 4]",8,0.308047897521581,-366,35,8,0.203926482873851,401,1
449,"(1,13)",,True,34,"[18, 1, 17, 13, 4]",8,0.308047897521581,-366,35,8,0.203926482873851,401,1
450,"(13,9)",,True,34,"[5, 17, 13, 14, 9]",8,0.349415204678362,-364,37,8,0.282602339181286,401,1
451,"(13,9)",,True,34,"[5, 17, 13, 14, 9]",8,0.349415204678362,-364,37,8,0.282602339181286,401,1
452,3:6,assassinate,True,32,"[16, 13, 2, 12, 3]",7,0.17300194931773802,-364,38,8,0.254970760233918,402,1
453,3:6,assassinate,True,32,"[16, 13, 2, 12, 3]",7,0.17300194931773802,-364,38,8,0.254970760233918,402,1
454,2:4,assassinate,True,31,"[11, 18, 13, 2, 14]",6,0.12183235867446301,-366,38,8,0.21783625730994102,404,1
455,2:4,assassinate,True,31,"[11, 18, 13, 2, 14]",6,0.12183235867446301,-366,38,8,0.21783625730994102,404,1
456,6:10,assassinate,True,27,"[11, 1, 7, 5, 6]",5,0.07348927875243601,-368,38,7,0.185575048732943,406,1
457,6:10,assassinate,True,27,"[11, 1, 7, 5, 6]",5,0.07348927875243601,-368,38,7,0.185575048732943,406,1
458,"(0,9)",,True,27,"[1, 0, 9, 6, 4]",5,0.07348927875243601,-370,38,7,0.185575048732943,408,1
459,"(0,9)",,True,27,"[1, 0, 9, 6, 4]",5,0.07348927875243601,-370,38,7,0.185575048732943,408,1
460,"(8,1)",,True,29,"[14, 7, 8, 1, 0]",5,0.08976608187134501,-372,38,8,0.286744639376218,410,1
461,"(8,1)",,True,29,"[14, 7, 8, 1, 0]",5,0.08976608187134501,-372,38,8,0.286744639376218,410,1
462,"(3,13)",,True,29,"[17, 4, 3, 19, 13]",5,0.08976608187134501,-374,38,8,0.31159844054580904,412,1
463,"(3,13)",,True,29,"[17, 4, 3, 19, 13]",5,0.08976608187134501,-374,38,8,0.31159844054580904,412,1
464,"(6,16)",,True,31,"[17, 6, 16, 7, 11]",6,0.135282651072124,-376,38,8,0.34093567251461904,414,1
465,"(6,16)",,True,31,"[17, 6, 16, 7, 11]",6,0.135282651072124,-376,38,8,0.34093567251461904,414,1
466,"(17,19)",,True,33,"[9, 16, 6, 17, 19]",6,0.10721247563352801,-378,38,8,0.30896686159844,416,1
467,"(17,19)",,True,33,"[9, 16, 6, 17, 19]",6,0.10721247563352801,-378,38,8,0.30896686159844,416,1
468,"(16,15)",,True,33,"[4, 10, 16, 13, 15]",6,0.092592592592592,-380,38,8,0.279239766081871,418,1
469,"(16,15)",,True,33,"[4, 10, 16, 13, 15]",6,0.092592592592592,-380,38,8,0.279239766081871,418,1
470,5:12,assassinate,True,28,"[5, 14, 11, 10, 4]",5,0.06335282651072101,-382,38,8,0.38898635477582805,420,1
471,5:12,assassinate,True,28,"[5, 14, 11, 10, 4]",5,0.06335282651072101,-382,38,8,0.38898635477582805,420,1
472,"(10,18)",,True,28,"[7, 10, 3, 18, 9]",5,0.123781676413255,-384,38,7,0.35136452241715405,422,1
473,"(10,18)",,True,28,"[7, 10, 3, 18, 9]",5,0.123781676413255,-384,38,7,0.35136452241715405,422,1
474,"(1,14)",,True,30,"[13, 1, 14, 6, 8]",5,0.135477582846003,-386,38,8,0.31920077972709504,424,1
475,"(1,14)",,True,30,"[13, 1, 14, 6, 8]",5,0.135477582846003,-386,38,8,0.31920077972709504,424,1
476,"(7,13)",,True,28,"[2, 7, 16, 13, 1]",5,0.129629629629629,-388,38,7,0.43128654970760205,426,1
477,"(7,13)",,True,28,"[2, 7, 16, 13, 1]",5,0.129629629629629,-388,38,7,0.43128654970760205,426,1
478,12:2,assassinate,True,28,"[14, 11, 12, 8, 9]",4,0.034600389863547,-390,38,7,0.31920077972709504,428,1
479,12:2,assassinate,True,28,"[14, 11, 12, 8, 9]",4,0.034600389863547,-390,38,7,0.31920077972709504,428,1
480,"(15,11)",,True,28,"[15, 2, 11, 9, 6]",4,0.034113060428849006,-392,38,7,0.240545808966861,430,1
481,"(15,11)",,True,28,"[15, 2, 11, 9, 6]",4,0.034113060428849006,-392,38,7,0.240545808966861,430,1
482,"(2,1)",,True,30,"[11, 16, 2, 1, 18]",4,0.029727095516569,-394,38,8,0.28050682261208504,432,1
483,"(2,1)",,True,30,"[11, 16, 2, 1, 18]",4,0.029727095516569,-394,38,8,0.28050682261208504,432,1
484,19:18,assassinate,True,22,"[9, 18, 19, 14, 17]",4,0.08576998050682201,-396,38,7,0.34697855750487305,434,1
485,19:18,assassinate,True,22,"[9, 18, 19, 14, 17]",4,0.08576998050682201,-396,38,7,0.34697855750487305,434,1
486,9:4,assassinate,True,19,"[10, 5, 15, 9, 18]",4,0.19883040935672502,-398,38,6,0.28265107212475604,436,1
487,9:4,assassinate,True,19,"[10, 5, 15, 9, 18]",4,0.19883040935672502,-398,38,6,0.28265107212475604,436,1
488,"(2,14)",,True,21,"[6, 2, 16, 12, 14]",4,0.096491228070175,-400,38,6,0.351851851851851,438,1
489,"(2,14)",,True,21,"[6, 2, 16, 12, 14]",4,0.096491228070175,-400,38,6,0.351851851851851,438,1
490,"(5,14)",,True,23,"[5, 14, 10, 3, 18]",4,0.100389863547758,-402,38,6,0.36549707602339104,440,1
491,"(5,14)",,True,23,"[5, 14, 10, 3, 18]",4,0.100389863547758,-402,38,6,0.36549707602339104,440,1
492,"(1,17)",,True,25,"[19, 1, 17, 7, 18]",5,0.105458089668615,-404,38,7,0.36510721247563305,442,1
493,"(1,17)",,True,25,"[19, 1, 17, 7, 18]",5,0.105458089668615,-404,38,7,0.36510721247563305,442,1
494,"(15,0)",,True,25,"[10, 15, 0, 5, 18]",5,0.113840155945419,-406,38,7,0.355165692007797,444,1
495,"(15,0)",,True,25,"[10, 15, 0, 5, 18]",5,0.113840155945419,-406,38,7,0.355165692007797,444,1
496,12:4,assassinate,True,22,"[19, 10, 18, 11, 12]",4,0.092592592592592,-408,38,7,0.38206627680311805,446,1
497,12:4,assassinate,True,22,"[19, 10, 18, 11, 12]",4,0.092592592592592,-408,38,7,0.38206627680311805,446,1
498,"(15,18)",,True,22,"[15, 10, 5, 18, 7]",4,0.09210526315789401,-410,38,7,0.374756335282651,448,1
499,"(15,18)",,True,22,"[15, 10, 5, 18, 7]",4,0.09210526315789401,-410,38,7,0.374756335282651,448,1
500,10:6,assassinate,True,20,"[10, 7, 13, 18, 14]",4,0.09551656920077901,-412,38,7,0.300194931773879,450,1
501,10:6,assassinate,True,20,"[10, 7, 13, 18, 14]",4,0.09551656920077901,-412,38,7,0.300194931773879,450,1
502,"(19,5)",,True,22,"[19, 10, 5, 8, 12]",4,0.106237816764132,-414,38,7,0.323781676413255,452,1
503,"(19,5)",,True,22,"[19, 10, 5, 8, 12]",4,0.106237816764132,-414,38,7,0.323781676413255,452,1
504,"(10,5)",,True,24,"[7, 10, 3, 5, 18]",4,0.107699805068226,-416,38,7,0.32816764132553605,454,1
505,"(10,5)",,True,24,"[7, 10, 3, 5, 18]",4,0.107699805068226,-416,38,7,0.32816764132553605,454,1
506,"(8,15)",,True,26,"[8, 10, 7, 15, 18]",4,0.11208576998050601,-418,38,7,0.32573099415204604,456,1
507,"(8,15)",,True,26,"[8, 10, 7, 15, 18]",4,0.11208576998050601,-418,38,7,0.32573099415204604,456,1
508,"(10,8)",,True,26,"[17, 16, 10, 8, 0]",4,0.11208576998050601,-420,38,7,0.43099415204678304,458,1
509,"(10,8)",,True,26,"[17, 16, 10, 8, 0]",4,0.11208576998050601,-420,38,7,0.43099415204678304,458,1
510,"(4,14)",,True,26,"[4, 10, 19, 6, 14]",4,0.07095516569200701,-422,38,6,0.41150097465886903,460,1
511,"(4,14)",,True,26,"[4, 10, 19, 6, 14]",4,0.07095516569200701,-422,38,6,0.41150097465886903,460,1
512,"(11,16)",,True,26,"[14, 15, 11, 10, 16]",4,0.105068226120857,-424,38,6,0.30038986354775804,462,1
513,"(11,16)",,True,26,"[14, 15, 11, 10, 16]",4,0.105068226120857,-424,38,6,0.30038986354775804,462,1
514,"(8,9)",,True,28,"[8, 10, 9, 12, 4]",4,0.11351991088833101,-426,38,6,0.27993595098858204,464,1
515,"(8,9)",,True,28,"[8, 10, 9, 12, 4]",4,0.11351991088833101,-426,38,6,0.27993595098858204,464,1
516,"(5,1)",,True,30,"[11, 5, 0, 17, 1]",4,0.09156920077972701,-428,38,7,0.35414230019493104,466,1
517,"(5,1)",,True,30,"[11, 5, 0, 17, 1]",4,0.09156920077972701,-428,38,7,0.35414230019493104,466,1
518,"(7,0)",,True,30,"[19, 8, 2, 7, 0]",3,0.067251461988304,-430,38,7,0.324171539961013,468,1
519,"(7,0)",,True,30,"[19, 8, 2, 7, 0]",3,0.067251461988304,-430,38,7,0.324171539961013,468,1
520,"(11,7)",,True,30,"[3, 0, 11, 2, 7]",3,0.07012670565302101,-432,38,7,0.31578947368421,470,1
521,"(11,7)",,True,30,"[3, 0, 11, 2, 7]",3,0.07012670565302101,-432,38,7,0.31578947368421,470,1
522,18:10,assassinate,True,26,"[7, 12, 19, 11, 18]",3,0.074756335282651,-434,38,7,0.34736842105263105,472,1
523,18:10,assassinate,True,26,"[7, 12, 19, 11, 18]",3,0.074756335282651,-434,38,7,0.34736842105263105,472,1
524,13:10,assassinate,True,22,"[15, 6, 16, 3, 13]",3,0.082748538011695,-436,38,6,0.25906432748538,474,1
525,13:10,assassinate,True,22,"[15, 6, 16, 3, 13]",3,0.082748538011695,-436,38,6,0.25906432748538,474,1
526,"(5,12)",,True,24,"[19, 5, 9, 12, 3]",3,0.068908382066276,-438,38,6,0.273879142300194,476,1
527,"(5,12)",,True,24,"[19, 5, 9, 12, 3]",3,0.068908382066276,-438,38,6,0.273879142300194,476,1
528,"(8,10)",,True,24,"[4, 7, 8, 10, 9]",3,0.054775828460038006,-440,38,6,0.32261208576998,478,1
529,"(8,10)",,True,24,"[4, 7, 8, 10, 9]",3,0.054775828460038006,-440,38,6,0.32261208576998,478,1
530,17:10,assassinate,True,20,"[12, 7, 6, 3, 17]",2,0.020467836257309,-442,38,6,0.367446393762183,480,1
531,17:10,assassinate,True,20,"[12, 7, 6, 3, 17]",2,0.020467836257309,-442,38,6,0.367446393762183,480,1
532,"(16,1)",,True,20,"[16, 3, 17, 1, 7]",2,0.020467836257309,-444,38,6,0.367446393762183,482,1
533,"(16,1)",,True,20,"[16, 3, 17, 1, 7]",2,0.020467836257309,-444,38,6,0.367446393762183,482,1
534,"(9,7)",,True,23,"[2, 6, 5, 9, 7]",2,0.017543859649122,-446,38,6,0.279142300194931,484,1
535,"(9,7)",,True,23,"[2, 6, 5, 9, 7]",2,0.017543859649122,-446,38,6,0.279142300194931,484,1
536,"(16,17)",,True,25,"[5, 12, 19, 16, 17]",3,0.065302144249512,-448,38,6,0.28986354775828405,486,1
537,"(16,17)",,True,25,"[5, 12, 19, 16, 17]",3,0.065302144249512,-448,38,6,0.28986354775828405,486,1
538,"(16,3)",,True,27,"[16, 9, 5, 4, 3]",3,0.07261208576998,-450,38,6,0.33664717348927803,488,1
539,"(16,3)",,True,27,"[16, 9, 5, 4, 3]",3,0.07261208576998,-450,38,6,0.33664717348927803,488,1
540,13:2,assassinate,True,27,"[19, 13, 5, 9, 15]",3,0.07261208576998,-452,38,6,0.33664717348927803,490,1
541,13:2,assassinate,True,27,"[19, 13, 5, 9, 15]",3,0.07261208576998,-452,38,6,0.33664717348927803,490,1
542,"(13,1)",,True,30,"[19, 16, 7, 13, 1]",5,0.15740740740740702,-454,38,7,0.361013645224171,492,1
543,"(13,1)",,True,30,"[19, 16, 7, 13, 1]",5,0.15740740740740702,-454,38,7,0.361013645224171,492,1
544,17:6,assassinate,True,28,"[13, 19, 16, 2, 17]",4,0.09600389863547701,-456,38,7,0.34346978557504804,494,1
545,17:6,assassinate,True,28,"[13, 19, 16, 2, 17]",4,0.09600389863547701,-456,38,7,0.34346978557504804,494,1
546,"(13,11)",,True,28,"[13, 18, 7, 14, 11]",4,0.100389863547758,-458,38,6,0.309356725146198,496,1
547,"(13,11)",,True,28,"[13, 18, 7, 14, 11]",4,0.100389863547758,-458,38,6,0.309356725146198,496,1
548,10:10,assassinate,True,24,"[1, 0, 10, 19, 16]",4,0.11198830409356701,-460,38,6,0.319103313840155,498,1
549,10:10,assassinate,True,24,"[1, 0, 10, 19, 16]",4,0.11198830409356701,-460,38,6,0.319103313840155,498,1
550,"(2,0)",,True,24,"[2, 0, 3, 17, 19]",3,0.07037037037037,-462,38,6,0.326900584795321,500,1
551,"(2,0)",,True,24,"[2, 0, 3, 17, 19]",3,0.07037037037037,-462,38,6,0.326900584795321,500,1
552,4:8,assassinate,True,21,"[18, 16, 4, 14, 1]",3,0.069200779727095,-464,38,6,0.334307992202729,502,1
553,4:8,assassinate,True,21,"[18, 16, 4, 14, 1]",3,0.069200779727095,-464,38,6,0.334307992202729,502,1
554,"(8,5)",,True,21,"[15, 4, 8, 7, 5]",3,0.051656920077972006,-466,38,6,0.350877192982456,504,1
555,"(8,5)",,True,21,"[15, 4, 8, 7, 5]",3,0.051656920077972006,-466,38,6,0.350877192982456,504,1
556,"(14,10)",,True,21,"[15, 0, 14, 10, 17]",3,0.048732943469785,-468,38,6,0.353801169590643,506,1
557,"(14,10)",,True,21,"[15, 0, 14, 10, 17]",3,0.048732943469785,-468,38,6,0.353801169590643,506,1
558,"(11,2)",,True,21,"[11, 2, 13, 1, 10]",3,0.059941520467836004,-470,38,6,0.33869395711500905,508,1
559,"(11,2)",,True,21,"[11, 2, 13, 1, 10]",3,0.059941520467836004,-470,38,6,0.33869395711500905,508,1
560,"(2,10)",,True,21,"[2, 15, 10, 9, 4]",3,0.059941520467836004,-472,38,6,0.33869395711500905,510,1
561,"(2,10)",,True,21,"[2, 15, 10, 9, 4]",3,0.059941520467836004,-472,38,6,0.33869395711500905,510,1
562,"(0,6)",,True,21,"[0, 8, 17, 6, 9]",2,0.042397660818713004,-474,38,6,0.31530214424951203,512,1
563,"(0,6)",,True,21,"[0, 8, 17, 6, 9]",2,0.042397660818713004,-474,38,6,0.31530214424951203,512,1
564,"(15,3)",,True,21,"[11, 8, 10, 15, 3]",2,0.042397660818713004,-476,38,5,0.21003898635477503,514,1
565,"(15,3)",,True,21,"[11, 8, 10, 15, 3]",2,0.042397660818713004,-476,38,5,0.21003898635477503,514,1
566,"(16,1)",,True,23,"[12, 10, 16, 5, 1]",2,0.029239766081871003,-478,38,6,0.32261208576998,516,1
567,"(16,1)",,True,23,"[12, 10, 16, 5, 1]",2,0.029239766081871003,-478,38,6,0.32261208576998,516,1
568,"(13,0)",,True,23,"[13, 0, 19, 6, 16]",1,0.0,-480,38,6,0.32261208576998,518,1
569,"(13,0)",,True,23,"[13, 0, 19, 6, 16]",1,0.0,-480,38,6,0.32261208576998,518,1
570,"(17,3)",,True,25,"[17, 2, 0, 13, 3]",2,0.021637426900584,-482,38,6,0.32495126705653005,520,1
571,"(17,3)",,True,25,"[17, 2, 0, 13, 3]",2,0.021637426900584,-482,38,6,0.32495126705653005,520,1
572,"(5,0)",,True,23,"[5, 7, 16, 0, 8]",1,0.0,-484,38,5,0.20370370370370303,522,1
573,"(5,0)",,True,23,"[5, 7, 16, 0, 8]",1,0.0,-484,38,5,0.20370370370370303,522,1
574,"(7,15)",,True,23,"[18, 5, 10, 7, 15]",1,0.0,-486,38,5,0.22027290448343,524,1
575,"(7,15)",,True,23,"[18, 5, 10, 7, 15]",1,0.0,-486,38,5,0.22027290448343,524,1
576,"(18,15)",,True,25,"[3, 18, 15, 17, 12]",2,0.046783625730994004,-488,38,5,0.19980506822612001,526,1
577,"(18,15)",,True,25,"[3, 18, 15, 17, 12]",2,0.046783625730994004,-488,38,5,0.19980506822612001,526,1
578,"(18,19)",,True,27,"[0, 13, 18, 10, 19]",3,0.096491228070175,-490,38,5,0.20370370370370303,528,1
579,"(18,19)",,True,27,"[0, 13, 18, 10, 19]",3,0.096491228070175,-490,38,5,0.20370370370370303,528,1
580,6:8,assassinate,True,25,"[12, 1, 6, 13, 11]",4,0.10974658869395701,-490,39,5,0.254678362573099,529,1
581,6:8,assassinate,True,25,"[12, 1, 6, 13, 11]",4,0.10974658869395701,-490,39,5,0.254678362573099,529,1
582,"(5,0)",,True,25,"[5, 19, 8, 0, 15]",3,0.062768031189083,-492,39,5,0.194736842105263,531,1
583,"(5,0)",,True,25,"[5, 19, 8, 0, 15]",3,0.062768031189083,-492,39,5,0.194736842105263,531,1
584,"(4,1)",,True,25,"[18, 19, 4, 1, 14]",3,0.069005847953216,-494,39,5,0.228070175438596,533,1
585,"(4,1)",,True,25,"[18, 19, 4, 1, 14]",3,0.069005847953216,-494,39,5,0.228070175438596,533,1
586,"(7,11)",,True,25,"[10, 2, 7, 11, 6]",3,0.073001949317738,-496,39,5,0.279239766081871,535,1
587,"(7,11)",,True,25,"[10, 2, 7, 11, 6]",3,0.073001949317738,-496,39,5,0.279239766081871,535,1
588,8:8,assassinate,True,23,"[0, 12, 4, 10, 8]",2,0.07261208576998,-498,39,5,0.26705653021442405,537,1
589,8:8,assassinate,True,23,"[0, 12, 4, 10, 8]",2,0.07261208576998,-498,39,5,0.26705653021442405,537,1
590,3:10,assassinate,True,19,"[0, 9, 13, 3, 11]",1,0.0,-500,39,5,0.280701754385964,539,1
591,3:10,assassinate,True,19,"[0, 9, 13, 3, 11]",1,0.0,-500,39,5,0.280701754385964,539,1
592,"(18,3)",,True,22,"[10, 18, 3, 9, 6]",2,0.0,-502,39,5,0.251461988304093,541,1
593,"(18,3)",,True,22,"[10, 18, 3, 9, 6]",2,0.0,-502,39,5,0.251461988304093,541,1
594,"(4,1)",,True,22,"[15, 4, 6, 7, 1]",2,0.0,-504,39,5,0.251461988304093,543,1
595,"(4,1)",,True,22,"[15, 4, 6, 7, 1]",2,0.0,-504,39,5,0.251461988304093,543,1
596,"(4,6)",,True,24,"[4, 2, 6, 14, 16]",3,0.07212475633528201,-506,39,5,0.334307992202729,545,1
597,"(4,6)",,True,24,"[4, 2, 6, 14, 16]",3,0.07212475633528201,-506,39,5,0.334307992202729,545,1
598,"(1,17)",,True,26,"[1, 11, 9, 17, 8]",4,0.12475633528265101,-508,39,6,0.40448343079922006,547,1
599,"(1,17)",,True,26,"[1, 11, 9, 17, 8]",4,0.12475633528265101,-508,39,6,0.40448343079922006,547,1
600,5:8,assassinate,True,23,"[18, 14, 11, 13, 5]",4,0.12670565302144202,-510,39,6,0.440545808966861,549,1
601,5:8,assassinate,True,23,"[18, 14, 11, 13, 5]",4,0.12670565302144202,-510,39,6,0.440545808966861,549,1
602,"(1,2)",,True,25,"[6, 1, 2, 4, 7]",5,0.14132553606237802,-512,39,7,0.401072124756335,551,1
603,"(1,2)",,True,25,"[6, 1, 2, 4, 7]",5,0.14132553606237802,-512,39,7,0.401072124756335,551,1
604,11:8,assassinate,True,22,"[16, 10, 14, 2, 11]",4,0.100389863547758,-514,39,6,0.36159844054580903,553,1
605,11:8,assassinate,True,22,"[16, 10, 14, 2, 11]",4,0.100389863547758,-514,39,6,0.36159844054580903,553,1
606,10:4,assassinate,True,21,"[6, 14, 3, 18, 10]",3,0.054580896686159,-516,39,6,0.33040935672514604,555,1
607,10:4,assassinate,True,21,"[6, 14, 3, 18, 10]",3,0.054580896686159,-516,39,6,0.33040935672514604,555,1
608,"(8,16)",,True,23,"[6, 9, 8, 16, 13]",3,0.069200779727095,-518,39,6,0.33625730994152003,557,1
609,"(8,16)",,True,23,"[6, 9, 8, 16, 13]",3,0.069200779727095,-518,39,6,0.33625730994152003,557,1
610,"(4,6)",,True,23,"[14, 8, 4, 6, 19]",3,0.07456140350877101,-520,39,6,0.271929824561403,559,1
611,"(4,6)",,True,23,"[14, 8, 4, 6, 19]",3,0.07456140350877101,-520,39,6,0.271929824561403,559,1
612,"(15,3)",,True,25,"[2, 15, 14, 3, 12]",3,0.056042884990253006,-522,39,6,0.24853801169590603,561,1
613,"(15,3)",,True,25,"[2, 15, 14, 3, 12]",3,0.056042884990253006,-522,39,6,0.24853801169590603,561,1
614,"(5,1)",,True,25,"[2, 5, 19, 6, 1]",3,0.08333333333333301,-524,39,7,0.32358674463937603,563,1
615,"(5,1)",,True,25,"[2, 5, 19, 6, 1]",3,0.08333333333333301,-524,39,7,0.32358674463937603,563,1
616,"(3,16)",,True,25,"[19, 3, 16, 18, 11]",3,0.038011695906432004,-526,39,6,0.23245614035087703,565,1
617,"(3,16)",,True,25,"[19, 3, 16, 18, 11]",3,0.038011695906432004,-526,39,6,0.23245614035087703,565,1
618,18:10,assassinate,True,21,"[8, 9, 18, 13, 12]",2,0.011208576998050002,-528,39,6,0.23196881091617902,567,1
619,18:10,assassinate,True,21,"[8, 9, 18, 13, 12]",2,0.011208576998050002,-528,39,6,0.23196881091617902,567,1
620,"(15,18)",,True,23,"[15, 14, 8, 18, 19]",2,0.011208576998050002,-530,39,6,0.395711500974658,569,1
621,"(15,18)",,True,23,"[15, 14, 8, 18, 19]",2,0.011208576998050002,-530,39,6,0.395711500974658,569,1
622,"(4,5)",,True,25,"[16, 13, 4, 5, 11]",2,0.019005847953216002,-532,39,6,0.388888888888888,571,1
623,"(4,5)",,True,25,"[16, 13, 4, 5, 11]",2,0.019005847953216002,-532,39,6,0.388888888888888,571,1
624,"(18,1)",,True,25,"[18, 15, 5, 17, 1]",2,0.011695906432748001,-534,39,6,0.37719298245614,573,1
625,"(18,1)",,True,25,"[18, 15, 5, 17, 1]",2,0.011695906432748001,-534,39,6,0.37719298245614,573,1
626,"(1,2)",,True,27,"[6, 0, 1, 2, 12]",2,0.005847953216374001,-536,39,7,0.38499025341130605,575,1
627,"(1,2)",,True,27,"[6, 0, 1, 2, 12]",2,0.005847953216374001,-536,39,7,0.38499025341130605,575,1
628,"(7,9)",,True,27,"[19, 4, 11, 7, 9]",2,0.003898635477582,-538,39,7,0.335282651072124,577,1
629,"(7,9)",,True,27,"[19, 4, 11, 7, 9]",2,0.003898635477582,-538,39,7,0.335282651072124,577,1
630,3:8,assassinate,True,22,"[10, 7, 11, 3, 0]",1,0.0,-540,39,7,0.350877192982456,579,1
631,3:8,assassinate,True,22,"[10, 7, 11, 3, 0]",1,0.0,-540,39,7,0.350877192982456,579,1
632,"(18,10)",,True,24,"[19, 18, 2, 10, 17]",2,0.027290448343079,-542,39,7,0.38693957115009703,581,1
633,"(18,10)",,True,24,"[19, 18, 2, 10, 17]",2,0.027290448343079,-542,39,7,0.38693957115009703,581,1
634,"(3,18)",,True,26,"[0, 3, 18, 5, 11]",3,0.132553606237816,-544,39,7,0.5009746588693951,583,1
635,"(3,18)",,True,26,"[0, 3, 18, 5, 11]",3,0.132553606237816,-544,39,7,0.5009746588693951,583,1
636,"(19,5)",,True,29,"[18, 19, 13, 14, 5]",5,0.223196881091617,-546,39,7,0.392787524366471,585,1
637,"(19,5)",,True,29,"[18, 19, 13, 14, 5]",5,0.223196881091617,-546,39,7,0.392787524366471,585,1
638,3:4,assassinate,True,28,"[3, 2, 15, 9, 10]",4,0.15204678362573001,-548,39,7,0.33918128654970703,587,1
639,3:4,assassinate,True,28,"[3, 2, 15, 9, 10]",4,0.15204678362573001,-548,39,7,0.33918128654970703,587,1
640,6:6,assassinate,True,25,"[7, 6, 8, 18, 15]",3,0.175438596491228,-550,39,7,0.318713450292397,589,1
641,6:6,assassinate,True,25,"[7, 6, 8, 18, 15]",3,0.175438596491228,-550,39,7,0.318713450292397,589,1
642,"(17,7)",,True,25,"[17, 8, 7, 14, 2]",3,0.175438596491228,-552,39,7,0.30214424951267005,591,1
643,"(17,7)",,True,25,"[17, 8, 7, 14, 2]",3,0.175438596491228,-552,39,7,0.30214424951267005,591,1
644,"(6,5)",,True,27,"[13, 4, 6, 17, 5]",4,0.207602339181286,-554,39,7,0.316764132553606,593,1
645,"(6,5)",,True,27,"[13, 4, 6, 17, 5]",4,0.207602339181286,-554,39,7,0.316764132553606,593,1
646,"(16,3)",,True,29,"[17, 16, 3, 15, 9]",4,0.09483430799220201,-556,39,7,0.272807017543859,595,1
647,"(16,3)",,True,29,"[17, 16, 3, 15, 9]",4,0.09483430799220201,-556,39,7,0.272807017543859,595,1
648,"(16,12)",,True,29,"[16, 12, 19, 5, 10]",4,0.088290169869117,-558,39,7,0.33803954330270103,597,1
649,"(16,12)",,True,29,"[16, 12, 19, 5, 10]",4,0.088290169869117,-558,39,7,0.33803954330270103,597,1
650,"(11,17)",,True,29,"[13, 11, 14, 15, 17]",4,0.06432748538011601,-560,39,7,0.34756335282651,599,1
651,"(11,17)",,True,29,"[13, 11, 14, 15, 17]",4,0.06432748538011601,-560,39,7,0.34756335282651,599,1
652,"(9,15)",,True,31,"[8, 5, 9, 15, 14]",5,0.14619883040935602,-562,39,7,0.33901420217209605,601,1
653,"(9,15)",,True,31,"[8, 5, 9, 15, 14]",5,0.14619883040935602,-562,39,7,0.33901420217209605,601,1
654,"(1,13)",,True,33,"[11, 14, 10, 1, 13]",6,0.17446393762183202,-564,39,8,0.37446393762183205,603,1
655,"(1,13)",,True,33,"[11, 14, 10, 1, 13]",6,0.17446393762183202,-564,39,8,0.37446393762183205,603,1
656,11:6,assassinate,True,31,"[11, 4, 7, 8, 18]",5,0.090155945419103,-566,39,8,0.308187134502923,605,1
657,11:6,assassinate,True,31,"[11, 4, 7, 8, 18]",5,0.090155945419103,-566,39,8,0.308187134502923,605,1
658,"(16,0)",,True,31,"[6, 16, 0, 3, 4]",5,0.112573099415204,-568,39,8,0.27543859649122804,607,1
659,"(16,0)",,True,31,"[6, 16, 0, 3, 4]",5,0.112573099415204,-568,39,8,0.27543859649122804,607,1
660,7:8,assassinate,True,28,"[17, 15, 8, 12, 7]",4,0.076413255360623,-570,39,7,0.23937621832358602,609,1
661,7:8,assassinate,True,28,"[17, 15, 8, 12, 7]",4,0.076413255360623,-570,39,7,0.23937621832358602,609,1
662,19:8,assassinate,True,23,"[10, 19, 14, 6, 17]",3,0.023781676413255,-572,39,6,0.263060428849902,611,1
663,19:8,assassinate,True,23,"[10, 19, 14, 6, 17]",3,0.023781676413255,-572,39,6,0.263060428849902,611,1
664,"(7,1)",,True,23,"[12, 5, 7, 1, 17]",3,0.057644110275689005,-574,39,6,0.274714564188248,613,1
665,"(7,1)",,True,23,"[12, 5, 7, 1, 17]",3,0.057644110275689005,-574,39,6,0.274714564188248,613,1
666,"(12,1)",,True,25,"[4, 12, 1, 5, 16]",4,0.10331384015594501,-576,39,7,0.300584795321637,615,1
667,"(12,1)",,True,25,"[4, 12, 1, 5, 16]",4,0.10331384015594501,-576,39,7,0.300584795321637,615,1
668,"(4,19)",,True,27,"[17, 10, 8, 4, 19]",4,0.10857699805068201,-578,39,7,0.30614035087719305,617,1
669,"(4,19)",,True,27,"[17, 10, 8, 4, 19]",4,0.10857699805068201,-578,39,7,0.30614035087719305,617,1
670,"(1,15)",,True,27,"[1, 17, 2, 12, 15]",4,0.10857699805068201,-580,39,7,0.30614035087719305,619,1
671,"(1,15)",,True,27,"[1, 17, 2, 12, 15]",4,0.10857699805068201,-580,39,7,0.30614035087719305,619,1
672,14:8,assassinate,True,24,"[14, 11, 10, 17, 15]",4,0.10682261208576901,-582,39,7,0.26345029239766005,621,1
673,14:8,assassinate,True,24,"[14, 11, 10, 17, 15]",4,0.10682261208576901,-582,39,7,0.26345029239766005,621,1
674,"(1,16)",,True,24,"[1, 7, 16, 4, 10]",4,0.06939571150097401,-584,39,7,0.300487329434697,623,1
675,"(1,16)",,True,24,"[1, 7, 16, 4, 10]",4,0.06939571150097401,-584,39,7,0.300487329434697,623,1
676,"(3,7)",,True,26,"[3, 10, 19, 7, 16]",4,0.06939571150097401,-586,39,7,0.35311890838206605,625,1
677,"(3,7)",,True,26,"[3, 10, 19, 7, 16]",4,0.06939571150097401,-586,39,7,0.35311890838206605,625,1
678,"(11,1)",,True,28,"[11, 7, 16, 1, 18]",4,0.08060428849902501,-588,39,8,0.383820662768031,627,1
679,"(11,1)",,True,28,"[11, 7, 16, 1, 18]",4,0.08060428849902501,-588,39,8,0.383820662768031,627,1
680,16:8,assassinate,True,24,"[16, 14, 6, 7, 8]",3,0.042884990253411005,-590,39,7,0.345029239766081,629,1
681,16:8,assassinate,True,24,"[16, 14, 6, 7, 8]",3,0.042884990253411005,-590,39,7,0.345029239766081,629,1
682,"(14,1)",,True,26,"[14, 1, 11, 7, 10]",4,0.142300194931773,-592,39,8,0.46491228070175405,631,1
683,"(14,1)",,True,26,"[14, 1, 11, 7, 10]",4,0.142300194931773,-592,39,8,0.46491228070175405,631,1
684,8:2,assassinate,True,26,"[14, 8, 19, 17, 6]",3,0.059454191033138,-594,39,8,0.39668615984405403,633,1
685,8:2,assassinate,True,26,"[14, 8, 19, 17, 6]",3,0.059454191033138,-594,39,8,0.39668615984405403,633,1
686,"(0,5)",,True,26,"[0, 16, 10, 5, 3]",2,0.005847953216374001,-596,39,8,0.376608187134502,635,1
687,"(0,5)",,True,26,"[0, 16, 10, 5, 3]",2,0.005847953216374001,-596,39,8,0.376608187134502,635,1
688,"(12,11)",,True,26,"[7, 12, 3, 11, 14]",2,0.005847953216374001,-598,39,8,0.376608187134502,637,1
689,"(12,11)",,True,26,"[7, 12, 3, 11, 14]",2,0.005847953216374001,-598,39,8,0.376608187134502,637,1
690,"(13,18)",,True,26,"[13, 0, 18, 7, 15]",2,0.009259259259259,-600,39,7,0.34054580896686104,639,1
691,"(13,18)",,True,26,"[13, 0, 18, 7, 15]",2,0.009259259259259,-600,39,7,0.34054580896686104,639,1
692,7:4,assassinate,True,24,"[9, 10, 8, 7, 13]",2,0.009259259259259,-602,39,6,0.275243664717348,641,1
693,7:4,assassinate,True,24,"[9, 10, 8, 7, 13]",2,0.009259259259259,-602,39,6,0.275243664717348,641,1
694,"(19,1)",,True,26,"[14, 9, 19, 1, 10]",2,0.014327485380116,-604,39,7,0.277485380116959,643,1
695,"(19,1)",,True,26,"[14, 9, 19, 1, 10]",2,0.014327485380116,-604,39,7,0.277485380116959,643,1
696,4:8,assassinate,True,23,"[3, 12, 13, 4, 10]",2,0.013450292397660001,-606,39,7,0.28518518518518504,645,1
697,4:8,assassinate,True,23,"[3, 12, 13, 4, 10]",2,0.013450292397660001,-606,39,7,0.28518518518518504,645,1
698,"(0,17)",,True,23,"[9, 13, 0, 17, 14]",1,0.0,-608,39,7,0.25758841548315203,647,1
699,"(0,17)",,True,23,"[9, 13, 0, 17, 14]",1,0.0,-608,39,7,0.25758841548315203,647,1
700,"(10,5)",,True,25,"[19, 12, 17, 10, 5]",1,0.0,-610,39,7,0.22222222222222202,649,1
701,"(10,5)",,True,25,"[19, 12, 17, 10, 5]",1,0.0,-610,39,7,0.22222222222222202,649,1
702,18:12,assassinate,True,20,"[0, 18, 12, 14, 2]",1,0.0,-612,39,7,0.254580896686159,651,1
703,18:12,assassinate,True,20,"[0, 18, 12, 14, 2]",1,0.0,-612,39,7,0.254580896686159,651,1
704,13:12,assassinate,True,15,"[6, 13, 4, 11, 2]",1,0.0,-614,39,6,0.318713450292397,653,1
705,13:12,assassinate,True,15,"[6, 13, 4, 11, 2]",1,0.0,-614,39,6,0.318713450292397,653,1
706,"(4,12)",,True,17,"[4, 10, 12, 8, 6]",2,0.035087719298245,-616,39,6,0.30116959064327403,655,1
707,"(4,12)",,True,17,"[4, 10, 12, 8, 6]",2,0.035087719298245,-616,39,6,0.30116959064327403,655,1
708,"(2,8)",,True,19,"[2, 8, 0, 17, 18]",2,0.020467836257309,-618,39,6,0.26023391812865404,657,1
709,"(2,8)",,True,19,"[2, 8, 0, 17, 18]",2,0.020467836257309,-618,39,6,0.26023391812865404,657,1
710,"(16,14)",,True,19,"[16, 5, 14, 10, 2]",2,0.020467836257309,-620,39,6,0.307017543859649,659,1
711,"(16,14)",,True,19,"[16, 5, 14, 10, 2]",2,0.020467836257309,-620,39,6,0.307017543859649,659,1
712,4:4,assassinate,True,18,"[3, 2, 8, 9, 4]",2,0.020467836257309,-622,39,6,0.280701754385964,661,1
713,4:4,assassinate,True,18,"[3, 2, 8, 9, 4]",2,0.020467836257309,-622,39,6,0.280701754385964,661,1
714,"(18,1)",,True,20,"[12, 18, 11, 8, 1]",2,0.018518518518518,-624,39,7,0.33723196881091605,663,1
715,"(18,1)",,True,20,"[12, 18, 11, 8, 1]",2,0.018518518518518,-624,39,7,0.33723196881091605,663,1
716,"(10,7)",,True,20,"[2, 3, 10, 17, 7]",2,0.018518518518518,-626,39,6,0.20857699805068203,665,1
717,"(10,7)",,True,20,"[2, 3, 10, 17, 7]",2,0.018518518518518,-626,39,6,0.20857699805068203,665,1
718,15:10,assassinate,True,16,"[19, 15, 5, 11, 10]",1,0.0,-628,39,6,0.18128654970760202,667,1
719,15:10,assassinate,True,16,"[19, 15, 5, 11, 10]",1,0.0,-628,39,6,0.18128654970760202,667,1
720,"(7,1)",,True,17,"[7, 15, 1, 2, 4]",2,0.014619883040935,-630,39,7,0.23391812865497003,669,1
721,"(7,1)",,True,17,"[7, 15, 1, 2, 4]",2,0.014619883040935,-630,39,7,0.23391812865497003,669,1
722,"(14,1)",,True,18,"[14, 8, 12, 1, 3]",2,0.014619883040935,-632,39,7,0.342105263157894,671,1
723,"(14,1)",,True,18,"[14, 8, 12, 1, 3]",2,0.014619883040935,-632,39,7,0.342105263157894,671,1
724,"(4,18)",,True,20,"[4, 13, 18, 17, 9]",2,0.020467836257309,-634,39,7,0.366471734892787,673,1
725,"(4,18)",,True,20,"[4, 13, 18, 17, 9]",2,0.020467836257309,-634,39,7,0.366471734892787,673,1
726,"(1,15)",,True,22,"[1, 15, 19, 16, 5]",3,0.035087719298245,-636,39,8,0.44541910331384005,675,1
727,"(1,15)",,True,22,"[1, 15, 19, 16, 5]",3,0.035087719298245,-636,39,8,0.44541910331384005,675,1
728,3:8,assassinate,True,19,"[18, 13, 6, 10, 3]",2,0.005847953216374001,-638,39,8,0.49025341130604205,677,1
729,3:8,assassinate,True,19,"[18, 13, 6, 10, 3]",2,0.005847953216374001,-638,39,8,0.49025341130604205,677,1
730,"(14,9)",,True,21,"[14, 16, 12, 17, 9]",2,0.005847953216374001,-640,39,8,0.495126705653021,679,1
731,"(14,9)",,True,21,"[14, 16, 12, 17, 9]",2,0.005847953216374001,-640,39,8,0.495126705653021,679,1
732,12:12,assassinate,True,16,"[10, 14, 12, 1, 0]",2,0.005847953216374001,-642,39,7,0.5263157894736841,681,1
733,12:12,assassinate,True,16,"[10, 14, 12, 1, 0]",2,0.005847953216374001,-642,39,7,0.5263157894736841,681,1
734,"(12,17)",,True,18,"[12, 15, 13, 6, 17]",3,0.105263157894736,-644,39,7,0.5116959064327481,683,1
735,"(12,17)",,True,18,"[12, 15, 13, 6, 17]",3,0.105263157894736,-644,39,7,0.5116959064327481,683,1
736,15:6,assassinate,True,16,"[5, 3, 9, 12, 15]",2,0.035087719298245,-646,39,6,0.450292397660818,685,1
737,15:6,assassinate,True,16,"[5, 3, 9, 12, 15]",2,0.035087719298245,-646,39,6,0.450292397660818,685,1
738,2:6,assassinate,True,14,"[2, 14, 5, 18, 19]",1,0.0,-648,39,6,0.35672514619883,687,1
739,2:6,assassinate,True,14,"[2, 14, 5, 18, 19]",1,0.0,-648,39,6,0.35672514619883,687,1
740,"(6,12)",,True,16,"[6, 13, 12, 10, 15]",1,0.0,-650,39,6,0.33333333333333304,689,1
741,"(6,12)",,True,16,"[6, 13, 12, 10, 15]",1,0.0,-650,39,6,0.33333333333333304,689,1
742,"(2,1)",,True,18,"[5, 2, 15, 7, 1]",1,0.0,-652,39,7,0.35964912280701705,691,1
743,"(2,1)",,True,18,"[5, 2, 15, 7, 1]",1,0.0,-652,39,7,0.35964912280701705,691,1
744,"(1,3)",,True,18,"[19, 1, 11, 3, 15]",1,0.0,-654,39,7,0.35964912280701705,693,1
745,"(1,3)",,True,18,"[19, 1, 11, 3, 15]",1,0.0,-654,39,7,0.35964912280701705,693,1
746,"(12,1)",,True,20,"[18, 6, 12, 1, 10]",1,0.0,-656,39,8,0.388888888888888,695,1
747,"(12,1)",,True,20,"[18, 6, 12, 1, 10]",1,0.0,-656,39,8,0.388888888888888,695,1
748,"(11,13)",,True,20,"[11, 12, 13, 3, 7]",1,0.0,-658,39,8,0.40935672514619803,697,1
749,"(11,13)",,True,20,"[11, 12, 13, 3, 7]",1,0.0,-658,39,8,0.40935672514619803,697,1
750,"(8,3)",,True,22,"[7, 9, 8, 3, 0]",2,0.09356725146198801,-660,39,8,0.528265107212475,699,1
751,"(8,3)",,True,22,"[7, 9, 8, 3, 0]",2,0.09356725146198801,-660,39,8,0.528265107212475,699,1
752,10:10,assassinate,True,18,"[14, 12, 13, 10, 0]",1,0.0,-662,39,8,0.44152046783625704,701,1
753,10:10,assassinate,True,18,"[14, 12, 13, 10, 0]",1,0.0,-662,39,8,0.44152046783625704,701,1
754,"(18,15)",,True,21,"[11, 5, 9, 18, 15]",1,0.0,-664,39,8,0.44005847953216304,703,1
755,"(18,15)",,True,21,"[11, 5, 9, 18, 15]",1,0.0,-664,39,8,0.44005847953216304,703,1
756,"(9,6)",,True,21,"[11, 4, 12, 9, 6]",1,0.0,-666,39,8,0.456140350877192,705,1
757,"(9,6)",,True,21,"[11, 4, 12, 9, 6]",1,0.0,-666,39,8,0.456140350877192,705,1
758,"(9,19)",,True,22,"[9, 19, 13, 15, 5]",1,0.0,-668,39,8,0.376218323586744,707,1
759,"(9,19)",,True,22,"[9, 19, 13, 15, 5]",1,0.0,-668,39,8,0.376218323586744,707,1
760,"(6,1)",,True,24,"[15, 4, 6, 11, 1]",1,0.0,-670,39,9,0.354873294346978,709,1
761,"(6,1)",,True,24,"[15, 4, 6, 11, 1]",1,0.0,-670,39,9,0.354873294346978,709,1
762,"(0,19)",,True,24,"[11, 15, 0, 19, 13]",2,0.087719298245614,-672,39,8,0.425048732943469,711,1
763,"(0,19)",,True,24,"[11, 15, 0, 19, 13]",2,0.087719298245614,-672,39,8,0.425048732943469,711,1
764,"(1,15)",,True,26,"[12, 14, 19, 1, 15]",3,0.09356725146198801,-674,39,9,0.34853801169590604,713,1
765,"(1,15)",,True,26,"[12, 14, 19, 1, 15]",3,0.09356725146198801,-674,39,9,0.34853801169590604,713,1
766,"(2,1)",,True,29,"[12, 17, 2, 8, 1]",3,0.101364522417153,-676,39,10,0.37492341966026105,715,1
767,"(2,1)",,True,29,"[12, 17, 2, 8, 1]",3,0.101364522417153,-676,39,10,0.37492341966026105,715,1
768,11:12,assassinate,True,25,"[2, 19, 18, 3, 11]",3,0.08966861598440501,-678,39,9,0.309941520467836,717,1
769,11:12,assassinate,True,25,"[2, 19, 18, 3, 11]",3,0.08966861598440501,-678,39,9,0.309941520467836,717,1
770,"(8,3)",,True,25,"[19, 18, 2, 8, 3]",3,0.08966861598440501,-680,39,9,0.276803118908382,719,1
771,"(8,3)",,True,25,"[19, 18, 2, 8, 3]",3,0.08966861598440501,-680,39,9,0.276803118908382,719,1
772,"(10,1)",,True,27,"[2, 18, 4, 10, 1]",4,0.18908382066276802,-682,39,10,0.38499025341130605,721,1
773,"(10,1)",,True,27,"[2, 18, 4, 10, 1]",4,0.18908382066276802,-682,39,10,0.38499025341130605,721,1
774,"(16,14)",,True,29,"[17, 8, 11, 16, 14]",4,0.12319688109161701,-684,39,10,0.37056530214424904,723,1
775,"(16,14)",,True,29,"[17, 8, 11, 16, 14]",4,0.12319688109161701,-684,39,10,0.37056530214424904,723,1
776,"(7,0)",,True,29,"[5, 7, 0, 17, 12]",3,0.029629629629629003,-686,39,10,0.353021442495126,725,1
777,"(7,0)",,True,29,"[5, 7, 0, 17, 12]",3,0.029629629629629003,-686,39,10,0.353021442495126,725,1
778,9:14,assassinate,True,21,"[9, 5, 18, 2, 10]",2,0.005847953216374001,-688,39,10,0.41325536062378104,727,1
779,9:14,assassinate,True,21,"[9, 5, 18, 2, 10]",2,0.005847953216374001,-688,39,10,0.41325536062378104,727,1
780,"(11,1)",,True,21,"[2, 11, 9, 1, 3]",2,0.005847953216374001,-690,39,10,0.48927875243664704,729,1
781,"(11,1)",,True,21,"[2, 11, 9, 1, 3]",2,0.005847953216374001,-690,39,10,0.48927875243664704,729,1
782,"(4,17)",,True,21,"[0, 19, 4, 17, 18]",2,0.005847953216374001,-692,39,10,0.48050682261208505,731,1
783,"(4,17)",,True,21,"[0, 19, 4, 17, 18]",2,0.005847953216374001,-692,39,10,0.48050682261208505,731,1
784,"(15,13)",,True,23,"[15, 13, 12, 16, 3]",2,0.005847953216374001,-694,39,10,0.515594541910331,733,1
785,"(15,13)",,True,23,"[15, 13, 12, 16, 3]",2,0.005847953216374001,-694,39,10,0.515594541910331,733,1
786,"(9,1)",,True,23,"[11, 9, 14, 1, 15]",2,0.005847953216374001,-696,39,10,0.515594541910331,735,1
787,"(9,1)",,True,23,"[11, 9, 14, 1, 15]",2,0.005847953216374001,-696,39,10,0.515594541910331,735,1
788,"(8,1)",,True,24,"[8, 11, 18, 1, 16]",2,0.005847953216374001,-698,39,11,0.49853801169590606,737,1
789,"(8,1)",,True,24,"[8, 11, 18, 1, 16]",2,0.005847953216374001,-698,39,11,0.49853801169590606,737,1
790,"(10,1)",,True,26,"[6, 10, 1, 14, 17]",2,0.005847953216374001,-700,39,12,0.5719298245614031,739,1
791,"(10,1)",,True,26,"[6, 10, 1, 14, 17]",2,0.005847953216374001,-700,39,12,0.5719298245614031,739,1
792,"(1,13)",,True,27,"[5, 1, 12, 13, 14]",2,0.09356725146198801,-702,39,12,0.453996101364522,741,1
793,"(1,13)",,True,27,"[5, 1, 12, 13, 14]",2,0.09356725146198801,-702,39,12,0.453996101364522,741,1
794,"(1,19)",,True,29,"[4, 16, 1, 17, 19]",2,0.007017543859649001,-704,39,13,0.51130604288499,743,1
795,"(1,19)",,True,29,"[4, 16, 1, 17, 19]",2,0.007017543859649001,-704,39,13,0.51130604288499,743,1
796,16:6,assassinate,True,27,"[7, 16, 9, 19, 5]",2,0.09356725146198801,-706,39,13,0.601169590643274,745,1
797,16:6,assassinate,True,27,"[7, 16, 9, 19, 5]",2,0.09356725146198801,-706,39,13,0.601169590643274,745,1
798,"(4,11)",,True,29,"[18, 9, 4, 11, 8]",3,0.027485380116959002,-708,39,13,0.51812865497076,747,1
799,"(4,11)",,True,29,"[18, 9, 4, 11, 8]",3,0.027485380116959002,-708,39,13,0.51812865497076,747,1
