,actionDetail,actionType,bonusActivated,graphEdgeCount,nodeList,p1Degree,p1Score,p1WinAdvantage,p1WinCount,p2Degree,p2Score,p2WinCount,player
0,"(15,10)",,False,2,"[15, 10, 14, 4, 11]",0,-0.001,0,0,0,-0.001,0,1
1,"(15,10)",,False,2,"[15, 10, 14, 4, 11]",0,-0.001,0,0,0,-0.001,0,1
2,"(10,9)",,False,4,"[10, 9, 12, 5, 19]",0,-0.001,0,0,0,-0.001,0,1
3,"(10,9)",,False,4,"[10, 9, 12, 5, 19]",0,-0.001,0,0,0,-0.001,0,1
4,"(5,18)",,False,7,"[5, 18, 8, 10, 13]",2,0.005847953216374001,2,2,0,-0.001,0,1
5,"(5,18)",,False,7,"[5, 18, 8, 10, 13]",2,0.005847953216374001,2,2,0,-0.001,0,1
6,"(15,6)",,False,8,"[11, 13, 18, 15, 6]",2,0.035087719298245,4,4,0,-0.001,0,1
7,"(15,6)",,False,8,"[11, 13, 18, 15, 6]",2,0.035087719298245,4,4,0,-0.001,0,1
8,"(18,6)",,False,10,"[18, 14, 6, 10, 16]",2,0.035087719298245,6,6,0,-0.001,0,1
9,"(18,6)",,False,10,"[18, 14, 6, 10, 16]",2,0.035087719298245,6,6,0,-0.001,0,1
10,"(6,2)",,False,12,"[6, 2, 12, 18, 11]",2,0.070175438596491,8,8,0,-0.001,0,1
11,"(6,2)",,False,12,"[6, 2, 12, 18, 11]",2,0.070175438596491,8,8,0,-0.001,0,1
12,"(6,4)",,False,15,"[7, 6, 4, 9, 8]",2,0.140350877192982,10,10,0,-0.001,0,1
13,"(6,4)",,False,15,"[7, 6, 4, 9, 8]",2,0.140350877192982,10,10,0,-0.001,0,1
14,"(6,1)",,False,18,"[8, 16, 13, 6, 1]",2,0.16374269005847902,10,11,2,0.170565302144249,1,1
15,"(6,1)",,False,18,"[8, 16, 13, 6, 1]",2,0.16374269005847902,10,11,2,0.170565302144249,1,1
16,"(14,1)",,False,19,"[18, 14, 7, 1, 13]",2,0.175438596491228,10,12,2,0.180311890838206,2,1
17,"(14,1)",,False,19,"[18, 14, 7, 1, 13]",2,0.175438596491228,10,12,2,0.180311890838206,2,1
18,"(10,15)",,False,16,"[7, 14, 10, 17, 15]",2,0.09356725146198801,12,14,2,0.049707602339181006,2,1
19,"(10,15)",,False,16,"[7, 14, 10, 17, 15]",2,0.09356725146198801,12,14,2,0.049707602339181006,2,1
20,"(14,19)",,False,18,"[14, 19, 16, 5, 0]",2,0.0,12,15,2,0.049707602339181006,3,1
21,"(14,19)",,False,18,"[14, 19, 16, 5, 0]",2,0.0,12,15,2,0.049707602339181006,3,1
22,"(18,14)",,False,20,"[2, 19, 18, 10, 14]",2,0.0,10,15,2,0.079922027290448,5,1
23,"(18,14)",,False,20,"[2, 19, 18, 10, 14]",2,0.0,10,15,2,0.079922027290448,5,1
24,"(9,18)",,False,21,"[17, 9, 3, 18, 12]",2,0.0,8,15,2,0.073586744639376,7,1
25,"(9,18)",,False,21,"[17, 9, 3, 18, 12]",2,0.0,8,15,2,0.073586744639376,7,1
26,"(6,17)",,False,22,"[19, 4, 9, 6, 17]",2,0.0,6,15,2,0.110136452241715,9,1
27,"(6,17)",,False,22,"[19, 4, 9, 6, 17]",2,0.0,6,15,2,0.110136452241715,9,1
28,"(1,9)",,False,25,"[4, 2, 17, 1, 9]",4,0.19200779727095502,8,17,3,0.10233918128654901,9,1
29,"(1,9)",,False,25,"[4, 2, 17, 1, 9]",4,0.19200779727095502,8,17,3,0.10233918128654901,9,1
30,"(1,19)",,False,24,"[11, 1, 7, 12, 19]",4,0.228070175438596,10,19,2,0.05847953216374201,9,1
31,"(1,19)",,False,24,"[11, 1, 7, 12, 19]",4,0.228070175438596,10,19,2,0.05847953216374201,9,1
32,"(17,15)",,False,27,"[16, 9, 17, 15, 2]",6,0.247953216374268,12,21,2,0.026315789473684,9,1
33,"(17,15)",,False,27,"[16, 9, 17, 15, 2]",6,0.247953216374268,12,21,2,0.026315789473684,9,1
34,"(1,7)",,False,28,"[1, 9, 13, 7, 8]",6,0.26247563352826503,14,23,3,0.125730994152046,9,1
35,"(1,7)",,False,28,"[1, 9, 13, 7, 8]",6,0.26247563352826503,14,23,3,0.125730994152046,9,1
36,"(15,13)",,False,29,"[10, 3, 15, 13, 7]",6,0.309259259259259,16,25,3,0.122807017543859,9,1
37,"(15,13)",,False,29,"[10, 3, 15, 13, 7]",6,0.309259259259259,16,25,3,0.122807017543859,9,1
38,"(19,17)",,False,28,"[19, 17, 9, 18, 5]",6,0.303118908382066,18,27,3,0.130604288499025,9,1
39,"(19,17)",,False,28,"[19, 17, 9, 18, 5]",6,0.303118908382066,18,27,3,0.130604288499025,9,1
40,"(17,11)",,False,31,"[17, 18, 11, 13, 1]",8,0.319688109161793,20,29,3,0.10721247563352801,9,1
41,"(17,11)",,False,31,"[17, 18, 11, 13, 1]",8,0.319688109161793,20,29,3,0.10721247563352801,9,1
42,"(4,9)",,False,32,"[4, 9, 12, 7, 8]",8,0.283625730994152,22,31,3,0.10428849902534101,9,1
43,"(4,9)",,False,32,"[4, 9, 12, 7, 8]",8,0.283625730994152,22,31,3,0.10428849902534101,9,1
44,"(2,7)",,False,35,"[15, 2, 7, 10, 6]",10,0.412280701754385,24,33,4,0.20370370370370303,9,1
45,"(2,7)",,False,35,"[15, 2, 7, 10, 6]",10,0.412280701754385,24,33,4,0.20370370370370303,9,1
46,"(19,7)",,False,34,"[4, 2, 19, 7, 11]",10,0.44444444444444403,26,35,4,0.20370370370370303,9,1
47,"(19,7)",,False,34,"[4, 2, 19, 7, 11]",10,0.44444444444444403,26,35,4,0.20370370370370303,9,1
48,"(16,17)",,False,35,"[14, 11, 16, 6, 17]",10,0.437621832358674,28,37,3,0.004873294346978,9,1
49,"(16,17)",,False,35,"[14, 11, 16, 6, 17]",10,0.437621832358674,28,37,3,0.004873294346978,9,1
50,"(12,0)",,False,36,"[12, 5, 0, 15, 4]",11,0.48947368421052606,30,39,3,0.0029239766081870003,9,1
51,"(12,0)",,False,36,"[12, 5, 0, 15, 4]",11,0.48947368421052606,30,39,3,0.0029239766081870003,9,1
52,"(16,8)",,False,37,"[0, 16, 8, 12, 11]",11,0.44424951267056506,32,41,3,0.0029239766081870003,9,1
53,"(16,8)",,False,37,"[0, 16, 8, 12, 11]",11,0.44424951267056506,32,41,3,0.0029239766081870003,9,1
54,"(1,5)",,False,37,"[1, 11, 17, 5, 18]",11,0.47680311890838106,34,43,4,0.052631578947368,9,1
55,"(1,5)",,False,37,"[1, 11, 17, 5, 18]",11,0.47680311890838106,34,43,4,0.052631578947368,9,1
56,"(17,3)",,False,36,"[19, 11, 17, 8, 3]",11,0.49142300194931704,36,45,4,0.054580896686159,9,1
57,"(17,3)",,False,36,"[19, 11, 17, 8, 3]",11,0.49142300194931704,36,45,4,0.054580896686159,9,1
58,"(0,18)",,False,34,"[0, 18, 13, 6, 15]",10,0.48440545808966806,38,47,4,0.078849902534113,9,1
59,"(0,18)",,False,34,"[0, 18, 13, 6, 15]",10,0.48440545808966806,38,47,4,0.078849902534113,9,1
60,"(12,4)",,False,35,"[5, 12, 4, 13, 16]",11,0.5269005847953211,40,49,4,0.080409356725146,9,1
61,"(12,4)",,False,35,"[5, 12, 4, 13, 16]",11,0.5269005847953211,40,49,4,0.080409356725146,9,1
62,"(17,14)",,False,34,"[4, 17, 14, 19, 11]",11,0.5020467836257301,42,51,2,0.0,9,1
63,"(17,14)",,False,34,"[4, 17, 14, 19, 11]",11,0.5020467836257301,42,51,2,0.0,9,1
64,"(2,7)",,False,31,"[2, 16, 7, 11, 6]",11,0.5121832358674461,44,53,2,0.0,9,1
65,"(2,7)",,False,31,"[2, 16, 7, 11, 6]",11,0.5121832358674461,44,53,2,0.0,9,1
66,"(1,18)",,False,30,"[2, 14, 7, 1, 18]",11,0.510721247563352,46,55,3,0.037037037037037,9,1
67,"(1,18)",,False,30,"[2, 14, 7, 1, 18]",11,0.510721247563352,46,55,3,0.037037037037037,9,1
68,"(8,14)",,False,31,"[1, 8, 0, 2, 14]",13,0.5341130604288491,48,57,3,0.015107212475633002,9,1
69,"(8,14)",,False,31,"[1, 8, 0, 2, 14]",13,0.5341130604288491,48,57,3,0.015107212475633002,9,1
70,"(6,18)",,False,33,"[13, 11, 6, 18, 2]",13,0.5543859649122801,50,59,3,0.014814814814814002,9,1
71,"(6,18)",,False,33,"[13, 11, 6, 18, 2]",13,0.5543859649122801,50,59,3,0.014814814814814002,9,1
72,"(12,19)",,False,33,"[12, 17, 5, 3, 19]",13,0.550487329434697,52,61,3,0.015789473684210003,9,1
73,"(12,19)",,False,33,"[12, 17, 5, 3, 19]",13,0.550487329434697,52,61,3,0.015789473684210003,9,1
74,"(1,2)",,False,33,"[1, 3, 17, 2, 7]",13,0.5617933723196881,54,63,4,0.067251461988304,9,1
75,"(1,2)",,False,33,"[1, 3, 17, 2, 7]",13,0.5617933723196881,54,63,4,0.067251461988304,9,1
76,"(3,0)",,False,34,"[13, 17, 3, 16, 0]",14,0.652631578947368,56,65,4,0.025243664717348003,9,1
77,"(3,0)",,False,34,"[13, 17, 3, 16, 0]",14,0.652631578947368,56,65,4,0.025243664717348003,9,1
78,"(10,1)",,False,35,"[10, 19, 1, 18, 14]",14,0.626510721247563,58,67,5,0.072319688109161,9,1
79,"(10,1)",,False,35,"[10, 19, 1, 18, 14]",14,0.626510721247563,58,67,5,0.072319688109161,9,1
80,"(1,7)",,False,35,"[1, 3, 5, 7, 8]",14,0.6101364522417151,60,69,6,0.09064327485380101,9,1
81,"(1,7)",,False,35,"[1, 3, 5, 7, 8]",14,0.6101364522417151,60,69,6,0.09064327485380101,9,1
82,"(2,13)",,False,38,"[15, 5, 2, 13, 11]",14,0.5722222222222221,62,71,6,0.06832358674463901,9,1
83,"(2,13)",,False,38,"[15, 5, 2, 13, 11]",14,0.5722222222222221,62,71,6,0.06832358674463901,9,1
84,"(5,0)",,False,38,"[5, 12, 0, 3, 19]",13,0.505360623781676,64,73,6,0.09697855750487301,9,1
85,"(5,0)",,False,38,"[5, 12, 0, 3, 19]",13,0.505360623781676,64,73,6,0.09697855750487301,9,1
86,"(14,10)",,False,41,"[2, 14, 17, 5, 10]",15,0.571832358674464,66,75,6,0.056042884990253006,9,1
87,"(14,10)",,False,41,"[2, 14, 17, 5, 10]",15,0.571832358674464,66,75,6,0.056042884990253006,9,1
88,"(0,8)",,False,40,"[19, 10, 0, 8, 14]",14,0.466569200779727,68,77,6,0.054580896686159,9,1
89,"(0,8)",,False,40,"[19, 10, 0, 8, 14]",14,0.466569200779727,68,77,6,0.054580896686159,9,1
90,"(0,6)",,False,38,"[0, 1, 6, 8, 19]",13,0.42553606237816705,70,79,6,0.086549707602339,9,1
91,"(0,6)",,False,38,"[0, 1, 6, 8, 19]",13,0.42553606237816705,70,79,6,0.086549707602339,9,1
92,"(9,0)",,False,39,"[9, 6, 14, 13, 0]",14,0.515302144249512,72,81,6,0.10224171539961001,9,1
93,"(9,0)",,False,39,"[9, 6, 14, 13, 0]",14,0.515302144249512,72,81,6,0.10224171539961001,9,1
94,"(2,0)",,False,40,"[2, 0, 11, 3, 19]",15,0.5555068226120851,74,83,6,0.088986354775828,9,1
95,"(2,0)",,False,40,"[2, 0, 11, 3, 19]",15,0.5555068226120851,74,83,6,0.088986354775828,9,1
96,"(6,5)",,False,40,"[19, 6, 14, 17, 5]",15,0.5475146198830411,76,85,6,0.089961013645224,9,1
97,"(6,5)",,False,40,"[19, 6, 14, 17, 5]",15,0.5475146198830411,76,85,6,0.089961013645224,9,1
98,"(16,0)",,False,37,"[16, 0, 2, 3, 10]",14,0.47519493177387906,78,87,6,0.08333333333333301,9,1
99,"(16,0)",,False,37,"[16, 0, 2, 3, 10]",14,0.47519493177387906,78,87,6,0.08333333333333301,9,1
100,"(17,8)",,False,37,"[17, 8, 15, 13, 14]",14,0.47519493177387906,80,89,6,0.07943469785575001,9,1
101,"(17,8)",,False,37,"[17, 8, 15, 13, 14]",14,0.47519493177387906,80,89,6,0.07943469785575001,9,1
102,"(0,7)",,False,34,"[0, 7, 6, 5, 1]",13,0.412134502923976,82,91,4,0.06033138401559401,9,1
103,"(0,7)",,False,34,"[0, 7, 6, 5, 1]",13,0.412134502923976,82,91,4,0.06033138401559401,9,1
104,"(10,15)",,False,35,"[7, 6, 9, 10, 15]",13,0.427262600946811,84,93,4,0.049624060150375,9,1
105,"(10,15)",,False,35,"[7, 6, 9, 10, 15]",13,0.427262600946811,84,93,4,0.049624060150375,9,1
106,"(17,13)",,False,34,"[17, 8, 13, 10, 4]",13,0.47037037037037005,86,95,4,0.085185185185185,9,1
107,"(17,13)",,False,34,"[17, 8, 13, 10, 4]",13,0.47037037037037005,86,95,4,0.085185185185185,9,1
108,"(10,4)",,False,37,"[2, 10, 15, 4, 9]",13,0.43082706766917206,88,97,4,0.041047062099693006,9,1
109,"(10,4)",,False,37,"[2, 10, 15, 4, 9]",13,0.43082706766917206,88,97,4,0.041047062099693006,9,1
110,"(16,3)",,False,38,"[16, 8, 3, 14, 12]",14,0.534920634920634,90,99,4,0.045140629351155,9,1
111,"(16,3)",,False,38,"[16, 8, 3, 14, 12]",14,0.534920634920634,90,99,4,0.045140629351155,9,1
112,"(6,16)",,False,39,"[14, 4, 18, 6, 16]",14,0.507630186577555,92,101,4,0.041241993873572004,9,1
113,"(6,16)",,False,39,"[14, 4, 18, 6, 16]",14,0.507630186577555,92,101,4,0.041241993873572004,9,1
114,"(17,1)",,False,38,"[2, 17, 1, 14, 4]",14,0.5313840155945411,94,103,5,0.066081871345029,9,1
115,"(17,1)",,False,38,"[2, 17, 1, 14, 4]",14,0.5313840155945411,94,103,5,0.066081871345029,9,1
116,"(0,5)",,False,39,"[0, 5, 2, 8, 1]",15,0.588693957115009,96,105,5,0.064814814814814,9,1
117,"(0,5)",,False,39,"[0, 5, 2, 8, 1]",15,0.588693957115009,96,105,5,0.064814814814814,9,1
118,"(12,1)",,False,40,"[9, 10, 12, 4, 1]",15,0.560428849902534,98,107,6,0.082846003898635,9,1
119,"(12,1)",,False,40,"[9, 10, 12, 4, 1]",15,0.560428849902534,98,107,6,0.082846003898635,9,1
120,"(3,15)",,False,43,"[3, 12, 4, 8, 15]",17,0.6116959064327481,100,109,6,0.031578947368421005,9,1
121,"(3,15)",,False,43,"[3, 12, 4, 8, 15]",17,0.6116959064327481,100,109,6,0.031578947368421005,9,1
122,"(12,17)",,False,43,"[12, 19, 11, 17, 6]",17,0.610721247563352,102,111,5,0.016471734892787002,9,1
123,"(12,17)",,False,43,"[12, 19, 11, 17, 6]",17,0.610721247563352,102,111,5,0.016471734892787002,9,1
124,"(6,19)",,False,43,"[6, 19, 16, 5, 14]",17,0.60438596491228,104,113,4,0.011598440545808001,9,1
125,"(6,19)",,False,43,"[6, 19, 16, 5, 14]",17,0.60438596491228,104,113,4,0.011598440545808001,9,1
126,"(17,15)",,False,43,"[17, 15, 11, 14, 3]",17,0.5952241715399611,106,115,4,0.010428849902534001,9,1
127,"(17,15)",,False,43,"[17, 15, 11, 14, 3]",17,0.5952241715399611,106,115,4,0.010428849902534001,9,1
128,"(10,9)",,False,43,"[2, 10, 3, 19, 9]",17,0.582261208576998,108,117,4,0.008284600389863,9,1
129,"(10,9)",,False,43,"[2, 10, 3, 19, 9]",17,0.582261208576998,108,117,4,0.008284600389863,9,1
130,"(7,17)",,False,42,"[12, 15, 7, 11, 17]",17,0.586967418546365,110,119,4,0.008284600389863,9,1
131,"(7,17)",,False,42,"[12, 15, 7, 11, 17]",17,0.586967418546365,110,119,4,0.008284600389863,9,1
132,"(0,15)",,False,41,"[2, 4, 14, 0, 15]",16,0.539766081871345,112,121,4,0.010721247563352,9,1
133,"(0,15)",,False,41,"[2, 4, 14, 0, 15]",16,0.539766081871345,112,121,4,0.010721247563352,9,1
134,"(12,9)",,False,40,"[2, 14, 12, 8, 9]",16,0.586744639376218,114,123,4,0.010721247563352,9,1
135,"(12,9)",,False,40,"[2, 14, 12, 8, 9]",16,0.586744639376218,114,123,4,0.010721247563352,9,1
136,"(17,13)",,False,41,"[17, 19, 13, 18, 16]",16,0.571345029239766,116,125,4,0.010233918128654,9,1
137,"(17,13)",,False,41,"[17, 19, 13, 18, 16]",16,0.571345029239766,116,125,4,0.010233918128654,9,1
138,"(18,2)",,False,41,"[6, 11, 4, 18, 2]",16,0.5671539961013641,118,127,4,0.009259259259259,9,1
139,"(18,2)",,False,41,"[6, 11, 4, 18, 2]",16,0.5671539961013641,118,127,4,0.009259259259259,9,1
140,"(19,13)",,False,40,"[19, 12, 4, 13, 2]",16,0.6000000000000001,120,129,4,0.009259259259259,9,1
141,"(19,13)",,False,40,"[19, 12, 4, 13, 2]",16,0.6000000000000001,120,129,4,0.009259259259259,9,1
142,"(17,9)",,False,39,"[13, 8, 7, 17, 9]",16,0.6041910331384011,122,131,4,0.007504873294346,9,1
143,"(17,9)",,False,39,"[13, 8, 7, 17, 9]",16,0.6041910331384011,122,131,4,0.007504873294346,9,1
144,"(13,2)",,False,38,"[13, 19, 14, 10, 2]",16,0.645224171539961,124,133,4,0.013645224171539001,9,1
145,"(13,2)",,False,38,"[13, 19, 14, 10, 2]",16,0.645224171539961,124,133,4,0.013645224171539001,9,1
146,"(1,9)",,False,38,"[8, 7, 1, 9, 3]",16,0.6381091617933721,126,135,5,0.051169590643274004,9,1
147,"(1,9)",,False,38,"[8, 7, 1, 9, 3]",16,0.6381091617933721,126,135,5,0.051169590643274004,9,1
148,"(2,8)",,False,39,"[19, 12, 4, 2, 8]",16,0.622027290448342,128,137,5,0.050584795321637004,9,1
149,"(2,8)",,False,39,"[19, 12, 4, 2, 8]",16,0.622027290448342,128,137,5,0.050584795321637004,9,1
150,"(14,15)",,False,38,"[14, 2, 19, 15, 6]",16,0.6338902812587021,130,139,4,0.044249512670565004,9,1
151,"(14,15)",,False,38,"[14, 2, 19, 15, 6]",16,0.6338902812587021,130,139,4,0.044249512670565004,9,1
152,"(0,16)",,False,35,"[0, 10, 9, 15, 16]",15,0.577387914230019,132,141,4,0.041520467836257006,9,1
153,"(0,16)",,False,35,"[0, 10, 9, 15, 16]",15,0.577387914230019,132,141,4,0.041520467836257006,9,1
154,"(19,5)",,False,35,"[14, 19, 9, 5, 4]",15,0.588888888888888,134,143,4,0.044834307992202005,9,1
155,"(19,5)",,False,35,"[14, 19, 9, 5, 4]",15,0.588888888888888,134,143,4,0.044834307992202005,9,1
156,"(6,17)",,False,36,"[7, 6, 5, 17, 15]",15,0.5591617933723191,136,145,4,0.045808966861598,9,1
157,"(6,17)",,False,36,"[7, 6, 5, 17, 15]",15,0.5591617933723191,136,145,4,0.045808966861598,9,1
158,"(11,2)",,False,37,"[11, 2, 6, 4, 9]",15,0.653703703703703,138,147,4,0.049317738791423,9,1
159,"(11,2)",,False,37,"[11, 2, 6, 4, 9]",15,0.653703703703703,138,147,4,0.049317738791423,9,1
160,"(17,19)",,False,36,"[14, 17, 2, 15, 19]",15,0.655945419103313,140,149,4,0.048732943469785,9,1
161,"(17,19)",,False,36,"[14, 17, 2, 15, 19]",15,0.655945419103313,140,149,4,0.048732943469785,9,1
162,"(12,0)",,False,37,"[12, 18, 10, 15, 0]",16,0.655137844611528,142,151,4,0.11423001949317702,9,1
163,"(12,0)",,False,37,"[12, 18, 10, 15, 0]",16,0.655137844611528,142,151,4,0.11423001949317702,9,1
164,"(0,4)",,False,37,"[14, 0, 9, 7, 4]",15,0.5680033416875521,144,153,4,0.061013645224171006,9,1
165,"(0,4)",,False,37,"[14, 0, 9, 7, 4]",15,0.5680033416875521,144,153,4,0.061013645224171006,9,1
166,"(4,1)",,False,39,"[4, 17, 1, 16, 12]",15,0.612447786131996,146,155,5,0.133820662768031,9,1
167,"(4,1)",,False,39,"[4, 17, 1, 16, 12]",15,0.612447786131996,146,155,5,0.133820662768031,9,1
168,"(16,18)",,False,40,"[2, 4, 16, 18, 14]",15,0.5813561681982731,148,157,5,0.12992202729044802,9,1
169,"(16,18)",,False,40,"[2, 4, 16, 18, 14]",15,0.5813561681982731,148,157,5,0.12992202729044802,9,1
170,"(10,9)",,False,39,"[10, 19, 9, 6, 7]",15,0.640879977722082,150,159,3,0.074979114452798,9,1
171,"(10,9)",,False,39,"[10, 19, 9, 6, 7]",15,0.640879977722082,150,159,3,0.074979114452798,9,1
172,"(0,16)",,False,38,"[0, 4, 17, 16, 8]",14,0.612962962962962,152,161,3,0.09307992202729001,9,1
173,"(0,16)",,False,38,"[0, 4, 17, 16, 8]",14,0.612962962962962,152,161,3,0.09307992202729001,9,1
174,"(17,11)",,False,39,"[5, 2, 17, 6, 11]",14,0.587231968810916,154,163,3,0.09307992202729001,9,1
175,"(17,11)",,False,39,"[5, 2, 17, 6, 11]",14,0.587231968810916,154,163,3,0.09307992202729001,9,1
176,"(0,13)",,False,36,"[6, 17, 0, 13, 16]",13,0.530506822612085,156,165,3,0.085282651072124,9,1
177,"(0,13)",,False,36,"[6, 17, 0, 13, 16]",13,0.530506822612085,156,165,3,0.085282651072124,9,1
178,"(11,0)",,False,34,"[1, 4, 7, 11, 0]",12,0.449610136452241,158,167,2,0.055555555555555004,9,1
179,"(11,0)",,False,34,"[1, 4, 7, 11, 0]",12,0.449610136452241,158,167,2,0.055555555555555004,9,1
180,"(3,8)",,False,35,"[3, 8, 11, 13, 2]",12,0.42621832358674405,160,169,2,0.052631578947368,9,1
181,"(3,8)",,False,35,"[3, 8, 11, 13, 2]",12,0.42621832358674405,160,169,2,0.052631578947368,9,1
182,"(15,1)",,False,37,"[5, 15, 16, 1, 14]",12,0.37261208576998,162,171,3,0.028752436647173002,9,1
183,"(15,1)",,False,37,"[5, 15, 16, 1, 14]",12,0.37261208576998,162,171,3,0.028752436647173002,9,1
184,"(18,0)",,False,36,"[17, 5, 18, 0, 2]",12,0.273879142300194,164,173,3,0.005847953216374001,9,1
185,"(18,0)",,False,36,"[17, 5, 18, 0, 2]",12,0.273879142300194,164,173,3,0.005847953216374001,9,1
186,"(1,12)",,False,37,"[16, 1, 2, 5, 12]",12,0.34736842105263105,166,175,3,0.067641325536062,9,1
187,"(1,12)",,False,37,"[16, 1, 2, 5, 12]",12,0.34736842105263105,166,175,3,0.067641325536062,9,1
188,"(17,16)",,False,39,"[14, 17, 10, 16, 5]",12,0.369005847953216,168,177,3,0.07261208576998,9,1
189,"(17,16)",,False,39,"[14, 17, 10, 16, 5]",12,0.369005847953216,168,177,3,0.07261208576998,9,1
190,"(7,1)",,False,40,"[7, 6, 3, 1, 12]",12,0.33109161793372305,170,179,4,0.059844054580896006,9,1
191,"(7,1)",,False,40,"[7, 6, 3, 1, 12]",12,0.33109161793372305,170,179,4,0.059844054580896006,9,1
192,"(4,0)",,False,41,"[4, 17, 11, 0, 18]",13,0.384572542467279,172,181,4,0.036647173489278005,9,1
193,"(4,0)",,False,41,"[4, 17, 11, 0, 18]",13,0.384572542467279,172,181,4,0.036647173489278005,9,1
194,"(3,12)",,False,41,"[10, 18, 3, 5, 12]",13,0.37613478139793904,174,183,4,0.037621832358674,9,1
195,"(3,12)",,False,41,"[10, 18, 3, 5, 12]",13,0.37613478139793904,174,183,4,0.037621832358674,9,1
196,"(0,6)",,False,42,"[0, 3, 6, 4, 2]",14,0.40501949317738706,176,185,4,0.025146198830409004,9,1
197,"(0,6)",,False,42,"[0, 3, 6, 4, 2]",14,0.40501949317738706,176,185,4,0.025146198830409004,9,1
198,"(16,13)",,False,43,"[16, 6, 9, 5, 13]",14,0.483444722918407,178,187,4,0.025703146755778002,9,1
199,"(16,13)",,False,43,"[16, 6, 9, 5, 13]",14,0.483444722918407,178,187,4,0.025703146755778002,9,1
200,"(12,17)",,False,42,"[12, 13, 8, 3, 17]",14,0.49085909217488105,180,189,4,0.030263157894736003,9,1
201,"(12,17)",,False,42,"[12, 13, 8, 3, 17]",14,0.49085909217488105,180,189,4,0.030263157894736003,9,1
202,"(14,11)",,False,39,"[10, 5, 14, 9, 11]",14,0.45638401559454106,182,191,4,0.041179337231968004,9,1
203,"(14,11)",,False,39,"[10, 5, 14, 9, 11]",14,0.45638401559454106,182,191,4,0.041179337231968004,9,1
204,"(10,13)",,False,41,"[4, 18, 10, 6, 13]",15,0.538255360623781,184,193,4,0.04312865497076,9,1
205,"(10,13)",,False,41,"[4, 18, 10, 6, 13]",15,0.538255360623781,184,193,4,0.04312865497076,9,1
206,"(7,0)",,False,40,"[14, 7, 12, 6, 0]",15,0.5660122528543581,186,195,4,0.023503202450570002,9,1
207,"(7,0)",,False,40,"[14, 7, 12, 6, 0]",15,0.5660122528543581,186,195,4,0.023503202450570002,9,1
208,"(12,14)",,False,39,"[12, 14, 13, 10, 17]",15,0.59317738791423,188,197,4,0.027387914230019003,9,1
209,"(12,14)",,False,39,"[12, 14, 13, 10, 17]",15,0.59317738791423,188,197,4,0.027387914230019003,9,1
210,"(17,8)",,False,40,"[17, 8, 11, 18, 4]",15,0.562893344472291,190,199,4,0.025647451963241003,9,1
211,"(17,8)",,False,40,"[17, 8, 11, 18, 4]",15,0.562893344472291,190,199,4,0.025647451963241003,9,1
212,"(7,6)",,False,41,"[7, 3, 6, 13, 18]",15,0.545349484823169,192,201,4,0.031495405179615,9,1
213,"(7,6)",,False,41,"[7, 3, 6, 13, 18]",15,0.545349484823169,192,201,4,0.031495405179615,9,1
214,"(8,4)",,False,43,"[8, 4, 3, 14, 7]",16,0.5710038986354771,194,203,4,0.024269005847953003,9,1
215,"(8,4)",,False,43,"[8, 4, 3, 14, 7]",16,0.5710038986354771,194,203,4,0.024269005847953003,9,1
216,"(4,12)",,False,43,"[8, 4, 12, 2, 10]",16,0.5625800612642711,196,205,3,0.015705931495405,9,1
217,"(4,12)",,False,43,"[8, 4, 12, 2, 10]",16,0.5625800612642711,196,205,3,0.015705931495405,9,1
218,"(1,5)",,False,42,"[18, 0, 1, 2, 5]",16,0.6027151211361731,198,207,4,0.063171818434976,9,1
219,"(1,5)",,False,42,"[18, 0, 1, 2, 5]",16,0.6027151211361731,198,207,4,0.063171818434976,9,1
220,"(4,1)",,False,43,"[17, 7, 13, 4, 1]",16,0.5861459203564461,200,209,5,0.071748816485658,9,1
221,"(4,1)",,False,43,"[17, 7, 13, 4, 1]",16,0.5861459203564461,200,209,5,0.071748816485658,9,1
222,"(9,4)",,False,44,"[12, 3, 9, 5, 4]",16,0.578042328042327,202,211,5,0.072890559732664,9,1
223,"(9,4)",,False,44,"[12, 3, 9, 5, 4]",16,0.578042328042327,202,211,5,0.072890559732664,9,1
224,"(3,6)",,False,43,"[14, 19, 3, 11, 6]",16,0.595050125313283,204,213,4,0.061083263714842004,9,1
225,"(3,6)",,False,43,"[14, 19, 3, 11, 6]",16,0.595050125313283,204,213,4,0.061083263714842004,9,1
226,"(11,12)",,False,43,"[11, 8, 17, 16, 12]",16,0.577311333890281,206,215,4,0.061083263714842004,9,1
227,"(11,12)",,False,43,"[11, 8, 17, 16, 12]",16,0.577311333890281,206,215,4,0.061083263714842004,9,1
228,"(8,19)",,False,44,"[8, 18, 19, 6, 17]",16,0.559245335561125,208,217,4,0.059899749373433,9,1
229,"(8,19)",,False,44,"[8, 18, 19, 6, 17]",16,0.559245335561125,208,217,4,0.059899749373433,9,1
230,"(6,0)",,False,41,"[6, 5, 7, 18, 0]",15,0.556780840991367,210,219,4,0.071762740183792,9,1
231,"(6,0)",,False,41,"[6, 5, 7, 18, 0]",15,0.556780840991367,210,219,4,0.071762740183792,9,1
232,"(2,7)",,False,41,"[6, 2, 13, 7, 17]",15,0.549610136452241,212,221,4,0.07485380116959,9,1
233,"(2,7)",,False,41,"[6, 2, 13, 7, 17]",15,0.549610136452241,212,221,4,0.07485380116959,9,1
234,"(6,3)",,False,42,"[6, 4, 17, 5, 3]",15,0.5498050682261201,214,223,4,0.07465886939571101,9,1
235,"(6,3)",,False,42,"[6, 4, 17, 5, 3]",15,0.5498050682261201,214,223,4,0.07465886939571101,9,1
236,"(11,17)",,False,43,"[15, 4, 16, 11, 17]",15,0.5526663881927041,216,225,4,0.074672793093845,9,1
237,"(11,17)",,False,43,"[15, 4, 16, 11, 17]",15,0.5526663881927041,216,225,4,0.074672793093845,9,1
238,"(8,6)",,False,43,"[9, 8, 10, 6, 19]",15,0.5481690336953491,218,227,4,0.07135895293790001,9,1
239,"(8,6)",,False,43,"[9, 8, 10, 6, 19]",15,0.5481690336953491,218,227,4,0.07135895293790001,9,1
240,"(9,2)",,False,44,"[14, 9, 2, 1, 8]",16,0.558284600389863,220,229,4,0.05409356725146101,9,1
241,"(9,2)",,False,44,"[14, 9, 2, 1, 8]",16,0.558284600389863,220,229,4,0.05409356725146101,9,1
242,"(17,10)",,False,45,"[17, 8, 9, 13, 10]",16,0.5540860698755431,222,231,4,0.057954715849452006,9,1
243,"(17,10)",,False,45,"[17, 8, 9, 13, 10]",16,0.5540860698755431,222,231,4,0.057954715849452006,9,1
244,"(1,17)",,False,44,"[1, 17, 7, 9, 8]",16,0.586667523509628,224,233,5,0.0715624531414,9,1
245,"(1,17)",,False,44,"[1, 17, 7, 9, 8]",16,0.586667523509628,224,233,5,0.0715624531414,9,1
246,"(1,6)",,False,43,"[14, 7, 17, 1, 6]",16,0.610526315789473,226,235,6,0.09795321637426901,9,1
247,"(1,6)",,False,43,"[14, 7, 17, 1, 6]",16,0.610526315789473,226,235,6,0.09795321637426901,9,1
248,"(2,12)",,False,43,"[2, 18, 12, 11, 14]",16,0.5829434697855751,228,237,5,0.071345029239766,9,1
249,"(2,12)",,False,43,"[2, 18, 12, 11, 14]",16,0.5829434697855751,228,237,5,0.071345029239766,9,1
250,"(10,18)",,False,44,"[14, 10, 6, 4, 18]",17,0.61282372598162,230,239,5,0.021010860484544,9,1
251,"(10,18)",,False,44,"[14, 10, 6, 4, 18]",17,0.61282372598162,230,239,5,0.021010860484544,9,1
252,"(0,16)",,False,42,"[0, 18, 16, 12, 11]",16,0.600097465886939,232,241,5,0.031384015594541,9,1
253,"(0,16)",,False,42,"[0, 18, 16, 12, 11]",16,0.600097465886939,232,241,5,0.031384015594541,9,1
254,"(12,14)",,False,43,"[9, 13, 12, 19, 14]",16,0.5743664717348921,234,243,5,0.031384015594541,9,1
255,"(12,14)",,False,43,"[9, 13, 12, 19, 14]",16,0.5743664717348921,234,243,5,0.031384015594541,9,1
256,"(18,15)",,False,43,"[18, 15, 17, 9, 11]",16,0.5725146198830411,236,245,5,0.031871345029239,9,1
257,"(18,15)",,False,43,"[18, 15, 17, 9, 11]",16,0.5725146198830411,236,245,5,0.031871345029239,9,1
258,"(8,7)",,False,42,"[13, 8, 14, 7, 18]",16,0.5937900306321361,238,247,5,0.033235867446393,9,1
259,"(8,7)",,False,42,"[13, 8, 14, 7, 18]",16,0.5937900306321361,238,247,5,0.033235867446393,9,1
260,"(7,15)",,False,41,"[7, 5, 14, 6, 15]",16,0.6183514341409071,240,249,5,0.033235867446393,9,1
261,"(7,15)",,False,41,"[7, 5, 14, 6, 15]",16,0.6183514341409071,240,249,5,0.033235867446393,9,1
262,"(1,6)",,False,41,"[1, 10, 18, 6, 13]",16,0.6164995822890561,242,251,6,0.066666666666666,9,1
263,"(1,6)",,False,41,"[1, 10, 18, 6, 13]",16,0.6164995822890561,242,251,6,0.066666666666666,9,1
264,"(1,9)",,False,44,"[4, 18, 1, 9, 15]",16,0.578752436647173,244,253,7,0.055861876914508,9,1
265,"(1,9)",,False,44,"[4, 18, 1, 9, 15]",16,0.578752436647173,244,253,7,0.055861876914508,9,1
266,"(16,1)",,False,44,"[14, 13, 16, 1, 7]",16,0.583054859370648,246,255,8,0.098607630186577,9,1
267,"(16,1)",,False,44,"[14, 13, 16, 1, 7]",16,0.583054859370648,246,255,8,0.098607630186577,9,1
268,"(1,11)",,False,47,"[5, 18, 1, 7, 11]",16,0.55026455026455,248,257,9,0.08586744639376201,9,1
269,"(1,11)",,False,47,"[5, 18, 1, 7, 11]",16,0.55026455026455,248,257,9,0.08586744639376201,9,1
270,"(0,5)",,False,45,"[0, 12, 19, 10, 5]",15,0.522194374825953,250,259,9,0.125355054302422,9,1
271,"(0,5)",,False,45,"[0, 12, 19, 10, 5]",15,0.522194374825953,250,259,9,0.125355054302422,9,1
272,"(0,13)",,False,46,"[3, 5, 0, 13, 6]",14,0.407957393483709,252,261,9,0.08535226956279501,9,1
273,"(0,13)",,False,46,"[3, 5, 0, 13, 6]",14,0.407957393483709,252,261,9,0.08535226956279501,9,1
274,"(1,10)",,False,46,"[0, 1, 5, 10, 3]",14,0.38755917571707005,254,263,10,0.11727234753550501,9,1
275,"(1,10)",,False,46,"[0, 1, 5, 10, 3]",14,0.38755917571707005,254,263,10,0.11727234753550501,9,1
276,"(0,11)",,False,45,"[15, 0, 12, 11, 18]",13,0.45122528543581103,256,265,10,0.15431634642160902,9,1
277,"(0,11)",,False,45,"[15, 0, 12, 11, 18]",13,0.45122528543581103,256,265,10,0.15431634642160902,9,1
278,"(8,1)",,False,44,"[16, 17, 5, 8, 1]",13,0.446832358674463,258,267,9,0.146539961013645,9,1
279,"(8,1)",,False,44,"[16, 17, 5, 8, 1]",13,0.446832358674463,258,267,9,0.146539961013645,9,1
280,"(1,15)",,False,44,"[8, 1, 15, 6, 17]",13,0.44663742690058406,260,269,10,0.166434605031096,9,1
281,"(1,15)",,False,44,"[8, 1, 15, 6, 17]",13,0.44663742690058406,260,269,10,0.166434605031096,9,1
282,"(0,4)",,False,43,"[1, 5, 0, 8, 4]",13,0.454860003544214,262,271,10,0.22608963486156403,9,1
283,"(0,4)",,False,43,"[1, 5, 0, 8, 4]",13,0.454860003544214,262,271,10,0.22608963486156403,9,1
284,"(13,10)",,False,45,"[8, 13, 6, 10, 11]",13,0.426594896331738,264,273,10,0.21341906955942003,9,1
285,"(13,10)",,False,45,"[8, 13, 6, 10, 11]",13,0.426594896331738,264,273,10,0.21341906955942003,9,1
286,"(0,8)",,False,46,"[0, 10, 16, 3, 8]",14,0.45076580339738204,266,275,10,0.20109997215260303,9,1
287,"(0,8)",,False,46,"[0, 10, 16, 3, 8]",14,0.45076580339738204,266,275,10,0.20109997215260303,9,1
288,"(19,1)",,False,47,"[19, 2, 11, 1, 10]",15,0.46470342522974006,268,277,10,0.20093984962406,9,1
289,"(19,1)",,False,47,"[19, 2, 11, 1, 10]",15,0.46470342522974006,268,277,10,0.20093984962406,9,1
290,"(18,3)",,False,46,"[18, 19, 4, 16, 3]",15,0.47925368978000504,270,279,10,0.20953773322194302,9,1
291,"(18,3)",,False,46,"[18, 19, 4, 16, 3]",15,0.47925368978000504,270,279,10,0.20953773322194302,9,1
292,"(12,6)",,False,49,"[9, 12, 18, 6, 7]",15,0.438915048564171,272,281,10,0.16867505463996602,9,1
293,"(12,6)",,False,49,"[9, 12, 18, 6, 7]",15,0.438915048564171,272,281,10,0.16867505463996602,9,1
294,"(2,10)",,False,52,"[3, 2, 16, 6, 10]",15,0.398420293157135,274,283,10,0.13643705222652502,9,1
295,"(2,10)",,False,52,"[3, 2, 16, 6, 10]",15,0.398420293157135,274,283,10,0.13643705222652502,9,1
296,"(14,0)",,False,49,"[2, 13, 14, 0, 17]",14,0.343428014480646,276,285,10,0.137166991552956,9,1
297,"(14,0)",,False,49,"[2, 13, 14, 0, 17]",14,0.343428014480646,276,285,10,0.137166991552956,9,1
298,"(0,17)",,False,49,"[15, 2, 0, 16, 17]",14,0.343428014480646,278,287,10,0.137166991552956,9,1
299,"(0,17)",,False,49,"[15, 2, 0, 16, 17]",14,0.343428014480646,278,287,10,0.137166991552956,9,1
300,"(9,15)",,False,50,"[8, 9, 5, 15, 11]",14,0.34147869674185405,280,289,10,0.12368421052631501,9,1
301,"(9,15)",,False,50,"[8, 9, 5, 15, 11]",14,0.34147869674185405,280,289,10,0.12368421052631501,9,1
302,"(8,12)",,False,51,"[9, 8, 5, 12, 16]",14,0.361730715678084,282,291,9,0.10105355982548901,9,1
303,"(8,12)",,False,51,"[9, 8, 5, 12, 16]",14,0.361730715678084,282,291,9,0.10105355982548901,9,1
304,"(14,1)",,False,52,"[12, 4, 14, 1, 5]",15,0.368581175160122,284,293,10,0.11513505987190101,9,1
305,"(14,1)",,False,52,"[12, 4, 14, 1, 5]",15,0.368581175160122,284,293,10,0.11513505987190101,9,1
306,"(7,17)",,False,51,"[7, 17, 9, 16, 10]",15,0.328815093288777,286,295,10,0.105291005291005,9,1
307,"(7,17)",,False,51,"[7, 17, 9, 16, 10]",15,0.328815093288777,286,295,10,0.105291005291005,9,1
308,"(3,9)",,False,53,"[3, 2, 9, 16, 10]",15,0.38294346978557503,288,297,10,0.10676691729323301,9,1
309,"(3,9)",,False,53,"[3, 2, 9, 16, 10]",15,0.38294346978557503,288,297,10,0.10676691729323301,9,1
310,"(13,1)",,False,54,"[9, 19, 16, 13, 1]",16,0.39270398217766606,290,299,10,0.12468671679197901,9,1
311,"(13,1)",,False,54,"[9, 19, 16, 13, 1]",16,0.39270398217766606,290,299,10,0.12468671679197901,9,1
312,"(6,19)",,False,57,"[6, 13, 9, 19, 3]",16,0.35315139701104603,292,301,10,0.10646523716699101,9,1
313,"(6,19)",,False,57,"[6, 13, 9, 19, 3]",16,0.35315139701104603,292,301,10,0.10646523716699101,9,1
314,"(15,3)",,False,60,"[8, 15, 11, 4, 3]",18,0.41101364522417105,294,303,10,0.08840155945419101,9,1
315,"(15,3)",,False,60,"[8, 15, 11, 4, 3]",18,0.41101364522417105,294,303,10,0.08840155945419101,9,1
316,"(0,4)",,False,57,"[1, 0, 12, 9, 4]",17,0.40329295460874404,296,305,10,0.131244778613199,9,1
317,"(0,4)",,False,57,"[1, 0, 12, 9, 4]",17,0.40329295460874404,296,305,10,0.131244778613199,9,1
318,"(7,6)",,False,56,"[8, 7, 6, 18, 12]",17,0.416311612364243,298,307,9,0.092912837649679,9,1
319,"(7,6)",,False,56,"[8, 7, 6, 18, 12]",17,0.416311612364243,298,307,9,0.092912837649679,9,1
320,"(19,18)",,False,59,"[16, 19, 15, 4, 18]",17,0.396177944862155,300,309,9,0.064598997493734,9,1
321,"(19,18)",,False,59,"[16, 19, 15, 4, 18]",17,0.396177944862155,300,309,9,0.064598997493734,9,1
322,"(8,1)",,False,58,"[8, 7, 10, 1, 2]",17,0.41249883969182205,302,311,10,0.104868653114267,9,1
323,"(8,1)",,False,58,"[8, 7, 10, 1, 2]",17,0.41249883969182205,302,311,10,0.104868653114267,9,1
324,"(10,16)",,False,59,"[4, 15, 10, 18, 16]",17,0.394862155388471,304,313,10,0.09470203285992701,9,1
325,"(10,16)",,False,59,"[4, 15, 10, 18, 16]",17,0.394862155388471,304,313,10,0.09470203285992701,9,1
326,"(14,3)",,False,58,"[14, 5, 10, 3, 8]",17,0.42473397297958604,306,315,10,0.10049977637696901,9,1
327,"(14,3)",,False,58,"[14, 5, 10, 3, 8]",17,0.42473397297958604,306,315,10,0.10049977637696901,9,1
328,"(15,4)",,False,56,"[15, 4, 3, 6, 16]",17,0.441221108326371,308,317,10,0.125396825396825,9,1
329,"(15,4)",,False,56,"[15, 4, 3, 6, 16]",17,0.441221108326371,308,317,10,0.125396825396825,9,1
330,"(1,17)",,False,55,"[2, 4, 1, 5, 17]",17,0.433939014202172,310,319,11,0.155339738234475,9,1
331,"(1,17)",,False,55,"[2, 4, 1, 5, 17]",17,0.433939014202172,310,319,11,0.155339738234475,9,1
332,"(12,0)",,False,54,"[12, 0, 15, 4, 18]",16,0.38137705374547404,312,321,11,0.169785575048732,9,1
333,"(12,0)",,False,54,"[12, 0, 15, 4, 18]",16,0.38137705374547404,312,321,11,0.169785575048732,9,1
334,"(6,3)",,False,57,"[6, 3, 18, 13, 16]",17,0.413304093567251,314,323,11,0.146994801819363,9,1
335,"(6,3)",,False,57,"[6, 3, 18, 13, 16]",17,0.413304093567251,314,323,11,0.146994801819363,9,1
336,"(15,19)",,False,56,"[15, 19, 6, 9, 5]",17,0.41678501810080704,316,325,11,0.148282743896778,9,1
337,"(15,19)",,False,56,"[15, 19, 6, 9, 5]",17,0.41678501810080704,316,325,11,0.148282743896778,9,1
338,"(11,12)",,False,55,"[11, 12, 19, 16, 14]",17,0.431091617933723,318,327,9,0.09337231968810901,9,1
339,"(11,12)",,False,55,"[11, 12, 19, 16, 14]",17,0.431091617933723,318,327,9,0.09337231968810901,9,1
340,"(17,15)",,False,54,"[17, 15, 3, 6, 7]",17,0.43025619604566906,320,329,9,0.096929824561403,9,1
341,"(17,15)",,False,54,"[17, 15, 3, 6, 7]",17,0.43025619604566906,320,329,9,0.096929824561403,9,1
342,"(3,12)",,False,54,"[16, 14, 6, 3, 12]",17,0.42664995822890506,322,331,9,0.10043859649122801,9,1
343,"(3,12)",,False,54,"[16, 14, 6, 3, 12]",17,0.42664995822890506,322,331,9,0.10043859649122801,9,1
344,"(16,18)",,False,54,"[8, 16, 18, 4, 12]",17,0.43288777499303804,324,333,9,0.10034113060428801,9,1
345,"(16,18)",,False,54,"[8, 16, 18, 4, 12]",17,0.43288777499303804,324,333,9,0.10034113060428801,9,1
346,"(4,9)",,False,51,"[4, 12, 10, 9, 5]",17,0.47651072124756305,326,335,9,0.12041910331384001,9,1
347,"(4,9)",,False,51,"[4, 12, 10, 9, 5]",17,0.47651072124756305,326,335,9,0.12041910331384001,9,1
348,"(0,17)",,False,52,"[0, 17, 19, 11, 15]",16,0.356655527708159,328,337,9,0.071797549429128,9,1
349,"(0,17)",,False,52,"[0, 17, 19, 11, 15]",16,0.356655527708159,328,337,9,0.071797549429128,9,1
350,"(0,12)",,False,49,"[8, 7, 0, 16, 12]",15,0.33812308549150605,330,339,7,0.037043998886104004,9,1
351,"(0,12)",,False,49,"[8, 7, 0, 16, 12]",15,0.33812308549150605,330,339,7,0.037043998886104004,9,1
352,"(13,0)",,False,47,"[13, 0, 3, 18, 10]",14,0.327791701475912,332,341,6,0.031780840991367,9,1
353,"(13,0)",,False,47,"[13, 0, 3, 18, 10]",14,0.327791701475912,332,341,6,0.031780840991367,9,1
354,"(19,3)",,False,49,"[7, 15, 12, 19, 3]",14,0.361417432470064,334,343,6,0.031780840991367,9,1
355,"(19,3)",,False,49,"[7, 15, 12, 19, 3]",14,0.361417432470064,334,343,6,0.031780840991367,9,1
356,"(9,13)",,False,48,"[16, 5, 9, 4, 13]",14,0.29806460595934203,336,345,6,0.020572263993316003,9,1
357,"(9,13)",,False,48,"[16, 5, 9, 4, 13]",14,0.29806460595934203,336,345,6,0.020572263993316003,9,1
358,"(14,0)",,False,45,"[14, 0, 6, 5, 2]",13,0.28890281258702305,338,347,6,0.021205792258423003,9,1
359,"(14,0)",,False,45,"[14, 0, 6, 5, 2]",13,0.28890281258702305,338,347,6,0.021205792258423003,9,1
360,"(13,12)",,False,46,"[13, 14, 6, 18, 12]",13,0.31049150654413804,340,349,6,0.025884154831523003,9,1
361,"(13,12)",,False,46,"[13, 14, 6, 18, 12]",13,0.31049150654413804,340,349,6,0.025884154831523003,9,1
362,"(6,15)",,False,45,"[13, 6, 4, 2, 15]",13,0.32513227513227505,342,351,6,0.029838485101642002,9,1
363,"(6,15)",,False,45,"[13, 6, 4, 2, 15]",13,0.32513227513227505,342,351,6,0.029838485101642002,9,1
364,"(11,16)",,False,44,"[11, 16, 5, 18, 9]",13,0.340239487607908,344,353,6,0.037635756056808,9,1
365,"(11,16)",,False,44,"[11, 16, 5, 18, 9]",13,0.340239487607908,344,353,6,0.037635756056808,9,1
366,"(10,13)",,False,44,"[10, 9, 3, 5, 13]",13,0.34232804232804204,346,355,6,0.04660261765524901,9,1
367,"(10,13)",,False,44,"[10, 9, 3, 5, 13]",13,0.34232804232804204,346,355,6,0.04660261765524901,9,1
368,"(2,10)",,False,43,"[2, 8, 7, 5, 10]",13,0.36773879142300203,348,357,6,0.051072124756335005,9,1
369,"(2,10)",,False,43,"[2, 8, 7, 5, 10]",13,0.36773879142300203,348,357,6,0.051072124756335005,9,1
370,"(18,10)",,False,43,"[9, 18, 2, 10, 11]",13,0.355096073517126,350,359,5,0.033737120579225004,9,1
371,"(18,10)",,False,43,"[9, 18, 2, 10, 11]",13,0.355096073517126,350,359,5,0.033737120579225004,9,1
372,"(1,17)",,False,44,"[5, 0, 1, 17, 19]",13,0.338772858071103,352,361,6,0.08939942448714301,9,1
373,"(1,17)",,False,44,"[5, 0, 1, 17, 19]",13,0.338772858071103,352,361,6,0.08939942448714301,9,1
374,"(0,11)",,False,43,"[12, 8, 0, 4, 11]",12,0.303782604659797,354,363,6,0.11805439524737701,9,1
375,"(0,11)",,False,43,"[12, 8, 0, 4, 11]",12,0.303782604659797,354,363,6,0.11805439524737701,9,1
376,"(0,6)",,False,44,"[1, 0, 16, 6, 13]",13,0.335394040657198,356,365,6,0.055806182121971006,9,1
377,"(0,6)",,False,44,"[1, 0, 16, 6, 13]",13,0.335394040657198,356,365,6,0.055806182121971006,9,1
378,"(3,13)",,False,43,"[11, 9, 3, 13, 8]",13,0.335964912280701,358,367,6,0.051072124756335005,9,1
379,"(3,13)",,False,43,"[11, 9, 3, 13, 8]",13,0.335964912280701,358,367,6,0.051072124756335005,9,1
380,"(18,9)",,False,45,"[2, 13, 18, 9, 7]",13,0.31278195488721805,360,369,6,0.045335561125034,9,1
381,"(18,9)",,False,45,"[2, 13, 18, 9, 7]",13,0.31278195488721805,360,369,6,0.045335561125034,9,1
382,"(16,15)",,False,44,"[16, 4, 15, 11, 18]",13,0.330033416875522,362,371,6,0.044555834029518,9,1
383,"(16,15)",,False,44,"[16, 4, 15, 11, 18]",13,0.330033416875522,362,371,6,0.044555834029518,9,1
384,"(1,13)",,False,44,"[15, 17, 1, 16, 13]",13,0.35332776385407905,364,373,7,0.07905875800612601,9,1
385,"(1,13)",,False,44,"[15, 17, 1, 16, 13]",13,0.35332776385407905,364,373,7,0.07905875800612601,9,1
386,"(5,1)",,False,43,"[5, 16, 11, 8, 1]",13,0.374756335282651,366,375,6,0.041228070175438,9,1
387,"(5,1)",,False,43,"[5, 16, 11, 8, 1]",13,0.374756335282651,366,375,6,0.041228070175438,9,1
388,"(1,4)",,False,43,"[11, 3, 8, 1, 4]",13,0.35711500974658805,368,377,7,0.10945419103313801,9,1
389,"(1,4)",,False,43,"[11, 3, 8, 1, 4]",13,0.35711500974658805,368,377,7,0.10945419103313801,9,1
390,"(0,5)",,False,40,"[0, 11, 19, 5, 14]",12,0.38579782790309103,370,379,7,0.195767195767195,9,1
391,"(0,5)",,False,40,"[0, 11, 19, 5, 14]",12,0.38579782790309103,370,379,7,0.195767195767195,9,1
392,"(12,15)",,False,39,"[12, 17, 15, 19, 7]",12,0.400097465886939,372,381,7,0.194249512670565,9,1
393,"(12,15)",,False,39,"[12, 17, 15, 19, 7]",12,0.400097465886939,372,381,7,0.194249512670565,9,1
394,"(13,15)",,False,40,"[13, 4, 8, 15, 18]",13,0.485199108883319,374,383,7,0.113269284321915,9,1
395,"(13,15)",,False,40,"[13, 4, 8, 15, 18]",13,0.485199108883319,374,383,7,0.113269284321915,9,1
396,"(6,9)",,False,40,"[5, 6, 9, 7, 11]",13,0.46306042884990206,376,385,7,0.125382901698691,9,1
397,"(6,9)",,False,40,"[5, 6, 9, 7, 11]",13,0.46306042884990206,376,385,7,0.125382901698691,9,1
398,"(2,0)",,False,39,"[4, 12, 2, 0, 14]",12,0.417056530214424,378,387,7,0.12358674463937601,9,1
399,"(2,0)",,False,39,"[4, 12, 2, 0, 14]",12,0.417056530214424,378,387,7,0.12358674463937601,9,1
400,"(9,12)",,False,41,"[9, 12, 15, 17, 8]",12,0.392105263157894,380,389,7,0.111598440545808,9,1
401,"(9,12)",,False,41,"[9, 12, 15, 17, 8]",12,0.392105263157894,380,389,7,0.111598440545808,9,1
402,"(1,7)",,False,44,"[17, 15, 1, 12, 7]",14,0.409454191033138,382,391,8,0.1088693957115,9,1
403,"(1,7)",,False,44,"[17, 15, 1, 12, 7]",14,0.409454191033138,382,391,8,0.1088693957115,9,1
404,"(15,6)",,False,47,"[9, 14, 15, 3, 6]",14,0.3855982548965,384,393,8,0.087895665088647,9,1
405,"(15,6)",,False,47,"[9, 14, 15, 3, 6]",14,0.3855982548965,384,393,8,0.087895665088647,9,1
406,"(0,5)",,False,46,"[0, 1, 18, 9, 5]",13,0.348593706488443,386,395,8,0.164842662211083,9,1
407,"(0,5)",,False,46,"[0, 1, 18, 9, 5]",13,0.348593706488443,386,395,8,0.164842662211083,9,1
408,"(10,6)",,False,47,"[5, 10, 6, 4, 16]",14,0.371581732108047,388,397,8,0.16052631578947302,9,1
409,"(10,6)",,False,47,"[5, 10, 6, 4, 16]",14,0.371581732108047,388,397,8,0.16052631578947302,9,1
410,"(16,14)",,False,48,"[16, 10, 14, 3, 8]",15,0.399777220829852,390,399,8,0.155304928989139,9,1
411,"(16,14)",,False,48,"[16, 10, 14, 3, 8]",15,0.399777220829852,390,399,8,0.155304928989139,9,1
412,"(0,17)",,False,49,"[10, 9, 14, 0, 17]",15,0.39912280701754305,392,401,8,0.11734892787524301,9,1
413,"(0,17)",,False,49,"[10, 9, 14, 0, 17]",15,0.39912280701754305,392,401,8,0.11734892787524301,9,1
414,"(3,5)",,False,48,"[6, 18, 16, 3, 5]",15,0.405318852687273,394,403,8,0.11074909495962101,9,1
415,"(3,5)",,False,48,"[6, 18, 16, 3, 5]",15,0.405318852687273,394,403,8,0.11074909495962101,9,1
416,"(15,8)",,False,49,"[15, 3, 13, 8, 9]",15,0.38622946254525203,396,405,8,0.0796992481203,9,1
417,"(15,8)",,False,49,"[15, 3, 13, 8, 9]",15,0.38622946254525203,396,405,8,0.0796992481203,9,1
418,"(12,14)",,False,50,"[12, 2, 4, 11, 14]",15,0.36622574955908205,398,407,8,0.069210062192518,9,1
419,"(12,14)",,False,50,"[12, 2, 4, 11, 14]",15,0.36622574955908205,398,407,8,0.069210062192518,9,1
420,"(10,15)",,False,51,"[4, 18, 12, 10, 15]",15,0.38634549336303703,400,409,8,0.06071660633064101,9,1
421,"(10,15)",,False,51,"[4, 18, 12, 10, 15]",15,0.38634549336303703,400,409,8,0.06071660633064101,9,1
422,"(5,10)",,False,50,"[13, 3, 6, 5, 10]",15,0.40843776106934,402,411,8,0.059092174881648,9,1
423,"(5,10)",,False,50,"[13, 3, 6, 5, 10]",15,0.40843776106934,402,411,8,0.059092174881648,9,1
424,"(8,6)",,False,51,"[15, 5, 3, 8, 6]",15,0.392536897800055,404,413,8,0.039821776663881,9,1
425,"(8,6)",,False,51,"[15, 5, 3, 8, 6]",15,0.392536897800055,404,413,8,0.039821776663881,9,1
426,"(7,3)",,False,52,"[15, 11, 7, 3, 9]",16,0.413422445001392,406,415,7,0.020857699805068002,9,1
427,"(7,3)",,False,52,"[15, 11, 7, 3, 9]",16,0.413422445001392,406,415,7,0.020857699805068002,9,1
428,"(14,18)",,False,51,"[12, 14, 18, 7, 8]",16,0.417808409913672,408,417,7,0.020857699805068002,9,1
429,"(14,18)",,False,51,"[12, 14, 18, 7, 8]",16,0.417808409913672,408,417,7,0.020857699805068002,9,1
430,"(1,6)",,False,51,"[1, 11, 6, 15, 16]",16,0.43412698412698403,410,419,8,0.049220272904483005,9,1
431,"(1,6)",,False,51,"[1, 11, 6, 15, 16]",16,0.43412698412698403,410,419,8,0.049220272904483005,9,1
432,"(17,7)",,False,50,"[17, 12, 11, 18, 7]",16,0.43330084470435304,412,421,8,0.052501624431448006,9,1
433,"(17,7)",,False,50,"[17, 12, 11, 18, 7]",16,0.43330084470435304,412,421,8,0.052501624431448006,9,1
434,"(7,15)",,False,50,"[7, 4, 5, 11, 15]",16,0.43703703703703706,414,423,8,0.050779727095516,9,1
435,"(7,15)",,False,50,"[7, 4, 5, 11, 15]",16,0.43703703703703706,414,423,8,0.050779727095516,9,1
436,"(2,6)",,False,47,"[16, 15, 12, 2, 6]",16,0.444785575048732,416,425,7,0.022904483430799,9,1
437,"(2,6)",,False,47,"[16, 15, 12, 2, 6]",16,0.444785575048732,416,425,7,0.022904483430799,9,1
438,"(1,14)",,False,48,"[16, 1, 17, 7, 14]",16,0.527631578947368,418,427,8,0.039961013645224,9,1
439,"(1,14)",,False,48,"[16, 1, 17, 7, 14]",16,0.527631578947368,418,427,8,0.039961013645224,9,1
440,"(15,2)",,False,47,"[5, 15, 2, 6, 11]",16,0.47594681147312706,420,429,8,0.048649401280980005,9,1
441,"(15,2)",,False,47,"[5, 15, 2, 6, 11]",16,0.47594681147312706,420,429,8,0.048649401280980005,9,1
442,"(1,10)",,False,46,"[1, 9, 11, 6, 10]",16,0.48415483152325206,422,431,7,0.042522974101921004,9,1
443,"(1,10)",,False,46,"[1, 9, 11, 6, 10]",16,0.48415483152325206,422,431,7,0.042522974101921004,9,1
444,"(6,19)",,False,47,"[6, 12, 13, 8, 19]",16,0.46370091896407606,424,433,7,0.042105263157894,9,1
445,"(6,19)",,False,47,"[6, 12, 13, 8, 19]",16,0.46370091896407606,424,433,7,0.042105263157894,9,1
446,"(15,5)",,False,46,"[7, 15, 19, 14, 5]",16,0.46390513320337806,426,435,7,0.041163092917478,9,1
447,"(15,5)",,False,46,"[7, 15, 19, 14, 5]",16,0.46390513320337806,426,435,7,0.041163092917478,9,1
448,"(19,1)",,False,47,"[19, 1, 15, 10, 8]",17,0.505373281689071,428,437,7,0.038826865142654,9,1
449,"(19,1)",,False,47,"[19, 1, 15, 10, 8]",17,0.505373281689071,428,437,7,0.038826865142654,9,1
450,"(13,9)",,False,48,"[3, 13, 9, 4, 8]",17,0.48295612769296903,430,439,7,0.037657274499379,9,1
451,"(13,9)",,False,48,"[3, 13, 9, 4, 8]",17,0.48295612769296903,430,439,7,0.037657274499379,9,1
452,"(0,13)",,False,47,"[12, 0, 11, 4, 13]",16,0.42710817447659505,432,441,7,0.046234272550062,9,1
453,"(0,13)",,False,47,"[12, 0, 11, 4, 13]",16,0.42710817447659505,432,441,7,0.046234272550062,9,1
454,"(3,8)",,False,47,"[3, 8, 14, 13, 4]",16,0.437550948077263,434,443,7,0.046234272550062,9,1
455,"(3,8)",,False,47,"[3, 8, 14, 13, 4]",16,0.437550948077263,434,443,7,0.046234272550062,9,1
456,"(6,12)",,False,48,"[17, 14, 11, 6, 12]",17,0.466569200779727,436,445,7,0.042884990253411005,9,1
457,"(6,12)",,False,48,"[17, 14, 11, 6, 12]",17,0.466569200779727,436,445,7,0.042884990253411005,9,1
458,"(1,15)",,False,47,"[1, 7, 6, 15, 14]",17,0.49561403508771906,438,447,7,0.046296296296296,9,1
459,"(1,15)",,False,47,"[1, 7, 6, 15, 14]",17,0.49561403508771906,438,447,7,0.046296296296296,9,1
460,"(18,15)",,False,48,"[9, 4, 18, 19, 15]",17,0.466569200779727,440,449,7,0.042884990253411005,9,1
461,"(18,15)",,False,48,"[9, 4, 18, 19, 15]",17,0.466569200779727,440,449,7,0.042884990253411005,9,1
462,"(3,1)",,False,47,"[9, 17, 3, 1, 2]",17,0.49873294346978503,442,451,8,0.067738791423001,9,1
463,"(3,1)",,False,47,"[9, 17, 3, 1, 2]",17,0.49873294346978503,442,451,8,0.067738791423001,9,1
464,"(0,19)",,False,46,"[0, 13, 4, 19, 1]",16,0.454399888610414,444,453,8,0.11421609579504301,9,1
465,"(0,19)",,False,46,"[0, 13, 4, 19, 1]",16,0.454399888610414,444,453,8,0.11421609579504301,9,1
466,"(1,7)",,False,45,"[13, 1, 7, 5, 17]",16,0.47057922584238304,446,455,9,0.140239487607908,9,1
467,"(1,7)",,False,45,"[13, 1, 7, 5, 17]",16,0.47057922584238304,446,455,9,0.140239487607908,9,1
468,"(0,7)",,False,45,"[10, 0, 9, 5, 7]",15,0.421553884711779,448,457,9,0.213826232247284,9,1
469,"(0,7)",,False,45,"[10, 0, 9, 5, 7]",15,0.421553884711779,448,457,9,0.213826232247284,9,1
470,"(1,12)",,False,44,"[5, 11, 1, 12, 15]",15,0.45566694514062905,450,459,8,0.19764689501531602,9,1
471,"(1,12)",,False,44,"[5, 11, 1, 12, 15]",15,0.45566694514062905,450,459,8,0.19764689501531602,9,1
472,"(13,1)",,False,45,"[13, 18, 12, 5, 1]",15,0.453717627401838,452,461,9,0.183611807296017,9,1
473,"(13,1)",,False,45,"[13, 18, 12, 5, 1]",15,0.453717627401838,452,461,9,0.183611807296017,9,1
474,"(6,0)",,False,45,"[6, 18, 10, 8, 0]",15,0.461424394319131,454,463,9,0.192307156780841,9,1
475,"(6,0)",,False,45,"[6, 18, 10, 8, 0]",15,0.461424394319131,454,463,9,0.192307156780841,9,1
476,"(8,13)",,False,44,"[8, 4, 19, 13, 14]",15,0.49914369256474506,456,465,7,0.147681704260651,9,1
477,"(8,13)",,False,44,"[8, 4, 19, 13, 14]",15,0.49914369256474506,456,465,7,0.147681704260651,9,1
478,"(8,14)",,False,45,"[8, 3, 9, 12, 14]",15,0.47234057365636306,458,467,7,0.143783068783068,9,1
479,"(8,14)",,False,45,"[8, 3, 9, 12, 14]",15,0.47234057365636306,458,467,7,0.143783068783068,9,1
480,"(8,18)",,False,44,"[8, 14, 2, 18, 11]",15,0.512127541074909,460,469,7,0.14848231690336902,9,1
481,"(8,18)",,False,44,"[8, 14, 2, 18, 11]",15,0.512127541074909,460,469,7,0.14848231690336902,9,1
482,"(1,18)",,False,47,"[1, 0, 18, 11, 7]",15,0.46390977443609005,462,471,8,0.13052770815928702,9,1
483,"(1,18)",,False,47,"[1, 0, 18, 11, 7]",15,0.46390977443609005,462,471,8,0.13052770815928702,9,1
484,"(4,0)",,False,44,"[11, 3, 4, 0, 15]",14,0.43738512949039204,464,473,7,0.071372876636034,9,1
485,"(4,0)",,False,44,"[11, 3, 4, 0, 15]",14,0.43738512949039204,464,473,7,0.071372876636034,9,1
486,"(5,12)",,False,45,"[5, 12, 10, 2, 3]",14,0.399206349206349,466,475,7,0.070050125313283,9,1
487,"(5,12)",,False,45,"[5, 12, 10, 2, 3]",14,0.399206349206349,466,475,7,0.070050125313283,9,1
488,"(0,2)",,False,42,"[5, 0, 14, 1, 2]",13,0.40362016151489805,468,477,6,0.054135338345864,9,1
489,"(0,2)",,False,42,"[5, 0, 14, 1, 2]",13,0.40362016151489805,468,477,6,0.054135338345864,9,1
490,"(3,4)",,False,41,"[3, 19, 9, 4, 10]",13,0.38941798941798905,470,479,6,0.039793929267613,9,1
491,"(3,4)",,False,41,"[3, 19, 9, 4, 10]",13,0.38941798941798905,470,479,6,0.039793929267613,9,1
492,"(18,15)",,False,42,"[9, 18, 15, 14, 5]",14,0.47655249234196606,472,481,6,0.041938178780284004,9,1
493,"(18,15)",,False,42,"[9, 18, 15, 14, 5]",14,0.47655249234196606,472,481,6,0.041938178780284004,9,1
494,"(17,8)",,False,41,"[17, 18, 8, 14, 2]",14,0.48606237816764103,474,483,6,0.041325536062378,9,1
495,"(17,8)",,False,41,"[17, 18, 8, 14, 2]",14,0.48606237816764103,474,483,6,0.041325536062378,9,1
496,"(15,11)",,False,40,"[17, 15, 3, 11, 7]",14,0.505653021442495,476,485,6,0.042202729044834006,9,1
497,"(15,11)",,False,40,"[17, 15, 3, 11, 7]",14,0.505653021442495,476,485,6,0.042202729044834006,9,1
498,"(0,4)",,False,38,"[5, 11, 6, 0, 4]",13,0.41647173489278705,478,487,6,0.038791423001949,9,1
499,"(0,4)",,False,38,"[5, 11, 6, 0, 4]",13,0.41647173489278705,478,487,6,0.038791423001949,9,1
500,"(4,13)",,False,41,"[11, 4, 5, 17, 13]",13,0.44064327485380106,480,489,6,0.039376218323586,9,1
501,"(4,13)",,False,41,"[11, 4, 5, 17, 13]",13,0.44064327485380106,480,489,6,0.039376218323586,9,1
502,"(10,15)",,False,43,"[10, 6, 15, 7, 3]",13,0.427450570871623,482,491,6,0.035964912280701006,9,1
503,"(10,15)",,False,43,"[10, 6, 15, 7, 3]",13,0.427450570871623,482,491,6,0.035964912280701006,9,1
504,"(8,12)",,False,42,"[8, 18, 17, 13, 12]",13,0.44647730437204103,484,493,6,0.03553327763854,9,1
505,"(8,12)",,False,42,"[8, 18, 17, 13, 12]",13,0.44647730437204103,484,493,6,0.03553327763854,9,1
506,"(3,15)",,False,42,"[7, 3, 15, 5, 9]",13,0.44433305485937,486,495,6,0.03714842662211,9,1
507,"(3,15)",,False,42,"[7, 3, 15, 5, 9]",13,0.44433305485937,486,495,6,0.03714842662211,9,1
508,"(14,1)",,False,42,"[5, 14, 9, 1, 16]",13,0.44610600575512804,488,497,7,0.068857328506451,9,1
509,"(14,1)",,False,42,"[5, 14, 9, 1, 16]",13,0.44610600575512804,488,497,7,0.068857328506451,9,1
510,"(2,1)",,False,42,"[2, 1, 7, 18, 0]",13,0.448217766638819,490,499,8,0.11746031746031702,9,1
511,"(2,1)",,False,42,"[2, 1, 7, 18, 0]",13,0.448217766638819,490,499,8,0.11746031746031702,9,1
512,"(16,5)",,False,44,"[2, 3, 9, 16, 5]",13,0.41554580896686105,492,501,8,0.102729044834307,9,1
513,"(16,5)",,False,44,"[2, 3, 9, 16, 5]",13,0.41554580896686105,492,501,8,0.102729044834307,9,1
514,"(8,10)",,False,43,"[4, 8, 7, 17, 10]",13,0.40214424951267,494,503,6,0.06442495126705601,9,1
515,"(8,10)",,False,43,"[4, 8, 7, 17, 10]",13,0.40214424951267,494,503,6,0.06442495126705601,9,1
516,"(8,16)",,False,42,"[17, 8, 16, 19, 10]",13,0.42948343079922,496,505,6,0.07329434697855701,9,1
517,"(8,16)",,False,42,"[17, 8, 16, 19, 10]",13,0.42948343079922,496,505,6,0.07329434697855701,9,1
518,"(10,1)",,False,44,"[15, 18, 11, 10, 1]",14,0.428654970760233,498,507,7,0.08333333333333301,9,1
519,"(10,1)",,False,44,"[15, 18, 11, 10, 1]",14,0.428654970760233,498,507,7,0.08333333333333301,9,1
520,"(15,6)",,False,47,"[19, 7, 14, 15, 6]",16,0.484739626844889,500,509,7,0.04578111946532901,9,1
521,"(15,6)",,False,47,"[19, 7, 14, 15, 6]",16,0.484739626844889,500,509,7,0.04578111946532901,9,1
522,"(7,17)",,False,46,"[7, 4, 16, 19, 17]",16,0.506015037593984,502,511,6,0.027972709551656,9,1
523,"(7,17)",,False,46,"[7, 4, 16, 19, 17]",16,0.506015037593984,502,511,6,0.027972709551656,9,1
524,"(10,6)",,False,46,"[9, 4, 15, 10, 6]",16,0.503091060985797,504,513,5,0.011890838206627001,9,1
525,"(10,6)",,False,46,"[9, 4, 15, 10, 6]",16,0.503091060985797,504,513,5,0.011890838206627001,9,1
526,"(1,5)",,False,45,"[1, 7, 11, 5, 15]",16,0.536911723753829,506,515,6,0.027875243664717,9,1
527,"(1,5)",,False,45,"[1, 7, 11, 5, 15]",16,0.536911723753829,506,515,6,0.027875243664717,9,1
528,"(2,8)",,False,44,"[3, 14, 2, 4, 8]",16,0.55448343079922,508,517,6,0.027680311890838003,9,1
529,"(2,8)",,False,44,"[3, 14, 2, 4, 8]",16,0.55448343079922,508,517,6,0.027680311890838003,9,1
530,"(1,16)",,False,44,"[1, 16, 17, 10, 2]",16,0.540935672514619,510,519,7,0.061111111111111005,9,1
531,"(1,16)",,False,44,"[1, 16, 17, 10, 2]",16,0.540935672514619,510,519,7,0.061111111111111005,9,1
532,"(0,9)",,False,44,"[0, 6, 12, 9, 19]",15,0.503021442495126,512,521,7,0.100194931773879,9,1
533,"(0,9)",,False,44,"[0, 6, 12, 9, 19]",15,0.503021442495126,512,521,7,0.100194931773879,9,1
534,"(0,2)",,False,42,"[0, 4, 2, 3, 9]",14,0.49171539961013605,514,523,7,0.12456140350877101,9,1
535,"(0,2)",,False,42,"[0, 4, 2, 3, 9]",14,0.49171539961013605,514,523,7,0.12456140350877101,9,1
536,"(0,16)",,False,39,"[0, 2, 4, 19, 16]",13,0.49856585909217405,516,525,7,0.21403508771929802,9,1
537,"(0,16)",,False,39,"[0, 2, 4, 19, 16]",13,0.49856585909217405,516,525,7,0.21403508771929802,9,1
538,"(10,5)",,False,38,"[10, 8, 5, 12, 4]",13,0.5141882483987741,518,527,7,0.209704817599554,9,1
539,"(10,5)",,False,38,"[10, 8, 5, 12, 4]",13,0.5141882483987741,518,527,7,0.209704817599554,9,1
540,"(16,2)",,False,37,"[16, 13, 11, 10, 2]",13,0.519298245614035,520,529,5,0.07846003898635401,9,1
541,"(16,2)",,False,37,"[16, 13, 11, 10, 2]",13,0.519298245614035,520,529,5,0.07846003898635401,9,1
542,"(18,6)",,False,38,"[5, 11, 9, 18, 6]",13,0.473489278752436,522,531,5,0.071637426900584,9,1
543,"(18,6)",,False,38,"[5, 11, 9, 18, 6]",13,0.473489278752436,522,531,5,0.071637426900584,9,1
544,"(1,4)",,False,39,"[19, 1, 7, 10, 4]",13,0.528849902534113,524,533,5,0.08947368421052601,9,1
545,"(1,4)",,False,39,"[19, 1, 7, 10, 4]",13,0.528849902534113,524,533,5,0.08947368421052601,9,1
546,"(17,10)",,False,38,"[9, 3, 17, 11, 10]",13,0.5366750208855471,526,535,5,0.089083820662768,9,1
547,"(17,10)",,False,38,"[9, 3, 17, 11, 10]",13,0.5366750208855471,526,535,5,0.089083820662768,9,1
548,"(1,13)",,False,39,"[9, 1, 13, 17, 14]",13,0.49916584390268504,528,537,6,0.134262423736107,9,1
549,"(1,13)",,False,39,"[9, 1, 13, 17, 14]",13,0.49916584390268504,528,537,6,0.134262423736107,9,1
550,"(0,11)",,False,38,"[0, 8, 11, 19, 15]",12,0.475020885547201,530,539,6,0.161180729601782,9,1
551,"(0,11)",,False,38,"[0, 8, 11, 19, 15]",12,0.475020885547201,530,539,6,0.161180729601782,9,1
552,"(5,14)",,False,41,"[2, 5, 4, 18, 14]",14,0.5160401002506261,532,541,6,0.11718184349763201,9,1
553,"(5,14)",,False,41,"[2, 5, 4, 18, 14]",14,0.5160401002506261,532,541,6,0.11718184349763201,9,1
554,"(5,18)",,False,40,"[5, 18, 15, 3, 13]",14,0.529722454283857,534,543,6,0.12394411955815401,9,1
555,"(5,18)",,False,40,"[5, 18, 15, 3, 13]",14,0.529722454283857,534,543,6,0.12394411955815401,9,1
556,"(3,5)",,False,41,"[2, 3, 12, 19, 5]",14,0.49404993966397404,536,545,6,0.12433398310591201,9,1
557,"(3,5)",,False,41,"[2, 3, 12, 19, 5]",14,0.49404993966397404,536,545,6,0.12433398310591201,9,1
558,"(18,4)",,False,42,"[18, 4, 17, 10, 3]",15,0.5476608187134501,538,547,6,0.084990253411306,9,1
559,"(18,4)",,False,42,"[18, 4, 17, 10, 3]",15,0.5476608187134501,538,547,6,0.084990253411306,9,1
560,"(0,12)",,False,39,"[0, 10, 11, 17, 12]",14,0.5522417153996101,540,549,6,0.17300194931773802,9,1
561,"(0,12)",,False,39,"[0, 10, 11, 17, 12]",14,0.5522417153996101,540,549,6,0.17300194931773802,9,1
562,"(3,18)",,False,40,"[12, 15, 3, 8, 18]",14,0.533500417710944,542,551,6,0.152116402116402,9,1
563,"(3,18)",,False,40,"[12, 15, 3, 8, 18]",14,0.533500417710944,542,551,6,0.152116402116402,9,1
564,"(1,15)",,False,40,"[12, 5, 1, 15, 18]",14,0.546783625730994,544,553,6,0.14571150097465801,9,1
565,"(1,15)",,False,40,"[12, 5, 1, 15, 18]",14,0.546783625730994,544,553,6,0.14571150097465801,9,1
566,"(6,14)",,False,43,"[6, 14, 8, 12, 16]",14,0.505068226120857,546,555,6,0.076120857699805,9,1
567,"(6,14)",,False,43,"[6, 14, 8, 12, 16]",14,0.505068226120857,546,555,6,0.076120857699805,9,1
568,"(13,1)",,False,42,"[13, 6, 9, 1, 5]",14,0.541617933723196,548,557,5,0.057407407407407005,9,1
569,"(13,1)",,False,42,"[13, 6, 9, 1, 5]",14,0.541617933723196,548,557,5,0.057407407407407005,9,1
570,"(12,11)",,False,43,"[12, 16, 11, 7, 19]",14,0.507992202729044,550,559,5,0.0588693957115,9,1
571,"(12,11)",,False,43,"[12, 16, 11, 7, 19]",14,0.507992202729044,550,559,5,0.0588693957115,9,1
572,"(10,1)",,False,44,"[8, 10, 1, 18, 9]",14,0.47507658033973804,552,561,6,0.078320802005012,9,1
573,"(10,1)",,False,44,"[8, 10, 1, 18, 9]",14,0.47507658033973804,552,561,6,0.078320802005012,9,1
574,"(8,1)",,False,46,"[8, 2, 3, 1, 7]",15,0.491158451684767,554,563,7,0.08880534670008301,9,1
575,"(8,1)",,False,46,"[8, 2, 3, 1, 7]",15,0.491158451684767,554,563,7,0.08880534670008301,9,1
576,"(4,1)",,False,45,"[5, 10, 4, 1, 6]",15,0.51542745753272,556,565,8,0.11502367028682801,9,1
577,"(4,1)",,False,45,"[5, 10, 4, 1, 6]",15,0.51542745753272,556,565,8,0.11502367028682801,9,1
578,"(19,10)",,False,46,"[12, 19, 4, 10, 18]",16,0.526051239209134,558,567,8,0.11537176274018301,9,1
579,"(19,10)",,False,46,"[12, 19, 4, 10, 18]",16,0.526051239209134,558,567,8,0.11537176274018301,9,1
580,"(13,3)",,False,45,"[13, 3, 11, 17, 8]",16,0.5465886939571151,560,569,8,0.125341130604288,9,1
581,"(13,3)",,False,45,"[13, 3, 11, 17, 8]",16,0.5465886939571151,560,569,8,0.125341130604288,9,1
582,"(13,11)",,False,45,"[13, 8, 3, 11, 16]",16,0.5399610136452241,562,571,8,0.125536062378167,9,1
583,"(13,11)",,False,45,"[13, 8, 3, 11, 16]",16,0.5399610136452241,562,571,8,0.125536062378167,9,1
584,"(0,8)",,False,42,"[12, 16, 13, 0, 8]",15,0.548148148148147,564,573,8,0.161111111111111,9,1
585,"(0,8)",,False,42,"[12, 16, 13, 0, 8]",15,0.548148148148147,564,573,8,0.161111111111111,9,1
586,"(13,19)",,False,41,"[17, 7, 13, 19, 10]",15,0.571345029239766,566,575,6,0.06705653021442401,9,1
587,"(13,19)",,False,41,"[17, 7, 13, 19, 10]",15,0.571345029239766,566,575,6,0.06705653021442401,9,1
588,"(3,12)",,False,41,"[3, 11, 12, 15, 14]",15,0.584252297410192,568,577,6,0.074631021999443,9,1
589,"(3,12)",,False,41,"[3, 11, 12, 15, 14]",15,0.584252297410192,568,577,6,0.074631021999443,9,1
590,"(2,18)",,False,42,"[2, 18, 14, 12, 5]",15,0.553118908382066,570,579,6,0.06959064327485301,9,1
591,"(2,18)",,False,42,"[2, 18, 14, 12, 5]",15,0.553118908382066,570,579,6,0.06959064327485301,9,1
592,"(5,18)",,False,43,"[12, 5, 10, 18, 14]",15,0.52933723196881,572,581,6,0.069103313840155,9,1
593,"(5,18)",,False,43,"[12, 5, 10, 18, 14]",15,0.52933723196881,572,581,6,0.069103313840155,9,1
594,"(0,2)",,False,40,"[7, 0, 2, 8, 5]",14,0.55214424951267,574,583,4,0.046556205328135,9,1
595,"(0,2)",,False,40,"[7, 0, 2, 8, 5]",14,0.55214424951267,574,583,4,0.046556205328135,9,1
596,"(14,0)",,False,39,"[14, 10, 2, 0, 18]",14,0.5338206627680311,576,585,3,0.115399610136452,9,1
597,"(14,0)",,False,39,"[14, 10, 2, 0, 18]",14,0.5338206627680311,576,585,3,0.115399610136452,9,1
598,"(1,12)",,False,41,"[16, 1, 2, 11, 12]",15,0.5478835978835971,578,587,4,0.10391255917571701,9,1
599,"(1,12)",,False,41,"[16, 1, 2, 11, 12]",15,0.5478835978835971,578,587,4,0.10391255917571701,9,1
600,"(15,13)",,False,42,"[15, 1, 13, 5, 18]",15,0.53365357839042,580,589,4,0.061125034809245006,9,1
601,"(15,13)",,False,42,"[15, 1, 13, 5, 18]",15,0.53365357839042,580,589,4,0.061125034809245006,9,1
602,"(18,11)",,False,41,"[9, 19, 18, 11, 2]",15,0.545502645502645,582,591,2,0.010011138958507,9,1
603,"(18,11)",,False,41,"[9, 19, 18, 11, 2]",15,0.545502645502645,582,591,2,0.010011138958507,9,1
604,"(6,16)",,False,40,"[1, 5, 6, 16, 18]",15,0.5440128098022831,584,593,2,0.008395989974937,9,1
605,"(6,16)",,False,40,"[1, 5, 6, 16, 18]",15,0.5440128098022831,584,593,2,0.008395989974937,9,1
606,"(16,2)",,False,40,"[14, 16, 13, 11, 2]",15,0.5440128098022831,586,595,2,0.008395989974937,9,1
607,"(16,2)",,False,40,"[14, 16, 13, 11, 2]",15,0.5440128098022831,586,595,2,0.008395989974937,9,1
608,"(15,0)",,False,40,"[4, 15, 0, 9, 8]",15,0.544541910331384,588,597,2,0.010331384015594,9,1
609,"(15,0)",,False,40,"[4, 15, 0, 9, 8]",15,0.544541910331384,588,597,2,0.010331384015594,9,1
610,"(13,14)",,False,40,"[9, 12, 13, 11, 14]",15,0.541325536062378,590,599,2,0.010818713450292,9,1
611,"(13,14)",,False,40,"[9, 12, 13, 11, 14]",15,0.541325536062378,590,599,2,0.010818713450292,9,1
612,"(18,2)",,False,39,"[9, 18, 2, 16, 3]",15,0.566764132553606,592,601,2,0.012768031189083002,9,1
613,"(18,2)",,False,39,"[9, 18, 2, 16, 3]",15,0.566764132553606,592,601,2,0.012768031189083002,9,1
614,"(6,10)",,False,40,"[6, 16, 3, 10, 17]",15,0.5353801169590641,594,603,2,0.010623781676413,9,1
615,"(6,10)",,False,40,"[6, 16, 3, 10, 17]",15,0.5353801169590641,594,603,2,0.010623781676413,9,1
616,"(2,0)",,False,39,"[2, 17, 0, 16, 14]",14,0.47690058479532105,596,605,2,0.008674463937621,9,1
617,"(2,0)",,False,39,"[2, 17, 0, 16, 14]",14,0.47690058479532105,596,605,2,0.008674463937621,9,1
618,"(1,0)",,False,37,"[4, 1, 0, 15, 19]",13,0.45165692007797203,598,607,1,0.0,9,1
619,"(1,0)",,False,37,"[4, 1, 0, 15, 19]",13,0.45165692007797203,598,607,1,0.0,9,1
620,"(2,1)",,False,39,"[4, 2, 7, 16, 1]",14,0.49888610414926104,600,609,3,0.034224450013923005,9,1
621,"(2,1)",,False,39,"[4, 2, 7, 16, 1]",14,0.49888610414926104,600,609,3,0.034224450013923005,9,1
622,"(14,7)",,False,41,"[14, 7, 9, 4, 19]",14,0.47471456418824803,602,611,3,0.033152325257588,9,1
623,"(14,7)",,False,41,"[14, 7, 9, 4, 19]",14,0.47471456418824803,602,611,3,0.033152325257588,9,1
624,"(4,16)",,False,40,"[8, 4, 16, 18, 2]",14,0.478849902534112,604,613,3,0.031189083820662003,9,1
625,"(4,16)",,False,40,"[8, 4, 16, 18, 2]",14,0.478849902534112,604,613,3,0.031189083820662003,9,1
626,"(1,14)",,False,41,"[15, 1, 6, 14, 12]",14,0.48352826510721203,606,615,4,0.037914230019493005,9,1
627,"(1,14)",,False,41,"[15, 1, 6, 14, 12]",14,0.48352826510721203,606,615,4,0.037914230019493005,9,1
628,"(18,13)",,False,40,"[7, 11, 18, 13, 15]",14,0.490058479532163,608,617,4,0.039376218323586,9,1
629,"(18,13)",,False,40,"[7, 11, 18, 13, 15]",14,0.490058479532163,608,617,4,0.039376218323586,9,1
630,"(12,4)",,False,41,"[2, 12, 7, 3, 4]",14,0.45912002227791604,610,619,4,0.032372598162071005,9,1
631,"(12,4)",,False,41,"[2, 12, 7, 3, 4]",14,0.45912002227791604,610,619,4,0.032372598162071005,9,1
632,"(0,11)",,False,41,"[0, 11, 14, 19, 6]",14,0.45350413069711304,612,621,4,0.031667130789937,9,1
633,"(0,11)",,False,41,"[0, 11, 14, 19, 6]",14,0.45350413069711304,612,621,4,0.031667130789937,9,1
634,"(9,18)",,False,40,"[9, 7, 8, 12, 18]",14,0.46110646987839904,614,623,4,0.029912744825025,9,1
635,"(9,18)",,False,40,"[9, 7, 8, 12, 18]",14,0.46110646987839904,614,623,4,0.029912744825025,9,1
636,"(9,13)",,False,41,"[14, 8, 9, 13, 4]",15,0.49076394690429703,616,625,4,0.033184813886568,9,1
637,"(9,13)",,False,41,"[14, 8, 9, 13, 4]",15,0.49076394690429703,616,625,4,0.033184813886568,9,1
638,"(13,10)",,False,41,"[7, 13, 10, 8, 18]",15,0.49076394690429703,618,627,4,0.033184813886568,9,1
639,"(13,10)",,False,41,"[7, 13, 10, 8, 18]",15,0.49076394690429703,618,627,4,0.033184813886568,9,1
640,"(15,11)",,False,40,"[17, 15, 11, 19, 16]",15,0.515302144249512,620,629,4,0.030604288499025002,9,1
641,"(15,11)",,False,40,"[17, 15, 11, 19, 16]",15,0.515302144249512,620,629,4,0.030604288499025002,9,1
642,"(4,0)",,False,37,"[4, 16, 7, 0, 8]",14,0.501601225285435,622,631,4,0.051879699248120005,9,1
643,"(4,0)",,False,37,"[4, 16, 7, 0, 8]",14,0.501601225285435,622,631,4,0.051879699248120005,9,1
644,"(6,9)",,False,38,"[14, 15, 19, 6, 9]",14,0.497758284600389,624,633,4,0.040350877192982006,9,1
645,"(6,9)",,False,38,"[14, 15, 19, 6, 9]",14,0.497758284600389,624,633,4,0.040350877192982006,9,1
646,"(1,16)",,False,38,"[1, 16, 2, 4, 15]",14,0.518713450292397,626,635,5,0.06569200779727001,9,1
647,"(1,16)",,False,38,"[1, 16, 2, 4, 15]",14,0.518713450292397,626,635,5,0.06569200779727001,9,1
648,"(1,15)",,False,40,"[1, 16, 9, 6, 15]",14,0.5292397660818711,628,637,6,0.067251461988304,9,1
649,"(1,15)",,False,40,"[1, 16, 9, 6, 15]",14,0.5292397660818711,628,637,6,0.067251461988304,9,1
650,"(1,17)",,False,42,"[8, 12, 1, 6, 17]",14,0.510498468393205,630,639,7,0.081105541631857,9,1
651,"(1,17)",,False,42,"[8, 12, 1, 6, 17]",14,0.510498468393205,630,639,7,0.081105541631857,9,1
652,"(11,0)",,False,40,"[8, 16, 11, 0, 19]",13,0.459816207184628,632,641,7,0.104497354497354,9,1
653,"(11,0)",,False,40,"[8, 16, 11, 0, 19]",13,0.459816207184628,632,641,7,0.104497354497354,9,1
654,"(13,7)",,False,43,"[13, 8, 10, 14, 7]",15,0.49527986633249804,634,643,7,0.072737399053188,9,1
655,"(13,7)",,False,43,"[13, 8, 10, 14, 7]",15,0.49527986633249804,634,643,7,0.072737399053188,9,1
656,"(12,5)",,False,45,"[2, 8, 12, 15, 5]",15,0.453898635477582,636,645,7,0.054775828460038006,9,1
657,"(12,5)",,False,45,"[2, 8, 12, 15, 5]",15,0.453898635477582,636,645,7,0.054775828460038006,9,1
658,"(5,0)",,False,44,"[13, 5, 0, 14, 10]",14,0.458040935672514,638,647,7,0.045614035087719,9,1
659,"(5,0)",,False,44,"[13, 5, 0, 14, 10]",14,0.458040935672514,638,647,7,0.045614035087719,9,1
660,"(1,9)",,False,47,"[1, 10, 9, 17, 4]",16,0.511013645224171,640,649,8,0.065302144249512,9,1
661,"(1,9)",,False,47,"[1, 10, 9, 17, 4]",16,0.511013645224171,640,649,8,0.065302144249512,9,1
662,"(1,10)",,False,46,"[6, 1, 10, 15, 19]",16,0.523851294903926,642,651,7,0.055569479253689005,9,1
663,"(1,10)",,False,46,"[6, 1, 10, 15, 19]",16,0.523851294903926,642,651,7,0.055569479253689005,9,1
664,"(6,2)",,False,45,"[13, 6, 15, 2, 10]",16,0.543274853801169,644,653,7,0.056042884990253006,9,1
665,"(6,2)",,False,45,"[13, 6, 15, 2, 10]",16,0.543274853801169,644,653,7,0.056042884990253006,9,1
666,"(11,1)",,False,44,"[11, 12, 10, 5, 1]",16,0.575243664717348,646,655,8,0.09853801169590601,9,1
667,"(11,1)",,False,44,"[11, 12, 10, 5, 1]",16,0.575243664717348,646,655,8,0.09853801169590601,9,1
668,"(8,14)",,False,43,"[8, 5, 14, 15, 9]",16,0.581384015594541,648,657,6,0.027680311890838003,9,1
669,"(8,14)",,False,43,"[8, 5, 14, 15, 9]",16,0.581384015594541,648,657,6,0.027680311890838003,9,1
670,"(14,11)",,False,43,"[14, 3, 13, 11, 12]",16,0.568908382066276,650,659,6,0.031968810916179,9,1
671,"(14,11)",,False,43,"[14, 3, 13, 11, 12]",16,0.568908382066276,650,659,6,0.031968810916179,9,1
672,"(3,12)",,False,43,"[19, 11, 10, 3, 12]",16,0.570467836257309,652,661,6,0.031091617933723004,9,1
673,"(3,12)",,False,43,"[19, 11, 10, 3, 12]",16,0.570467836257309,652,661,6,0.031091617933723004,9,1
674,"(12,4)",,False,43,"[12, 19, 13, 10, 4]",16,0.551559454191033,654,663,6,0.034502923976608,9,1
675,"(12,4)",,False,43,"[12, 19, 13, 10, 4]",16,0.551559454191033,654,663,6,0.034502923976608,9,1
676,"(7,16)",,False,42,"[7, 15, 2, 16, 17]",16,0.589181286549707,656,665,6,0.050194931773879,9,1
677,"(7,16)",,False,42,"[7, 15, 2, 16, 17]",16,0.589181286549707,656,665,6,0.050194931773879,9,1
678,"(2,1)",,False,41,"[7, 15, 2, 1, 10]",16,0.6116959064327481,658,667,7,0.06695906432748501,9,1
679,"(2,1)",,False,41,"[7, 15, 2, 1, 10]",16,0.6116959064327481,658,667,7,0.06695906432748501,9,1
680,"(6,13)",,False,42,"[19, 9, 6, 11, 13]",16,0.590671122250069,660,669,7,0.069256474519632,9,1
681,"(6,13)",,False,42,"[19, 9, 6, 11, 13]",16,0.590671122250069,660,669,7,0.069256474519632,9,1
682,"(12,9)",,False,42,"[12, 8, 9, 18, 3]",16,0.57270955165692,662,671,7,0.074756335282651,9,1
683,"(12,9)",,False,42,"[12, 8, 9, 18, 3]",16,0.57270955165692,662,671,7,0.074756335282651,9,1
684,"(0,12)",,False,40,"[15, 0, 8, 10, 12]",15,0.547758284600389,664,673,7,0.11744639376218301,9,1
685,"(0,12)",,False,40,"[15, 0, 8, 10, 12]",15,0.547758284600389,664,673,7,0.11744639376218301,9,1
686,"(9,0)",,False,39,"[16, 8, 9, 6, 0]",14,0.47875243664717304,666,675,7,0.12953216374269,9,1
687,"(9,0)",,False,39,"[16, 8, 9, 6, 0]",14,0.47875243664717304,666,675,7,0.12953216374269,9,1
688,"(19,12)",,False,42,"[14, 19, 12, 10, 13]",16,0.590661839784646,668,677,7,0.074747052817228,9,1
689,"(19,12)",,False,42,"[14, 19, 12, 10, 13]",16,0.590661839784646,668,677,7,0.074747052817228,9,1
690,"(6,5)",,False,42,"[6, 9, 19, 10, 5]",15,0.576933073424301,670,679,7,0.07352176738141601,9,1
691,"(6,5)",,False,42,"[6, 9, 19, 10, 5]",15,0.576933073424301,670,679,7,0.07352176738141601,9,1
692,"(4,13)",,False,41,"[10, 14, 4, 13, 5]",15,0.5766894087069521,672,681,5,0.047871994801819,9,1
693,"(4,13)",,False,41,"[10, 14, 4, 13, 5]",15,0.5766894087069521,672,681,5,0.047871994801819,9,1
694,"(5,13)",,False,40,"[12, 5, 13, 9, 7]",15,0.5909681611435991,674,683,3,0.012930474333983002,9,1
695,"(5,13)",,False,40,"[12, 5, 13, 9, 7]",15,0.5909681611435991,674,683,3,0.012930474333983002,9,1
696,"(19,8)",,False,40,"[19, 11, 8, 4, 2]",15,0.5588369070825211,676,685,2,0.005393112410656001,9,1
697,"(19,8)",,False,40,"[19, 11, 8, 4, 2]",15,0.5588369070825211,676,685,2,0.005393112410656001,9,1
698,"(8,13)",,False,40,"[15, 8, 5, 11, 13]",15,0.5092592592592591,678,687,2,0.006042884990253,9,1
699,"(8,13)",,False,40,"[15, 8, 5, 11, 13]",15,0.5092592592592591,678,687,2,0.006042884990253,9,1
700,"(14,1)",,False,41,"[9, 14, 1, 12, 2]",15,0.49047492468545106,680,689,3,0.010419989367357,9,1
701,"(14,1)",,False,41,"[9, 14, 1, 12, 2]",15,0.49047492468545106,680,689,3,0.010419989367357,9,1
702,"(16,13)",,False,40,"[16, 11, 4, 8, 13]",15,0.522695627958785,682,691,3,0.011027568922305001,9,1
703,"(16,13)",,False,40,"[16, 11, 4, 8, 13]",15,0.522695627958785,682,691,3,0.011027568922305001,9,1
704,"(4,0)",,False,37,"[19, 4, 0, 15, 12]",14,0.5258284600389861,684,693,1,0.0,9,1
705,"(4,0)",,False,37,"[19, 4, 0, 15, 12]",14,0.5258284600389861,684,693,1,0.0,9,1
706,"(11,19)",,False,36,"[11, 19, 6, 16, 15]",14,0.569103313840155,686,695,1,0.0,9,1
707,"(11,19)",,False,36,"[11, 19, 6, 16, 15]",14,0.569103313840155,686,695,1,0.0,9,1
708,"(2,8)",,False,36,"[2, 11, 16, 7, 8]",14,0.56588693957115,688,697,1,0.0,9,1
709,"(2,8)",,False,36,"[2, 11, 16, 7, 8]",14,0.56588693957115,688,697,1,0.0,9,1
710,"(7,8)",,False,36,"[9, 16, 7, 11, 8]",14,0.5594541910331381,690,699,1,0.0,9,1
711,"(7,8)",,False,36,"[9, 16, 7, 11, 8]",14,0.5594541910331381,690,699,1,0.0,9,1
712,"(13,18)",,False,37,"[13, 1, 18, 10, 12]",14,0.548148148148148,692,701,1,0.0,9,1
713,"(13,18)",,False,37,"[13, 1, 18, 10, 12]",14,0.548148148148148,692,701,1,0.0,9,1
714,"(17,0)",,False,37,"[10, 14, 17, 0, 13]",13,0.444834307992202,694,703,1,0.0,9,1
715,"(17,0)",,False,37,"[10, 14, 17, 0, 13]",13,0.444834307992202,694,703,1,0.0,9,1
716,"(0,11)",,False,35,"[17, 18, 0, 11, 8]",12,0.399999999999999,696,705,1,0.0,9,1
717,"(0,11)",,False,35,"[17, 18, 0, 11, 8]",12,0.399999999999999,696,705,1,0.0,9,1
718,"(8,9)",,False,36,"[14, 13, 8, 9, 7]",12,0.376608187134502,698,707,1,0.0,9,1
719,"(8,9)",,False,36,"[14, 13, 8, 9, 7]",12,0.376608187134502,698,707,1,0.0,9,1
720,"(7,3)",,False,37,"[7, 4, 3, 17, 16]",12,0.405527708159287,700,709,1,0.0,9,1
721,"(7,3)",,False,37,"[7, 4, 3, 17, 16]",12,0.405527708159287,700,709,1,0.0,9,1
722,"(3,13)",,False,37,"[3, 18, 13, 7, 10]",12,0.405068226120857,702,711,1,0.0,9,1
723,"(3,13)",,False,37,"[3, 18, 13, 7, 10]",12,0.405068226120857,702,711,1,0.0,9,1
724,"(17,15)",,False,39,"[10, 6, 19, 17, 15]",12,0.437719298245614,704,713,1,0.0,9,1
725,"(17,15)",,False,39,"[10, 6, 19, 17, 15]",12,0.437719298245614,704,713,1,0.0,9,1
726,"(11,15)",,False,40,"[3, 11, 15, 6, 17]",12,0.38284600389863505,706,715,1,0.0,9,1
727,"(11,15)",,False,40,"[3, 11, 15, 6, 17]",12,0.38284600389863505,706,715,1,0.0,9,1
728,"(19,13)",,False,39,"[3, 11, 9, 19, 13]",12,0.38187134502923903,708,717,1,0.0,9,1
729,"(19,13)",,False,39,"[3, 11, 9, 19, 13]",12,0.38187134502923903,708,717,1,0.0,9,1
730,"(12,15)",,False,41,"[12, 10, 15, 18, 6]",13,0.400988582567529,710,719,1,0.0,9,1
731,"(12,15)",,False,41,"[12, 10, 15, 18, 6]",13,0.400988582567529,710,719,1,0.0,9,1
732,"(6,7)",,False,42,"[4, 6, 7, 9, 19]",13,0.39076858813700904,712,721,1,0.0,9,1
733,"(6,7)",,False,42,"[4, 6, 7, 9, 19]",13,0.39076858813700904,712,721,1,0.0,9,1
734,"(0,1)",,False,43,"[0, 6, 8, 7, 1]",14,0.360916179337231,714,723,0,-0.001,9,1
735,"(0,1)",,False,43,"[0, 6, 8, 7, 1]",14,0.360916179337231,714,723,0,-0.001,9,1
736,"(5,0)",,False,40,"[5, 0, 6, 7, 4]",13,0.28557504873294304,716,725,0,-0.001,9,1
737,"(5,0)",,False,40,"[5, 0, 6, 7, 4]",13,0.28557504873294304,716,725,0,-0.001,9,1
738,"(5,13)",,False,41,"[5, 13, 1, 10, 17]",13,0.29640768588137,718,727,0,-0.001,9,1
739,"(5,13)",,False,41,"[5, 13, 1, 10, 17]",13,0.29640768588137,718,727,0,-0.001,9,1
740,"(0,10)",,False,41,"[5, 0, 10, 16, 14]",13,0.319903926482873,720,729,0,-0.001,9,1
741,"(0,10)",,False,41,"[5, 0, 10, 16, 14]",13,0.319903926482873,720,729,0,-0.001,9,1
742,"(2,0)",,False,42,"[4, 13, 2, 0, 11]",12,0.22274436090225502,722,731,0,-0.001,9,1
743,"(2,0)",,False,42,"[4, 13, 2, 0, 11]",12,0.22274436090225502,722,731,0,-0.001,9,1
744,"(3,16)",,False,43,"[3, 6, 16, 12, 10]",12,0.25716374269005804,724,733,0,-0.001,9,1
745,"(3,16)",,False,43,"[3, 6, 16, 12, 10]",12,0.25716374269005804,724,733,0,-0.001,9,1
746,"(15,2)",,False,42,"[17, 15, 11, 2, 3]",12,0.267432470064048,726,735,0,-0.001,9,1
747,"(15,2)",,False,42,"[17, 15, 11, 2, 3]",12,0.267432470064048,726,735,0,-0.001,9,1
748,"(0,11)",,False,41,"[6, 0, 12, 14, 11]",11,0.300473405736563,728,737,1,0.0,9,1
749,"(0,11)",,False,41,"[6, 0, 12, 14, 11]",11,0.300473405736563,728,737,1,0.0,9,1
750,"(15,6)",,False,43,"[2, 15, 13, 3, 6]",11,0.28507379560011104,730,739,1,0.0,9,1
751,"(15,6)",,False,43,"[2, 15, 13, 3, 6]",11,0.28507379560011104,730,739,1,0.0,9,1
752,"(13,1)",,False,45,"[13, 1, 3, 18, 19]",11,0.219555834029518,732,741,2,0.005750487329434,9,1
753,"(13,1)",,False,45,"[13, 1, 3, 18, 19]",11,0.219555834029518,732,741,2,0.005750487329434,9,1
754,"(15,1)",,False,44,"[15, 1, 10, 13, 14]",11,0.29516383551471204,734,743,3,0.010916179337231002,9,1
755,"(15,1)",,False,44,"[15, 1, 10, 13, 14]",11,0.29516383551471204,734,743,3,0.010916179337231002,9,1
756,"(8,1)",,False,45,"[8, 9, 17, 3, 1]",12,0.328891673628515,736,745,4,0.027387914230019003,9,1
757,"(8,1)",,False,45,"[8, 9, 17, 3, 1]",12,0.328891673628515,736,745,4,0.027387914230019003,9,1
758,"(15,10)",,False,45,"[2, 15, 11, 10, 3]",12,0.32226399331662403,738,747,4,0.028947368421052003,9,1
759,"(15,10)",,False,45,"[2, 15, 11, 10, 3]",12,0.32226399331662403,738,747,4,0.028947368421052003,9,1
760,"(15,9)",,False,46,"[15, 14, 18, 4, 9]",12,0.304720133667502,740,749,4,0.028947368421052003,9,1
761,"(15,9)",,False,46,"[15, 14, 18, 4, 9]",12,0.304720133667502,740,749,4,0.028947368421052003,9,1
762,"(1,12)",,False,47,"[16, 1, 11, 14, 12]",13,0.3308179637127,742,751,5,0.040557055030739,9,1
763,"(1,12)",,False,47,"[16, 1, 11, 14, 12]",13,0.3308179637127,742,751,5,0.040557055030739,9,1
764,"(3,1)",,False,47,"[9, 3, 1, 10, 13]",13,0.326065162907268,744,753,6,0.057175345771837006,9,1
765,"(3,1)",,False,47,"[9, 3, 1, 10, 13]",13,0.326065162907268,744,753,6,0.057175345771837006,9,1
766,"(18,17)",,False,46,"[11, 6, 18, 17, 10]",13,0.355130882762461,746,755,5,0.035143414090782005,9,1
767,"(18,17)",,False,46,"[11, 6, 18, 17, 10]",13,0.355130882762461,746,755,5,0.035143414090782005,9,1
768,"(16,5)",,False,47,"[16, 5, 4, 14, 18]",13,0.34307296017822303,748,757,5,0.036368699526594,9,1
769,"(16,5)",,False,47,"[16, 5, 4, 14, 18]",13,0.34307296017822303,748,757,5,0.036368699526594,9,1
770,"(2,1)",,False,48,"[19, 4, 2, 1, 13]",13,0.338199665831244,750,759,6,0.054302422723475005,9,1
771,"(2,1)",,False,48,"[19, 4, 2, 1, 13]",13,0.338199665831244,750,759,6,0.054302422723475005,9,1
772,"(0,16)",,False,45,"[5, 0, 4, 15, 16]",12,0.34770955165692,752,761,4,0.019883040935672003,9,1
773,"(0,16)",,False,45,"[5, 0, 4, 15, 16]",12,0.34770955165692,752,761,4,0.019883040935672003,9,1
774,"(2,0)",,False,46,"[2, 18, 0, 15, 5]",13,0.370614035087719,754,763,5,0.037426900584795,9,1
775,"(2,0)",,False,46,"[2, 18, 0, 15, 5]",13,0.370614035087719,754,763,5,0.037426900584795,9,1
776,"(8,3)",,False,47,"[11, 19, 8, 3, 16]",13,0.345769094453304,756,765,4,0.006456376631815,9,1
777,"(8,3)",,False,47,"[11, 19, 8, 3, 16]",13,0.345769094453304,756,765,4,0.006456376631815,9,1
778,"(0,12)",,False,44,"[0, 15, 12, 2, 8]",12,0.32672189733593204,758,767,4,0.007063956186763001,9,1
779,"(0,12)",,False,44,"[0, 15, 12, 2, 8]",12,0.32672189733593204,758,767,4,0.007063956186763001,9,1
780,"(3,5)",,False,43,"[3, 9, 16, 13, 5]",12,0.416731643924626,760,769,4,0.00853986818899,9,1
781,"(3,5)",,False,43,"[3, 9, 16, 13, 5]",12,0.416731643924626,760,769,4,0.00853986818899,9,1
782,"(15,12)",,False,44,"[19, 15, 18, 12, 2]",12,0.40610786224821305,762,771,4,0.009653764039728,9,1
783,"(15,12)",,False,44,"[19, 15, 18, 12, 2]",12,0.40610786224821305,762,771,4,0.009653764039728,9,1
784,"(13,7)",,False,46,"[13, 10, 18, 7, 5]",12,0.353086419753086,764,773,4,0.008574677434326,9,1
785,"(13,7)",,False,46,"[13, 10, 18, 7, 5]",12,0.353086419753086,764,773,4,0.008574677434326,9,1
786,"(0,10)",,False,45,"[16, 13, 0, 15, 10]",11,0.325884154831523,766,775,4,0.009120022277917,9,1
787,"(0,10)",,False,45,"[16, 13, 0, 15, 10]",11,0.325884154831523,766,775,4,0.009120022277917,9,1
788,"(0,14)",,False,42,"[5, 10, 0, 14, 13]",10,0.287280701754385,768,777,4,0.018518518518518,9,1
789,"(0,14)",,False,42,"[5, 10, 0, 14, 13]",10,0.287280701754385,768,777,4,0.018518518518518,9,1
790,"(13,8)",,False,42,"[13, 5, 2, 8, 16]",10,0.221393762183235,770,779,3,0.005847953216374001,9,1
791,"(13,8)",,False,42,"[13, 5, 2, 8, 16]",10,0.221393762183235,770,779,3,0.005847953216374001,9,1
792,"(11,7)",,False,44,"[11, 2, 6, 7, 16]",10,0.21003666573842,772,781,3,0.005847953216374001,9,1
793,"(11,7)",,False,44,"[11, 2, 6, 7, 16]",10,0.21003666573842,772,781,3,0.005847953216374001,9,1
794,"(18,7)",,False,43,"[14, 9, 5, 18, 7]",10,0.24098208484173303,774,783,3,0.005847953216374001,9,1
795,"(18,7)",,False,43,"[14, 9, 5, 18, 7]",10,0.24098208484173303,774,783,3,0.005847953216374001,9,1
796,"(14,1)",,False,44,"[7, 9, 14, 1, 0]",11,0.33030957022185004,776,785,4,0.066144527986633,9,1
797,"(14,1)",,False,44,"[7, 9, 14, 1, 0]",11,0.33030957022185004,776,785,4,0.066144527986633,9,1
798,"(19,13)",,False,45,"[5, 11, 15, 19, 13]",12,0.358081862906424,778,787,4,0.063411052884737,9,1
799,"(19,13)",,False,45,"[5, 11, 15, 19, 13]",12,0.358081862906424,778,787,4,0.063411052884737,9,1
