,actionDetail,actionType,bonusActivated,graphEdgeCount,nodeList,p1Degree,p1Score,p1WinAdvantage,p1WinCount,p2Degree,p2Score,p2WinCount,player
0,"(7,1)",,False,2,"[7, 13, 10, 9, 1]",0,-0.001,-1,0,1,0.0,1,1
1,"(7,1)",,False,2,"[7, 13, 10, 9, 1]",0,-0.001,-1,0,1,0.0,1,1
2,"(13,4)",,False,4,"[13, 4, 0, 3, 2]",0,-0.001,-3,0,1,0.0,3,1
3,"(13,4)",,False,4,"[13, 4, 0, 3, 2]",0,-0.001,-3,0,1,0.0,3,1
4,"(17,2)",,False,7,"[15, 17, 2, 12, 5]",2,0.035087719298245,-1,2,1,0.0,3,1
5,"(17,2)",,False,7,"[15, 17, 2, 12, 5]",2,0.035087719298245,-1,2,1,0.0,3,1
6,"(0,4)",,False,8,"[0, 4, 12, 14, 2]",1,0.0,0,3,1,0.0,3,1
7,"(0,4)",,False,8,"[0, 4, 12, 14, 2]",1,0.0,0,3,1,0.0,3,1
8,"(19,1)",,False,10,"[18, 7, 19, 15, 1]",1,0.0,-1,3,2,0.11695906432748501,4,1
9,"(19,1)",,False,10,"[18, 7, 19, 15, 1]",1,0.0,-1,3,2,0.11695906432748501,4,1
10,"(6,19)",,False,12,"[6, 19, 8, 0, 3]",1,0.0,-3,3,2,0.029239766081871003,6,1
11,"(6,19)",,False,12,"[6, 19, 8, 0, 3]",1,0.0,-3,3,2,0.029239766081871003,6,1
12,"(9,11)",,False,12,"[9, 11, 10, 5, 3]",1,0.0,-5,3,2,0.017543859649122,8,1
13,"(9,11)",,False,12,"[9, 11, 10, 5, 3]",1,0.0,-5,3,2,0.017543859649122,8,1
14,"(17,13)",,False,12,"[0, 17, 13, 16, 6]",1,0.0,-5,3,1,0.0,8,1
15,"(17,13)",,False,12,"[0, 17, 13, 16, 6]",1,0.0,-5,3,1,0.0,8,1
16,"(10,14)",,False,12,"[2, 10, 15, 18, 14]",2,0.06432748538011601,-3,5,1,0.0,8,1
17,"(10,14)",,False,12,"[2, 10, 15, 18, 14]",2,0.06432748538011601,-3,5,1,0.0,8,1
18,"(13,17)",,False,12,"[9, 10, 18, 13, 17]",2,0.05847953216374201,-1,7,1,0.0,8,1
19,"(13,17)",,False,12,"[9, 10, 18, 13, 17]",2,0.05847953216374201,-1,7,1,0.0,8,1
20,"(3,6)",,False,15,"[3, 15, 0, 6, 12]",2,0.070175438596491,1,9,1,0.0,8,1
21,"(3,6)",,False,15,"[3, 15, 0, 6, 12]",2,0.070175438596491,1,9,1,0.0,8,1
22,"(2,11)",,False,17,"[2, 16, 11, 9, 14]",3,0.105263157894736,3,11,1,0.0,8,1
23,"(2,11)",,False,17,"[2, 16, 11, 9, 14]",3,0.105263157894736,3,11,1,0.0,8,1
24,"(16,5)",,False,19,"[16, 10, 3, 5, 4]",3,0.18713450292397601,5,13,1,0.0,8,1
25,"(16,5)",,False,19,"[16, 10, 3, 5, 4]",3,0.18713450292397601,5,13,1,0.0,8,1
26,"(19,11)",,False,21,"[0, 19, 9, 11, 4]",3,0.18713450292397601,7,15,1,0.0,8,1
27,"(19,11)",,False,21,"[0, 19, 9, 11, 4]",3,0.18713450292397601,7,15,1,0.0,8,1
28,"(19,14)",,False,23,"[6, 5, 19, 3, 14]",4,0.157894736842105,9,17,1,0.0,8,1
29,"(19,14)",,False,23,"[6, 5, 19, 3, 14]",4,0.157894736842105,9,17,1,0.0,8,1
30,"(9,4)",,False,23,"[9, 4, 6, 3, 14]",4,0.20516569200779702,11,19,1,0.0,8,1
31,"(9,4)",,False,23,"[9, 4, 6, 3, 14]",4,0.20516569200779702,11,19,1,0.0,8,1
32,"(17,11)",,False,24,"[12, 18, 17, 11, 14]",5,0.26062378167641304,13,21,1,0.0,8,1
33,"(17,11)",,False,24,"[12, 18, 17, 11, 14]",5,0.26062378167641304,13,21,1,0.0,8,1
34,"(7,13)",,False,24,"[17, 11, 8, 7, 13]",5,0.24366471734892703,15,23,1,0.0,8,1
35,"(7,13)",,False,24,"[17, 11, 8, 7, 13]",5,0.24366471734892703,15,23,1,0.0,8,1
36,"(12,1)",,False,26,"[15, 12, 1, 17, 11]",6,0.30263157894736803,17,25,2,0.020467836257309,8,1
37,"(12,1)",,False,26,"[15, 12, 1, 17, 11]",6,0.30263157894736803,17,25,2,0.020467836257309,8,1
38,"(4,0)",,False,25,"[18, 14, 4, 11, 0]",5,0.40886939571150105,19,27,2,0.039961013645224,8,1
39,"(4,0)",,False,25,"[18, 14, 4, 11, 0]",5,0.40886939571150105,19,27,2,0.039961013645224,8,1
40,"(16,0)",,False,26,"[3, 7, 16, 0, 15]",6,0.334892787524366,21,29,2,0.12670565302144202,8,1
41,"(16,0)",,False,26,"[3, 7, 16, 0, 15]",6,0.334892787524366,21,29,2,0.12670565302144202,8,1
42,"(1,14)",,False,28,"[12, 3, 1, 14, 15]",6,0.22270955165692002,23,31,3,0.199317738791423,8,1
43,"(1,14)",,False,28,"[12, 3, 1, 14, 15]",6,0.22270955165692002,23,31,3,0.199317738791423,8,1
44,"(10,12)",,False,29,"[7, 10, 4, 1, 12]",6,0.25584795321637405,25,33,3,0.09307992202729001,8,1
45,"(10,12)",,False,29,"[7, 10, 4, 1, 12]",6,0.25584795321637405,25,33,3,0.09307992202729001,8,1
46,"(17,1)",,False,31,"[17, 5, 10, 1, 11]",6,0.24610136452241702,27,35,4,0.11695906432748501,8,1
47,"(17,1)",,False,31,"[17, 5, 10, 1, 11]",6,0.24610136452241702,27,35,4,0.11695906432748501,8,1
48,"(7,19)",,False,30,"[0, 7, 19, 9, 14]",6,0.265594541910331,29,37,4,0.11208576998050601,8,1
49,"(7,19)",,False,30,"[0, 7, 19, 9, 14]",6,0.265594541910331,29,37,4,0.11208576998050601,8,1
50,"(17,16)",,False,32,"[4, 17, 16, 5, 19]",6,0.25263157894736804,31,39,4,0.101267056530214,8,1
51,"(17,16)",,False,32,"[4, 17, 16, 5, 19]",6,0.25263157894736804,31,39,4,0.101267056530214,8,1
52,"(3,1)",,False,34,"[17, 10, 3, 1, 18]",7,0.27368421052631503,33,41,5,0.143887496519075,8,1
53,"(3,1)",,False,34,"[17, 10, 3, 1, 18]",7,0.27368421052631503,33,41,5,0.143887496519075,8,1
54,"(9,16)",,False,33,"[0, 7, 9, 12, 16]",7,0.303118908382066,35,43,4,0.090058479532163,8,1
55,"(9,16)",,False,33,"[0, 7, 9, 12, 16]",7,0.303118908382066,35,43,4,0.090058479532163,8,1
56,"(2,10)",,False,36,"[12, 17, 2, 11, 10]",7,0.263533834586466,37,45,4,0.05873015873015801,8,1
57,"(2,10)",,False,36,"[12, 17, 2, 11, 10]",7,0.263533834586466,37,45,4,0.05873015873015801,8,1
58,"(18,1)",,False,38,"[14, 18, 9, 10, 1]",7,0.23102896129211903,39,47,5,0.079901141743247,8,1
59,"(18,1)",,False,38,"[14, 18, 9, 10, 1]",7,0.23102896129211903,39,47,5,0.079901141743247,8,1
60,"(0,14)",,False,39,"[0, 1, 6, 14, 10]",8,0.265994531784005,41,49,5,0.076866408445355,8,1
61,"(0,14)",,False,39,"[0, 1, 6, 14, 10]",8,0.265994531784005,41,49,5,0.076866408445355,8,1
62,"(18,19)",,False,39,"[11, 3, 18, 5, 19]",8,0.23690792638161,43,51,5,0.071547555758082,8,1
63,"(18,19)",,False,39,"[11, 3, 18, 5, 19]",8,0.23690792638161,43,51,5,0.071547555758082,8,1
64,"(3,17)",,False,40,"[8, 3, 6, 17, 5]",8,0.23895471000734103,45,53,5,0.076323384218121,8,1
65,"(3,17)",,False,40,"[8, 3, 6, 17, 5]",8,0.23895471000734103,45,53,5,0.076323384218121,8,1
66,"(18,0)",,False,38,"[14, 5, 18, 0, 7]",7,0.19540517961570503,47,55,5,0.144708994708994,8,1
67,"(18,0)",,False,38,"[14, 5, 18, 0, 7]",7,0.19540517961570503,47,55,5,0.144708994708994,8,1
68,"(4,7)",,False,41,"[12, 4, 17, 2, 7]",9,0.21124908230171302,49,57,5,0.141959697222855,8,1
69,"(4,7)",,False,41,"[12, 4, 17, 2, 7]",9,0.21124908230171302,49,57,5,0.141959697222855,8,1
70,"(17,7)",,False,43,"[17, 1, 2, 9, 7]",9,0.18922305764411002,51,59,5,0.065552770815928,8,1
71,"(17,7)",,False,43,"[17, 1, 2, 9, 7]",9,0.18922305764411002,51,59,5,0.065552770815928,8,1
72,"(2,7)",,False,46,"[2, 17, 3, 7, 19]",11,0.260143414090782,53,61,5,0.044319131161236,8,1
73,"(2,7)",,False,46,"[2, 17, 3, 7, 19]",11,0.260143414090782,53,61,5,0.044319131161236,8,1
74,"(16,0)",,False,44,"[16, 3, 15, 0, 5]",10,0.237747145641882,55,63,5,0.046901977165135,8,1
75,"(16,0)",,False,44,"[16, 3, 15, 0, 5]",10,0.237747145641882,55,63,5,0.046901977165135,8,1
76,"(13,0)",,False,44,"[12, 13, 0, 5, 9]",10,0.230852594449085,57,65,5,0.040893901420217,8,1
77,"(13,0)",,False,44,"[12, 13, 0, 5, 9]",10,0.230852594449085,57,65,5,0.040893901420217,8,1
78,"(7,2)",,False,44,"[7, 18, 6, 11, 2]",10,0.22549661190012002,59,67,4,0.023739905318852002,8,1
79,"(7,2)",,False,44,"[7, 18, 6, 11, 2]",10,0.22549661190012002,59,67,4,0.023739905318852002,8,1
80,"(15,12)",,False,47,"[3, 10, 15, 17, 12]",12,0.27840898542652903,61,69,4,0.018727373990531003,8,1
81,"(15,12)",,False,47,"[3, 10, 15, 17, 12]",12,0.27840898542652903,61,69,4,0.018727373990531003,8,1
82,"(15,16)",,False,48,"[17, 15, 16, 6, 10]",13,0.31863454933630303,63,71,4,0.017021720969089,8,1
83,"(15,16)",,False,48,"[17, 15, 16, 6, 10]",13,0.31863454933630303,63,71,4,0.017021720969089,8,1
84,"(9,7)",,False,48,"[18, 9, 7, 2, 13]",13,0.32926761347813904,65,73,4,0.015942634363686002,8,1
85,"(9,7)",,False,48,"[18, 9, 7, 2, 13]",13,0.32926761347813904,65,73,4,0.015942634363686002,8,1
86,"(14,11)",,False,49,"[18, 5, 14, 11, 12]",13,0.307621326042378,67,75,4,0.013638895217842001,8,1
87,"(14,11)",,False,49,"[18, 5, 14, 11, 12]",13,0.307621326042378,67,75,4,0.013638895217842001,8,1
88,"(1,5)",,False,50,"[4, 1, 7, 5, 17]",13,0.316713500924027,69,77,5,0.039523050049365,8,1
89,"(1,5)",,False,50,"[4, 1, 7, 5, 17]",13,0.316713500924027,69,77,5,0.039523050049365,8,1
90,"(0,12)",,False,47,"[0, 15, 19, 9, 12]",12,0.308479532163742,71,79,5,0.051851851851851004,8,1
91,"(0,12)",,False,47,"[0, 15, 19, 9, 12]",12,0.308479532163742,71,79,5,0.051851851851851004,8,1
92,"(0,15)",,False,44,"[5, 0, 1, 15, 9]",11,0.30470620996936704,73,81,5,0.058201058201058004,8,1
93,"(0,15)",,False,44,"[5, 0, 1, 15, 9]",11,0.30470620996936704,73,81,5,0.058201058201058004,8,1
94,"(14,7)",,False,44,"[10, 14, 7, 2, 17]",11,0.303870788081314,75,83,5,0.055518425693864004,8,1
95,"(14,7)",,False,44,"[10, 14, 7, 2, 17]",11,0.303870788081314,75,83,5,0.055518425693864004,8,1
96,"(4,7)",,False,47,"[5, 6, 10, 4, 7]",13,0.34725239023484605,77,85,5,0.043701847210619,8,1
97,"(4,7)",,False,47,"[5, 6, 10, 4, 7]",13,0.34725239023484605,77,85,5,0.043701847210619,8,1
98,"(7,6)",,False,47,"[3, 9, 7, 13, 6]",13,0.37863724968988105,79,87,5,0.040179573512906006,8,1
99,"(7,6)",,False,47,"[3, 9, 7, 13, 6]",13,0.37863724968988105,79,87,5,0.040179573512906006,8,1
100,"(3,15)",,False,47,"[3, 12, 17, 15, 2]",13,0.36374269005847903,81,89,5,0.038823911630929006,8,1
101,"(3,15)",,False,47,"[3, 12, 17, 15, 2]",13,0.36374269005847903,81,89,5,0.038823911630929006,8,1
102,"(8,0)",,False,44,"[2, 1, 9, 8, 0]",12,0.331978093381602,83,91,3,0.020481759955444,8,1
103,"(8,0)",,False,44,"[2, 1, 9, 8, 0]",12,0.331978093381602,83,91,3,0.020481759955444,8,1
104,"(14,4)",,False,45,"[14, 5, 4, 11, 3]",12,0.320119743803954,85,93,3,0.020481759955444,8,1
105,"(14,4)",,False,45,"[14, 5, 4, 11, 3]",12,0.320119743803954,85,93,3,0.020481759955444,8,1
106,"(14,12)",,False,45,"[13, 6, 4, 14, 12]",12,0.331815650236702,87,95,3,0.019604566972988003,8,1
107,"(14,12)",,False,45,"[13, 6, 4, 14, 12]",12,0.331815650236702,87,95,3,0.019604566972988003,8,1
108,"(16,11)",,False,44,"[16, 11, 3, 2, 12]",12,0.33829016986911703,89,97,3,0.018434976329713002,8,1
109,"(16,11)",,False,44,"[16, 11, 3, 2, 12]",12,0.33829016986911703,89,97,3,0.018434976329713002,8,1
110,"(14,8)",,False,45,"[14, 8, 9, 16, 12]",14,0.359273182957393,91,99,3,0.017112225006961003,8,1
111,"(14,8)",,False,45,"[14, 8, 9, 16, 12]",14,0.359273182957393,91,99,3,0.017112225006961003,8,1
112,"(1,14)",,False,46,"[13, 2, 1, 14, 6]",14,0.454399888610414,93,101,4,0.028863826232247,8,1
113,"(1,14)",,False,46,"[13, 2, 1, 14, 6]",14,0.454399888610414,93,101,4,0.028863826232247,8,1
114,"(16,0)",,False,44,"[16, 2, 15, 11, 0]",13,0.44649122807017505,95,103,4,0.030116959064327,8,1
115,"(16,0)",,False,44,"[16, 2, 15, 11, 0]",13,0.44649122807017505,95,103,4,0.030116959064327,8,1
116,"(18,11)",,False,44,"[19, 17, 18, 11, 6]",13,0.381286549707602,97,105,3,0.019103313840155,8,1
117,"(18,11)",,False,44,"[19, 17, 18, 11, 6]",13,0.381286549707602,97,105,3,0.019103313840155,8,1
118,"(1,8)",,False,44,"[1, 14, 11, 15, 8]",13,0.355847953216374,99,107,3,0.039376218323586,8,1
119,"(1,8)",,False,44,"[1, 14, 11, 15, 8]",13,0.355847953216374,99,107,3,0.039376218323586,8,1
120,"(16,1)",,False,46,"[3, 15, 7, 16, 1]",14,0.39069896964633805,101,109,4,0.033054859370648004,8,1
121,"(16,1)",,False,46,"[3, 15, 7, 16, 1]",14,0.39069896964633805,101,109,4,0.033054859370648004,8,1
122,"(19,0)",,False,46,"[19, 0, 17, 7, 8]",13,0.282846003898635,103,111,4,0.023586744639376003,8,1
123,"(19,0)",,False,46,"[19, 0, 17, 7, 8]",13,0.282846003898635,103,111,4,0.023586744639376003,8,1
124,"(12,14)",,False,47,"[9, 3, 12, 14, 10]",13,0.301656920077972,105,113,4,0.026998050682261004,8,1
125,"(12,14)",,False,47,"[9, 3, 12, 14, 10]",13,0.301656920077972,105,113,4,0.026998050682261004,8,1
126,"(0,15)",,False,48,"[0, 5, 11, 16, 15]",14,0.34756335282651,107,115,4,0.023879142300194,8,1
127,"(0,15)",,False,48,"[0, 5, 11, 16, 15]",14,0.34756335282651,107,115,4,0.023879142300194,8,1
128,"(0,17)",,False,46,"[10, 12, 0, 4, 17]",13,0.31859974009096803,109,117,4,0.029158544509421003,8,1
129,"(0,17)",,False,46,"[10, 12, 0, 4, 17]",13,0.31859974009096803,109,117,4,0.029158544509421003,8,1
130,"(1,2)",,False,46,"[1, 2, 11, 16, 4]",13,0.31150561589158005,111,119,5,0.049614777684953,8,1
131,"(1,2)",,False,46,"[1, 2, 11, 16, 4]",13,0.31150561589158005,111,119,5,0.049614777684953,8,1
132,"(0,3)",,False,44,"[9, 17, 0, 3, 10]",12,0.27478882391163,113,121,4,0.048083170890188,8,1
133,"(0,3)",,False,44,"[9, 17, 0, 3, 10]",12,0.27478882391163,113,121,4,0.048083170890188,8,1
134,"(0,5)",,False,42,"[0, 3, 4, 5, 16]",11,0.264782326185834,115,123,4,0.052306692657569,8,1
135,"(0,5)",,False,42,"[0, 3, 4, 5, 16]",11,0.264782326185834,115,123,4,0.052306692657569,8,1
136,"(2,4)",,False,43,"[15, 11, 2, 13, 4]",11,0.274626380766731,117,125,4,0.041098115659519006,8,1
137,"(2,4)",,False,43,"[15, 11, 2, 13, 4]",11,0.274626380766731,117,125,4,0.041098115659519006,8,1
138,"(1,19)",,False,44,"[16, 9, 14, 1, 19]",12,0.31237816764132503,119,127,5,0.08842940685045901,8,1
139,"(1,19)",,False,44,"[16, 9, 14, 1, 19]",12,0.31237816764132503,119,127,5,0.08842940685045901,8,1
140,"(6,10)",,False,45,"[15, 8, 6, 19, 10]",12,0.310303536619326,121,129,5,0.077972709551656,8,1
141,"(6,10)",,False,45,"[15, 8, 6, 19, 10]",12,0.310303536619326,121,129,5,0.077972709551656,8,1
142,"(1,3)",,False,45,"[13, 15, 1, 3, 11]",12,0.32972709551656904,123,131,5,0.06939571150097401,8,1
143,"(1,3)",,False,45,"[13, 15, 1, 3, 11]",12,0.32972709551656904,123,131,5,0.06939571150097401,8,1
144,"(8,0)",,False,43,"[16, 8, 6, 0, 11]",11,0.23957115009746502,125,133,5,0.07085769980506801,8,1
145,"(8,0)",,False,43,"[16, 8, 6, 0, 11]",11,0.23957115009746502,125,133,5,0.07085769980506801,8,1
146,"(7,12)",,False,44,"[7, 12, 6, 8, 14]",11,0.22424115845168402,127,135,5,0.060428849902534006,8,1
147,"(7,12)",,False,44,"[7, 12, 6, 8, 14]",11,0.22424115845168402,127,135,5,0.060428849902534006,8,1
148,"(10,0)",,False,44,"[10, 15, 0, 17, 16]",10,0.20523531049846802,129,137,5,0.06335282651072101,8,1
149,"(10,0)",,False,44,"[10, 15, 0, 17, 16]",10,0.20523531049846802,129,137,5,0.06335282651072101,8,1
150,"(1,13)",,False,47,"[1, 13, 4, 6, 3]",12,0.265274296853244,131,139,7,0.09961013645224101,8,1
151,"(1,13)",,False,47,"[1, 13, 4, 6, 3]",12,0.265274296853244,131,139,7,0.09961013645224101,8,1
152,"(7,18)",,False,49,"[8, 7, 16, 18, 6]",12,0.20250626566416002,133,141,7,0.07962962962962901,8,1
153,"(7,18)",,False,49,"[8, 7, 16, 18, 6]",12,0.20250626566416002,133,141,7,0.07962962962962901,8,1
154,"(13,7)",,False,47,"[13, 7, 10, 8, 17]",12,0.24812030075187902,135,143,6,0.13771929824561402,8,1
155,"(13,7)",,False,47,"[13, 7, 10, 8, 17]",12,0.24812030075187902,135,143,6,0.13771929824561402,8,1
156,"(2,12)",,False,48,"[2, 18, 5, 6, 12]",12,0.24951267056530202,137,145,6,0.139083820662768,8,1
157,"(2,12)",,False,48,"[2, 18, 5, 6, 12]",12,0.24951267056530202,137,145,6,0.139083820662768,8,1
158,"(6,18)",,False,51,"[6, 18, 12, 16, 10]",12,0.23615984405458001,139,147,6,0.13245614035087702,8,1
159,"(6,18)",,False,51,"[6, 18, 12, 16, 10]",12,0.23615984405458001,139,147,6,0.13245614035087702,8,1
160,"(7,8)",,False,53,"[7, 15, 8, 5, 16]",13,0.25058015408892603,141,149,6,0.13439617562424502,8,1
161,"(7,8)",,False,53,"[7, 15, 8, 5, 16]",13,0.25058015408892603,141,149,6,0.13439617562424502,8,1
162,"(1,18)",,False,53,"[7, 3, 1, 13, 18]",13,0.25740276617469604,143,151,7,0.145019957300659,8,1
163,"(1,18)",,False,53,"[7, 3, 1, 13, 18]",13,0.25740276617469604,143,151,7,0.145019957300659,8,1
164,"(10,1)",,False,55,"[0, 10, 1, 7, 6]",14,0.288856400259909,145,153,8,0.09359974009096801,8,1
165,"(10,1)",,False,55,"[0, 10, 1, 7, 6]",14,0.288856400259909,145,153,8,0.09359974009096801,8,1
166,"(8,0)",,False,54,"[8, 19, 4, 0, 9]",13,0.25409356725146104,147,155,8,0.095224171539961,8,1
167,"(8,0)",,False,54,"[8, 19, 4, 0, 9]",13,0.25409356725146104,147,155,8,0.095224171539961,8,1
168,"(8,1)",,False,54,"[11, 14, 8, 1, 3]",13,0.26812865497076,149,157,9,0.140123456790123,8,1
169,"(8,1)",,False,54,"[11, 14, 8, 1, 3]",13,0.26812865497076,149,157,9,0.140123456790123,8,1
170,"(5,0)",,False,52,"[5, 12, 0, 9, 6]",12,0.23412782798747703,151,159,8,0.104182172603225,8,1
171,"(5,0)",,False,52,"[5, 12, 0, 9, 6]",12,0.23412782798747703,151,159,8,0.104182172603225,8,1
172,"(4,1)",,False,51,"[7, 17, 11, 4, 1]",12,0.236939571150097,153,161,9,0.11991552956465201,8,1
173,"(4,1)",,False,51,"[7, 17, 11, 4, 1]",12,0.236939571150097,153,161,9,0.11991552956465201,8,1
174,"(19,15)",,False,53,"[17, 19, 0, 5, 15]",12,0.200779727095516,155,163,9,0.11643924626380701,8,1
175,"(19,15)",,False,53,"[17, 19, 0, 5, 15]",12,0.200779727095516,155,163,9,0.11643924626380701,8,1
176,"(8,7)",,False,50,"[8, 7, 5, 18, 15]",12,0.26544138123085403,157,165,9,0.14974937343358302,8,1
177,"(8,7)",,False,50,"[8, 7, 5, 18, 15]",12,0.26544138123085403,157,165,9,0.14974937343358302,8,1
178,"(18,0)",,False,48,"[18, 10, 16, 12, 0]",11,0.281168198273461,159,167,9,0.19800891116680502,8,1
179,"(18,0)",,False,48,"[18, 10, 16, 12, 0]",11,0.281168198273461,159,167,9,0.19800891116680502,8,1
180,"(10,1)",,False,48,"[2, 10, 11, 1, 9]",11,0.23531049846839303,159,168,10,0.282128933444722,9,1
181,"(10,1)",,False,48,"[2, 10, 11, 1, 9]",11,0.23531049846839303,159,168,10,0.282128933444722,9,1
182,"(9,1)",,False,48,"[9, 16, 3, 1, 10]",11,0.23883783532906303,157,168,11,0.30196788266963703,11,1
183,"(9,1)",,False,48,"[9, 16, 3, 1, 10]",11,0.23883783532906303,157,168,11,0.30196788266963703,11,1
184,"(7,2)",,False,47,"[5, 7, 2, 19, 12]",11,0.256247099229555,155,168,11,0.29155295646523705,13,1
185,"(7,2)",,False,47,"[5, 7, 2, 19, 12]",11,0.256247099229555,155,168,11,0.29155295646523705,13,1
186,"(2,0)",,False,45,"[2, 1, 9, 0, 7]",10,0.25251554812958305,157,170,10,0.24202636220180002,13,1
187,"(2,0)",,False,45,"[2, 1, 9, 0, 7]",10,0.25251554812958305,157,170,10,0.24202636220180002,13,1
188,"(15,1)",,False,47,"[15, 17, 9, 18, 1]",10,0.18836442959249902,157,171,11,0.292597233825303,14,1
189,"(15,1)",,False,47,"[15, 17, 9, 18, 1]",10,0.18836442959249902,157,171,11,0.292597233825303,14,1
190,"(12,3)",,False,49,"[13, 14, 17, 12, 3]",10,0.147413567589006,155,171,11,0.256115878922896,16,1
191,"(12,3)",,False,49,"[13, 14, 17, 12, 3]",10,0.147413567589006,155,171,11,0.256115878922896,16,1
192,"(9,8)",,False,51,"[17, 7, 9, 6, 8]",10,0.135202484325291,153,171,11,0.261894213648599,18,1
193,"(9,8)",,False,51,"[17, 7, 9, 6, 8]",10,0.135202484325291,153,171,11,0.261894213648599,18,1
194,"(1,6)",,False,53,"[15, 1, 6, 10, 9]",10,0.11235960271047901,151,171,12,0.25196788266963704,20,1
195,"(1,6)",,False,53,"[15, 1, 6, 10, 9]",10,0.11235960271047901,151,171,12,0.25196788266963704,20,1
196,"(3,13)",,False,55,"[10, 3, 4, 13, 2]",10,0.09916289039096,149,171,12,0.21902314709332202,22,1
197,"(3,13)",,False,55,"[10, 3, 4, 13, 2]",10,0.09916289039096,149,171,12,0.21902314709332202,22,1
198,"(13,0)",,False,52,"[18, 13, 12, 0, 6]",9,0.09750597031298701,147,171,12,0.261323342025096,24,1
199,"(13,0)",,False,52,"[18, 13, 12, 0, 6]",9,0.09750597031298701,147,171,12,0.261323342025096,24,1
200,"(13,3)",,False,50,"[10, 6, 19, 13, 3]",9,0.11228070175438501,145,171,11,0.251234567901234,26,1
201,"(13,3)",,False,50,"[10, 6, 19, 13, 3]",9,0.11228070175438501,145,171,11,0.251234567901234,26,1
202,"(3,14)",,False,52,"[19, 3, 11, 13, 14]",9,0.084794250583724,143,171,11,0.201805439524737,28,1
203,"(3,14)",,False,52,"[19, 3, 11, 13, 14]",9,0.084794250583724,143,171,11,0.201805439524737,28,1
204,"(10,8)",,False,54,"[10, 17, 4, 6, 8]",9,0.072889488678962,141,171,11,0.193687923512484,30,1
205,"(10,8)",,False,54,"[10, 17, 4, 6, 8]",9,0.072889488678962,141,171,11,0.193687923512484,30,1
206,"(13,4)",,False,51,"[7, 19, 13, 11, 4]",9,0.099436090225563,139,171,10,0.216439246263807,32,1
207,"(13,4)",,False,51,"[7, 19, 13, 11, 4]",9,0.099436090225563,139,171,10,0.216439246263807,32,1
208,"(8,12)",,False,50,"[10, 8, 9, 11, 12]",9,0.096154738698598,137,171,10,0.22761533463287803,34,1
209,"(8,12)",,False,50,"[10, 8, 9, 11, 12]",9,0.096154738698598,137,171,10,0.22761533463287803,34,1
210,"(7,0)",,False,48,"[15, 18, 16, 7, 0]",8,0.10482076403129001,135,171,10,0.23064605959342802,36,1
211,"(7,0)",,False,48,"[15, 18, 16, 7, 0]",8,0.10482076403129001,135,171,10,0.23064605959342802,36,1
212,"(11,10)",,False,50,"[15, 11, 19, 10, 9]",8,0.103691045796308,133,171,10,0.209542163489531,38,1
213,"(11,10)",,False,50,"[15, 11, 19, 10, 9]",8,0.103691045796308,133,171,10,0.209542163489531,38,1
214,"(7,1)",,False,52,"[7, 14, 12, 1, 11]",9,0.11408445355813701,131,171,11,0.227015349822367,40,1
215,"(7,1)",,False,52,"[7, 14, 12, 1, 11]",9,0.11408445355813701,131,171,11,0.227015349822367,40,1
216,"(0,9)",,False,52,"[8, 0, 9, 12, 16]",8,0.095600111389585,129,171,11,0.22533416875522103,42,1
217,"(0,9)",,False,52,"[8, 0, 9, 12, 16]",8,0.095600111389585,129,171,11,0.22533416875522103,42,1
218,"(7,3)",,False,53,"[6, 7, 19, 3, 16]",8,0.071864847303443,127,171,11,0.21150097465886902,44,1
219,"(7,3)",,False,53,"[6, 7, 19, 3, 16]",8,0.071864847303443,127,171,11,0.21150097465886902,44,1
220,"(17,4)",,False,53,"[12, 7, 17, 11, 4]",8,0.071767381416504,125,171,11,0.21143599740090901,46,1
221,"(17,4)",,False,53,"[12, 7, 17, 11, 4]",8,0.071767381416504,125,171,11,0.21143599740090901,46,1
222,"(1,3)",,False,56,"[2, 1, 4, 15, 3]",8,0.059598069247192006,123,171,12,0.22156200686902403,48,1
223,"(1,3)",,False,56,"[2, 1, 4, 15, 3]",8,0.059598069247192006,123,171,12,0.22156200686902403,48,1
224,"(7,3)",,False,55,"[7, 19, 3, 11, 9]",8,0.07031685968734401,121,171,12,0.23974560584467702,50,1
225,"(7,3)",,False,55,"[7, 19, 3, 11, 9]",8,0.07031685968734401,121,171,12,0.23974560584467702,50,1
226,"(10,8)",,False,55,"[19, 10, 8, 0, 13]",9,0.11047280510644801,119,171,12,0.255437613641948,52,1
227,"(10,8)",,False,55,"[19, 10, 8, 0, 13]",9,0.11047280510644801,119,171,12,0.255437613641948,52,1
228,"(1,8)",,False,54,"[3, 1, 16, 8, 4]",9,0.12865497076023302,117,171,13,0.310571567808409,54,1
229,"(1,8)",,False,54,"[3, 1, 16, 8, 4]",9,0.12865497076023302,117,171,13,0.310571567808409,54,1
230,"(1,2)",,False,57,"[10, 1, 2, 7, 16]",11,0.187037037037037,115,171,14,0.26629420774157603,56,1
231,"(1,2)",,False,57,"[10, 1, 2, 7, 16]",11,0.187037037037037,115,171,14,0.26629420774157603,56,1
232,"(11,1)",,False,59,"[12, 7, 16, 11, 1]",11,0.16539961013645202,113,171,15,0.280743525480367,58,1
233,"(11,1)",,False,59,"[12, 7, 16, 11, 1]",11,0.16539961013645202,113,171,15,0.280743525480367,58,1
234,"(8,0)",,False,60,"[4, 8, 0, 12, 5]",10,0.13790030632135802,111,171,15,0.268629908103592,60,1
235,"(8,0)",,False,60,"[4, 8, 0, 12, 5]",10,0.13790030632135802,111,171,15,0.268629908103592,60,1
236,"(3,8)",,False,60,"[3, 6, 4, 5, 8]",10,0.137030075187969,109,171,15,0.28178780284043403,62,1
237,"(3,8)",,False,60,"[3, 6, 4, 5, 8]",10,0.137030075187969,109,171,15,0.28178780284043403,62,1
238,"(13,0)",,False,60,"[18, 13, 0, 12, 9]",10,0.119444444444444,107,171,15,0.31434140907825103,64,1
239,"(13,0)",,False,60,"[18, 13, 0, 12, 9]",10,0.119444444444444,107,171,15,0.31434140907825103,64,1
240,"(17,15)",,False,62,"[4, 5, 17, 15, 8]",10,0.096698817751449,105,171,15,0.300543657122604,66,1
241,"(17,15)",,False,62,"[4, 5, 17, 15, 8]",10,0.096698817751449,105,171,15,0.300543657122604,66,1
242,"(3,0)",,False,63,"[18, 4, 3, 16, 0]",9,0.075110123794334,103,171,15,0.294939368623579,68,1
243,"(3,0)",,False,63,"[18, 4, 3, 16, 0]",9,0.075110123794334,103,171,15,0.294939368623579,68,1
244,"(10,6)",,False,62,"[13, 10, 4, 14, 6]",9,0.07658603579656201,101,171,15,0.29481405534037103,70,1
245,"(10,6)",,False,62,"[13, 10, 4, 14, 6]",9,0.07658603579656201,101,171,15,0.29481405534037103,70,1
246,"(17,5)",,False,61,"[17, 3, 5, 9, 15]",9,0.06259398496240601,99,171,13,0.14571614220737,72,1
247,"(17,5)",,False,61,"[17, 3, 5, 9, 15]",9,0.06259398496240601,99,171,13,0.14571614220737,72,1
248,"(19,9)",,False,61,"[14, 19, 12, 9, 17]",10,0.16834447229184002,99,172,13,0.168783068783068,73,1
249,"(19,9)",,False,61,"[14, 19, 12, 9, 17]",10,0.16834447229184002,99,172,13,0.168783068783068,73,1
250,"(1,8)",,False,62,"[4, 7, 1, 15, 8]",10,0.17519957300659,99,173,14,0.212512763389956,74,1
251,"(1,8)",,False,62,"[4, 7, 1, 15, 8]",10,0.17519957300659,99,173,14,0.212512763389956,74,1
252,"(1,17)",,False,65,"[7, 1, 18, 17, 3]",12,0.18337278381138,99,174,15,0.21868096166341702,75,1
253,"(1,17)",,False,65,"[7, 1, 18, 17, 3]",12,0.18337278381138,99,174,15,0.21868096166341702,75,1
254,"(14,0)",,False,65,"[14, 12, 0, 6, 8]",11,0.150689223057644,97,174,15,0.212399053188526,77,1
255,"(14,0)",,False,65,"[14, 12, 0, 6, 8]",11,0.150689223057644,97,174,15,0.212399053188526,77,1
256,"(6,0)",,False,66,"[19, 1, 6, 0, 10]",10,0.141819827346143,95,174,15,0.207943469785575,79,1
257,"(6,0)",,False,66,"[19, 1, 6, 0, 10]",10,0.141819827346143,95,174,15,0.207943469785575,79,1
258,"(16,3)",,False,64,"[16, 4, 12, 8, 3]",10,0.145439988861041,93,174,14,0.170952845075652,81,1
259,"(16,3)",,False,64,"[16, 4, 12, 8, 3]",10,0.145439988861041,93,174,14,0.170952845075652,81,1
260,"(18,3)",,False,62,"[18, 16, 3, 17, 1]",10,0.153432191590086,93,175,13,0.159549336303722,82,1
261,"(18,3)",,False,62,"[18, 16, 3, 17, 1]",10,0.153432191590086,93,175,13,0.159549336303722,82,1
262,"(2,15)",,False,61,"[2, 5, 9, 14, 15]",10,0.15813340330884101,95,177,11,0.1148292740398,82,1
263,"(2,15)",,False,61,"[2, 5, 9, 14, 15]",10,0.15813340330884101,95,177,11,0.1148292740398,82,1
264,"(15,19)",,False,63,"[12, 15, 14, 8, 19]",10,0.147637255531992,97,179,11,0.11001167448535801,82,1
265,"(15,19)",,False,63,"[12, 15, 14, 8, 19]",10,0.147637255531992,97,179,11,0.11001167448535801,82,1
266,"(6,13)",,False,66,"[18, 6, 8, 5, 13]",12,0.11930223772329,99,181,11,0.0848808111966,82,1
267,"(6,13)",,False,66,"[18, 6, 8, 5, 13]",12,0.11930223772329,99,181,11,0.0848808111966,82,1
268,"(1,11)",,False,65,"[12, 6, 1, 11, 5]",12,0.121789873544259,101,183,10,0.07207227470385301,82,1
269,"(1,11)",,False,65,"[12, 6, 1, 11, 5]",12,0.121789873544259,101,183,10,0.07207227470385301,82,1
270,"(7,9)",,False,64,"[8, 7, 17, 9, 15]",12,0.132511121107612,103,185,10,0.085425101214574,82,1
271,"(7,9)",,False,64,"[8, 7, 17, 9, 15]",12,0.132511121107612,103,185,10,0.085425101214574,82,1
272,"(13,2)",,False,66,"[3, 13, 2, 8, 7]",12,0.111426000899685,105,187,10,0.073534263007947,82,1
273,"(13,2)",,False,66,"[3, 13, 2, 8, 7]",12,0.111426000899685,105,187,10,0.073534263007947,82,1
274,"(12,4)",,False,68,"[3, 11, 15, 12, 4]",13,0.12090453406242802,107,189,10,0.073405736563631,82,1
275,"(12,4)",,False,68,"[3, 11, 15, 12, 4]",13,0.12090453406242802,107,189,10,0.073405736563631,82,1
276,"(18,0)",,False,66,"[18, 0, 3, 7, 6]",12,0.10858206121364,109,191,9,0.053487886382623,82,1
277,"(18,0)",,False,66,"[18, 0, 3, 7, 6]",12,0.10858206121364,109,191,9,0.053487886382623,82,1
278,"(8,1)",,False,65,"[8, 1, 7, 18, 16]",12,0.123673767752715,111,193,10,0.09514643089204401,82,1
279,"(8,1)",,False,65,"[8, 1, 7, 18, 16]",12,0.123673767752715,111,193,10,0.09514643089204401,82,1
280,"(11,12)",,False,65,"[15, 11, 8, 12, 14]",12,0.128376496797549,113,195,9,0.075661375661375,82,1
281,"(11,12)",,False,65,"[15, 11, 8, 12, 14]",12,0.128376496797549,113,195,9,0.075661375661375,82,1
282,"(13,19)",,False,65,"[11, 13, 3, 14, 19]",12,0.11525341130604201,115,197,8,0.060818713450292,82,1
283,"(13,19)",,False,65,"[11, 13, 3, 14, 19]",12,0.11525341130604201,115,197,8,0.060818713450292,82,1
284,"(17,0)",,False,62,"[19, 17, 0, 16, 6]",11,0.105666945140629,117,199,6,0.030270119743803003,82,1
285,"(17,0)",,False,62,"[19, 17, 0, 16, 6]",11,0.105666945140629,117,199,6,0.030270119743803003,82,1
286,"(9,18)",,False,60,"[9, 14, 6, 18, 5]",11,0.11202311333890201,119,201,6,0.051065162907268,82,1
287,"(9,18)",,False,60,"[9, 14, 6, 18, 5]",11,0.11202311333890201,119,201,6,0.051065162907268,82,1
288,"(13,4)",,False,60,"[13, 7, 6, 4, 18]",11,0.11688818004607401,121,203,6,0.049452545505177005,82,1
289,"(13,4)",,False,60,"[13, 7, 6, 4, 18]",11,0.11688818004607401,121,203,6,0.049452545505177005,82,1
290,"(19,2)",,False,59,"[14, 19, 2, 3, 16]",11,0.11096997544365901,123,205,5,0.041012252854358,82,1
291,"(19,2)",,False,59,"[14, 19, 2, 3, 16]",11,0.11096997544365901,123,205,5,0.041012252854358,82,1
292,"(1,8)",,False,59,"[14, 10, 1, 8, 9]",11,0.113615478089162,125,207,6,0.06920774157616201,82,1
293,"(1,8)",,False,59,"[14, 10, 1, 8, 9]",11,0.113615478089162,125,207,6,0.06920774157616201,82,1
294,"(0,4)",,False,56,"[3, 0, 7, 4, 19]",10,0.14734057365636302,127,209,6,0.07479578576069801,82,1
295,"(0,4)",,False,56,"[3, 0, 7, 4, 19]",10,0.14734057365636302,127,209,6,0.07479578576069801,82,1
296,"(1,10)",,False,56,"[1, 6, 10, 0, 14]",10,0.14156893301630102,129,211,7,0.10020617783775601,82,1
297,"(1,10)",,False,56,"[1, 6, 10, 0, 14]",10,0.14156893301630102,129,211,7,0.10020617783775601,82,1
298,"(10,6)",,False,56,"[10, 16, 17, 6, 8]",10,0.139658178461068,131,213,7,0.09213957887848401,82,1
299,"(10,6)",,False,56,"[10, 16, 17, 6, 8]",10,0.139658178461068,131,213,7,0.09213957887848401,82,1
300,"(3,10)",,False,58,"[3, 8, 7, 10, 17]",11,0.16896961063627702,133,215,7,0.069641339816778,82,1
301,"(3,10)",,False,58,"[3, 8, 7, 10, 17]",11,0.16896961063627702,133,215,7,0.069641339816778,82,1
302,"(6,0)",,False,58,"[10, 6, 0, 15, 8]",11,0.165176830966304,135,217,7,0.069718277174417,82,1
303,"(6,0)",,False,58,"[10, 6, 0, 15, 8]",11,0.165176830966304,135,217,7,0.069718277174417,82,1
304,"(6,13)",,False,58,"[6, 17, 13, 11, 3]",11,0.15878205615047702,137,219,7,0.06789448368395701,82,1
305,"(6,13)",,False,58,"[6, 17, 13, 11, 3]",11,0.15878205615047702,137,219,7,0.06789448368395701,82,1
306,"(1,2)",,False,58,"[16, 4, 1, 12, 2]",11,0.15981916069635302,139,221,8,0.08103908761803401,82,1
307,"(1,2)",,False,58,"[16, 4, 1, 12, 2]",11,0.15981916069635302,139,221,8,0.08103908761803401,82,1
308,"(14,3)",,False,58,"[14, 3, 13, 4, 2]",11,0.178585774199809,141,223,7,0.05090546230897101,82,1
309,"(14,3)",,False,58,"[14, 3, 13, 4, 2]",11,0.178585774199809,141,223,7,0.05090546230897101,82,1
310,"(11,1)",,False,61,"[11, 8, 19, 12, 1]",11,0.16558293882855202,143,225,8,0.047092267706302,82,1
311,"(11,1)",,False,61,"[11, 8, 19, 12, 1]",11,0.16558293882855202,143,225,8,0.047092267706302,82,1
312,"(10,15)",,False,60,"[7, 3, 19, 10, 15]",11,0.206497725795971,145,227,8,0.052190661839784006,82,1
313,"(10,15)",,False,60,"[7, 3, 19, 10, 15]",11,0.206497725795971,145,227,8,0.052190661839784006,82,1
314,"(2,9)",,False,63,"[16, 10, 2, 9, 11]",13,0.220161514898356,147,229,8,0.042731829573934,82,1
315,"(2,9)",,False,63,"[16, 10, 2, 9, 11]",13,0.220161514898356,147,229,8,0.042731829573934,82,1
316,"(5,6)",,False,64,"[4, 5, 13, 6, 18]",13,0.19008632692843203,149,231,8,0.036995265942634005,82,1
317,"(5,6)",,False,64,"[4, 5, 13, 6, 18]",13,0.19008632692843203,149,231,8,0.036995265942634005,82,1
318,"(19,18)",,False,64,"[7, 19, 13, 18, 14]",13,0.18432191590086303,151,233,7,0.01817738791423,82,1
319,"(19,18)",,False,64,"[7, 19, 13, 18, 14]",13,0.18432191590086303,151,233,7,0.01817738791423,82,1
320,"(11,10)",,False,65,"[19, 11, 18, 10, 16]",14,0.22399728276921202,153,235,7,0.014536762782376,82,1
321,"(11,10)",,False,65,"[19, 11, 18, 10, 16]",14,0.22399728276921202,153,235,7,0.014536762782376,82,1
322,"(1,17)",,False,65,"[12, 1, 6, 17, 10]",14,0.243967452300785,155,237,8,0.043964076858813005,82,1
323,"(1,17)",,False,65,"[12, 1, 6, 17, 10]",14,0.243967452300785,155,237,8,0.043964076858813005,82,1
324,"(18,15)",,False,64,"[16, 7, 18, 17, 15]",14,0.25378492527615304,157,239,8,0.043964076858813005,82,1
325,"(18,15)",,False,64,"[16, 7, 18, 17, 15]",14,0.25378492527615304,157,239,8,0.043964076858813005,82,1
326,"(9,2)",,False,64,"[9, 2, 11, 15, 16]",14,0.25024018379281504,159,241,8,0.042160957950431004,82,1
327,"(9,2)",,False,64,"[9, 2, 11, 15, 16]",14,0.25024018379281504,159,241,8,0.042160957950431004,82,1
328,"(0,18)",,False,64,"[17, 0, 8, 7, 18]",13,0.22847396268448802,161,243,8,0.047479810637705004,82,1
329,"(0,18)",,False,64,"[17, 0, 8, 7, 18]",13,0.22847396268448802,161,243,8,0.047479810637705004,82,1
330,"(15,6)",,False,64,"[15, 6, 5, 3, 14]",13,0.21419869117237503,163,245,8,0.04741019214703401,82,1
331,"(15,6)",,False,64,"[15, 6, 5, 3, 14]",13,0.21419869117237503,163,245,8,0.04741019214703401,82,1
332,"(1,5)",,False,66,"[1, 8, 5, 15, 17]",14,0.218346519894507,165,247,9,0.060196651760119006,82,1
333,"(1,5)",,False,66,"[1, 8, 5, 15, 17]",14,0.218346519894507,165,247,9,0.060196651760119006,82,1
334,"(3,12)",,False,67,"[3, 12, 5, 4, 7]",14,0.21746236506298403,167,249,9,0.05415144615351,82,1
335,"(3,12)",,False,67,"[3, 12, 5, 4, 7]",14,0.21746236506298403,167,249,9,0.05415144615351,82,1
336,"(13,12)",,False,69,"[10, 7, 13, 12, 4]",14,0.205713976998806,169,251,9,0.05374658785391401,82,1
337,"(13,12)",,False,69,"[10, 7, 13, 12, 4]",14,0.205713976998806,169,251,9,0.05374658785391401,82,1
338,"(14,19)",,False,68,"[2, 14, 18, 4, 19]",14,0.19931024141550402,171,253,7,0.036446975701361004,82,1
339,"(14,19)",,False,68,"[2, 14, 18, 4, 19]",14,0.19931024141550402,171,253,7,0.036446975701361004,82,1
340,"(11,14)",,False,68,"[19, 11, 14, 12, 7]",14,0.199407707302444,173,255,7,0.036446975701361004,82,1
341,"(11,14)",,False,68,"[19, 11, 14, 12, 7]",14,0.199407707302444,173,255,7,0.036446975701361004,82,1
342,"(18,0)",,False,66,"[10, 18, 12, 4, 0]",13,0.18469785575048703,175,257,7,0.04240462266778,82,1
343,"(18,0)",,False,66,"[10, 18, 12, 4, 0]",13,0.18469785575048703,175,257,7,0.04240462266778,82,1
344,"(0,3)",,False,66,"[0, 4, 12, 3, 14]",12,0.159913673071567,177,259,7,0.040434419381787004,82,1
345,"(0,3)",,False,66,"[0, 4, 12, 3, 14]",12,0.159913673071567,177,259,7,0.040434419381787004,82,1
346,"(0,9)",,False,64,"[0, 9, 18, 14, 19]",11,0.133841548315232,179,261,7,0.043602060707323004,82,1
347,"(0,9)",,False,64,"[0, 9, 18, 14, 19]",11,0.133841548315232,179,261,7,0.043602060707323004,82,1
348,"(9,5)",,False,64,"[6, 9, 17, 5, 15]",11,0.133695349484823,181,263,6,0.02543163464216,82,1
349,"(9,5)",,False,64,"[6, 9, 17, 5, 15]",11,0.133695349484823,181,263,6,0.02543163464216,82,1
350,"(9,18)",,False,64,"[12, 9, 18, 13, 11]",11,0.144903926482873,183,265,6,0.024429128376496002,82,1
351,"(9,18)",,False,64,"[12, 9, 18, 13, 11]",11,0.144903926482873,183,265,6,0.024429128376496002,82,1
352,"(16,15)",,False,63,"[16, 7, 15, 3, 13]",11,0.162085769980506,185,267,6,0.022333611807296,82,1
353,"(16,15)",,False,63,"[16, 7, 15, 3, 13]",11,0.162085769980506,185,267,6,0.022333611807296,82,1
354,"(0,5)",,False,60,"[0, 12, 3, 5, 15]",10,0.108020050125313,187,269,6,0.020676691729323002,82,1
355,"(0,5)",,False,60,"[0, 12, 3, 5, 15]",10,0.108020050125313,187,269,6,0.020676691729323002,82,1
356,"(17,4)",,False,59,"[18, 17, 7, 12, 4]",11,0.15022974101921402,189,271,6,0.032268170426065,82,1
357,"(17,4)",,False,59,"[18, 17, 7, 12, 4]",11,0.15022974101921402,189,271,6,0.032268170426065,82,1
358,"(1,7)",,False,61,"[2, 1, 18, 15, 7]",12,0.22438039543302601,191,273,7,0.041905690151304006,82,1
359,"(1,7)",,False,61,"[2, 1, 18, 15, 7]",12,0.22438039543302601,191,273,7,0.041905690151304006,82,1
360,"(3,0)",,False,61,"[6, 11, 17, 3, 0]",11,0.194511742318759,193,275,7,0.042128469321451006,82,1
361,"(3,0)",,False,61,"[6, 11, 17, 3, 0]",11,0.194511742318759,193,275,7,0.042128469321451006,82,1
362,"(0,3)",,False,61,"[12, 19, 0, 7, 3]",11,0.194511742318759,195,277,7,0.042128469321451006,82,1
363,"(0,3)",,False,61,"[12, 19, 0, 7, 3]",11,0.194511742318759,195,277,7,0.042128469321451006,82,1
364,"(15,11)",,False,64,"[17, 9, 8, 15, 11]",13,0.245762554534484,197,279,7,0.028237259816207002,82,1
365,"(15,11)",,False,64,"[17, 9, 8, 15, 11]",13,0.245762554534484,197,279,7,0.028237259816207002,82,1
366,"(12,0)",,False,61,"[2, 12, 10, 6, 0]",12,0.236561310684117,199,281,7,0.027367028682818,82,1
367,"(12,0)",,False,61,"[2, 12, 10, 6, 0]",12,0.236561310684117,199,281,7,0.027367028682818,82,1
368,"(2,3)",,False,63,"[2, 3, 7, 10, 16]",13,0.23886336210897602,201,283,7,0.020149911816578003,82,1
369,"(2,3)",,False,63,"[2, 3, 7, 10, 16]",13,0.23886336210897602,201,283,7,0.020149911816578003,82,1
370,"(6,5)",,False,62,"[6, 3, 10, 5, 4]",13,0.241130182358252,203,285,7,0.018330548593706003,82,1
371,"(6,5)",,False,62,"[6, 3, 10, 5, 4]",13,0.241130182358252,203,285,7,0.018330548593706003,82,1
372,"(5,13)",,False,61,"[16, 5, 11, 8, 13]",13,0.24133017729508902,205,287,7,0.020669729880256,82,1
373,"(5,13)",,False,61,"[16, 5, 11, 8, 13]",13,0.24133017729508902,205,287,7,0.020669729880256,82,1
374,"(9,6)",,False,61,"[2, 12, 9, 7, 6]",13,0.256012716977629,207,289,7,0.020544416597048,82,1
375,"(9,6)",,False,61,"[2, 12, 9, 7, 6]",13,0.256012716977629,207,289,7,0.020544416597048,82,1
376,"(0,17)",,False,59,"[3, 1, 0, 17, 9]",12,0.227283486494012,209,291,7,0.040594541910331,82,1
377,"(0,17)",,False,59,"[3, 1, 0, 17, 9]",12,0.227283486494012,209,291,7,0.040594541910331,82,1
378,"(12,15)",,False,61,"[12, 9, 4, 15, 18]",13,0.23197345214889,211,293,7,0.038554720133667,82,1
379,"(12,15)",,False,61,"[12, 9, 4, 15, 18]",13,0.23197345214889,211,293,7,0.038554720133667,82,1
380,"(6,3)",,False,61,"[6, 12, 2, 4, 3]",13,0.224735449735449,213,295,7,0.038561681982734006,82,1
381,"(6,3)",,False,61,"[6, 12, 2, 4, 3]",13,0.224735449735449,213,295,7,0.038561681982734006,82,1
382,"(14,6)",,False,61,"[14, 6, 15, 11, 7]",13,0.20907698539277403,215,297,7,0.038821591014573005,82,1
383,"(14,6)",,False,61,"[14, 6, 15, 11, 7]",13,0.20907698539277403,215,297,7,0.038821591014573005,82,1
384,"(0,14)",,False,62,"[6, 9, 0, 14, 19]",14,0.22746681518611303,217,299,7,0.017703982177666,82,1
385,"(0,14)",,False,62,"[6, 9, 0, 14, 19]",14,0.22746681518611303,217,299,7,0.017703982177666,82,1
386,"(1,5)",,False,61,"[14, 12, 1, 6, 5]",14,0.237088090596862,219,301,8,0.036886196973916,82,1
387,"(1,5)",,False,61,"[14, 12, 1, 6, 5]",14,0.237088090596862,219,301,8,0.036886196973916,82,1
388,"(19,11)",,False,63,"[14, 15, 3, 19, 11]",15,0.24369024412884002,221,303,8,0.034205885083078,82,1
389,"(19,11)",,False,63,"[14, 15, 3, 19, 11]",15,0.24369024412884002,221,303,8,0.034205885083078,82,1
390,"(11,3)",,False,63,"[19, 11, 5, 9, 3]",15,0.25605047973469003,223,305,8,0.034871901977165005,82,1
391,"(11,3)",,False,63,"[19, 11, 5, 9, 3]",15,0.25605047973469003,223,305,8,0.034871901977165005,82,1
392,"(12,1)",,False,62,"[0, 14, 8, 12, 1]",15,0.252216821515067,225,307,9,0.054754942912837,82,1
393,"(12,1)",,False,62,"[0, 14, 8, 12, 1]",15,0.252216821515067,225,307,9,0.054754942912837,82,1
394,"(1,9)",,False,62,"[1, 17, 12, 16, 9]",15,0.26217859463473503,227,309,10,0.07741576162628701,82,1
395,"(1,9)",,False,62,"[1, 17, 12, 16, 9]",15,0.26217859463473503,227,309,10,0.07741576162628701,82,1
396,"(8,10)",,False,61,"[8, 15, 9, 10, 12]",15,0.27052125911775005,229,311,10,0.07917378268255401,82,1
397,"(8,10)",,False,61,"[8, 15, 9, 10, 12]",15,0.27052125911775005,229,311,10,0.07917378268255401,82,1
398,"(16,8)",,False,61,"[7, 12, 16, 8, 19]",15,0.26771415718784103,231,313,10,0.078713878713878,82,1
399,"(16,8)",,False,61,"[7, 12, 16, 8, 19]",15,0.26771415718784103,231,313,10,0.078713878713878,82,1
400,"(16,4)",,False,63,"[16, 4, 18, 13, 15]",16,0.29505565909074605,233,315,10,0.080013423873073,82,1
401,"(16,4)",,False,63,"[16, 4, 18, 13, 15]",16,0.29505565909074605,233,315,10,0.080013423873073,82,1
402,"(6,10)",,False,65,"[6, 18, 9, 10, 14]",16,0.26366948516071304,235,317,10,0.06176594685366601,82,1
403,"(6,10)",,False,65,"[6, 18, 9, 10, 14]",16,0.26366948516071304,235,317,10,0.06176594685366601,82,1
404,"(3,12)",,False,67,"[3, 14, 19, 16, 12]",17,0.272538880872214,237,319,10,0.055959764731694006,82,1
405,"(3,12)",,False,67,"[3, 14, 19, 16, 12]",17,0.272538880872214,237,319,10,0.055959764731694006,82,1
406,"(0,8)",,False,65,"[0, 19, 14, 8, 9]",16,0.256781895816983,239,321,9,0.04523851716834101,82,1
407,"(0,8)",,False,65,"[0, 19, 14, 8, 9]",16,0.256781895816983,239,321,9,0.04523851716834101,82,1
408,"(14,1)",,False,65,"[2, 14, 7, 12, 1]",16,0.270192737736597,241,323,10,0.078743576111997,82,1
409,"(14,1)",,False,65,"[2, 14, 7, 12, 1]",16,0.270192737736597,241,323,10,0.078743576111997,82,1
410,"(2,0)",,False,63,"[16, 19, 2, 3, 0]",15,0.250770444630093,243,325,9,0.05446718648473001,82,1
411,"(2,0)",,False,63,"[16, 19, 2, 3, 0]",15,0.250770444630093,243,325,9,0.05446718648473001,82,1
412,"(15,0)",,False,62,"[15, 8, 0, 7, 6]",14,0.18985248020335702,245,327,9,0.054319916600618,82,1
413,"(15,0)",,False,62,"[15, 8, 0, 7, 6]",14,0.18985248020335702,245,327,9,0.054319916600618,82,1
414,"(0,11)",,False,60,"[19, 3, 0, 14, 11]",13,0.18612430454535703,247,329,9,0.055058294531978004,82,1
415,"(0,11)",,False,60,"[19, 3, 0, 14, 11]",13,0.18612430454535703,247,329,9,0.055058294531978004,82,1
416,"(5,0)",,False,57,"[10, 9, 8, 5, 0]",12,0.167571707045391,249,331,9,0.078627123363965,82,1
417,"(5,0)",,False,57,"[10, 9, 8, 5, 0]",12,0.167571707045391,249,331,9,0.078627123363965,82,1
418,"(6,5)",,False,55,"[6, 11, 14, 8, 5]",12,0.179027113237639,251,333,9,0.11017189438242,82,1
419,"(6,5)",,False,55,"[6, 11, 14, 8, 5]",12,0.179027113237639,251,333,9,0.11017189438242,82,1
420,"(5,0)",,False,56,"[14, 12, 5, 19, 0]",13,0.20097465886939503,253,335,9,0.10344379467186401,82,1
421,"(5,0)",,False,56,"[14, 12, 5, 19, 0]",13,0.20097465886939503,253,335,9,0.10344379467186401,82,1
422,"(9,7)",,False,56,"[18, 9, 11, 7, 5]",13,0.19145844409002302,255,337,8,0.047262094630515006,82,1
423,"(9,7)",,False,56,"[18, 9, 11, 7, 5]",13,0.19145844409002302,255,337,8,0.047262094630515006,82,1
424,"(15,8)",,False,56,"[3, 15, 8, 7, 6]",13,0.189821776663881,257,339,7,0.029392926761347003,82,1
425,"(15,8)",,False,56,"[3, 15, 8, 7, 6]",13,0.189821776663881,257,339,7,0.029392926761347003,82,1
426,"(9,4)",,False,55,"[6, 14, 9, 4, 18]",13,0.18911926280347302,259,341,7,0.035814283182704,82,1
427,"(9,4)",,False,55,"[6, 14, 9, 4, 18]",13,0.18911926280347302,259,341,7,0.035814283182704,82,1
428,"(17,13)",,False,56,"[14, 17, 13, 16, 4]",14,0.225730994152046,261,343,7,0.026705653021442004,82,1
429,"(17,13)",,False,56,"[14, 17, 13, 16, 4]",14,0.225730994152046,261,343,7,0.026705653021442004,82,1
430,"(5,6)",,False,56,"[18, 5, 11, 6, 10]",14,0.226974844518704,263,345,7,0.029100529100529002,82,1
431,"(5,6)",,False,56,"[18, 5, 11, 6, 10]",14,0.226974844518704,263,345,7,0.029100529100529002,82,1
432,"(5,12)",,False,57,"[4, 18, 6, 5, 12]",15,0.266026176552492,265,347,7,0.025656734428664,82,1
433,"(5,12)",,False,57,"[4, 18, 6, 5, 12]",15,0.266026176552492,265,347,7,0.025656734428664,82,1
434,"(16,1)",,False,59,"[16, 3, 1, 18, 2]",16,0.30716374269005803,267,349,8,0.031603313840155,82,1
435,"(16,1)",,False,59,"[16, 3, 1, 18, 2]",16,0.30716374269005803,267,349,8,0.031603313840155,82,1
436,"(0,15)",,False,56,"[2, 0, 5, 8, 15]",15,0.28694706852601504,269,351,8,0.037834258009696003,82,1
437,"(0,15)",,False,56,"[2, 0, 5, 8, 15]",15,0.28694706852601504,269,351,8,0.037834258009696003,82,1
438,"(10,19)",,False,56,"[15, 10, 19, 17, 8]",15,0.28845029239766,271,353,7,0.023635477582846003,82,1
439,"(10,19)",,False,56,"[15, 10, 19, 17, 8]",15,0.28845029239766,271,353,7,0.023635477582846003,82,1
440,"(17,0)",,False,56,"[19, 3, 17, 1, 0]",14,0.24821080478975202,273,355,7,0.026907546644388002,82,1
441,"(17,0)",,False,56,"[19, 3, 17, 1, 0]",14,0.24821080478975202,273,355,7,0.026907546644388002,82,1
442,"(3,0)",,False,54,"[1, 12, 3, 0, 14]",13,0.22015455304928902,275,357,7,0.037489557226399,82,1
443,"(3,0)",,False,54,"[1, 12, 3, 0, 14]",13,0.22015455304928902,275,357,7,0.037489557226399,82,1
444,"(0,2)",,False,52,"[0, 4, 17, 8, 2]",12,0.20012847776005602,277,359,7,0.054230905546695005,82,1
445,"(0,2)",,False,52,"[0, 4, 17, 8, 2]",12,0.20012847776005602,277,359,7,0.054230905546695005,82,1
446,"(5,0)",,False,51,"[4, 13, 5, 11, 0]",11,0.16042188805346702,279,361,7,0.05081453634085201,82,1
447,"(5,0)",,False,51,"[4, 13, 5, 11, 0]",11,0.16042188805346702,279,361,7,0.05081453634085201,82,1
448,"(19,10)",,False,50,"[19, 5, 2, 10, 3]",11,0.18328460038986302,281,363,7,0.05151072124756301,82,1
449,"(19,10)",,False,50,"[19, 5, 2, 10, 3]",11,0.18328460038986302,281,363,7,0.05151072124756301,82,1
450,"(9,15)",,False,52,"[9, 17, 15, 3, 5]",11,0.17418546365914703,283,365,7,0.040123456790123004,82,1
451,"(9,15)",,False,52,"[9, 17, 15, 3, 5]",11,0.17418546365914703,283,365,7,0.040123456790123004,82,1
452,"(1,4)",,False,53,"[11, 1, 7, 3, 4]",11,0.164137194838949,285,367,8,0.066796621182586,82,1
453,"(1,4)",,False,53,"[11, 1, 7, 3, 4]",11,0.164137194838949,285,367,8,0.066796621182586,82,1
454,"(1,10)",,False,53,"[1, 10, 19, 4, 6]",11,0.152037501160308,287,369,9,0.097985705003248,82,1
455,"(1,10)",,False,53,"[1, 10, 19, 4, 6]",11,0.152037501160308,287,369,9,0.097985705003248,82,1
456,"(16,0)",,False,52,"[16, 15, 11, 0, 19]",10,0.12827523353839101,289,371,9,0.124861395914027,82,1
457,"(16,0)",,False,52,"[16, 15, 11, 0, 19]",10,0.12827523353839101,289,371,9,0.124861395914027,82,1
458,"(19,12)",,False,52,"[19, 18, 10, 12, 2]",10,0.148920280499227,291,373,8,0.08942811574390501,82,1
459,"(19,12)",,False,52,"[19, 18, 10, 12, 2]",10,0.148920280499227,291,373,8,0.08942811574390501,82,1
460,"(9,15)",,False,50,"[17, 9, 15, 18, 16]",10,0.151653122705754,293,375,8,0.079971393129287,82,1
461,"(9,15)",,False,50,"[17, 9, 15, 18, 16]",10,0.151653122705754,293,375,8,0.079971393129287,82,1
462,"(4,1)",,False,53,"[4, 10, 15, 11, 1]",10,0.13313080681501702,295,377,9,0.12601073390547002,82,1
463,"(4,1)",,False,53,"[4, 10, 15, 11, 1]",10,0.13313080681501702,295,377,9,0.12601073390547002,82,1
464,"(1,17)",,False,53,"[1, 8, 16, 2, 17]",10,0.135957317536264,295,378,10,0.17527277790435603,83,1
465,"(1,17)",,False,53,"[1, 8, 16, 2, 17]",10,0.135957317536264,295,378,10,0.17527277790435603,83,1
466,"(1,15)",,False,55,"[4, 11, 1, 10, 15]",10,0.12179143144055402,293,378,11,0.226358193463456,85,1
467,"(1,15)",,False,55,"[4, 11, 1, 10, 15]",10,0.12179143144055402,293,378,11,0.226358193463456,85,1
468,"(18,10)",,False,57,"[18, 10, 9, 15, 1]",10,0.11703416791136001,291,378,11,0.213026252499936,87,1
469,"(18,10)",,False,57,"[18, 10, 9, 15, 1]",10,0.11703416791136001,291,378,11,0.213026252499936,87,1
470,"(7,12)",,False,59,"[7, 12, 8, 6, 10]",10,0.095481759955444,289,378,11,0.18513645224171502,89,1
471,"(7,12)",,False,59,"[7, 12, 8, 6, 10]",10,0.095481759955444,289,378,11,0.18513645224171502,89,1
472,"(13,11)",,False,60,"[13, 2, 19, 11, 5]",11,0.12286165751078001,287,378,11,0.182949376809025,91,1
473,"(13,11)",,False,60,"[13, 2, 19, 11, 5]",11,0.12286165751078001,287,378,11,0.182949376809025,91,1
474,"(15,6)",,False,58,"[15, 7, 19, 6, 5]",11,0.131836535783904,285,378,11,0.22198319873758401,93,1
475,"(15,6)",,False,58,"[15, 7, 19, 6, 5]",11,0.131836535783904,285,378,11,0.22198319873758401,93,1
476,"(0,10)",,False,58,"[17, 5, 8, 0, 10]",10,0.111457304878357,283,378,11,0.22447153236626902,95,1
477,"(0,10)",,False,58,"[17, 5, 8, 0, 10]",10,0.111457304878357,283,378,11,0.22447153236626902,95,1
478,"(7,16)",,False,55,"[15, 10, 7, 8, 16]",10,0.125841328911504,281,378,9,0.21280178560880303,97,1
479,"(7,16)",,False,55,"[15, 10, 7, 8, 16]",10,0.125841328911504,281,378,9,0.21280178560880303,97,1
480,"(1,11)",,False,58,"[1, 4, 9, 19, 11]",12,0.17183214770934002,279,378,10,0.224143692564745,99,1
481,"(1,11)",,False,58,"[1, 4, 9, 19, 11]",12,0.17183214770934002,279,378,10,0.224143692564745,99,1
482,"(10,1)",,False,60,"[8, 18, 10, 1, 11]",13,0.21122165683569102,281,380,11,0.18670202442132203,99,1
483,"(10,1)",,False,60,"[8, 18, 10, 1, 11]",13,0.21122165683569102,281,380,11,0.18670202442132203,99,1
484,"(9,13)",,False,63,"[9, 5, 6, 2, 13]",15,0.24867328902416602,283,382,11,0.147511715055574,99,1
485,"(9,13)",,False,63,"[9, 5, 6, 2, 13]",15,0.24867328902416602,283,382,11,0.147511715055574,99,1
486,"(1,8)",,False,62,"[1, 10, 8, 6, 7]",15,0.263854696310836,285,384,12,0.171901522778715,99,1
487,"(1,8)",,False,62,"[1, 10, 8, 6, 7]",15,0.263854696310836,285,384,12,0.171901522778715,99,1
488,"(0,14)",,False,63,"[0, 8, 14, 11, 3]",14,0.21535301930038703,287,386,12,0.14974455369192202,99,1
489,"(0,14)",,False,63,"[0, 8, 14, 11, 3]",14,0.21535301930038703,287,386,12,0.14974455369192202,99,1
490,"(0,2)",,False,61,"[7, 1, 0, 2, 3]",13,0.19958988380041,289,388,12,0.165121769069137,99,1
491,"(0,2)",,False,61,"[7, 1, 0, 2, 3]",13,0.19958988380041,289,388,12,0.165121769069137,99,1
492,"(7,19)",,False,60,"[10, 15, 7, 19, 3]",13,0.220778977357924,291,390,10,0.114684146263093,99,1
493,"(7,19)",,False,60,"[10, 15, 7, 19, 3]",13,0.220778977357924,291,390,10,0.114684146263093,99,1
494,"(11,6)",,False,59,"[12, 11, 7, 14, 6]",13,0.23543813236795602,293,392,10,0.12371205792258401,99,1
495,"(11,6)",,False,59,"[12, 11, 7, 14, 6]",13,0.23543813236795602,293,392,10,0.12371205792258401,99,1
496,"(5,1)",,False,60,"[16, 5, 1, 8, 4]",13,0.219141399249758,295,394,11,0.137143102855177,99,1
497,"(5,1)",,False,60,"[16, 5, 1, 8, 4]",13,0.219141399249758,295,394,11,0.137143102855177,99,1
498,"(6,16)",,False,61,"[11, 8, 6, 14, 16]",13,0.21053391053391002,297,396,11,0.130762512341459,99,1
499,"(6,16)",,False,61,"[11, 8, 6, 14, 16]",13,0.21053391053391002,297,396,11,0.130762512341459,99,1
500,"(12,9)",,False,61,"[4, 10, 3, 12, 9]",13,0.211862990810359,299,398,11,0.129406850459482,99,1
501,"(12,9)",,False,61,"[4, 10, 3, 12, 9]",13,0.211862990810359,299,398,11,0.129406850459482,99,1
502,"(15,0)",,False,58,"[15, 1, 0, 13, 8]",12,0.195537454747981,301,400,11,0.193734335839598,99,1
503,"(15,0)",,False,58,"[15, 1, 0, 13, 8]",12,0.195537454747981,301,400,11,0.193734335839598,99,1
504,"(13,3)",,False,59,"[13, 3, 15, 11, 2]",12,0.188662945241892,303,402,11,0.188051779279849,99,1
505,"(13,3)",,False,59,"[13, 3, 15, 11, 2]",12,0.188662945241892,303,402,11,0.188051779279849,99,1
506,"(1,12)",,False,62,"[5, 1, 13, 12, 2]",12,0.16994949494949402,305,404,12,0.14269765322396902,99,1
507,"(1,12)",,False,62,"[5, 1, 13, 12, 2]",12,0.16994949494949402,305,404,12,0.14269765322396902,99,1
508,"(9,5)",,False,62,"[9, 5, 16, 19, 11]",12,0.159773997931892,307,406,11,0.10536214922179801,99,1
509,"(9,5)",,False,62,"[9, 5, 16, 19, 11]",12,0.159773997931892,307,406,11,0.10536214922179801,99,1
510,"(13,1)",,False,62,"[13, 12, 8, 3, 1]",12,0.166679081152765,309,408,11,0.097354951740916,99,1
511,"(13,1)",,False,62,"[13, 12, 8, 3, 1]",12,0.166679081152765,309,408,11,0.097354951740916,99,1
512,"(10,3)",,False,61,"[2, 10, 13, 16, 3]",12,0.17465315710929702,311,410,11,0.10433643679257701,99,1
513,"(10,3)",,False,61,"[2, 10, 13, 16, 3]",12,0.17465315710929702,311,410,11,0.10433643679257701,99,1
514,"(1,6)",,False,60,"[1, 8, 6, 2, 18]",12,0.20673745663425702,313,412,12,0.152333174985393,99,1
515,"(1,6)",,False,60,"[1, 8, 6, 2, 18]",12,0.20673745663425702,313,412,12,0.152333174985393,99,1
516,"(8,2)",,False,60,"[4, 8, 6, 2, 10]",12,0.201786510893838,315,414,12,0.15201846370577002,99,1
517,"(8,2)",,False,60,"[4, 8, 6, 2, 10]",12,0.201786510893838,315,414,12,0.15201846370577002,99,1
518,"(19,13)",,False,61,"[4, 2, 19, 17, 13]",12,0.19279216559918302,317,416,12,0.145588508307806,99,1
519,"(19,13)",,False,61,"[4, 2, 19, 17, 13]",12,0.19279216559918302,317,416,12,0.145588508307806,99,1
520,"(15,1)",,False,63,"[2, 15, 8, 1, 11]",12,0.17300194931773802,317,417,13,0.189501531606794,100,1
521,"(15,1)",,False,63,"[2, 15, 8, 1, 11]",12,0.17300194931773802,317,417,13,0.189501531606794,100,1
522,"(12,10)",,False,64,"[12, 4, 14, 2, 10]",12,0.171101364522417,317,418,13,0.17153996101364502,101,1
523,"(12,10)",,False,64,"[12, 4, 14, 2, 10]",12,0.171101364522417,317,418,13,0.17153996101364502,101,1
524,"(11,17)",,False,62,"[12, 14, 11, 17, 16]",12,0.21067998381017702,319,420,13,0.184548528315841,101,1
525,"(11,17)",,False,62,"[12, 14, 11, 17, 16]",12,0.21067998381017702,319,420,13,0.184548528315841,101,1
526,"(0,18)",,False,59,"[0, 18, 14, 15, 3]",11,0.197935097715799,321,422,11,0.142768334654299,101,1
527,"(0,18)",,False,59,"[0, 18, 14, 15, 3]",11,0.197935097715799,321,422,11,0.142768334654299,101,1
528,"(0,4)",,False,56,"[0, 2, 12, 18, 4]",10,0.17982456140350803,323,424,11,0.162322472848788,101,1
529,"(0,4)",,False,56,"[0, 2, 12, 18, 4]",10,0.17982456140350803,323,424,11,0.162322472848788,101,1
530,"(7,0)",,False,56,"[7, 3, 14, 16, 0]",9,0.16450081757099203,323,425,11,0.171821648137437,102,1
531,"(7,0)",,False,56,"[7, 3, 14, 16, 0]",9,0.16450081757099203,323,425,11,0.171821648137437,102,1
532,"(7,3)",,False,54,"[14, 7, 4, 3, 10]",9,0.182361417010539,325,427,10,0.15614098377256203,102,1
533,"(7,3)",,False,54,"[14, 7, 4, 3, 10]",9,0.182361417010539,325,427,10,0.15614098377256203,102,1
534,"(17,8)",,False,52,"[12, 4, 17, 8, 14]",9,0.202798663324979,327,429,9,0.148384851016429,102,1
535,"(17,8)",,False,52,"[12, 4, 17, 8, 14]",9,0.202798663324979,327,429,9,0.148384851016429,102,1
536,"(0,12)",,False,52,"[0, 12, 4, 14, 10]",8,0.186197395846518,329,431,9,0.138664421997755,102,1
537,"(0,12)",,False,52,"[0, 12, 4, 14, 10]",8,0.186197395846518,329,431,9,0.138664421997755,102,1
538,"(1,19)",,False,52,"[1, 19, 12, 6, 4]",8,0.127141928896314,329,432,9,0.145451591942819,103,1
539,"(1,19)",,False,52,"[1, 19, 12, 6, 4]",8,0.127141928896314,329,432,9,0.145451591942819,103,1
540,"(10,14)",,False,53,"[19, 15, 10, 12, 14]",9,0.167116866239673,331,434,8,0.11895015316067901,103,1
541,"(10,14)",,False,53,"[19, 15, 10, 12, 14]",9,0.167116866239673,331,434,8,0.11895015316067901,103,1
542,"(7,1)",,False,54,"[17, 7, 19, 1, 15]",9,0.168850366657384,333,436,9,0.12181843497632901,103,1
543,"(7,1)",,False,54,"[17, 7, 19, 1, 15]",9,0.168850366657384,333,436,9,0.12181843497632901,103,1
544,"(1,6)",,False,55,"[7, 1, 17, 6, 2]",9,0.151547851109254,335,438,10,0.138710201429499,103,1
545,"(1,6)",,False,55,"[7, 1, 17, 6, 2]",9,0.151547851109254,335,438,10,0.138710201429499,103,1
546,"(5,0)",,False,54,"[5, 11, 9, 10, 0]",8,0.13632228719948,335,439,10,0.155564838020978,104,1
547,"(5,0)",,False,54,"[5, 11, 9, 10, 0]",8,0.13632228719948,335,439,10,0.155564838020978,104,1
548,"(18,6)",,False,56,"[2, 18, 12, 10, 6]",9,0.149593892137751,335,440,10,0.14968207555926802,105,1
549,"(18,6)",,False,56,"[2, 18, 12, 10, 6]",9,0.149593892137751,335,440,10,0.14968207555926802,105,1
550,"(13,9)",,False,58,"[2, 10, 13, 17, 9]",9,0.11782161957600501,335,441,10,0.13517411763025702,106,1
551,"(13,9)",,False,58,"[2, 10, 13, 17, 9]",9,0.11782161957600501,335,441,10,0.13517411763025702,106,1
552,"(16,7)",,False,61,"[13, 16, 10, 12, 7]",9,0.09204260651629001,335,442,10,0.10075187969924801,107,1
553,"(16,7)",,False,61,"[13, 16, 10, 12, 7]",9,0.09204260651629001,335,442,10,0.10075187969924801,107,1
554,"(13,16)",,False,62,"[13, 15, 12, 3, 16]",9,0.10413462431006201,337,444,10,0.08936693585816301,107,1
555,"(13,16)",,False,62,"[13, 15, 12, 3, 16]",9,0.10413462431006201,337,444,10,0.08936693585816301,107,1
556,"(17,4)",,False,65,"[17, 16, 6, 4, 8]",9,0.081414005098215,339,446,10,0.073581389370863,107,1
557,"(17,4)",,False,65,"[17, 16, 6, 4, 8]",9,0.081414005098215,339,446,10,0.073581389370863,107,1
558,"(2,5)",,False,63,"[8, 14, 2, 5, 15]",9,0.08505273154395901,341,448,9,0.076115502431291,107,1
559,"(2,5)",,False,63,"[8, 14, 2, 5, 15]",9,0.08505273154395901,341,448,9,0.076115502431291,107,1
560,"(19,4)",,False,62,"[19, 10, 5, 4, 8]",9,0.084789252333111,343,450,7,0.03788644753557,107,1
561,"(19,4)",,False,62,"[19, 10, 5, 4, 8]",9,0.084789252333111,343,450,7,0.03788644753557,107,1
562,"(6,13)",,False,62,"[6, 10, 15, 4, 13]",9,0.092558675892009,345,452,7,0.038206692592657,107,1
563,"(6,13)",,False,62,"[6, 10, 15, 4, 13]",9,0.092558675892009,345,452,7,0.038206692592657,107,1
564,"(9,13)",,False,64,"[9, 13, 10, 15, 16]",9,0.077680311890838,347,454,7,0.031324523429786005,107,1
565,"(9,13)",,False,64,"[9, 13, 10, 15, 16]",9,0.077680311890838,347,454,7,0.031324523429786005,107,1
566,"(5,16)",,False,65,"[15, 9, 5, 16, 6]",9,0.072208298524088,349,456,7,0.020986940285185003,107,1
567,"(5,16)",,False,65,"[15, 9, 5, 16, 6]",9,0.072208298524088,349,456,7,0.020986940285185003,107,1
568,"(1,18)",,False,65,"[1, 15, 6, 18, 3]",9,0.069037598204264,351,458,8,0.05319591065205,107,1
569,"(1,18)",,False,65,"[1, 15, 6, 18, 3]",9,0.069037598204264,351,458,8,0.05319591065205,107,1
570,"(0,9)",,False,66,"[0, 9, 8, 17, 15]",8,0.058616870458975005,353,460,8,0.048718727666096,107,1
571,"(0,9)",,False,66,"[0, 9, 8, 17, 15]",8,0.058616870458975005,353,460,8,0.048718727666096,107,1
572,"(11,1)",,False,65,"[14, 11, 3, 5, 1]",8,0.053118908382066,353,461,8,0.069278966647387,108,1
573,"(11,1)",,False,65,"[14, 11, 3, 5, 1]",8,0.053118908382066,353,461,8,0.069278966647387,108,1
574,"(10,1)",,False,68,"[14, 10, 1, 0, 7]",8,0.048926804189962,353,462,9,0.062215075372970004,109,1
575,"(10,1)",,False,68,"[14, 10, 1, 0, 7]",8,0.048926804189962,353,462,9,0.062215075372970004,109,1
576,"(17,16)",,False,71,"[11, 17, 12, 6, 16]",8,0.040649309893240004,351,462,9,0.045417260471440006,111,1
577,"(17,16)",,False,71,"[11, 17, 12, 6, 16]",8,0.040649309893240004,351,462,9,0.045417260471440006,111,1
578,"(9,1)",,False,71,"[3, 12, 5, 9, 1]",8,0.040916863308368,349,462,10,0.060685699940085006,113,1
579,"(9,1)",,False,71,"[3, 12, 5, 9, 1]",8,0.040916863308368,349,462,10,0.060685699940085006,113,1
580,"(9,12)",,False,71,"[9, 2, 12, 14, 0]",8,0.040350877192982006,347,462,10,0.059256200264972005,115,1
581,"(9,12)",,False,71,"[9, 2, 12, 14, 0]",8,0.040350877192982006,347,462,10,0.059256200264972005,115,1
582,"(13,1)",,False,73,"[18, 13, 14, 12, 1]",8,0.033468106736804004,345,462,11,0.070541568567884,117,1
583,"(13,1)",,False,73,"[18, 13, 14, 12, 1]",8,0.033468106736804004,345,462,11,0.070541568567884,117,1
584,"(8,11)",,False,71,"[8, 2, 11, 16, 7]",8,0.038710590049463006,343,462,10,0.07047289942026701,119,1
585,"(8,11)",,False,71,"[8, 2, 11, 16, 7]",8,0.038710590049463006,343,462,10,0.07047289942026701,119,1
586,"(0,11)",,False,69,"[0, 15, 10, 5, 11]",7,0.029881894278179003,341,462,10,0.07883597883597801,121,1
587,"(0,11)",,False,69,"[0, 15, 10, 5, 11]",7,0.029881894278179003,341,462,10,0.07883597883597801,121,1
588,"(1,4)",,False,71,"[5, 1, 4, 8, 11]",7,0.029824561403508,339,462,11,0.09468578854543701,123,1
589,"(1,4)",,False,71,"[5, 1, 4, 8, 11]",7,0.029824561403508,339,462,11,0.09468578854543701,123,1
590,"(15,1)",,False,74,"[15, 1, 10, 8, 14]",7,0.029685324422166003,337,462,12,0.104789752158173,125,1
591,"(15,1)",,False,74,"[15, 1, 10, 8, 14]",7,0.029685324422166003,337,462,12,0.104789752158173,125,1
592,"(5,19)",,False,75,"[5, 19, 10, 3, 4]",9,0.049902534113060004,335,462,12,0.10615427457532702,127,1
593,"(5,19)",,False,75,"[5, 19, 10, 3, 4]",9,0.049902534113060004,335,462,12,0.10615427457532702,127,1
594,"(6,8)",,False,77,"[2, 5, 6, 8, 17]",9,0.045516569200779004,333,462,12,0.093191311612364,129,1
595,"(6,8)",,False,77,"[2, 5, 6, 8, 17]",9,0.045516569200779004,333,462,12,0.093191311612364,129,1
596,"(3,0)",,False,77,"[18, 3, 5, 4, 0]",8,0.036549707602339006,331,462,12,0.08982177666388101,131,1
597,"(3,0)",,False,77,"[18, 3, 5, 4, 0]",8,0.036549707602339006,331,462,12,0.08982177666388101,131,1
598,"(0,19)",,False,74,"[7, 0, 15, 5, 19]",7,0.029284068757752003,329,462,10,0.05988202830308,133,1
599,"(0,19)",,False,74,"[7, 0, 15, 5, 19]",7,0.029284068757752003,329,462,10,0.05988202830308,133,1
600,"(7,13)",,False,76,"[12, 7, 8, 18, 13]",8,0.036399078504341,327,462,10,0.0554960633908,135,1
601,"(7,13)",,False,76,"[12, 7, 8, 18, 13]",8,0.036399078504341,327,462,10,0.0554960633908,135,1
602,"(5,10)",,False,75,"[5, 10, 14, 11, 4]",8,0.040350877192982006,325,462,10,0.051735106998264,137,1
603,"(5,10)",,False,75,"[5, 10, 14, 11, 4]",8,0.040350877192982006,325,462,10,0.051735106998264,137,1
604,"(6,0)",,False,76,"[1, 2, 6, 19, 0]",9,0.04337231968810901,325,463,10,0.048518732729259,138,1
605,"(6,0)",,False,76,"[1, 2, 6, 19, 0]",9,0.04337231968810901,325,463,10,0.048518732729259,138,1
606,"(1,4)",,False,77,"[1, 8, 11, 18, 4]",9,0.04756335282651,325,464,11,0.068964076858813,139,1
607,"(1,4)",,False,77,"[1, 8, 11, 18, 4]",9,0.04756335282651,325,464,11,0.068964076858813,139,1
608,"(8,7)",,False,76,"[10, 16, 8, 17, 7]",9,0.049610136452241,327,466,9,0.045399824347192,139,1
609,"(8,7)",,False,76,"[10, 16, 8, 17, 7]",9,0.049610136452241,327,466,9,0.045399824347192,139,1
610,"(10,3)",,False,75,"[10, 3, 5, 11, 12]",9,0.053021442495126005,329,468,9,0.045808966861598,139,1
611,"(10,3)",,False,75,"[10, 3, 5, 11, 12]",9,0.053021442495126005,329,468,9,0.045808966861598,139,1
612,"(18,10)",,False,76,"[8, 15, 18, 10, 14]",9,0.053313840155945,331,470,9,0.043957115009746,139,1
613,"(18,10)",,False,76,"[8, 15, 18, 10, 14]",9,0.053313840155945,331,470,9,0.043957115009746,139,1
614,"(11,14)",,False,75,"[11, 14, 7, 12, 6]",9,0.060136452241715,333,472,9,0.036190622755719,139,1
615,"(11,14)",,False,75,"[11, 14, 7, 12, 6]",9,0.060136452241715,333,472,9,0.036190622755719,139,1
616,"(10,0)",,False,75,"[10, 4, 6, 0, 18]",9,0.057699805068226,335,474,9,0.035508361547142,139,1
617,"(10,0)",,False,75,"[10, 4, 6, 0, 18]",9,0.057699805068226,335,474,9,0.035508361547142,139,1
618,"(1,14)",,False,75,"[12, 1, 15, 4, 14]",9,0.05838206627680301,337,476,9,0.036724120242125,139,1
619,"(1,14)",,False,75,"[12, 1, 15, 4, 14]",9,0.05838206627680301,337,476,9,0.036724120242125,139,1
620,"(15,0)",,False,76,"[15, 0, 16, 17, 18]",10,0.06496101364522401,339,478,9,0.037803206847528005,139,1
621,"(15,0)",,False,76,"[15, 0, 16, 17, 18]",10,0.06496101364522401,339,478,9,0.037803206847528005,139,1
622,"(1,9)",,False,78,"[14, 1, 11, 9, 12]",11,0.07729044834307901,341,480,10,0.046059593428014,139,1
623,"(1,9)",,False,78,"[14, 1, 11, 9, 12]",11,0.07729044834307901,341,480,10,0.046059593428014,139,1
624,"(3,19)",,False,78,"[3, 13, 6, 11, 19]",11,0.076459423412332,343,482,9,0.033549370502279005,139,1
625,"(3,19)",,False,78,"[3, 13, 6, 11, 19]",11,0.076459423412332,343,482,9,0.033549370502279005,139,1
626,"(7,6)",,False,80,"[17, 7, 6, 4, 9]",12,0.09103313840155901,345,484,9,0.029987468671679004,139,1
627,"(7,6)",,False,80,"[17, 7, 6, 4, 9]",12,0.09103313840155901,345,484,9,0.029987468671679004,139,1
628,"(5,1)",,False,80,"[5, 6, 15, 1, 19]",12,0.095820433436532,347,486,10,0.043095401903451,139,1
629,"(5,1)",,False,80,"[5, 6, 15, 1, 19]",12,0.095820433436532,347,486,10,0.043095401903451,139,1
630,"(12,16)",,False,82,"[12, 14, 17, 9, 16]",12,0.092018507807981,349,488,10,0.038960113960113,139,1
631,"(12,16)",,False,82,"[12, 14, 17, 9, 16]",12,0.092018507807981,349,488,10,0.038960113960113,139,1
632,"(5,9)",,False,79,"[16, 5, 7, 4, 9]",12,0.104864011881555,351,490,10,0.047742040285899005,139,1
633,"(5,9)",,False,79,"[16, 5, 7, 4, 9]",12,0.104864011881555,351,490,10,0.047742040285899005,139,1
634,"(11,12)",,False,78,"[6, 11, 17, 19, 12]",12,0.10554627309013201,353,492,10,0.051738141650422,139,1
635,"(11,12)",,False,78,"[6, 11, 17, 19, 12]",12,0.10554627309013201,353,492,10,0.051738141650422,139,1
636,"(0,13)",,False,75,"[9, 14, 17, 0, 13]",11,0.085328917346461,355,494,10,0.054084138733261004,139,1
637,"(0,13)",,False,75,"[9, 14, 17, 0, 13]",11,0.085328917346461,355,494,10,0.054084138733261004,139,1
638,"(3,1)",,False,75,"[3, 1, 5, 15, 17]",11,0.088171672382198,357,496,11,0.069328121521103,139,1
639,"(3,1)",,False,75,"[3, 1, 5, 15, 17]",11,0.088171672382198,357,496,11,0.069328121521103,139,1
640,"(0,2)",,False,74,"[12, 0, 6, 2, 19]",10,0.07163496023145101,359,498,11,0.06375189138347001,139,1
641,"(0,2)",,False,74,"[12, 0, 6, 2, 19]",10,0.07163496023145101,359,498,11,0.06375189138347001,139,1
642,"(12,0)",,False,71,"[12, 17, 8, 0, 5]",9,0.057229969510671004,361,500,9,0.041907296731858,139,1
643,"(12,0)",,False,71,"[12, 17, 8, 0, 5]",9,0.057229969510671004,361,500,9,0.041907296731858,139,1
644,"(10,16)",,False,74,"[13, 11, 10, 8, 16]",9,0.05225382966611,363,502,9,0.038082077117164,139,1
645,"(10,16)",,False,74,"[13, 11, 10, 8, 16]",9,0.05225382966611,363,502,9,0.038082077117164,139,1
646,"(3,0)",,False,71,"[3, 13, 19, 0, 5]",8,0.033178273967747,363,503,9,0.048580415685678,140,1
647,"(3,0)",,False,71,"[3, 13, 19, 0, 5]",8,0.033178273967747,363,503,9,0.048580415685678,140,1
648,"(10,1)",,False,71,"[15, 18, 10, 0, 1]",8,0.029063610203961,363,504,9,0.040365222821363005,141,1
649,"(10,1)",,False,71,"[15, 18, 10, 0, 1]",8,0.029063610203961,363,504,9,0.040365222821363005,141,1
650,"(2,1)",,False,73,"[2, 1, 10, 11, 6]",8,0.027339181286549,361,504,10,0.067904447729009,143,1
651,"(2,1)",,False,73,"[2, 1, 10, 11, 6]",8,0.027339181286549,361,504,10,0.067904447729009,143,1
652,"(2,14)",,False,73,"[2, 6, 14, 8, 7]",8,0.028508771929824,359,504,9,0.036459203564466004,145,1
653,"(2,14)",,False,73,"[2, 6, 14, 8, 7]",8,0.028508771929824,359,504,9,0.036459203564466004,145,1
654,"(12,4)",,False,72,"[12, 17, 8, 9, 4]",8,0.039241151005856005,361,506,8,0.031704471616752,145,1
655,"(12,4)",,False,72,"[12, 17, 8, 9, 4]",8,0.039241151005856005,361,506,8,0.031704471616752,145,1
656,"(13,1)",,False,74,"[13, 5, 1, 9, 11]",8,0.03980913402998,361,507,9,0.054086102331716006,146,1
657,"(13,1)",,False,74,"[13, 5, 1, 9, 11]",8,0.03980913402998,361,507,9,0.054086102331716006,146,1
658,"(14,19)",,False,74,"[15, 2, 14, 8, 19]",8,0.03393063204276,359,507,8,0.04290805036419,148,1
659,"(14,19)",,False,74,"[15, 2, 14, 8, 19]",8,0.03393063204276,359,507,8,0.04290805036419,148,1
660,"(1,7)",,False,73,"[19, 1, 7, 5, 4]",8,0.04238626870205801,357,507,9,0.057750858628051,150,1
661,"(1,7)",,False,73,"[19, 1, 7, 5, 4]",8,0.04238626870205801,357,507,9,0.057750858628051,150,1
662,"(4,1)",,False,76,"[4, 6, 17, 1, 9]",10,0.08000683526999301,359,509,10,0.06427727568078401,150,1
663,"(4,1)",,False,76,"[4, 6, 17, 1, 9]",10,0.08000683526999301,359,509,10,0.06427727568078401,150,1
664,"(6,10)",,False,79,"[6, 10, 4, 7, 11]",10,0.07143869775448701,361,511,10,0.049178923740327,150,1
665,"(6,10)",,False,79,"[6, 10, 4, 7, 11]",10,0.07143869775448701,361,511,10,0.049178923740327,150,1
666,"(17,19)",,False,79,"[13, 17, 19, 14, 7]",10,0.07007417533733301,363,513,10,0.050501675063078004,150,1
667,"(17,19)",,False,79,"[13, 17, 19, 14, 7]",10,0.07007417533733301,363,513,10,0.050501675063078004,150,1
668,"(3,8)",,False,78,"[19, 3, 8, 13, 6]",10,0.069935254803675,365,515,10,0.051765182415337,150,1
669,"(3,8)",,False,78,"[19, 3, 8, 13, 6]",10,0.069935254803675,365,515,10,0.051765182415337,150,1
670,"(16,3)",,False,79,"[13, 16, 4, 3, 19]",10,0.06271993114098301,367,517,10,0.047470950102529004,150,1
671,"(16,3)",,False,79,"[13, 16, 4, 3, 19]",10,0.06271993114098301,367,517,10,0.047470950102529004,150,1
672,"(5,16)",,False,82,"[11, 12, 5, 16, 10]",12,0.082310574415837,369,519,10,0.041720462773094005,150,1
673,"(5,16)",,False,82,"[11, 12, 5, 16, 10]",12,0.082310574415837,369,519,10,0.041720462773094005,150,1
674,"(9,7)",,False,80,"[9, 12, 13, 10, 7]",12,0.092057163109794,371,521,10,0.04624566466671701,150,1
675,"(9,7)",,False,80,"[9, 12, 13, 10, 7]",12,0.092057163109794,371,521,10,0.04624566466671701,150,1
676,"(6,19)",,False,82,"[7, 13, 6, 19, 12]",12,0.086025744694475,373,523,10,0.043185057116945,150,1
677,"(6,19)",,False,82,"[7, 13, 6, 19, 12]",12,0.086025744694475,373,523,10,0.043185057116945,150,1
678,"(2,1)",,False,82,"[13, 10, 2, 1, 7]",12,0.08855472013366701,375,525,10,0.05165343915343901,150,1
679,"(2,1)",,False,82,"[13, 10, 2, 1, 7]",12,0.08855472013366701,375,525,10,0.05165343915343901,150,1
680,"(3,7)",,False,81,"[3, 7, 16, 5, 18]",12,0.09575648523016901,377,527,10,0.054384893858578004,150,1
681,"(3,7)",,False,81,"[3, 7, 16, 5, 18]",12,0.09575648523016901,377,527,10,0.054384893858578004,150,1
682,"(5,10)",,False,82,"[12, 17, 5, 10, 18]",12,0.091047062099693,379,529,10,0.050633528265107,150,1
683,"(5,10)",,False,82,"[12, 17, 5, 10, 18]",12,0.091047062099693,379,529,10,0.050633528265107,150,1
684,"(7,0)",,False,81,"[17, 7, 0, 10, 2]",11,0.07805518068675901,381,531,10,0.049926989839270006,150,1
685,"(7,0)",,False,81,"[17, 7, 0, 10, 2]",11,0.07805518068675901,381,531,10,0.049926989839270006,150,1
686,"(8,1)",,False,81,"[8, 16, 0, 1, 19]",11,0.07485380116959,383,533,10,0.048819228205193,150,1
687,"(8,1)",,False,81,"[8, 16, 0, 1, 19]",11,0.07485380116959,383,533,10,0.048819228205193,150,1
688,"(13,5)",,False,81,"[8, 17, 16, 13, 5]",11,0.076315789473684,385,535,10,0.048526830544374004,150,1
689,"(13,5)",,False,81,"[8, 17, 16, 13, 5]",11,0.076315789473684,385,535,10,0.048526830544374004,150,1
690,"(6,13)",,False,80,"[9, 6, 12, 17, 13]",11,0.08820662768031101,387,537,8,0.014139515455304001,150,1
691,"(6,13)",,False,80,"[9, 6, 12, 17, 13]",11,0.08820662768031101,387,537,8,0.014139515455304001,150,1
692,"(16,15)",,False,82,"[18, 16, 15, 19, 17]",12,0.090406571985519,389,539,8,0.013749651907546002,150,1
693,"(16,15)",,False,82,"[18, 16, 15, 19, 17]",12,0.090406571985519,389,539,8,0.013749651907546002,150,1
694,"(4,3)",,False,81,"[7, 17, 4, 12, 3]",12,0.09941393888762301,391,541,8,0.015457836510468002,150,1
695,"(4,3)",,False,81,"[7, 17, 4, 12, 3]",12,0.09941393888762301,391,541,8,0.015457836510468002,150,1
696,"(14,8)",,False,81,"[6, 14, 12, 8, 3]",12,0.09906711222500601,393,543,8,0.015538847117794002,150,1
697,"(14,8)",,False,81,"[6, 14, 12, 8, 3]",12,0.09906711222500601,393,543,8,0.015538847117794002,150,1
698,"(16,10)",,False,81,"[4, 5, 16, 10, 19]",12,0.111250348092453,395,545,8,0.016443887496519,150,1
699,"(16,10)",,False,81,"[4, 5, 16, 10, 19]",12,0.111250348092453,395,545,8,0.016443887496519,150,1
700,"(15,6)",,False,81,"[15, 19, 6, 16, 2]",12,0.08969646338067301,397,547,8,0.014675577833472002,150,1
701,"(15,6)",,False,81,"[15, 19, 6, 16, 2]",12,0.08969646338067301,397,547,8,0.014675577833472002,150,1
702,"(2,6)",,False,84,"[2, 19, 12, 8, 6]",14,0.111946532999164,399,549,8,0.013025619604566002,150,1
703,"(2,6)",,False,84,"[2, 19, 12, 8, 6]",14,0.111946532999164,399,549,8,0.013025619604566002,150,1
704,"(0,7)",,False,81,"[12, 0, 9, 7, 4]",13,0.09742411584516801,401,551,6,0.005945419103313,150,1
705,"(0,7)",,False,81,"[12, 0, 9, 7, 4]",13,0.09742411584516801,401,551,6,0.005945419103313,150,1
706,"(3,14)",,False,81,"[3, 14, 2, 9, 17]",13,0.09741715399610101,403,553,6,0.005750487329434,150,1
707,"(3,14)",,False,81,"[3, 14, 2, 9, 17]",13,0.09741715399610101,403,553,6,0.005750487329434,150,1
708,"(6,14)",,False,83,"[13, 5, 7, 6, 14]",14,0.11169400774663901,405,555,6,0.005416318574213001,150,1
709,"(6,14)",,False,83,"[13, 5, 7, 6, 14]",14,0.11169400774663901,405,555,6,0.005416318574213001,150,1
710,"(4,8)",,False,82,"[11, 14, 5, 4, 8]",14,0.108908601914142,407,557,6,0.006031892596989,150,1
711,"(4,8)",,False,82,"[11, 14, 5, 4, 8]",14,0.108908601914142,407,557,6,0.006031892596989,150,1
712,"(16,13)",,False,83,"[18, 2, 7, 16, 13]",15,0.133103592314118,409,559,6,0.004789752158173,150,1
713,"(16,13)",,False,83,"[18, 2, 7, 16, 13]",15,0.133103592314118,409,559,6,0.004789752158173,150,1
714,"(9,0)",,False,80,"[1, 4, 9, 6, 0]",14,0.108956418824839,411,561,6,0.0051796157059310005,150,1
715,"(9,0)",,False,80,"[1, 4, 9, 6, 0]",14,0.108956418824839,411,561,6,0.0051796157059310005,150,1
716,"(10,19)",,False,79,"[10, 19, 18, 5, 9]",14,0.12455096073517101,413,563,6,0.0051796157059310005,150,1
717,"(10,19)",,False,79,"[10, 19, 18, 5, 9]",14,0.12455096073517101,413,563,6,0.0051796157059310005,150,1
718,"(14,16)",,False,78,"[14, 10, 16, 4, 17]",14,0.12933950294631402,415,565,6,0.005075187969924001,150,1
719,"(14,16)",,False,78,"[14, 10, 16, 4, 17]",14,0.12933950294631402,415,565,6,0.005075187969924001,150,1
720,"(19,16)",,False,81,"[13, 19, 8, 16, 14]",16,0.14824092316352303,417,567,6,0.002680311890838,150,1
721,"(19,16)",,False,81,"[13, 19, 8, 16, 14]",16,0.14824092316352303,417,567,6,0.002680311890838,150,1
722,"(15,0)",,False,79,"[3, 15, 0, 8, 6]",15,0.12052880517792801,419,569,5,0.001949317738791,150,1
723,"(15,0)",,False,79,"[3, 15, 0, 8, 6]",15,0.12052880517792801,419,569,5,0.001949317738791,150,1
724,"(2,1)",,False,79,"[5, 7, 4, 2, 1]",15,0.128296913307233,421,571,6,0.006920077972709,150,1
725,"(2,1)",,False,79,"[5, 7, 4, 2, 1]",15,0.128296913307233,421,571,6,0.006920077972709,150,1
726,"(12,0)",,False,77,"[15, 12, 4, 19, 0]",14,0.090909885130731,423,573,6,0.008670033670033,150,1
727,"(12,0)",,False,77,"[15, 12, 4, 19, 0]",14,0.090909885130731,423,573,6,0.008670033670033,150,1
728,"(10,9)",,False,79,"[10, 5, 14, 16, 9]",15,0.0980696691223,425,575,6,0.008670033670033,150,1
729,"(10,9)",,False,79,"[10, 5, 14, 16, 9]",15,0.0980696691223,425,575,6,0.008670033670033,150,1
730,"(0,11)",,False,77,"[12, 10, 13, 0, 11]",14,0.09635192446826701,427,577,6,0.012566104255854001,150,1
731,"(0,11)",,False,77,"[12, 10, 13, 0, 11]",14,0.09635192446826701,427,577,6,0.012566104255854001,150,1
732,"(19,0)",,False,75,"[19, 7, 16, 13, 0]",13,0.086744572755653,429,579,6,0.012566104255854001,150,1
733,"(19,0)",,False,75,"[19, 7, 16, 13, 0]",13,0.086744572755653,429,579,6,0.012566104255854001,150,1
734,"(17,15)",,False,77,"[17, 15, 11, 8, 19]",14,0.10997394247625,431,581,6,0.012566104255854001,150,1
735,"(17,15)",,False,77,"[17, 15, 11, 8, 19]",14,0.10997394247625,431,581,6,0.012566104255854001,150,1
736,"(2,15)",,False,76,"[17, 12, 19, 2, 15]",14,0.11059544572933301,433,583,6,0.012187632824751,150,1
737,"(2,15)",,False,76,"[17, 12, 19, 2, 15]",14,0.11059544572933301,433,583,6,0.012187632824751,150,1
738,"(10,0)",,False,73,"[10, 13, 0, 11, 7]",13,0.10572470830861301,435,585,6,0.013870777991678001,150,1
739,"(10,0)",,False,73,"[10, 13, 0, 11, 7]",13,0.10572470830861301,435,585,6,0.013870777991678001,150,1
740,"(5,2)",,False,72,"[5, 18, 9, 19, 2]",13,0.11136414754835801,437,587,6,0.014514294996751002,150,1
741,"(5,2)",,False,72,"[5, 18, 9, 19, 2]",13,0.11136414754835801,437,587,6,0.014514294996751002,150,1
742,"(8,3)",,False,72,"[14, 8, 15, 3, 5]",13,0.10620234598562701,439,589,6,0.014197530864197,150,1
743,"(8,3)",,False,72,"[14, 8, 15, 3, 5]",13,0.10620234598562701,439,589,6,0.014197530864197,150,1
744,"(1,12)",,False,72,"[6, 1, 14, 12, 16]",13,0.118167354661162,441,591,7,0.034096816114359,150,1
745,"(1,12)",,False,72,"[6, 1, 14, 12, 16]",13,0.118167354661162,441,591,7,0.034096816114359,150,1
746,"(0,16)",,False,70,"[0, 11, 7, 13, 16]",12,0.10587961915193,443,593,7,0.037383111563126,150,1
747,"(0,16)",,False,70,"[0, 11, 7, 13, 16]",12,0.10587961915193,443,593,7,0.037383111563126,150,1
748,"(6,3)",,False,71,"[6, 8, 3, 12, 7]",12,0.102990738955651,445,595,7,0.027865247163492004,150,1
749,"(6,3)",,False,71,"[6, 8, 3, 12, 7]",12,0.102990738955651,445,595,7,0.027865247163492004,150,1
750,"(1,7)",,False,71,"[19, 1, 7, 13, 10]",12,0.10696451968281401,447,597,8,0.05062050684114901,150,1
751,"(1,7)",,False,71,"[19, 1, 7, 13, 10]",12,0.10696451968281401,447,597,8,0.05062050684114901,150,1
752,"(0,5)",,False,70,"[1, 0, 19, 7, 5]",11,0.09342905689654901,449,599,8,0.044871388215041004,150,1
753,"(0,5)",,False,70,"[1, 0, 19, 7, 5]",11,0.09342905689654901,449,599,8,0.044871388215041004,150,1
754,"(2,0)",,False,68,"[10, 2, 9, 0, 1]",10,0.077366979043965,451,601,7,0.033149533072133,150,1
755,"(2,0)",,False,68,"[10, 2, 9, 0, 1]",10,0.077366979043965,451,601,7,0.033149533072133,150,1
756,"(14,13)",,False,70,"[4, 2, 14, 17, 13]",11,0.088192703982177,453,603,7,0.02907268170426,150,1
757,"(14,13)",,False,70,"[4, 2, 14, 17, 13]",11,0.088192703982177,453,603,7,0.02907268170426,150,1
758,"(4,5)",,False,69,"[4, 14, 17, 6, 5]",11,0.08948653685495701,455,605,7,0.028562568036252,150,1
759,"(4,5)",,False,69,"[4, 14, 17, 6, 5]",11,0.08948653685495701,455,605,7,0.028562568036252,150,1
760,"(3,15)",,False,69,"[3, 15, 18, 9, 11]",11,0.07784712850502301,457,607,6,0.022333611807296,150,1
761,"(3,15)",,False,69,"[3, 15, 18, 9, 11]",11,0.07784712850502301,457,607,6,0.022333611807296,150,1
762,"(12,13)",,False,68,"[12, 8, 16, 13, 9]",11,0.077521503837293,459,609,6,0.019510898458266,150,1
763,"(12,13)",,False,68,"[12, 8, 16, 13, 9]",11,0.077521503837293,459,609,6,0.019510898458266,150,1
764,"(3,1)",,False,67,"[13, 3, 19, 1, 18]",11,0.070559654770181,461,611,7,0.036148451937925,150,1
765,"(3,1)",,False,67,"[13, 3, 19, 1, 18]",11,0.070559654770181,461,611,7,0.036148451937925,150,1
766,"(8,0)",,False,65,"[5, 1, 8, 3, 0]",10,0.056159337738285006,463,613,6,0.032500443026758,150,1
767,"(8,0)",,False,65,"[5, 1, 8, 3, 0]",10,0.056159337738285006,463,613,6,0.032500443026758,150,1
768,"(4,15)",,False,65,"[4, 13, 16, 15, 10]",10,0.050687324371534004,465,615,5,0.021832358674463002,150,1
769,"(4,15)",,False,65,"[4, 13, 16, 15, 10]",10,0.050687324371534004,465,615,5,0.021832358674463002,150,1
770,"(17,3)",,False,65,"[17, 2, 3, 11, 13]",10,0.048376135579437006,467,617,5,0.019688109161793,150,1
771,"(17,3)",,False,65,"[17, 2, 3, 11, 13]",10,0.048376135579437006,467,617,5,0.019688109161793,150,1
772,"(5,7)",,False,67,"[5, 10, 7, 16, 0]",11,0.065553337844359,469,619,5,0.01798245614035,150,1
773,"(5,7)",,False,67,"[5, 10, 7, 16, 0]",11,0.065553337844359,469,619,5,0.01798245614035,150,1
774,"(14,8)",,False,69,"[14, 19, 8, 4, 15]",12,0.08091713354871201,471,621,5,0.017495126705653,150,1
775,"(14,8)",,False,69,"[14, 19, 8, 4, 15]",12,0.08091713354871201,471,621,5,0.017495126705653,150,1
776,"(8,11)",,False,71,"[8, 5, 11, 9, 12]",12,0.07281818246730501,473,623,5,0.008502738327299001,150,1
777,"(8,11)",,False,71,"[8, 5, 11, 9, 12]",12,0.07281818246730501,473,623,5,0.008502738327299001,150,1
778,"(19,3)",,False,71,"[19, 6, 9, 3, 17]",12,0.08530881074740701,475,625,5,0.009282465422816001,150,1
779,"(19,3)",,False,71,"[19, 6, 9, 3, 17]",12,0.08530881074740701,475,625,5,0.009282465422816001,150,1
780,"(1,6)",,False,74,"[3, 1, 13, 6, 19]",14,0.10985797827903,477,627,6,0.011849067112225001,150,1
781,"(1,6)",,False,74,"[3, 1, 13, 6, 19]",14,0.10985797827903,477,627,6,0.011849067112225001,150,1
782,"(0,15)",,False,72,"[17, 8, 0, 15, 7]",13,0.089780005569479,479,629,6,0.013116123642439002,150,1
783,"(0,15)",,False,72,"[17, 8, 0, 15, 7]",13,0.089780005569479,479,629,6,0.013116123642439002,150,1
784,"(8,16)",,False,72,"[15, 8, 16, 17, 14]",13,0.10284364758048901,481,631,5,0.005367585630743001,150,1
785,"(8,16)",,False,72,"[15, 8, 16, 17, 14]",13,0.10284364758048901,481,631,5,0.005367585630743001,150,1
786,"(2,0)",,False,70,"[2, 10, 3, 17, 0]",12,0.07374185268922101,483,633,5,0.006439710387078,150,1
787,"(2,0)",,False,70,"[2, 10, 3, 17, 0]",12,0.07374185268922101,483,633,5,0.006439710387078,150,1
788,"(2,13)",,False,72,"[12, 2, 19, 13, 3]",13,0.08939478325443201,485,635,5,0.005367585630743001,150,1
789,"(2,13)",,False,72,"[12, 2, 19, 13, 3]",13,0.08939478325443201,485,635,5,0.005367585630743001,150,1
790,"(14,11)",,False,72,"[17, 9, 10, 14, 11]",13,0.08965005105355901,487,637,5,0.005416318574213001,150,1
791,"(14,11)",,False,72,"[17, 9, 10, 14, 11]",13,0.08965005105355901,487,637,5,0.005416318574213001,150,1
792,"(8,7)",,False,72,"[8, 19, 9, 7, 4]",13,0.09177430756378101,489,639,5,0.004246727930938,150,1
793,"(8,7)",,False,72,"[8, 19, 9, 7, 4]",13,0.09177430756378101,489,639,5,0.004246727930938,150,1
794,"(3,11)",,False,72,"[3, 5, 14, 9, 11]",13,0.092279309384572,491,641,4,0.004246727930938,150,1
795,"(3,11)",,False,72,"[3, 5, 14, 9, 11]",13,0.092279309384572,491,641,4,0.004246727930938,150,1
796,"(6,11)",,False,72,"[17, 6, 5, 2, 11]",13,0.10480367585630701,493,643,3,0.001587301587301,150,1
797,"(6,11)",,False,72,"[17, 6, 5, 2, 11]",13,0.10480367585630701,493,643,3,0.001587301587301,150,1
798,"(5,17)",,False,75,"[6, 5, 17, 16, 2]",15,0.142314118629908,495,645,3,0.001587301587301,150,1
799,"(5,17)",,False,75,"[6, 5, 17, 16, 2]",15,0.142314118629908,495,645,3,0.001587301587301,150,1
