,actionDetail,actionType,bonusActivated,graphEdgeCount,nodeList,p1Degree,p1Score,p1WinAdvantage,p1WinCount,p2Degree,p2Score,p2WinCount,player
0,"(9,16)",,False,2,"[9, 16, 3, 8, 15]",0,-0.001,0,0,0,-0.001,0,1
1,"(9,16)",,False,2,"[9, 16, 3, 8, 15]",0,-0.001,0,0,0,-0.001,0,1
2,"(6,5)",,False,4,"[6, 5, 16, 7, 4]",0,-0.001,0,0,0,-0.001,0,1
3,"(6,5)",,False,4,"[6, 5, 16, 7, 4]",0,-0.001,0,0,0,-0.001,0,1
4,"(17,18)",,False,6,"[17, 18, 15, 5, 0]",0,-0.001,0,0,0,-0.001,0,1
5,"(17,18)",,False,6,"[17, 18, 15, 5, 0]",0,-0.001,0,0,0,-0.001,0,1
6,"(10,1)",,False,8,"[10, 5, 2, 14, 1]",0,-0.001,-1,0,1,0.0,1,1
7,"(10,1)",,False,8,"[10, 5, 2, 14, 1]",0,-0.001,-1,0,1,0.0,1,1
8,"(1,5)",,False,10,"[13, 1, 5, 12, 6]",0,-0.001,-3,0,2,0.023391812865497002,3,1
9,"(1,5)",,False,10,"[13, 1, 5, 12, 6]",0,-0.001,-3,0,2,0.023391812865497002,3,1
10,"(5,19)",,False,12,"[5, 19, 4, 3, 9]",1,0.0,-5,0,2,0.046783625730994004,5,1
11,"(5,19)",,False,12,"[5, 19, 4, 3, 9]",1,0.0,-5,0,2,0.046783625730994004,5,1
12,"(1,12)",,False,12,"[16, 1, 8, 3, 12]",1,0.0,-7,0,3,0.140350877192982,7,1
13,"(1,12)",,False,12,"[16, 1, 8, 3, 12]",1,0.0,-7,0,3,0.140350877192982,7,1
14,"(12,7)",,False,14,"[16, 12, 7, 17, 15]",1,0.0,-9,0,3,0.157894736842105,9,1
15,"(12,7)",,False,14,"[16, 12, 7, 17, 15]",1,0.0,-9,0,3,0.157894736842105,9,1
16,"(8,4)",,False,16,"[8, 0, 4, 14, 15]",1,0.0,-11,0,3,0.070175438596491,11,1
17,"(8,4)",,False,16,"[8, 0, 4, 14, 15]",1,0.0,-11,0,3,0.070175438596491,11,1
18,"(15,10)",,False,18,"[15, 7, 10, 19, 5]",1,0.0,-13,0,3,0.087719298245614,13,1
19,"(15,10)",,False,18,"[15, 7, 10, 19, 5]",1,0.0,-13,0,3,0.087719298245614,13,1
20,"(4,1)",,False,20,"[4, 1, 19, 15, 5]",1,0.0,-15,0,4,0.114035087719298,15,1
21,"(4,1)",,False,20,"[4, 1, 19, 15, 5]",1,0.0,-15,0,4,0.114035087719298,15,1
22,"(8,16)",,False,22,"[8, 16, 7, 15, 19]",1,0.0,-17,0,4,0.029239766081871003,17,1
23,"(8,16)",,False,22,"[8, 16, 7, 15, 19]",1,0.0,-17,0,4,0.029239766081871003,17,1
24,"(16,18)",,False,24,"[16, 19, 18, 13, 15]",1,0.0,-19,0,4,0.029824561403508,19,1
25,"(16,18)",,False,24,"[16, 19, 18, 13, 15]",1,0.0,-19,0,4,0.029824561403508,19,1
26,"(5,6)",,False,22,"[5, 6, 0, 13, 10]",1,0.0,-21,0,3,0.006822612085769001,21,1
27,"(5,6)",,False,22,"[5, 6, 0, 13, 10]",1,0.0,-21,0,3,0.006822612085769001,21,1
28,"(1,17)",,False,24,"[9, 8, 1, 17, 14]",1,0.0,-23,0,4,0.142300194931773,23,1
29,"(1,17)",,False,24,"[9, 8, 1, 17, 14]",1,0.0,-23,0,4,0.142300194931773,23,1
30,"(18,16)",,False,24,"[8, 5, 18, 13, 16]",1,0.0,-25,0,4,0.232943469785575,25,1
31,"(18,16)",,False,24,"[8, 5, 18, 13, 16]",1,0.0,-25,0,4,0.232943469785575,25,1
32,"(2,14)",,False,26,"[18, 0, 2, 7, 14]",1,0.0,-27,0,4,0.146881091617933,27,1
33,"(2,14)",,False,26,"[18, 0, 2, 7, 14]",1,0.0,-27,0,4,0.146881091617933,27,1
34,"(17,3)",,False,26,"[7, 19, 10, 17, 3]",1,0.0,-29,0,4,0.09230019493177301,29,1
35,"(17,3)",,False,26,"[7, 19, 10, 17, 3]",1,0.0,-29,0,4,0.09230019493177301,29,1
36,"(13,5)",,False,26,"[13, 5, 16, 14, 8]",1,0.0,-31,0,4,0.08674463937621801,31,1
37,"(13,5)",,False,26,"[13, 5, 16, 14, 8]",1,0.0,-31,0,4,0.08674463937621801,31,1
38,"(11,1)",,False,26,"[16, 4, 11, 3, 1]",1,0.0,-33,0,4,0.11695906432748501,33,1
39,"(11,1)",,False,26,"[16, 4, 11, 3, 1]",1,0.0,-33,0,4,0.11695906432748501,33,1
40,"(11,17)",,False,28,"[14, 8, 2, 11, 17]",1,0.0,-35,0,4,0.06842105263157801,35,1
41,"(11,17)",,False,28,"[14, 8, 2, 11, 17]",1,0.0,-35,0,4,0.06842105263157801,35,1
42,5:8,assassinate,True,23,"[14, 17, 5, 13, 6]",1,0.0,-37,0,3,0.055555555555555004,37,1
43,5:8,assassinate,True,23,"[14, 17, 5, 13, 6]",1,0.0,-37,0,3,0.055555555555555004,37,1
44,"(3,13)",,False,25,"[0, 11, 3, 13, 14]",1,0.0,-39,0,3,0.035087719298245,39,1
45,"(3,13)",,False,25,"[0, 11, 3, 13, 14]",1,0.0,-39,0,3,0.035087719298245,39,1
46,"(14,2)",,False,25,"[14, 2, 13, 19, 6]",1,0.0,-41,0,3,0.015594541910331002,41,1
47,"(14,2)",,False,25,"[14, 2, 13, 19, 6]",1,0.0,-41,0,3,0.015594541910331002,41,1
48,"(5,18)",,False,27,"[15, 7, 5, 19, 18]",1,0.0,-43,0,3,0.017543859649122,43,1
49,"(5,18)",,False,27,"[15, 7, 5, 19, 18]",1,0.0,-43,0,3,0.017543859649122,43,1
50,"(12,2)",,False,27,"[17, 12, 11, 16, 2]",1,0.0,-45,0,2,0.020467836257309,45,1
51,"(12,2)",,False,27,"[17, 12, 11, 16, 2]",1,0.0,-45,0,2,0.020467836257309,45,1
52,"(14,1)",,False,27,"[14, 18, 2, 1, 9]",1,0.0,-46,0,2,0.105263157894736,46,1
53,"(14,1)",,False,27,"[14, 18, 2, 1, 9]",1,0.0,-46,0,2,0.105263157894736,46,1
54,"(17,16)",,False,27,"[17, 16, 15, 19, 9]",1,0.0,-46,0,1,0.0,46,1
55,"(17,16)",,False,27,"[17, 16, 15, 19, 9]",1,0.0,-46,0,1,0.0,46,1
56,"(17,6)",,False,29,"[17, 6, 0, 9, 4]",1,0.0,-46,0,1,0.0,46,1
57,"(17,6)",,False,29,"[17, 6, 0, 9, 4]",1,0.0,-46,0,1,0.0,46,1
58,"(12,5)",,False,31,"[4, 7, 12, 6, 5]",2,0.022417153996101002,-44,2,1,0.0,46,1
59,"(12,5)",,False,31,"[4, 7, 12, 6, 5]",2,0.022417153996101002,-44,2,1,0.0,46,1
60,"(2,13)",,False,33,"[11, 2, 13, 19, 12]",2,0.010289612921191,-42,4,1,0.0,46,1
61,"(2,13)",,False,33,"[11, 2, 13, 19, 12]",2,0.010289612921191,-42,4,1,0.0,46,1
62,"(17,12)",,False,35,"[8, 10, 17, 12, 0]",3,0.20795043163464202,-40,6,2,0.105263157894736,46,1
63,"(17,12)",,False,35,"[8, 10, 17, 12, 0]",3,0.20795043163464202,-40,6,2,0.105263157894736,46,1
64,"(17,1)",,False,35,"[5, 17, 1, 15, 18]",3,0.06559454191033101,-40,7,3,0.11715399610136401,47,1
65,"(17,1)",,False,35,"[5, 17, 1, 15, 18]",3,0.06559454191033101,-40,7,3,0.11715399610136401,47,1
66,"(1,2)",,False,35,"[1, 8, 19, 2, 13]",3,0.034795321637426005,-42,7,4,0.12719298245614,49,1
67,"(1,2)",,False,35,"[1, 8, 19, 2, 13]",3,0.034795321637426005,-42,7,4,0.12719298245614,49,1
68,"(17,4)",,False,37,"[17, 4, 9, 8, 14]",3,0.020711500974658,-44,7,4,0.060672514619883,51,1
69,"(17,4)",,False,37,"[17, 4, 9, 8, 14]",3,0.020711500974658,-44,7,4,0.060672514619883,51,1
70,"(7,17)",,False,39,"[11, 4, 7, 13, 17]",3,0.019980506822612,-46,7,4,0.055458089668615006,53,1
71,"(7,17)",,False,39,"[11, 4, 7, 13, 17]",3,0.019980506822612,-46,7,4,0.055458089668615006,53,1
72,"(1,4)",,False,41,"[16, 11, 14, 1, 4]",3,0.015009746588693001,-48,7,5,0.079922027290448,55,1
73,"(1,4)",,False,41,"[16, 11, 14, 1, 4]",3,0.015009746588693001,-48,7,5,0.079922027290448,55,1
74,"(14,9)",,False,41,"[14, 5, 15, 16, 9]",3,0.01569200779727,-50,7,5,0.08840155945419101,57,1
75,"(14,9)",,False,41,"[14, 5, 15, 16, 9]",3,0.01569200779727,-50,7,5,0.08840155945419101,57,1
76,"(5,4)",,False,43,"[7, 13, 5, 4, 19]",3,0.012935115566694001,-52,7,5,0.065329991645781,59,1
77,"(5,4)",,False,43,"[7, 13, 5, 4, 19]",3,0.012935115566694001,-52,7,5,0.065329991645781,59,1
78,"(16,4)",,False,43,"[15, 13, 16, 4, 5]",3,0.02557783347257,-54,7,4,0.046964633806739,61,1
79,"(16,4)",,False,43,"[15, 13, 16, 4, 5]",3,0.02557783347257,-54,7,4,0.046964633806739,61,1
80,"(19,17)",,False,43,"[19, 3, 13, 17, 10]",3,0.02297410192147,-56,7,3,0.032080200501253,63,1
81,"(19,17)",,False,43,"[19, 3, 13, 17, 10]",3,0.02297410192147,-56,7,3,0.032080200501253,63,1
82,"(7,17)",,False,43,"[7, 16, 3, 15, 17]",3,0.023113338902812003,-58,7,3,0.029448621553884002,65,1
83,"(7,17)",,False,43,"[7, 16, 3, 15, 17]",3,0.023113338902812003,-58,7,3,0.029448621553884002,65,1
84,"(1,9)",,False,45,"[1, 9, 18, 11, 15]",3,0.01569200779727,-58,8,4,0.030945419103313002,66,1
85,"(1,9)",,False,45,"[1, 9, 18, 11, 15]",3,0.01569200779727,-58,8,4,0.030945419103313002,66,1
86,"(5,3)",,False,45,"[5, 0, 16, 3, 8]",3,0.017446393762183002,-60,8,3,0.023635477582846003,68,1
87,"(5,3)",,False,45,"[5, 0, 16, 3, 8]",3,0.017446393762183002,-60,8,3,0.023635477582846003,68,1
88,"(4,3)",,False,47,"[0, 6, 4, 15, 3]",4,0.029093567251461002,-58,10,3,0.015090968161143001,68,1
89,"(4,3)",,False,47,"[0, 6, 4, 15, 3]",4,0.029093567251461002,-58,10,3,0.015090968161143001,68,1
90,"(2,4)",,False,49,"[2, 4, 15, 19, 6]",5,0.035345307713728,-56,12,3,0.011164907217538001,68,1
91,"(2,4)",,False,49,"[2, 4, 15, 19, 6]",5,0.035345307713728,-56,12,3,0.011164907217538001,68,1
92,"(9,13)",,False,49,"[9, 6, 13, 3, 11]",5,0.038271604938271,-54,14,3,0.010159658405272,68,1
93,"(9,13)",,False,49,"[9, 6, 13, 3, 11]",5,0.038271604938271,-54,14,3,0.010159658405272,68,1
94,"(7,14)",,False,49,"[7, 0, 14, 12, 4]",5,0.06596584052724401,-52,16,2,0.0031838856400250005,68,1
95,"(7,14)",,False,49,"[7, 0, 14, 12, 4]",5,0.06596584052724401,-52,16,2,0.0031838856400250005,68,1
96,"(1,4)",,False,51,"[15, 1, 4, 16, 12]",6,0.059728023763111,-50,18,3,0.009948904247149,68,1
97,"(1,4)",,False,51,"[15, 1, 4, 16, 12]",6,0.059728023763111,-50,18,3,0.009948904247149,68,1
98,"(5,6)",,False,51,"[16, 5, 10, 6, 9]",6,0.07344286642532201,-48,20,2,0.003118908382066,68,1
99,"(5,6)",,False,51,"[16, 5, 10, 6, 9]",6,0.07344286642532201,-48,20,2,0.003118908382066,68,1
100,"(14,5)",,False,51,"[12, 14, 8, 10, 5]",6,0.08339809962616901,-46,22,2,0.0030125819599500004,68,1
101,"(14,5)",,False,51,"[12, 14, 8, 10, 5]",6,0.08339809962616901,-46,22,2,0.0030125819599500004,68,1
102,"(2,5)",,False,51,"[11, 19, 2, 7, 5]",6,0.12288823911630901,-44,24,1,0.0,68,1
103,"(2,5)",,False,51,"[11, 19, 2, 7, 5]",6,0.12288823911630901,-44,24,1,0.0,68,1
104,"(0,2)",,False,49,"[0, 11, 2, 10, 19]",5,0.11375661375661301,-42,26,1,0.0,68,1
105,"(0,2)",,False,49,"[0, 11, 2, 10, 19]",5,0.11375661375661301,-42,26,1,0.0,68,1
106,"(1,17)",,False,49,"[2, 1, 9, 17, 18]",5,0.052548036758563,-40,28,2,0.0027847396268440004,68,1
107,"(1,17)",,False,49,"[2, 1, 9, 17, 18]",5,0.052548036758563,-40,28,2,0.0027847396268440004,68,1
108,"(2,11)",,False,49,"[3, 7, 2, 11, 6]",5,0.052269562795878,-38,30,2,0.002680311890838,68,1
109,"(2,11)",,False,49,"[3, 7, 2, 11, 6]",5,0.052269562795878,-38,30,2,0.002680311890838,68,1
110,"(17,3)",,False,51,"[17, 11, 10, 3, 12]",6,0.07560568086883801,-36,32,2,0.002599090318388,68,1
111,"(17,3)",,False,51,"[17, 11, 10, 3, 12]",6,0.07560568086883801,-36,32,2,0.002599090318388,68,1
112,"(16,5)",,False,53,"[6, 19, 16, 5, 3]",6,0.06642300194931701,-34,34,2,0.001949317738791,68,1
113,"(16,5)",,False,53,"[6, 19, 16, 5, 3]",6,0.06642300194931701,-34,34,2,0.001949317738791,68,1
114,1:4,assassinate,True,50,"[18, 15, 16, 5, 1]",5,0.028898635477582,-32,36,0,-0.001,68,1
115,1:4,assassinate,True,50,"[18, 15, 16, 5, 1]",5,0.028898635477582,-32,36,0,-0.001,68,1
116,"(13,5)",,False,50,"[7, 10, 13, 5, 12]",5,0.0197925368978,-30,38,0,-0.001,68,1
117,"(13,5)",,False,50,"[7, 10, 13, 5, 12]",5,0.0197925368978,-30,38,0,-0.001,68,1
118,"(9,15)",,False,52,"[9, 15, 10, 14, 3]",6,0.039587394411955,-28,40,0,-0.001,68,1
119,"(9,15)",,False,52,"[9, 15, 10, 14, 3]",6,0.039587394411955,-28,40,0,-0.001,68,1
120,"(6,13)",,False,52,"[3, 4, 6, 13, 10]",6,0.035679476468950005,-26,42,0,-0.001,68,1
121,"(6,13)",,False,52,"[3, 4, 6, 13, 10]",6,0.035679476468950005,-26,42,0,-0.001,68,1
122,"(4,13)",,False,52,"[4, 13, 19, 17, 12]",6,0.035735171261487,-24,44,0,-0.001,68,1
123,"(4,13)",,False,52,"[4, 13, 19, 17, 12]",6,0.035735171261487,-24,44,0,-0.001,68,1
124,"(0,6)",,False,50,"[11, 10, 0, 12, 6]",5,0.028021442495126003,-22,46,0,-0.001,68,1
125,"(0,6)",,False,50,"[11, 10, 0, 12, 6]",5,0.028021442495126003,-22,46,0,-0.001,68,1
126,"(16,13)",,False,52,"[17, 19, 16, 10, 13]",5,0.034307992202729,-20,48,1,0.0,68,1
127,"(16,13)",,False,52,"[17, 19, 16, 10, 13]",5,0.034307992202729,-20,48,1,0.0,68,1
128,"(10,6)",,False,52,"[10, 8, 6, 7, 12]",5,0.04954051796157,-18,50,1,0.0,68,1
129,"(10,6)",,False,52,"[10, 8, 6, 7, 12]",5,0.04954051796157,-18,50,1,0.0,68,1
130,"(18,7)",,False,54,"[18, 10, 19, 12, 7]",6,0.046686159844054005,-16,52,1,0.0,68,1
131,"(18,7)",,False,54,"[18, 10, 19, 12, 7]",6,0.046686159844054005,-16,52,1,0.0,68,1
132,"(0,13)",,False,52,"[14, 0, 6, 13, 12]",5,0.031384015594541,-14,54,1,0.0,68,1
133,"(0,13)",,False,52,"[14, 0, 6, 13, 12]",5,0.031384015594541,-14,54,1,0.0,68,1
134,"(0,18)",,False,52,"[0, 19, 18, 12, 7]",4,0.013027940220922001,-12,56,1,0.0,68,1
135,"(0,18)",,False,52,"[0, 19, 18, 12, 7]",4,0.013027940220922001,-12,56,1,0.0,68,1
136,"(6,15)",,False,52,"[6, 11, 3, 15, 2]",4,0.015497076023391001,-10,58,1,0.0,68,1
137,"(6,15)",,False,52,"[6, 11, 3, 15, 2]",4,0.015497076023391001,-10,58,1,0.0,68,1
138,"(1,10)",,False,52,"[1, 4, 10, 15, 11]",4,0.014367357788410001,-8,60,2,0.006379585326953,68,1
139,"(1,10)",,False,52,"[1, 4, 10, 15, 11]",4,0.014367357788410001,-8,60,2,0.006379585326953,68,1
140,"(0,5)",,False,52,"[0, 4, 5, 6, 16]",4,0.016771094402673003,-6,62,2,0.006432748538011001,68,1
141,"(0,5)",,False,52,"[0, 4, 5, 6, 16]",4,0.016771094402673003,-6,62,2,0.006432748538011001,68,1
142,"(4,2)",,False,52,"[4, 2, 14, 11, 17]",4,0.016332919841691003,-4,64,2,0.006497725795971,68,1
143,"(4,2)",,False,52,"[4, 2, 14, 11, 17]",4,0.016332919841691003,-4,64,2,0.006497725795971,68,1
144,"(15,9)",,False,52,"[14, 15, 9, 4, 18]",4,0.010227589174957,-2,66,2,0.006683375104427,68,1
145,"(15,9)",,False,52,"[14, 15, 9, 4, 18]",4,0.010227589174957,-2,66,2,0.006683375104427,68,1
146,"(2,1)",,False,54,"[2, 15, 0, 1, 7]",4,0.010078858763069002,-2,67,3,0.016276803118908,69,1
147,"(2,1)",,False,54,"[2, 15, 0, 1, 7]",4,0.010078858763069002,-2,67,3,0.016276803118908,69,1
148,"(8,1)",,False,54,"[0, 6, 8, 19, 1]",4,0.012436394015341001,-4,67,4,0.033402951824004004,71,1
149,"(8,1)",,False,54,"[0, 6, 8, 19, 1]",4,0.012436394015341001,-4,67,4,0.033402951824004004,71,1
150,"(3,13)",,False,54,"[3, 13, 10, 11, 5]",4,0.010628422909124,-6,67,4,0.024598533370463003,73,1
151,"(3,13)",,False,54,"[3, 13, 10, 11, 5]",4,0.010628422909124,-6,67,4,0.024598533370463003,73,1
152,"(0,16)",,False,54,"[2, 19, 0, 16, 9]",3,0.005465051517683,-8,67,4,0.02422723475355,75,1
153,"(0,16)",,False,54,"[2, 19, 0, 16, 9]",3,0.005465051517683,-8,67,4,0.02422723475355,75,1
154,"(17,12)",,False,54,"[17, 12, 13, 8, 14]",3,0.0045484080571790006,-10,67,4,0.018762183235867,77,1
155,"(17,12)",,False,54,"[17, 12, 13, 8, 14]",3,0.0045484080571790006,-10,67,4,0.018762183235867,77,1
156,"(0,7)",,False,54,"[14, 0, 7, 16, 15]",2,0.0,-12,67,4,0.014083820662768,79,1
157,"(0,7)",,False,54,"[14, 0, 7, 16, 15]",2,0.0,-12,67,4,0.014083820662768,79,1
158,"(15,8)",,True,54,"[15, 8, 17, 16, 7]",2,0.0,-14,67,3,0.0014619883040930001,81,1
159,"(15,8)",,True,54,"[15, 8, 17, 16, 7]",2,0.0,-14,67,3,0.0014619883040930001,81,1
160,"(13,12)",,False,56,"[13, 12, 16, 5, 0]",3,0.010233918128654,-12,69,3,0.0014619883040930001,81,1
161,"(13,12)",,False,56,"[13, 12, 16, 5, 0]",3,0.010233918128654,-12,69,3,0.0014619883040930001,81,1
162,"(9,0)",,False,56,"[13, 9, 0, 12, 18]",2,0.0036549707602330003,-10,71,3,0.0,81,1
163,"(9,0)",,False,56,"[13, 9, 0, 12, 18]",2,0.0036549707602330003,-10,71,3,0.0,81,1
164,15:12,assassinate,True,49,"[2, 9, 12, 4, 15]",1,0.0,-9,72,3,0.0,81,1
165,15:12,assassinate,True,49,"[2, 9, 12, 4, 15]",1,0.0,-9,72,3,0.0,81,1
166,"(8,6)",,False,49,"[8, 6, 13, 4, 19]",1,0.0,-9,72,3,0.0,81,1
167,"(8,6)",,False,49,"[8, 6, 13, 4, 19]",1,0.0,-9,72,3,0.0,81,1
168,"(0,1)",,False,51,"[17, 0, 10, 1, 16]",2,0.007992202729044,-10,72,4,0.04766081871345,82,1
169,"(0,1)",,False,51,"[17, 0, 10, 1, 16]",2,0.007992202729044,-10,72,4,0.04766081871345,82,1
170,"(1,12)",,False,53,"[1, 16, 12, 6, 13]",3,0.013912095052445,-12,72,5,0.041339459760512,84,1
171,"(1,12)",,False,53,"[1, 16, 12, 6, 13]",3,0.013912095052445,-12,72,5,0.041339459760512,84,1
172,"(9,5)",,False,55,"[9, 5, 2, 10, 7]",3,0.009953334514738,-14,72,5,0.040350877192982006,86,1
173,"(9,5)",,False,55,"[9, 5, 2, 10, 7]",3,0.009953334514738,-14,72,5,0.040350877192982006,86,1
174,"(1,15)",,False,57,"[7, 18, 4, 1, 15]",3,0.012584913462106,-16,72,6,0.066666666666666,88,1
175,"(1,15)",,False,57,"[7, 18, 4, 1, 15]",3,0.012584913462106,-16,72,6,0.066666666666666,88,1
176,"(8,9)",,False,59,"[6, 8, 9, 13, 19]",4,0.031330852383483,-18,72,6,0.06798245614035,90,1
177,"(8,9)",,False,59,"[6, 8, 9, 13, 19]",4,0.031330852383483,-18,72,6,0.06798245614035,90,1
178,"(1,17)",,False,61,"[15, 1, 17, 14, 12]",4,0.032381166591692004,-20,72,7,0.08018818413555201,92,1
179,"(1,17)",,False,61,"[15, 1, 17, 14, 12]",4,0.032381166591692004,-20,72,7,0.08018818413555201,92,1
180,8:12,assassinate,True,56,"[4, 8, 14, 10, 9]",4,0.01701011788731,-22,72,7,0.061904761904761005,94,1
181,8:12,assassinate,True,56,"[4, 8, 14, 10, 9]",4,0.01701011788731,-22,72,7,0.061904761904761005,94,1
182,"(0,9)",,False,54,"[5, 7, 0, 12, 9]",3,0.005847953216374001,-24,72,7,0.06414900888585001,96,1
183,"(0,9)",,False,54,"[5, 7, 0, 12, 9]",3,0.005847953216374001,-24,72,7,0.06414900888585001,96,1
184,"(8,17)",,False,56,"[5, 16, 14, 8, 17]",3,0.005847953216374001,-26,72,7,0.07062606009974401,98,1
185,"(8,17)",,False,56,"[5, 16, 14, 8, 17]",3,0.005847953216374001,-26,72,7,0.07062606009974401,98,1
186,"(13,10)",,False,56,"[13, 10, 14, 3, 16]",4,0.018641689694321003,-28,72,7,0.070025491078122,100,1
187,"(13,10)",,False,56,"[13, 10, 14, 3, 16]",4,0.018641689694321003,-28,72,7,0.070025491078122,100,1
188,"(18,0)",,False,54,"[11, 18, 15, 8, 0]",3,0.01058201058201,-30,72,6,0.056042884990253006,102,1
189,"(18,0)",,False,54,"[11, 18, 15, 8, 0]",3,0.01058201058201,-30,72,6,0.056042884990253006,102,1
190,"(11,9)",,False,54,"[3, 4, 11, 9, 18]",3,0.005708716235032001,-32,72,5,0.046574770258980006,104,1
191,"(11,9)",,False,54,"[3, 4, 11, 9, 18]",3,0.005708716235032001,-32,72,5,0.046574770258980006,104,1
192,"(1,8)",,False,56,"[18, 1, 7, 8, 10]",3,0.0046296296296290005,-34,72,6,0.061389585073795,106,1
193,"(1,8)",,False,56,"[18, 1, 7, 8, 10]",3,0.0046296296296290005,-34,72,6,0.061389585073795,106,1
194,"(3,8)",,False,56,"[10, 3, 8, 0, 5]",3,0.006578947368421,-36,72,5,0.039912280701754003,108,1
195,"(3,8)",,False,56,"[10, 3, 8, 0, 5]",3,0.006578947368421,-36,72,5,0.039912280701754003,108,1
196,"(6,1)",,False,56,"[2, 11, 4, 6, 1]",3,0.008528265107212,-38,72,5,0.054970760233918003,110,1
197,"(6,1)",,False,56,"[2, 11, 4, 6, 1]",3,0.008528265107212,-38,72,5,0.054970760233918003,110,1
198,"(0,14)",,False,56,"[17, 0, 14, 3, 18]",3,0.008528265107212,-40,72,5,0.054970760233918003,112,1
199,"(0,14)",,False,56,"[17, 0, 14, 3, 18]",3,0.008528265107212,-40,72,5,0.054970760233918003,112,1
200,"(11,1)",,False,58,"[17, 11, 14, 2, 1]",3,0.0014619883040930001,-42,72,6,0.06197944355839,114,1
201,"(11,1)",,False,58,"[17, 11, 14, 2, 1]",3,0.0014619883040930001,-42,72,6,0.06197944355839,114,1
202,5:22,assassinate,True,48,"[0, 2, 13, 5, 17]",3,0.0014619883040930001,-44,72,6,0.07251461988304,116,1
203,5:22,assassinate,True,48,"[0, 2, 13, 5, 17]",3,0.0014619883040930001,-44,72,6,0.07251461988304,116,1
204,"(11,0)",,False,48,"[12, 11, 4, 10, 0]",2,0.0014619883040930001,-46,72,6,0.079323308270676,118,1
205,"(11,0)",,False,48,"[12, 11, 4, 10, 0]",2,0.0014619883040930001,-46,72,6,0.079323308270676,118,1
206,"(11,15)",,False,48,"[10, 11, 12, 15, 14]",3,0.004385964912280001,-48,72,6,0.074046226677805,120,1
207,"(11,15)",,False,48,"[10, 11, 12, 15, 14]",3,0.004385964912280001,-48,72,6,0.074046226677805,120,1
208,"(4,3)",,False,48,"[18, 4, 12, 3, 16]",3,0.004385964912280001,-50,72,6,0.054622667780562004,122,1
209,"(4,3)",,False,48,"[18, 4, 12, 3, 16]",3,0.004385964912280001,-50,72,6,0.054622667780562004,122,1
210,"(5,2)",,False,50,"[5, 12, 0, 2, 17]",3,0.0034113060428840004,-52,72,6,0.04797410192147,124,1
211,"(5,2)",,False,50,"[5, 12, 0, 2, 17]",3,0.0034113060428840004,-52,72,6,0.04797410192147,124,1
212,"(1,16)",,False,52,"[0, 1, 18, 16, 2]",4,0.011695906432748001,-54,72,7,0.062102014294996004,126,1
213,"(1,16)",,False,52,"[0, 1, 18, 16, 2]",4,0.011695906432748001,-54,72,7,0.062102014294996004,126,1
214,"(2,19)",,False,50,"[9, 12, 2, 3, 19]",4,0.015594541910331002,-56,72,7,0.06356400259909001,128,1
215,"(2,19)",,False,50,"[9, 12, 2, 3, 19]",4,0.015594541910331002,-56,72,7,0.06356400259909001,128,1
216,13:10,assassinate,True,44,"[19, 8, 16, 13, 0]",4,0.017495126705653,-58,72,6,0.045528172282558003,130,1
217,13:10,assassinate,True,44,"[19, 8, 16, 13, 0]",4,0.017495126705653,-58,72,6,0.045528172282558003,130,1
218,"(7,14)",,False,44,"[2, 16, 8, 7, 14]",4,0.017495126705653,-60,72,6,0.039257866889445006,132,1
219,"(7,14)",,False,44,"[2, 16, 8, 7, 14]",4,0.017495126705653,-60,72,6,0.039257866889445006,132,1
220,"(15,19)",,False,46,"[15, 19, 3, 10, 14]",4,0.015070293579065001,-62,72,6,0.032901909656295004,134,1
221,"(15,19)",,False,46,"[15, 19, 3, 10, 14]",4,0.015070293579065001,-62,72,6,0.032901909656295004,134,1
222,"(19,4)",,False,48,"[3, 7, 19, 4, 18]",4,0.018038572863134,-64,72,6,0.034213268862391004,136,1
223,"(19,4)",,False,48,"[3, 7, 19, 4, 18]",4,0.018038572863134,-64,72,6,0.034213268862391004,136,1
224,"(1,8)",,False,50,"[19, 1, 15, 11, 8]",4,0.016244314489928,-66,72,7,0.0498375568551,138,1
225,"(1,8)",,False,50,"[19, 1, 15, 11, 8]",4,0.016244314489928,-66,72,7,0.0498375568551,138,1
226,"(2,4)",,False,50,"[2, 7, 4, 14, 16]",5,0.039733593242365,-68,72,7,0.051202079272254,140,1
227,"(2,4)",,False,50,"[2, 7, 4, 14, 16]",5,0.039733593242365,-68,72,7,0.051202079272254,140,1
228,"(6,18)",,False,50,"[6, 18, 8, 3, 7]",6,0.066796621182586,-66,74,7,0.064341409078251,140,1
229,"(6,18)",,False,50,"[6, 18, 8, 3, 7]",6,0.066796621182586,-66,74,7,0.064341409078251,140,1
230,3:10,assassinate,True,44,"[10, 3, 12, 19, 6]",5,0.047465886939571,-66,75,7,0.07350320245057,141,1
231,3:10,assassinate,True,44,"[10, 3, 12, 19, 6]",5,0.047465886939571,-66,75,7,0.07350320245057,141,1
232,9:14,assassinate,True,36,"[11, 1, 18, 13, 9]",4,0.031920077972709,-66,76,6,0.07402534113060401,142,1
233,9:14,assassinate,True,36,"[11, 1, 18, 13, 9]",4,0.031920077972709,-66,76,6,0.07402534113060401,142,1
234,"(3,1)",,False,38,"[11, 3, 1, 7, 10]",4,0.037199480181936,-68,76,7,0.16396082799591502,144,1
235,"(3,1)",,False,38,"[11, 3, 1, 7, 10]",4,0.037199480181936,-68,76,7,0.16396082799591502,144,1
236,"(8,5)",,False,38,"[6, 16, 8, 5, 3]",4,0.034275503573749005,-70,76,6,0.098658683746403,146,1
237,"(8,5)",,False,38,"[6, 16, 8, 5, 3]",4,0.034275503573749005,-70,76,6,0.098658683746403,146,1
238,"(5,3)",,False,40,"[15, 5, 3, 4, 16]",4,0.037134502923976,-72,76,6,0.12257031467557701,148,1
239,"(5,3)",,False,40,"[15, 5, 3, 4, 16]",4,0.037134502923976,-72,76,6,0.12257031467557701,148,1
240,"(0,13)",,False,38,"[0, 7, 17, 13, 19]",3,0.008382066276803001,-74,76,6,0.10112781954887201,150,1
241,"(0,13)",,False,38,"[0, 7, 17, 13, 19]",3,0.008382066276803001,-74,76,6,0.10112781954887201,150,1
242,"(1,15)",,False,40,"[12, 19, 1, 14, 15]",3,0.006544138123085,-76,76,7,0.11882483987747101,152,1
243,"(1,15)",,False,40,"[12, 19, 1, 14, 15]",3,0.006544138123085,-76,76,7,0.11882483987747101,152,1
244,"(1,10)",,False,42,"[6, 1, 10, 8, 16]",3,0.0014619883040930001,-78,76,8,0.10648844333054801,154,1
245,"(1,10)",,False,42,"[6, 1, 10, 8, 16]",3,0.0014619883040930001,-78,76,8,0.10648844333054801,154,1
246,"(0,10)",,True,42,"[0, 16, 10, 14, 19]",3,0.09941520467836201,-80,76,8,0.16740462266778,156,1
247,"(0,10)",,True,42,"[0, 16, 10, 14, 19]",3,0.09941520467836201,-80,76,8,0.16740462266778,156,1
248,"(17,11)",,False,40,"[17, 5, 11, 3, 10]",3,0.09941520467836201,-82,76,7,0.14785575048732902,158,1
249,"(17,11)",,False,40,"[17, 5, 11, 3, 10]",3,0.09941520467836201,-82,76,7,0.14785575048732902,158,1
250,"(8,2)",,False,40,"[17, 12, 10, 8, 2]",4,0.20467836257309902,-82,77,7,0.206335282651072,159,1
251,"(8,2)",,False,40,"[17, 12, 10, 8, 2]",4,0.20467836257309902,-82,77,7,0.206335282651072,159,1
252,"(0,13)",,False,40,"[0, 13, 7, 11, 17]",4,0.101364522417153,-82,78,7,0.141423001949317,160,1
253,"(0,13)",,False,40,"[0, 13, 7, 11, 17]",4,0.101364522417153,-82,78,7,0.141423001949317,160,1
254,"(5,13)",,False,40,"[19, 5, 6, 2, 13]",4,0.10721247563352801,-84,78,6,0.138304093567251,162,1
255,"(5,13)",,False,40,"[19, 5, 6, 2, 13]",4,0.10721247563352801,-84,78,6,0.138304093567251,162,1
256,"(15,9)",,False,40,"[8, 3, 11, 15, 9]",4,0.038986354775828,-86,78,5,0.11081871345029201,164,1
257,"(15,9)",,False,40,"[8, 3, 11, 15, 9]",4,0.038986354775828,-86,78,5,0.11081871345029201,164,1
258,"(19,11)",,False,40,"[17, 2, 18, 19, 11]",4,0.029239766081871003,-84,80,4,0.016569200779727,164,1
259,"(19,11)",,False,40,"[17, 2, 18, 19, 11]",4,0.029239766081871003,-84,80,4,0.016569200779727,164,1
260,"(1,3)",,False,40,"[15, 1, 11, 19, 3]",4,0.10721247563352801,-82,82,5,0.102631578947368,164,1
261,"(1,3)",,False,40,"[15, 1, 11, 19, 3]",4,0.10721247563352801,-82,82,5,0.102631578947368,164,1
262,"(8,3)",,False,42,"[8, 3, 15, 16, 6]",4,0.10721247563352801,-82,83,5,0.11325536062378101,165,1
263,"(8,3)",,False,42,"[8, 3, 15, 16, 6]",4,0.10721247563352801,-82,83,5,0.11325536062378101,165,1
264,9:2,assassinate,True,42,"[3, 14, 17, 9, 6]",3,0.001949317738791,-82,84,5,0.06340852130325801,166,1
265,9:2,assassinate,True,42,"[3, 14, 17, 9, 6]",3,0.001949317738791,-82,84,5,0.06340852130325801,166,1
266,"(1,18)",,False,44,"[19, 10, 1, 18, 14]",3,0.001949317738791,-84,84,6,0.10097465886939501,168,1
267,"(1,18)",,False,44,"[19, 10, 1, 18, 14]",3,0.001949317738791,-84,84,6,0.10097465886939501,168,1
268,"(5,13)",,False,44,"[11, 14, 0, 5, 13]",3,0.001949317738791,-86,84,6,0.098732943469785,170,1
269,"(5,13)",,False,44,"[11, 14, 0, 5, 13]",3,0.001949317738791,-86,84,6,0.098732943469785,170,1
270,"(10,17)",,False,42,"[10, 0, 3, 14, 17]",2,0.001949317738791,-88,84,5,0.072417153996101,172,1
271,"(10,17)",,False,42,"[10, 0, 3, 14, 17]",2,0.001949317738791,-88,84,5,0.072417153996101,172,1
272,"(9,13)",,False,42,"[7, 9, 8, 13, 12]",2,0.001949317738791,-90,84,4,0.06442495126705601,174,1
273,"(9,13)",,False,42,"[7, 9, 8, 13, 12]",2,0.001949317738791,-90,84,4,0.06442495126705601,174,1
274,"(3,4)",,False,40,"[6, 3, 4, 2, 10]",2,0.001949317738791,-92,84,3,0.063756613756613,176,1
275,"(3,4)",,False,40,"[6, 3, 4, 2, 10]",2,0.001949317738791,-92,84,3,0.063756613756613,176,1
276,"(4,1)",,False,42,"[4, 8, 1, 6, 15]",3,0.013645224171539001,-94,84,4,0.080806182121971,178,1
277,"(4,1)",,False,42,"[4, 8, 1, 6, 15]",3,0.013645224171539001,-94,84,4,0.080806182121971,178,1
278,"(11,10)",,False,44,"[17, 11, 10, 15, 5]",3,0.013227513227513001,-96,84,4,0.027972709551656,180,1
279,"(11,10)",,False,44,"[17, 11, 10, 15, 5]",3,0.013227513227513001,-96,84,4,0.027972709551656,180,1
280,"(14,2)",,False,44,"[19, 0, 14, 2, 8]",3,0.012740183792815002,-98,84,4,0.018978000556947,182,1
281,"(14,2)",,False,44,"[19, 0, 14, 2, 8]",3,0.012740183792815002,-98,84,4,0.018978000556947,182,1
282,"(4,3)",,False,44,"[15, 18, 4, 9, 3]",3,0.019562795878585,-98,85,4,0.061821219715956006,183,1
283,"(4,3)",,False,44,"[15, 18, 4, 9, 3]",3,0.019562795878585,-98,85,4,0.061821219715956006,183,1
284,"(9,19)",,True,46,"[14, 16, 8, 9, 19]",4,0.035728209412419006,-98,86,4,0.06240601503759301,184,1
285,"(9,19)",,True,46,"[14, 16, 8, 9, 19]",4,0.035728209412419006,-98,86,4,0.06240601503759301,184,1
286,"(7,9)",,False,46,"[17, 7, 9, 10, 2]",4,0.038652186020607,-100,86,4,0.059482038429406005,186,1
287,"(7,9)",,False,46,"[17, 7, 9, 10, 2]",4,0.038652186020607,-100,86,4,0.059482038429406005,186,1
288,"(0,6)",,True,44,"[7, 0, 19, 6, 1]",3,0.012914230019493001,-102,86,4,0.068337510442773,188,1
289,"(0,6)",,True,44,"[7, 0, 19, 6, 1]",3,0.012914230019493001,-102,86,4,0.068337510442773,188,1
290,"(11,1)",,False,46,"[11, 0, 6, 1, 19]",3,0.013645224171539001,-104,86,5,0.06598440545808901,190,1
291,"(11,1)",,False,46,"[11, 0, 6, 1, 19]",3,0.013645224171539001,-104,86,5,0.06598440545808901,190,1
292,"(1,18)",,False,48,"[1, 18, 4, 11, 2]",3,0.011335496861812,-106,86,6,0.091560096823254,192,1
293,"(1,18)",,False,48,"[1, 18, 4, 11, 2]",3,0.011335496861812,-106,86,6,0.091560096823254,192,1
294,"(1,9)",,False,50,"[16, 12, 1, 13, 9]",3,0.00824160073386,-108,86,7,0.136231050988532,194,1
295,"(1,9)",,False,50,"[16, 12, 1, 13, 9]",3,0.00824160073386,-108,86,7,0.136231050988532,194,1
296,13:6,assassinate,True,48,"[9, 4, 6, 2, 13]",3,0.004789752158173,-110,86,7,0.12304836164485201,196,1
297,13:6,assassinate,True,48,"[9, 4, 6, 2, 13]",3,0.004789752158173,-110,86,7,0.12304836164485201,196,1
298,"(14,1)",,False,50,"[0, 14, 12, 1, 10]",3,0.003606237816764,-112,86,8,0.13849733762014402,198,1
299,"(14,1)",,False,50,"[0, 14, 12, 1, 10]",3,0.003606237816764,-112,86,8,0.13849733762014402,198,1
300,"(1,16)",,False,52,"[18, 8, 1, 16, 4]",3,0.002875243664717,-114,86,9,0.12995772908053602,200,1
301,"(1,16)",,False,52,"[18, 8, 1, 16, 4]",3,0.002875243664717,-114,86,9,0.12995772908053602,200,1
302,"(8,9)",,False,52,"[5, 17, 11, 8, 9]",3,0.003109625916643,-116,86,9,0.138242069821017,202,1
303,"(8,9)",,False,52,"[5, 17, 11, 8, 9]",3,0.003109625916643,-116,86,9,0.138242069821017,202,1
304,"(8,0)",,False,52,"[6, 8, 10, 12, 0]",2,0.0,-118,86,9,0.125800612642717,204,1
305,"(8,0)",,False,52,"[6, 8, 10, 12, 0]",2,0.0,-118,86,9,0.125800612642717,204,1
306,18:24,assassinate,True,41,"[18, 7, 16, 2, 11]",1,0.0,-120,86,8,0.15383597883597802,206,1
307,18:24,assassinate,True,41,"[18, 7, 16, 2, 11]",1,0.0,-120,86,8,0.15383597883597802,206,1
308,"(16,9)",,False,41,"[4, 19, 16, 10, 9]",1,0.0,-122,86,7,0.093323586744639,208,1
309,"(16,9)",,False,41,"[4, 19, 16, 10, 9]",1,0.0,-122,86,7,0.093323586744639,208,1
310,"(8,15)",,False,41,"[17, 8, 6, 15, 19]",1,0.0,-124,86,7,0.10457393483709201,210,1
311,"(8,15)",,False,41,"[17, 8, 6, 15, 19]",1,0.0,-124,86,7,0.10457393483709201,210,1
312,"(14,12)",,False,41,"[14, 9, 3, 16, 12]",1,0.0,-126,86,7,0.10730994152046701,212,1
313,"(14,12)",,False,41,"[14, 9, 3, 16, 12]",1,0.0,-126,86,7,0.10730994152046701,212,1
314,"(2,1)",,False,43,"[4, 2, 11, 1, 10]",1,0.0,-128,86,8,0.12974101921470302,214,1
315,"(2,1)",,False,43,"[4, 2, 11, 1, 10]",1,0.0,-128,86,8,0.12974101921470302,214,1
316,"(4,16)",,False,45,"[2, 4, 14, 16, 0]",1,0.0,-130,86,8,0.117362851573377,216,1
317,"(4,16)",,False,45,"[2, 4, 14, 16, 0]",1,0.0,-130,86,8,0.117362851573377,216,1
318,"(8,14)",,False,45,"[8, 7, 14, 5, 0]",1,0.0,-132,86,8,0.08909774436090201,218,1
319,"(8,14)",,False,45,"[8, 7, 14, 5, 0]",1,0.0,-132,86,8,0.08909774436090201,218,1
320,"(1,10)",,False,47,"[2, 6, 4, 1, 10]",1,0.0,-134,86,9,0.10381509328877701,220,1
321,"(1,10)",,False,47,"[2, 6, 4, 1, 10]",1,0.0,-134,86,9,0.10381509328877701,220,1
322,"(18,1)",,False,49,"[18, 15, 10, 1, 2]",2,0.00375939849624,-136,86,10,0.20132275132275101,222,1
323,"(18,1)",,False,49,"[18, 15, 10, 1, 2]",2,0.00375939849624,-136,86,10,0.20132275132275101,222,1
324,"(3,19)",,False,49,"[9, 3, 19, 7, 0]",3,0.00995544416597,-138,86,10,0.176970203285992,224,1
325,"(3,19)",,False,49,"[9, 3, 19, 7, 0]",3,0.00995544416597,-138,86,10,0.176970203285992,224,1
326,"(15,4)",,False,49,"[15, 18, 4, 10, 1]",3,0.014146477304372001,-140,86,10,0.193585816392833,226,1
327,"(15,4)",,False,49,"[15, 18, 4, 10, 1]",3,0.014146477304372001,-140,86,10,0.193585816392833,226,1
328,"(6,4)",,False,49,"[6, 17, 12, 4, 9]",3,0.008576998050682001,-142,86,10,0.15817321080478902,228,1
329,"(6,4)",,False,49,"[6, 17, 12, 4, 9]",3,0.008576998050682001,-142,86,10,0.15817321080478902,228,1
330,"(11,6)",,False,49,"[2, 7, 3, 11, 6]",3,0.008089668615984001,-144,86,10,0.16219019771651302,230,1
331,"(11,6)",,False,49,"[2, 7, 3, 11, 6]",3,0.008089668615984001,-144,86,10,0.16219019771651302,230,1
332,"(3,16)",,False,49,"[0, 10, 3, 12, 16]",3,0.008089668615984001,-146,86,10,0.15713589529379002,232,1
333,"(3,16)",,False,49,"[0, 10, 3, 12, 16]",3,0.008089668615984001,-146,86,10,0.15713589529379002,232,1
334,"(0,18)",,False,49,"[0, 18, 7, 17, 12]",2,0.0037037037037030004,-148,86,10,0.15277081592871,234,1
335,"(0,18)",,False,49,"[0, 18, 7, 17, 12]",2,0.0037037037037030004,-148,86,10,0.15277081592871,234,1
336,"(14,17)",,False,51,"[14, 0, 10, 3, 17]",2,0.0037037037037030004,-150,86,10,0.14468114731272602,236,1
337,"(14,17)",,False,51,"[14, 0, 10, 3, 17]",2,0.0037037037037030004,-150,86,10,0.14468114731272602,236,1
338,"(13,1)",,False,53,"[5, 9, 13, 1, 10]",2,0.0037037037037030004,-152,86,11,0.23531049846839303,238,1
339,"(13,1)",,False,53,"[5, 9, 13, 1, 10]",2,0.0037037037037030004,-152,86,11,0.23531049846839303,238,1
340,"(1,8)",,False,55,"[18, 2, 19, 1, 8]",2,0.003650540492645,-154,86,12,0.248376834341746,240,1
341,"(1,8)",,False,55,"[18, 2, 19, 1, 8]",2,0.003650540492645,-154,86,12,0.248376834341746,240,1
342,"(8,16)",,False,55,"[12, 8, 15, 14, 16]",2,0.003202450570871,-156,86,12,0.23037222686345402,242,1
343,"(8,16)",,False,55,"[12, 8, 15, 14, 16]",2,0.003202450570871,-156,86,12,0.23037222686345402,242,1
344,"(1,12)",,False,57,"[1, 17, 12, 19, 5]",3,0.010219994430520001,-158,86,13,0.254989325164763,244,1
345,"(1,12)",,False,57,"[1, 17, 12, 19, 5]",3,0.010219994430520001,-158,86,13,0.254989325164763,244,1
346,"(9,1)",,True,59,"[9, 0, 8, 1, 17]",3,0.008945976051239,-160,86,14,0.24432672590567303,246,1
347,"(9,1)",,True,59,"[9, 0, 8, 1, 17]",3,0.008945976051239,-160,86,14,0.24432672590567303,246,1
348,"(5,3)",,False,59,"[4, 14, 5, 3, 16]",3,0.008945976051239,-162,86,14,0.23638325612009803,248,1
349,"(5,3)",,False,59,"[4, 14, 5, 3, 16]",3,0.008945976051239,-162,86,14,0.23638325612009803,248,1
350,"(14,11)",,False,59,"[14, 11, 16, 4, 0]",3,0.008945976051239,-164,86,14,0.233249791144527,250,1
351,"(14,11)",,False,59,"[14, 11, 16, 4, 0]",3,0.008945976051239,-164,86,14,0.233249791144527,250,1
352,"(5,1)",,False,61,"[5, 9, 2, 10, 1]",3,0.008447043534762,-166,86,15,0.24164641401483503,252,1
353,"(5,1)",,False,61,"[5, 9, 2, 10, 1]",3,0.008447043534762,-166,86,15,0.24164641401483503,252,1
354,"(13,5)",,False,61,"[10, 13, 16, 1, 5]",3,0.008447043534762,-168,86,15,0.24528049922786702,254,1
355,"(13,5)",,False,61,"[10, 13, 16, 1, 5]",3,0.008447043534762,-168,86,15,0.24528049922786702,254,1
356,"(14,2)",,False,61,"[14, 16, 2, 17, 10]",3,0.008447043534762,-170,86,15,0.24214070529860002,256,1
357,"(14,2)",,False,61,"[14, 16, 2, 17, 10]",3,0.008447043534762,-170,86,15,0.24214070529860002,256,1
358,"(0,17)",,False,61,"[10, 9, 3, 0, 17]",2,0.001949317738791,-172,86,15,0.23129414445203902,258,1
359,"(0,17)",,False,61,"[10, 9, 3, 0, 17]",2,0.001949317738791,-172,86,15,0.23129414445203902,258,1
360,"(2,12)",,False,61,"[2, 12, 9, 5, 17]",2,0.001949317738791,-174,86,15,0.24135338345864601,260,1
361,"(2,12)",,False,61,"[2, 12, 9, 5, 17]",2,0.001949317738791,-174,86,15,0.24135338345864601,260,1
362,"(5,6)",,False,61,"[5, 13, 6, 1, 10]",2,0.001949317738791,-176,86,15,0.23125870231133303,262,1
363,"(5,6)",,False,61,"[5, 13, 6, 1, 10]",2,0.001949317738791,-176,86,15,0.23125870231133303,262,1
364,"(13,2)",,False,61,"[7, 13, 9, 2, 15]",2,0.001949317738791,-178,86,15,0.23782435887699002,264,1
365,"(13,2)",,False,61,"[7, 13, 9, 2, 15]",2,0.001949317738791,-178,86,15,0.23782435887699002,264,1
366,"(3,11)",,False,61,"[13, 19, 3, 14, 11]",3,0.003118908382066,-180,86,15,0.256189716716032,266,1
367,"(3,11)",,False,61,"[13, 19, 3, 14, 11]",3,0.003118908382066,-180,86,15,0.256189716716032,266,1
368,"(11,15)",,False,59,"[8, 17, 6, 11, 15]",3,0.007992202729044,-182,86,14,0.236139591402749,268,1
369,"(11,15)",,False,59,"[8, 17, 6, 11, 15]",3,0.007992202729044,-182,86,14,0.236139591402749,268,1
370,"(10,4)",,False,57,"[19, 10, 17, 4, 6]",3,0.00896686159844,-184,86,13,0.21853244221665202,270,1
371,"(10,4)",,False,57,"[19, 10, 17, 4, 6]",3,0.00896686159844,-184,86,13,0.21853244221665202,270,1
372,"(1,18)",,False,59,"[1, 7, 18, 3, 2]",3,0.007992202729044,-186,86,14,0.23111313637629402,272,1
373,"(1,18)",,False,59,"[1, 7, 18, 3, 2]",3,0.007992202729044,-186,86,14,0.23111313637629402,272,1
374,"(17,1)",,False,61,"[8, 16, 17, 1, 9]",3,0.007992202729044,-188,86,15,0.24532227032227003,274,1
375,"(17,1)",,False,61,"[8, 16, 17, 1, 9]",3,0.007992202729044,-188,86,15,0.24532227032227003,274,1
376,"(12,11)",,False,61,"[2, 3, 12, 11, 9]",3,0.009746588693957,-190,86,15,0.24809941520467801,276,1
377,"(12,11)",,False,61,"[2, 3, 12, 11, 9]",3,0.009746588693957,-190,86,15,0.24809941520467801,276,1
378,"(10,11)",,False,61,"[10, 15, 5, 8, 11]",3,0.009746588693957,-192,86,15,0.26083327004379603,278,1
379,"(10,11)",,False,61,"[10, 15, 5, 8, 11]",3,0.009746588693957,-192,86,15,0.26083327004379603,278,1
380,"(2,18)",,False,61,"[2, 5, 18, 19, 3]",3,0.008771929824561,-194,86,15,0.26148768385610405,280,1
381,"(2,18)",,False,61,"[2, 5, 18, 19, 3]",3,0.008771929824561,-194,86,15,0.26148768385610405,280,1
382,"(17,5)",,False,63,"[1, 17, 5, 3, 18]",3,0.008771929824561,-196,86,15,0.240616693248272,282,1
383,"(17,5)",,False,63,"[1, 17, 5, 3, 18]",3,0.008771929824561,-196,86,15,0.240616693248272,282,1
384,"(11,0)",,False,63,"[11, 19, 0, 10, 13]",2,0.0023391812865490003,-198,86,15,0.24262107288423002,284,1
385,"(11,0)",,False,63,"[11, 19, 0, 10, 13]",2,0.0023391812865490003,-198,86,15,0.24262107288423002,284,1
386,"(3,4)",,False,63,"[10, 3, 4, 19, 16]",3,0.006725146198830001,-200,86,15,0.248364160206265,286,1
387,"(3,4)",,False,63,"[10, 3, 4, 19, 16]",3,0.006725146198830001,-200,86,15,0.248364160206265,286,1
388,"(8,3)",,False,63,"[0, 8, 10, 3, 12]",3,0.006725146198830001,-202,86,15,0.247027485185379,288,1
389,"(8,3)",,False,63,"[0, 8, 10, 3, 12]",3,0.006725146198830001,-202,86,15,0.247027485185379,288,1
390,"(17,5)",,False,61,"[17, 13, 1, 16, 5]",3,0.009356725146198001,-204,86,14,0.205129950074548,290,1
391,"(17,5)",,False,61,"[17, 13, 1, 16, 5]",3,0.009356725146198001,-204,86,14,0.205129950074548,290,1
392,"(3,15)",,False,61,"[3, 7, 4, 15, 0]",3,0.009370648844333,-206,86,13,0.153512780267166,292,1
393,"(3,15)",,False,61,"[3, 7, 4, 15, 0]",3,0.009370648844333,-206,86,13,0.153512780267166,292,1
394,"(15,2)",,False,61,"[6, 15, 19, 2, 18]",4,0.023879142300194,-208,86,13,0.162956447863568,294,1
395,"(15,2)",,False,61,"[6, 15, 19, 2, 18]",4,0.023879142300194,-208,86,13,0.162956447863568,294,1
396,"(6,3)",,False,61,"[17, 6, 12, 3, 0]",4,0.028752436647173002,-210,86,13,0.179470139996455,296,1
397,"(6,3)",,False,61,"[17, 6, 12, 3, 0]",4,0.028752436647173002,-210,86,13,0.179470139996455,296,1
398,"(14,13)",,False,61,"[6, 16, 14, 13, 9]",4,0.028752436647173002,-212,86,13,0.179865894339578,298,1
399,"(14,13)",,False,61,"[6, 16, 14, 13, 9]",4,0.028752436647173002,-212,86,13,0.179865894339578,298,1
400,"(6,0)",,False,59,"[2, 6, 8, 0, 16]",3,0.006335282651072,-214,86,13,0.14744563428773902,300,1
401,"(6,0)",,False,59,"[2, 6, 8, 0, 16]",3,0.006335282651072,-214,86,13,0.14744563428773902,300,1
402,"(3,17)",,False,61,"[3, 16, 8, 12, 17]",4,0.018406057879742,-216,86,13,0.16710204999678602,302,1
403,"(3,17)",,False,61,"[3, 16, 8, 12, 17]",4,0.018406057879742,-216,86,13,0.16710204999678602,302,1
404,"(15,14)",,False,61,"[7, 5, 15, 14, 12]",4,0.018406057879742,-218,86,13,0.16710204999678602,304,1
405,"(15,14)",,False,61,"[7, 5, 15, 14, 12]",4,0.018406057879742,-218,86,13,0.16710204999678602,304,1
406,"(6,1)",,False,63,"[15, 6, 1, 14, 7]",5,0.052665317139001,-220,86,14,0.19951749030696403,306,1
407,"(6,1)",,False,63,"[15, 6, 1, 14, 7]",5,0.052665317139001,-220,86,14,0.19951749030696403,306,1
408,"(0,13)",,False,63,"[18, 0, 9, 13, 16]",4,0.042680418996208,-222,86,14,0.19600789074473202,308,1
409,"(0,13)",,False,63,"[18, 0, 9, 13, 16]",4,0.042680418996208,-222,86,14,0.19600789074473202,308,1
410,"(4,19)",,False,63,"[4, 19, 2, 12, 7]",4,0.043130261551314004,-224,86,14,0.182793879285107,310,1
411,"(4,19)",,False,63,"[4, 19, 2, 12, 7]",4,0.043130261551314004,-224,86,14,0.182793879285107,310,1
412,"(14,2)",,False,63,"[3, 19, 17, 14, 2]",5,0.05721310852889801,-226,86,14,0.190914348809085,312,1
413,"(14,2)",,False,63,"[3, 19, 17, 14, 2]",5,0.05721310852889801,-226,86,14,0.190914348809085,312,1
414,"(18,11)",,False,63,"[5, 18, 11, 19, 2]",5,0.058141355071179006,-228,86,14,0.189883995147153,314,1
415,"(18,11)",,False,63,"[5, 18, 11, 19, 2]",5,0.058141355071179006,-228,86,14,0.189883995147153,314,1
416,"(0,5)",,False,63,"[9, 0, 5, 13, 14]",4,0.039292676134781004,-230,86,14,0.18640878290001,316,1
417,"(0,5)",,False,63,"[9, 0, 5, 13, 14]",4,0.039292676134781004,-230,86,14,0.18640878290001,316,1
418,"(18,16)",,False,61,"[5, 8, 18, 16, 15]",4,0.041576162628794,-232,86,13,0.15591588398605902,318,1
419,"(18,16)",,False,61,"[5, 8, 18, 16, 15]",4,0.041576162628794,-232,86,13,0.15591588398605902,318,1
420,"(6,18)",,True,61,"[11, 6, 0, 18, 19]",4,0.042690058479532,-234,86,13,0.166293680328768,320,1
421,"(6,18)",,True,61,"[11, 6, 0, 18, 19]",4,0.042690058479532,-234,86,13,0.166293680328768,320,1
422,"(0,7)",,False,61,"[0, 6, 17, 7, 4]",3,0.020597790773229003,-236,86,13,0.16614220737027702,322,1
423,"(0,7)",,False,61,"[0, 6, 17, 7, 4]",3,0.020597790773229003,-236,86,13,0.16614220737027702,322,1
424,"(15,16)",,False,61,"[15, 16, 18, 5, 14]",4,0.042543859649122,-238,86,13,0.16255980861244002,324,1
425,"(15,16)",,False,61,"[15, 16, 18, 5, 14]",4,0.042543859649122,-238,86,13,0.16255980861244002,324,1
426,"(10,18)",,False,61,"[10, 18, 19, 12, 6]",5,0.061939571150097,-240,86,13,0.183612440191387,326,1
427,"(10,18)",,False,61,"[10, 18, 19, 12, 6]",5,0.061939571150097,-240,86,13,0.183612440191387,326,1
428,"(13,1)",,False,63,"[15, 8, 13, 2, 1]",5,0.059210526315789005,-242,86,14,0.21096491228070102,328,1
429,"(13,1)",,False,63,"[15, 8, 13, 2, 1]",5,0.059210526315789005,-242,86,14,0.21096491228070102,328,1
430,"(17,18)",,False,63,"[17, 18, 1, 19, 9]",5,0.058154645873944005,-244,86,14,0.22943469785575002,330,1
431,"(17,18)",,False,63,"[17, 18, 1, 19, 9]",5,0.058154645873944005,-244,86,14,0.22943469785575002,330,1
432,"(12,1)",,False,65,"[16, 12, 19, 1, 9]",5,0.041209505244592,-246,86,15,0.253717627401837,332,1
433,"(12,1)",,False,65,"[16, 12, 19, 1, 9]",5,0.041209505244592,-246,86,15,0.253717627401837,332,1
434,"(0,7)",,True,65,"[4, 0, 6, 7, 5]",5,0.041209505244592,-248,86,15,0.253717627401837,334,1
435,"(0,7)",,True,65,"[4, 0, 6, 7, 5]",5,0.041209505244592,-248,86,15,0.253717627401837,334,1
436,"(0,11)",,False,65,"[0, 11, 13, 17, 19]",4,0.021442495126705003,-250,86,15,0.26651350598719004,336,1
437,"(0,11)",,False,65,"[0, 11, 13, 17, 19]",4,0.021442495126705003,-250,86,15,0.26651350598719004,336,1
438,"(15,18)",,True,65,"[15, 18, 11, 10, 16]",4,0.015824493894669,-252,86,15,0.27417913470545,338,1
439,"(15,18)",,True,65,"[15, 18, 11, 10, 16]",4,0.015824493894669,-252,86,15,0.27417913470545,338,1
440,"(14,17)",,False,65,"[14, 2, 1, 12, 17]",4,0.015877657105727,-254,86,15,0.23783764967975402,340,1
441,"(14,17)",,False,65,"[14, 2, 1, 12, 17]",4,0.015877657105727,-254,86,15,0.23783764967975402,340,1
442,"(4,5)",,False,65,"[7, 2, 4, 18, 5]",4,0.014294996751137,-256,86,15,0.23321097356185003,342,1
443,"(4,5)",,False,65,"[7, 2, 4, 18, 5]",4,0.014294996751137,-256,86,15,0.23321097356185003,342,1
444,"(12,1)",,False,65,"[4, 12, 7, 1, 10]",4,0.014294996751137,-258,86,15,0.23321097356185003,344,1
445,"(12,1)",,False,65,"[4, 12, 7, 1, 10]",4,0.014294996751137,-258,86,15,0.23321097356185003,344,1
446,"(10,4)",,False,65,"[10, 18, 6, 13, 4]",5,0.032924190818927,-260,86,15,0.24182367340262,346,1
447,"(10,4)",,False,65,"[10, 18, 6, 13, 4]",5,0.032924190818927,-260,86,15,0.24182367340262,346,1
448,"(1,7)",,False,67,"[1, 18, 12, 7, 8]",5,0.025321851637641002,-262,86,16,0.26625216888374703,348,1
449,"(1,7)",,False,67,"[1, 18, 12, 7, 8]",5,0.025321851637641002,-262,86,16,0.26625216888374703,348,1
450,"(11,18)",,False,67,"[5, 9, 2, 11, 18]",5,0.025321851637641002,-264,86,16,0.27015080436133004,350,1
451,"(11,18)",,False,67,"[5, 9, 2, 11, 18]",5,0.025321851637641002,-264,86,16,0.27015080436133004,350,1
452,"(4,11)",,False,65,"[4, 11, 12, 9, 1]",5,0.025536062378167003,-266,86,15,0.237816764132553,352,1
453,"(4,11)",,False,65,"[4, 11, 12, 9, 1]",5,0.025536062378167003,-266,86,15,0.237816764132553,352,1
454,"(1,13)",,False,67,"[5, 1, 13, 14, 15]",5,0.025321851637641002,-268,86,16,0.25748023905918604,354,1
455,"(1,13)",,False,67,"[5, 1, 13, 14, 15]",5,0.025321851637641002,-268,86,16,0.25748023905918604,354,1
456,"(19,18)",,False,67,"[12, 19, 16, 18, 3]",6,0.035068440331598005,-270,86,16,0.268479960585223,356,1
457,"(19,18)",,False,67,"[12, 19, 16, 18, 3]",6,0.035068440331598005,-270,86,16,0.268479960585223,356,1
458,"(3,0)",,False,67,"[3, 17, 11, 6, 0]",6,0.027777777777777003,-272,86,16,0.269100782258676,358,1
459,"(3,0)",,False,67,"[3, 17, 11, 6, 0]",6,0.027777777777777003,-272,86,16,0.269100782258676,358,1
460,"(0,7)",,False,67,"[0, 11, 7, 14, 1]",6,0.032414369256474,-274,86,16,0.27244500139236905,360,1
461,"(0,7)",,False,67,"[0, 11, 7, 14, 1]",6,0.032414369256474,-274,86,16,0.27244500139236905,360,1
462,"(15,10)",,False,67,"[16, 15, 12, 3, 10]",6,0.031578947368421005,-276,86,16,0.264061669324827,362,1
463,"(15,10)",,False,67,"[16, 15, 12, 3, 10]",6,0.031578947368421005,-276,86,16,0.264061669324827,362,1
464,"(0,8)",,True,67,"[16, 0, 8, 18, 10]",6,0.031871345029239,-278,86,16,0.26148705096073505,364,1
465,"(0,8)",,True,67,"[16, 0, 8, 18, 10]",6,0.031871345029239,-278,86,16,0.26148705096073505,364,1
466,"(6,12)",,False,67,"[6, 17, 8, 14, 12]",6,0.038250930356193,-280,86,16,0.269877977772714,366,1
467,"(6,12)",,False,67,"[6, 17, 8, 14, 12]",6,0.038250930356193,-280,86,16,0.269877977772714,366,1
468,"(0,1)",,False,69,"[9, 0, 2, 1, 7]",7,0.037670565302144,-282,86,17,0.26652046783625705,368,1
469,"(0,1)",,False,69,"[9, 0, 2, 1, 7]",7,0.037670565302144,-282,86,17,0.26652046783625705,368,1
470,"(10,5)",,False,69,"[10, 16, 5, 1, 7]",7,0.037774993038150004,-284,86,17,0.269966583124477,370,1
471,"(10,5)",,False,69,"[10, 16, 5, 1, 7]",7,0.037774993038150004,-284,86,17,0.269966583124477,370,1
472,"(0,6)",,False,67,"[10, 0, 7, 6, 19]",6,0.034788992683729,-286,86,16,0.263214855320118,372,1
473,"(0,6)",,False,67,"[10, 0, 7, 6, 19]",6,0.034788992683729,-286,86,16,0.263214855320118,372,1
474,"(19,14)",,False,67,"[19, 3, 18, 10, 14]",6,0.034788992683729,-288,86,16,0.258633958633958,374,1
475,"(19,14)",,False,67,"[19, 3, 18, 10, 14]",6,0.034788992683729,-288,86,16,0.258633958633958,374,1
476,"(18,11)",,False,65,"[15, 5, 18, 2, 11]",6,0.036844636844636,-290,86,15,0.27369686843371,376,1
477,"(18,11)",,False,65,"[15, 5, 18, 2, 11]",6,0.036844636844636,-290,86,15,0.27369686843371,376,1
478,"(9,12)",,False,65,"[14, 7, 9, 12, 18]",6,0.03391812865497,-292,86,15,0.293274853801169,378,1
479,"(9,12)",,False,65,"[14, 7, 9, 12, 18]",6,0.03391812865497,-292,86,15,0.293274853801169,378,1
480,"(14,1)",,False,67,"[14, 1, 10, 19, 2]",6,0.031087187666135004,-294,86,16,0.28839269891901403,380,1
481,"(14,1)",,False,67,"[14, 1, 10, 19, 2]",6,0.031087187666135004,-294,86,16,0.28839269891901403,380,1
482,"(14,9)",,False,67,"[2, 4, 14, 9, 8]",6,0.031309755871159,-296,86,16,0.290043711973536,382,1
483,"(14,9)",,False,67,"[2, 4, 14, 9, 8]",6,0.031309755871159,-296,86,16,0.290043711973536,382,1
484,"(1,4)",,False,69,"[1, 4, 14, 3, 2]",6,0.022537826046597,-298,86,17,0.29706125583318505,384,1
485,"(1,4)",,False,69,"[1, 4, 14, 3, 2]",6,0.022537826046597,-298,86,17,0.29706125583318505,384,1
486,"(11,5)",,True,69,"[11, 19, 5, 12, 6]",6,0.022619047619047,-300,86,17,0.301023391812865,386,1
487,"(11,5)",,True,69,"[11, 19, 5, 12, 6]",6,0.022619047619047,-300,86,17,0.301023391812865,386,1
488,"(1,3)",,False,71,"[7, 1, 10, 3, 13]",6,0.018518518518518,-302,86,18,0.29278752436647104,388,1
489,"(1,3)",,False,71,"[7, 1, 10, 3, 13]",6,0.018518518518518,-302,86,18,0.29278752436647104,388,1
490,"(5,8)",,False,71,"[17, 5, 2, 8, 6]",7,0.026803118908382002,-304,86,18,0.288856400259909,390,1
491,"(5,8)",,False,71,"[17, 5, 2, 8, 6]",7,0.026803118908382002,-304,86,18,0.288856400259909,390,1
492,"(11,16)",,False,71,"[12, 7, 6, 11, 16]",8,0.036549707602339006,-306,86,18,0.29431448992852405,392,1
493,"(11,16)",,False,71,"[12, 7, 6, 11, 16]",8,0.036549707602339006,-306,86,18,0.29431448992852405,392,1
494,"(19,1)",,False,73,"[19, 14, 1, 2, 15]",8,0.036062378167641004,-308,86,19,0.30653021442495104,394,1
495,"(19,1)",,False,73,"[19, 14, 1, 2, 15]",8,0.036062378167641004,-308,86,19,0.30653021442495104,394,1
496,"(7,17)",,True,73,"[7, 17, 1, 18, 10]",8,0.051169590643274004,-310,86,18,0.263352826510721,396,1
497,"(7,17)",,True,73,"[7, 17, 1, 18, 10]",8,0.051169590643274004,-310,86,18,0.263352826510721,396,1
498,"(0,12)",,False,73,"[10, 14, 7, 0, 12]",7,0.025689223057644,-312,86,18,0.256934001670843,398,1
499,"(0,12)",,False,73,"[10, 14, 7, 0, 12]",7,0.025689223057644,-312,86,18,0.256934001670843,398,1
500,"(6,5)",,False,71,"[6, 19, 1, 5, 3]",7,0.033542188805346006,-314,86,17,0.24110971874129702,400,1
501,"(6,5)",,False,71,"[6, 19, 1, 5, 3]",7,0.033542188805346006,-314,86,17,0.24110971874129702,400,1
502,"(14,4)",,False,71,"[10, 13, 14, 4, 16]",7,0.031627680311890005,-316,86,17,0.24429824561403501,402,1
503,"(14,4)",,False,71,"[10, 13, 14, 4, 16]",7,0.031627680311890005,-316,86,17,0.24429824561403501,402,1
504,"(13,6)",,False,71,"[11, 13, 15, 6, 10]",7,0.031627680311890005,-318,86,17,0.24819688109161703,404,1
505,"(13,6)",,False,71,"[11, 13, 15, 6, 10]",7,0.031627680311890005,-318,86,17,0.24819688109161703,404,1
506,"(7,4)",,False,69,"[7, 1, 4, 3, 16]",7,0.031627680311890005,-320,86,16,0.225877192982456,406,1
507,"(7,4)",,False,69,"[7, 1, 4, 3, 16]",7,0.031627680311890005,-320,86,16,0.225877192982456,406,1
508,"(4,9)",,False,67,"[15, 4, 19, 5, 9]",7,0.040559732664995005,-322,86,15,0.183472570314675,408,1
509,"(4,9)",,False,67,"[15, 4, 19, 5, 9]",7,0.040559732664995005,-322,86,15,0.183472570314675,408,1
510,"(16,9)",,False,65,"[6, 4, 8, 16, 9]",7,0.043330548593706004,-324,86,14,0.176520003712986,410,1
511,"(16,9)",,False,65,"[6, 4, 8, 16, 9]",7,0.043330548593706004,-324,86,14,0.176520003712986,410,1
512,"(10,0)",,False,65,"[9, 12, 3, 10, 0]",6,0.028606237816764003,-326,86,14,0.160278902384165,412,1
513,"(10,0)",,False,65,"[9, 12, 3, 10, 0]",6,0.028606237816764003,-326,86,14,0.160278902384165,412,1
514,"(16,19)",,False,63,"[16, 4, 14, 19, 13]",6,0.036939571150097,-328,86,13,0.14003384529700302,414,1
515,"(16,19)",,False,63,"[16, 4, 14, 19, 13]",6,0.036939571150097,-328,86,13,0.14003384529700302,414,1
516,"(1,14)",,False,65,"[5, 1, 16, 2, 14]",6,0.033723196881091,-330,86,14,0.156477732793522,416,1
517,"(1,14)",,False,65,"[5, 1, 16, 2, 14]",6,0.033723196881091,-330,86,14,0.156477732793522,416,1
518,"(15,1)",,False,65,"[16, 13, 15, 1, 19]",5,0.026733500417710002,-332,86,14,0.15183792815371702,418,1
519,"(15,1)",,False,65,"[16, 13, 15, 1, 19]",5,0.026733500417710002,-332,86,14,0.15183792815371702,418,1
520,"(15,6)",,False,67,"[18, 15, 6, 13, 10]",5,0.025283115195395,-334,86,14,0.145474798106377,420,1
521,"(15,6)",,False,67,"[18, 15, 6, 13, 10]",5,0.025283115195395,-334,86,14,0.145474798106377,420,1
522,"(13,3)",,False,65,"[6, 13, 8, 3, 16]",5,0.030585723568179003,-336,86,13,0.128598204913994,422,1
523,"(13,3)",,False,65,"[6, 13, 8, 3, 16]",5,0.030585723568179003,-336,86,13,0.128598204913994,422,1
524,"(3,0)",,False,65,"[9, 18, 3, 17, 0]",4,0.017153996101364002,-338,86,13,0.12712568458182402,424,1
525,"(3,0)",,False,65,"[9, 18, 3, 17, 0]",4,0.017153996101364002,-338,86,13,0.12712568458182402,424,1
526,"(2,7)",,False,63,"[2, 19, 14, 7, 18]",4,0.020077972709551,-340,86,12,0.110233918128654,426,1
527,"(2,7)",,False,63,"[2, 19, 14, 7, 18]",4,0.020077972709551,-340,86,12,0.110233918128654,426,1
528,"(0,13)",,False,63,"[2, 8, 0, 13, 7]",3,0.005604288499025001,-342,86,12,0.10891812865497001,428,1
529,"(0,13)",,False,63,"[2, 8, 0, 13, 7]",3,0.005604288499025001,-342,86,12,0.10891812865497001,428,1
530,"(9,7)",,False,63,"[9, 6, 10, 7, 3]",3,0.005604288499025001,-344,86,12,0.12421900711374301,430,1
531,"(9,7)",,False,63,"[9, 6, 10, 7, 3]",3,0.005604288499025001,-344,86,12,0.12421900711374301,430,1
532,4:10,assassinate,True,57,"[18, 8, 4, 6, 17]",2,0.002680311890838,-346,86,11,0.09166666666666601,432,1
533,4:10,assassinate,True,57,"[18, 8, 4, 6, 17]",2,0.002680311890838,-346,86,11,0.09166666666666601,432,1
534,"(17,3)",,False,57,"[11, 17, 1, 3, 9]",2,0.0027847396268440004,-348,86,11,0.09018843404808301,434,1
535,"(17,3)",,False,57,"[11, 17, 1, 3, 9]",2,0.0027847396268440004,-348,86,11,0.09018843404808301,434,1
536,"(14,4)",,False,59,"[18, 19, 14, 4, 8]",2,0.0027847396268440004,-350,86,11,0.09359974009096801,436,1
537,"(14,4)",,False,59,"[18, 19, 14, 4, 8]",2,0.0027847396268440004,-350,86,11,0.09359974009096801,436,1
538,"(9,6)",,False,59,"[15, 17, 9, 6, 18]",2,0.0027847396268440004,-352,86,11,0.073637976708152,438,1
539,"(9,6)",,False,59,"[15, 17, 9, 6, 18]",2,0.0027847396268440004,-352,86,11,0.073637976708152,438,1
540,"(12,1)",,False,59,"[13, 12, 6, 11, 1]",2,0.0027847396268440004,-354,86,11,0.08970110461338501,440,1
541,"(12,1)",,False,59,"[13, 12, 6, 11, 1]",2,0.0027847396268440004,-354,86,11,0.08970110461338501,440,1
542,"(16,11)",,False,59,"[0, 6, 16, 11, 18]",2,0.0027847396268440004,-356,86,11,0.085536020185142,442,1
543,"(16,11)",,False,59,"[0, 6, 16, 11, 18]",2,0.0027847396268440004,-356,86,11,0.085536020185142,442,1
544,"(7,19)",,False,61,"[7, 12, 19, 14, 10]",2,0.0027847396268440004,-358,86,11,0.077051424858442,444,1
545,"(7,19)",,False,61,"[7, 12, 19, 14, 10]",2,0.0027847396268440004,-358,86,11,0.077051424858442,444,1
546,"(19,9)",,False,61,"[19, 17, 4, 9, 16]",2,0.0027847396268440004,-360,86,11,0.073783980801524,446,1
547,"(19,9)",,False,61,"[19, 17, 4, 9, 16]",2,0.0027847396268440004,-360,86,11,0.073783980801524,446,1
548,"(16,2)",,False,61,"[16, 15, 12, 11, 2]",2,0.0027847396268440004,-362,86,10,0.05504753531069301,448,1
549,"(16,2)",,False,61,"[16, 15, 12, 11, 2]",2,0.0027847396268440004,-362,86,10,0.05504753531069301,448,1
550,11:18,assassinate,True,53,"[2, 16, 3, 11, 17]",2,0.0027847396268440004,-364,86,9,0.057439896036387,450,1
551,11:18,assassinate,True,53,"[2, 16, 3, 11, 17]",2,0.0027847396268440004,-364,86,9,0.057439896036387,450,1
552,"(15,18)",,False,55,"[19, 16, 15, 7, 18]",2,0.0014619883040930001,-366,86,9,0.045331341822569,452,1
553,"(15,18)",,False,55,"[19, 16, 15, 7, 18]",2,0.0014619883040930001,-366,86,9,0.045331341822569,452,1
554,"(6,15)",,False,55,"[6, 18, 13, 19, 15]",2,0.0014619883040930001,-368,86,9,0.041882483987747,454,1
555,"(6,15)",,False,55,"[6, 18, 13, 19, 15]",2,0.0014619883040930001,-368,86,9,0.041882483987747,454,1
556,"(0,16)",,False,57,"[13, 3, 0, 16, 9]",4,0.10672514619883001,-366,88,9,0.041882483987747,454,1
557,"(0,16)",,False,57,"[13, 3, 0, 16, 9]",4,0.10672514619883001,-366,88,9,0.041882483987747,454,1
558,"(4,5)",,False,59,"[4, 7, 5, 10, 18]",5,0.117989417989417,-364,90,9,0.041622574955908,454,1
559,"(4,5)",,False,59,"[4, 7, 5, 10, 18]",5,0.117989417989417,-364,90,9,0.041622574955908,454,1
560,"(12,4)",,False,61,"[7, 12, 4, 9, 14]",6,0.129302422723475,-362,92,9,0.038002413441009006,454,1
561,"(12,4)",,False,61,"[7, 12, 4, 9, 14]",6,0.129302422723475,-362,92,9,0.038002413441009006,454,1
562,"(17,9)",,False,59,"[19, 16, 17, 10, 9]",6,0.129366685945633,-360,94,8,0.034933844582967,454,1
563,"(17,9)",,False,59,"[19, 16, 17, 10, 9]",6,0.129366685945633,-360,94,8,0.034933844582967,454,1
564,"(11,12)",,False,61,"[7, 14, 11, 17, 12]",7,0.08130207998629001,-358,96,8,0.039426914865511004,454,1
565,"(11,12)",,False,61,"[7, 14, 11, 17, 12]",7,0.08130207998629001,-358,96,8,0.039426914865511004,454,1
566,"(10,15)",,False,63,"[17, 13, 9, 10, 15]",8,0.093271372876636,-356,98,8,0.038789102385593,454,1
567,"(10,15)",,False,63,"[17, 13, 9, 10, 15]",8,0.093271372876636,-356,98,8,0.038789102385593,454,1
568,"(6,1)",,False,65,"[6, 8, 17, 1, 5]",9,0.10699549800426901,-354,100,9,0.062920031560382,454,1
569,"(6,1)",,False,65,"[6, 8, 17, 1, 5]",9,0.10699549800426901,-354,100,9,0.062920031560382,454,1
570,"(14,8)",,False,63,"[9, 14, 16, 2, 8]",9,0.107708016479946,-352,102,8,0.063052752965033,454,1
571,"(14,8)",,False,63,"[9, 14, 16, 2, 8]",9,0.107708016479946,-352,102,8,0.063052752965033,454,1
572,16:10,assassinate,True,57,"[19, 18, 16, 14, 4]",8,0.079933808881177,-350,104,7,0.041445494077073,454,1
573,16:10,assassinate,True,57,"[19, 18, 16, 14, 4]",8,0.079933808881177,-350,104,7,0.041445494077073,454,1
574,"(8,2)",,False,55,"[10, 15, 17, 8, 2]",8,0.081702118544223,-348,106,6,0.033940620782726,454,1
575,"(8,2)",,False,55,"[10, 15, 17, 8, 2]",8,0.081702118544223,-348,106,6,0.033940620782726,454,1
576,"(6,1)",,False,57,"[6, 8, 14, 1, 12]",8,0.126798834693571,-346,108,7,0.06633571107255301,454,1
577,"(6,1)",,False,57,"[6, 8, 14, 1, 12]",8,0.126798834693571,-346,108,7,0.06633571107255301,454,1
578,"(18,11)",,False,57,"[10, 19, 18, 11, 15]",8,0.09279609279609201,-344,110,7,0.065445665445665,454,1
579,"(18,11)",,False,57,"[10, 19, 18, 11, 15]",8,0.09279609279609201,-344,110,7,0.065445665445665,454,1
580,"(13,1)",,False,57,"[13, 8, 18, 9, 1]",8,0.10470085470085401,-342,112,8,0.092875350770087,454,1
581,"(13,1)",,False,57,"[13, 8, 18, 9, 1]",8,0.10470085470085401,-342,112,8,0.092875350770087,454,1
582,5:12,assassinate,True,50,"[9, 15, 5, 7, 2]",7,0.083375104427736,-342,113,8,0.096537640397289,455,1
583,5:12,assassinate,True,50,"[9, 15, 5, 7, 2]",7,0.083375104427736,-342,113,8,0.096537640397289,455,1
584,"(6,2)",,False,50,"[6, 0, 2, 10, 13]",7,0.083375104427736,-342,114,8,0.093369999071753,456,1
585,"(6,2)",,False,50,"[6, 0, 2, 10, 13]",7,0.083375104427736,-342,114,8,0.093369999071753,456,1
586,"(5,6)",,False,50,"[18, 5, 6, 7, 2]",7,0.08469089390142001,-344,114,8,0.145660447414833,458,1
587,"(5,6)",,False,50,"[18, 5, 6, 7, 2]",7,0.08469089390142001,-344,114,8,0.145660447414833,458,1
588,"(2,13)",,False,48,"[4, 2, 13, 10, 15]",7,0.094715956558061,-342,116,7,0.079427736006683,458,1
589,"(2,13)",,False,48,"[4, 2, 13, 10, 15]",7,0.094715956558061,-342,116,7,0.079427736006683,458,1
590,"(18,1)",,False,48,"[18, 12, 10, 0, 1]",7,0.095572263993316,-342,117,8,0.10703842940685,459,1
591,"(18,1)",,False,48,"[18, 12, 10, 0, 1]",7,0.095572263993316,-342,117,8,0.10703842940685,459,1
592,"(0,11)",,False,48,"[0, 2, 12, 9, 11]",7,0.06130604288499,-344,117,9,0.132602339181286,461,1
593,"(0,11)",,False,48,"[0, 2, 12, 9, 11]",7,0.06130604288499,-344,117,9,0.132602339181286,461,1
594,"(1,5)",,False,50,"[7, 15, 1, 4, 5]",7,0.06718648473034401,-346,117,10,0.200867910517033,463,1
595,"(1,5)",,False,50,"[7, 15, 1, 4, 5]",7,0.06718648473034401,-346,117,10,0.200867910517033,463,1
596,"(14,13)",,False,48,"[14, 13, 5, 10, 2]",7,0.064554905782975,-348,117,9,0.14574398960363802,465,1
597,"(14,13)",,False,48,"[14, 13, 5, 10, 2]",7,0.064554905782975,-348,117,9,0.14574398960363802,465,1
598,"(9,2)",,False,48,"[9, 2, 11, 4, 16]",7,0.066972988025619,-350,117,9,0.13393205235310401,467,1
599,"(9,2)",,False,48,"[9, 2, 11, 4, 16]",7,0.066972988025619,-350,117,9,0.13393205235310401,467,1
600,"(12,0)",,False,46,"[13, 17, 5, 12, 0]",6,0.045321637426900006,-352,117,8,0.092397660818713,469,1
601,"(12,0)",,False,46,"[13, 17, 5, 12, 0]",6,0.045321637426900006,-352,117,8,0.092397660818713,469,1
602,"(6,1)",,False,48,"[6, 8, 1, 14, 12]",7,0.11832358674463901,-352,118,9,0.164424951267056,470,1
603,"(6,1)",,False,48,"[6, 8, 1, 14, 12]",7,0.11832358674463901,-352,118,9,0.164424951267056,470,1
604,"(3,0)",,False,46,"[3, 11, 0, 12, 19]",6,0.103996101364522,-354,118,8,0.132894736842105,472,1
605,"(3,0)",,False,46,"[3, 11, 0, 12, 19]",6,0.103996101364522,-354,118,8,0.132894736842105,472,1
606,"(0,18)",,False,46,"[0, 11, 7, 4, 18]",5,0.084145549057829,-356,118,8,0.116260558804418,474,1
607,"(0,18)",,False,46,"[0, 11, 7, 4, 18]",5,0.084145549057829,-356,118,8,0.116260558804418,474,1
608,"(11,7)",,False,48,"[2, 5, 11, 3, 7]",5,0.072287199480181,-358,118,8,0.093307342430149,476,1
609,"(11,7)",,False,48,"[2, 5, 11, 3, 7]",5,0.072287199480181,-358,118,8,0.093307342430149,476,1
610,"(4,14)",,False,48,"[2, 4, 7, 14, 5]",5,0.075454840805717,-360,118,8,0.099756335282651,478,1
611,"(4,14)",,False,48,"[2, 4, 7, 14, 5]",5,0.075454840805717,-360,118,8,0.099756335282651,478,1
612,"(8,15)",,False,46,"[8, 17, 2, 15, 18]",4,0.048593706488443,-362,118,7,0.06154970760233901,480,1
613,"(8,15)",,False,46,"[8, 17, 2, 15, 18]",4,0.048593706488443,-362,118,7,0.06154970760233901,480,1
614,"(13,1)",,False,46,"[10, 13, 2, 1, 18]",4,0.049220272904483005,-362,119,7,0.102455212104334,481,1
615,"(13,1)",,False,46,"[10, 13, 2, 1, 18]",4,0.049220272904483005,-362,119,7,0.102455212104334,481,1
616,"(6,11)",,False,48,"[13, 17, 3, 6, 11]",5,0.07807017543859601,-362,120,7,0.08545669729880201,482,1
617,"(6,11)",,False,48,"[13, 17, 3, 6, 11]",5,0.07807017543859601,-362,120,7,0.08545669729880201,482,1
618,"(13,7)",,False,50,"[13, 5, 11, 7, 3]",6,0.08985911749069601,-360,122,7,0.070702640439482,482,1
619,"(13,7)",,False,50,"[13, 5, 11, 7, 3]",6,0.08985911749069601,-360,122,7,0.070702640439482,482,1
620,4:12,assassinate,True,45,"[7, 2, 3, 18, 4]",6,0.09525666016894001,-358,124,7,0.06974380395433001,482,1
621,4:12,assassinate,True,45,"[7, 2, 3, 18, 4]",6,0.09525666016894001,-358,124,7,0.06974380395433001,482,1
622,"(11,3)",,True,45,"[2, 11, 3, 18, 12]",6,0.08628979857050001,-356,126,7,0.059161793372319006,482,1
623,"(11,3)",,True,45,"[2, 11, 3, 18, 12]",6,0.08628979857050001,-356,126,7,0.059161793372319006,482,1
624,"(16,14)",,False,45,"[15, 16, 2, 14, 6]",6,0.07222686345493301,-354,128,7,0.06487050960735101,482,1
625,"(16,14)",,False,45,"[15, 16, 2, 14, 6]",6,0.07222686345493301,-354,128,7,0.06487050960735101,482,1
626,"(0,15)",,False,45,"[3, 0, 7, 15, 2]",5,0.047465886939571,-354,129,7,0.079866332497911,483,1
627,"(0,15)",,False,45,"[3, 0, 7, 15, 2]",5,0.047465886939571,-354,129,7,0.079866332497911,483,1
628,"(6,16)",,False,47,"[8, 6, 15, 7, 16]",5,0.035087719298245,-356,129,7,0.069319131161236,485,1
629,"(6,16)",,False,47,"[8, 6, 15, 7, 16]",5,0.035087719298245,-356,129,7,0.069319131161236,485,1
630,"(5,11)",,False,47,"[5, 8, 7, 11, 4]",5,0.030520746310219,-358,129,6,0.05341130604288401,487,1
631,"(5,11)",,False,47,"[5, 8, 7, 11, 4]",5,0.030520746310219,-358,129,6,0.05341130604288401,487,1
632,"(11,12)",,False,45,"[11, 12, 19, 15, 3]",5,0.042216652742968,-356,131,5,0.030778334725703002,487,1
633,"(11,12)",,False,45,"[11, 12, 19, 15, 3]",5,0.042216652742968,-356,131,5,0.030778334725703002,487,1
634,"(9,18)",,False,47,"[0, 17, 2, 9, 18]",6,0.074965190754664,-354,133,5,0.026427179058758,487,1
635,"(9,18)",,False,47,"[0, 17, 2, 9, 18]",6,0.074965190754664,-354,133,5,0.026427179058758,487,1
636,"(9,16)",,False,49,"[14, 10, 15, 9, 16]",6,0.06766917293233,-352,135,5,0.016172375382901002,487,1
637,"(9,16)",,False,49,"[14, 10, 15, 9, 16]",6,0.06766917293233,-352,135,5,0.016172375382901002,487,1
638,"(13,0)",,False,47,"[13, 8, 5, 0, 3]",5,0.035828888460467,-350,137,5,0.016204506993980003,487,1
639,"(13,0)",,False,47,"[13, 8, 5, 0, 3]",5,0.035828888460467,-350,137,5,0.016204506993980003,487,1
640,"(9,2)",,False,45,"[9, 2, 0, 19, 15]",5,0.041029341029341006,-348,139,5,0.03534087744614,487,1
641,"(9,2)",,False,45,"[9, 2, 0, 19, 15]",5,0.041029341029341006,-348,139,5,0.03534087744614,487,1
642,"(19,6)",,False,43,"[9, 19, 4, 16, 6]",5,0.047089947089947,-348,140,4,0.051865775549986004,488,1
643,"(19,6)",,False,43,"[9, 19, 4, 16, 6]",5,0.047089947089947,-348,140,4,0.051865775549986004,488,1
644,"(7,8)",,False,43,"[7, 13, 15, 8, 10]",5,0.040448343079922004,-346,142,3,0.026134781397939,488,1
645,"(7,8)",,False,43,"[7, 13, 15, 8, 10]",5,0.040448343079922004,-346,142,3,0.026134781397939,488,1
646,"(13,5)",,False,45,"[8, 4, 13, 3, 5]",5,0.037406015037593006,-344,144,3,0.023795600111389002,488,1
647,"(13,5)",,False,45,"[8, 4, 13, 3, 5]",5,0.037406015037593006,-344,144,3,0.023795600111389002,488,1
648,12:10,assassinate,True,41,"[4, 7, 17, 19, 12]",4,0.014049011417432,-344,145,3,0.023795600111389002,489,1
649,12:10,assassinate,True,41,"[4, 7, 17, 19, 12]",4,0.014049011417432,-344,145,3,0.023795600111389002,489,1
650,"(1,4)",,False,43,"[10, 1, 2, 4, 14]",5,0.054239766081871005,-344,146,4,0.08454933630372201,490,1
651,"(1,4)",,False,43,"[10, 1, 2, 4, 14]",5,0.054239766081871005,-344,146,4,0.08454933630372201,490,1
652,"(12,4)",,False,45,"[10, 12, 5, 4, 11]",6,0.089243943191311,-344,147,4,0.141924255082149,491,1
653,"(12,4)",,False,45,"[10, 12, 5, 4, 11]",6,0.089243943191311,-344,147,4,0.141924255082149,491,1
654,"(0,2)",,True,45,"[0, 5, 2, 16, 18]",5,0.065935672514619,-344,148,4,0.087473312911909,492,1
655,"(0,2)",,True,45,"[0, 5, 2, 16, 18]",5,0.065935672514619,-344,148,4,0.087473312911909,492,1
656,"(8,13)",,False,45,"[0, 11, 8, 4, 13]",5,0.074317738791423,-346,148,4,0.101786874593892,494,1
657,"(8,13)",,False,45,"[0, 11, 8, 4, 13]",5,0.074317738791423,-346,148,4,0.101786874593892,494,1
658,"(8,1)",,False,47,"[8, 0, 16, 14, 1]",5,0.06296992481203001,-344,150,5,0.047479810637705004,494,1
659,"(8,1)",,False,47,"[8, 0, 16, 14, 1]",5,0.06296992481203001,-344,150,5,0.047479810637705004,494,1
660,"(10,4)",,False,47,"[10, 7, 13, 8, 4]",5,0.046187860222947005,-342,152,4,0.030785718505016,494,1
661,"(10,4)",,False,47,"[10, 7, 13, 8, 4]",5,0.046187860222947005,-342,152,4,0.030785718505016,494,1
662,"(18,17)",,False,47,"[18, 16, 5, 6, 17]",5,0.052685586018919005,-340,154,4,0.037673307848746,494,1
663,"(18,17)",,False,47,"[18, 16, 5, 6, 17]",5,0.052685586018919005,-340,154,4,0.037673307848746,494,1
664,"(1,13)",,False,49,"[1, 3, 13, 9, 16]",6,0.090356151321063,-338,156,5,0.060842341544095006,494,1
665,"(1,13)",,False,49,"[1, 3, 13, 9, 16]",6,0.090356151321063,-338,156,5,0.060842341544095006,494,1
666,"(9,10)",,False,51,"[9, 10, 8, 13, 5]",6,0.0750407000407,-336,158,5,0.039412634149476,494,1
667,"(9,10)",,False,51,"[9, 10, 8, 13, 5]",6,0.0750407000407,-336,158,5,0.039412634149476,494,1
668,"(1,2)",,False,51,"[18, 1, 6, 2, 8]",6,0.094590643274853,-334,160,6,0.058980785296574,494,1
669,"(1,2)",,False,51,"[18, 1, 6, 2, 8]",6,0.094590643274853,-334,160,6,0.058980785296574,494,1
670,"(10,14)",,False,53,"[19, 10, 7, 14, 11]",6,0.08554312713239401,-332,162,6,0.05491902413987,494,1
671,"(10,14)",,False,53,"[19, 10, 7, 14, 11]",6,0.08554312713239401,-332,162,6,0.05491902413987,494,1
672,"(4,8)",,False,53,"[18, 4, 5, 8, 2]",6,0.079588425563657,-330,164,5,0.034711096914399005,494,1
673,"(4,8)",,False,53,"[18, 4, 5, 8, 2]",6,0.079588425563657,-330,164,5,0.034711096914399005,494,1
674,"(8,11)",,False,53,"[14, 8, 11, 13, 5]",6,0.074362041467304,-328,166,4,0.021384479717813,494,1
675,"(8,11)",,False,53,"[14, 8, 11, 13, 5]",6,0.074362041467304,-328,166,4,0.021384479717813,494,1
676,"(16,3)",,False,53,"[16, 3, 11, 4, 18]",6,0.070603592314118,-326,168,3,0.007982920263622,494,1
677,"(16,3)",,False,53,"[16, 3, 11, 4, 18]",6,0.070603592314118,-326,168,3,0.007982920263622,494,1
678,"(1,14)",,False,53,"[1, 14, 19, 3, 11]",6,0.07181495405179601,-324,170,4,0.021579411491692003,494,1
679,"(1,14)",,False,53,"[1, 14, 19, 3, 11]",6,0.07181495405179601,-324,170,4,0.021579411491692003,494,1
680,"(3,2)",,False,53,"[3, 6, 15, 5, 2]",7,0.09865984405458,-322,172,4,0.027206906154274003,494,1
681,"(3,2)",,False,53,"[3, 6, 15, 5, 2]",7,0.09865984405458,-322,172,4,0.027206906154274003,494,1
682,"(5,1)",,True,53,"[3, 9, 5, 1, 11]",7,0.15109649122807,-320,174,5,0.042898913951545006,494,1
683,"(5,1)",,True,53,"[3, 9, 5, 1, 11]",7,0.15109649122807,-320,174,5,0.042898913951545006,494,1
684,"(10,7)",,False,53,"[14, 10, 8, 2, 7]",7,0.14392926761347802,-318,176,4,0.015594541910331002,494,1
685,"(10,7)",,False,53,"[14, 10, 8, 2, 7]",7,0.14392926761347802,-318,176,4,0.015594541910331002,494,1
686,"(1,14)",,False,55,"[0, 1, 8, 3, 14]",8,0.157574491785018,-316,178,5,0.039292676134781004,494,1
687,"(1,14)",,False,55,"[0, 1, 8, 3, 14]",8,0.157574491785018,-316,178,5,0.039292676134781004,494,1
688,"(19,17)",,False,57,"[5, 2, 8, 19, 17]",8,0.09855889724310701,-314,180,5,0.037733221943748,494,1
689,"(19,17)",,False,57,"[5, 2, 8, 19, 17]",8,0.09855889724310701,-314,180,5,0.037733221943748,494,1
690,17:4,assassinate,True,56,"[17, 1, 5, 11, 7]",7,0.049183143042792005,-312,182,5,0.028125870231133002,494,1
691,17:4,assassinate,True,56,"[17, 1, 5, 11, 7]",7,0.049183143042792005,-312,182,5,0.028125870231133002,494,1
692,"(6,10)",,False,56,"[15, 9, 5, 6, 10]",7,0.069534948482316,-310,184,5,0.027963427086234,494,1
693,"(6,10)",,False,56,"[15, 9, 5, 6, 10]",7,0.069534948482316,-310,184,5,0.027963427086234,494,1
694,"(13,14)",,False,56,"[13, 6, 14, 4, 9]",7,0.07320616355704,-308,186,5,0.035412605588044,494,1
695,"(13,14)",,False,56,"[13, 6, 14, 4, 9]",7,0.07320616355704,-308,186,5,0.035412605588044,494,1
696,"(12,16)",,False,58,"[8, 12, 16, 2, 19]",7,0.04527290448343,-306,188,5,0.031384015594541,494,1
697,"(12,16)",,False,58,"[8, 12, 16, 2, 19]",7,0.04527290448343,-306,188,5,0.031384015594541,494,1
698,"(16,0)",,False,56,"[3, 16, 11, 18, 0]",6,0.042126148705096005,-304,190,5,0.031513970110461004,494,1
699,"(16,0)",,False,56,"[3, 16, 11, 18, 0]",6,0.042126148705096005,-304,190,5,0.031513970110461004,494,1
700,"(1,18)",,False,58,"[13, 15, 1, 11, 18]",7,0.047779170147591005,-304,191,6,0.056855100714749,495,1
701,"(1,18)",,False,58,"[13, 15, 1, 11, 18]",7,0.047779170147591005,-304,191,6,0.056855100714749,495,1
702,"(18,11)",,False,58,"[18, 7, 10, 5, 11]",7,0.04527290448343,-302,193,5,0.031384015594541,495,1
703,"(18,11)",,False,58,"[18, 7, 10, 5, 11]",7,0.04527290448343,-302,193,5,0.031384015594541,495,1
704,"(14,12)",,False,58,"[14, 13, 3, 18, 12]",7,0.037231968810916005,-300,195,5,0.032553606237816,495,1
705,"(14,12)",,False,58,"[14, 13, 3, 18, 12]",7,0.037231968810916005,-300,195,5,0.032553606237816,495,1
706,"(14,17)",,False,60,"[18, 14, 10, 17, 0]",7,0.041276803118908,-298,197,5,0.038401559454191006,495,1
707,"(14,17)",,False,60,"[18, 14, 10, 17, 0]",7,0.041276803118908,-298,197,5,0.038401559454191006,495,1
708,"(17,2)",,True,60,"[9, 17, 4, 11, 2]",7,0.037002227791701,-296,199,4,0.022742040285899,495,1
709,"(17,2)",,True,60,"[9, 17, 4, 11, 2]",7,0.037002227791701,-296,199,4,0.022742040285899,495,1
710,"(8,18)",,False,60,"[8, 0, 2, 18, 4]",7,0.036793372319688,-294,201,3,0.013775178687459,495,1
711,"(8,18)",,False,60,"[8, 0, 2, 18, 4]",7,0.036793372319688,-294,201,3,0.013775178687459,495,1
712,"(9,4)",,False,60,"[3, 9, 14, 17, 4]",7,0.036702868281815,-292,203,3,0.013775178687459,495,1
713,"(9,4)",,False,60,"[3, 9, 14, 17, 4]",7,0.036702868281815,-292,203,3,0.013775178687459,495,1
714,"(19,12)",,False,60,"[17, 18, 19, 12, 10]",7,0.032574491785018,-290,205,2,0.0036549707602330003,495,1
715,"(19,12)",,False,60,"[17, 18, 19, 12, 10]",7,0.032574491785018,-290,205,2,0.0036549707602330003,495,1
716,"(0,12)",,False,60,"[0, 1, 12, 11, 2]",7,0.044223985890652004,-288,207,2,0.0036549707602330003,495,1
717,"(0,12)",,False,60,"[0, 1, 12, 11, 2]",7,0.044223985890652004,-288,207,2,0.0036549707602330003,495,1
718,"(17,11)",,False,62,"[17, 3, 15, 18, 11]",8,0.059347442680776005,-286,209,2,0.0036549707602330003,495,1
719,"(17,11)",,False,62,"[17, 3, 15, 18, 11]",8,0.059347442680776005,-286,209,2,0.0036549707602330003,495,1
720,"(13,7)",,False,62,"[4, 15, 13, 6, 7]",8,0.051499962026277005,-284,211,2,0.0035737491877840004,495,1
721,"(13,7)",,False,62,"[4, 15, 13, 6, 7]",8,0.051499962026277005,-284,211,2,0.0035737491877840004,495,1
722,"(6,17)",,False,64,"[6, 11, 15, 17, 16]",9,0.06524644945697501,-282,213,2,0.0023670286828180002,495,1
723,"(6,17)",,False,64,"[6, 11, 15, 17, 16]",9,0.06524644945697501,-282,213,2,0.0023670286828180002,495,1
724,14:14,assassinate,True,56,"[14, 17, 5, 7, 18]",8,0.05292086081559701,-280,215,2,0.002399160293897,495,1
725,14:14,assassinate,True,56,"[14, 17, 5, 7, 18]",8,0.05292086081559701,-280,215,2,0.002399160293897,495,1
726,"(10,8)",,False,56,"[18, 3, 10, 15, 8]",8,0.058027644869750004,-278,217,2,0.002436647173489,495,1
727,"(10,8)",,False,56,"[18, 3, 10, 15, 8]",8,0.058027644869750004,-278,217,2,0.002436647173489,495,1
728,"(6,3)",,False,58,"[6, 8, 3, 13, 15]",9,0.07846003898635401,-276,219,3,0.001949317738791,495,1
729,"(6,3)",,False,58,"[6, 8, 3, 13, 15]",9,0.07846003898635401,-276,219,3,0.001949317738791,495,1
730,"(0,19)",,False,56,"[13, 2, 0, 19, 12]",8,0.067080158308228,-274,221,3,0.005847953216374001,495,1
731,"(0,19)",,False,56,"[13, 2, 0, 19, 12]",8,0.067080158308228,-274,221,3,0.005847953216374001,495,1
732,"(16,6)",,False,58,"[2, 9, 12, 16, 6]",8,0.07709551656920001,-272,223,3,0.005847953216374001,495,1
733,"(16,6)",,False,58,"[2, 9, 12, 16, 6]",8,0.07709551656920001,-272,223,3,0.005847953216374001,495,1
734,17:12,assassinate,True,51,"[16, 13, 18, 17, 2]",7,0.05882762461709801,-270,225,3,0.005847953216374001,495,1
735,17:12,assassinate,True,51,"[16, 13, 18, 17, 2]",7,0.05882762461709801,-270,225,3,0.005847953216374001,495,1
736,"(7,0)",,False,51,"[15, 12, 7, 8, 0]",6,0.04475076580339701,-268,227,3,0.007797270955165,495,1
737,"(7,0)",,False,51,"[15, 12, 7, 8, 0]",6,0.04475076580339701,-268,227,3,0.007797270955165,495,1
738,"(18,19)",,False,53,"[15, 8, 18, 19, 11]",6,0.05495219530307201,-266,229,3,0.007797270955165,495,1
739,"(18,19)",,False,53,"[15, 8, 18, 19, 11]",6,0.05495219530307201,-266,229,3,0.007797270955165,495,1
740,"(10,0)",,False,51,"[2, 10, 6, 11, 0]",5,0.022695627958785002,-264,231,3,0.008771929824561,495,1
741,"(10,0)",,False,51,"[2, 10, 6, 11, 0]",5,0.022695627958785002,-264,231,3,0.008771929824561,495,1
742,"(0,13)",,False,51,"[0, 9, 13, 17, 14]",5,0.024644945697577,-262,233,3,0.0075187969924810005,495,1
743,"(0,13)",,False,51,"[0, 9, 13, 17, 14]",5,0.024644945697577,-262,233,3,0.0075187969924810005,495,1
744,"(6,3)",,False,51,"[6, 7, 13, 3, 16]",5,0.024644945697577,-260,235,3,0.008795135988118001,495,1
745,"(6,3)",,False,51,"[6, 7, 13, 3, 16]",5,0.024644945697577,-260,235,3,0.008795135988118001,495,1
746,"(1,17)",,False,51,"[11, 5, 1, 0, 17]",5,0.037231968810916005,-260,236,4,0.08769377146570101,496,1
747,"(1,17)",,False,51,"[11, 5, 1, 0, 17]",5,0.037231968810916005,-260,236,4,0.08769377146570101,496,1
748,"(8,13)",,False,53,"[15, 3, 8, 17, 13]",5,0.033089668615984,-262,236,4,0.065000464123271,498,1
749,"(8,13)",,False,53,"[15, 3, 8, 17, 13]",5,0.033089668615984,-262,236,4,0.065000464123271,498,1
750,"(9,1)",,False,55,"[9, 8, 11, 1, 0]",5,0.029295460874408003,-264,236,5,0.06907082521117601,500,1
751,"(9,1)",,False,55,"[9, 8, 11, 1, 0]",5,0.029295460874408003,-264,236,5,0.06907082521117601,500,1
752,"(0,17)",,True,55,"[3, 0, 19, 17, 9]",5,0.029295460874408003,-264,237,5,0.06907082521117601,501,1
753,"(0,17)",,True,55,"[3, 0, 19, 17, 9]",5,0.029295460874408003,-264,237,5,0.06907082521117601,501,1
754,"(16,1)",,False,55,"[12, 16, 4, 1, 6]",5,0.018622946254525003,-266,237,6,0.080750487329434,503,1
755,"(16,1)",,False,55,"[12, 16, 4, 1, 6]",5,0.018622946254525003,-266,237,6,0.080750487329434,503,1
756,"(11,16)",,False,55,"[11, 10, 16, 6, 19]",5,0.019841269841269,-268,237,6,0.086011324607815,505,1
757,"(11,16)",,False,55,"[11, 10, 16, 6, 19]",5,0.019841269841269,-268,237,6,0.086011324607815,505,1
758,"(0,12)",,False,55,"[8, 14, 0, 12, 16]",4,0.004977722082985,-270,237,6,0.06390513320337801,507,1
759,"(0,12)",,False,55,"[8, 14, 0, 12, 16]",4,0.004977722082985,-270,237,6,0.06390513320337801,507,1
760,"(3,11)",,False,57,"[3, 11, 4, 16, 18]",5,0.016137566137566003,-272,237,6,0.058228905597326006,509,1
761,"(3,11)",,False,57,"[3, 11, 4, 16, 18]",5,0.016137566137566003,-272,237,6,0.058228905597326006,509,1
762,"(17,4)",,False,57,"[19, 18, 17, 4, 8]",6,0.033080386150561004,-274,237,6,0.079620347164206,511,1
763,"(17,4)",,False,57,"[19, 18, 17, 4, 8]",6,0.033080386150561004,-274,237,6,0.079620347164206,511,1
764,"(0,3)",,False,57,"[0, 3, 10, 5, 18]",5,0.016137566137566003,-276,237,6,0.058785853522695004,513,1
765,"(0,3)",,False,57,"[0, 3, 10, 5, 18]",5,0.016137566137566003,-276,237,6,0.058785853522695004,513,1
766,"(0,6)",,False,55,"[0, 19, 6, 4, 8]",4,0.032226934858513,-278,237,6,0.08681211575948401,515,1
767,"(0,6)",,False,55,"[0, 19, 6, 4, 8]",4,0.032226934858513,-278,237,6,0.08681211575948401,515,1
768,"(14,1)",,False,57,"[11, 14, 1, 18, 5]",4,0.031634642160957,-280,237,7,0.10116959064327401,517,1
769,"(14,1)",,False,57,"[11, 14, 1, 18, 5]",4,0.031634642160957,-280,237,7,0.10116959064327401,517,1
770,"(10,0)",,True,57,"[18, 10, 11, 6, 0]",3,0.005555555555555001,-282,237,7,0.12212475633528201,519,1
771,"(10,0)",,True,57,"[18, 10, 11, 6, 0]",3,0.005555555555555001,-282,237,7,0.12212475633528201,519,1
772,"(19,4)",,False,57,"[19, 4, 15, 16, 3]",3,0.005555555555555001,-284,237,7,0.122807017543859,521,1
773,"(19,4)",,False,57,"[19, 4, 15, 16, 3]",3,0.005555555555555001,-284,237,7,0.122807017543859,521,1
774,"(10,3)",,False,55,"[4, 10, 16, 2, 3]",3,0.005847953216374001,-286,237,6,0.108528265107212,523,1
775,"(10,3)",,False,55,"[4, 10, 16, 2, 3]",3,0.005847953216374001,-286,237,6,0.108528265107212,523,1
776,"(8,4)",,False,55,"[17, 16, 15, 8, 4]",3,0.005555555555555001,-288,237,6,0.09624756335282601,525,1
777,"(8,4)",,False,55,"[17, 16, 15, 8, 4]",3,0.005555555555555001,-288,237,6,0.09624756335282601,525,1
778,"(14,12)",,False,55,"[18, 14, 15, 12, 8]",3,0.0029239766081870003,-290,237,6,0.07948343079922,527,1
779,"(14,12)",,False,55,"[18, 14, 15, 12, 8]",3,0.0029239766081870003,-290,237,6,0.07948343079922,527,1
780,"(9,4)",,False,55,"[14, 9, 13, 4, 19]",3,0.0029239766081870003,-292,237,6,0.079191033138401,529,1
781,"(9,4)",,False,55,"[14, 9, 13, 4, 19]",3,0.0029239766081870003,-292,237,6,0.079191033138401,529,1
782,"(16,18)",,True,55,"[7, 16, 9, 12, 18]",3,0.005847953216374001,-294,237,6,0.10698505523066901,531,1
783,"(16,18)",,True,55,"[7, 16, 9, 12, 18]",3,0.005847953216374001,-294,237,6,0.10698505523066901,531,1
784,"(10,6)",,False,53,"[10, 6, 3, 0, 12]",3,0.006335282651072,-296,237,5,0.06091617933723101,533,1
785,"(10,6)",,False,53,"[10, 6, 3, 0, 12]",3,0.006335282651072,-296,237,5,0.06091617933723101,533,1
786,"(18,11)",,False,53,"[18, 11, 14, 0, 15]",3,0.006042884990253,-298,237,5,0.057602339181286,535,1
787,"(18,11)",,False,53,"[18, 11, 14, 0, 15]",3,0.006042884990253,-298,237,5,0.057602339181286,535,1
788,"(17,5)",,False,53,"[12, 15, 17, 8, 5]",3,0.0035737491877840004,-300,237,5,0.045516569200779004,537,1
789,"(17,5)",,False,53,"[12, 15, 17, 8, 5]",3,0.0035737491877840004,-300,237,5,0.045516569200779004,537,1
790,"(16,0)",,False,53,"[16, 0, 7, 8, 3]",2,0.0,-302,237,5,0.055172653856864005,539,1
791,"(16,0)",,False,53,"[16, 0, 7, 8, 3]",2,0.0,-302,237,5,0.055172653856864005,539,1
792,"(1,19)",,False,55,"[14, 1, 19, 18, 11]",2,0.0,-304,237,6,0.09096816114359901,541,1
793,"(1,19)",,False,55,"[14, 1, 19, 18, 11]",2,0.0,-304,237,6,0.09096816114359901,541,1
794,"(10,16)",,False,53,"[10, 13, 19, 16, 9]",2,0.0,-306,237,6,0.11362897985705,543,1
795,"(10,16)",,False,53,"[10, 13, 19, 16, 9]",2,0.0,-306,237,6,0.11362897985705,543,1
796,"(17,4)",,False,51,"[17, 7, 15, 4, 18]",2,0.0,-308,237,6,0.11944212382808801,545,1
797,"(17,4)",,False,51,"[17, 7, 15, 4, 18]",2,0.0,-308,237,6,0.11944212382808801,545,1
798,"(9,7)",,False,53,"[10, 2, 9, 8, 7]",3,0.01174020910863,-310,237,6,0.111975646186172,547,1
799,"(9,7)",,False,53,"[10, 2, 9, 8, 7]",3,0.01174020910863,-310,237,6,0.111975646186172,547,1
