,actionDetail,actionType,bonusActivated,graphEdgeCount,nodeList,p1Degree,p1Score,p1WinAdvantage,p1WinCount,p2Degree,p2Score,p2WinCount,player
0,"(3,18)",,False,0,"[3, 18, 6, 8, 16]",0,-0.001,0,0,0,-0.001,0,1
1,"(3,18)",,False,0,"[3, 18, 6, 8, 16]",0,-0.001,0,0,0,-0.001,0,1
2,"(8,5)",,False,2,"[8, 5, 6, 3, 7]",0,-0.001,0,0,0,-0.001,0,1
3,"(8,5)",,False,2,"[8, 5, 6, 3, 7]",0,-0.001,0,0,0,-0.001,0,1
4,"(9,5)",,False,4,"[9, 5, 6, 0, 13]",1,0.0,2,2,0,-0.001,0,1
5,"(9,5)",,False,4,"[9, 5, 6, 0, 13]",1,0.0,2,2,0,-0.001,0,1
6,"(1,7)",,False,6,"[1, 7, 0, 19, 13]",1,0.0,3,3,1,0.0,0,1
7,"(1,7)",,False,6,"[1, 7, 0, 19, 13]",1,0.0,3,3,1,0.0,0,1
8,"(10,7)",,False,8,"[10, 7, 15, 8, 11]",1,0.0,3,3,1,0.0,0,1
9,"(10,7)",,False,8,"[10, 7, 15, 8, 11]",1,0.0,3,3,1,0.0,0,1
10,"(2,7)",,False,10,"[2, 7, 5, 16, 13]",1,0.0,3,3,1,0.0,0,1
11,"(2,7)",,False,10,"[2, 7, 5, 16, 13]",1,0.0,3,3,1,0.0,0,1
12,"(11,4)",,False,12,"[11, 0, 4, 10, 7]",1,0.0,3,3,1,0.0,0,1
13,"(11,4)",,False,12,"[11, 0, 4, 10, 7]",1,0.0,3,3,1,0.0,0,1
14,"(4,1)",,False,14,"[15, 4, 14, 5, 1]",2,0.07602339181286501,3,4,2,0.26315789473684204,1,1
15,"(4,1)",,False,14,"[15, 4, 14, 5, 1]",2,0.07602339181286501,3,4,2,0.26315789473684204,1,1
16,"(16,19)",,False,16,"[17, 15, 16, 13, 19]",2,0.017543859649122,1,4,2,0.05847953216374201,3,1
17,"(16,19)",,False,16,"[17, 15, 16, 13, 19]",2,0.017543859649122,1,4,2,0.05847953216374201,3,1
18,"(19,8)",,False,17,"[19, 8, 12, 5, 2]",4,0.25730994152046704,3,6,2,0.21637426900584703,3,1
19,"(19,8)",,False,17,"[19, 8, 12, 5, 2]",4,0.25730994152046704,3,6,2,0.21637426900584703,3,1
20,"(1,3)",,False,19,"[2, 1, 3, 0, 10]",5,0.37426900584795303,5,8,3,0.175438596491228,3,1
21,"(1,3)",,False,19,"[2, 1, 3, 0, 10]",5,0.37426900584795303,5,8,3,0.175438596491228,3,1
22,"(16,10)",,False,21,"[18, 8, 6, 16, 10]",5,0.28849902534113003,7,10,3,0.122807017543859,3,1
23,"(16,10)",,False,21,"[18, 8, 6, 16, 10]",5,0.28849902534113003,7,10,3,0.122807017543859,3,1
24,"(3,9)",,False,21,"[3, 19, 9, 11, 2]",5,0.29239766081871305,9,12,3,0.15740740740740702,3,1
25,"(3,9)",,False,21,"[3, 19, 9, 11, 2]",5,0.29239766081871305,9,12,3,0.15740740740740702,3,1
26,"(6,3)",,False,23,"[6, 2, 19, 3, 12]",5,0.36920077972709503,11,14,3,0.21208576998050602,3,1
27,"(6,3)",,False,23,"[6, 2, 19, 3, 12]",5,0.36920077972709503,11,14,3,0.21208576998050602,3,1
28,"(4,0)",,False,23,"[12, 3, 8, 4, 0]",5,0.37280701754385903,13,16,3,0.23391812865497003,3,1
29,"(4,0)",,False,23,"[12, 3, 8, 4, 0]",5,0.37280701754385903,13,16,3,0.23391812865497003,3,1
30,"(2,1)",,False,23,"[2, 11, 17, 1, 0]",5,0.380116959064327,15,18,3,0.22076023391812802,3,1
31,"(2,1)",,False,23,"[2, 11, 17, 1, 0]",5,0.380116959064327,15,18,3,0.22076023391812802,3,1
32,"(0,13)",,False,24,"[12, 3, 0, 13, 11]",6,0.331384015594541,17,20,3,0.197855750487329,3,1
33,"(0,13)",,False,24,"[12, 3, 0, 13, 11]",6,0.331384015594541,17,20,3,0.197855750487329,3,1
34,"(10,5)",,False,26,"[2, 9, 10, 6, 5]",7,0.367446393762183,19,22,3,0.053606237816764005,3,1
35,"(10,5)",,False,26,"[2, 9, 10, 6, 5]",7,0.367446393762183,19,22,3,0.053606237816764005,3,1
36,"(1,12)",,False,26,"[1, 0, 12, 9, 4]",7,0.364522417153996,21,24,4,0.10721247563352801,3,1
37,"(1,12)",,False,26,"[1, 0, 12, 9, 4]",7,0.364522417153996,21,24,4,0.10721247563352801,3,1
38,"(17,0)",,False,26,"[19, 4, 17, 10, 0]",6,0.25584795321637405,23,26,4,0.081384015594541,3,1
39,"(17,0)",,False,26,"[19, 4, 17, 10, 0]",6,0.25584795321637405,23,26,4,0.081384015594541,3,1
40,"(1,19)",,False,28,"[10, 17, 1, 6, 19]",7,0.319688109161793,25,28,5,0.132553606237816,3,1
41,"(1,19)",,False,28,"[10, 17, 1, 6, 19]",7,0.319688109161793,25,28,5,0.132553606237816,3,1
42,"(0,11)",,False,29,"[0, 9, 3, 8, 11]",6,0.24385964912280703,27,30,5,0.16374269005847902,3,1
43,"(0,11)",,False,29,"[0, 9, 3, 8, 11]",6,0.24385964912280703,27,30,5,0.16374269005847902,3,1
44,"(1,13)",,False,31,"[1, 13, 7, 12, 0]",7,0.294054580896686,27,31,6,0.33040935672514604,4,1
45,"(1,13)",,False,31,"[1, 13, 7, 12, 0]",7,0.294054580896686,27,31,6,0.33040935672514604,4,1
46,"(1,18)",,False,33,"[1, 9, 18, 5, 6]",7,0.24493177387914203,25,31,7,0.335672514619883,6,1
47,"(1,18)",,False,33,"[1, 9, 18, 5, 6]",7,0.24493177387914203,25,31,7,0.335672514619883,6,1
48,"(17,3)",,False,35,"[8, 17, 6, 4, 3]",7,0.192397660818713,23,31,7,0.335380116959064,8,1
49,"(17,3)",,False,35,"[8, 17, 6, 4, 3]",7,0.192397660818713,23,31,7,0.335380116959064,8,1
50,"(2,10)",,False,37,"[8, 2, 0, 4, 10]",7,0.170036201615148,21,31,7,0.30843776106934,10,1
51,"(2,10)",,False,37,"[8, 2, 0, 4, 10]",7,0.170036201615148,21,31,7,0.30843776106934,10,1
52,"(18,8)",,True,36,"[18, 12, 15, 14, 8]",7,0.22276524644945603,19,31,7,0.304539125591757,12,1
53,"(18,8)",,True,36,"[18, 12, 15, 14, 8]",7,0.22276524644945603,19,31,7,0.304539125591757,12,1
54,"(1,11)",,False,36,"[8, 19, 1, 11, 4]",7,0.24844054580896602,17,31,8,0.335380116959064,14,1
55,"(1,11)",,False,36,"[8, 19, 1, 11, 4]",7,0.24844054580896602,17,31,8,0.335380116959064,14,1
56,16:12,assassinate,True,31,"[2, 12, 10, 16, 13]",6,0.20097465886939503,17,32,8,0.378362573099415,15,1
57,16:12,assassinate,True,31,"[2, 12, 10, 16, 13]",6,0.20097465886939503,17,32,8,0.378362573099415,15,1
58,"(6,7)",,False,33,"[8, 4, 16, 6, 7]",6,0.172319688109161,15,32,8,0.29093567251461905,17,1
59,"(6,7)",,False,33,"[8, 4, 16, 6, 7]",6,0.172319688109161,15,32,8,0.29093567251461905,17,1
60,"(1,7)",,True,35,"[9, 14, 10, 1, 7]",7,0.175744917850181,13,32,9,0.302645502645502,19,1
61,"(1,7)",,True,35,"[9, 14, 10, 1, 7]",7,0.175744917850181,13,32,9,0.302645502645502,19,1
62,"(11,4)",,False,35,"[18, 1, 19, 11, 4]",7,0.183235867446393,11,32,9,0.295516569200779,21,1
63,"(11,4)",,False,35,"[18, 1, 19, 11, 4]",7,0.183235867446393,11,32,9,0.295516569200779,21,1
64,"(8,2)",,False,37,"[4, 8, 2, 19, 13]",7,0.177582846003898,9,32,9,0.254288499025341,23,1
65,"(8,2)",,False,37,"[4, 8, 2, 19, 13]",7,0.177582846003898,9,32,9,0.254288499025341,23,1
66,"(7,14)",,False,37,"[6, 7, 16, 14, 9]",7,0.17368421052631502,7,32,9,0.257115009746588,25,1
67,"(7,14)",,False,37,"[6, 7, 16, 14, 9]",7,0.17368421052631502,7,32,9,0.257115009746588,25,1
68,"(0,6)",,False,37,"[10, 2, 0, 6, 19]",6,0.181384015594541,5,32,9,0.277387914230019,27,1
69,"(0,6)",,False,37,"[10, 2, 0, 6, 19]",6,0.181384015594541,5,32,9,0.277387914230019,27,1
70,"(17,1)",,False,37,"[3, 10, 16, 17, 1]",6,0.181384015594541,5,33,9,0.277387914230019,28,1
71,"(17,1)",,False,37,"[3, 10, 16, 17, 1]",6,0.181384015594541,5,33,9,0.277387914230019,28,1
72,"(1,11)",,False,39,"[18, 8, 9, 1, 11]",6,0.10945419103313801,3,33,10,0.304970760233918,30,1
73,"(1,11)",,False,39,"[18, 8, 9, 1, 11]",6,0.10945419103313801,3,33,10,0.304970760233918,30,1
74,"(3,17)",,False,39,"[4, 9, 3, 17, 6]",6,0.12309941520467801,1,33,9,0.244541910331383,32,1
75,"(3,17)",,False,39,"[4, 9, 3, 17, 6]",6,0.12309941520467801,1,33,9,0.244541910331383,32,1
76,"(16,2)",,False,41,"[17, 10, 7, 16, 2]",7,0.14298245614035002,-1,33,9,0.24727095516569203,34,1
77,"(16,2)",,False,41,"[17, 10, 7, 16, 2]",7,0.14298245614035002,-1,33,9,0.24727095516569203,34,1
78,9:12,assassinate,True,36,"[19, 17, 8, 9, 16]",6,0.090253411306042,-3,33,9,0.29200779727095505,36,1
79,9:12,assassinate,True,36,"[19, 17, 8, 9, 16]",6,0.090253411306042,-3,33,9,0.29200779727095505,36,1
80,"(17,0)",,False,34,"[13, 17, 3, 0, 9]",5,0.05029239766081801,-5,33,9,0.277387914230019,38,1
81,"(17,0)",,False,34,"[13, 17, 3, 0, 9]",5,0.05029239766081801,-5,33,9,0.277387914230019,38,1
82,"(17,1)",,False,36,"[17, 1, 2, 5, 8]",5,0.05029239766081801,-7,33,10,0.34961013645224104,40,1
83,"(17,1)",,False,36,"[17, 1, 2, 5, 8]",5,0.05029239766081801,-7,33,10,0.34961013645224104,40,1
84,"(0,7)",,False,36,"[13, 6, 0, 19, 7]",4,0.039863547758284004,-9,33,10,0.34522417153996104,42,1
85,"(0,7)",,False,36,"[13, 6, 0, 19, 7]",4,0.039863547758284004,-9,33,10,0.34522417153996104,42,1
86,"(6,7)",,False,36,"[18, 19, 8, 6, 7]",4,0.044346978557504003,-11,33,10,0.35068226120857704,44,1
87,"(6,7)",,False,36,"[18, 19, 8, 6, 7]",4,0.044346978557504003,-11,33,10,0.35068226120857704,44,1
88,"(10,0)",,False,34,"[13, 8, 10, 2, 0]",3,0.015455304928989002,-13,33,9,0.31474519632414305,46,1
89,"(10,0)",,False,34,"[13, 8, 10, 2, 0]",3,0.015455304928989002,-13,33,9,0.31474519632414305,46,1
90,"(2,8)",,False,32,"[2, 10, 8, 17, 11]",3,0.015789473684210003,-15,33,9,0.293776106934001,48,1
91,"(2,8)",,False,32,"[2, 10, 8, 17, 11]",3,0.015789473684210003,-15,33,9,0.293776106934001,48,1
92,"(19,16)",,False,34,"[19, 10, 5, 18, 16]",4,0.058799777220829005,-17,33,9,0.328933444722918,50,1
93,"(19,16)",,False,34,"[19, 10, 5, 18, 16]",4,0.058799777220829005,-17,33,9,0.328933444722918,50,1
94,"(9,2)",,False,37,"[9, 11, 18, 2, 5]",4,0.057407407407407005,-19,33,9,0.309259259259259,52,1
95,"(9,2)",,False,37,"[9, 11, 18, 2, 5]",4,0.057407407407407005,-19,33,9,0.309259259259259,52,1
96,"(8,6)",,False,39,"[8, 0, 6, 16, 7]",4,0.050389863547758006,-21,33,9,0.28742690058479503,54,1
97,"(8,6)",,False,39,"[8, 0, 6, 16, 7]",4,0.050389863547758006,-21,33,9,0.28742690058479503,54,1
98,"(13,18)",,False,39,"[13, 18, 14, 9, 4]",4,0.040448343079922004,-23,33,8,0.255263157894736,56,1
99,"(13,18)",,False,39,"[13, 18, 14, 9, 4]",4,0.040448343079922004,-23,33,8,0.255263157894736,56,1
100,"(1,15)",,False,41,"[1, 0, 17, 15, 18]",4,0.032358674463937004,-25,33,9,0.27826510721247505,58,1
101,"(1,15)",,False,41,"[1, 0, 17, 15, 18]",4,0.032358674463937004,-25,33,9,0.27826510721247505,58,1
102,"(4,11)",,False,39,"[0, 16, 4, 9, 11]",4,0.020955165692007,-27,33,9,0.27105263157894705,60,1
103,"(4,11)",,False,39,"[0, 16, 4, 9, 11]",4,0.020955165692007,-27,33,9,0.27105263157894705,60,1
104,"(8,3)",,False,41,"[11, 8, 9, 10, 3]",5,0.12524366471734802,-29,33,9,0.284600389863547,62,1
105,"(8,3)",,False,41,"[11, 8, 9, 10, 3]",5,0.12524366471734802,-29,33,9,0.284600389863547,62,1
106,"(0,7)",,False,41,"[0, 7, 8, 18, 2]",4,0.019493177387914,-31,33,9,0.25498468393205204,64,1
107,"(0,7)",,False,41,"[0, 7, 8, 18, 2]",4,0.019493177387914,-31,33,9,0.25498468393205204,64,1
108,"(3,0)",,False,41,"[11, 14, 2, 3, 0]",3,0.005847953216374001,-33,33,9,0.271324143692564,66,1
109,"(3,0)",,False,41,"[11, 14, 2, 3, 0]",3,0.005847953216374001,-33,33,9,0.271324143692564,66,1
110,"(16,1)",,False,43,"[16, 8, 1, 13, 11]",3,0.005847953216374001,-35,33,10,0.28574909495962103,68,1
111,"(16,1)",,False,43,"[16, 8, 1, 13, 11]",3,0.005847953216374001,-35,33,10,0.28574909495962103,68,1
112,"(12,7)",,False,45,"[15, 13, 12, 3, 7]",3,0.005847953216374001,-37,33,10,0.307727652464494,70,1
113,"(12,7)",,False,45,"[15, 13, 12, 3, 7]",3,0.005847953216374001,-37,33,10,0.307727652464494,70,1
114,"(14,19)",,False,45,"[12, 14, 1, 19, 18]",3,0.005847953216374001,-39,33,10,0.299220272904483,72,1
115,"(14,19)",,False,45,"[12, 14, 1, 19, 18]",3,0.005847953216374001,-39,33,10,0.299220272904483,72,1
116,"(14,17)",,False,45,"[8, 14, 17, 16, 3]",4,0.034670008354218004,-41,33,10,0.289974937343358,74,1
117,"(14,17)",,False,45,"[8, 14, 17, 16, 3]",4,0.034670008354218004,-41,33,10,0.289974937343358,74,1
118,"(2,1)",,False,45,"[14, 2, 8, 1, 5]",4,0.034670008354218004,-43,33,10,0.289974937343358,76,1
119,"(2,1)",,False,45,"[14, 2, 8, 1, 5]",4,0.034670008354218004,-43,33,10,0.289974937343358,76,1
120,"(16,4)",,False,45,"[11, 10, 16, 4, 13]",4,0.033208020050125,-45,33,10,0.285101642996379,78,1
121,"(16,4)",,False,45,"[11, 10, 16, 4, 13]",4,0.033208020050125,-45,33,10,0.285101642996379,78,1
122,"(15,13)",,False,43,"[15, 17, 16, 13, 2]",4,0.050918964076858,-47,33,9,0.27272347535505403,80,1
123,"(15,13)",,False,43,"[15, 17, 16, 13, 2]",4,0.050918964076858,-47,33,9,0.27272347535505403,80,1
124,"(9,1)",,False,43,"[3, 18, 5, 9, 1]",4,0.075362016151489,-49,33,10,0.32130325814536304,82,1
125,"(9,1)",,False,43,"[3, 18, 5, 9, 1]",4,0.075362016151489,-49,33,10,0.32130325814536304,82,1
126,"(11,12)",,False,45,"[11, 17, 12, 18, 3]",5,0.069883040935672,-51,33,10,0.28596491228070103,84,1
127,"(11,12)",,False,45,"[11, 17, 12, 18, 3]",5,0.069883040935672,-51,33,10,0.28596491228070103,84,1
128,"(10,1)",,False,44,"[6, 17, 10, 0, 1]",5,0.08079922027290401,-53,33,9,0.25233918128654903,86,1
129,"(10,1)",,False,44,"[6, 17, 10, 0, 1]",5,0.08079922027290401,-53,33,9,0.25233918128654903,86,1
130,"(16,5)",,False,44,"[11, 2, 16, 10, 5]",5,0.08177387914230001,-55,33,9,0.267077415761626,88,1
131,"(16,5)",,False,44,"[11, 2, 16, 10, 5]",5,0.08177387914230001,-55,33,9,0.267077415761626,88,1
132,"(11,6)",,False,47,"[11, 12, 14, 6, 16]",5,0.070927318295739,-57,33,9,0.24016058665181403,90,1
133,"(11,6)",,False,47,"[11, 12, 14, 6, 16]",5,0.070927318295739,-57,33,9,0.24016058665181403,90,1
134,"(0,11)",,False,47,"[5, 10, 3, 0, 11]",4,0.05399610136452201,-59,33,9,0.236247183615604,92,1
135,"(0,11)",,False,47,"[5, 10, 3, 0, 11]",4,0.05399610136452201,-59,33,9,0.236247183615604,92,1
136,"(19,7)",,False,49,"[5, 19, 7, 4, 0]",4,0.04717348927875201,-61,33,9,0.20244128840620002,94,1
137,"(19,7)",,False,49,"[5, 19, 7, 4, 0]",4,0.04717348927875201,-61,33,9,0.20244128840620002,94,1
138,"(4,19)",,False,49,"[8, 14, 4, 19, 0]",4,0.04660261765524901,-63,33,9,0.21317878028404302,96,1
139,"(4,19)",,False,49,"[8, 14, 4, 19, 0]",4,0.04660261765524901,-63,33,9,0.21317878028404302,96,1
140,"(19,16)",,False,49,"[9, 3, 19, 17, 16]",4,0.04821776663881901,-65,33,9,0.219931773879142,98,1
141,"(19,16)",,False,49,"[9, 3, 19, 17, 16]",4,0.04821776663881901,-65,33,9,0.219931773879142,98,1
142,"(13,1)",,False,49,"[8, 16, 13, 1, 10]",4,0.038659147869674004,-67,33,10,0.259210526315789,100,1
143,"(13,1)",,False,49,"[8, 16, 13, 1, 10]",4,0.038659147869674004,-67,33,10,0.259210526315789,100,1
144,15:10,assassinate,True,43,"[10, 19, 15, 9, 16]",3,0.040517961570593,-69,33,9,0.220398217766638,102,1
145,15:10,assassinate,True,43,"[10, 19, 15, 9, 16]",3,0.040517961570593,-69,33,9,0.220398217766638,102,1
146,"(18,16)",,False,43,"[5, 6, 18, 14, 16]",3,0.034948482316903,-71,33,9,0.21612364243943102,104,1
147,"(18,16)",,False,43,"[5, 6, 18, 14, 16]",3,0.034948482316903,-71,33,9,0.21612364243943102,104,1
148,"(0,12)",,False,43,"[9, 0, 18, 19, 12]",2,0.010094681147312,-73,33,9,0.169469971224357,106,1
149,"(0,12)",,False,43,"[9, 0, 18, 19, 12]",2,0.010094681147312,-73,33,9,0.169469971224357,106,1
150,"(18,19)",,False,41,"[18, 11, 3, 19, 7]",2,0.09941520467836201,-75,33,9,0.23479532163742603,108,1
151,"(18,19)",,False,41,"[18, 11, 3, 19, 7]",2,0.09941520467836201,-75,33,9,0.23479532163742603,108,1
152,"(3,13)",,False,43,"[16, 3, 17, 13, 10]",2,0.010233918128654,-77,33,9,0.19844054580896603,110,1
153,"(3,13)",,False,43,"[16, 3, 17, 13, 10]",2,0.010233918128654,-77,33,9,0.19844054580896603,110,1
154,"(9,10)",,False,45,"[9, 19, 10, 18, 7]",2,0.010233918128654,-79,33,9,0.18039543302701203,112,1
155,"(9,10)",,False,45,"[9, 19, 10, 18, 7]",2,0.010233918128654,-79,33,9,0.18039543302701203,112,1
156,"(15,4)",,False,47,"[8, 15, 7, 6, 4]",3,0.031676413255360004,-81,33,9,0.199888610414926,114,1
157,"(15,4)",,False,47,"[8, 15, 7, 6, 4]",3,0.031676413255360004,-81,33,9,0.199888610414926,114,1
158,"(2,9)",,False,47,"[2, 9, 0, 11, 5]",3,0.025048732943469,-83,33,9,0.18984962406015002,116,1
159,"(2,9)",,False,47,"[2, 9, 0, 11, 5]",3,0.025048732943469,-83,33,9,0.18984962406015002,116,1
160,"(1,15)",,False,49,"[1, 19, 3, 16, 15]",3,0.021686159844054,-85,33,10,0.20434187320152203,118,1
161,"(1,15)",,False,49,"[1, 19, 3, 16, 15]",3,0.021686159844054,-85,33,10,0.20434187320152203,118,1
162,"(5,1)",,False,49,"[8, 5, 1, 14, 15]",3,0.10891812865497001,-87,33,11,0.22909356725146202,120,1
163,"(5,1)",,False,49,"[8, 5, 1, 14, 15]",3,0.10891812865497001,-87,33,11,0.22909356725146202,120,1
164,"(4,13)",,False,51,"[5, 0, 16, 4, 13]",3,0.025097465886939,-89,33,11,0.22253086419753002,122,1
165,"(4,13)",,False,51,"[5, 0, 16, 4, 13]",3,0.025097465886939,-89,33,11,0.22253086419753002,122,1
166,"(6,3)",,False,51,"[17, 6, 9, 3, 14]",3,0.024366471734892002,-91,33,11,0.228070175438596,124,1
167,"(6,3)",,False,51,"[17, 6, 9, 3, 14]",3,0.024366471734892002,-91,33,11,0.228070175438596,124,1
168,"(18,13)",,False,51,"[18, 7, 13, 8, 3]",3,0.008771929824561,-93,33,10,0.19199387357282002,126,1
169,"(18,13)",,False,51,"[18, 7, 13, 8, 3]",3,0.008771929824561,-93,33,10,0.19199387357282002,126,1
170,"(17,19)",,False,51,"[17, 12, 19, 9, 10]",3,0.008771929824561,-95,33,10,0.19199387357282002,128,1
171,"(17,19)",,False,51,"[17, 12, 19, 9, 10]",3,0.008771929824561,-95,33,10,0.19199387357282002,128,1
172,"(1,11)",,False,54,"[10, 0, 1, 14, 11]",3,0.008771929824561,-97,33,11,0.2,130,1
173,"(1,11)",,False,54,"[10, 0, 1, 14, 11]",3,0.008771929824561,-97,33,11,0.2,130,1
174,"(2,8)",,False,51,"[0, 17, 5, 2, 8]",3,0.010916179337231002,-99,33,9,0.1270955165692,132,1
175,"(2,8)",,False,51,"[0, 17, 5, 2, 8]",3,0.010916179337231002,-99,33,9,0.1270955165692,132,1
176,6:18,assassinate,True,41,"[7, 17, 16, 13, 6]",3,0.016959064327485,-101,33,8,0.163895850737956,134,1
177,6:18,assassinate,True,41,"[7, 17, 16, 13, 6]",3,0.016959064327485,-101,33,8,0.163895850737956,134,1
178,"(0,18)",,False,41,"[2, 6, 0, 17, 18]",2,0.007017543859649001,-103,33,8,0.1338693957115,136,1
179,"(0,18)",,False,41,"[2, 6, 0, 17, 18]",2,0.007017543859649001,-103,33,8,0.1338693957115,136,1
180,"(7,1)",,False,41,"[19, 7, 8, 14, 1]",2,0.007017543859649001,-105,33,8,0.127290448343079,138,1
181,"(7,1)",,False,41,"[19, 7, 8, 14, 1]",2,0.007017543859649001,-105,33,8,0.127290448343079,138,1
182,"(12,4)",,False,41,"[12, 6, 4, 13, 2]",2,0.006042884990253,-107,33,8,0.11937482595377301,140,1
183,"(12,4)",,False,41,"[12, 6, 4, 13, 2]",2,0.006042884990253,-107,33,8,0.11937482595377301,140,1
184,"(12,7)",,False,41,"[12, 5, 9, 3, 7]",3,0.030214424951267003,-109,33,8,0.13063213589529302,142,1
185,"(12,7)",,False,41,"[12, 5, 9, 3, 7]",3,0.030214424951267003,-109,33,8,0.13063213589529302,142,1
186,"(5,10)",,False,41,"[12, 9, 5, 10, 0]",4,0.050306321358952,-111,33,8,0.128000556947925,144,1
187,"(5,10)",,False,41,"[12, 9, 5, 10, 0]",4,0.050306321358952,-111,33,8,0.128000556947925,144,1
188,11:6,assassinate,True,37,"[6, 12, 11, 16, 8]",3,0.021345029239766,-113,33,7,0.093107769423558,146,1
189,11:6,assassinate,True,37,"[6, 12, 11, 16, 8]",3,0.021345029239766,-113,33,7,0.093107769423558,146,1
190,"(6,1)",,False,39,"[6, 5, 1, 2, 10]",3,0.020718462823725,-115,33,8,0.18625730994152,148,1
191,"(6,1)",,False,39,"[6, 5, 1, 2, 10]",3,0.020718462823725,-115,33,8,0.18625730994152,148,1
192,"(10,9)",,False,39,"[12, 16, 10, 5, 9]",4,0.046741854636591,-117,33,8,0.18749651907546602,150,1
193,"(10,9)",,False,39,"[12, 16, 10, 5, 9]",4,0.046741854636591,-117,33,8,0.18749651907546602,150,1
194,"(12,5)",,False,37,"[16, 12, 5, 10, 0]",4,0.046881091617933,-119,33,7,0.147953216374269,152,1
195,"(12,5)",,False,37,"[16, 12, 5, 10, 0]",4,0.046881091617933,-119,33,7,0.147953216374269,152,1
196,"(6,18)",,False,37,"[9, 6, 11, 8, 18]",4,0.046881091617933,-121,33,7,0.147953216374269,154,1
197,"(6,18)",,False,37,"[9, 6, 11, 8, 18]",4,0.046881091617933,-121,33,7,0.147953216374269,154,1
198,"(1,2)",,False,39,"[1, 2, 16, 12, 10]",4,0.034363686995265,-123,33,8,0.162392091339459,156,1
199,"(1,2)",,False,39,"[1, 2, 16, 12, 10]",4,0.034363686995265,-123,33,8,0.162392091339459,156,1
200,"(15,19)",,False,39,"[15, 11, 19, 8, 12]",4,0.035728209412419006,-125,33,8,0.171052631578947,158,1
201,"(15,19)",,False,39,"[15, 11, 19, 8, 12]",4,0.035728209412419006,-125,33,8,0.171052631578947,158,1
202,"(15,0)",,False,39,"[15, 13, 0, 17, 14]",3,0.017153996101364002,-127,33,8,0.17534113060428802,160,1
203,"(15,0)",,False,39,"[15, 13, 0, 17, 14]",3,0.017153996101364002,-127,33,8,0.17534113060428802,160,1
204,"(19,10)",,False,39,"[8, 15, 18, 19, 10]",4,0.044249512670565004,-129,33,8,0.19977722082985203,162,1
205,"(19,10)",,False,39,"[8, 15, 18, 19, 10]",4,0.044249512670565004,-129,33,8,0.19977722082985203,162,1
206,"(1,11)",,False,38,"[1, 7, 19, 14, 11]",4,0.050584795321637004,-131,33,7,0.16761347813979302,164,1
207,"(1,11)",,False,38,"[1, 7, 19, 14, 11]",4,0.050584795321637004,-131,33,7,0.16761347813979302,164,1
208,"(6,7)",,False,40,"[6, 7, 3, 4, 2]",4,0.046686159844054005,-133,33,7,0.169080107676598,166,1
209,"(6,7)",,False,40,"[6, 7, 3, 4, 2]",4,0.046686159844054005,-133,33,7,0.169080107676598,166,1
210,"(10,1)",,False,42,"[19, 10, 17, 15, 1]",5,0.064717348927875,-135,33,8,0.19590643274853803,168,1
211,"(10,1)",,False,42,"[19, 10, 17, 15, 1]",5,0.064717348927875,-135,33,8,0.19590643274853803,168,1
212,"(19,9)",,False,42,"[19, 16, 10, 9, 8]",5,0.064912280701754,-137,33,8,0.19561403508771902,170,1
213,"(19,9)",,False,42,"[19, 16, 10, 9, 8]",5,0.064912280701754,-137,33,8,0.19561403508771902,170,1
214,"(2,10)",,False,42,"[9, 2, 12, 6, 10]",5,0.06228070175438501,-139,33,8,0.22339181286549703,172,1
215,"(2,10)",,False,42,"[9, 2, 12, 6, 10]",5,0.06228070175438501,-139,33,8,0.22339181286549703,172,1
216,"(18,19)",,False,42,"[18, 19, 15, 4, 12]",5,0.08820662768031101,-141,33,8,0.21150097465886902,174,1
217,"(18,19)",,False,42,"[18, 19, 15, 4, 12]",5,0.08820662768031101,-141,33,8,0.21150097465886902,174,1
218,"(13,16)",,False,44,"[8, 18, 13, 16, 7]",5,0.07187412976886601,-143,33,8,0.165538847117794,176,1
219,"(13,16)",,False,44,"[8, 18, 13, 16, 7]",5,0.07187412976886601,-143,33,8,0.165538847117794,176,1
220,"(14,1)",,False,46,"[8, 10, 14, 15, 1]",5,0.056544138123085,-145,33,9,0.13627123363965402,178,1
221,"(14,1)",,False,46,"[8, 10, 14, 15, 1]",5,0.056544138123085,-145,33,9,0.13627123363965402,178,1
222,"(0,19)",,True,44,"[12, 3, 0, 7, 19]",4,0.056335282651072,-147,33,9,0.14278752436647102,180,1
223,"(0,19)",,True,44,"[12, 3, 0, 7, 19]",4,0.056335282651072,-147,33,9,0.14278752436647102,180,1
224,"(1,5)",,False,46,"[11, 1, 5, 10, 12]",4,0.056335282651072,-149,33,10,0.17269562795878501,182,1
225,"(1,5)",,False,46,"[11, 1, 5, 10, 12]",4,0.056335282651072,-149,33,10,0.17269562795878501,182,1
226,"(0,13)",,False,46,"[7, 0, 6, 13, 5]",3,0.040406571985519,-151,33,10,0.162336396546922,184,1
227,"(0,13)",,False,46,"[7, 0, 6, 13, 5]",3,0.040406571985519,-151,33,10,0.162336396546922,184,1
228,"(0,2)",,False,44,"[5, 13, 16, 0, 2]",2,0.004246727930938,-153,33,9,0.167891952102478,186,1
229,"(0,2)",,False,44,"[5, 13, 16, 0, 2]",2,0.004246727930938,-153,33,9,0.167891952102478,186,1
230,"(3,12)",,False,44,"[16, 3, 7, 12, 5]",2,0.003954330270119,-155,33,9,0.149220272904483,188,1
231,"(3,12)",,False,44,"[16, 3, 7, 12, 5]",2,0.003954330270119,-155,33,9,0.149220272904483,188,1
232,"(7,11)",,False,46,"[7, 16, 8, 11, 19]",2,0.0027847396268440004,-157,33,9,0.148454469507101,190,1
233,"(7,11)",,False,46,"[7, 16, 8, 11, 19]",2,0.0027847396268440004,-157,33,9,0.148454469507101,190,1
234,"(0,16)",,False,47,"[4, 0, 9, 16, 10]",1,0.0,-159,33,9,0.150306321358952,192,1
235,"(0,16)",,False,47,"[4, 0, 9, 16, 10]",1,0.0,-159,33,9,0.150306321358952,192,1
236,"(14,9)",,False,47,"[13, 14, 5, 3, 9]",1,0.0,-161,33,9,0.131800460747829,194,1
237,"(14,9)",,False,47,"[13, 14, 5, 3, 9]",1,0.0,-161,33,9,0.131800460747829,194,1
238,"(0,1)",,False,47,"[0, 1, 4, 15, 16]",2,0.0,-163,33,9,0.162455802806679,196,1
239,"(0,1)",,False,47,"[0, 1, 4, 15, 16]",2,0.0,-163,33,9,0.162455802806679,196,1
240,"(1,4)",,False,47,"[3, 11, 1, 4, 16]",2,0.0,-165,33,9,0.16861830502181302,198,1
241,"(1,4)",,False,47,"[3, 11, 1, 4, 16]",2,0.0,-165,33,9,0.16861830502181302,198,1
242,"(9,15)",,False,47,"[9, 15, 2, 12, 6]",2,0.0,-167,33,9,0.15935904576255402,200,1
243,"(9,15)",,False,47,"[9, 15, 2, 12, 6]",2,0.0,-167,33,9,0.15935904576255402,200,1
244,"(4,13)",,False,47,"[12, 4, 13, 17, 11]",3,0.001949317738791,-169,33,9,0.134287106655527,202,1
245,"(4,13)",,False,47,"[12, 4, 13, 17, 11]",3,0.001949317738791,-169,33,9,0.134287106655527,202,1
246,"(16,15)",,False,47,"[14, 6, 12, 16, 15]",3,0.001949317738791,-171,33,9,0.143762183235867,204,1
247,"(16,15)",,False,47,"[14, 6, 12, 16, 15]",3,0.001949317738791,-171,33,9,0.143762183235867,204,1
248,"(8,1)",,False,49,"[8, 10, 18, 1, 4]",3,0.001949317738791,-173,33,10,0.15627958785853502,206,1
249,"(8,1)",,False,49,"[8, 10, 18, 1, 4]",3,0.001949317738791,-173,33,10,0.15627958785853502,206,1
250,"(11,2)",,False,49,"[11, 12, 16, 2, 17]",3,0.001949317738791,-175,33,10,0.142425508214981,208,1
251,"(11,2)",,False,49,"[11, 12, 16, 2, 17]",3,0.001949317738791,-175,33,10,0.142425508214981,208,1
252,"(1,12)",,False,51,"[1, 12, 18, 0, 14]",4,0.019736842105263,-177,33,11,0.15912002227791702,210,1
253,"(1,12)",,False,51,"[1, 12, 18, 0, 14]",4,0.019736842105263,-177,33,11,0.15912002227791702,210,1
254,"(13,16)",,False,51,"[0, 14, 11, 13, 16]",4,0.020711500974658,-179,33,11,0.159649122807017,212,1
255,"(13,16)",,False,51,"[0, 14, 11, 13, 16]",4,0.020711500974658,-179,33,11,0.159649122807017,212,1
256,"(2,14)",,False,51,"[2, 19, 15, 7, 14]",4,0.021205792258423003,-181,33,11,0.15721247563352803,214,1
257,"(2,14)",,False,51,"[2, 19, 15, 7, 14]",4,0.021205792258423003,-181,33,11,0.15721247563352803,214,1
258,"(1,5)",,False,53,"[14, 8, 1, 9, 5]",4,0.022082985240879,-183,33,12,0.17134502923976602,216,1
259,"(1,5)",,False,53,"[14, 8, 1, 9, 5]",4,0.022082985240879,-183,33,12,0.17134502923976602,216,1
260,3:16,assassinate,True,46,"[14, 18, 15, 3, 7]",3,0.011361737677527002,-185,33,11,0.17446393762183202,218,1
261,3:16,assassinate,True,46,"[14, 18, 15, 3, 7]",3,0.011361737677527002,-185,33,11,0.17446393762183202,218,1
262,"(1,3)",,False,48,"[17, 1, 3, 8, 0]",3,0.015121136173767001,-187,33,12,0.278460038986354,220,1
263,"(1,3)",,False,48,"[17, 1, 3, 8, 0]",3,0.015121136173767001,-187,33,12,0.278460038986354,220,1
264,"(12,5)",,False,49,"[12, 13, 16, 6, 5]",5,0.039557226399331,-189,33,12,0.24746588693957103,222,1
265,"(12,5)",,False,49,"[12, 13, 16, 6, 5]",5,0.039557226399331,-189,33,12,0.24746588693957103,222,1
266,"(0,12)",,False,49,"[17, 15, 0, 5, 12]",4,0.023350041771094003,-191,33,12,0.22017543859649102,224,1
267,"(0,12)",,False,49,"[17, 15, 0, 5, 12]",4,0.023350041771094003,-191,33,12,0.22017543859649102,224,1
268,"(12,19)",,False,49,"[12, 19, 4, 13, 5]",4,0.023155109997215,-193,33,12,0.215399610136452,226,1
269,"(12,19)",,False,49,"[12, 19, 4, 13, 5]",4,0.023155109997215,-193,33,12,0.215399610136452,226,1
270,"(18,19)",,False,49,"[18, 13, 19, 16, 6]",4,0.024032302979671002,-195,33,12,0.216861598440545,228,1
271,"(18,19)",,False,49,"[18, 13, 19, 16, 6]",4,0.024032302979671002,-195,33,12,0.216861598440545,228,1
272,"(1,17)",,False,51,"[1, 17, 2, 11, 9]",4,0.023120300751879003,-197,33,13,0.263116123642439,230,1
273,"(1,17)",,False,51,"[1, 17, 2, 11, 9]",4,0.023120300751879003,-197,33,13,0.263116123642439,230,1
274,"(4,15)",,False,51,"[9, 4, 13, 15, 6]",5,0.035758377425044,-199,33,13,0.25715678084099103,232,1
275,"(4,15)",,False,51,"[9, 4, 13, 15, 6]",5,0.035758377425044,-199,33,13,0.25715678084099103,232,1
276,"(18,3)",,False,49,"[18, 12, 15, 9, 3]",5,0.040021771600718,-201,33,12,0.2441881218197,234,1
277,"(18,3)",,False,49,"[18, 12, 15, 9, 3]",5,0.040021771600718,-201,33,12,0.2441881218197,234,1
278,"(8,5)",,False,47,"[8, 18, 9, 5, 7]",5,0.077777777777777,-203,33,11,0.231335282651072,236,1
279,"(8,5)",,False,47,"[8, 18, 9, 5, 7]",5,0.077777777777777,-203,33,11,0.231335282651072,236,1
280,"(8,3)",,False,49,"[8, 11, 19, 3, 14]",5,0.048846653671215004,-205,33,11,0.20925461802654702,238,1
281,"(8,3)",,False,49,"[8, 11, 19, 3, 14]",5,0.048846653671215004,-205,33,11,0.20925461802654702,238,1
282,"(18,12)",,False,50,"[18, 8, 12, 7, 15]",5,0.049333983105912006,-207,33,11,0.198505523066926,240,1
283,"(18,12)",,False,50,"[18, 8, 12, 7, 15]",5,0.049333983105912006,-207,33,11,0.198505523066926,240,1
284,"(1,16)",,False,51,"[1, 8, 16, 18, 2]",6,0.069639376218323,-209,33,11,0.18829544399719803,242,1
285,"(1,16)",,False,51,"[1, 8, 16, 18, 2]",6,0.069639376218323,-209,33,11,0.18829544399719803,242,1
286,"(6,1)",,False,53,"[12, 6, 1, 10, 3]",6,0.065545808966861,-211,33,12,0.223654675409061,244,1
287,"(6,1)",,False,53,"[12, 6, 1, 10, 3]",6,0.065545808966861,-211,33,12,0.223654675409061,244,1
288,"(14,18)",,False,53,"[5, 14, 18, 12, 17]",6,0.061849700007594,-213,33,12,0.20819979241031802,246,1
289,"(14,18)",,False,53,"[5, 14, 18, 12, 17]",6,0.061849700007594,-213,33,12,0.20819979241031802,246,1
290,"(18,2)",,False,53,"[18, 2, 15, 16, 0]",6,0.058792815371762,-215,33,12,0.208257385888964,248,1
291,"(18,2)",,False,53,"[18, 2, 15, 16, 0]",6,0.058792815371762,-215,33,12,0.208257385888964,248,1
292,"(4,3)",,False,55,"[16, 4, 8, 13, 3]",6,0.050410310936626006,-217,33,12,0.19932465195623,250,1
293,"(4,3)",,False,55,"[16, 4, 8, 13, 3]",6,0.050410310936626006,-217,33,12,0.19932465195623,250,1
294,"(4,5)",,False,55,"[6, 4, 5, 3, 14]",7,0.064931267562846,-219,33,12,0.19307865623655002,252,1
295,"(4,5)",,False,55,"[6, 4, 5, 3, 14]",7,0.064931267562846,-219,33,12,0.19307865623655002,252,1
296,"(10,5)",,False,55,"[10, 11, 5, 7, 3]",7,0.065504930417211,-221,33,12,0.203173175102999,254,1
297,"(10,5)",,False,55,"[10, 11, 5, 7, 3]",7,0.065504930417211,-221,33,12,0.203173175102999,254,1
298,"(2,6)",,False,55,"[2, 9, 6, 7, 19]",7,0.063495276653171,-223,33,12,0.215750915750915,256,1
299,"(2,6)",,False,55,"[2, 9, 6, 7, 19]",7,0.063495276653171,-223,33,12,0.215750915750915,256,1
300,"(13,1)",,False,55,"[16, 0, 13, 10, 1]",7,0.06676181193725,-225,33,12,0.21860206070732302,258,1
301,"(13,1)",,False,55,"[16, 0, 13, 10, 1]",7,0.06676181193725,-225,33,12,0.21860206070732302,258,1
302,"(15,1)",,False,57,"[4, 16, 15, 18, 1]",7,0.064325164763761,-227,33,13,0.225556947925368,260,1
303,"(15,1)",,False,57,"[4, 16, 15, 18, 1]",7,0.064325164763761,-227,33,13,0.225556947925368,260,1
304,"(1,9)",,False,59,"[1, 15, 4, 9, 10]",8,0.073085491506544,-229,33,14,0.24270862341037702,262,1
305,"(1,9)",,False,59,"[1, 15, 4, 9, 10]",8,0.073085491506544,-229,33,14,0.24270862341037702,262,1
306,"(17,11)",,False,59,"[4, 16, 17, 6, 11]",8,0.072639933166248,-231,33,14,0.24417757356353803,264,1
307,"(17,11)",,False,59,"[4, 16, 17, 6, 11]",8,0.072639933166248,-231,33,14,0.24417757356353803,264,1
308,"(15,4)",,False,60,"[12, 15, 4, 8, 3]",10,0.118880534670008,-233,33,14,0.24429824561403501,266,1
309,"(15,4)",,False,60,"[12, 15, 4, 8, 3]",10,0.118880534670008,-233,33,14,0.24429824561403501,266,1
310,"(14,10)",,False,58,"[11, 14, 4, 17, 10]",10,0.133249791144527,-235,33,14,0.266638819270398,268,1
311,"(14,10)",,False,58,"[11, 14, 4, 17, 10]",10,0.133249791144527,-235,33,14,0.266638819270398,268,1
312,"(1,11)",,False,60,"[5, 10, 18, 1, 11]",10,0.11658312447786101,-237,33,15,0.27282790309106103,270,1
313,"(1,11)",,False,60,"[5, 10, 18, 1, 11]",10,0.11658312447786101,-237,33,15,0.27282790309106103,270,1
314,"(10,17)",,False,60,"[10, 17, 11, 7, 4]",10,0.113269284321915,-239,33,15,0.25616123642439403,272,1
315,"(10,17)",,False,60,"[10, 17, 11, 7, 4]",10,0.113269284321915,-239,33,15,0.25616123642439403,272,1
316,"(18,15)",,False,60,"[8, 6, 18, 4, 15]",10,0.115900863269284,-241,33,15,0.265566694514062,274,1
317,"(18,15)",,False,60,"[8, 6, 18, 4, 15]",10,0.115900863269284,-241,33,15,0.265566694514062,274,1
318,"(12,2)",,False,60,"[7, 16, 12, 13, 2]",10,0.113338902812587,-243,33,15,0.256474519632414,276,1
319,"(12,2)",,False,60,"[7, 16, 12, 13, 2]",10,0.113338902812587,-243,33,15,0.256474519632414,276,1
320,"(11,14)",,False,62,"[15, 11, 14, 9, 17]",10,0.10648148148148101,-245,33,15,0.23830409356725102,278,1
321,"(11,14)",,False,62,"[15, 11, 14, 9, 17]",10,0.10648148148148101,-245,33,15,0.23830409356725102,278,1
322,"(12,9)",,False,62,"[6, 13, 12, 16, 9]",11,0.129768866610971,-247,33,15,0.24122807017543801,280,1
323,"(12,9)",,False,62,"[6, 13, 12, 16, 9]",11,0.129768866610971,-247,33,15,0.24122807017543801,280,1
324,"(12,10)",,False,62,"[4, 12, 16, 15, 10]",11,0.131091617933723,-249,33,15,0.24461089592668503,282,1
325,"(12,10)",,False,62,"[4, 12, 16, 15, 10]",11,0.131091617933723,-249,33,15,0.24461089592668503,282,1
326,"(0,11)",,False,62,"[9, 0, 16, 17, 11]",10,0.10994152046783601,-251,33,15,0.24299574694311502,284,1
327,"(0,11)",,False,62,"[9, 0, 16, 17, 11]",10,0.10994152046783601,-251,33,15,0.24299574694311502,284,1
328,7:8,assassinate,True,59,"[9, 7, 17, 14, 2]",9,0.074398960363872,-253,33,15,0.228801169590643,286,1
329,7:8,assassinate,True,59,"[9, 7, 17, 14, 2]",9,0.074398960363872,-253,33,15,0.228801169590643,286,1
330,"(7,8)",,False,61,"[5, 7, 4, 8, 3]",9,0.07488628979857001,-255,33,15,0.24025341130604203,288,1
331,"(7,8)",,False,61,"[5, 7, 4, 8, 3]",9,0.07488628979857001,-255,33,15,0.24025341130604203,288,1
332,"(11,18)",,False,62,"[3, 11, 17, 5, 18]",9,0.07763157894736801,-257,33,15,0.25430178982810503,290,1
333,"(11,18)",,False,62,"[3, 11, 17, 5, 18]",9,0.07763157894736801,-257,33,15,0.25430178982810503,290,1
334,"(9,16)",,False,60,"[1, 13, 9, 18, 16]",9,0.08611111111111101,-259,33,14,0.21749512670565302,292,1
335,"(9,16)",,False,60,"[1, 13, 9, 18, 16]",9,0.08611111111111101,-259,33,14,0.21749512670565302,292,1
336,"(18,3)",,False,62,"[5, 18, 10, 6, 3]",9,0.07631204078572401,-261,33,14,0.201040528672107,294,1
337,"(18,3)",,False,62,"[5, 18, 10, 6, 3]",9,0.07631204078572401,-261,33,14,0.201040528672107,294,1
338,"(2,19)",,False,62,"[2, 19, 6, 11, 17]",10,0.097312190733243,-263,33,14,0.21631000578368903,296,1
339,"(2,19)",,False,62,"[2, 19, 6, 11, 17]",10,0.097312190733243,-263,33,14,0.21631000578368903,296,1
340,"(5,16)",,False,65,"[9, 17, 13, 5, 16]",10,0.080534670008354,-265,33,14,0.20183096630465003,298,1
341,"(5,16)",,False,65,"[9, 17, 13, 5, 16]",10,0.080534670008354,-265,33,14,0.20183096630465003,298,1
342,"(1,5)",,False,65,"[15, 1, 5, 9, 8]",10,0.10356446672236101,-267,33,14,0.176684767474241,300,1
343,"(1,5)",,False,65,"[15, 1, 5, 9, 8]",10,0.10356446672236101,-267,33,14,0.176684767474241,300,1
344,"(7,18)",,False,67,"[5, 7, 18, 15, 14]",11,0.13251647637612501,-269,33,14,0.17207370277545703,302,1
345,"(7,18)",,False,67,"[5, 7, 18, 15, 14]",11,0.13251647637612501,-269,33,14,0.17207370277545703,302,1
346,"(15,7)",,False,66,"[17, 15, 3, 7, 9]",11,0.13701972166884402,-267,35,12,0.128470213996529,302,1
347,"(15,7)",,False,66,"[17, 15, 3, 7, 9]",11,0.13701972166884402,-267,35,12,0.128470213996529,302,1
348,"(7,16)",,False,69,"[5, 7, 16, 13, 18]",11,0.122972414200484,-265,37,12,0.116936912989544,302,1
349,"(7,16)",,False,69,"[5, 7, 16, 13, 18]",11,0.122972414200484,-265,37,12,0.116936912989544,302,1
350,"(5,8)",,False,68,"[5, 9, 12, 8, 10]",11,0.13152156485489802,-263,39,10,0.08430419483051001,302,1
351,"(5,8)",,False,68,"[5, 9, 12, 8, 10]",11,0.13152156485489802,-263,39,10,0.08430419483051001,302,1
352,"(6,7)",,False,68,"[6, 16, 9, 10, 7]",11,0.130444798865851,-261,41,10,0.08495396741010701,302,1
353,"(6,7)",,False,68,"[6, 16, 9, 10, 7]",11,0.130444798865851,-261,41,10,0.08495396741010701,302,1
354,"(1,19)",,False,70,"[1, 12, 0, 7, 19]",11,0.101294319715372,-259,43,11,0.09937635463951201,302,1
355,"(1,19)",,False,70,"[1, 12, 0, 7, 19]",11,0.101294319715372,-259,43,11,0.09937635463951201,302,1
356,"(1,11)",,False,70,"[1, 12, 2, 11, 9]",11,0.10103356682304,-259,44,12,0.14607833686781002,303,1
357,"(1,11)",,False,70,"[1, 12, 2, 11, 9]",11,0.10103356682304,-259,44,12,0.14607833686781002,303,1
358,"(7,1)",,False,71,"[7, 1, 18, 9, 16]",11,0.093664717348927,-261,44,13,0.16001113895850702,305,1
359,"(7,1)",,False,71,"[7, 1, 18, 9, 16]",11,0.093664717348927,-261,44,13,0.16001113895850702,305,1
360,"(3,16)",,False,73,"[19, 10, 3, 16, 18]",11,0.0843295106453,-263,44,13,0.13204475836054702,307,1
361,"(3,16)",,False,73,"[19, 10, 3, 16, 18]",11,0.0843295106453,-263,44,13,0.13204475836054702,307,1
362,"(7,15)",,False,73,"[11, 7, 2, 8, 15]",11,0.08528644844434301,-265,44,13,0.13315232525758802,309,1
363,"(7,15)",,False,73,"[11, 7, 2, 8, 15]",11,0.08528644844434301,-265,44,13,0.13315232525758802,309,1
364,"(7,6)",,False,71,"[16, 4, 7, 9, 6]",11,0.097045011518695,-267,44,13,0.14130465051517602,311,1
365,"(7,6)",,False,71,"[16, 4, 7, 9, 6]",11,0.097045011518695,-267,44,13,0.14130465051517602,311,1
366,"(6,3)",,False,71,"[6, 3, 16, 18, 5]",11,0.10245879851143001,-269,44,13,0.144781144781144,313,1
367,"(6,3)",,False,71,"[6, 3, 16, 18, 5]",11,0.10245879851143001,-269,44,13,0.144781144781144,313,1
368,"(6,2)",,False,69,"[14, 6, 2, 18, 12]",11,0.107172603225234,-271,44,12,0.122102604997341,315,1
369,"(6,2)",,False,69,"[14, 6, 2, 18, 12]",11,0.107172603225234,-271,44,12,0.122102604997341,315,1
370,"(15,1)",,False,72,"[15, 16, 1, 12, 2]",11,0.08334219386850901,-273,44,13,0.13595900525725002,317,1
371,"(15,1)",,False,72,"[15, 16, 1, 12, 2]",11,0.08334219386850901,-273,44,13,0.13595900525725002,317,1
372,"(7,0)",,False,70,"[9, 7, 0, 16, 18]",10,0.070498215235057,-275,44,12,0.11537513818215502,319,1
373,"(7,0)",,False,70,"[9, 7, 0, 16, 18]",10,0.070498215235057,-275,44,12,0.11537513818215502,319,1
374,"(19,5)",,False,70,"[19, 2, 10, 9, 5]",10,0.07298644338118,-277,44,12,0.11284482249394501,321,1
375,"(19,5)",,False,70,"[19, 2, 10, 9, 5]",10,0.07298644338118,-277,44,12,0.11284482249394501,321,1
376,"(11,13)",,True,68,"[11, 13, 15, 4, 16]",10,0.0828142374195,-279,44,12,0.137295469313013,323,1
377,"(11,13)",,True,68,"[11, 13, 15, 4, 16]",10,0.0828142374195,-279,44,12,0.137295469313013,323,1
378,"(3,6)",,False,70,"[16, 5, 3, 11, 6]",10,0.07298644338118,-281,44,12,0.11284482249394501,325,1
379,"(3,6)",,False,70,"[16, 5, 3, 11, 6]",10,0.07298644338118,-281,44,12,0.11284482249394501,325,1
380,"(0,4)",,False,68,"[19, 2, 0, 3, 4]",9,0.062637232812671,-283,44,11,0.10164215251934501,327,1
381,"(0,4)",,False,68,"[19, 2, 0, 3, 4]",9,0.062637232812671,-283,44,11,0.10164215251934501,327,1
382,"(18,15)",,False,70,"[16, 18, 10, 12, 15]",9,0.051582238424343,-285,44,11,0.08567251461988301,329,1
383,"(18,15)",,False,70,"[16, 18, 10, 12, 15]",9,0.051582238424343,-285,44,11,0.08567251461988301,329,1
384,17:20,assassinate,True,61,"[9, 17, 3, 6, 15]",9,0.057072583549961,-287,44,10,0.096290566927686,331,1
385,17:20,assassinate,True,61,"[9, 17, 3, 6, 15]",9,0.057072583549961,-287,44,10,0.096290566927686,331,1
386,"(13,11)",,False,59,"[6, 13, 7, 11, 12]",9,0.06135245521210401,-289,44,9,0.08984498282743801,333,1
387,"(13,11)",,False,59,"[6, 13, 7, 11, 12]",9,0.06135245521210401,-289,44,9,0.08984498282743801,333,1
388,"(14,5)",,False,61,"[14, 6, 12, 2, 5]",9,0.04842027095028,-291,44,9,0.067776531973207,335,1
389,"(14,5)",,False,61,"[14, 6, 12, 2, 5]",9,0.04842027095028,-291,44,9,0.067776531973207,335,1
390,"(0,17)",,False,61,"[0, 10, 2, 11, 17]",9,0.04842027095028,-291,45,9,0.067776531973207,336,1
391,"(0,17)",,False,61,"[0, 10, 2, 11, 17]",9,0.04842027095028,-291,45,9,0.067776531973207,336,1
392,"(7,17)",,False,63,"[10, 13, 7, 0, 17]",9,0.049183564973038,-293,45,9,0.08666173008278201,338,1
393,"(7,17)",,False,63,"[10, 13, 7, 0, 17]",9,0.049183564973038,-293,45,9,0.08666173008278201,338,1
394,"(15,0)",,False,63,"[8, 15, 11, 0, 7]",8,0.033532906339923,-295,45,9,0.076858813700918,340,1
395,"(15,0)",,False,63,"[8, 15, 11, 0, 7]",8,0.033532906339923,-295,45,9,0.076858813700918,340,1
396,"(7,18)",,False,61,"[7, 13, 18, 6, 16]",8,0.040063120764875004,-297,45,8,0.070133667502088,342,1
397,"(7,18)",,False,61,"[7, 13, 18, 6, 16]",8,0.040063120764875004,-297,45,8,0.070133667502088,342,1
398,"(14,1)",,False,63,"[8, 14, 13, 1, 18]",8,0.034108630161261005,-299,45,9,0.068487506645401,344,1
399,"(14,1)",,False,63,"[8, 14, 13, 1, 18]",8,0.034108630161261005,-299,45,9,0.068487506645401,344,1
400,"(13,2)",,False,61,"[14, 13, 3, 17, 2]",8,0.038190383365821,-301,45,8,0.063011695906432,346,1
401,"(13,2)",,False,61,"[14, 13, 3, 17, 2]",8,0.038190383365821,-301,45,8,0.063011695906432,346,1
402,"(9,18)",,False,61,"[6, 9, 7, 16, 18]",9,0.070382395382395,-299,47,8,0.06692425508214901,346,1
403,"(9,18)",,False,61,"[6, 9, 7, 16, 18]",9,0.070382395382395,-299,47,8,0.06692425508214901,346,1
404,"(0,3)",,False,59,"[0, 12, 16, 13, 3]",8,0.061610465557833005,-299,48,8,0.06721665274296801,347,1
405,"(0,3)",,False,59,"[0, 12, 16, 13, 3]",8,0.061610465557833005,-299,48,8,0.06721665274296801,347,1
406,"(0,5)",,False,59,"[0, 5, 17, 15, 3]",7,0.049251073812477,-299,49,8,0.058022792671915006,348,1
407,"(0,5)",,False,59,"[0, 5, 17, 15, 3]",7,0.049251073812477,-299,49,8,0.058022792671915006,348,1
408,"(19,1)",,False,58,"[19, 3, 6, 14, 1]",7,0.046765060800148,-299,50,7,0.049426807760141,349,1
409,"(19,1)",,False,58,"[19, 3, 6, 14, 1]",7,0.046765060800148,-299,50,7,0.049426807760141,349,1
410,"(1,9)",,False,60,"[1, 9, 12, 10, 0]",8,0.07011234379655401,-297,52,8,0.06198090408616701,349,1
411,"(1,9)",,False,60,"[1, 9, 12, 10, 0]",8,0.07011234379655401,-297,52,8,0.06198090408616701,349,1
412,"(15,1)",,False,63,"[9, 11, 15, 19, 1]",8,0.06953166229482001,-295,54,9,0.06844624673572,349,1
413,"(15,1)",,False,63,"[9, 11, 15, 19, 1]",8,0.06953166229482001,-295,54,9,0.06844624673572,349,1
414,"(0,13)",,False,63,"[11, 0, 18, 13, 2]",7,0.053531012522240004,-295,55,9,0.067413028816537,350,1
415,"(0,13)",,False,63,"[11, 0, 18, 13, 2]",7,0.053531012522240004,-295,55,9,0.067413028816537,350,1
416,"(13,6)",,False,61,"[2, 9, 13, 6, 7]",7,0.06884262586016901,-297,55,9,0.077478629233015,352,1
417,"(13,6)",,False,61,"[2, 9, 13, 6, 7]",7,0.06884262586016901,-297,55,9,0.077478629233015,352,1
418,"(1,17)",,False,63,"[1, 13, 7, 12, 17]",7,0.060943247785353004,-299,55,10,0.10351763246500001,354,1
419,"(1,17)",,False,63,"[1, 13, 7, 12, 17]",7,0.060943247785353004,-299,55,10,0.10351763246500001,354,1
420,"(14,4)",,False,65,"[11, 14, 12, 4, 18]",7,0.052187286397812005,-301,55,10,0.094905192273613,356,1
421,"(14,4)",,False,65,"[11, 14, 12, 4, 18]",7,0.052187286397812005,-301,55,10,0.094905192273613,356,1
422,"(13,4)",,False,66,"[13, 10, 4, 6, 14]",7,0.046595217647849005,-303,55,10,0.070848612076682,358,1
423,"(13,4)",,False,66,"[13, 10, 4, 6, 14]",7,0.046595217647849005,-303,55,10,0.070848612076682,358,1
424,"(16,12)",,False,69,"[11, 2, 16, 5, 12]",9,0.063249737591842,-303,56,10,0.06475529019388601,359,1
425,"(16,12)",,False,69,"[11, 2, 16, 5, 12]",9,0.063249737591842,-303,56,10,0.06475529019388601,359,1
426,"(0,7)",,False,69,"[0, 6, 2, 4, 7]",8,0.043419178287599,-303,57,10,0.068855900434847,360,1
427,"(0,7)",,False,69,"[0, 6, 2, 4, 7]",8,0.043419178287599,-303,57,10,0.068855900434847,360,1
428,"(13,0)",,False,69,"[13, 11, 7, 15, 0]",8,0.037000285194299,-305,57,10,0.06807617333933101,362,1
429,"(13,0)",,False,69,"[13, 11, 7, 15, 0]",8,0.037000285194299,-305,57,10,0.06807617333933101,362,1
430,"(11,6)",,False,69,"[16, 11, 2, 5, 6]",8,0.036146720305647,-307,57,10,0.066584649917983,364,1
431,"(11,6)",,False,69,"[16, 11, 2, 5, 6]",8,0.036146720305647,-307,57,10,0.066584649917983,364,1
432,"(4,3)",,False,71,"[11, 4, 17, 12, 3]",8,0.033411942183872,-309,57,10,0.060801673959568,366,1
433,"(4,3)",,False,71,"[11, 4, 17, 12, 3]",8,0.033411942183872,-309,57,10,0.060801673959568,366,1
434,"(6,17)",,False,71,"[10, 6, 15, 17, 13]",8,0.033833872430363,-311,57,10,0.072199908603417,368,1
435,"(6,17)",,False,71,"[10, 6, 15, 17, 13]",8,0.033833872430363,-311,57,10,0.072199908603417,368,1
436,"(0,19)",,False,69,"[0, 3, 8, 2, 19]",7,0.022527829545373003,-313,57,10,0.08292115616677001,370,1
437,"(0,19)",,False,69,"[0, 3, 8, 2, 19]",7,0.022527829545373003,-313,57,10,0.08292115616677001,370,1
438,"(1,6)",,False,69,"[1, 6, 19, 4, 18]",7,0.022527829545373003,-315,57,10,0.08292115616677001,372,1
439,"(1,6)",,False,69,"[1, 6, 19, 4, 18]",7,0.022527829545373003,-315,57,10,0.08292115616677001,372,1
440,"(14,15)",,False,69,"[3, 14, 4, 12, 15]",8,0.040324190104891,-317,57,10,0.07680543952473701,374,1
441,"(14,15)",,False,69,"[3, 14, 4, 12, 15]",8,0.040324190104891,-317,57,10,0.07680543952473701,374,1
442,"(0,16)",,False,69,"[0, 16, 5, 3, 15]",7,0.027912795456655003,-319,57,10,0.076207353400335,376,1
443,"(0,16)",,False,69,"[0, 16, 5, 3, 15]",7,0.027912795456655003,-319,57,10,0.076207353400335,376,1
444,"(6,17)",,False,69,"[6, 12, 18, 17, 3]",7,0.027912795456655003,-321,57,10,0.076207353400335,378,1
445,"(6,17)",,False,69,"[6, 12, 18, 17, 3]",7,0.027912795456655003,-321,57,10,0.076207353400335,378,1
446,"(12,7)",,False,69,"[14, 12, 10, 5, 7]",7,0.017973595605174003,-323,57,9,0.062409179514442005,380,1
447,"(12,7)",,False,69,"[14, 12, 10, 5, 7]",7,0.017973595605174003,-323,57,9,0.062409179514442005,380,1
448,"(5,11)",,False,70,"[5, 7, 11, 13, 6]",7,0.017681197944355,-325,57,9,0.051515492304965,382,1
449,"(5,11)",,False,70,"[5, 7, 11, 13, 6]",7,0.017681197944355,-325,57,9,0.051515492304965,382,1
450,"(8,5)",,False,70,"[8, 3, 15, 16, 5]",7,0.017954962420906002,-327,57,9,0.05170252577373301,384,1
451,"(8,5)",,False,70,"[8, 3, 15, 16, 5]",7,0.017954962420906002,-327,57,9,0.05170252577373301,384,1
452,"(15,19)",,False,70,"[15, 13, 19, 18, 14]",8,0.030265763934494,-329,57,9,0.048145020900438006,386,1
453,"(15,19)",,False,70,"[15, 13, 19, 18, 14]",8,0.030265763934494,-329,57,9,0.048145020900438006,386,1
454,"(1,3)",,False,72,"[1, 3, 0, 19, 6]",8,0.027128005198180004,-331,57,10,0.061403508771929,388,1
455,"(1,3)",,False,72,"[1, 3, 0, 19, 6]",8,0.027128005198180004,-331,57,10,0.061403508771929,388,1
456,"(6,8)",,False,70,"[6, 5, 14, 18, 8]",8,0.041699155295646,-333,57,10,0.07592592592592501,390,1
457,"(6,8)",,False,70,"[6, 5, 14, 18, 8]",8,0.041699155295646,-333,57,10,0.07592592592592501,390,1
458,"(4,18)",,False,73,"[10, 4, 16, 9, 18]",8,0.031230854915065002,-335,57,10,0.05629351155666901,392,1
459,"(4,18)",,False,73,"[10, 4, 16, 9, 18]",8,0.031230854915065002,-335,57,10,0.05629351155666901,392,1
460,"(15,19)",,False,73,"[15, 11, 18, 19, 14]",8,0.031230854915065002,-337,57,10,0.05873015873015801,394,1
461,"(15,19)",,False,73,"[15, 11, 18, 19, 14]",8,0.031230854915065002,-337,57,10,0.05873015873015801,394,1
462,"(11,3)",,False,73,"[11, 5, 9, 3, 4]",8,0.031230854915065002,-339,57,10,0.05873015873015801,396,1
463,"(11,3)",,False,73,"[11, 5, 9, 3, 4]",8,0.031230854915065002,-339,57,10,0.05873015873015801,396,1
464,"(4,9)",,False,73,"[16, 14, 18, 4, 9]",8,0.034600389863547,-341,57,9,0.049415204678362,398,1
465,"(4,9)",,False,73,"[16, 14, 18, 4, 9]",8,0.034600389863547,-341,57,9,0.049415204678362,398,1
466,"(0,15)",,False,71,"[2, 0, 18, 9, 15]",7,0.029461279461279,-343,57,9,0.05524543682438401,400,1
467,"(0,15)",,False,71,"[2, 0, 18, 9, 15]",7,0.029461279461279,-343,57,9,0.05524543682438401,400,1
468,"(12,10)",,False,73,"[14, 12, 4, 10, 3]",7,0.026537302853092002,-345,57,9,0.048965848965848005,402,1
469,"(12,10)",,False,73,"[14, 12, 4, 10, 3]",7,0.026537302853092002,-345,57,9,0.048965848965848005,402,1
470,8:20,assassinate,True,62,"[11, 8, 7, 17, 2]",6,0.028888509151667,-345,58,7,0.04000299570475,403,1
471,8:20,assassinate,True,62,"[11, 8, 7, 17, 2]",6,0.028888509151667,-345,58,7,0.04000299570475,403,1
472,"(1,18)",,False,62,"[13, 3, 1, 18, 4]",6,0.028030018686006002,-347,58,7,0.048275075773168,405,1
473,"(1,18)",,False,62,"[13, 3, 1, 18, 4]",6,0.028030018686006002,-347,58,7,0.048275075773168,405,1
474,"(17,5)",,False,62,"[6, 7, 17, 4, 5]",6,0.028053224849563,-349,58,7,0.04692911828686001,407,1
475,"(17,5)",,False,62,"[6, 7, 17, 4, 5]",6,0.028053224849563,-349,58,7,0.04692911828686001,407,1
476,"(14,6)",,False,62,"[14, 11, 2, 15, 6]",6,0.026544264702159003,-351,58,7,0.046570972886762006,409,1
477,"(14,6)",,False,62,"[14, 11, 2, 15, 6]",6,0.026544264702159003,-351,58,7,0.046570972886762006,409,1
478,"(3,12)",,False,61,"[3, 18, 7, 13, 12]",7,0.042207126002139,-353,58,7,0.05326254232071401,411,1
479,"(3,12)",,False,61,"[3, 18, 7, 13, 12]",7,0.042207126002139,-353,58,7,0.05326254232071401,411,1
480,"(4,1)",,False,61,"[4, 1, 12, 2, 16]",7,0.038271604938271,-353,59,7,0.041544095930060004,412,1
481,"(4,1)",,False,61,"[4, 1, 12, 2, 16]",7,0.038271604938271,-353,59,7,0.041544095930060004,412,1
482,"(1,3)",,False,63,"[17, 4, 1, 19, 3]",7,0.037361923326835,-353,60,8,0.04944769330734201,413,1
483,"(1,3)",,False,63,"[17, 4, 1, 19, 3]",7,0.037361923326835,-353,60,8,0.04944769330734201,413,1
484,"(6,1)",,False,65,"[18, 16, 0, 6, 1]",7,0.042397660818713004,-353,61,9,0.06588693957115001,414,1
485,"(6,1)",,False,65,"[18, 16, 0, 6, 1]",7,0.042397660818713004,-353,61,9,0.06588693957115001,414,1
486,"(0,12)",,False,63,"[0, 12, 16, 10, 3]",6,0.036712150747238,-355,61,8,0.048667966211825,416,1
487,"(0,12)",,False,63,"[0, 12, 16, 10, 3]",6,0.036712150747238,-355,61,8,0.048667966211825,416,1
488,"(16,18)",,False,64,"[7, 16, 18, 4, 5]",8,0.081892230576441,-353,63,8,0.047424115845168,416,1
489,"(16,18)",,False,64,"[7, 16, 18, 4, 5]",8,0.081892230576441,-353,63,8,0.047424115845168,416,1
490,"(8,1)",,False,64,"[8, 7, 16, 1, 14]",8,0.075552306692657,-353,64,9,0.10256660168940801,417,1
491,"(8,1)",,False,64,"[8, 7, 16, 1, 14]",8,0.075552306692657,-353,64,9,0.10256660168940801,417,1
492,"(14,4)",,False,66,"[14, 4, 19, 10, 9]",9,0.09332133104062901,-353,65,9,0.095219952237496,418,1
493,"(14,4)",,False,66,"[14, 4, 19, 10, 9]",9,0.09332133104062901,-353,65,9,0.095219952237496,418,1
494,"(16,7)",,False,66,"[16, 10, 11, 7, 5]",9,0.09420738455826101,-353,66,9,0.09581360809430901,419,1
495,"(16,7)",,False,66,"[16, 10, 11, 7, 5]",9,0.09420738455826101,-353,66,9,0.09581360809430901,419,1
496,"(6,13)",,False,66,"[6, 15, 13, 5, 10]",9,0.09547022178601101,-351,68,8,0.083616870458975,419,1
497,"(6,13)",,False,66,"[6, 15, 13, 5, 10]",9,0.09547022178601101,-351,68,8,0.083616870458975,419,1
498,"(9,19)",,False,66,"[9, 2, 19, 14, 10]",10,0.10840105313789501,-349,70,8,0.076279081542239,419,1
499,"(9,19)",,False,66,"[9, 2, 19, 14, 10]",10,0.10840105313789501,-349,70,8,0.076279081542239,419,1
500,"(7,8)",,False,68,"[18, 5, 7, 19, 8]",10,0.081016303384724,-347,72,8,0.058014354066985005,419,1
501,"(7,8)",,False,68,"[18, 5, 7, 19, 8]",10,0.081016303384724,-347,72,8,0.058014354066985005,419,1
502,"(18,15)",,False,70,"[18, 15, 17, 10, 4]",10,0.072600612512893,-345,74,8,0.04839658392289901,419,1
503,"(18,15)",,False,70,"[18, 15, 17, 10, 4]",10,0.072600612512893,-345,74,8,0.04839658392289901,419,1
504,"(7,14)",,False,70,"[18, 7, 8, 14, 10]",10,0.066429249762583,-343,76,8,0.047975708502024005,419,1
505,"(7,14)",,False,70,"[18, 7, 8, 14, 10]",10,0.066429249762583,-343,76,8,0.047975708502024005,419,1
506,"(8,5)",,False,70,"[8, 19, 9, 10, 5]",10,0.061728395061728,-341,78,7,0.026998050682261004,419,1
507,"(8,5)",,False,70,"[8, 19, 9, 10, 5]",10,0.061728395061728,-341,78,7,0.026998050682261004,419,1
508,"(0,4)",,False,67,"[0, 14, 4, 13, 6]",9,0.043651426546163004,-339,80,7,0.028787878787878002,419,1
509,"(0,4)",,False,67,"[0, 14, 4, 13, 6]",9,0.043651426546163004,-339,80,7,0.028787878787878002,419,1
510,"(10,1)",,False,69,"[10, 17, 5, 1, 6]",10,0.059584145549057006,-337,82,8,0.041325536062378,419,1
511,"(10,1)",,False,69,"[10, 17, 5, 1, 6]",10,0.059584145549057006,-337,82,8,0.041325536062378,419,1
512,"(15,4)",,False,71,"[15, 10, 3, 19, 4]",10,0.05464769148979601,-335,84,8,0.030274403958614002,419,1
513,"(15,4)",,False,71,"[15, 10, 3, 19, 4]",10,0.05464769148979601,-335,84,8,0.030274403958614002,419,1
514,"(4,16)",,False,71,"[10, 7, 4, 16, 14]",10,0.05343379817064001,-333,86,8,0.030274403958614002,419,1
515,"(4,16)",,False,71,"[10, 7, 4, 16, 14]",10,0.05343379817064001,-333,86,8,0.030274403958614002,419,1
516,"(8,11)",,False,68,"[15, 14, 3, 8, 11]",10,0.06091617933723101,-331,88,8,0.041325536062378,419,1
517,"(8,11)",,False,68,"[15, 14, 3, 8, 11]",10,0.06091617933723101,-331,88,8,0.041325536062378,419,1
518,"(5,19)",,False,66,"[5, 17, 8, 19, 12]",10,0.07059166037494201,-329,90,8,0.04710455952716,419,1
519,"(5,19)",,False,66,"[5, 17, 8, 19, 12]",10,0.07059166037494201,-329,90,8,0.04710455952716,419,1
520,"(4,7)",,False,66,"[4, 3, 7, 19, 13]",10,0.067411584516847,-327,92,8,0.051193957115009,419,1
521,"(4,7)",,False,66,"[4, 3, 7, 19, 13]",10,0.067411584516847,-327,92,8,0.051193957115009,419,1
522,"(12,14)",,False,66,"[17, 10, 12, 14, 19]",10,0.07877373171490801,-325,94,8,0.052518346519894,419,1
523,"(12,14)",,False,66,"[17, 10, 12, 14, 19]",10,0.07877373171490801,-325,94,8,0.052518346519894,419,1
524,"(16,9)",,False,68,"[17, 16, 10, 9, 11]",11,0.091417872165794,-323,96,8,0.04289102529285,419,1
525,"(16,9)",,False,68,"[17, 16, 10, 9, 11]",11,0.091417872165794,-323,96,8,0.04289102529285,419,1
526,"(17,6)",,False,70,"[3, 2, 11, 17, 6]",12,0.10653900833956201,-321,98,8,0.041874595329051,419,1
527,"(17,6)",,False,70,"[3, 2, 11, 17, 6]",12,0.10653900833956201,-321,98,8,0.041874595329051,419,1
528,"(18,8)",,False,72,"[18, 5, 14, 3, 8]",12,0.09786967418546301,-319,100,8,0.03714842662211,419,1
529,"(18,8)",,False,72,"[18, 5, 14, 3, 8]",12,0.09786967418546301,-319,100,8,0.03714842662211,419,1
530,"(7,18)",,False,72,"[5, 3, 7, 2, 18]",12,0.097243107769423,-317,102,8,0.03558201058201,419,1
531,"(7,18)",,False,72,"[5, 3, 7, 2, 18]",12,0.097243107769423,-317,102,8,0.03558201058201,419,1
532,"(19,7)",,False,70,"[9, 18, 19, 7, 8]",12,0.10351198509093201,-315,104,7,0.033876357560568005,419,1
533,"(19,7)",,False,70,"[9, 18, 19, 7, 8]",12,0.10351198509093201,-315,104,7,0.033876357560568005,419,1
534,"(19,6)",,False,68,"[18, 19, 10, 2, 6]",12,0.11485979907032501,-313,106,7,0.039571150097465,419,1
535,"(19,6)",,False,68,"[18, 19, 10, 2, 6]",12,0.11485979907032501,-313,106,7,0.039571150097465,419,1
536,"(16,17)",,False,68,"[16, 17, 19, 12, 14]",12,0.125323409533935,-311,108,7,0.043469785575048006,419,1
537,"(16,17)",,False,68,"[16, 17, 19, 12, 14]",12,0.125323409533935,-311,108,7,0.043469785575048006,419,1
538,"(9,14)",,False,68,"[9, 3, 14, 7, 12]",12,0.130604288499025,-309,110,7,0.046101364522417004,419,1
539,"(9,14)",,False,68,"[9, 3, 14, 7, 12]",12,0.130604288499025,-309,110,7,0.046101364522417004,419,1
540,"(1,15)",,False,70,"[6, 1, 17, 15, 2]",12,0.123781676413255,-307,112,8,0.050974658869395006,419,1
541,"(1,15)",,False,70,"[6, 1, 17, 15, 2]",12,0.123781676413255,-307,112,8,0.050974658869395006,419,1
542,"(1,4)",,False,70,"[17, 1, 10, 4, 18]",12,0.14782094124199302,-305,114,9,0.06372876636034501,419,1
543,"(1,4)",,False,70,"[17, 1, 10, 4, 18]",12,0.14782094124199302,-305,114,9,0.06372876636034501,419,1
544,"(18,13)",,False,70,"[19, 18, 12, 13, 15]",12,0.12463228779018201,-303,116,8,0.035772512088301005,419,1
545,"(18,13)",,False,70,"[19, 18, 12, 13, 15]",12,0.12463228779018201,-303,116,8,0.035772512088301005,419,1
546,"(0,4)",,False,68,"[0, 3, 17, 19, 4]",11,0.11709070656439001,-301,118,8,0.046481945604752,419,1
547,"(0,4)",,False,68,"[0, 3, 17, 19, 4]",11,0.11709070656439001,-301,118,8,0.046481945604752,419,1
548,"(16,1)",,False,70,"[14, 12, 16, 3, 1]",12,0.128961925014556,-299,120,9,0.049707602339181006,419,1
549,"(16,1)",,False,70,"[14, 12, 16, 3, 1]",12,0.128961925014556,-299,120,9,0.049707602339181006,419,1
550,"(12,1)",,False,72,"[12, 7, 14, 15, 1]",13,0.15222740222740203,-297,122,10,0.063302616811388,419,1
551,"(12,1)",,False,72,"[12, 7, 14, 15, 1]",13,0.15222740222740203,-297,122,10,0.063302616811388,419,1
552,"(4,10)",,False,72,"[4, 18, 10, 8, 1]",14,0.18168868168868102,-295,124,10,0.06578061314903401,419,1
553,"(4,10)",,False,72,"[4, 18, 10, 8, 1]",14,0.18168868168868102,-295,124,10,0.06578061314903401,419,1
554,"(13,1)",,False,72,"[13, 11, 1, 19, 3]",14,0.17949503388099802,-293,126,11,0.091000649772579,419,1
555,"(13,1)",,False,72,"[13, 11, 1, 19, 3]",14,0.17949503388099802,-293,126,11,0.091000649772579,419,1
556,"(19,14)",,False,71,"[18, 5, 19, 9, 14]",14,0.19372969460688702,-291,128,9,0.06065627030539301,419,1
557,"(19,14)",,False,71,"[18, 5, 19, 9, 14]",14,0.19372969460688702,-291,128,9,0.06065627030539301,419,1
558,"(17,4)",,False,71,"[17, 6, 4, 10, 19]",14,0.18680961663417803,-289,130,8,0.049642625081221005,419,1
559,"(17,4)",,False,71,"[17, 6, 4, 10, 19]",14,0.18680961663417803,-289,130,8,0.049642625081221005,419,1
560,"(11,8)",,False,71,"[11, 8, 4, 17, 5]",14,0.195126705653021,-287,132,7,0.024301494476933003,419,1
561,"(11,8)",,False,71,"[11, 8, 4, 17, 5]",14,0.195126705653021,-287,132,7,0.024301494476933003,419,1
562,"(15,18)",,False,71,"[9, 15, 18, 5, 17]",14,0.191685410106462,-285,134,7,0.025763482781026,419,1
563,"(15,18)",,False,71,"[9, 15, 18, 5, 17]",14,0.191685410106462,-285,134,7,0.025763482781026,419,1
564,"(19,17)",,False,71,"[19, 5, 9, 7, 17]",14,0.19672114759834,-283,136,7,0.026933073424301002,419,1
565,"(19,17)",,False,71,"[19, 5, 9, 7, 17]",14,0.19672114759834,-283,136,7,0.026933073424301002,419,1
566,"(16,0)",,False,69,"[4, 19, 16, 0, 15]",13,0.18447043534762803,-281,138,6,0.019866796621182,419,1
567,"(16,0)",,False,69,"[4, 19, 16, 0, 15]",13,0.18447043534762803,-281,138,6,0.019866796621182,419,1
568,"(3,0)",,False,67,"[1, 8, 17, 3, 0]",12,0.15372226863454902,-279,140,5,0.008641975308641001,419,1
569,"(3,0)",,False,67,"[1, 8, 17, 3, 0]",12,0.15372226863454902,-279,140,5,0.008641975308641001,419,1
570,"(4,7)",,False,67,"[4, 7, 18, 19, 5]",12,0.163190383365821,-277,142,4,0.006692657569850001,419,1
571,"(4,7)",,False,67,"[4, 7, 18, 19, 5]",12,0.163190383365821,-277,142,4,0.006692657569850001,419,1
572,"(19,1)",,False,67,"[10, 19, 8, 16, 1]",12,0.159147869674185,-275,144,5,0.019980506822612,419,1
573,"(19,1)",,False,67,"[10, 19, 8, 16, 1]",12,0.159147869674185,-275,144,5,0.019980506822612,419,1
574,"(2,0)",,False,67,"[16, 2, 12, 15, 0]",12,0.15435432014379302,-273,146,5,0.020122275385433,419,1
575,"(2,0)",,False,67,"[16, 2, 12, 15, 0]",12,0.15435432014379302,-273,146,5,0.020122275385433,419,1
576,"(7,13)",,False,67,"[2, 15, 1, 7, 13]",12,0.153568040719743,-271,148,5,0.020615338107598,419,1
577,"(7,13)",,False,67,"[2, 15, 1, 7, 13]",12,0.153568040719743,-271,148,5,0.020615338107598,419,1
578,"(6,7)",,False,67,"[18, 13, 6, 15, 7]",12,0.12864199210948402,-269,150,5,0.019034073368438,419,1
579,"(6,7)",,False,67,"[18, 13, 6, 15, 7]",12,0.12864199210948402,-269,150,5,0.019034073368438,419,1
580,"(0,18)",,False,65,"[0, 17, 15, 18, 5]",11,0.11051609209503901,-267,152,5,0.01928824911281,419,1
581,"(0,18)",,False,65,"[0, 17, 15, 18, 5]",11,0.11051609209503901,-267,152,5,0.01928824911281,419,1
582,"(6,4)",,False,67,"[11, 6, 5, 13, 4]",12,0.12007096217622501,-265,154,5,0.013727695306642002,419,1
583,"(6,4)",,False,67,"[11, 6, 5, 13, 4]",12,0.12007096217622501,-265,154,5,0.013727695306642002,419,1
584,"(2,18)",,False,67,"[2, 10, 18, 4, 9]",12,0.15681332962034703,-263,156,5,0.013677712800519002,419,1
585,"(2,18)",,False,67,"[2, 10, 18, 4, 9]",12,0.15681332962034703,-263,156,5,0.013677712800519002,419,1
586,"(0,13)",,False,67,"[5, 1, 14, 0, 13]",11,0.10490578297595801,-261,158,5,0.018713450292397002,419,1
587,"(0,13)",,False,67,"[5, 1, 14, 0, 13]",11,0.10490578297595801,-261,158,5,0.018713450292397002,419,1
588,"(19,4)",,False,67,"[19, 10, 4, 16, 6]",11,0.08820662768031101,-259,160,5,0.017738791423001003,419,1
589,"(19,4)",,False,67,"[19, 10, 4, 16, 6]",11,0.08820662768031101,-259,160,5,0.017738791423001003,419,1
590,"(13,17)",,False,67,"[14, 13, 7, 3, 17]",11,0.092346607258887,-257,162,5,0.016137566137566003,419,1
591,"(13,17)",,False,67,"[14, 13, 7, 3, 17]",11,0.092346607258887,-257,162,5,0.016137566137566003,419,1
592,"(19,0)",,False,65,"[1, 17, 19, 5, 0]",10,0.081760588339535,-255,164,4,0.015107212475633002,419,1
593,"(19,0)",,False,65,"[1, 17, 19, 5, 0]",10,0.081760588339535,-255,164,4,0.015107212475633002,419,1
594,"(1,11)",,False,65,"[5, 1, 17, 6, 11]",10,0.065462899673425,-253,166,5,0.026315789473684,419,1
595,"(1,11)",,False,65,"[5, 1, 17, 6, 11]",10,0.065462899673425,-253,166,5,0.026315789473684,419,1
596,"(0,17)",,False,63,"[1, 5, 0, 10, 17]",9,0.064434233732479,-251,168,5,0.032804232804232,419,1
597,"(0,17)",,False,63,"[1, 5, 0, 10, 17]",9,0.064434233732479,-251,168,5,0.032804232804232,419,1
598,"(15,0)",,False,61,"[15, 16, 17, 18, 0]",8,0.05013459574863,-249,170,5,0.033454005383829005,419,1
599,"(15,0)",,False,61,"[15, 16, 17, 18, 0]",8,0.05013459574863,-249,170,5,0.033454005383829005,419,1
600,"(6,0)",,False,61,"[6, 2, 0, 18, 7]",7,0.043247006404901006,-247,172,5,0.032196231319038,419,1
601,"(6,0)",,False,61,"[6, 2, 0, 18, 7]",7,0.043247006404901006,-247,172,5,0.032196231319038,419,1
602,"(11,1)",,False,61,"[4, 11, 19, 18, 1]",7,0.043247006404901006,-245,174,5,0.032196231319038,419,1
603,"(11,1)",,False,61,"[4, 11, 19, 18, 1]",7,0.043247006404901006,-245,174,5,0.032196231319038,419,1
604,"(15,1)",,False,63,"[5, 4, 15, 1, 11]",7,0.041493253335358006,-245,175,6,0.044122089736124005,420,1
605,"(15,1)",,False,63,"[5, 4, 15, 1, 11]",7,0.041493253335358006,-245,175,6,0.044122089736124005,420,1
606,"(7,5)",,False,65,"[3, 10, 7, 15, 5]",7,0.038648177683265006,-245,176,6,0.038993738555142,421,1
607,"(7,5)",,False,65,"[3, 10, 7, 15, 5]",7,0.038648177683265006,-245,176,6,0.038993738555142,421,1
608,"(8,9)",,False,64,"[14, 8, 4, 7, 9]",7,0.030904897571564,-245,177,6,0.035586862779845005,422,1
609,"(8,9)",,False,64,"[14, 8, 4, 7, 9]",7,0.030904897571564,-245,177,6,0.035586862779845005,422,1
610,"(6,10)",,False,64,"[6, 5, 10, 17, 16]",8,0.05469880996196701,-243,179,6,0.039128123338649005,422,1
611,"(6,10)",,False,64,"[6, 5, 10, 17, 16]",8,0.05469880996196701,-243,179,6,0.039128123338649005,422,1
612,"(4,14)",,False,66,"[4, 6, 16, 8, 14]",8,0.04719393666762001,-241,181,6,0.031282119440014,422,1
613,"(4,14)",,False,66,"[4, 6, 16, 8, 14]",8,0.04719393666762001,-241,181,6,0.031282119440014,422,1
614,"(19,12)",,False,68,"[7, 19, 4, 12, 6]",8,0.04311241065627,-239,183,6,0.027257959714100003,422,1
615,"(19,12)",,False,68,"[7, 19, 4, 12, 6]",8,0.04311241065627,-239,183,6,0.027257959714100003,422,1
616,"(17,10)",,False,67,"[12, 7, 17, 10, 18]",8,0.045347027699968005,-237,185,5,0.019405539993775003,422,1
617,"(17,10)",,False,67,"[12, 7, 17, 10, 18]",8,0.045347027699968005,-237,185,5,0.019405539993775003,422,1
618,"(8,4)",,False,67,"[12, 8, 11, 4, 10]",8,0.04634270862341,-235,187,5,0.016137566137566003,422,1
619,"(8,4)",,False,67,"[12, 8, 11, 4, 10]",8,0.04634270862341,-235,187,5,0.016137566137566003,422,1
620,"(13,9)",,False,67,"[13, 9, 14, 12, 11]",9,0.05267799127448201,-233,189,5,0.023976608187134003,422,1
621,"(13,9)",,False,67,"[13, 9, 14, 12, 11]",9,0.05267799127448201,-233,189,5,0.023976608187134003,422,1
622,"(11,4)",,False,69,"[8, 11, 9, 4, 10]",9,0.050241344100993006,-231,191,5,0.013937621832358001,422,1
623,"(11,4)",,False,69,"[8, 11, 9, 4, 10]",9,0.050241344100993006,-231,191,5,0.013937621832358001,422,1
624,"(1,13)",,False,69,"[10, 7, 1, 13, 2]",9,0.05086009812532,-229,193,6,0.031661418503523005,422,1
625,"(1,13)",,False,69,"[10, 7, 1, 13, 2]",9,0.05086009812532,-229,193,6,0.031661418503523005,422,1
626,"(11,14)",,False,68,"[11, 6, 8, 5, 14]",9,0.047512299266685,-227,195,6,0.031091617933723004,422,1
627,"(11,14)",,False,68,"[11, 6, 8, 5, 14]",9,0.047512299266685,-227,195,6,0.031091617933723004,422,1
628,"(1,17)",,False,68,"[0, 4, 1, 19, 17]",9,0.047238466536712,-225,197,7,0.047076023391812,422,1
629,"(1,17)",,False,68,"[0, 4, 1, 19, 17]",9,0.047238466536712,-225,197,7,0.047076023391812,422,1
630,"(1,3)",,False,70,"[13, 10, 1, 14, 3]",10,0.051420217209690006,-225,198,8,0.05542560103963601,423,1
631,"(1,3)",,False,70,"[13, 10, 1, 14, 3]",10,0.051420217209690006,-225,198,8,0.05542560103963601,423,1
632,"(9,3)",,False,70,"[9, 5, 8, 3, 17]",10,0.046871809152510005,-225,199,8,0.055360623781676006,424,1
633,"(9,3)",,False,70,"[9, 5, 8, 3, 17]",10,0.046871809152510005,-225,199,8,0.055360623781676006,424,1
634,"(16,3)",,False,72,"[4, 16, 9, 3, 12]",10,0.042843219159008,-223,201,8,0.038164856585909006,424,1
635,"(16,3)",,False,72,"[4, 16, 9, 3, 12]",10,0.042843219159008,-223,201,8,0.038164856585909006,424,1
636,"(1,7)",,False,72,"[1, 15, 3, 19, 7]",10,0.041179337231968004,-223,202,9,0.048927875243664,425,1
637,"(1,7)",,False,72,"[1, 15, 3, 19, 7]",10,0.041179337231968004,-223,202,9,0.048927875243664,425,1
638,"(8,0)",,False,70,"[6, 5, 8, 9, 0]",9,0.034941520467836,-225,202,9,0.055653021442495,427,1
639,"(8,0)",,False,70,"[6, 5, 8, 9, 0]",9,0.034941520467836,-225,202,9,0.055653021442495,427,1
640,"(18,0)",,False,70,"[8, 6, 18, 0, 5]",8,0.027144249512670002,-227,202,9,0.055653021442495,429,1
641,"(18,0)",,False,70,"[8, 6, 18, 0, 5]",8,0.027144249512670002,-227,202,9,0.055653021442495,429,1
642,"(18,13)",,False,70,"[18, 5, 13, 17, 2]",9,0.038547758284600005,-229,202,9,0.059746588693957006,431,1
643,"(18,13)",,False,70,"[18, 5, 13, 17, 2]",9,0.038547758284600005,-229,202,9,0.059746588693957006,431,1
644,"(10,7)",,False,72,"[10, 7, 15, 12, 13]",9,0.036013645224171005,-231,202,9,0.05225563909774401,433,1
645,"(10,7)",,False,72,"[10, 7, 15, 12, 13]",9,0.036013645224171005,-231,202,9,0.05225563909774401,433,1
646,"(1,5)",,False,72,"[1, 2, 3, 9, 5]",9,0.040114174324700005,-231,203,9,0.056822612085769005,434,1
647,"(1,5)",,False,72,"[1, 2, 3, 9, 5]",9,0.040114174324700005,-231,203,9,0.056822612085769005,434,1
648,7:16,assassinate,True,65,"[15, 18, 0, 7, 16]",8,0.027736006683375003,-233,203,9,0.049723846653671,436,1
649,7:16,assassinate,True,65,"[15, 18, 0, 7, 16]",8,0.027736006683375003,-233,203,9,0.049723846653671,436,1
650,"(15,14)",,False,65,"[16, 15, 14, 19, 8]",8,0.025243664717348003,-235,203,8,0.041666666666666005,438,1
651,"(15,14)",,False,65,"[16, 15, 14, 19, 8]",8,0.025243664717348003,-235,203,8,0.041666666666666005,438,1
652,"(0,5)",,False,65,"[0, 15, 10, 5, 16]",8,0.025243664717348003,-237,203,8,0.041666666666666005,440,1
653,"(0,5)",,False,65,"[0, 15, 10, 5, 16]",8,0.025243664717348003,-237,203,8,0.041666666666666005,440,1
654,"(5,7)",,False,67,"[5, 16, 3, 0, 7]",8,0.023781676413255,-239,203,8,0.04400584795321601,442,1
655,"(5,7)",,False,67,"[5, 16, 3, 0, 7]",8,0.023781676413255,-239,203,8,0.04400584795321601,442,1
656,"(8,0)",,False,67,"[16, 11, 7, 8, 0]",7,0.014327485380116,-241,203,8,0.044785575048732006,444,1
657,"(8,0)",,False,67,"[16, 11, 7, 8, 0]",7,0.014327485380116,-241,203,8,0.044785575048732006,444,1
658,"(0,14)",,False,67,"[0, 15, 16, 7, 14]",6,0.00609857978279,-243,203,8,0.041179337231968004,446,1
659,"(0,14)",,False,67,"[0, 15, 16, 7, 14]",6,0.00609857978279,-243,203,8,0.041179337231968004,446,1
660,"(17,5)",,False,67,"[17, 19, 18, 5, 16]",7,0.015552770815928001,-245,203,8,0.040350877192982006,448,1
661,"(17,5)",,False,67,"[17, 19, 18, 5, 16]",7,0.015552770815928001,-245,203,8,0.040350877192982006,448,1
662,"(12,1)",,False,66,"[19, 12, 11, 1, 9]",7,0.020124806966912,-247,203,7,0.041307814992025,450,1
663,"(12,1)",,False,66,"[19, 12, 11, 1, 9]",7,0.020124806966912,-247,203,7,0.041307814992025,450,1
664,"(4,6)",,False,66,"[4, 11, 3, 18, 6]",8,0.035463659147869,-247,204,7,0.041177016615613,451,1
665,"(4,6)",,False,66,"[4, 11, 3, 18, 6]",8,0.035463659147869,-247,204,7,0.041177016615613,451,1
666,"(3,0)",,False,66,"[2, 16, 3, 0, 7]",7,0.030484038378775002,-247,205,7,0.037042100199994,452,1
667,"(3,0)",,False,66,"[2, 16, 3, 0, 7]",7,0.030484038378775002,-247,205,7,0.037042100199994,452,1
668,"(0,9)",,False,66,"[14, 0, 2, 9, 7]",7,0.036869952659426004,-245,207,7,0.036062378167641004,452,1
669,"(0,9)",,False,66,"[14, 0, 2, 9, 7]",7,0.036869952659426004,-245,207,7,0.036062378167641004,452,1
670,17:14,assassinate,True,60,"[12, 6, 17, 7, 14]",7,0.031491607807397,-245,208,7,0.036390217969165,453,1
671,17:14,assassinate,True,60,"[12, 6, 17, 7, 14]",7,0.031491607807397,-245,208,7,0.036390217969165,453,1
672,"(1,17)",,False,60,"[15, 12, 1, 17, 19]",7,0.042973595605174005,-245,209,7,0.12462638076673101,454,1
673,"(1,17)",,False,60,"[15, 12, 1, 17, 19]",7,0.042973595605174005,-245,209,7,0.12462638076673101,454,1
674,"(1,7)",,False,62,"[11, 16, 1, 2, 7]",8,0.07449178501810001,-247,209,8,0.14349299173860502,456,1
675,"(1,7)",,False,62,"[11, 16, 1, 2, 7]",8,0.07449178501810001,-247,209,8,0.14349299173860502,456,1
676,"(1,15)",,False,62,"[1, 5, 12, 14, 15]",8,0.078552863640582,-249,209,9,0.156228534298709,458,1
677,"(1,15)",,False,62,"[1, 5, 12, 14, 15]",8,0.078552863640582,-249,209,9,0.156228534298709,458,1
678,"(8,19)",,False,62,"[8, 4, 19, 6, 18]",8,0.072520104976245,-251,209,9,0.15222547108512002,460,1
679,"(8,19)",,False,62,"[8, 4, 19, 6, 18]",8,0.072520104976245,-251,209,9,0.15222547108512002,460,1
680,"(0,12)",,False,62,"[15, 0, 13, 12, 4]",7,0.058225108225108006,-253,209,9,0.15449967511371002,462,1
681,"(0,12)",,False,62,"[15, 0, 13, 12, 4]",7,0.058225108225108006,-253,209,9,0.15449967511371002,462,1
682,"(1,3)",,False,64,"[6, 1, 3, 9, 17]",7,0.048264724993311005,-255,209,10,0.12336227774824202,464,1
683,"(1,3)",,False,64,"[6, 1, 3, 9, 17]",7,0.048264724993311005,-255,209,10,0.12336227774824202,464,1
684,"(8,5)",,False,64,"[8, 5, 14, 7, 13]",8,0.061249187784275,-257,209,10,0.118001653966566,466,1
685,"(8,5)",,False,64,"[8, 5, 14, 7, 13]",8,0.061249187784275,-257,209,10,0.118001653966566,466,1
686,"(1,2)",,False,66,"[1, 19, 2, 8, 11]",8,0.060688758934372006,-259,209,11,0.143075280794579,468,1
687,"(1,2)",,False,66,"[1, 19, 2, 8, 11]",8,0.060688758934372006,-259,209,11,0.143075280794579,468,1
688,"(16,0)",,False,66,"[6, 16, 2, 0, 10]",8,0.044541910331384,-261,209,11,0.14119094031374702,470,1
689,"(16,0)",,False,66,"[6, 16, 2, 0, 10]",8,0.044541910331384,-261,209,11,0.14119094031374702,470,1
690,"(7,9)",,False,66,"[17, 13, 15, 7, 9]",8,0.044996751137102005,-263,209,10,0.11409542374454601,472,1
691,"(7,9)",,False,66,"[17, 13, 15, 7, 9]",8,0.044996751137102005,-263,209,10,0.11409542374454601,472,1
692,"(12,0)",,False,64,"[9, 15, 11, 12, 0]",7,0.033444722918407,-265,209,9,0.101594896331738,474,1
693,"(12,0)",,False,64,"[9, 15, 11, 12, 0]",7,0.033444722918407,-265,209,9,0.101594896331738,474,1
694,"(13,0)",,False,64,"[6, 13, 17, 1, 0]",6,0.027434326557133,-267,209,9,0.09951267056530201,476,1
695,"(13,0)",,False,64,"[6, 13, 17, 1, 0]",6,0.027434326557133,-267,209,9,0.09951267056530201,476,1
696,"(0,3)",,False,64,"[0, 3, 8, 18, 15]",5,0.021099043906061002,-269,209,9,0.09974009096816101,478,1
697,"(0,3)",,False,64,"[0, 3, 8, 18, 15]",5,0.021099043906061002,-269,209,9,0.09974009096816101,478,1
698,"(12,19)",,False,65,"[9, 12, 19, 7, 11]",5,0.018922305764411,-271,209,9,0.078668894458368,480,1
699,"(12,19)",,False,65,"[9, 12, 19, 7, 11]",5,0.018922305764411,-271,209,9,0.078668894458368,480,1
700,"(7,11)",,False,65,"[7, 2, 8, 5, 11]",5,0.013157894736842,-273,209,8,0.065302144249512,482,1
701,"(7,11)",,False,65,"[7, 2, 8, 5, 11]",5,0.013157894736842,-273,209,8,0.065302144249512,482,1
702,"(18,3)",,False,63,"[18, 7, 10, 3, 17]",5,0.014221158958001,-275,209,7,0.05536568694463401,484,1
703,"(18,3)",,False,63,"[18, 7, 10, 3, 17]",5,0.014221158958001,-275,209,7,0.05536568694463401,484,1
704,"(0,7)",,False,63,"[0, 2, 10, 16, 7]",4,0.006335282651072,-277,209,7,0.053075027636431,486,1
705,"(0,7)",,False,63,"[0, 2, 10, 16, 7]",4,0.006335282651072,-277,209,7,0.053075027636431,486,1
706,"(2,19)",,False,63,"[0, 2, 19, 6, 18]",4,0.006335282651072,-279,209,7,0.054411491692193004,488,1
707,"(2,19)",,False,63,"[0, 2, 19, 6, 18]",4,0.006335282651072,-279,209,7,0.054411491692193004,488,1
708,"(1,16)",,False,63,"[1, 18, 13, 0, 16]",4,0.007309941520467001,-281,209,7,0.054090532599304006,490,1
709,"(1,16)",,False,63,"[1, 18, 13, 0, 16]",4,0.007309941520467001,-281,209,7,0.054090532599304006,490,1
710,"(14,19)",,False,63,"[8, 14, 19, 2, 7]",4,0.008528265107212,-283,209,7,0.055336703582317,492,1
711,"(14,19)",,False,63,"[8, 14, 19, 2, 7]",4,0.008528265107212,-283,209,7,0.055336703582317,492,1
712,"(4,2)",,False,63,"[9, 5, 16, 4, 2]",4,0.009015594541910001,-285,209,7,0.051614434947768004,494,1
713,"(4,2)",,False,63,"[9, 5, 16, 4, 2]",4,0.009015594541910001,-285,209,7,0.051614434947768004,494,1
714,"(16,19)",,False,65,"[16, 13, 5, 7, 19]",4,0.0088693957115,-287,209,7,0.048885390113460006,496,1
715,"(16,19)",,False,65,"[16, 13, 5, 7, 19]",4,0.0088693957115,-287,209,7,0.048885390113460006,496,1
716,"(17,12)",,False,65,"[18, 17, 12, 4, 7]",5,0.013107263107263002,-289,209,7,0.049422588457676005,498,1
717,"(17,12)",,False,65,"[18, 17, 12, 4, 7]",5,0.013107263107263002,-289,209,7,0.049422588457676005,498,1
718,"(1,13)",,False,67,"[10, 1, 17, 13, 2]",6,0.020839556804469,-291,209,8,0.060464292043239005,500,1
719,"(1,13)",,False,67,"[10, 1, 17, 13, 2]",6,0.020839556804469,-291,209,8,0.060464292043239005,500,1
720,"(3,2)",,False,65,"[3, 10, 14, 5, 2]",6,0.024065213538897002,-293,209,8,0.072293447293447,502,1
721,"(3,2)",,False,65,"[3, 10, 14, 5, 2]",6,0.024065213538897002,-293,209,8,0.072293447293447,502,1
722,"(9,8)",,False,68,"[13, 0, 9, 8, 17]",8,0.047461456671982004,-295,209,8,0.053646110225057005,504,1
723,"(9,8)",,False,68,"[13, 0, 9, 8, 17]",8,0.047461456671982004,-295,209,8,0.053646110225057005,504,1
724,"(0,12)",,False,68,"[0, 7, 3, 12, 2]",7,0.031817586151951,-297,209,8,0.060126996040308,506,1
725,"(0,12)",,False,68,"[0, 7, 3, 12, 2]",7,0.031817586151951,-297,209,8,0.060126996040308,506,1
726,"(14,0)",,False,66,"[14, 6, 0, 13, 8]",6,0.015097930010210002,-299,209,8,0.06678733871716301,508,1
727,"(14,0)",,False,66,"[14, 6, 0, 13, 8]",6,0.015097930010210002,-299,209,8,0.06678733871716301,508,1
728,"(16,4)",,False,68,"[19, 16, 8, 7, 4]",6,0.012698623663535,-301,209,8,0.04996561268491,510,1
729,"(16,4)",,False,68,"[19, 16, 8, 7, 4]",6,0.012698623663535,-301,209,8,0.04996561268491,510,1
730,"(18,8)",,False,68,"[14, 18, 8, 9, 10]",6,0.012422470317207002,-303,209,8,0.042461988953217004,512,1
731,"(18,8)",,False,68,"[14, 18, 8, 9, 10]",6,0.012422470317207002,-303,209,8,0.042461988953217004,512,1
732,"(0,11)",,False,68,"[15, 8, 0, 5, 11]",5,0.008592387401251001,-305,209,8,0.05039553739923001,514,1
733,"(0,11)",,False,68,"[15, 8, 0, 5, 11]",5,0.008592387401251001,-305,209,8,0.05039553739923001,514,1
734,"(6,16)",,False,70,"[19, 6, 2, 16, 11]",6,0.016876987791115003,-307,209,8,0.044712347944111004,516,1
735,"(6,16)",,False,70,"[19, 6, 2, 16, 11]",6,0.016876987791115003,-307,209,8,0.044712347944111004,516,1
736,"(6,0)",,False,68,"[18, 13, 8, 6, 0]",5,0.013989221419561002,-309,209,7,0.037023113338902,518,1
737,"(6,0)",,False,68,"[18, 13, 8, 6, 0]",5,0.013989221419561002,-309,209,7,0.037023113338902,518,1
738,"(18,3)",,False,68,"[17, 18, 4, 3, 7]",5,0.014814814814814002,-311,209,6,0.032683560753736005,520,1
739,"(18,3)",,False,68,"[17, 18, 4, 3, 7]",5,0.014814814814814002,-311,209,6,0.032683560753736005,520,1
740,"(16,6)",,False,66,"[16, 6, 19, 15, 12]",5,0.020955165692007,-313,209,6,0.034549336303722006,522,1
741,"(16,6)",,False,66,"[16, 6, 19, 15, 12]",5,0.020955165692007,-313,209,6,0.034549336303722006,522,1
742,"(3,1)",,False,68,"[3, 4, 6, 14, 1]",5,0.013645224171539001,-315,209,7,0.04194282001299501,524,1
743,"(3,1)",,False,68,"[3, 4, 6, 14, 1]",5,0.013645224171539001,-315,209,7,0.04194282001299501,524,1
744,"(17,11)",,False,68,"[0, 17, 6, 14, 11]",5,0.012670565302144,-317,209,7,0.040894323350463,526,1
745,"(17,11)",,False,68,"[0, 17, 6, 14, 11]",5,0.012670565302144,-317,209,7,0.040894323350463,526,1
746,"(2,13)",,False,68,"[5, 2, 16, 15, 13]",5,0.012865497076023,-319,209,7,0.041966026176552006,528,1
747,"(2,13)",,False,68,"[5, 2, 16, 15, 13]",5,0.012865497076023,-319,209,7,0.041966026176552006,528,1
748,"(11,12)",,False,68,"[11, 12, 5, 6, 9]",5,0.012865497076023,-321,209,7,0.041966026176552006,530,1
749,"(11,12)",,False,68,"[11, 12, 5, 6, 9]",5,0.012865497076023,-321,209,7,0.041966026176552006,530,1
750,"(6,4)",,False,68,"[6, 9, 4, 18, 13]",5,0.012865497076023,-323,209,7,0.044555834029518,532,1
751,"(6,4)",,False,68,"[6, 9, 4, 18, 13]",5,0.012865497076023,-323,209,7,0.044555834029518,532,1
752,"(18,13)",,False,68,"[14, 18, 17, 9, 13]",5,0.011890838206627001,-325,209,7,0.040531593163172,534,1
753,"(18,13)",,False,68,"[14, 18, 17, 9, 13]",5,0.011890838206627001,-325,209,7,0.040531593163172,534,1
754,10:18,assassinate,True,60,"[3, 10, 8, 14, 5]",5,0.015322591638381,-327,209,7,0.048913659439975006,536,1
755,10:18,assassinate,True,60,"[3, 10, 8, 14, 5]",5,0.015322591638381,-327,209,7,0.048913659439975006,536,1
756,"(10,13)",,False,60,"[10, 15, 13, 11, 6]",5,0.016409711146553003,-329,209,6,0.04340058901462401,538,1
757,"(10,13)",,False,60,"[10, 15, 13, 11, 6]",5,0.016409711146553003,-329,209,6,0.04340058901462401,538,1
758,"(16,13)",,False,58,"[15, 16, 13, 4, 3]",5,0.016702108807371,-331,209,6,0.041518569150148,540,1
759,"(16,13)",,False,58,"[15, 16, 13, 4, 3]",5,0.016702108807371,-331,209,6,0.041518569150148,540,1
760,"(3,17)",,False,58,"[3, 17, 5, 16, 10]",5,0.017322346269714,-333,209,6,0.036007316270474,542,1
761,"(3,17)",,False,58,"[3, 17, 5, 16, 10]",5,0.017322346269714,-333,209,6,0.036007316270474,542,1
762,"(1,14)",,False,60,"[1, 14, 18, 15, 8]",6,0.028859817894905004,-333,210,7,0.046589326852484,543,1
763,"(1,14)",,False,60,"[1, 14, 18, 15, 8]",6,0.028859817894905004,-333,210,7,0.046589326852484,543,1
764,"(0,2)",,False,60,"[3, 14, 8, 0, 2]",5,0.016137566137566003,-335,210,7,0.058324261833033006,545,1
765,"(0,2)",,False,60,"[3, 14, 8, 0, 2]",5,0.016137566137566003,-335,210,7,0.058324261833033006,545,1
766,"(11,6)",,False,58,"[11, 8, 9, 6, 5]",5,0.016114359974009,-337,210,6,0.054792072774528,547,1
767,"(11,6)",,False,58,"[11, 8, 9, 6, 5]",5,0.016114359974009,-337,210,6,0.054792072774528,547,1
768,"(1,4)",,False,60,"[1, 11, 13, 6, 4]",5,0.0069688109161790005,-339,210,7,0.071176679071415,549,1
769,"(1,4)",,False,60,"[1, 11, 13, 6, 4]",5,0.0069688109161790005,-339,210,7,0.071176679071415,549,1
770,"(16,17)",,False,60,"[12, 16, 17, 4, 10]",6,0.045391255917571004,-341,210,7,0.065412900939216,551,1
771,"(16,17)",,False,60,"[12, 16, 17, 4, 10]",6,0.045391255917571004,-341,210,7,0.065412900939216,551,1
772,"(9,19)",,False,62,"[17, 9, 5, 0, 19]",6,0.044344657941149,-343,210,7,0.06132967097879301,553,1
773,"(9,19)",,False,62,"[17, 9, 5, 0, 19]",6,0.044344657941149,-343,210,7,0.06132967097879301,553,1
774,"(1,6)",,False,64,"[4, 1, 9, 7, 6]",6,0.031024320059407,-345,210,8,0.063603875007383,555,1
775,"(1,6)",,False,64,"[4, 1, 9, 7, 6]",6,0.031024320059407,-345,210,8,0.063603875007383,555,1
776,"(17,4)",,False,64,"[12, 17, 4, 5, 9]",6,0.031024320059407,-347,210,8,0.07013408943233501,557,1
777,"(17,4)",,False,64,"[12, 17, 4, 5, 9]",6,0.031024320059407,-347,210,8,0.07013408943233501,557,1
778,"(5,7)",,False,64,"[5, 7, 16, 9, 15]",6,0.024689881268828002,-349,210,8,0.061264693720834006,559,1
779,"(5,7)",,False,64,"[5, 7, 16, 9, 15]",6,0.024689881268828002,-349,210,8,0.061264693720834006,559,1
780,"(0,4)",,False,64,"[0, 5, 13, 15, 4]",6,0.023431685273790002,-351,210,8,0.061459625494713004,561,1
781,"(0,4)",,False,64,"[0, 5, 13, 15, 4]",6,0.023431685273790002,-351,210,8,0.061459625494713004,561,1
782,"(8,1)",,False,64,"[9, 15, 8, 3, 1]",6,0.021123515860357003,-353,210,8,0.06277984523598501,563,1
783,"(8,1)",,False,64,"[9, 15, 8, 3, 1]",6,0.021123515860357003,-353,210,8,0.06277984523598501,563,1
784,"(18,1)",,False,66,"[4, 12, 18, 11, 1]",7,0.058433963697121005,-353,211,9,0.071327145888549,564,1
785,"(18,1)",,False,66,"[4, 12, 18, 11, 1]",7,0.058433963697121005,-353,211,9,0.071327145888549,564,1
786,"(1,19)",,False,68,"[1, 2, 16, 18, 19]",8,0.078022075390496,-353,212,10,0.08300844704353401,565,1
787,"(1,19)",,False,68,"[1, 2, 16, 18, 19]",8,0.078022075390496,-353,212,10,0.08300844704353401,565,1
788,"(4,17)",,False,68,"[4, 17, 12, 2, 18]",8,0.068838763575605,-351,214,9,0.055666945140629004,565,1
789,"(4,17)",,False,68,"[4, 17, 12, 2, 18]",8,0.068838763575605,-351,214,9,0.055666945140629004,565,1
790,"(7,1)",,False,70,"[3, 16, 7, 1, 17]",9,0.08320802005012501,-349,216,10,0.07440824282929501,565,1
791,"(7,1)",,False,70,"[3, 16, 7, 1, 17]",9,0.08320802005012501,-349,216,10,0.07440824282929501,565,1
792,"(16,1)",,False,72,"[2, 4, 18, 16, 1]",10,0.09506056808688301,-347,218,11,0.073398774714564,565,1
793,"(16,1)",,False,72,"[2, 4, 18, 16, 1]",10,0.09506056808688301,-347,218,11,0.073398774714564,565,1
794,11:16,assassinate,True,65,"[18, 15, 8, 12, 11]",9,0.08522695627958701,-345,220,11,0.07697020328599201,565,1
795,11:16,assassinate,True,65,"[18, 15, 8, 12, 11]",9,0.08522695627958701,-345,220,11,0.07697020328599201,565,1
796,"(17,1)",,False,67,"[15, 17, 7, 12, 1]",9,0.077894230525809,-345,221,12,0.086337054758107,566,1
797,"(17,1)",,False,67,"[15, 17, 7, 12, 1]",9,0.077894230525809,-345,221,12,0.086337054758107,566,1
798,"(10,2)",,False,68,"[10, 5, 2, 11, 17]",9,0.07765056580846001,-345,222,12,0.08619085592769801,567,1
799,"(10,2)",,False,68,"[10, 5, 2, 11, 17]",9,0.07765056580846001,-345,222,12,0.08619085592769801,567,1
