,actionDetail,actionType,bonusActivated,graphEdgeCount,nodeList,p1Degree,p1Score,p1WinAdvantage,p1WinCount,p2Degree,p2Score,p2WinCount,player
0,"(2,15)",,False,2,"[0, 2, 15, 12, 9]",0,-0.001,0,0,0,-0.001,0,1
1,"(2,15)",,False,2,"[0, 2, 15, 12, 9]",0,-0.001,0,0,0,-0.001,0,1
2,"(12,16)",,False,4,"[12, 16, 3, 18, 13]",1,0.0,2,2,0,-0.001,0,1
3,"(12,16)",,False,4,"[12, 16, 3, 18, 13]",1,0.0,2,2,0,-0.001,0,1
4,"(4,2)",,False,6,"[4, 2, 14, 8, 6]",1,0.0,4,4,0,-0.001,0,1
5,"(4,2)",,False,6,"[4, 2, 14, 8, 6]",1,0.0,4,4,0,-0.001,0,1
6,"(10,1)",,False,8,"[10, 18, 11, 17, 1]",1,0.0,5,5,1,0.0,0,1
7,"(10,1)",,False,8,"[10, 18, 11, 17, 1]",1,0.0,5,5,1,0.0,0,1
8,"(5,7)",,False,10,"[5, 7, 13, 18, 8]",1,0.0,5,5,1,0.0,0,1
9,"(5,7)",,False,10,"[5, 7, 13, 18, 8]",1,0.0,5,5,1,0.0,0,1
10,"(15,1)",,False,12,"[8, 16, 14, 15, 1]",1,0.0,4,5,2,0.105263157894736,1,1
11,"(15,1)",,False,12,"[8, 16, 14, 15, 1]",1,0.0,4,5,2,0.105263157894736,1,1
12,"(2,3)",,False,14,"[18, 2, 17, 8, 3]",1,0.0,2,5,2,0.029239766081871003,3,1
13,"(2,3)",,False,14,"[18, 2, 17, 8, 3]",1,0.0,2,5,2,0.029239766081871003,3,1
14,"(8,10)",,False,16,"[8, 16, 6, 10, 14]",1,0.0,0,5,2,0.046783625730994004,5,1
15,"(8,10)",,False,16,"[8, 16, 6, 10, 14]",1,0.0,0,5,2,0.046783625730994004,5,1
16,"(11,15)",,False,18,"[13, 11, 6, 15, 0]",1,0.0,-2,5,2,0.029239766081871003,7,1
17,"(11,15)",,False,18,"[13, 11, 6, 15, 0]",1,0.0,-2,5,2,0.029239766081871003,7,1
18,"(13,6)",,False,18,"[11, 2, 14, 13, 6]",1,0.0,-4,5,2,0.017056530214424,9,1
19,"(13,6)",,False,18,"[11, 2, 14, 13, 6]",1,0.0,-4,5,2,0.017056530214424,9,1
20,"(11,6)",,False,20,"[0, 11, 6, 9, 7]",1,0.0,-6,5,2,0.011208576998050002,11,1
21,"(11,6)",,False,20,"[0, 11, 6, 9, 7]",1,0.0,-6,5,2,0.011208576998050002,11,1
22,"(2,15)",,False,20,"[14, 10, 2, 15, 8]",2,0.087719298245614,-4,7,2,0.021442495126705003,11,1
23,"(2,15)",,False,20,"[14, 10, 2, 15, 8]",2,0.087719298245614,-4,7,2,0.021442495126705003,11,1
24,"(3,16)",,False,20,"[8, 3, 0, 16, 11]",2,0.087719298245614,-2,9,2,0.014619883040935,11,1
25,"(3,16)",,False,20,"[8, 3, 0, 16, 11]",2,0.087719298245614,-2,9,2,0.014619883040935,11,1
26,"(2,19)",,False,20,"[13, 2, 19, 9, 5]",3,0.09356725146198801,0,11,2,0.017543859649122,11,1
27,"(2,19)",,False,20,"[13, 2, 19, 9, 5]",3,0.09356725146198801,0,11,2,0.017543859649122,11,1
28,"(1,12)",,False,22,"[3, 10, 0, 1, 12]",3,0.114035087719298,2,13,3,0.064132553606237,11,1
29,"(1,12)",,False,22,"[3, 10, 0, 1, 12]",3,0.114035087719298,2,13,3,0.064132553606237,11,1
30,"(10,8)",,False,20,"[19, 17, 10, 8, 9]",3,0.16959064327485301,4,15,3,0.08557504873294301,11,1
31,"(10,8)",,False,20,"[19, 17, 10, 8, 9]",3,0.16959064327485301,4,15,3,0.08557504873294301,11,1
32,"(4,0)",,False,20,"[5, 4, 11, 15, 0]",2,0.005847953216374001,4,16,3,0.023391812865497002,12,1
33,"(4,0)",,False,20,"[5, 4, 11, 15, 0]",2,0.005847953216374001,4,16,3,0.023391812865497002,12,1
34,"(15,9)",,False,23,"[15, 16, 9, 6, 2]",2,0.09941520467836201,6,18,3,0.046783625730994004,12,1
35,"(15,9)",,False,23,"[15, 16, 9, 6, 2]",2,0.09941520467836201,6,18,3,0.046783625730994004,12,1
36,"(5,10)",,False,25,"[3, 5, 8, 16, 10]",2,0.09941520467836201,8,20,3,0.044834307992202005,12,1
37,"(5,10)",,False,25,"[3, 5, 8, 16, 10]",2,0.09941520467836201,8,20,3,0.044834307992202005,12,1
38,"(6,17)",,False,27,"[6, 17, 0, 8, 4]",2,0.09941520467836201,10,22,3,0.005847953216374001,12,1
39,"(6,17)",,False,27,"[6, 17, 0, 8, 4]",2,0.09941520467836201,10,22,3,0.005847953216374001,12,1
40,"(19,1)",,False,29,"[19, 13, 15, 1, 5]",2,0.105263157894736,10,23,4,0.128167641325536,13,1
41,"(19,1)",,False,29,"[19, 13, 15, 1, 5]",2,0.105263157894736,10,23,4,0.128167641325536,13,1
42,"(6,10)",,False,31,"[6, 5, 11, 10, 19]",2,0.105263157894736,8,23,4,0.13986354775828402,15,1
43,"(6,10)",,False,31,"[6, 5, 11, 10, 19]",2,0.105263157894736,8,23,4,0.13986354775828402,15,1
44,"(11,15)",,False,29,"[14, 0, 12, 11, 15]",2,0.105263157894736,6,23,4,0.14912280701754302,17,1
45,"(11,15)",,False,29,"[14, 0, 12, 11, 15]",2,0.105263157894736,6,23,4,0.14912280701754302,17,1
46,"(12,3)",,False,31,"[16, 19, 12, 4, 3]",2,0.105263157894736,4,23,4,0.148148148148148,19,1
47,"(12,3)",,False,31,"[16, 19, 12, 4, 3]",2,0.105263157894736,4,23,4,0.148148148148148,19,1
48,"(12,10)",,False,31,"[14, 12, 10, 6, 0]",2,0.105263157894736,2,23,4,0.158479532163742,21,1
49,"(12,10)",,False,31,"[14, 12, 10, 6, 0]",2,0.105263157894736,2,23,4,0.158479532163742,21,1
50,"(4,0)",,False,31,"[13, 4, 7, 17, 0]",2,0.105263157894736,0,23,4,0.158479532163742,23,1
51,"(4,0)",,False,31,"[13, 4, 7, 17, 0]",2,0.105263157894736,0,23,4,0.158479532163742,23,1
52,"(0,10)",,False,33,"[14, 3, 0, 10, 19]",3,0.105263157894736,0,24,4,0.10902255639097701,24,1
53,"(0,10)",,False,33,"[14, 3, 0, 10, 19]",3,0.105263157894736,0,24,4,0.10902255639097701,24,1
54,"(16,1)",,False,33,"[16, 17, 19, 13, 1]",3,0.105263157894736,0,25,4,0.11155666945140601,25,1
55,"(16,1)",,False,33,"[16, 17, 19, 13, 1]",3,0.105263157894736,0,25,4,0.11155666945140601,25,1
56,"(15,9)",,False,33,"[7, 15, 9, 19, 17]",4,0.14191033138401501,2,27,4,0.11968810916179301,25,1
57,"(15,9)",,False,33,"[7, 15, 9, 19, 17]",4,0.14191033138401501,2,27,4,0.11968810916179301,25,1
58,"(5,12)",,False,33,"[7, 5, 4, 12, 9]",4,0.14191033138401501,4,29,4,0.11968810916179301,25,1
59,"(5,12)",,False,33,"[7, 5, 4, 12, 9]",4,0.14191033138401501,4,29,4,0.11968810916179301,25,1
60,"(19,18)",,False,35,"[19, 13, 6, 14, 18]",4,0.062573099415204,4,30,4,0.09980506822612001,26,1
61,"(19,18)",,False,35,"[19, 13, 6, 14, 18]",4,0.062573099415204,4,30,4,0.09980506822612001,26,1
62,"(0,10)",,False,35,"[0, 18, 3, 19, 10]",4,0.082358674463937,6,32,4,0.07212475633528201,26,1
63,"(0,10)",,False,35,"[0, 18, 3, 19, 10]",4,0.082358674463937,6,32,4,0.07212475633528201,26,1
64,"(15,19)",,False,35,"[11, 14, 1, 15, 19]",5,0.13245614035087702,8,34,4,0.110331384015594,26,1
65,"(15,19)",,False,35,"[11, 14, 1, 15, 19]",5,0.13245614035087702,8,34,4,0.110331384015594,26,1
66,"(18,17)",,False,35,"[6, 9, 13, 18, 17]",5,0.11939571150097401,10,36,3,0.054288499025341004,26,1
67,"(18,17)",,False,35,"[6, 9, 13, 18, 17]",5,0.11939571150097401,10,36,3,0.054288499025341004,26,1
68,"(2,8)",,False,35,"[2, 3, 14, 13, 8]",5,0.148440545808966,12,38,3,0.06091617933723101,26,1
69,"(2,8)",,False,35,"[2, 3, 14, 13, 8]",5,0.148440545808966,12,38,3,0.06091617933723101,26,1
70,"(19,17)",,False,35,"[19, 17, 8, 5, 6]",5,0.152631578947368,14,40,3,0.05214424951267001,26,1
71,"(19,17)",,False,35,"[19, 17, 8, 5, 6]",5,0.152631578947368,14,40,3,0.05214424951267001,26,1
72,"(18,16)",,False,35,"[5, 18, 16, 12, 4]",5,0.133284600389863,16,42,2,0.038255360623781,26,1
73,"(18,16)",,False,35,"[5, 18, 16, 12, 4]",5,0.133284600389863,16,42,2,0.038255360623781,26,1
74,"(19,9)",,False,37,"[19, 3, 8, 18, 9]",6,0.146913580246913,18,44,2,0.010591293047433,26,1
75,"(19,9)",,False,37,"[19, 3, 8, 18, 9]",6,0.146913580246913,18,44,2,0.010591293047433,26,1
76,"(16,10)",,False,39,"[15, 14, 11, 16, 10]",6,0.106655527708159,20,46,2,0.010094681147312,26,1
77,"(16,10)",,False,39,"[15, 14, 11, 16, 10]",6,0.106655527708159,20,46,2,0.010094681147312,26,1
78,"(1,13)",,False,39,"[1, 13, 16, 14, 6]",6,0.133834586466165,22,48,3,0.035630743525480006,26,1
79,"(1,13)",,False,39,"[1, 13, 16, 14, 6]",6,0.133834586466165,22,48,3,0.035630743525480006,26,1
80,"(5,16)",,False,39,"[11, 5, 7, 6, 16]",6,0.119702032859927,24,50,3,0.036313004734057006,26,1
81,"(5,16)",,False,39,"[11, 5, 7, 6, 16]",6,0.119702032859927,24,50,3,0.036313004734057006,26,1
82,"(0,9)",,False,39,"[2, 12, 7, 0, 9]",6,0.153411306042885,26,52,3,0.04083820662768,26,1
83,"(0,9)",,False,39,"[2, 12, 7, 0, 9]",6,0.153411306042885,26,52,3,0.04083820662768,26,1
84,"(18,15)",,False,39,"[18, 15, 7, 17, 8]",6,0.161213640161008,28,54,3,0.036554770765297,26,1
85,"(18,15)",,False,39,"[18, 15, 7, 17, 8]",6,0.161213640161008,28,54,3,0.036554770765297,26,1
86,"(18,4)",,False,39,"[18, 4, 9, 7, 16]",6,0.14621781727044803,30,56,3,0.035788967367914,26,1
87,"(18,4)",,False,39,"[18, 4, 9, 7, 16]",6,0.14621781727044803,30,56,3,0.035788967367914,26,1
88,"(1,6)",,False,41,"[16, 1, 5, 6, 13]",7,0.17002816871237902,32,58,4,0.045515498147077005,26,1
89,"(1,6)",,False,41,"[16, 1, 5, 6, 13]",7,0.17002816871237902,32,58,4,0.045515498147077005,26,1
90,"(17,12)",,False,41,"[17, 10, 7, 11, 12]",7,0.153411306042885,34,60,3,0.026120857699805003,26,1
91,"(17,12)",,False,41,"[17, 10, 7, 11, 12]",7,0.153411306042885,34,60,3,0.026120857699805003,26,1
92,"(1,10)",,False,43,"[1, 18, 10, 6, 0]",8,0.176120857699805,36,62,4,0.042690058479532,26,1
93,"(1,10)",,False,43,"[1, 18, 10, 6, 0]",8,0.176120857699805,36,62,4,0.042690058479532,26,1
94,"(5,0)",,False,41,"[14, 16, 5, 2, 0]",7,0.152060707323865,38,64,4,0.050153160679476005,26,1
95,"(5,0)",,False,41,"[14, 16, 5, 2, 0]",7,0.152060707323865,38,64,4,0.050153160679476005,26,1
96,"(18,12)",,False,43,"[18, 12, 16, 8, 13]",8,0.15868838763575602,40,66,4,0.04917850181008,26,1
97,"(18,12)",,False,43,"[18, 12, 16, 8, 13]",8,0.15868838763575602,40,66,4,0.04917850181008,26,1
98,"(12,16)",,False,43,"[12, 11, 16, 2, 14]",8,0.16356168198273402,42,68,4,0.049373433583959,26,1
99,"(12,16)",,False,43,"[12, 11, 16, 2, 14]",8,0.16356168198273402,42,68,4,0.049373433583959,26,1
100,"(3,1)",,False,43,"[8, 3, 15, 12, 1]",8,0.142801448064605,44,70,5,0.07607908660540201,26,1
101,"(3,1)",,False,43,"[8, 3, 15, 12, 1]",8,0.142801448064605,44,70,5,0.07607908660540201,26,1
102,"(13,0)",,False,43,"[13, 14, 0, 2, 9]",8,0.142028682818156,46,72,5,0.085526315789473,26,1
103,"(13,0)",,False,43,"[13, 14, 0, 2, 9]",8,0.142028682818156,46,72,5,0.085526315789473,26,1
104,"(0,19)",,False,41,"[11, 0, 14, 19, 4]",7,0.11578947368421001,48,74,5,0.10194931773879101,26,1
105,"(0,19)",,False,41,"[11, 0, 14, 19, 4]",7,0.11578947368421001,48,74,5,0.10194931773879101,26,1
106,"(4,5)",,False,43,"[11, 4, 9, 5, 17]",7,0.10004873294346901,50,76,5,0.059600389863547,26,1
107,"(4,5)",,False,43,"[11, 4, 9, 5, 17]",7,0.10004873294346901,50,76,5,0.059600389863547,26,1
108,"(12,18)",,False,44,"[10, 5, 7, 12, 18]",7,0.09625452520189301,52,78,5,0.050932887774993,26,1
109,"(12,18)",,False,44,"[10, 5, 7, 12, 18]",7,0.09625452520189301,52,78,5,0.050932887774993,26,1
110,"(1,5)",,False,47,"[15, 1, 5, 10, 17]",9,0.144193817878028,54,80,6,0.08789334447229101,26,1
111,"(1,5)",,False,47,"[15, 1, 5, 10, 17]",9,0.144193817878028,54,80,6,0.08789334447229101,26,1
112,"(11,1)",,False,47,"[14, 11, 1, 15, 7]",9,0.157551285621461,56,82,7,0.12041678269748401,26,1
113,"(11,1)",,False,47,"[14, 11, 1, 15, 7]",9,0.157551285621461,56,82,7,0.12041678269748401,26,1
114,"(13,4)",,False,45,"[2, 8, 13, 4, 19]",9,0.160554163185742,58,84,6,0.108326371484266,26,1
115,"(13,4)",,False,45,"[2, 8, 13, 4, 19]",9,0.160554163185742,58,84,6,0.108326371484266,26,1
116,"(14,1)",,False,47,"[14, 3, 13, 5, 1]",9,0.15792258423837302,60,86,7,0.12336396546922801,26,1
117,"(14,1)",,False,47,"[14, 3, 13, 5, 1]",9,0.15792258423837302,60,86,7,0.12336396546922801,26,1
118,"(2,15)",,False,49,"[5, 2, 3, 15, 7]",10,0.17127541074909403,62,88,7,0.09967975494291201,26,1
119,"(2,15)",,False,49,"[5, 2, 3, 15, 7]",10,0.17127541074909403,62,88,7,0.09967975494291201,26,1
120,"(17,14)",,False,48,"[2, 5, 17, 14, 11]",10,0.187561496333426,64,90,5,0.06340852130325801,26,1
121,"(17,14)",,False,48,"[2, 5, 17, 14, 11]",10,0.187561496333426,64,90,5,0.06340852130325801,26,1
122,"(10,3)",,False,48,"[2, 10, 15, 4, 3]",10,0.181718184349763,66,92,5,0.063895850737955,26,1
123,"(10,3)",,False,48,"[2, 10, 15, 4, 3]",10,0.181718184349763,66,92,5,0.063895850737955,26,1
124,"(1,5)",,False,48,"[9, 2, 13, 1, 5]",10,0.181718184349763,68,94,5,0.063895850737955,26,1
125,"(1,5)",,False,48,"[9, 2, 13, 1, 5]",10,0.181718184349763,68,94,5,0.063895850737955,26,1
126,"(18,1)",,False,51,"[5, 2, 12, 18, 1]",12,0.23598432107204,70,96,6,0.082693898044775,26,1
127,"(18,1)",,False,51,"[5, 2, 12, 18, 1]",12,0.23598432107204,70,96,6,0.082693898044775,26,1
128,"(15,0)",,False,49,"[18, 15, 11, 3, 0]",11,0.22255174974473202,72,98,5,0.060737491877842005,26,1
129,"(15,0)",,False,49,"[18, 15, 11, 3, 0]",11,0.22255174974473202,72,98,5,0.060737491877842005,26,1
130,"(1,7)",,False,50,"[15, 1, 17, 4, 7]",11,0.21107862248213102,74,100,6,0.079750301680126,26,1
131,"(1,7)",,False,50,"[15, 1, 17, 4, 7]",11,0.21107862248213102,74,100,6,0.079750301680126,26,1
132,"(18,7)",,False,50,"[18, 19, 4, 17, 7]",11,0.21127355425601002,76,102,6,0.075997865032952,26,1
133,"(18,7)",,False,50,"[18, 19, 4, 17, 7]",11,0.21127355425601002,76,102,6,0.075997865032952,26,1
134,"(0,16)",,False,50,"[0, 9, 16, 19, 15]",11,0.19533788174139002,78,104,6,0.082479346514434,26,1
135,"(0,16)",,False,50,"[0, 9, 16, 19, 15]",11,0.19533788174139002,78,104,6,0.082479346514434,26,1
136,"(9,1)",,False,50,"[9, 17, 7, 1, 11]",11,0.215009746588693,80,106,7,0.12063492063492001,26,1
137,"(9,1)",,False,50,"[9, 17, 7, 1, 11]",11,0.215009746588693,80,106,7,0.12063492063492001,26,1
138,"(3,0)",,False,48,"[3, 13, 7, 5, 0]",10,0.21161236424394303,82,108,7,0.13829016986911702,26,1
139,"(3,0)",,False,48,"[3, 13, 7, 5, 0]",10,0.21161236424394303,82,108,7,0.13829016986911702,26,1
140,"(7,0)",,False,48,"[7, 2, 0, 3, 4]",10,0.20550745550745503,84,110,7,0.138247132983975,26,1
141,"(7,0)",,False,48,"[7, 2, 0, 3, 4]",10,0.20550745550745503,84,110,7,0.138247132983975,26,1
142,"(19,0)",,False,46,"[16, 19, 0, 8, 3]",9,0.20748166713078903,86,112,7,0.149962870138308,26,1
143,"(19,0)",,False,46,"[16, 19, 0, 8, 3]",9,0.20748166713078903,86,112,7,0.149962870138308,26,1
144,"(2,1)",,False,46,"[2, 16, 6, 5, 1]",9,0.21560087086402802,88,114,8,0.17955115060378202,26,1
145,"(2,1)",,False,46,"[2, 16, 6, 5, 1]",9,0.21560087086402802,88,114,8,0.17955115060378202,26,1
146,"(4,6)",,False,48,"[4, 14, 13, 6, 12]",9,0.17708801919328201,90,116,8,0.150899685110211,26,1
147,"(4,6)",,False,48,"[4, 14, 13, 6, 12]",9,0.17708801919328201,90,116,8,0.150899685110211,26,1
148,"(12,1)",,False,47,"[12, 4, 19, 1, 13]",9,0.187234597760913,92,118,8,0.156357774778827,26,1
149,"(12,1)",,False,47,"[12, 4, 19, 1, 13]",9,0.187234597760913,92,118,8,0.156357774778827,26,1
150,"(10,0)",,False,47,"[13, 10, 0, 1, 6]",9,0.183934681303102,94,120,8,0.16470735242665002,26,1
151,"(10,0)",,False,47,"[13, 10, 0, 1, 6]",9,0.183934681303102,94,120,8,0.16470735242665002,26,1
152,"(5,4)",,False,49,"[19, 5, 4, 16, 9]",10,0.20112835507572302,96,122,8,0.13956882948111002,26,1
153,"(5,4)",,False,49,"[19, 5, 4, 16, 9]",10,0.20112835507572302,96,122,8,0.13956882948111002,26,1
154,"(6,7)",,False,49,"[4, 16, 6, 8, 7]",10,0.22185939753019202,98,124,8,0.156203070521955,26,1
155,"(6,7)",,False,49,"[4, 16, 6, 8, 7]",10,0.22185939753019202,98,124,8,0.156203070521955,26,1
156,"(15,2)",,False,49,"[15, 9, 2, 17, 5]",10,0.20557358495954903,100,126,8,0.17296856814400602,26,1
157,"(15,2)",,False,49,"[15, 9, 2, 17, 5]",10,0.20557358495954903,100,126,8,0.17296856814400602,26,1
158,"(11,0)",,False,46,"[5, 11, 6, 0, 10]",9,0.187185556483802,102,128,7,0.144541910331384,26,1
159,"(11,0)",,False,46,"[5, 11, 6, 0, 10]",9,0.187185556483802,102,128,7,0.144541910331384,26,1
160,"(5,12)",,False,48,"[11, 5, 9, 6, 12]",10,0.222042268972093,104,130,7,0.10116516037568601,26,1
161,"(5,12)",,False,48,"[11, 5, 9, 6, 12]",10,0.222042268972093,104,130,7,0.10116516037568601,26,1
162,"(1,4)",,False,50,"[1, 4, 5, 3, 14]",10,0.215284634144283,106,132,8,0.099183354007915,26,1
163,"(1,4)",,False,50,"[1, 4, 5, 3, 14]",10,0.215284634144283,106,132,8,0.099183354007915,26,1
164,"(10,16)",,False,49,"[14, 12, 10, 16, 3]",10,0.21295135988118402,108,134,8,0.08845029239766,26,1
165,"(10,16)",,False,49,"[14, 12, 10, 16, 3]",10,0.21295135988118402,108,134,8,0.08845029239766,26,1
166,"(16,2)",,False,51,"[17, 16, 2, 12, 7]",11,0.225111389585073,110,136,8,0.08767056530214401,26,1
167,"(16,2)",,False,51,"[17, 16, 2, 12, 7]",11,0.225111389585073,110,136,8,0.08767056530214401,26,1
168,"(11,10)",,False,51,"[11, 7, 13, 10, 16]",11,0.22089663098435003,112,138,7,0.063321587444394,26,1
169,"(11,10)",,False,51,"[11, 7, 13, 10, 16]",11,0.22089663098435003,112,138,7,0.063321587444394,26,1
170,"(5,18)",,False,51,"[5, 18, 19, 12, 3]",11,0.211100043556183,114,140,6,0.044803068925875,26,1
171,"(5,18)",,False,51,"[5, 18, 19, 12, 3]",11,0.211100043556183,114,140,6,0.044803068925875,26,1
172,"(0,15)",,False,49,"[0, 15, 9, 14, 12]",10,0.19794477776933903,116,142,6,0.063339535707956,26,1
173,"(0,15)",,False,49,"[0, 15, 9, 14, 12]",10,0.19794477776933903,116,142,6,0.063339535707956,26,1
174,"(6,13)",,False,49,"[6, 9, 11, 13, 15]",10,0.217254626465152,118,144,6,0.06216994506468101,26,1
175,"(6,13)",,False,49,"[6, 9, 11, 13, 15]",10,0.217254626465152,118,144,6,0.06216994506468101,26,1
176,"(4,13)",,False,49,"[8, 4, 17, 15, 13]",10,0.214575791330177,120,146,6,0.060575048732943004,26,1
177,"(4,13)",,False,49,"[8, 4, 17, 15, 13]",10,0.214575791330177,120,146,6,0.060575048732943004,26,1
178,"(7,9)",,False,52,"[7, 10, 17, 2, 9]",12,0.261950119406259,122,148,6,0.054168881800460006,26,1
179,"(7,9)",,False,52,"[7, 10, 17, 2, 9]",12,0.261950119406259,122,148,6,0.054168881800460006,26,1
180,"(5,2)",,False,52,"[19, 14, 5, 2, 16]",12,0.234581613967578,124,150,5,0.043226120857699,26,1
181,"(5,2)",,False,52,"[19, 14, 5, 2, 16]",12,0.234581613967578,124,150,5,0.043226120857699,26,1
182,"(3,13)",,False,52,"[19, 3, 17, 13, 14]",12,0.23882053618895702,126,152,5,0.049545159194281006,26,1
183,"(3,13)",,False,52,"[19, 3, 17, 13, 14]",12,0.23882053618895702,126,152,5,0.049545159194281006,26,1
184,"(0,9)",,False,50,"[1, 6, 0, 9, 11]",11,0.214575791330177,128,154,5,0.055885083078065,26,1
185,"(0,9)",,False,50,"[1, 6, 0, 9, 11]",11,0.214575791330177,128,154,5,0.055885083078065,26,1
186,"(11,2)",,False,50,"[13, 6, 11, 2, 19]",11,0.20195627958785803,130,156,4,0.038703239580432,26,1
187,"(11,2)",,False,50,"[13, 6, 11, 2, 19]",11,0.20195627958785803,130,156,4,0.038703239580432,26,1
188,"(15,6)",,False,53,"[15, 18, 8, 6, 5]",13,0.262584702496983,132,158,4,0.019509421702404002,26,1
189,"(15,6)",,False,53,"[15, 18, 8, 6, 5]",13,0.262584702496983,132,158,4,0.019509421702404002,26,1
190,"(15,4)",,False,53,"[5, 14, 7, 15, 4]",13,0.261610043627587,134,160,4,0.020783440081685003,26,1
191,"(15,4)",,False,53,"[5, 14, 7, 15, 4]",13,0.261610043627587,134,160,4,0.020783440081685003,26,1
192,"(2,15)",,False,53,"[2, 15, 19, 8, 4]",13,0.28747900897023604,136,162,4,0.018623368184771002,26,1
193,"(2,15)",,False,53,"[2, 15, 19, 8, 4]",13,0.28747900897023604,136,162,4,0.018623368184771002,26,1
194,"(14,0)",,False,51,"[7, 10, 8, 14, 0]",12,0.263116123642439,138,164,4,0.019799498746867,26,1
195,"(14,0)",,False,51,"[7, 10, 8, 14, 0]",12,0.263116123642439,138,164,4,0.019799498746867,26,1
196,"(15,0)",,False,51,"[6, 15, 0, 1, 14]",11,0.23226120857699803,140,166,4,0.017599554441659,26,1
197,"(15,0)",,False,51,"[6, 15, 0, 1, 14]",11,0.23226120857699803,140,166,4,0.017599554441659,26,1
198,"(8,10)",,False,51,"[9, 2, 17, 8, 10]",11,0.22709551656920002,142,168,4,0.017599554441659,26,1
199,"(8,10)",,False,51,"[9, 2, 17, 8, 10]",11,0.22709551656920002,142,168,4,0.017599554441659,26,1
200,"(7,1)",,False,53,"[2, 4, 15, 7, 1]",11,0.215581251107566,144,170,5,0.02243592989207,26,1
201,"(7,1)",,False,53,"[2, 4, 15, 7, 1]",11,0.215581251107566,144,170,5,0.02243592989207,26,1
202,"(5,7)",,False,53,"[5, 17, 16, 6, 7]",11,0.23213884880551502,146,172,5,0.025246196298827003,26,1
203,"(5,7)",,False,53,"[5, 17, 16, 6, 7]",11,0.23213884880551502,146,172,5,0.025246196298827003,26,1
204,"(1,18)",,False,53,"[7, 1, 10, 11, 18]",11,0.22637961453750902,148,174,6,0.05187848214164,26,1
205,"(1,18)",,False,53,"[7, 1, 10, 11, 18]",11,0.22637961453750902,148,174,6,0.05187848214164,26,1
206,"(17,9)",,False,55,"[14, 0, 17, 19, 9]",11,0.213686995265942,150,176,6,0.045427671743461004,26,1
207,"(17,9)",,False,55,"[14, 0, 17, 19, 9]",11,0.213686995265942,150,176,6,0.045427671743461004,26,1
208,"(13,5)",,False,55,"[17, 7, 13, 5, 11]",11,0.212259816207184,152,178,6,0.0447925368978,26,1
209,"(13,5)",,False,55,"[17, 7, 13, 5, 11]",11,0.212259816207184,152,178,6,0.0447925368978,26,1
210,"(0,3)",,False,55,"[0, 16, 3, 13, 10]",10,0.177827143616617,154,180,6,0.043692986675442004,26,1
211,"(0,3)",,False,55,"[0, 16, 3, 13, 10]",10,0.177827143616617,154,180,6,0.043692986675442004,26,1
212,"(12,1)",,False,55,"[3, 12, 18, 19, 1]",10,0.174206982101718,156,182,7,0.06832168805853,26,1
213,"(12,1)",,False,55,"[3, 12, 18, 19, 1]",10,0.174206982101718,156,182,7,0.06832168805853,26,1
214,"(7,14)",,False,53,"[12, 7, 4, 14, 9]",10,0.198397614406386,158,184,7,0.09099136730715601,26,1
215,"(7,14)",,False,53,"[12, 7, 4, 14, 9]",10,0.198397614406386,158,184,7,0.09099136730715601,26,1
216,"(5,2)",,False,53,"[15, 5, 11, 2, 10]",10,0.169338750917698,160,186,6,0.05985797827903001,26,1
217,"(5,2)",,False,53,"[15, 5, 11, 2, 10]",10,0.169338750917698,160,186,6,0.05985797827903001,26,1
218,"(12,0)",,False,51,"[12, 6, 7, 11, 0]",9,0.14405458089668602,162,188,5,0.042982456140350005,26,1
219,"(12,0)",,False,51,"[12, 6, 7, 11, 0]",9,0.14405458089668602,162,188,5,0.042982456140350005,26,1
220,"(3,7)",,False,51,"[11, 3, 7, 17, 6]",10,0.202499303815093,164,190,5,0.054204956836535007,26,1
221,"(3,7)",,False,51,"[11, 3, 7, 17, 6]",10,0.202499303815093,164,190,5,0.054204956836535007,26,1
222,"(19,1)",,False,53,"[19, 17, 0, 1, 2]",11,0.22797270955165602,166,192,6,0.07253086419753,26,1
223,"(19,1)",,False,53,"[19, 17, 0, 1, 2]",11,0.22797270955165602,166,192,6,0.07253086419753,26,1
224,"(4,1)",,False,55,"[3, 4, 17, 1, 14]",12,0.24271664008506103,168,194,7,0.090878079035973,26,1
225,"(4,1)",,False,55,"[3, 4, 17, 1, 14]",12,0.24271664008506103,168,194,7,0.090878079035973,26,1
226,"(16,1)",,False,55,"[16, 0, 9, 6, 1]",12,0.23112284077196302,170,196,8,0.12616537134080902,26,1
227,"(16,1)",,False,55,"[16, 0, 9, 6, 1]",12,0.23112284077196302,170,196,8,0.12616537134080902,26,1
228,"(11,2)",,False,57,"[6, 19, 3, 11, 2]",13,0.24434001670843702,172,198,8,0.11796853244221601,26,1
229,"(11,2)",,False,57,"[6, 19, 3, 11, 2]",13,0.24434001670843702,172,198,8,0.11796853244221601,26,1
230,"(14,1)",,False,57,"[10, 7, 14, 1, 16]",13,0.24414508493455803,174,200,8,0.093796992481203,26,1
231,"(14,1)",,False,57,"[10, 7, 14, 1, 16]",13,0.24414508493455803,174,200,8,0.093796992481203,26,1
232,"(13,19)",,False,56,"[13, 14, 11, 19, 4]",13,0.252080327080327,176,202,6,0.053265740107845,26,1
233,"(13,19)",,False,56,"[13, 14, 11, 19, 4]",13,0.252080327080327,176,202,6,0.053265740107845,26,1
234,"(18,0)",,False,56,"[17, 18, 10, 0, 14]",12,0.21168198273461403,178,204,6,0.05329991645781101,26,1
235,"(18,0)",,False,56,"[17, 18, 10, 0, 14]",12,0.21168198273461403,178,204,6,0.05329991645781101,26,1
236,"(8,1)",,False,56,"[14, 2, 8, 1, 3]",12,0.217432470064049,180,206,7,0.066506544138123,26,1
237,"(8,1)",,False,56,"[14, 2, 8, 1, 3]",12,0.217432470064049,180,206,7,0.066506544138123,26,1
238,"(13,10)",,False,56,"[14, 4, 18, 13, 10]",12,0.216360345307713,182,208,7,0.071101364522417,26,1
239,"(13,10)",,False,56,"[14, 4, 18, 13, 10]",12,0.216360345307713,182,208,7,0.071101364522417,26,1
240,"(3,0)",,False,56,"[10, 3, 4, 0, 19]",12,0.202125684581824,184,210,7,0.08193400167084301,26,1
241,"(3,0)",,False,56,"[10, 3, 4, 0, 19]",12,0.202125684581824,184,210,7,0.08193400167084301,26,1
242,"(1,16)",,False,56,"[0, 1, 6, 16, 11]",12,0.17650375939849602,186,212,8,0.11547619047619001,26,1
243,"(1,16)",,False,56,"[0, 1, 6, 16, 11]",12,0.17650375939849602,186,212,8,0.11547619047619001,26,1
244,"(9,3)",,False,56,"[8, 17, 7, 9, 3]",13,0.22259584145549002,188,214,8,0.12724171539961002,26,1
245,"(9,3)",,False,56,"[8, 17, 7, 9, 3]",13,0.22259584145549002,188,214,8,0.12724171539961002,26,1
246,"(14,5)",,False,58,"[14, 15, 5, 4, 3]",13,0.212844611528822,190,216,8,0.111814257866889,26,1
247,"(14,5)",,False,58,"[14, 15, 5, 4, 3]",13,0.212844611528822,190,216,8,0.111814257866889,26,1
248,"(0,10)",,False,56,"[0, 3, 9, 18, 10]",12,0.205836350134595,192,218,8,0.124023020514248,26,1
249,"(0,10)",,False,56,"[0, 3, 9, 18, 10]",12,0.205836350134595,192,218,8,0.124023020514248,26,1
250,"(6,12)",,False,58,"[7, 18, 17, 6, 12]",13,0.23653469662241502,194,220,8,0.09758698092031401,26,1
251,"(6,12)",,False,58,"[7, 18, 17, 6, 12]",13,0.23653469662241502,194,220,8,0.09758698092031401,26,1
252,"(1,9)",,False,57,"[2, 4, 1, 9, 14]",13,0.2526037315511,196,222,9,0.11738141650422301,26,1
253,"(1,9)",,False,57,"[2, 4, 1, 9, 14]",13,0.2526037315511,196,222,9,0.11738141650422301,26,1
254,"(8,3)",,False,55,"[8, 16, 5, 3, 14]",13,0.272168848046041,198,224,9,0.14144156688016302,26,1
255,"(8,3)",,False,55,"[8, 16, 5, 3, 14]",13,0.272168848046041,198,224,9,0.14144156688016302,26,1
256,"(12,16)",,False,55,"[18, 5, 12, 16, 7]",13,0.25865589900677605,200,226,9,0.144653299916457,26,1
257,"(12,16)",,False,55,"[18, 5, 12, 16, 7]",13,0.25865589900677605,200,226,9,0.144653299916457,26,1
258,"(13,18)",,False,57,"[3, 8, 13, 17, 18]",14,0.28856400259909004,202,228,9,0.100422352176738,26,1
259,"(13,18)",,False,57,"[3, 8, 13, 17, 18]",14,0.28856400259909004,202,228,9,0.100422352176738,26,1
260,"(19,6)",,False,59,"[14, 16, 19, 9, 6]",14,0.267323936622182,204,230,9,0.091732893487279,26,1
261,"(19,6)",,False,59,"[14, 16, 19, 9, 6]",14,0.267323936622182,204,230,9,0.091732893487279,26,1
262,"(6,18)",,False,59,"[11, 17, 5, 6, 18]",14,0.28080154088926,206,232,8,0.05911306042884901,26,1
263,"(6,18)",,False,59,"[11, 17, 5, 6, 18]",14,0.28080154088926,206,232,8,0.05911306042884901,26,1
264,"(8,5)",,False,61,"[12, 7, 17, 8, 5]",14,0.266943663873488,208,234,8,0.049552542973595,26,1
265,"(8,5)",,False,61,"[12, 7, 17, 8, 5]",14,0.266943663873488,208,234,8,0.049552542973595,26,1
266,"(0,4)",,False,59,"[11, 6, 1, 0, 4]",13,0.24908567715585203,210,236,8,0.068743618305021,26,1
267,"(0,4)",,False,59,"[11, 6, 1, 0, 4]",13,0.24908567715585203,210,236,8,0.068743618305021,26,1
268,"(5,16)",,False,59,"[17, 5, 19, 15, 16]",13,0.250482688201986,212,238,8,0.06858117516012201,26,1
269,"(5,16)",,False,59,"[17, 5, 19, 15, 16]",13,0.250482688201986,212,238,8,0.06858117516012201,26,1
270,"(8,0)",,False,57,"[8, 10, 7, 14, 0]",12,0.25214339324246404,214,240,8,0.072041214146477,26,1
271,"(8,0)",,False,57,"[8, 10, 7, 14, 0]",12,0.25214339324246404,214,240,8,0.072041214146477,26,1
272,"(19,3)",,False,57,"[17, 19, 11, 7, 3]",12,0.21371811262162102,216,242,8,0.075991536079255,26,1
273,"(19,3)",,False,57,"[17, 19, 11, 7, 3]",12,0.21371811262162102,216,242,8,0.075991536079255,26,1
274,"(5,11)",,False,57,"[7, 12, 5, 2, 11]",12,0.23105902382218102,218,244,8,0.07481266297055701,26,1
275,"(5,11)",,False,57,"[7, 12, 5, 2, 11]",12,0.23105902382218102,218,244,8,0.07481266297055701,26,1
276,"(11,3)",,False,57,"[14, 19, 11, 15, 3]",12,0.223638690743953,220,246,7,0.05323029796714,26,1
277,"(11,3)",,False,57,"[14, 19, 11, 15, 3]",12,0.223638690743953,220,246,7,0.05323029796714,26,1
278,"(3,0)",,False,57,"[17, 2, 19, 3, 0]",11,0.19349156366700201,222,248,7,0.047080664624524,26,1
279,"(3,0)",,False,57,"[17, 2, 19, 3, 0]",11,0.19349156366700201,222,248,7,0.047080664624524,26,1
280,"(12,2)",,False,57,"[12, 8, 5, 3, 2]",11,0.208505951488407,224,250,7,0.047080664624524,26,1
281,"(12,2)",,False,57,"[12, 8, 5, 3, 2]",11,0.208505951488407,224,250,7,0.047080664624524,26,1
282,"(7,11)",,False,57,"[3, 8, 7, 11, 17]",11,0.20511295072698502,226,252,6,0.032082521117608,26,1
283,"(7,11)",,False,57,"[3, 8, 7, 11, 17]",11,0.20511295072698502,226,252,6,0.032082521117608,26,1
284,"(4,7)",,False,57,"[11, 4, 7, 10, 3]",11,0.20511295072698502,228,254,6,0.032082521117608,26,1
285,"(4,7)",,False,57,"[11, 4, 7, 10, 3]",11,0.20511295072698502,228,254,6,0.032082521117608,26,1
286,"(7,13)",,False,59,"[5, 7, 15, 2, 13]",12,0.194544863843109,230,256,6,0.034226770630279,26,1
287,"(7,13)",,False,59,"[5, 7, 15, 2, 13]",12,0.194544863843109,230,256,6,0.034226770630279,26,1
288,"(13,2)",,False,59,"[15, 13, 8, 2, 16]",12,0.185680109364319,232,258,6,0.033892601875058,26,1
289,"(13,2)",,False,59,"[15, 13, 8, 2, 16]",12,0.185680109364319,232,258,6,0.033892601875058,26,1
290,"(0,14)",,False,60,"[0, 14, 19, 17, 3]",13,0.218286456882948,234,260,7,0.037336396546922,26,1
291,"(0,14)",,False,60,"[0, 14, 19, 17, 3]",13,0.218286456882948,234,260,7,0.037336396546922,26,1
292,"(16,0)",,False,60,"[16, 17, 0, 12, 8]",13,0.21872273275782,236,262,7,0.056005755128562006,26,1
293,"(16,0)",,False,60,"[16, 17, 0, 12, 8]",13,0.21872273275782,236,262,7,0.056005755128562006,26,1
294,"(0,4)",,False,58,"[7, 0, 18, 15, 4]",12,0.19788591849995302,238,264,7,0.06311844425879501,26,1
295,"(0,4)",,False,58,"[7, 0, 18, 15, 4]",12,0.19788591849995302,238,264,7,0.06311844425879501,26,1
296,"(3,7)",,False,58,"[12, 15, 3, 7, 13]",12,0.19709690893901402,240,266,7,0.061531142671493004,26,1
297,"(3,7)",,False,58,"[12, 15, 3, 7, 13]",12,0.19709690893901402,240,266,7,0.061531142671493004,26,1
298,"(1,9)",,False,57,"[1, 9, 0, 19, 17]",12,0.19585073795600103,242,268,8,0.087473312911909,26,1
299,"(1,9)",,False,57,"[1, 9, 0, 19, 17]",12,0.19585073795600103,242,268,8,0.087473312911909,26,1
300,"(13,18)",,False,57,"[16, 17, 13, 14, 18]",12,0.204086605402394,244,270,8,0.085948667966211,26,1
301,"(13,18)",,False,57,"[16, 17, 13, 14, 18]",12,0.204086605402394,244,270,8,0.085948667966211,26,1
302,"(1,17)",,False,59,"[1, 14, 17, 8, 13]",13,0.23453773322194302,246,272,9,0.092397660818713,26,1
303,"(1,17)",,False,59,"[1, 14, 17, 8, 13]",13,0.23453773322194302,246,272,9,0.092397660818713,26,1
304,"(0,16)",,False,59,"[4, 14, 0, 17, 16]",13,0.22584702496983103,248,274,9,0.099310776942355,26,1
305,"(0,16)",,False,59,"[4, 14, 0, 17, 16]",13,0.22584702496983103,248,274,9,0.099310776942355,26,1
306,"(10,0)",,False,58,"[9, 1, 8, 10, 0]",13,0.21164337611706002,250,276,9,0.09780954912533801,26,1
307,"(10,0)",,False,58,"[9, 1, 8, 10, 0]",13,0.21164337611706002,250,276,9,0.09780954912533801,26,1
308,"(3,0)",,False,56,"[3, 0, 13, 10, 7]",12,0.17727188341223402,252,278,9,0.10153392741112001,26,1
309,"(3,0)",,False,56,"[3, 0, 13, 10, 7]",12,0.17727188341223402,252,278,9,0.10153392741112001,26,1
310,"(9,0)",,False,54,"[9, 13, 6, 0, 16]",11,0.14513688066319602,254,280,8,0.07973994816100001,26,1
311,"(9,0)",,False,54,"[9, 13, 6, 0, 16]",11,0.14513688066319602,254,280,8,0.07973994816100001,26,1
312,"(16,5)",,False,52,"[16, 5, 9, 15, 6]",11,0.175058907953644,256,282,8,0.098724910567015,26,1
313,"(16,5)",,False,52,"[16, 5, 9, 15, 6]",11,0.175058907953644,256,282,8,0.098724910567015,26,1
314,"(8,12)",,False,52,"[11, 8, 12, 15, 6]",11,0.19888610414926203,258,284,8,0.10822890559732601,26,1
315,"(8,12)",,False,52,"[11, 8, 12, 15, 6]",11,0.19888610414926203,258,284,8,0.10822890559732601,26,1
316,"(18,11)",,False,54,"[9, 16, 18, 11, 4]",12,0.23988907453819702,260,286,8,0.1069572078344,26,1
317,"(18,11)",,False,54,"[9, 16, 18, 11, 4]",12,0.23988907453819702,260,286,8,0.1069572078344,26,1
318,"(3,19)",,False,52,"[3, 7, 14, 15, 19]",12,0.19550728673535603,262,288,7,0.074222593520839,26,1
319,"(3,19)",,False,52,"[3, 7, 14, 15, 19]",12,0.19550728673535603,262,288,7,0.074222593520839,26,1
320,"(1,10)",,False,54,"[1, 14, 17, 10, 16]",12,0.18279727095516501,264,290,8,0.09945465515640901,26,1
321,"(1,10)",,False,54,"[1, 14, 17, 10, 16]",12,0.18279727095516501,264,290,8,0.09945465515640901,26,1
322,"(1,2)",,False,54,"[10, 1, 19, 2, 11]",12,0.17383188611258701,266,292,9,0.12412892500611701,26,1
323,"(1,2)",,False,54,"[10, 1, 19, 2, 11]",12,0.17383188611258701,266,292,9,0.12412892500611701,26,1
324,"(0,19)",,False,51,"[4, 1, 9, 0, 19]",11,0.16282710142359202,268,294,8,0.08054226475279101,26,1
325,"(0,19)",,False,51,"[4, 1, 9, 0, 19]",11,0.16282710142359202,268,294,8,0.08054226475279101,26,1
326,"(8,10)",,False,53,"[4, 8, 15, 7, 10]",11,0.15658928465946,270,296,8,0.087949672160198,26,1
327,"(8,10)",,False,53,"[4, 8, 15, 7, 10]",11,0.15658928465946,270,296,8,0.087949672160198,26,1
328,"(3,13)",,False,53,"[15, 8, 3, 14, 13]",11,0.125872535521658,272,298,8,0.083207581891792,26,1
329,"(3,13)",,False,53,"[15, 8, 3, 14, 13]",11,0.125872535521658,272,298,8,0.083207581891792,26,1
330,"(15,0)",,False,51,"[4, 15, 0, 19, 13]",10,0.11361273554256,274,300,7,0.056578947368421006,26,1
331,"(15,0)",,False,51,"[4, 15, 0, 19, 13]",10,0.11361273554256,274,300,7,0.056578947368421006,26,1
332,"(8,9)",,False,53,"[8, 3, 7, 9, 18]",11,0.134699121541226,276,302,7,0.044400774663932004,26,1
333,"(8,9)",,False,53,"[8, 3, 7, 9, 18]",11,0.134699121541226,276,302,7,0.044400774663932004,26,1
334,"(0,12)",,False,51,"[0, 15, 4, 5, 12]",10,0.119326093010303,278,304,7,0.050160122528543,26,1
335,"(0,12)",,False,51,"[0, 15, 4, 5, 12]",10,0.119326093010303,278,304,7,0.050160122528543,26,1
336,"(0,5)",,False,51,"[19, 0, 10, 3, 5]",10,0.141659704817599,280,306,7,0.032553606237816,26,1
337,"(0,5)",,False,51,"[19, 0, 10, 3, 5]",10,0.141659704817599,280,306,7,0.032553606237816,26,1
338,"(1,3)",,False,50,"[17, 14, 7, 1, 3]",10,0.20437525437525403,282,308,8,0.14296746138851402,26,1
339,"(1,3)",,False,50,"[17, 14, 7, 1, 3]",10,0.20437525437525403,282,308,8,0.14296746138851402,26,1
340,"(10,1)",,False,52,"[0, 10, 1, 7, 13]",11,0.21669076537497503,284,310,9,0.18297024612814,26,1
341,"(10,1)",,False,52,"[0, 10, 1, 7, 13]",11,0.21669076537497503,284,310,9,0.18297024612814,26,1
342,"(1,8)",,False,54,"[18, 14, 9, 1, 8]",11,0.203390420495683,286,312,10,0.1609440267335,26,1
343,"(1,8)",,False,54,"[18, 14, 9, 1, 8]",11,0.203390420495683,286,312,10,0.1609440267335,26,1
344,"(4,9)",,False,54,"[4, 12, 9, 7, 15]",11,0.193071694387483,288,314,10,0.15938457254246702,26,1
345,"(4,9)",,False,54,"[4, 12, 9, 7, 15]",11,0.193071694387483,288,314,10,0.15938457254246702,26,1
346,"(16,4)",,False,56,"[16, 5, 4, 12, 17]",11,0.17937773727247402,290,316,10,0.142084377610693,26,1
347,"(16,4)",,False,56,"[16, 5, 4, 12, 17]",11,0.17937773727247402,290,316,10,0.142084377610693,26,1
348,"(12,1)",,False,56,"[12, 8, 3, 17, 1]",11,0.176143690617374,292,318,10,0.15949489107383802,26,1
349,"(12,1)",,False,56,"[12, 8, 3, 17, 1]",11,0.176143690617374,292,318,10,0.15949489107383802,26,1
350,"(8,13)",,False,55,"[2, 10, 8, 13, 17]",11,0.175106375106375,294,320,8,0.095424994109204,26,1
351,"(8,13)",,False,55,"[2, 10, 8, 13, 17]",11,0.175106375106375,294,320,8,0.095424994109204,26,1
352,"(6,13)",,False,56,"[6, 15, 3, 13, 12]",11,0.167225561962404,296,322,8,0.09082321187584301,26,1
353,"(6,13)",,False,56,"[6, 15, 3, 13, 12]",11,0.167225561962404,296,322,8,0.09082321187584301,26,1
354,"(11,1)",,False,58,"[11, 10, 16, 2, 1]",12,0.185732850645131,298,324,9,0.11015269655620501,26,1
355,"(11,1)",,False,58,"[11, 10, 16, 2, 1]",12,0.185732850645131,298,324,9,0.11015269655620501,26,1
356,"(0,16)",,False,58,"[0, 13, 10, 16, 15]",11,0.157435254803675,300,326,9,0.110941706117144,26,1
357,"(0,16)",,False,58,"[0, 13, 10, 16, 15]",11,0.157435254803675,300,326,9,0.110941706117144,26,1
358,"(10,8)",,False,58,"[10, 8, 16, 12, 14]",11,0.170481759955444,302,328,9,0.12259352083913401,26,1
359,"(10,8)",,False,58,"[10, 8, 16, 12, 14]",11,0.170481759955444,302,328,9,0.12259352083913401,26,1
360,"(12,1)",,False,58,"[3, 12, 18, 1, 7]",11,0.17381648565859,304,330,10,0.15685045948203802,26,1
361,"(12,1)",,False,58,"[3, 12, 18, 1, 7]",11,0.17381648565859,304,330,10,0.15685045948203802,26,1
362,"(14,6)",,False,60,"[14, 6, 9, 12, 4]",11,0.15897382344750702,306,332,10,0.134725703146755,26,1
363,"(14,6)",,False,60,"[14, 6, 9, 12, 4]",11,0.15897382344750702,306,332,10,0.134725703146755,26,1
364,"(19,5)",,False,60,"[4, 19, 5, 14, 17]",11,0.159374129768866,308,334,10,0.13556112503480902,26,1
365,"(19,5)",,False,60,"[4, 19, 5, 14, 17]",11,0.159374129768866,308,334,10,0.13556112503480902,26,1
366,"(0,8)",,False,57,"[0, 8, 16, 12, 5]",10,0.18890281258702302,310,336,10,0.14699944305207402,26,1
367,"(0,8)",,False,57,"[0, 8, 16, 12, 5]",10,0.18890281258702302,310,336,10,0.14699944305207402,26,1
368,"(4,1)",,False,59,"[4, 15, 17, 1, 16]",11,0.19802283486494002,312,338,11,0.15817321080478902,26,1
369,"(4,1)",,False,59,"[4, 15, 17, 1, 16]",11,0.19802283486494002,312,338,11,0.15817321080478902,26,1
370,"(4,19)",,False,60,"[2, 4, 7, 10, 19]",11,0.18192703982177602,314,340,11,0.15061728395061702,26,1
371,"(4,19)",,False,60,"[2, 4, 7, 10, 19]",11,0.18192703982177602,314,340,11,0.15061728395061702,26,1
372,"(19,1)",,False,60,"[0, 19, 1, 7, 5]",11,0.17469388960617002,316,342,11,0.125828460038986,26,1
373,"(19,1)",,False,60,"[0, 19, 1, 7, 5]",11,0.17469388960617002,316,342,11,0.125828460038986,26,1
374,"(8,1)",,False,60,"[8, 9, 5, 17, 1]",11,0.18629908103592302,318,344,12,0.17730437204121402,26,1
375,"(8,1)",,False,60,"[8, 9, 5, 17, 1]",11,0.18629908103592302,318,344,12,0.17730437204121402,26,1
376,"(12,2)",,False,60,"[12, 11, 4, 10, 2]",11,0.182934609250398,320,346,12,0.175351256930204,26,1
377,"(12,2)",,False,60,"[12, 11, 4, 10, 2]",11,0.182934609250398,320,346,12,0.175351256930204,26,1
378,"(10,17)",,False,58,"[10, 18, 6, 3, 17]",11,0.19635241301907902,320,347,12,0.20075736479245201,27,1
379,"(10,17)",,False,58,"[10, 18, 6, 3, 17]",11,0.19635241301907902,320,347,12,0.20075736479245201,27,1
380,"(1,12)",,False,60,"[15, 8, 1, 9, 12]",11,0.190195817827396,320,348,13,0.21141363509784503,28,1
381,"(1,12)",,False,60,"[15, 8, 1, 9, 12]",11,0.190195817827396,320,348,13,0.21141363509784503,28,1
382,"(17,0)",,False,60,"[9, 17, 5, 0, 18]",10,0.17362661704766902,318,348,13,0.22749550644287403,30,1
383,"(17,0)",,False,60,"[9, 17, 5, 0, 18]",10,0.17362661704766902,318,348,13,0.22749550644287403,30,1
384,"(3,17)",,False,62,"[0, 1, 3, 10, 17]",10,0.16799870045484,316,348,13,0.20256196045669703,32,1
385,"(3,17)",,False,62,"[0, 1, 3, 10, 17]",10,0.16799870045484,316,348,13,0.20256196045669703,32,1
386,"(6,1)",,False,62,"[6, 10, 18, 1, 0]",10,0.160093520839134,316,349,13,0.18471758098951002,33,1
387,"(6,1)",,False,62,"[6, 10, 18, 1, 0]",10,0.160093520839134,316,349,13,0.18471758098951002,33,1
388,"(13,0)",,False,60,"[13, 0, 16, 6, 10]",9,0.055361427071953004,316,350,12,0.11934349763297102,34,1
389,"(13,0)",,False,60,"[13, 0, 16, 6, 10]",9,0.055361427071953004,316,350,12,0.11934349763297102,34,1
390,"(13,1)",,False,60,"[0, 15, 13, 1, 18]",9,0.060481063770537004,314,350,13,0.213008214981899,36,1
391,"(13,1)",,False,60,"[0, 15, 13, 1, 18]",9,0.060481063770537004,314,350,13,0.213008214981899,36,1
392,"(8,17)",,False,59,"[8, 19, 17, 9, 13]",9,0.068806721219001,312,350,13,0.22537138787138702,38,1
393,"(8,17)",,False,59,"[8, 19, 17, 9, 13]",9,0.068806721219001,312,350,13,0.22537138787138702,38,1
394,"(1,13)",,False,59,"[1, 13, 2, 19, 7]",9,0.068806721219001,310,350,13,0.22537138787138702,40,1
395,"(1,13)",,False,59,"[1, 13, 2, 19, 7]",9,0.068806721219001,310,350,13,0.22537138787138702,40,1
396,"(10,12)",,False,61,"[0, 2, 10, 12, 16]",9,0.073331923112624,308,350,13,0.23334966690229803,42,1
397,"(10,12)",,False,61,"[0, 2, 10, 12, 16]",9,0.073331923112624,308,350,13,0.23334966690229803,42,1
398,"(0,8)",,False,60,"[0, 15, 5, 8, 4]",9,0.07419590643274801,306,350,13,0.24545043163464203,44,1
399,"(0,8)",,False,60,"[0, 15, 5, 8, 4]",9,0.07419590643274801,306,350,13,0.24545043163464203,44,1
400,"(3,16)",,False,60,"[7, 3, 8, 0, 16]",9,0.07370857699805,304,350,13,0.24320871623503101,46,1
401,"(3,16)",,False,60,"[7, 3, 8, 0, 16]",9,0.07370857699805,304,350,13,0.24320871623503101,46,1
402,"(1,14)",,False,60,"[9, 1, 14, 10, 13]",9,0.06414647730437201,302,350,13,0.25512392091339403,48,1
403,"(1,14)",,False,60,"[9, 1, 14, 10, 13]",9,0.06414647730437201,302,350,13,0.25512392091339403,48,1
404,"(18,19)",,False,62,"[18, 17, 19, 12, 15]",9,0.060387078808131,300,350,13,0.209314954051796,50,1
405,"(18,19)",,False,62,"[18, 17, 19, 12, 15]",9,0.060387078808131,300,350,13,0.209314954051796,50,1
406,"(12,8)",,False,62,"[7, 15, 12, 4, 8]",9,0.060312105048947004,298,350,13,0.20242165242165203,52,1
407,"(12,8)",,False,62,"[7, 15, 12, 4, 8]",9,0.060312105048947004,298,350,13,0.20242165242165203,52,1
408,"(14,17)",,False,62,"[11, 14, 17, 10, 6]",9,0.063560967946932,296,350,13,0.202324186534712,54,1
409,"(14,17)",,False,62,"[11, 14, 17, 10, 6]",9,0.063560967946932,296,350,13,0.202324186534712,54,1
410,"(0,6)",,False,62,"[17, 4, 0, 10, 6]",8,0.04933390196548,294,350,13,0.19670660723292302,56,1
411,"(0,6)",,False,62,"[17, 4, 0, 10, 6]",8,0.04933390196548,294,350,13,0.19670660723292302,56,1
412,"(19,0)",,False,62,"[19, 0, 1, 3, 16]",8,0.075677538835433,292,350,13,0.19005107952476302,58,1
413,"(19,0)",,False,62,"[19, 0, 1, 3, 16]",8,0.075677538835433,292,350,13,0.19005107952476302,58,1
414,"(1,9)",,False,64,"[10, 1, 9, 0, 6]",8,0.07327223286975601,290,350,14,0.20987695273040902,60,1
415,"(1,9)",,False,64,"[10, 1, 9, 0, 6]",8,0.07327223286975601,290,350,14,0.20987695273040902,60,1
416,"(12,0)",,False,64,"[16, 12, 0, 5, 2]",7,0.037279473192785004,288,350,14,0.208751453797893,62,1
417,"(12,0)",,False,64,"[16, 12, 0, 5, 2]",7,0.037279473192785004,288,350,14,0.208751453797893,62,1
418,"(5,1)",,False,64,"[17, 3, 5, 1, 4]",7,0.033771929824561,286,350,14,0.179044834307992,64,1
419,"(5,1)",,False,64,"[17, 3, 5, 1, 4]",7,0.033771929824561,286,350,14,0.179044834307992,64,1
420,"(13,4)",,False,64,"[13, 15, 5, 3, 4]",8,0.07140929246192401,284,350,14,0.18271426429321103,66,1
421,"(13,4)",,False,64,"[13, 15, 5, 3, 4]",8,0.07140929246192401,284,350,14,0.18271426429321103,66,1
422,"(15,8)",,False,67,"[11, 14, 15, 2, 8]",10,0.09854193889281601,282,350,14,0.17458398489100202,68,1
423,"(15,8)",,False,67,"[11, 14, 15, 2, 8]",10,0.09854193889281601,282,350,14,0.17458398489100202,68,1
424,"(15,14)",,False,67,"[13, 8, 15, 3, 14]",10,0.10040722589199001,280,350,13,0.15023962008034,70,1
425,"(15,14)",,False,67,"[13, 8, 15, 3, 14]",10,0.10040722589199001,280,350,13,0.15023962008034,70,1
426,"(12,9)",,False,69,"[12, 7, 9, 11, 15]",10,0.09186538913061101,278,350,13,0.138975675740381,72,1
427,"(12,9)",,False,69,"[12, 7, 9, 11, 15]",10,0.09186538913061101,278,350,13,0.138975675740381,72,1
428,"(4,1)",,False,71,"[4, 1, 3, 0, 15]",10,0.08127409608317701,276,350,14,0.14425043671689702,74,1
429,"(4,1)",,False,71,"[4, 1, 3, 0, 15]",10,0.08127409608317701,276,350,14,0.14425043671689702,74,1
430,"(14,9)",,False,69,"[14, 5, 1, 13, 9]",10,0.09008083515307401,274,350,13,0.133403875870336,76,1
431,"(14,9)",,False,69,"[14, 5, 1, 13, 9]",10,0.09008083515307401,274,350,13,0.133403875870336,76,1
432,"(2,16)",,False,69,"[2, 19, 16, 15, 3]",10,0.100182614656298,272,350,13,0.132768709523095,78,1
433,"(2,16)",,False,69,"[2, 19, 16, 15, 3]",10,0.100182614656298,272,350,13,0.132768709523095,78,1
434,"(8,16)",,False,71,"[8, 16, 3, 9, 13]",11,0.119217024041585,272,351,13,0.127541074909495,79,1
435,"(8,16)",,False,71,"[8, 16, 3, 9, 13]",11,0.119217024041585,272,351,13,0.127541074909495,79,1
436,"(5,8)",,False,71,"[3, 5, 18, 8, 15]",11,0.128204634680382,272,352,13,0.13387103379363402,80,1
437,"(5,8)",,False,71,"[3, 5, 18, 8, 15]",11,0.128204634680382,272,352,13,0.13387103379363402,80,1
438,"(12,7)",,False,71,"[15, 12, 7, 11, 17]",11,0.10979077777323301,270,352,13,0.131335915546441,82,1
439,"(12,7)",,False,71,"[15, 12, 7, 11, 17]",11,0.10979077777323301,270,352,13,0.131335915546441,82,1
440,"(12,1)",,False,71,"[4, 12, 1, 16, 19]",11,0.09712422080843101,270,353,13,0.124296853244221,83,1
441,"(12,1)",,False,71,"[4, 12, 1, 16, 19]",11,0.09712422080843101,270,353,13,0.124296853244221,83,1
442,"(13,1)",,False,71,"[13, 1, 18, 10, 0]",11,0.10979077777323301,270,354,13,0.131335915546441,84,1
443,"(13,1)",,False,71,"[13, 1, 18, 10, 0]",11,0.10979077777323301,270,354,13,0.131335915546441,84,1
444,"(8,0)",,False,71,"[1, 9, 8, 0, 16]",11,0.10067476383265801,270,355,13,0.12871066555277,85,1
445,"(8,0)",,False,71,"[1, 9, 8, 0, 16]",11,0.10067476383265801,270,355,13,0.12871066555277,85,1
446,"(17,13)",,False,71,"[17, 13, 5, 11, 10]",12,0.129540115505027,270,356,13,0.14178225932611802,86,1
447,"(17,13)",,False,71,"[17, 13, 5, 11, 10]",12,0.129540115505027,270,356,13,0.14178225932611802,86,1
448,"(15,6)",,False,71,"[15, 8, 6, 19, 2]",12,0.12378758343670601,268,356,13,0.136861935984742,88,1
449,"(15,6)",,False,71,"[15, 8, 6, 19, 2]",12,0.12378758343670601,268,356,13,0.136861935984742,88,1
450,"(11,14)",,False,71,"[16, 9, 11, 14, 7]",12,0.122324751272119,266,356,13,0.133947241841978,90,1
451,"(11,14)",,False,71,"[16, 9, 11, 14, 7]",12,0.122324751272119,266,356,13,0.133947241841978,90,1
452,"(1,12)",,False,74,"[10, 13, 1, 6, 12]",12,0.10601545952423101,264,356,14,0.14846037653055102,92,1
453,"(1,12)",,False,74,"[10, 13, 1, 6, 12]",12,0.10601545952423101,264,356,14,0.14846037653055102,92,1
454,"(4,2)",,False,74,"[4, 2, 5, 13, 3]",12,0.11387148426622101,262,356,14,0.14776872737399002,94,1
455,"(4,2)",,False,74,"[4, 2, 5, 13, 3]",12,0.11387148426622101,262,356,14,0.14776872737399002,94,1
456,"(5,8)",,False,76,"[5, 19, 9, 8, 4]",12,0.102699323094059,260,356,14,0.1353439688966,96,1
457,"(5,8)",,False,76,"[5, 19, 9, 8, 4]",12,0.102699323094059,260,356,14,0.1353439688966,96,1
458,"(2,1)",,False,78,"[3, 12, 2, 1, 19]",12,0.098694653299916,258,356,15,0.128143274853801,98,1
459,"(2,1)",,False,78,"[3, 12, 2, 1, 19]",12,0.098694653299916,258,356,15,0.128143274853801,98,1
460,"(1,8)",,False,80,"[1, 8, 12, 9, 6]",13,0.109317363922627,256,356,16,0.14688243043506102,100,1
461,"(1,8)",,False,80,"[1, 8, 12, 9, 6]",13,0.109317363922627,256,356,16,0.14688243043506102,100,1
462,"(16,6)",,False,78,"[12, 1, 16, 4, 6]",13,0.12283138401559401,254,356,16,0.16188039543302601,102,1
463,"(16,6)",,False,78,"[12, 1, 16, 4, 6]",13,0.12283138401559401,254,356,16,0.16188039543302601,102,1
464,"(7,6)",,False,76,"[10, 5, 7, 4, 6]",13,0.14207510325931302,256,358,15,0.14020139217507602,102,1
465,"(7,6)",,False,76,"[10, 5, 7, 4, 6]",13,0.14207510325931302,256,358,15,0.14020139217507602,102,1
466,"(12,0)",,False,76,"[12, 0, 4, 18, 19]",12,0.10239920086411301,256,359,15,0.12493217471287602,103,1
467,"(12,0)",,False,76,"[12, 0, 4, 18, 19]",12,0.10239920086411301,256,359,15,0.12493217471287602,103,1
468,"(0,8)",,False,76,"[3, 19, 18, 0, 8]",11,0.083476895099702,254,359,15,0.12379043146587002,105,1
469,"(0,8)",,False,76,"[3, 19, 18, 0, 8]",11,0.083476895099702,254,359,15,0.12379043146587002,105,1
470,"(13,6)",,False,74,"[14, 13, 6, 12, 9]",11,0.106256381694978,252,359,15,0.139575791330177,107,1
471,"(13,6)",,False,74,"[14, 13, 6, 12, 9]",11,0.106256381694978,252,359,15,0.139575791330177,107,1
472,"(7,10)",,False,76,"[9, 7, 10, 13, 8]",11,0.08342151675485,250,359,15,0.129084284786039,109,1
473,"(7,10)",,False,76,"[9, 7, 10, 13, 8]",11,0.08342151675485,250,359,15,0.129084284786039,109,1
474,"(5,10)",,False,78,"[13, 17, 5, 11, 10]",11,0.06974380395433001,248,359,15,0.11931216931216901,111,1
475,"(5,10)",,False,78,"[13, 17, 5, 11, 10]",11,0.06974380395433001,248,359,15,0.11931216931216901,111,1
476,"(14,17)",,False,76,"[14, 3, 9, 17, 1]",11,0.072321326191295,246,359,14,0.111562423739926,113,1
477,"(14,17)",,False,76,"[14, 3, 9, 17, 1]",11,0.072321326191295,246,359,14,0.111562423739926,113,1
478,"(19,17)",,False,76,"[19, 9, 16, 11, 17]",12,0.095304232804232,244,359,14,0.118532442216652,115,1
479,"(19,17)",,False,76,"[19, 9, 16, 11, 17]",12,0.095304232804232,244,359,14,0.118532442216652,115,1
480,"(4,6)",,False,78,"[16, 11, 18, 4, 6]",13,0.109395015316067,244,360,14,0.113617376775271,116,1
481,"(4,6)",,False,78,"[16, 11, 18, 4, 6]",13,0.109395015316067,244,360,14,0.113617376775271,116,1
482,"(6,17)",,False,76,"[6, 15, 17, 4, 9]",13,0.112470278259751,246,362,13,0.10671443566180401,116,1
483,"(6,17)",,False,76,"[6, 15, 17, 4, 9]",13,0.112470278259751,246,362,13,0.10671443566180401,116,1
484,"(11,1)",,False,78,"[19, 15, 11, 1, 4]",13,0.104074288284814,246,363,14,0.11312977957714801,117,1
485,"(11,1)",,False,78,"[19, 15, 11, 1, 4]",13,0.104074288284814,246,363,14,0.11312977957714801,117,1
486,"(12,11)",,False,78,"[8, 12, 16, 11, 9]",13,0.106886024765281,246,364,14,0.111664373351679,118,1
487,"(12,11)",,False,78,"[8, 12, 16, 11, 9]",13,0.106886024765281,246,364,14,0.111664373351679,118,1
488,"(19,0)",,False,76,"[19, 0, 17, 3, 7]",12,0.09747696260854101,246,365,14,0.12053017645122902,119,1
489,"(19,0)",,False,76,"[19, 0, 17, 3, 7]",12,0.09747696260854101,246,365,14,0.12053017645122902,119,1
490,"(0,13)",,False,76,"[0, 17, 13, 3, 19]",12,0.09747696260854101,246,366,14,0.12053017645122902,120,1
491,"(0,13)",,False,76,"[0, 17, 13, 3, 19]",12,0.09747696260854101,246,366,14,0.12053017645122902,120,1
492,"(13,11)",,False,76,"[13, 5, 7, 4, 11]",12,0.097486833555623,244,366,14,0.12444109787138401,122,1
493,"(13,11)",,False,76,"[13, 5, 7, 4, 11]",12,0.097486833555623,244,366,14,0.12444109787138401,122,1
494,"(0,11)",,False,74,"[0, 2, 11, 3, 8]",11,0.080855904024118,244,367,13,0.10107430886584601,123,1
495,"(0,11)",,False,74,"[0, 2, 11, 3, 8]",11,0.080855904024118,244,367,13,0.10107430886584601,123,1
496,"(8,2)",,False,75,"[7, 18, 9, 8, 2]",11,0.07149147865092101,242,367,13,0.083902591694129,125,1
497,"(8,2)",,False,75,"[7, 18, 9, 8, 2]",11,0.07149147865092101,242,367,13,0.083902591694129,125,1
498,"(19,14)",,False,75,"[4, 6, 19, 14, 18]",12,0.09620977718310801,244,369,13,0.084284096320378,125,1
499,"(19,14)",,False,75,"[4, 6, 19, 14, 18]",12,0.09620977718310801,244,369,13,0.084284096320378,125,1
500,"(4,19)",,False,73,"[8, 14, 5, 4, 19]",12,0.11773656006112102,246,371,13,0.09442471920542,125,1
501,"(4,19)",,False,73,"[8, 14, 5, 4, 19]",12,0.11773656006112102,246,371,13,0.09442471920542,125,1
502,"(15,1)",,False,75,"[14, 15, 17, 1, 16]",12,0.114655852594449,248,373,14,0.102570082613942,125,1
503,"(15,1)",,False,75,"[14, 15, 17, 1, 16]",12,0.114655852594449,248,373,14,0.102570082613942,125,1
504,"(0,5)",,False,73,"[3, 13, 2, 0, 5]",11,0.10377053000892,250,375,13,0.08526627025079,125,1
505,"(0,5)",,False,73,"[3, 13, 2, 0, 5]",11,0.10377053000892,250,375,13,0.08526627025079,125,1
506,"(10,12)",,False,75,"[13, 10, 12, 11, 16]",11,0.08752689805321301,252,377,13,0.07652464494569701,125,1
507,"(10,12)",,False,75,"[13, 10, 12, 11, 16]",11,0.08752689805321301,252,377,13,0.07652464494569701,125,1
508,"(5,12)",,False,75,"[17, 5, 9, 12, 3]",11,0.11370091896407601,254,379,13,0.077742968532442,125,1
509,"(5,12)",,False,75,"[17, 5, 9, 12, 3]",11,0.11370091896407601,254,379,13,0.077742968532442,125,1
510,"(13,15)",,False,75,"[13, 15, 7, 19, 5]",12,0.130415158266035,256,381,13,0.07913765896222001,125,1
511,"(13,15)",,False,75,"[13, 15, 7, 19, 5]",12,0.130415158266035,256,381,13,0.07913765896222001,125,1
512,"(15,6)",,False,77,"[15, 16, 2, 6, 17]",12,0.124010257124292,258,383,13,0.077564281073053,125,1
513,"(15,6)",,False,77,"[15, 16, 2, 6, 17]",12,0.124010257124292,258,383,13,0.077564281073053,125,1
514,"(13,2)",,False,75,"[18, 16, 13, 15, 2]",12,0.138072453861927,260,385,12,0.06679282381036701,125,1
515,"(13,2)",,False,75,"[18, 16, 13, 15, 2]",12,0.138072453861927,260,385,12,0.06679282381036701,125,1
516,"(3,1)",,False,74,"[18, 15, 3, 1, 2]",12,0.15701013104060102,262,387,13,0.085021426711177,125,1
517,"(3,1)",,False,74,"[18, 15, 3, 1, 2]",12,0.15701013104060102,262,387,13,0.085021426711177,125,1
518,"(18,13)",,False,72,"[18, 19, 12, 17, 13]",12,0.184446778214091,264,389,13,0.104208282740138,125,1
519,"(18,13)",,False,72,"[18, 19, 12, 17, 13]",12,0.184446778214091,264,389,13,0.104208282740138,125,1
520,"(18,14)",,False,74,"[11, 18, 5, 14, 12]",12,0.17249127721263902,266,391,13,0.07839144429701701,125,1
521,"(18,14)",,False,74,"[11, 18, 5, 14, 12]",12,0.17249127721263902,266,391,13,0.07839144429701701,125,1
522,"(1,6)",,False,76,"[9, 18, 1, 0, 6]",13,0.18078566298787901,268,393,14,0.100769650735024,125,1
523,"(1,6)",,False,76,"[9, 18, 1, 0, 6]",13,0.18078566298787901,268,393,14,0.100769650735024,125,1
524,"(0,12)",,False,74,"[2, 5, 0, 14, 12]",12,0.16369047619047603,270,395,14,0.10313283208020001,125,1
525,"(0,12)",,False,74,"[2, 5, 0, 14, 12]",12,0.16369047619047603,270,395,14,0.10313283208020001,125,1
526,"(18,11)",,False,74,"[13, 18, 6, 11, 9]",12,0.155611250348092,272,397,14,0.102849002849002,125,1
527,"(18,11)",,False,74,"[13, 18, 6, 11, 9]",12,0.155611250348092,272,397,14,0.102849002849002,125,1
528,"(6,0)",,False,72,"[12, 6, 8, 0, 2]",11,0.15011876095467402,274,399,14,0.11272166086407501,125,1
529,"(6,0)",,False,72,"[12, 6, 8, 0, 2]",11,0.15011876095467402,274,399,14,0.11272166086407501,125,1
530,"(10,0)",,False,72,"[10, 2, 0, 11, 15]",10,0.04589024093668,274,400,14,0.09877959730900901,126,1
531,"(10,0)",,False,72,"[10, 2, 0, 11, 15]",10,0.04589024093668,274,400,14,0.09877959730900901,126,1
532,"(13,16)",,False,71,"[13, 14, 6, 8, 16]",10,0.061197988171672005,272,400,14,0.11451864412390701,128,1
533,"(13,16)",,False,71,"[13, 14, 6, 8, 16]",10,0.061197988171672005,272,400,14,0.11451864412390701,128,1
534,"(0,7)",,False,71,"[5, 0, 3, 7, 11]",9,0.052546770967823,270,400,14,0.114562922457659,130,1
535,"(0,7)",,False,71,"[5, 0, 3, 7, 11]",9,0.052546770967823,270,400,14,0.114562922457659,130,1
536,"(19,0)",,False,69,"[19, 9, 0, 1, 5]",8,0.041996194189176,268,400,13,0.08607993695712901,132,1
537,"(19,0)",,False,69,"[19, 9, 0, 1, 5]",8,0.041996194189176,268,400,13,0.08607993695712901,132,1
538,"(1,10)",,False,71,"[8, 1, 5, 0, 10]",8,0.040399610136452005,266,400,14,0.16724581461423502,134,1
539,"(1,10)",,False,71,"[8, 1, 5, 0, 10]",8,0.040399610136452005,266,400,14,0.16724581461423502,134,1
540,"(1,11)",,False,73,"[1, 10, 11, 18, 2]",9,0.051381107521458004,264,400,15,0.191801181274865,136,1
541,"(1,11)",,False,73,"[1, 10, 11, 18, 2]",9,0.051381107521458004,264,400,15,0.191801181274865,136,1
542,"(12,8)",,False,75,"[6, 12, 13, 7, 8]",10,0.061076009760220006,262,400,15,0.189895216868901,138,1
543,"(12,8)",,False,75,"[6, 12, 13, 7, 8]",10,0.061076009760220006,262,400,15,0.189895216868901,138,1
544,"(14,1)",,False,75,"[16, 14, 10, 17, 1]",10,0.050353155616313004,260,400,15,0.208777625882889,140,1
545,"(14,1)",,False,75,"[16, 14, 10, 17, 1]",10,0.050353155616313004,260,400,15,0.208777625882889,140,1
546,"(7,2)",,False,73,"[7, 2, 14, 13, 9]",10,0.060141093474426005,258,400,15,0.211837464030446,142,1
547,"(7,2)",,False,73,"[7, 2, 14, 13, 9]",10,0.060141093474426005,258,400,15,0.211837464030446,142,1
548,"(3,14)",,False,73,"[3, 6, 19, 14, 12]",10,0.061514898357003,256,400,14,0.171087440824282,144,1
549,"(3,14)",,False,73,"[3, 6, 19, 14, 12]",10,0.061514898357003,256,400,14,0.171087440824282,144,1
550,"(12,18)",,False,73,"[12, 18, 11, 6, 19]",10,0.05580270119743801,254,400,13,0.15758145363408502,146,1
551,"(12,18)",,False,73,"[12, 18, 11, 6, 19]",10,0.05580270119743801,254,400,13,0.15758145363408502,146,1
552,"(9,0)",,False,71,"[9, 0, 1, 16, 10]",9,0.05082613942263001,252,400,12,0.132497911445279,148,1
553,"(9,0)",,False,71,"[9, 0, 1, 16, 10]",9,0.05082613942263001,252,400,12,0.132497911445279,148,1
554,"(15,13)",,False,69,"[15, 7, 13, 2, 1]",9,0.05618212197159501,250,400,11,0.154734057365636,150,1
555,"(15,13)",,False,69,"[15, 7, 13, 2, 1]",9,0.05618212197159501,250,400,11,0.154734057365636,150,1
556,"(0,14)",,False,67,"[0, 8, 16, 1, 14]",8,0.044808781212289005,248,400,10,0.14816207184628202,152,1
557,"(0,14)",,False,67,"[0, 8, 16, 1, 14]",8,0.044808781212289005,248,400,10,0.14816207184628202,152,1
558,"(15,7)",,False,65,"[8, 15, 11, 10, 7]",8,0.052452891487979006,246,400,10,0.15569372148319502,154,1
559,"(15,7)",,False,65,"[8, 15, 11, 10, 7]",8,0.052452891487979006,246,400,10,0.15569372148319502,154,1
560,"(3,17)",,False,65,"[5, 3, 17, 6, 4]",8,0.054105170333240006,244,400,10,0.14136034530771302,156,1
561,"(3,17)",,False,65,"[5, 3, 17, 6, 4]",8,0.054105170333240006,244,400,10,0.14136034530771302,156,1
562,"(3,8)",,False,65,"[19, 3, 8, 16, 10]",8,0.064912280701754,242,400,10,0.14104242086698202,158,1
563,"(3,8)",,False,65,"[19, 3, 8, 16, 10]",8,0.064912280701754,242,400,10,0.14104242086698202,158,1
564,"(4,12)",,False,67,"[16, 8, 4, 2, 12]",9,0.069599844599844,240,400,10,0.12915232915232902,160,1
565,"(4,12)",,False,67,"[16, 8, 4, 2, 12]",9,0.069599844599844,240,400,10,0.12915232915232902,160,1
566,"(13,0)",,False,65,"[2, 13, 19, 17, 0]",8,0.049911735438051004,238,400,9,0.10377870991906,162,1
567,"(13,0)",,False,65,"[2, 13, 19, 17, 0]",8,0.049911735438051004,238,400,9,0.10377870991906,162,1
568,"(13,15)",,False,65,"[13, 7, 9, 6, 15]",8,0.048626828012792,236,400,8,0.09589325554237801,164,1
569,"(13,15)",,False,65,"[13, 7, 9, 6, 15]",8,0.048626828012792,236,400,8,0.09589325554237801,164,1
570,"(6,14)",,False,63,"[9, 13, 6, 14, 16]",8,0.054091879530476006,234,400,7,0.09367189016311801,166,1
571,"(6,14)",,False,63,"[9, 13, 6, 14, 16]",8,0.054091879530476006,234,400,7,0.09367189016311801,166,1
572,"(12,15)",,False,66,"[12, 3, 10, 11, 15]",8,0.038554720133667,232,400,7,0.072533606744133,168,1
573,"(12,15)",,False,66,"[12, 3, 10, 11, 15]",8,0.038554720133667,232,400,7,0.072533606744133,168,1
574,"(4,3)",,False,68,"[15, 19, 4, 3, 16]",9,0.044996394119201005,230,400,7,0.06580304036444301,170,1
575,"(4,3)",,False,68,"[15, 19, 4, 3, 16]",9,0.044996394119201005,230,400,7,0.06580304036444301,170,1
576,"(0,14)",,False,66,"[0, 16, 17, 13, 14]",8,0.034723025512499006,228,400,7,0.071975879870616,172,1
577,"(0,14)",,False,66,"[0, 16, 17, 13, 14]",8,0.034723025512499006,228,400,7,0.071975879870616,172,1
578,"(14,10)",,False,66,"[19, 15, 2, 14, 10]",8,0.033852794379110006,226,400,7,0.050199215988689004,174,1
579,"(14,10)",,False,66,"[19, 15, 2, 14, 10]",8,0.033852794379110006,226,400,7,0.050199215988689004,174,1
580,"(18,0)",,False,65,"[9, 16, 4, 18, 0]",7,0.019465329991645002,224,400,7,0.047556390977443005,176,1
581,"(18,0)",,False,65,"[9, 16, 4, 18, 0]",7,0.019465329991645002,224,400,7,0.047556390977443005,176,1
582,"(1,11)",,False,66,"[10, 8, 1, 11, 4]",8,0.043776106934001004,222,400,8,0.06754618026547801,178,1
583,"(1,11)",,False,66,"[10, 8, 1, 11, 4]",8,0.043776106934001004,222,400,8,0.06754618026547801,178,1
584,"(9,13)",,False,68,"[12, 9, 15, 14, 13]",9,0.045312776891724006,220,400,8,0.06318173379576801,180,1
585,"(9,13)",,False,68,"[12, 9, 15, 14, 13]",9,0.045312776891724006,220,400,8,0.06318173379576801,180,1
586,"(15,19)",,False,69,"[14, 9, 15, 19, 11]",10,0.054961899698741004,218,400,8,0.067035644667223,182,1
587,"(15,19)",,False,69,"[14, 9, 15, 19, 11]",10,0.054961899698741004,218,400,8,0.067035644667223,182,1
588,"(13,4)",,False,71,"[7, 13, 10, 19, 4]",10,0.046342416517855006,220,402,8,0.045995865732707,182,1
589,"(13,4)",,False,71,"[7, 13, 10, 19, 4]",10,0.046342416517855006,220,402,8,0.045995865732707,182,1
590,"(0,14)",,False,71,"[0, 11, 1, 14, 2]",10,0.046342416517855006,222,404,8,0.045995865732707,182,1
591,"(0,14)",,False,71,"[0, 11, 1, 14, 2]",10,0.046342416517855006,222,404,8,0.045995865732707,182,1
592,"(0,2)",,False,68,"[0, 8, 4, 6, 2]",9,0.0361084983892,222,405,8,0.046135102714050004,183,1
593,"(0,2)",,False,68,"[0, 8, 4, 6, 2]",9,0.0361084983892,222,405,8,0.046135102714050004,183,1
594,"(9,3)",,False,66,"[2, 9, 3, 6, 15]",9,0.039209977806469,220,405,8,0.052249310144046004,185,1
595,"(9,3)",,False,66,"[2, 9, 3, 6, 15]",9,0.039209977806469,220,405,8,0.052249310144046004,185,1
596,"(4,13)",,False,66,"[18, 11, 4, 12, 13]",9,0.039209977806469,218,405,8,0.052249310144046004,187,1
597,"(4,13)",,False,66,"[18, 11, 4, 12, 13]",9,0.039209977806469,218,405,8,0.052249310144046004,187,1
598,"(14,7)",,False,66,"[17, 19, 13, 14, 7]",9,0.038253461937672005,216,405,8,0.05040378724589201,189,1
599,"(14,7)",,False,66,"[17, 19, 13, 14, 7]",9,0.038253461937672005,216,405,8,0.05040378724589201,189,1
600,"(6,1)",,False,68,"[6, 11, 1, 2, 15]",10,0.059932659932659005,218,407,9,0.059746588693957006,189,1
601,"(6,1)",,False,68,"[6, 11, 1, 2, 15]",10,0.059932659932659005,218,407,9,0.059746588693957006,189,1
602,"(13,1)",,False,68,"[13, 3, 11, 1, 15]",10,0.053792309055466,218,408,10,0.076754385964912,190,1
603,"(13,1)",,False,68,"[13, 3, 11, 1, 15]",10,0.053792309055466,218,408,10,0.076754385964912,190,1
604,"(12,7)",,False,69,"[12, 7, 13, 4, 9]",10,0.05026209314135,216,408,10,0.07286721706226301,192,1
605,"(12,7)",,False,69,"[12, 7, 13, 4, 9]",10,0.05026209314135,216,408,10,0.07286721706226301,192,1
606,"(7,8)",,False,69,"[16, 5, 3, 7, 8]",10,0.048493242676068006,214,408,10,0.074784549092028,194,1
607,"(7,8)",,False,69,"[16, 5, 3, 7, 8]",10,0.048493242676068006,214,408,10,0.074784549092028,194,1
608,"(0,13)",,False,69,"[8, 0, 10, 13, 14]",9,0.03264221158958,212,408,10,0.079775828460038,196,1
609,"(0,13)",,False,69,"[8, 0, 10, 13, 14]",9,0.03264221158958,212,408,10,0.079775828460038,196,1
610,"(19,7)",,False,72,"[18, 11, 19, 7, 8]",11,0.050450621503253,210,408,10,0.073398774714564,198,1
611,"(19,7)",,False,72,"[18, 11, 19, 7, 8]",11,0.050450621503253,210,408,10,0.073398774714564,198,1
612,"(14,15)",,False,70,"[4, 14, 16, 7, 15]",11,0.058525100630363,210,409,9,0.058526366421103,199,1
613,"(14,15)",,False,70,"[4, 14, 16, 7, 15]",11,0.058525100630363,210,409,9,0.058526366421103,199,1
614,"(3,12)",,False,70,"[16, 3, 12, 17, 5]",11,0.061304355164004,212,411,9,0.05755170755170701,199,1
615,"(3,12)",,False,70,"[16, 3, 12, 17, 5]",11,0.061304355164004,212,411,9,0.05755170755170701,199,1
616,"(7,0)",,False,70,"[12, 7, 14, 16, 0]",11,0.073062285342987,214,413,9,0.05249234196602601,199,1
617,"(7,0)",,False,70,"[12, 7, 14, 16, 0]",11,0.073062285342987,214,413,9,0.05249234196602601,199,1
618,"(19,12)",,False,72,"[8, 19, 12, 15, 4]",12,0.09305671586373301,216,415,9,0.051030353661932,199,1
619,"(19,12)",,False,72,"[8, 19, 12, 15, 4]",12,0.09305671586373301,216,415,9,0.051030353661932,199,1
620,"(14,0)",,False,70,"[7, 14, 18, 19, 0]",11,0.070876264735913,218,417,9,0.053884711779448,199,1
621,"(14,0)",,False,70,"[7, 14, 18, 19, 0]",11,0.070876264735913,218,417,9,0.053884711779448,199,1
622,"(17,6)",,False,70,"[9, 17, 2, 6, 3]",12,0.100547665459946,220,419,9,0.060401002506265004,199,1
623,"(17,6)",,False,70,"[9, 17, 2, 6, 3]",12,0.100547665459946,220,419,9,0.060401002506265004,199,1
624,"(12,17)",,False,73,"[16, 12, 9, 17, 7]",14,0.14087997772208302,222,421,9,0.05310034345122001,199,1
625,"(12,17)",,False,73,"[16, 12, 9, 17, 7]",14,0.14087997772208302,222,421,9,0.05310034345122001,199,1
626,"(11,6)",,False,73,"[11, 19, 10, 2, 6]",14,0.14167826974844502,224,423,9,0.051489835700362,199,1
627,"(11,6)",,False,73,"[11, 19, 10, 2, 6]",14,0.14167826974844502,224,423,9,0.051489835700362,199,1
628,"(13,17)",,False,73,"[16, 13, 5, 17, 15]",14,0.14172763558728402,226,425,9,0.050075947444368,199,1
629,"(13,17)",,False,73,"[16, 13, 5, 17, 15]",14,0.14172763558728402,226,425,9,0.050075947444368,199,1
630,"(19,0)",,False,71,"[7, 6, 19, 0, 17]",13,0.13640878290001002,228,427,9,0.053849269638743,199,1
631,"(19,0)",,False,71,"[7, 6, 19, 0, 17]",13,0.13640878290001002,228,427,9,0.053849269638743,199,1
632,"(18,12)",,False,71,"[10, 18, 19, 12, 7]",13,0.139235293621258,230,429,8,0.037767398293714005,199,1
633,"(18,12)",,False,71,"[10, 18, 19, 12, 7]",13,0.139235293621258,230,429,8,0.037767398293714005,199,1
634,"(11,12)",,False,71,"[11, 7, 8, 5, 12]",13,0.14110106917124401,232,431,8,0.038171185539606,199,1
635,"(11,12)",,False,71,"[11, 7, 8, 5, 12]",13,0.14110106917124401,232,431,8,0.038171185539606,199,1
636,"(18,3)",,False,71,"[18, 16, 3, 12, 4]",13,0.143455861876914,234,433,8,0.038610414926204005,199,1
637,"(18,3)",,False,71,"[18, 16, 3, 12, 4]",13,0.143455861876914,234,433,8,0.038610414926204005,199,1
638,"(12,13)",,False,71,"[12, 14, 13, 18, 3]",13,0.13732943469785502,236,435,8,0.036730715678084,199,1
639,"(12,13)",,False,71,"[12, 14, 13, 18, 3]",13,0.13732943469785502,236,435,8,0.036730715678084,199,1
640,"(14,19)",,False,71,"[3, 14, 19, 8, 7]",13,0.13703335135223602,238,437,8,0.037240568742116,199,1
641,"(14,19)",,False,71,"[3, 14, 19, 8, 7]",13,0.13703335135223602,238,437,8,0.037240568742116,199,1
642,"(12,2)",,False,73,"[12, 7, 17, 19, 2]",14,0.15571895424836601,240,439,8,0.036265909872721006,199,1
643,"(12,2)",,False,73,"[12, 7, 17, 19, 2]",14,0.15571895424836601,240,439,8,0.036265909872721006,199,1
644,"(11,1)",,False,73,"[13, 11, 19, 8, 1]",14,0.158350533195734,242,441,9,0.044550510262584005,199,1
645,"(11,1)",,False,73,"[13, 11, 19, 8, 1]",14,0.158350533195734,242,441,9,0.044550510262584005,199,1
646,"(15,3)",,False,73,"[7, 16, 15, 3, 11]",14,0.158006126427179,244,443,9,0.038819270398217004,199,1
647,"(15,3)",,False,73,"[7, 16, 15, 3, 11]",14,0.158006126427179,244,443,9,0.038819270398217004,199,1
648,"(1,18)",,False,73,"[1, 18, 3, 7, 12]",14,0.15049482681061602,246,445,9,0.040058479532163,199,1
649,"(1,18)",,False,73,"[1, 18, 3, 7, 12]",14,0.15049482681061602,246,445,9,0.040058479532163,199,1
650,"(8,0)",,False,71,"[8, 18, 12, 7, 0]",13,0.126823688007898,248,447,9,0.041652742968532004,199,1
651,"(8,0)",,False,71,"[8, 18, 12, 7, 0]",13,0.126823688007898,248,447,9,0.041652742968532004,199,1
652,"(18,0)",,False,69,"[18, 5, 0, 17, 6]",12,0.118097326649958,250,449,9,0.052930938457254,199,1
653,"(18,0)",,False,69,"[18, 5, 0, 17, 6]",12,0.118097326649958,250,449,9,0.052930938457254,199,1
654,"(6,13)",,False,69,"[3, 9, 6, 8, 13]",12,0.12066856957207801,252,451,9,0.055186577554998006,199,1
655,"(6,13)",,False,69,"[3, 9, 6, 8, 13]",12,0.12066856957207801,252,451,9,0.055186577554998006,199,1
656,"(13,12)",,False,69,"[17, 18, 13, 12, 19]",12,0.12066856957207801,254,453,9,0.055186577554998006,199,1
657,"(13,12)",,False,69,"[17, 18, 13, 12, 19]",12,0.12066856957207801,254,453,9,0.055186577554998006,199,1
658,"(18,3)",,False,67,"[15, 18, 3, 10, 19]",12,0.12556390977443602,256,455,9,0.07164438874965101,199,1
659,"(18,3)",,False,67,"[15, 18, 3, 10, 19]",12,0.12556390977443602,256,455,9,0.07164438874965101,199,1
660,"(15,4)",,False,69,"[15, 4, 10, 8, 6]",13,0.142676134781397,258,457,9,0.051322751322751006,199,1
661,"(15,4)",,False,69,"[15, 4, 10, 8, 6]",13,0.142676134781397,258,457,9,0.051322751322751006,199,1
662,"(17,2)",,False,68,"[18, 17, 3, 4, 2]",13,0.15663780663780602,260,459,9,0.057387154755575,199,1
663,"(17,2)",,False,68,"[18, 17, 3, 4, 2]",13,0.15663780663780602,260,459,9,0.057387154755575,199,1
664,"(9,10)",,False,68,"[8, 9, 7, 3, 10]",13,0.15546178967231603,262,461,9,0.057218999324262006,199,1
665,"(9,10)",,False,68,"[8, 9, 7, 3, 10]",13,0.15546178967231603,262,461,9,0.057218999324262006,199,1
666,"(13,0)",,False,66,"[13, 0, 5, 9, 1]",12,0.132778300322159,264,463,9,0.07971880296441601,199,1
667,"(13,0)",,False,66,"[13, 0, 5, 9, 1]",12,0.132778300322159,264,463,9,0.07971880296441601,199,1
668,"(1,2)",,False,66,"[1, 10, 12, 13, 2]",12,0.127322312190733,266,465,10,0.10139263757684801,199,1
669,"(1,2)",,False,66,"[1, 10, 12, 13, 2]",12,0.127322312190733,266,465,10,0.10139263757684801,199,1
670,"(1,9)",,False,68,"[1, 7, 8, 3, 9]",13,0.14196433845556602,268,467,11,0.110460072740774,199,1
671,"(1,9)",,False,68,"[1, 7, 8, 3, 9]",13,0.14196433845556602,268,467,11,0.110460072740774,199,1
672,"(19,1)",,False,68,"[8, 19, 1, 17, 3]",13,0.146104577683525,270,469,12,0.125246877878456,199,1
673,"(19,1)",,False,68,"[8, 19, 1, 17, 3]",13,0.146104577683525,270,469,12,0.125246877878456,199,1
674,"(12,17)",,False,68,"[12, 7, 17, 3, 15]",13,0.15379045905361602,272,471,12,0.126319002634792,199,1
675,"(12,17)",,False,68,"[12, 7, 17, 3, 15]",13,0.15379045905361602,272,471,12,0.126319002634792,199,1
676,"(18,0)",,False,68,"[14, 10, 18, 0, 9]",12,0.12066682505278901,272,472,12,0.144255679343398,200,1
677,"(18,0)",,False,68,"[14, 10, 18, 0, 9]",12,0.12066682505278901,272,472,12,0.144255679343398,200,1
678,"(0,4)",,False,66,"[0, 15, 6, 4, 8]",11,0.091638381112065,270,472,11,0.130329368487263,202,1
679,"(0,4)",,False,66,"[0, 15, 6, 4, 8]",11,0.091638381112065,270,472,11,0.130329368487263,202,1
680,"(16,1)",,False,68,"[12, 2, 16, 6, 1]",11,0.088673704463178,268,472,12,0.13668071694387401,204,1
681,"(16,1)",,False,68,"[12, 2, 16, 6, 1]",11,0.088673704463178,268,472,12,0.13668071694387401,204,1
682,"(16,5)",,False,68,"[13, 16, 5, 17, 11]",11,0.088610414926204,266,472,12,0.128049289891395,206,1
683,"(16,5)",,False,68,"[13, 16, 5, 17, 11]",11,0.088610414926204,266,472,12,0.128049289891395,206,1
684,"(6,15)",,False,68,"[11, 2, 1, 6, 15]",12,0.11603777963427,266,473,12,0.13604149262044,207,1
685,"(6,15)",,False,68,"[11, 2, 1, 6, 15]",12,0.11603777963427,266,473,12,0.13604149262044,207,1
686,"(0,18)",,False,68,"[6, 1, 0, 15, 18]",12,0.11603777963427,266,474,12,0.13604149262044,208,1
687,"(0,18)",,False,68,"[6, 1, 0, 15, 18]",12,0.11603777963427,266,474,12,0.13604149262044,208,1
688,"(14,2)",,False,68,"[5, 14, 17, 6, 2]",12,0.114965654877935,264,474,12,0.135131811009003,210,1
689,"(14,2)",,False,68,"[5, 14, 17, 6, 2]",12,0.114965654877935,264,474,12,0.135131811009003,210,1
690,"(7,19)",,False,66,"[7, 8, 19, 5, 17]",12,0.128172282558247,262,474,12,0.14099600853986802,212,1
691,"(7,19)",,False,66,"[7, 8, 19, 5, 17]",12,0.128172282558247,262,474,12,0.14099600853986802,212,1
692,"(10,2)",,False,66,"[10, 2, 8, 18, 17]",12,0.127782419010489,262,475,12,0.141970667409263,213,1
693,"(10,2)",,False,66,"[10, 2, 8, 18, 17]",12,0.127782419010489,262,475,12,0.141970667409263,213,1
694,"(15,12)",,False,66,"[15, 12, 5, 19, 9]",12,0.145349484823169,264,477,12,0.14249976793836402,213,1
695,"(15,12)",,False,66,"[15, 12, 5, 19, 9]",12,0.145349484823169,264,477,12,0.14249976793836402,213,1
696,"(15,10)",,False,68,"[2, 8, 5, 15, 10]",13,0.132131254061078,264,478,12,0.134526130140165,214,1
697,"(15,10)",,False,68,"[2, 8, 5, 15, 10]",13,0.132131254061078,264,478,12,0.134526130140165,214,1
698,"(13,2)",,False,68,"[3, 13, 5, 17, 2]",13,0.12327114081500001,266,480,11,0.10103035366193201,214,1
699,"(13,2)",,False,68,"[3, 13, 5, 17, 2]",13,0.12327114081500001,266,480,11,0.10103035366193201,214,1
700,"(7,16)",,False,69,"[7, 13, 17, 16, 18]",13,0.119479253689779,268,482,11,0.083695349484823,214,1
701,"(7,16)",,False,69,"[7, 13, 17, 16, 18]",13,0.119479253689779,268,482,11,0.083695349484823,214,1
702,"(6,10)",,False,71,"[12, 9, 3, 6, 10]",14,0.12482595377332201,270,484,11,0.07471456418824801,214,1
703,"(6,10)",,False,71,"[12, 9, 3, 6, 10]",14,0.12482595377332201,270,484,11,0.07471456418824801,214,1
704,"(0,17)",,False,69,"[12, 0, 17, 8, 4]",13,0.112350320245057,272,486,10,0.061069340016708,214,1
705,"(0,17)",,False,69,"[12, 0, 17, 8, 4]",13,0.112350320245057,272,486,10,0.061069340016708,214,1
706,"(7,1)",,False,71,"[13, 15, 7, 1, 17]",14,0.13518518518518502,274,488,11,0.074032302979671,214,1
707,"(7,1)",,False,71,"[13, 15, 7, 1, 17]",14,0.13518518518518502,274,488,11,0.074032302979671,214,1
708,"(9,16)",,False,71,"[3, 9, 15, 19, 16]",15,0.158382066276803,276,490,11,0.084461152882205,214,1
709,"(9,16)",,False,71,"[3, 9, 15, 19, 16]",15,0.158382066276803,276,490,11,0.084461152882205,214,1
710,"(14,5)",,False,71,"[14, 12, 19, 5, 3]",15,0.151364522417154,278,492,11,0.084461152882205,214,1
711,"(14,5)",,False,71,"[14, 12, 19, 5, 3]",15,0.151364522417154,278,492,11,0.084461152882205,214,1
712,"(1,18)",,False,73,"[1, 18, 19, 14, 9]",15,0.14980506822612003,280,494,12,0.09115845168476701,214,1
713,"(1,18)",,False,73,"[1, 18, 19, 14, 9]",15,0.14980506822612003,280,494,12,0.09115845168476701,214,1
714,"(17,10)",,False,73,"[2, 16, 17, 18, 10]",15,0.152439860334597,282,496,11,0.07530257267099301,214,1
715,"(17,10)",,False,73,"[2, 16, 17, 18, 10]",15,0.152439860334597,282,496,11,0.07530257267099301,214,1
716,"(0,10)",,False,71,"[0, 6, 12, 17, 10]",14,0.12968532442216602,284,498,10,0.050515176830966006,214,1
717,"(0,10)",,False,71,"[0, 6, 12, 17, 10]",14,0.12968532442216602,284,498,10,0.050515176830966006,214,1
718,"(0,9)",,False,71,"[16, 0, 9, 12, 15]",14,0.13164856585909201,286,500,10,0.05043163464216,214,1
719,"(0,9)",,False,71,"[16, 0, 9, 12, 15]",14,0.13164856585909201,286,500,10,0.05043163464216,214,1
720,"(0,13)",,False,71,"[0, 4, 13, 2, 9]",14,0.140336953494848,288,502,10,0.054831523252575,214,1
721,"(0,13)",,False,71,"[0, 4, 13, 2, 9]",14,0.140336953494848,288,502,10,0.054831523252575,214,1
722,"(1,16)",,False,71,"[2, 9, 18, 1, 16]",14,0.148750080329027,290,504,11,0.071497118865539,214,1
723,"(1,16)",,False,71,"[2, 9, 18, 1, 16]",14,0.148750080329027,290,504,11,0.071497118865539,214,1
724,"(1,14)",,False,73,"[2, 1, 14, 5, 4]",15,0.16637748216695503,292,506,12,0.078264036158772,214,1
725,"(1,14)",,False,73,"[2, 1, 14, 5, 4]",15,0.16637748216695503,292,506,12,0.078264036158772,214,1
726,"(11,8)",,False,73,"[14, 12, 11, 8, 3]",15,0.167815103999314,294,508,12,0.08220444273075801,214,1
727,"(11,8)",,False,73,"[14, 12, 11, 8, 3]",15,0.167815103999314,294,508,12,0.08220444273075801,214,1
728,"(5,2)",,False,73,"[13, 5, 4, 6, 2]",15,0.1609440267335,296,510,12,0.08064605959342801,214,1
729,"(5,2)",,False,73,"[13, 5, 4, 6, 2]",15,0.1609440267335,296,510,12,0.08064605959342801,214,1
730,"(6,16)",,False,73,"[6, 18, 16, 1, 7]",15,0.16127819548872102,298,512,11,0.06280980228348601,214,1
731,"(6,16)",,False,73,"[6, 18, 16, 1, 7]",15,0.16127819548872102,298,512,11,0.06280980228348601,214,1
732,"(11,1)",,False,75,"[11, 15, 16, 1, 19]",16,0.169869117237538,300,514,12,0.078557504873294,214,1
733,"(11,1)",,False,75,"[11, 15, 16, 1, 19]",16,0.169869117237538,300,514,12,0.078557504873294,214,1
734,"(8,14)",,False,75,"[16, 7, 8, 11, 14]",16,0.18517661675556402,302,516,12,0.080629993787888,214,1
735,"(8,14)",,False,75,"[16, 7, 8, 11, 14]",16,0.18517661675556402,302,516,12,0.080629993787888,214,1
736,"(17,4)",,False,75,"[2, 17, 4, 16, 10]",16,0.183987747145641,304,518,12,0.08228905597326601,214,1
737,"(17,4)",,False,75,"[2, 17, 4, 16, 10]",16,0.183987747145641,304,518,12,0.08228905597326601,214,1
738,"(13,15)",,False,72,"[19, 6, 13, 15, 11]",16,0.200779727095516,306,520,12,0.098872180451127,214,1
739,"(13,15)",,False,72,"[19, 6, 13, 15, 11]",16,0.200779727095516,306,520,12,0.098872180451127,214,1
740,"(13,18)",,False,70,"[13, 18, 12, 14, 10]",16,0.21182438419280503,308,522,11,0.094472924736082,214,1
741,"(13,18)",,False,70,"[13, 18, 12, 14, 10]",16,0.21182438419280503,308,522,11,0.094472924736082,214,1
742,"(2,0)",,False,68,"[5, 2, 0, 15, 19]",15,0.210751237067026,310,524,11,0.10852023220444201,214,1
743,"(2,0)",,False,68,"[5, 2, 0, 15, 19]",15,0.210751237067026,310,524,11,0.10852023220444201,214,1
744,"(0,9)",,False,66,"[10, 0, 9, 1, 2]",14,0.18586958850116703,312,526,10,0.11239102028575701,214,1
745,"(0,9)",,False,66,"[10, 0, 9, 1, 2]",14,0.18586958850116703,312,526,10,0.11239102028575701,214,1
746,"(1,10)",,False,66,"[2, 8, 1, 15, 10]",14,0.189191023401549,314,528,10,0.11801239695976501,214,1
747,"(1,10)",,False,66,"[2, 8, 1, 15, 10]",14,0.189191023401549,314,528,10,0.11801239695976501,214,1
748,"(3,0)",,False,64,"[9, 3, 0, 19, 10]",13,0.18093676953326002,316,530,10,0.12312346522872801,214,1
749,"(3,0)",,False,64,"[9, 3, 0, 19, 10]",13,0.18093676953326002,316,530,10,0.12312346522872801,214,1
750,"(9,13)",,False,62,"[17, 6, 9, 13, 7]",13,0.208406749196222,318,532,9,0.11410976937292701,214,1
751,"(9,13)",,False,62,"[17, 6, 9, 13, 7]",13,0.208406749196222,318,532,9,0.11410976937292701,214,1
752,"(18,1)",,False,64,"[18, 19, 7, 1, 2]",14,0.20207927225471,320,534,10,0.131585909217488,214,1
753,"(18,1)",,False,64,"[18, 19, 7, 1, 2]",14,0.20207927225471,320,534,10,0.131585909217488,214,1
754,"(4,8)",,False,63,"[4, 19, 8, 2, 9]",14,0.21223196881091602,322,536,10,0.131585909217488,214,1
755,"(4,8)",,False,63,"[4, 19, 8, 2, 9]",14,0.21223196881091602,322,536,10,0.131585909217488,214,1
756,"(12,18)",,False,64,"[10, 7, 12, 18, 9]",14,0.20940377036868202,324,538,10,0.11879087449262801,214,1
757,"(12,18)",,False,64,"[10, 7, 12, 18, 9]",14,0.20940377036868202,324,538,10,0.11879087449262801,214,1
758,"(1,17)",,False,66,"[11, 6, 1, 17, 3]",14,0.173976608187134,326,540,11,0.14069896964633802,214,1
759,"(1,17)",,False,66,"[11, 6, 1, 17, 3]",14,0.173976608187134,326,540,11,0.14069896964633802,214,1
760,"(4,15)",,False,68,"[4, 5, 15, 2, 3]",15,0.18567251461988302,328,542,11,0.13416875522138602,214,1
761,"(4,15)",,False,68,"[4, 5, 15, 2, 3]",15,0.18567251461988302,328,542,11,0.13416875522138602,214,1
762,"(1,14)",,False,70,"[9, 1, 8, 14, 6]",15,0.17309055466950202,330,544,12,0.142329308118781,214,1
763,"(1,14)",,False,70,"[9, 1, 8, 14, 6]",15,0.17309055466950202,330,544,12,0.142329308118781,214,1
764,"(16,4)",,False,70,"[16, 4, 15, 11, 2]",15,0.17313232576390403,332,546,12,0.14514189514189502,214,1
765,"(16,4)",,False,70,"[16, 4, 15, 11, 2]",15,0.17313232576390403,332,546,12,0.14514189514189502,214,1
766,"(12,9)",,False,73,"[13, 12, 9, 11, 10]",15,0.16267056530214402,334,548,12,0.11331105541631802,214,1
767,"(12,9)",,False,73,"[13, 12, 9, 11, 10]",15,0.16267056530214402,334,548,12,0.11331105541631802,214,1
768,"(0,18)",,False,71,"[8, 0, 12, 18, 10]",14,0.17823029796714002,336,550,11,0.088032581453634,214,1
769,"(0,18)",,False,71,"[8, 0, 12, 18, 10]",14,0.17823029796714002,336,550,11,0.088032581453634,214,1
770,"(19,15)",,False,71,"[19, 2, 4, 15, 18]",15,0.20256196045669703,338,552,11,0.08821358952937901,214,1
771,"(19,15)",,False,71,"[19, 2, 4, 15, 18]",15,0.20256196045669703,338,552,11,0.08821358952937901,214,1
772,"(2,8)",,False,71,"[15, 14, 2, 3, 8]",15,0.209126399915873,340,554,10,0.07185976791239901,214,1
773,"(2,8)",,False,71,"[15, 14, 2, 3, 8]",15,0.209126399915873,340,554,10,0.07185976791239901,214,1
774,"(6,5)",,False,70,"[11, 6, 8, 2, 5]",15,0.215774184917631,342,556,10,0.069887545661539,214,1
775,"(6,5)",,False,70,"[11, 6, 8, 2, 5]",15,0.215774184917631,342,556,10,0.069887545661539,214,1
776,"(16,7)",,False,70,"[2, 16, 8, 13, 7]",15,0.20488257681240102,344,558,9,0.059869581360809006,214,1
777,"(16,7)",,False,70,"[2, 16, 8, 13, 7]",15,0.20488257681240102,344,558,9,0.059869581360809006,214,1
778,"(0,2)",,False,69,"[0, 13, 4, 2, 1]",14,0.204141229141229,346,560,9,0.064744125270441,214,1
779,"(0,2)",,False,69,"[0, 13, 4, 2, 1]",14,0.204141229141229,346,560,9,0.064744125270441,214,1
780,"(18,0)",,False,67,"[2, 5, 18, 0, 4]",13,0.182245142771458,348,562,8,0.06261647709016101,214,1
781,"(18,0)",,False,67,"[2, 5, 18, 0, 4]",13,0.182245142771458,348,562,8,0.06261647709016101,214,1
782,"(17,2)",,False,68,"[15, 17, 11, 2, 4]",13,0.15077984069212103,350,564,8,0.050285841513911,214,1
783,"(17,2)",,False,68,"[15, 17, 11, 2, 4]",13,0.15077984069212103,350,564,8,0.050285841513911,214,1
784,"(14,0)",,False,66,"[15, 18, 14, 4, 0]",12,0.141535641097044,352,566,8,0.050234382251926,214,1
785,"(14,0)",,False,66,"[15, 18, 14, 4, 0]",12,0.141535641097044,352,566,8,0.050234382251926,214,1
786,"(7,8)",,False,65,"[10, 7, 8, 14, 15]",12,0.158319149985816,354,568,8,0.052011260344593004,214,1
787,"(7,8)",,False,65,"[10, 7, 8, 14, 15]",12,0.158319149985816,354,568,8,0.052011260344593004,214,1
788,"(15,5)",,False,65,"[8, 4, 15, 18, 5]",12,0.164118808417054,356,570,8,0.051800506186471,214,1
789,"(15,5)",,False,65,"[8, 4, 15, 18, 5]",12,0.164118808417054,356,570,8,0.051800506186471,214,1
790,"(0,11)",,False,63,"[14, 0, 11, 4, 10]",11,0.13404470772891802,358,572,8,0.055618212197159005,214,1
791,"(0,11)",,False,63,"[14, 0, 11, 4, 10]",11,0.13404470772891802,358,572,8,0.055618212197159005,214,1
792,"(16,1)",,False,65,"[19, 16, 17, 11, 1]",12,0.157600829969251,360,574,9,0.074082642503695,214,1
793,"(16,1)",,False,65,"[19, 16, 17, 11, 1]",12,0.157600829969251,360,574,9,0.074082642503695,214,1
794,"(15,11)",,False,64,"[9, 16, 15, 11, 6]",12,0.15811751601225202,362,576,9,0.07431541817506701,214,1
795,"(15,11)",,False,64,"[9, 16, 15, 11, 6]",12,0.15811751601225202,362,576,9,0.07431541817506701,214,1
796,"(0,11)",,False,64,"[0, 8, 11, 13, 2]",11,0.12584238373712,364,578,9,0.074997679383644,214,1
797,"(0,11)",,False,64,"[0, 8, 11, 13, 2]",11,0.12584238373712,364,578,9,0.074997679383644,214,1
798,"(0,17)",,False,64,"[0, 17, 16, 19, 2]",10,0.086150983519404,366,580,9,0.076817042606516,214,1
799,"(0,17)",,False,64,"[0, 17, 16, 19, 2]",10,0.086150983519404,366,580,9,0.076817042606516,214,1
