,actionDetail,actionType,bonusActivated,graphEdgeCount,nodeList,p1Degree,p1Score,p1WinAdvantage,p1WinCount,p2Degree,p2Score,p2WinCount,player
0,"(7,10)",,False,2,"[7, 10, 3, 4, 9]",1,0.0,2,2,0,-0.001,0,1
1,"(7,10)",,False,2,"[7, 10, 3, 4, 9]",1,0.0,2,2,0,-0.001,0,1
2,"(12,15)",,False,4,"[12, 15, 4, 16, 9]",1,0.0,4,4,0,-0.001,0,1
3,"(12,15)",,False,4,"[12, 15, 4, 16, 9]",1,0.0,4,4,0,-0.001,0,1
4,"(14,0)",,False,4,"[4, 14, 5, 3, 0]",0,-0.001,5,5,0,-0.001,0,1
5,"(14,0)",,False,4,"[4, 14, 5, 3, 0]",0,-0.001,5,5,0,-0.001,0,1
6,"(9,4)",,False,4,"[9, 4, 15, 7, 11]",0,-0.001,5,5,0,-0.001,0,1
7,"(9,4)",,False,4,"[9, 4, 15, 7, 11]",0,-0.001,5,5,0,-0.001,0,1
8,"(2,10)",,True,6,"[2, 10, 11, 8, 0]",0,-0.001,5,5,0,-0.001,0,1
9,"(2,10)",,True,6,"[2, 10, 11, 8, 0]",0,-0.001,5,5,0,-0.001,0,1
10,"(15,1)",,False,8,"[15, 6, 13, 18, 1]",1,0.0,6,6,1,0.0,0,1
11,"(15,1)",,False,8,"[15, 6, 13, 18, 1]",1,0.0,6,6,1,0.0,0,1
12,"(8,2)",,True,8,"[8, 2, 14, 3, 17]",1,0.0,8,8,0,-0.001,0,1
13,"(8,2)",,True,8,"[8, 2, 14, 3, 17]",1,0.0,8,8,0,-0.001,0,1
14,"(14,13)",,False,10,"[14, 13, 9, 17, 16]",2,0.05847953216374201,10,10,0,-0.001,0,1
15,"(14,13)",,False,10,"[14, 13, 9, 17, 16]",2,0.05847953216374201,10,10,0,-0.001,0,1
16,"(8,17)",,False,12,"[8, 9, 16, 17, 5]",2,0.070175438596491,12,12,0,-0.001,0,1
17,"(8,17)",,False,12,"[8, 9, 16, 17, 5]",2,0.070175438596491,12,12,0,-0.001,0,1
18,"(2,15)",,False,14,"[6, 4, 0, 2, 15]",3,0.12183235867446301,14,14,0,-0.001,0,1
19,"(2,15)",,False,14,"[6, 4, 0, 2, 15]",3,0.12183235867446301,14,14,0,-0.001,0,1
20,"(6,2)",,False,14,"[13, 9, 7, 6, 2]",3,0.15692007797270902,16,16,0,-0.001,0,1
21,"(6,2)",,False,14,"[13, 9, 7, 6, 2]",3,0.15692007797270902,16,16,0,-0.001,0,1
22,"(4,15)",,True,16,"[13, 14, 4, 15, 19]",3,0.06335282651072101,18,18,0,-0.001,0,1
23,"(4,15)",,True,16,"[13, 14, 4, 15, 19]",3,0.06335282651072101,18,18,0,-0.001,0,1
24,"(7,0)",,True,16,"[6, 7, 0, 9, 16]",2,0.005847953216374001,20,20,0,-0.001,0,1
25,"(7,0)",,True,16,"[6, 7, 0, 9, 16]",2,0.005847953216374001,20,20,0,-0.001,0,1
26,"(18,4)",,False,16,"[6, 18, 4, 13, 19]",2,0.005847953216374001,22,22,0,-0.001,0,1
27,"(18,4)",,False,16,"[6, 18, 4, 13, 19]",2,0.005847953216374001,22,22,0,-0.001,0,1
28,"(6,12)",,False,18,"[6, 12, 11, 18, 8]",2,0.005847953216374001,24,24,0,-0.001,0,1
29,"(6,12)",,False,18,"[6, 12, 11, 18, 8]",2,0.005847953216374001,24,24,0,-0.001,0,1
30,"(9,0)",,True,18,"[9, 16, 4, 0, 14]",1,0.0,26,26,0,-0.001,0,1
31,"(9,0)",,True,18,"[9, 16, 4, 0, 14]",1,0.0,26,26,0,-0.001,0,1
32,"(7,1)",,False,18,"[7, 1, 11, 13, 9]",1,0.0,27,27,1,0.0,0,1
33,"(7,1)",,False,18,"[7, 1, 11, 13, 9]",1,0.0,27,27,1,0.0,0,1
34,"(18,3)",,True,20,"[7, 16, 18, 15, 3]",2,0.0,28,28,1,0.0,0,1
35,"(18,3)",,True,20,"[7, 16, 18, 15, 3]",2,0.0,28,28,1,0.0,0,1
36,"(13,17)",,False,22,"[7, 13, 12, 17, 4]",3,0.023879142300194,30,30,1,0.0,0,1
37,"(13,17)",,False,22,"[7, 13, 12, 17, 4]",3,0.023879142300194,30,30,1,0.0,0,1
38,"(1,14)",,False,24,"[16, 1, 17, 13, 14]",3,0.028265107212475,30,31,2,0.040935672514619006,1,1
39,"(1,14)",,False,24,"[16, 1, 17, 13, 14]",3,0.028265107212475,30,31,2,0.040935672514619006,1,1
40,"(3,6)",,False,24,"[18, 9, 3, 8, 6]",3,0.028265107212475,30,32,2,0.040935672514619006,2,1
41,"(3,6)",,False,24,"[18, 9, 3, 8, 6]",3,0.028265107212475,30,32,2,0.040935672514619006,2,1
42,"(7,12)",,False,26,"[7, 14, 12, 17, 19]",4,0.046978557504873,32,34,2,0.030214424951267003,2,1
43,"(7,12)",,False,26,"[7, 14, 12, 17, 19]",4,0.046978557504873,32,34,2,0.030214424951267003,2,1
44,"(12,5)",,False,26,"[14, 12, 13, 16, 5]",4,0.081578947368421,34,36,2,0.041910331384015,2,1
45,"(12,5)",,False,26,"[14, 12, 13, 16, 5]",4,0.081578947368421,34,36,2,0.041910331384015,2,1
46,"(18,2)",,False,28,"[18, 10, 5, 2, 11]",4,0.029727095516569,36,38,2,0.0,2,1
47,"(18,2)",,False,28,"[18, 10, 5, 2, 11]",4,0.029727095516569,36,38,2,0.0,2,1
48,"(4,13)",,False,30,"[14, 4, 13, 9, 17]",4,0.029796714007240002,38,40,2,0.0,2,1
49,"(4,13)",,False,30,"[14, 4, 13, 9, 17]",4,0.029796714007240002,38,40,2,0.0,2,1
50,"(2,5)",,False,32,"[2, 4, 7, 5, 18]",5,0.08320802005012501,40,42,2,0.0,2,1
51,"(2,5)",,False,32,"[2, 4, 7, 5, 18]",5,0.08320802005012501,40,42,2,0.0,2,1
52,"(8,7)",,True,32,"[16, 8, 10, 19, 7]",5,0.105263157894736,42,44,2,0.0,2,1
53,"(8,7)",,True,32,"[16, 8, 10, 19, 7]",5,0.105263157894736,42,44,2,0.0,2,1
54,"(3,14)",,False,34,"[12, 3, 14, 15, 11]",6,0.17270955165692,44,46,2,0.0,2,1
55,"(3,14)",,False,34,"[12, 3, 14, 15, 11]",6,0.17270955165692,44,46,2,0.0,2,1
56,"(6,1)",,False,34,"[6, 2, 18, 4, 1]",6,0.183723196881091,46,48,3,0.036062378167641004,2,1
57,"(6,1)",,False,34,"[6, 2, 18, 4, 1]",6,0.183723196881091,46,48,3,0.036062378167641004,2,1
58,"(0,14)",,False,32,"[9, 6, 11, 0, 14]",5,0.165497076023391,48,50,3,0.035087719298245,2,1
59,"(0,14)",,False,32,"[9, 6, 11, 0, 14]",5,0.165497076023391,48,50,3,0.035087719298245,2,1
60,"(18,1)",,False,32,"[12, 8, 18, 1, 10]",5,0.184113060428849,50,52,4,0.068615984405458,2,1
61,"(18,1)",,False,32,"[12, 8, 18, 1, 10]",5,0.184113060428849,50,52,4,0.068615984405458,2,1
62,"(19,18)",,False,34,"[11, 19, 12, 18, 13]",5,0.162698412698412,52,54,4,0.06335282651072101,2,1
63,"(19,18)",,False,34,"[11, 19, 12, 18, 13]",5,0.162698412698412,52,54,4,0.06335282651072101,2,1
64,"(2,7)",,False,34,"[2, 7, 13, 19, 17]",5,0.162141464773043,54,56,4,0.06571985519353901,2,1
65,"(2,7)",,False,34,"[2, 7, 13, 19, 17]",5,0.162141464773043,54,56,4,0.06571985519353901,2,1
66,"(12,3)",,False,36,"[15, 10, 12, 3, 13]",5,0.13425925925925902,56,58,4,0.056773879142300004,2,1
67,"(12,3)",,False,36,"[15, 10, 12, 3, 13]",5,0.13425925925925902,56,58,4,0.056773879142300004,2,1
68,2:12,assassinate,True,29,"[4, 3, 8, 2, 5]",4,0.062378167641325005,58,60,3,0.043859649122807,2,1
69,2:12,assassinate,True,29,"[4, 3, 8, 2, 5]",4,0.062378167641325005,58,60,3,0.043859649122807,2,1
70,"(1,15)",,False,31,"[1, 13, 19, 15, 11]",4,0.0588693957115,58,61,4,0.061988304093567,3,1
71,"(1,15)",,False,31,"[1, 13, 19, 15, 11]",4,0.0588693957115,58,61,4,0.061988304093567,3,1
72,"(12,15)",,False,29,"[16, 3, 12, 15, 13]",4,0.071567808409913,58,62,4,0.13297131718184302,4,1
73,"(12,15)",,False,29,"[16, 3, 12, 15, 13]",4,0.071567808409913,58,62,4,0.13297131718184302,4,1
74,"(3,0)",,False,28,"[11, 3, 0, 17, 10]",3,0.075048732943469,56,62,4,0.13352826510721202,6,1
75,"(3,0)",,False,28,"[11, 3, 0, 17, 10]",3,0.075048732943469,56,62,4,0.13352826510721202,6,1
76,"(18,16)",,False,28,"[3, 18, 12, 5, 16]",3,0.039863547758284004,54,62,4,0.15233918128654902,8,1
77,"(18,16)",,False,28,"[3, 18, 12, 5, 16]",3,0.039863547758284004,54,62,4,0.15233918128654902,8,1
78,"(1,5)",,False,30,"[4, 7, 1, 18, 5]",4,0.067738791423001,54,63,5,0.15545808966861602,9,1
79,"(1,5)",,False,30,"[4, 7, 1, 18, 5]",4,0.067738791423001,54,63,5,0.15545808966861602,9,1
80,"(16,4)",,False,32,"[16, 13, 17, 4, 10]",4,0.04786967418546301,52,63,5,0.104344193817878,11,1
81,"(16,4)",,False,32,"[16, 13, 17, 4, 10]",4,0.04786967418546301,52,63,5,0.104344193817878,11,1
82,7:10,assassinate,True,26,"[17, 11, 7, 10, 19]",4,0.071637426900584,50,63,4,0.11695906432748501,13,1
83,7:10,assassinate,True,26,"[17, 11, 7, 10, 19]",4,0.071637426900584,50,63,4,0.11695906432748501,13,1
84,12:6,assassinate,True,22,"[10, 4, 5, 12, 8]",3,0.047953216374269005,50,64,3,0.12222222222222201,14,1
85,12:6,assassinate,True,22,"[10, 4, 5, 12, 8]",3,0.047953216374269005,50,64,3,0.12222222222222201,14,1
86,"(3,16)",,False,24,"[5, 3, 16, 10, 13]",4,0.07309941520467801,48,64,3,0.102826510721247,16,1
87,"(3,16)",,False,24,"[5, 3, 16, 10, 13]",4,0.07309941520467801,48,64,3,0.102826510721247,16,1
88,"(1,12)",,True,26,"[5, 1, 13, 12, 14]",5,0.182261208576998,48,65,4,0.20808966861598402,17,1
89,"(1,12)",,True,26,"[5, 1, 13, 12, 14]",5,0.182261208576998,48,65,4,0.20808966861598402,17,1
90,"(18,9)",,False,26,"[18, 9, 10, 14, 7]",5,0.159844054580896,46,65,4,0.20467836257309902,19,1
91,"(18,9)",,False,26,"[18, 9, 10, 14, 7]",5,0.159844054580896,46,65,4,0.20467836257309902,19,1
92,"(2,13)",,False,28,"[11, 14, 17, 2, 13]",5,0.08576998050682201,46,66,4,0.12865497076023302,20,1
93,"(2,13)",,False,28,"[11, 14, 17, 2, 13]",5,0.08576998050682201,46,66,4,0.12865497076023302,20,1
94,"(8,12)",,False,28,"[8, 13, 2, 9, 12]",5,0.11052631578947301,44,66,4,0.16013645224171502,22,1
95,"(8,12)",,False,28,"[8, 13, 2, 9, 12]",5,0.11052631578947301,44,66,4,0.16013645224171502,22,1
96,"(15,3)",,False,30,"[17, 15, 11, 3, 9]",5,0.086452241715399,42,66,4,0.13918128654970702,24,1
97,"(15,3)",,False,30,"[17, 15, 11, 3, 9]",5,0.086452241715399,42,66,4,0.13918128654970702,24,1
98,"(4,6)",,False,32,"[4, 6, 11, 3, 17]",5,0.060672514619883,42,67,4,0.071505151768309,25,1
99,"(4,6)",,False,32,"[4, 6, 11, 3, 17]",5,0.060672514619883,42,67,4,0.071505151768309,25,1
100,"(1,10)",,False,32,"[18, 1, 10, 5, 4]",5,0.067864104706209,42,68,4,0.095822890559732,26,1
101,"(1,10)",,False,32,"[18, 1, 10, 5, 4]",5,0.067864104706209,42,68,4,0.095822890559732,26,1
102,"(7,14)",,False,34,"[8, 17, 7, 14, 2]",6,0.12692843219159,44,70,4,0.10401002506265601,26,1
103,"(7,14)",,False,34,"[8, 17, 7, 14, 2]",6,0.12692843219159,44,70,4,0.10401002506265601,26,1
104,15:8,assassinate,True,31,"[3, 8, 15, 12, 0]",6,0.16026176552492302,46,72,4,0.074631021999443,26,1
105,15:8,assassinate,True,31,"[3, 8, 15, 12, 0]",6,0.16026176552492302,46,72,4,0.074631021999443,26,1
106,"(7,6)",,False,33,"[7, 8, 16, 15, 6]",6,0.14759120022277902,48,74,4,0.07804232804232801,26,1
107,"(7,6)",,False,33,"[7, 8, 16, 15, 6]",6,0.14759120022277902,48,74,4,0.07804232804232801,26,1
108,7:6,assassinate,True,31,"[14, 7, 8, 13, 9]",6,0.14541910331384,50,76,4,0.051949317738791,26,1
109,7:6,assassinate,True,31,"[14, 7, 8, 13, 9]",6,0.14541910331384,50,76,4,0.051949317738791,26,1
110,"(12,18)",,False,33,"[12, 5, 18, 11, 3]",6,0.149331662489557,52,78,4,0.066722361459203,26,1
111,"(12,18)",,False,33,"[12, 5, 18, 11, 3]",6,0.149331662489557,52,78,4,0.066722361459203,26,1
112,18:14,assassinate,True,25,"[14, 8, 13, 18, 7]",5,0.15458089668615901,54,80,4,0.08479532163742601,26,1
113,18:14,assassinate,True,25,"[14, 8, 13, 18, 7]",5,0.15458089668615901,54,80,4,0.08479532163742601,26,1
114,"(0,10)",,False,25,"[4, 0, 10, 11, 8]",4,0.128070175438596,56,82,4,0.127485380116959,26,1
115,"(0,10)",,False,25,"[4, 0, 10, 11, 8]",4,0.128070175438596,56,82,4,0.127485380116959,26,1
116,"(17,11)",,False,27,"[17, 7, 0, 11, 5]",4,0.125730994152046,58,84,4,0.10331384015594501,26,1
117,"(17,11)",,False,27,"[17, 7, 0, 11, 5]",4,0.125730994152046,58,84,4,0.10331384015594501,26,1
118,"(2,0)",,True,27,"[2, 0, 8, 5, 14]",3,0.032163742690058006,58,85,4,0.08576998050682201,27,1
119,"(2,0)",,True,27,"[2, 0, 8, 5, 14]",3,0.032163742690058006,58,85,4,0.08576998050682201,27,1
120,"(5,19)",,False,29,"[17, 6, 4, 5, 19]",3,0.026315789473684,56,85,4,0.08430799220272901,29,1
121,"(5,19)",,False,29,"[17, 6, 4, 5, 19]",3,0.026315789473684,56,85,4,0.08430799220272901,29,1
122,"(6,16)",,False,31,"[13, 9, 6, 16, 14]",3,0.016569200779727,54,85,4,0.07309941520467801,31,1
123,"(6,16)",,False,31,"[13, 9, 6, 16, 14]",3,0.016569200779727,54,85,4,0.07309941520467801,31,1
124,"(17,10)",,False,31,"[2, 17, 19, 15, 10]",4,0.056140350877192005,52,85,4,0.11598440545808901,33,1
125,"(17,10)",,False,31,"[2, 17, 19, 15, 10]",4,0.056140350877192005,52,85,4,0.11598440545808901,33,1
126,"(0,12)",,False,31,"[0, 5, 6, 12, 1]",4,0.050487329434697005,50,85,4,0.12543859649122802,35,1
127,"(0,12)",,False,31,"[0, 5, 6, 12, 1]",4,0.050487329434697005,50,85,4,0.12543859649122802,35,1
128,"(11,1)",,False,31,"[11, 1, 12, 10, 5]",4,0.048635477582846004,48,85,5,0.146101364522417,37,1
129,"(11,1)",,False,31,"[11, 1, 12, 10, 5]",4,0.048635477582846004,48,85,5,0.146101364522417,37,1
130,"(17,8)",,False,31,"[17, 9, 8, 12, 4]",5,0.131968810916179,46,85,5,0.20604288499025303,39,1
131,"(17,8)",,False,31,"[17, 9, 8, 12, 4]",5,0.131968810916179,46,85,5,0.20604288499025303,39,1
132,"(5,0)",,False,29,"[7, 5, 0, 19, 6]",4,0.126218323586744,44,85,4,0.16520467836257302,41,1
133,"(5,0)",,False,29,"[7, 5, 0, 19, 6]",4,0.126218323586744,44,85,4,0.16520467836257302,41,1
134,"(7,1)",,False,29,"[12, 19, 7, 0, 1]",4,0.148148148148148,42,85,5,0.178849902534113,43,1
135,"(7,1)",,False,29,"[12, 19, 7, 0, 1]",4,0.148148148148148,42,85,5,0.178849902534113,43,1
136,"(0,17)",,False,27,"[0, 17, 5, 19, 7]",3,0.087719298245614,42,86,4,0.090058479532163,44,1
137,"(0,17)",,False,27,"[0, 17, 5, 19, 7]",3,0.087719298245614,42,86,4,0.090058479532163,44,1
138,"(1,18)",,True,29,"[7, 1, 18, 0, 8]",3,0.087719298245614,42,87,5,0.15146198830409302,45,1
139,"(1,18)",,True,29,"[7, 1, 18, 0, 8]",3,0.087719298245614,42,87,5,0.15146198830409302,45,1
140,"(4,13)",,False,29,"[2, 4, 15, 19, 13]",3,0.087719298245614,40,87,5,0.13732943469785502,47,1
141,"(4,13)",,False,29,"[2, 4, 15, 19, 13]",3,0.087719298245614,40,87,5,0.13732943469785502,47,1
142,"(18,15)",,False,29,"[18, 0, 3, 15, 5]",3,0.09356725146198801,38,87,4,0.18128654970760202,49,1
143,"(18,15)",,False,29,"[18, 0, 3, 15, 5]",3,0.09356725146198801,38,87,4,0.18128654970760202,49,1
144,"(1,2)",,False,29,"[1, 5, 19, 2, 13]",3,0.09941520467836201,36,87,4,0.216471734892787,51,1
145,"(1,2)",,False,29,"[1, 5, 19, 2, 13]",3,0.09941520467836201,36,87,4,0.216471734892787,51,1
146,"(18,11)",,False,31,"[2, 4, 18, 14, 11]",3,0.09941520467836201,34,87,4,0.16115288220551302,53,1
147,"(18,11)",,False,31,"[2, 4, 18, 14, 11]",3,0.09941520467836201,34,87,4,0.16115288220551302,53,1
148,"(7,9)",,False,33,"[7, 9, 2, 11, 17]",3,0.036062378167641004,34,88,4,0.09088693957115,54,1
149,"(7,9)",,False,33,"[7, 9, 2, 11, 17]",3,0.036062378167641004,34,88,4,0.09088693957115,54,1
150,4:10,assassinate,True,27,"[16, 15, 5, 4, 14]",3,0.09356725146198801,34,89,4,0.150682261208577,55,1
151,4:10,assassinate,True,27,"[16, 15, 5, 4, 14]",3,0.09356725146198801,34,89,4,0.150682261208577,55,1
152,"(1,4)",,False,29,"[1, 4, 2, 8, 19]",3,0.09941520467836201,32,89,5,0.24512670565302103,57,1
153,"(1,4)",,False,29,"[1, 4, 2, 8, 19]",3,0.09941520467836201,32,89,5,0.24512670565302103,57,1
154,"(15,0)",,False,29,"[15, 11, 8, 10, 0]",3,0.09941520467836201,30,89,5,0.24512670565302103,59,1
155,"(15,0)",,False,29,"[15, 11, 8, 10, 0]",3,0.09941520467836201,30,89,5,0.24512670565302103,59,1
156,"(18,17)",,False,29,"[18, 2, 3, 17, 8]",3,0.09941520467836201,28,89,5,0.21715399610136402,61,1
157,"(18,17)",,False,29,"[18, 2, 3, 17, 8]",3,0.09941520467836201,28,89,5,0.21715399610136402,61,1
158,"(6,7)",,False,29,"[6, 16, 11, 3, 7]",3,0.09941520467836201,26,89,5,0.28918128654970704,63,1
159,"(6,7)",,False,29,"[6, 16, 11, 3, 7]",3,0.09941520467836201,26,89,5,0.28918128654970704,63,1
160,"(16,17)",,False,31,"[4, 16, 15, 17, 13]",3,0.09941520467836201,24,89,5,0.282163742690058,65,1
161,"(16,17)",,False,31,"[4, 16, 15, 17, 13]",3,0.09941520467836201,24,89,5,0.282163742690058,65,1
162,"(7,10)",,False,33,"[13, 14, 7, 10, 11]",3,0.105263157894736,22,89,5,0.21588693957115002,67,1
163,"(7,10)",,False,33,"[13, 14, 7, 10, 11]",3,0.105263157894736,22,89,5,0.21588693957115002,67,1
164,2:6,assassinate,True,31,"[13, 4, 16, 18, 2]",3,0.09941520467836201,20,89,4,0.20321637426900502,69,1
165,2:6,assassinate,True,31,"[13, 4, 16, 18, 2]",3,0.09941520467836201,20,89,4,0.20321637426900502,69,1
166,"(1,2)",,False,33,"[7, 1, 17, 2, 3]",3,0.105263157894736,20,90,5,0.180311890838206,70,1
167,"(1,2)",,False,33,"[7, 1, 17, 2, 3]",3,0.105263157894736,20,90,5,0.180311890838206,70,1
168,"(18,15)",,True,33,"[18, 7, 19, 3, 15]",3,0.105263157894736,18,90,5,0.16812865497076002,72,1
169,"(18,15)",,True,33,"[18, 7, 19, 3, 15]",3,0.105263157894736,18,90,5,0.16812865497076002,72,1
170,"(5,4)",,False,33,"[5, 4, 3, 11, 0]",3,0.105263157894736,16,90,5,0.17261208576998002,74,1
171,"(5,4)",,False,33,"[5, 4, 3, 11, 0]",3,0.105263157894736,16,90,5,0.17261208576998002,74,1
172,"(1,12)",,False,35,"[1, 5, 17, 10, 12]",3,0.105263157894736,14,90,6,0.22475633528265102,76,1
173,"(1,12)",,False,35,"[1, 5, 17, 10, 12]",3,0.105263157894736,14,90,6,0.22475633528265102,76,1
174,"(9,12)",,False,37,"[17, 19, 9, 8, 12]",3,0.046783625730994004,12,90,6,0.187719298245614,78,1
175,"(9,12)",,False,37,"[17, 19, 9, 8, 12]",3,0.046783625730994004,12,90,6,0.187719298245614,78,1
176,6:18,assassinate,True,30,"[16, 18, 6, 12, 10]",2,0.026315789473684,10,90,6,0.300194931773879,80,1
177,6:18,assassinate,True,30,"[16, 18, 6, 12, 10]",2,0.026315789473684,10,90,6,0.300194931773879,80,1
178,"(16,9)",,False,30,"[13, 8, 16, 2, 9]",2,0.0,8,90,5,0.24951267056530202,82,1
179,"(16,9)",,False,30,"[13, 8, 16, 2, 9]",2,0.0,8,90,5,0.24951267056530202,82,1
180,"(10,11)",,False,28,"[10, 11, 5, 16, 19]",2,0.0,6,90,4,0.26023391812865404,84,1
181,"(10,11)",,False,28,"[10, 11, 5, 16, 19]",2,0.0,6,90,4,0.26023391812865404,84,1
182,"(18,6)",,False,30,"[18, 11, 6, 14, 4]",2,0.0,4,90,4,0.20370370370370303,86,1
183,"(18,6)",,False,30,"[18, 11, 6, 14, 4]",2,0.0,4,90,4,0.20370370370370303,86,1
184,"(1,11)",,False,32,"[1, 11, 15, 10, 19]",3,0.025584795321637002,2,90,5,0.25755360623781604,88,1
185,"(1,11)",,False,32,"[1, 11, 15, 10, 19]",3,0.025584795321637002,2,90,5,0.25755360623781604,88,1
186,"(18,1)",,True,34,"[14, 18, 10, 3, 1]",3,0.024610136452241003,0,90,6,0.203460038986354,90,1
187,"(18,1)",,True,34,"[14, 18, 10, 3, 1]",3,0.024610136452241003,0,90,6,0.203460038986354,90,1
188,"(1,4)",,False,36,"[15, 1, 4, 8, 19]",4,0.051120857699805004,-2,90,7,0.303362573099415,92,1
189,"(1,4)",,False,36,"[15, 1, 4, 8, 19]",4,0.051120857699805004,-2,90,7,0.303362573099415,92,1
190,"(15,11)",,False,36,"[5, 16, 14, 15, 11]",4,0.04844054580896601,-4,90,7,0.294054580896686,94,1
191,"(15,11)",,False,36,"[5, 16, 14, 15, 11]",4,0.04844054580896601,-4,90,7,0.294054580896686,94,1
192,"(0,11)",,False,34,"[0, 12, 2, 11, 13]",3,0.024366471734892002,-6,90,7,0.251461988304093,96,1
193,"(0,11)",,False,34,"[0, 12, 2, 11, 13]",3,0.024366471734892002,-6,90,7,0.251461988304093,96,1
194,"(14,13)",,False,34,"[7, 12, 14, 4, 13]",3,0.027262600946811003,-8,90,7,0.23822055137844603,98,1
195,"(14,13)",,False,34,"[7, 12, 14, 4, 13]",3,0.027262600946811003,-8,90,7,0.23822055137844603,98,1
196,"(10,1)",,False,34,"[2, 10, 17, 8, 1]",3,0.029727095516569,-10,90,7,0.23810916179337202,100,1
197,"(10,1)",,False,34,"[2, 10, 17, 8, 1]",3,0.029727095516569,-10,90,7,0.23810916179337202,100,1
198,16:14,assassinate,True,28,"[7, 4, 14, 18, 16]",2,0.005847953216374001,-12,90,7,0.27076023391812803,102,1
199,16:14,assassinate,True,28,"[7, 4, 14, 18, 16]",2,0.005847953216374001,-12,90,7,0.27076023391812803,102,1
200,"(3,8)",,False,28,"[3, 8, 9, 7, 4]",2,0.005847953216374001,-14,90,6,0.18469785575048703,104,1
201,"(3,8)",,False,28,"[3, 8, 9, 7, 4]",2,0.005847953216374001,-14,90,6,0.18469785575048703,104,1
202,"(16,1)",,False,30,"[2, 4, 16, 1, 19]",2,0.005847953216374001,-16,90,7,0.23372319688109103,106,1
203,"(16,1)",,False,30,"[2, 4, 16, 1, 19]",2,0.005847953216374001,-16,90,7,0.23372319688109103,106,1
204,"(4,17)",,False,30,"[4, 17, 9, 16, 5]",2,0.005847953216374001,-18,90,7,0.262183235867446,108,1
205,"(4,17)",,False,30,"[4, 17, 9, 16, 5]",2,0.005847953216374001,-18,90,7,0.262183235867446,108,1
206,"(13,5)",,False,30,"[13, 5, 16, 8, 11]",2,0.005847953216374001,-20,90,7,0.249025341130604,110,1
207,"(13,5)",,False,30,"[13, 5, 16, 8, 11]",2,0.005847953216374001,-20,90,7,0.249025341130604,110,1
208,"(5,9)",,False,32,"[12, 5, 10, 9, 15]",2,0.0029239766081870003,-22,90,7,0.19834307992202702,112,1
209,"(5,9)",,False,32,"[12, 5, 10, 9, 15]",2,0.0029239766081870003,-22,90,7,0.19834307992202702,112,1
210,"(10,7)",,False,32,"[12, 18, 10, 7, 17]",2,0.0029239766081870003,-24,90,7,0.23849902534113002,114,1
211,"(10,7)",,False,32,"[12, 18, 10, 7, 17]",2,0.0029239766081870003,-24,90,7,0.23849902534113002,114,1
212,"(0,19)",,False,30,"[0, 5, 16, 19, 9]",1,0.0,-26,90,6,0.21803118908382002,116,1
213,"(0,19)",,False,30,"[0, 5, 16, 19, 9]",1,0.0,-26,90,6,0.21803118908382002,116,1
214,"(1,5)",,False,30,"[1, 5, 4, 18, 0]",1,0.0,-28,90,6,0.313645224171539,118,1
215,"(1,5)",,False,30,"[1, 5, 4, 18, 0]",1,0.0,-28,90,6,0.313645224171539,118,1
216,"(9,15)",,True,32,"[4, 9, 11, 15, 16]",1,0.0,-30,90,6,0.290545808966861,120,1
217,"(9,15)",,True,32,"[4, 9, 11, 15, 16]",1,0.0,-30,90,6,0.290545808966861,120,1
218,"(6,1)",,False,34,"[9, 2, 6, 4, 1]",2,0.012865497076023,-32,90,7,0.39736842105263104,122,1
219,"(6,1)",,False,34,"[9, 2, 6, 4, 1]",2,0.012865497076023,-32,90,7,0.39736842105263104,122,1
220,"(17,10)",,False,34,"[12, 17, 14, 10, 16]",2,0.014814814814814002,-34,90,7,0.388109161793372,124,1
221,"(17,10)",,False,34,"[12, 17, 14, 10, 16]",2,0.014814814814814002,-34,90,7,0.388109161793372,124,1
222,"(6,0)",,True,34,"[5, 7, 6, 0, 10]",2,0.008479532163742,-36,90,7,0.382651072124756,126,1
223,"(6,0)",,True,34,"[5, 7, 6, 0, 10]",2,0.008479532163742,-36,90,7,0.382651072124756,126,1
224,"(9,1)",,True,36,"[9, 0, 18, 1, 19]",2,0.003118908382066,-38,90,8,0.39473684210526305,128,1
225,"(9,1)",,True,36,"[9, 0, 18, 1, 19]",2,0.003118908382066,-38,90,8,0.39473684210526305,128,1
226,"(13,17)",,False,36,"[11, 13, 17, 5, 4]",2,0.003118908382066,-40,90,8,0.34931773879142203,130,1
227,"(13,17)",,False,36,"[11, 13, 17, 5, 4]",2,0.003118908382066,-40,90,8,0.34931773879142203,130,1
228,"(5,2)",,False,36,"[5, 1, 2, 17, 19]",2,0.003118908382066,-42,90,8,0.342592592592592,132,1
229,"(5,2)",,False,36,"[5, 1, 2, 17, 19]",2,0.003118908382066,-42,90,8,0.342592592592592,132,1
230,"(1,17)",,False,38,"[6, 1, 13, 8, 17]",2,0.0029239766081870003,-44,90,9,0.29863547758284603,134,1
231,"(1,17)",,False,38,"[6, 1, 13, 8, 17]",2,0.0029239766081870003,-44,90,9,0.29863547758284603,134,1
232,"(5,15)",,False,36,"[5, 18, 15, 19, 2]",2,0.003898635477582,-46,90,8,0.251851851851851,136,1
233,"(5,15)",,False,36,"[5, 18, 15, 19, 2]",2,0.003898635477582,-46,90,8,0.251851851851851,136,1
234,"(8,10)",,False,36,"[16, 13, 8, 18, 10]",2,0.001949317738791,-48,90,8,0.24210526315789402,138,1
235,"(8,10)",,False,36,"[16, 13, 8, 18, 10]",2,0.001949317738791,-48,90,8,0.24210526315789402,138,1
236,"(4,1)",,True,38,"[12, 4, 6, 1, 8]",2,0.001949317738791,-50,90,9,0.25087719298245603,140,1
237,"(4,1)",,True,38,"[12, 4, 6, 1, 8]",2,0.001949317738791,-50,90,9,0.25087719298245603,140,1
238,"(11,3)",,False,40,"[6, 4, 11, 3, 12]",2,0.0014619883040930001,-52,90,9,0.230729601782233,142,1
239,"(11,3)",,False,40,"[6, 4, 11, 3, 12]",2,0.0014619883040930001,-52,90,9,0.230729601782233,142,1
240,"(1,8)",,False,42,"[16, 1, 17, 15, 8]",2,0.0014619883040930001,-54,90,10,0.22866889445836802,144,1
241,"(1,8)",,False,42,"[16, 1, 17, 15, 8]",2,0.0014619883040930001,-54,90,10,0.22866889445836802,144,1
242,"(14,10)",,False,40,"[6, 9, 14, 15, 10]",2,0.0029239766081870003,-56,90,9,0.20398217766638801,146,1
243,"(14,10)",,False,40,"[6, 9, 14, 15, 10]",2,0.0029239766081870003,-56,90,9,0.20398217766638801,146,1
244,"(8,18)",,False,38,"[0, 7, 8, 18, 17]",2,0.0036549707602330003,-58,90,8,0.189327485380116,148,1
245,"(8,18)",,False,38,"[0, 7, 8, 18, 17]",2,0.0036549707602330003,-58,90,8,0.189327485380116,148,1
246,"(11,4)",,False,38,"[11, 0, 4, 10, 12]",2,0.0036549707602330003,-60,90,8,0.189327485380116,150,1
247,"(11,4)",,False,38,"[11, 0, 4, 10, 12]",2,0.0036549707602330003,-60,90,8,0.189327485380116,150,1
248,"(9,5)",,False,38,"[15, 9, 5, 7, 10]",2,0.0036549707602330003,-62,90,8,0.19178448257395603,152,1
249,"(9,5)",,False,38,"[15, 9, 5, 7, 10]",2,0.0036549707602330003,-62,90,8,0.19178448257395603,152,1
250,"(0,18)",,False,36,"[8, 19, 0, 6, 18]",1,0.0,-64,90,7,0.14960549521953,154,1
251,"(0,18)",,False,36,"[8, 19, 0, 6, 18]",1,0.0,-64,90,7,0.14960549521953,154,1
252,"(2,14)",,False,38,"[10, 2, 14, 17, 3]",1,0.0,-66,90,7,0.13258145363408502,156,1
253,"(2,14)",,False,38,"[10, 2, 14, 17, 3]",1,0.0,-66,90,7,0.13258145363408502,156,1
254,"(3,9)",,False,40,"[19, 15, 0, 3, 9]",1,0.0,-68,90,7,0.08852687273739901,158,1
255,"(3,9)",,False,40,"[19, 15, 0, 3, 9]",1,0.0,-68,90,7,0.08852687273739901,158,1
256,"(1,2)",,False,40,"[3, 1, 13, 2, 4]",1,0.0,-70,90,7,0.103898635477582,160,1
257,"(1,2)",,False,40,"[3, 1, 13, 2, 4]",1,0.0,-70,90,7,0.103898635477582,160,1
258,"(17,18)",,False,42,"[19, 17, 18, 6, 0]",1,0.0,-72,90,7,0.08991924255082101,162,1
259,"(17,18)",,False,42,"[19, 17, 18, 6, 0]",1,0.0,-72,90,7,0.08991924255082101,162,1
260,"(17,1)",,False,44,"[17, 7, 3, 2, 1]",1,0.0,-74,90,8,0.10135059871901901,164,1
261,"(17,1)",,False,44,"[17, 7, 3, 2, 1]",1,0.0,-74,90,8,0.10135059871901901,164,1
262,"(11,16)",,False,44,"[9, 11, 0, 8, 16]",1,0.0,-76,90,8,0.16616541353383402,166,1
263,"(11,16)",,False,44,"[9, 11, 0, 8, 16]",1,0.0,-76,90,8,0.16616541353383402,166,1
264,"(1,19)",,False,46,"[1, 19, 18, 15, 7]",1,0.0,-78,90,9,0.180528341054656,168,1
265,"(1,19)",,False,46,"[1, 19, 18, 15, 7]",1,0.0,-78,90,9,0.180528341054656,168,1
266,"(1,14)",,True,48,"[1, 17, 3, 14, 19]",2,0.006112503480924,-80,90,10,0.18676552492341902,170,1
267,"(1,14)",,True,48,"[1, 17, 3, 14, 19]",2,0.006112503480924,-80,90,10,0.18676552492341902,170,1
268,"(16,1)",,False,48,"[7, 2, 14, 16, 1]",2,0.006112503480924,-82,90,10,0.18676552492341902,172,1
269,"(16,1)",,False,48,"[7, 2, 14, 16, 1]",2,0.006112503480924,-82,90,10,0.18676552492341902,172,1
270,"(7,1)",,False,50,"[7, 1, 11, 16, 9]",2,0.005666945140629,-84,90,11,0.19845826687931903,174,1
271,"(7,1)",,False,50,"[7, 1, 11, 16, 9]",2,0.005666945140629,-84,90,11,0.19845826687931903,174,1
272,"(9,10)",,False,48,"[7, 9, 8, 6, 10]",2,0.004942912837649,-86,90,10,0.18578390420495602,176,1
273,"(9,10)",,False,48,"[7, 9, 8, 6, 10]",2,0.004942912837649,-86,90,10,0.18578390420495602,176,1
274,"(18,11)",,False,48,"[0, 19, 18, 11, 2]",2,0.004942912837649,-88,90,10,0.21111111111111103,178,1
275,"(18,11)",,False,48,"[0, 19, 18, 11, 2]",2,0.004942912837649,-88,90,10,0.21111111111111103,178,1
276,"(2,3)",,False,50,"[16, 2, 6, 17, 3]",2,0.0036201615148980003,-90,90,10,0.206655527708159,180,1
277,"(2,3)",,False,50,"[16, 2, 6, 17, 3]",2,0.0036201615148980003,-90,90,10,0.206655527708159,180,1
278,17:16,assassinate,True,43,"[5, 16, 15, 12, 17]",2,0.003898635477582,-92,90,9,0.23209412419938702,182,1
279,17:16,assassinate,True,43,"[5, 16, 15, 12, 17]",2,0.003898635477582,-92,90,9,0.23209412419938702,182,1
280,"(2,11)",,False,41,"[2, 9, 16, 0, 11]",2,0.003898635477582,-94,90,9,0.22575884154831502,184,1
281,"(2,11)",,False,41,"[2, 9, 16, 0, 11]",2,0.003898635477582,-94,90,9,0.22575884154831502,184,1
282,"(1,17)",,True,43,"[16, 11, 1, 17, 15]",2,0.003898635477582,-96,90,10,0.291130604288499,186,1
283,"(1,17)",,True,43,"[16, 11, 1, 17, 15]",2,0.003898635477582,-96,90,10,0.291130604288499,186,1
284,"(13,18)",,True,45,"[17, 13, 2, 18, 3]",2,0.003898635477582,-98,90,10,0.286062378167641,188,1
285,"(13,18)",,True,45,"[17, 13, 2, 18, 3]",2,0.003898635477582,-98,90,10,0.286062378167641,188,1
286,10:8,assassinate,True,42,"[13, 15, 14, 2, 10]",2,0.003898635477582,-100,90,10,0.282163742690058,190,1
287,10:8,assassinate,True,42,"[13, 15, 14, 2, 10]",2,0.003898635477582,-100,90,10,0.282163742690058,190,1
288,"(18,11)",,False,42,"[18, 2, 10, 11, 13]",2,0.003898635477582,-102,90,10,0.282163742690058,192,1
289,"(18,11)",,False,42,"[18, 2, 10, 11, 13]",2,0.003898635477582,-102,90,10,0.282163742690058,192,1
290,"(5,16)",,False,42,"[7, 15, 5, 1, 16]",2,0.003898635477582,-104,90,10,0.282163742690058,194,1
291,"(5,16)",,False,42,"[7, 15, 5, 1, 16]",2,0.003898635477582,-104,90,10,0.282163742690058,194,1
292,"(6,5)",,False,42,"[12, 6, 5, 15, 19]",2,0.004873294346978,-106,90,10,0.24973544973544903,196,1
293,"(6,5)",,False,42,"[12, 6, 5, 15, 19]",2,0.004873294346978,-106,90,10,0.24973544973544903,196,1
294,"(9,15)",,False,42,"[18, 9, 19, 16, 15]",2,0.003898635477582,-108,90,10,0.226413255360623,198,1
295,"(9,15)",,False,42,"[18, 9, 19, 16, 15]",2,0.003898635477582,-108,90,10,0.226413255360623,198,1
296,"(12,8)",,False,40,"[12, 15, 13, 18, 8]",2,0.005263157894736001,-110,90,9,0.19327485380116902,200,1
297,"(12,8)",,False,40,"[12, 15, 13, 18, 8]",2,0.005263157894736001,-110,90,9,0.19327485380116902,200,1
298,"(6,1)",,False,42,"[2, 6, 7, 1, 11]",3,0.11019214703425201,-112,90,10,0.23120300751879602,202,1
299,"(6,1)",,False,42,"[2, 6, 7, 1, 11]",3,0.11019214703425201,-112,90,10,0.23120300751879602,202,1
300,"(11,7)",,False,42,"[3, 8, 12, 11, 7]",3,0.111946532999164,-114,90,10,0.22636220180079802,204,1
301,"(11,7)",,False,42,"[3, 8, 12, 11, 7]",3,0.111946532999164,-114,90,10,0.22636220180079802,204,1
302,"(2,18)",,False,42,"[8, 2, 18, 5, 13]",3,0.111946532999164,-116,90,10,0.240190754664438,206,1
303,"(2,18)",,False,42,"[8, 2, 18, 5, 13]",3,0.111946532999164,-116,90,10,0.240190754664438,206,1
304,"(11,6)",,False,40,"[7, 0, 11, 17, 6]",3,0.112573099415204,-118,90,9,0.24672793093845702,208,1
305,"(11,6)",,False,40,"[7, 0, 11, 17, 6]",3,0.112573099415204,-118,90,9,0.24672793093845702,208,1
306,"(5,19)",,False,40,"[5, 0, 2, 19, 6]",3,0.11491228070175401,-120,90,9,0.183152325257588,210,1
307,"(5,19)",,False,40,"[5, 0, 2, 19, 6]",3,0.11491228070175401,-120,90,9,0.183152325257588,210,1
308,"(10,6)",,False,40,"[10, 14, 3, 6, 19]",3,0.048732943469785,-122,90,8,0.166374269005847,212,1
309,"(10,6)",,False,40,"[10, 14, 3, 6, 19]",3,0.048732943469785,-122,90,8,0.166374269005847,212,1
310,"(10,5)",,False,40,"[17, 2, 10, 5, 14]",3,0.039376218323586,-124,90,8,0.15614035087719202,214,1
311,"(10,5)",,False,40,"[17, 2, 10, 5, 14]",3,0.039376218323586,-124,90,8,0.15614035087719202,214,1
312,"(0,9)",,False,38,"[3, 0, 19, 9, 17]",2,0.006335282651072,-126,90,7,0.119103313840155,216,1
313,"(0,9)",,False,38,"[3, 0, 19, 9, 17]",2,0.006335282651072,-126,90,7,0.119103313840155,216,1
314,"(5,0)",,False,40,"[9, 5, 0, 13, 12]",3,0.006335282651072,-128,90,7,0.11351526965562,218,1
315,"(5,0)",,False,40,"[9, 5, 0, 13, 12]",3,0.006335282651072,-128,90,7,0.11351526965562,218,1
316,"(4,5)",,False,40,"[4, 9, 12, 5, 2]",3,0.006335282651072,-130,90,7,0.1498375568551,220,1
317,"(4,5)",,False,40,"[4, 9, 12, 5, 2]",3,0.006335282651072,-130,90,7,0.1498375568551,220,1
318,"(8,1)",,False,42,"[16, 5, 8, 2, 1]",3,0.006335282651072,-132,90,8,0.123577462173953,222,1
319,"(8,1)",,False,42,"[16, 5, 8, 2, 1]",3,0.006335282651072,-132,90,8,0.123577462173953,222,1
320,"(6,13)",,False,44,"[6, 16, 17, 13, 9]",3,0.006335282651072,-134,90,8,0.130906812485759,224,1
321,"(6,13)",,False,44,"[6, 16, 17, 13, 9]",3,0.006335282651072,-134,90,8,0.130906812485759,224,1
322,"(0,5)",,True,44,"[10, 8, 0, 6, 5]",2,0.006335282651072,-136,90,8,0.12878028404344102,226,1
323,"(0,5)",,True,44,"[10, 8, 0, 6, 5]",2,0.006335282651072,-136,90,8,0.12878028404344102,226,1
324,"(8,3)",,False,44,"[8, 4, 0, 3, 15]",2,0.004873294346978,-138,90,8,0.15101500189219402,228,1
325,"(8,3)",,False,44,"[8, 4, 0, 3, 15]",2,0.004873294346978,-138,90,8,0.15101500189219402,228,1
326,"(2,16)",,False,42,"[10, 13, 14, 2, 16]",2,0.004873294346978,-140,90,7,0.09200361042466301,230,1
327,"(2,16)",,False,42,"[10, 13, 14, 2, 16]",2,0.004873294346978,-140,90,7,0.09200361042466301,230,1
328,"(19,18)",,False,44,"[5, 13, 19, 18, 12]",3,0.049415204678362,-142,90,7,0.07135895293790001,232,1
329,"(19,18)",,False,44,"[5, 13, 19, 18, 12]",3,0.049415204678362,-142,90,7,0.07135895293790001,232,1
330,"(4,5)",,False,44,"[4, 5, 7, 15, 0]",3,0.055750487329434,-144,90,7,0.07972709551656901,234,1
331,"(4,5)",,False,44,"[4, 5, 7, 15, 0]",3,0.055750487329434,-144,90,7,0.07972709551656901,234,1
332,"(10,1)",,True,46,"[14, 10, 1, 11, 7]",3,0.035143414090782005,-146,90,8,0.106752993595098,236,1
333,"(10,1)",,True,46,"[14, 10, 1, 11, 7]",3,0.035143414090782005,-146,90,8,0.106752993595098,236,1
334,"(16,1)",,False,47,"[2, 15, 16, 1, 11]",3,0.034753550543024,-148,90,8,0.13063213589529302,238,1
335,"(16,1)",,False,47,"[2, 15, 16, 1, 11]",3,0.034753550543024,-148,90,8,0.13063213589529302,238,1
336,"(2,18)",,False,47,"[2, 7, 18, 15, 16]",3,0.032901698691172,-150,90,7,0.11581732108047801,240,1
337,"(2,18)",,False,47,"[2, 7, 18, 15, 16]",3,0.032901698691172,-150,90,7,0.11581732108047801,240,1
338,"(5,16)",,True,47,"[17, 5, 10, 16, 7]",3,0.032121971595655004,-152,90,7,0.16191868560289602,242,1
339,"(5,16)",,True,47,"[17, 5, 10, 16, 7]",3,0.032121971595655004,-152,90,7,0.16191868560289602,242,1
340,"(7,17)",,False,49,"[15, 7, 3, 6, 17]",3,0.026949317738791,-154,90,7,0.14072449642625,244,1
341,"(7,17)",,False,49,"[15, 7, 3, 6, 17]",3,0.026949317738791,-154,90,7,0.14072449642625,244,1
342,"(5,9)",,False,50,"[5, 10, 2, 12, 9]",3,0.031439710387078004,-156,90,7,0.132794950338809,246,1
343,"(5,9)",,False,50,"[5, 10, 2, 12, 9]",3,0.031439710387078004,-156,90,7,0.132794950338809,246,1
344,"(7,1)",,False,52,"[7, 18, 1, 14, 16]",4,0.07437343358395901,-158,90,8,0.14996519075466402,248,1
345,"(7,1)",,False,52,"[7, 18, 1, 14, 16]",4,0.07437343358395901,-158,90,8,0.14996519075466402,248,1
346,"(6,19)",,False,52,"[6, 5, 16, 19, 18]",4,0.075835421888053,-160,90,7,0.13108929731736702,250,1
347,"(6,19)",,False,52,"[6, 5, 16, 19, 18]",4,0.075835421888053,-160,90,7,0.13108929731736702,250,1
348,"(14,11)",,False,52,"[14, 3, 16, 13, 11]",4,0.073684210526315,-162,90,7,0.132859927596769,252,1
349,"(14,11)",,False,52,"[14, 3, 16, 13, 11]",4,0.073684210526315,-162,90,7,0.132859927596769,252,1
350,"(13,14)",,True,54,"[13, 14, 16, 4, 19]",4,0.069256474519632,-164,90,7,0.129253689780005,254,1
351,"(13,14)",,True,54,"[13, 14, 16, 4, 19]",4,0.069256474519632,-164,90,7,0.129253689780005,254,1
352,"(0,9)",,False,52,"[13, 17, 0, 4, 9]",3,0.02297410192147,-166,90,6,0.135867446393762,256,1
353,"(0,9)",,False,52,"[13, 17, 0, 4, 9]",3,0.02297410192147,-166,90,6,0.135867446393762,256,1
354,"(1,15)",,True,54,"[16, 7, 1, 8, 15]",3,0.007017543859649001,-168,90,7,0.18178780284043403,258,1
355,"(1,15)",,True,54,"[16, 7, 1, 8, 15]",3,0.007017543859649001,-168,90,7,0.18178780284043403,258,1
356,"(1,13)",,False,56,"[1, 13, 11, 9, 10]",3,0.006497725795971,-170,90,8,0.158170890188434,260,1
357,"(1,13)",,False,56,"[1, 13, 11, 9, 10]",3,0.006497725795971,-170,90,8,0.158170890188434,260,1
358,"(9,0)",,False,56,"[10, 9, 1, 0, 13]",3,0.006497725795971,-172,90,8,0.158170890188434,262,1
359,"(9,0)",,False,56,"[10, 9, 1, 0, 13]",3,0.006497725795971,-172,90,8,0.158170890188434,262,1
360,"(1,2)",,False,58,"[4, 1, 2, 11, 5]",3,0.007017543859649001,-174,90,9,0.16281486544644402,264,1
361,"(1,2)",,False,58,"[4, 1, 2, 11, 5]",3,0.007017543859649001,-174,90,9,0.16281486544644402,264,1
362,"(10,11)",,False,58,"[10, 11, 18, 7, 5]",3,0.006964380648591,-176,90,9,0.16236487683856102,266,1
363,"(10,11)",,False,58,"[10, 11, 18, 7, 5]",3,0.006964380648591,-176,90,9,0.16236487683856102,266,1
364,"(6,19)",,False,56,"[6, 16, 19, 2, 11]",3,0.009953334514738,-178,90,8,0.15267398293714002,268,1
365,"(6,19)",,False,56,"[6, 16, 19, 2, 11]",3,0.009953334514738,-178,90,8,0.15267398293714002,268,1
366,"(9,12)",,False,56,"[9, 12, 15, 18, 11]",3,0.009953334514738,-180,90,8,0.096963368015999,270,1
367,"(9,12)",,False,56,"[9, 12, 15, 18, 11]",3,0.009953334514738,-180,90,8,0.096963368015999,270,1
368,5:16,assassinate,True,49,"[15, 18, 4, 6, 5]",3,0.013116123642439002,-182,90,7,0.135122528543581,272,1
369,5:16,assassinate,True,49,"[15, 18, 4, 6, 5]",3,0.013116123642439002,-182,90,7,0.135122528543581,272,1
370,"(7,1)",,False,51,"[7, 1, 8, 14, 9]",3,0.013116123642439002,-184,90,8,0.124352548036758,274,1
371,"(7,1)",,False,51,"[7, 1, 8, 14, 9]",3,0.013116123642439002,-184,90,8,0.124352548036758,274,1
372,"(1,19)",,False,51,"[1, 2, 13, 19, 6]",3,0.013366750208855001,-186,90,8,0.10664160401002501,276,1
373,"(1,19)",,False,51,"[1, 2, 13, 19, 6]",3,0.013366750208855001,-186,90,8,0.10664160401002501,276,1
374,"(5,1)",,True,53,"[2, 5, 1, 18, 3]",3,0.013262322472848,-188,90,9,0.202910052910052,278,1
375,"(5,1)",,True,53,"[2, 5, 1, 18, 3]",3,0.013262322472848,-188,90,9,0.202910052910052,278,1
376,"(19,15)",,False,55,"[19, 13, 2, 15, 17]",3,0.012426900584795002,-190,90,9,0.205562517404622,280,1
377,"(19,15)",,False,55,"[19, 13, 2, 15, 17]",3,0.012426900584795002,-190,90,9,0.205562517404622,280,1
378,"(12,19)",,False,57,"[18, 8, 12, 6, 19]",3,0.011695906432748001,-192,90,9,0.20160818713450201,282,1
379,"(12,19)",,False,57,"[18, 8, 12, 6, 19]",3,0.011695906432748001,-192,90,9,0.20160818713450201,282,1
380,"(18,1)",,False,59,"[19, 16, 18, 1, 7]",3,0.011695906432748001,-194,90,10,0.2090318388564,284,1
381,"(18,1)",,False,59,"[19, 16, 18, 1, 7]",3,0.011695906432748001,-194,90,10,0.2090318388564,284,1
382,"(15,2)",,False,61,"[15, 2, 7, 8, 5]",3,0.011695906432748001,-196,90,10,0.20656185919343803,286,1
383,"(15,2)",,False,61,"[15, 2, 7, 8, 5]",3,0.011695906432748001,-196,90,10,0.20656185919343803,286,1
384,"(15,10)",,False,63,"[15, 4, 10, 9, 12]",3,0.0029239766081870003,-198,90,10,0.197528592265434,288,1
385,"(15,10)",,False,63,"[15, 4, 10, 9, 12]",3,0.0029239766081870003,-198,90,10,0.197528592265434,288,1
386,"(0,8)",,False,63,"[18, 0, 8, 14, 17]",2,0.0,-200,90,10,0.135686487002276,290,1
387,"(0,8)",,False,63,"[18, 0, 8, 14, 17]",2,0.0,-200,90,10,0.135686487002276,290,1
388,"(14,0)",,False,63,"[17, 18, 8, 14, 0]",3,0.0011695906432740001,-202,90,9,0.07118722732757801,292,1
389,"(14,0)",,False,63,"[17, 18, 8, 14, 0]",3,0.0011695906432740001,-202,90,9,0.07118722732757801,292,1
390,"(18,8)",,False,63,"[0, 18, 8, 3, 12]",3,0.0011695906432740001,-204,90,8,0.059783718555648006,294,1
391,"(18,8)",,False,63,"[0, 18, 8, 3, 12]",3,0.0011695906432740001,-204,90,8,0.059783718555648006,294,1
392,"(17,7)",,True,63,"[16, 17, 18, 8, 7]",4,0.011403508771929001,-206,90,8,0.06439710387078801,296,1
393,"(17,7)",,True,63,"[16, 17, 18, 8, 7]",4,0.011403508771929001,-206,90,8,0.06439710387078801,296,1
394,"(2,7)",,False,63,"[2, 3, 18, 7, 8]",4,0.011403508771929001,-208,90,8,0.05988582567529901,298,1
395,"(2,7)",,False,63,"[2, 3, 18, 7, 8]",4,0.011403508771929001,-208,90,8,0.05988582567529901,298,1
396,"(0,10)",,False,63,"[0, 4, 14, 10, 2]",3,0.008479532163742,-210,90,8,0.057059314954051005,300,1
397,"(0,10)",,False,63,"[0, 4, 14, 10, 2]",3,0.008479532163742,-210,90,8,0.057059314954051005,300,1
398,"(11,9)",,False,63,"[11, 6, 13, 9, 10]",3,0.008479532163742,-212,90,8,0.051072124756335005,302,1
399,"(11,9)",,False,63,"[11, 6, 13, 9, 10]",3,0.008479532163742,-212,90,8,0.051072124756335005,302,1
400,"(9,2)",,False,63,"[9, 2, 12, 3, 13]",3,0.008479532163742,-214,90,8,0.05399610136452201,304,1
401,"(9,2)",,False,63,"[9, 2, 12, 3, 13]",3,0.008479532163742,-214,90,8,0.05399610136452201,304,1
402,"(8,1)",,False,65,"[8, 3, 1, 17, 10]",3,0.011403508771929001,-216,90,9,0.063206627680311,306,1
403,"(8,1)",,False,65,"[8, 3, 1, 17, 10]",3,0.011403508771929001,-216,90,9,0.063206627680311,306,1
404,"(9,7)",,False,63,"[13, 1, 9, 12, 7]",3,0.011403508771929001,-218,90,8,0.08175299359509801,308,1
405,"(9,7)",,False,63,"[13, 1, 9, 12, 7]",3,0.011403508771929001,-218,90,8,0.08175299359509801,308,1
406,"(10,7)",,False,63,"[18, 11, 10, 3, 7]",3,0.011403508771929001,-220,90,8,0.120620996936786,310,1
407,"(10,7)",,False,63,"[18, 11, 10, 3, 7]",3,0.011403508771929001,-220,90,8,0.120620996936786,310,1
408,15:12,assassinate,True,58,"[14, 11, 15, 3, 8]",2,0.0014619883040930001,-222,90,8,0.110484544695071,312,1
409,15:12,assassinate,True,58,"[14, 11, 15, 3, 8]",2,0.0014619883040930001,-222,90,8,0.110484544695071,312,1
410,"(1,6)",,False,60,"[1, 5, 17, 2, 6]",2,0.0011695906432740001,-224,90,9,0.12038429406850401,314,1
411,"(1,6)",,False,60,"[1, 5, 17, 2, 6]",2,0.0011695906432740001,-224,90,9,0.12038429406850401,314,1
412,"(5,6)",,False,60,"[16, 14, 5, 11, 6]",2,0.0011695906432740001,-226,90,9,0.12038429406850401,316,1
413,"(5,6)",,False,60,"[16, 14, 5, 11, 6]",2,0.0011695906432740001,-226,90,9,0.12038429406850401,316,1
414,"(0,6)",,True,60,"[13, 12, 10, 0, 6]",2,0.105263157894736,-228,90,9,0.133458646616541,318,1
415,"(0,6)",,True,60,"[13, 12, 10, 0, 6]",2,0.105263157894736,-228,90,9,0.133458646616541,318,1
416,"(1,15)",,False,60,"[18, 2, 1, 0, 15]",2,0.010428849902534001,-230,90,9,0.21048454469507102,320,1
417,"(1,15)",,False,60,"[18, 2, 1, 0, 15]",2,0.010428849902534001,-230,90,9,0.21048454469507102,320,1
418,"(0,15)",,False,60,"[16, 0, 11, 15, 6]",1,0.0,-232,90,9,0.22510442773600603,322,1
419,"(0,15)",,False,60,"[16, 0, 11, 15, 6]",1,0.0,-232,90,9,0.22510442773600603,322,1
420,"(14,5)",,False,60,"[14, 5, 8, 13, 6]",1,0.0,-234,90,9,0.172960178223336,324,1
421,"(14,5)",,False,60,"[14, 5, 8, 13, 6]",1,0.0,-234,90,9,0.172960178223336,324,1
422,"(6,9)",,False,60,"[6, 14, 16, 9, 10]",1,0.0,-236,90,9,0.11791979949874601,326,1
423,"(6,9)",,False,60,"[6, 14, 16, 9, 10]",1,0.0,-236,90,9,0.11791979949874601,326,1
424,"(4,1)",,True,60,"[4, 19, 15, 1, 11]",1,0.0,-238,90,9,0.09281537176274,328,1
425,"(4,1)",,True,60,"[4, 19, 15, 1, 11]",1,0.0,-238,90,9,0.09281537176274,328,1
426,"(6,16)",,False,60,"[15, 9, 6, 16, 14]",1,0.0,-240,90,9,0.08596491228070101,330,1
427,"(6,16)",,False,60,"[15, 9, 6, 16, 14]",1,0.0,-240,90,9,0.08596491228070101,330,1
428,2:24,assassinate,True,49,"[10, 11, 14, 8, 2]",1,0.0,-242,90,8,0.07953216374269001,332,1
429,2:24,assassinate,True,49,"[10, 11, 14, 8, 2]",1,0.0,-242,90,8,0.07953216374269001,332,1
430,"(8,3)",,False,49,"[5, 8, 17, 6, 3]",1,0.0,-244,90,8,0.070264043948254,334,1
431,"(8,3)",,False,49,"[5, 8, 17, 6, 3]",1,0.0,-244,90,8,0.070264043948254,334,1
432,"(1,12)",,False,51,"[9, 1, 18, 19, 12]",2,0.09941520467836201,-242,92,9,0.09554315080630801,334,1
433,"(1,12)",,False,51,"[9, 1, 18, 19, 12]",2,0.09941520467836201,-242,92,9,0.09554315080630801,334,1
434,"(4,14)",,False,51,"[17, 4, 19, 15, 14]",2,0.09941520467836201,-242,93,9,0.10445094217024001,335,1
435,"(4,14)",,False,51,"[17, 4, 19, 15, 14]",2,0.09941520467836201,-242,93,9,0.10445094217024001,335,1
436,"(18,5)",,False,52,"[8, 11, 9, 18, 5]",2,0.09941520467836201,-240,95,9,0.090058479532163,335,1
437,"(18,5)",,False,52,"[8, 11, 9, 18, 5]",2,0.09941520467836201,-240,95,9,0.090058479532163,335,1
438,"(12,7)",,False,54,"[5, 3, 6, 12, 7]",2,0.007797270955165,-240,96,9,0.091520467836257,336,1
439,"(12,7)",,False,54,"[5, 3, 6, 12, 7]",2,0.007797270955165,-240,96,9,0.091520467836257,336,1
440,"(14,7)",,False,54,"[19, 14, 18, 11, 7]",2,0.0,-240,97,9,0.090058479532163,337,1
441,"(14,7)",,False,54,"[19, 14, 18, 11, 7]",2,0.0,-240,97,9,0.090058479532163,337,1
442,"(0,1)",,False,54,"[9, 0, 1, 10, 12]",3,0.105263157894736,-240,98,10,0.16134781397939202,338,1
443,"(0,1)",,False,54,"[9, 0, 1, 10, 12]",3,0.105263157894736,-240,98,10,0.16134781397939202,338,1
444,"(1,17)",,False,56,"[10, 1, 12, 18, 17]",3,0.105263157894736,-242,98,11,0.181053060000428,340,1
445,"(1,17)",,False,56,"[10, 1, 12, 18, 17]",3,0.105263157894736,-242,98,11,0.181053060000428,340,1
446,"(17,11)",,False,54,"[16, 15, 17, 11, 19]",2,0.105263157894736,-242,99,10,0.11972355130249801,341,1
447,"(17,11)",,False,54,"[16, 15, 17, 11, 19]",2,0.105263157894736,-242,99,10,0.11972355130249801,341,1
448,"(17,2)",,False,56,"[0, 12, 17, 5, 2]",2,0.105263157894736,-244,99,10,0.11744639376218301,343,1
449,"(17,2)",,False,56,"[0, 12, 17, 5, 2]",2,0.105263157894736,-244,99,10,0.11744639376218301,343,1
450,"(18,4)",,False,55,"[12, 8, 18, 4, 10]",2,0.105263157894736,-244,100,10,0.12358674463937601,344,1
451,"(18,4)",,False,55,"[12, 8, 18, 4, 10]",2,0.105263157894736,-244,100,10,0.12358674463937601,344,1
452,"(4,15)",,False,55,"[4, 15, 17, 0, 13]",2,0.105263157894736,-246,100,10,0.132497911445279,346,1
453,"(4,15)",,False,55,"[4, 15, 17, 0, 13]",2,0.105263157894736,-246,100,10,0.132497911445279,346,1
454,"(7,6)",,False,57,"[16, 15, 7, 13, 6]",2,0.015107212475633002,-248,100,10,0.13319163922879002,348,1
455,"(7,6)",,False,57,"[16, 15, 7, 13, 6]",2,0.015107212475633002,-248,100,10,0.13319163922879002,348,1
456,"(11,6)",,False,57,"[11, 10, 8, 6, 18]",2,0.018713450292397002,-250,100,10,0.164631349615869,350,1
457,"(11,6)",,False,57,"[11, 10, 8, 6, 18]",2,0.018713450292397002,-250,100,10,0.164631349615869,350,1
458,"(0,7)",,False,57,"[10, 0, 18, 14, 7]",2,0.0017868745938920002,-252,100,10,0.17012438503666502,352,1
459,"(0,7)",,False,57,"[10, 0, 18, 14, 7]",2,0.0017868745938920002,-252,100,10,0.17012438503666502,352,1
460,"(1,13)",,False,59,"[14, 12, 1, 13, 15]",2,0.0017543859649120001,-254,100,11,0.18432191590086303,354,1
461,"(1,13)",,False,59,"[14, 12, 1, 13, 15]",2,0.0017543859649120001,-254,100,11,0.18432191590086303,354,1
462,"(12,2)",,False,61,"[12, 6, 5, 2, 7]",2,0.0017543859649120001,-256,100,11,0.17306419643880902,356,1
463,"(12,2)",,False,61,"[12, 6, 5, 2, 7]",2,0.0017543859649120001,-256,100,11,0.17306419643880902,356,1
464,"(3,15)",,False,61,"[10, 8, 9, 3, 15]",2,0.0017697753154810002,-258,100,11,0.15648184789459002,358,1
465,"(3,15)",,False,61,"[10, 8, 9, 3, 15]",2,0.0017697753154810002,-258,100,11,0.15648184789459002,358,1
466,"(0,14)",,False,62,"[9, 15, 2, 0, 14]",1,0.0,-260,100,11,0.12857480401340002,360,1
467,"(0,14)",,False,62,"[9, 15, 2, 0, 14]",1,0.0,-260,100,11,0.12857480401340002,360,1
468,3:16,assassinate,True,53,"[0, 10, 7, 9, 3]",1,0.0,-262,100,10,0.116699155295646,362,1
469,3:16,assassinate,True,53,"[0, 10, 7, 9, 3]",1,0.0,-262,100,10,0.116699155295646,362,1
470,"(9,2)",,False,53,"[9, 2, 14, 5, 16]",1,0.0,-264,100,10,0.116699155295646,364,1
471,"(9,2)",,False,53,"[9, 2, 14, 5, 16]",1,0.0,-264,100,10,0.116699155295646,364,1
472,8:12,assassinate,True,46,"[0, 2, 8, 12, 18]",1,0.0,-266,100,9,0.14571150097465801,366,1
473,8:12,assassinate,True,46,"[0, 2, 8, 12, 18]",1,0.0,-266,100,9,0.14571150097465801,366,1
474,11:16,assassinate,True,37,"[14, 0, 15, 16, 11]",1,0.0,-268,100,8,0.192574871522239,368,1
475,11:16,assassinate,True,37,"[14, 0, 15, 16, 11]",1,0.0,-268,100,8,0.192574871522239,368,1
476,16:6,assassinate,True,36,"[16, 3, 18, 14, 2]",1,0.0,-270,100,8,0.116551479709374,370,1
477,16:6,assassinate,True,36,"[16, 3, 18, 14, 2]",1,0.0,-270,100,8,0.116551479709374,370,1
478,"(1,10)",,False,38,"[1, 13, 12, 10, 6]",1,0.0,-272,100,9,0.08224348750664501,372,1
479,"(1,10)",,False,38,"[1, 13, 12, 10, 6]",1,0.0,-272,100,9,0.08224348750664501,372,1
480,"(4,18)",,False,38,"[6, 4, 18, 1, 14]",2,0.08187134502923901,-274,100,9,0.133120680489101,374,1
481,"(4,18)",,False,38,"[6, 4, 18, 1, 14]",2,0.08187134502923901,-274,100,9,0.133120680489101,374,1
482,"(8,4)",,False,40,"[9, 19, 8, 4, 16]",3,0.18128654970760202,-274,101,9,0.22668793195108902,375,1
483,"(8,4)",,False,40,"[9, 19, 8, 4, 16]",3,0.18128654970760202,-274,101,9,0.22668793195108902,375,1
484,"(13,7)",,False,42,"[13, 7, 16, 3, 11]",3,0.10233918128654901,-274,102,9,0.14169767853978302,376,1
485,"(13,7)",,False,42,"[13, 7, 16, 3, 11]",3,0.10233918128654901,-274,102,9,0.14169767853978302,376,1
486,"(7,1)",,False,44,"[7, 2, 1, 15, 5]",4,0.19883040935672502,-274,103,10,0.20514797093744402,377,1
487,"(7,1)",,False,44,"[7, 2, 1, 15, 5]",4,0.19883040935672502,-274,103,10,0.20514797093744402,377,1
488,"(5,0)",,False,42,"[12, 5, 7, 0, 2]",3,0.19298245614035,-274,104,9,0.24074074074074,378,1
489,"(5,0)",,False,42,"[12, 5, 7, 0, 2]",3,0.19298245614035,-274,104,9,0.24074074074074,378,1
490,"(6,18)",,False,43,"[12, 6, 18, 2, 0]",3,0.19298245614035,-276,104,9,0.203313840155945,380,1
491,"(6,18)",,False,43,"[12, 6, 18, 2, 0]",3,0.19298245614035,-276,104,9,0.203313840155945,380,1
492,"(0,1)",,False,45,"[9, 19, 0, 10, 1]",4,0.29239766081871305,-276,105,10,0.385964912280701,381,1
493,"(0,1)",,False,45,"[9, 19, 0, 10, 1]",4,0.29239766081871305,-276,105,10,0.385964912280701,381,1
494,"(19,11)",,False,47,"[8, 19, 5, 9, 11]",5,0.192436218752008,-276,106,10,0.23215767338574303,382,1
495,"(19,11)",,False,47,"[8, 19, 5, 9, 11]",5,0.192436218752008,-276,106,10,0.23215767338574303,382,1
496,13:20,assassinate,True,38,"[7, 13, 19, 15, 5]",5,0.18933444722918402,-278,106,9,0.28029100529100504,384,1
497,13:20,assassinate,True,38,"[7, 13, 19, 15, 5]",5,0.18933444722918402,-278,106,9,0.28029100529100504,384,1
498,"(7,3)",,False,38,"[7, 19, 3, 9, 4]",4,0.11920077972709502,-280,106,8,0.20118351434140902,386,1
499,"(7,3)",,False,38,"[7, 19, 3, 9, 4]",4,0.11920077972709502,-280,106,8,0.20118351434140902,386,1
500,"(0,16)",,True,38,"[3, 15, 0, 16, 7]",3,0.011890838206627001,-282,106,8,0.139343729694606,388,1
501,"(0,16)",,True,38,"[3, 15, 0, 16, 7]",3,0.011890838206627001,-282,106,8,0.139343729694606,388,1
502,"(10,18)",,False,36,"[0, 10, 7, 18, 4]",3,0.011890838206627001,-284,106,8,0.133235867446393,390,1
503,"(10,18)",,False,36,"[0, 10, 7, 18, 4]",3,0.011890838206627001,-284,106,8,0.133235867446393,390,1
504,"(19,0)",,False,36,"[19, 9, 2, 17, 0]",3,0.09941520467836201,-286,106,8,0.16520467836257302,392,1
505,"(19,0)",,False,36,"[19, 9, 2, 17, 0]",3,0.09941520467836201,-286,106,8,0.16520467836257302,392,1
506,"(1,13)",,False,39,"[7, 9, 1, 13, 6]",3,0.105263157894736,-288,106,9,0.23625730994152003,394,1
507,"(1,13)",,False,39,"[7, 9, 1, 13, 6]",3,0.105263157894736,-288,106,9,0.23625730994152003,394,1
508,"(15,7)",,False,37,"[0, 15, 7, 5, 12]",3,0.09941520467836201,-290,106,8,0.185115566694514,396,1
509,"(15,7)",,False,37,"[0, 15, 7, 5, 12]",3,0.09941520467836201,-290,106,8,0.185115566694514,396,1
510,"(16,7)",,False,39,"[8, 16, 19, 15, 7]",4,0.040643274853801,-292,106,8,0.139961013645224,398,1
511,"(16,7)",,False,39,"[8, 16, 19, 15, 7]",4,0.040643274853801,-292,106,8,0.139961013645224,398,1
512,"(13,1)",,False,41,"[13, 6, 14, 10, 1]",5,0.08482316903369501,-294,106,9,0.220453912559175,400,1
513,"(13,1)",,False,41,"[13, 6, 14, 10, 1]",5,0.08482316903369501,-294,106,9,0.220453912559175,400,1
514,"(6,4)",,False,39,"[8, 6, 11, 4, 16]",5,0.084767474241158,-296,106,8,0.21814257866889403,402,1
515,"(6,4)",,False,39,"[8, 6, 11, 4, 16]",5,0.084767474241158,-296,106,8,0.21814257866889403,402,1
516,"(12,18)",,False,39,"[12, 13, 18, 10, 4]",5,0.09473684210526301,-298,106,8,0.21111111111111103,404,1
517,"(12,18)",,False,39,"[12, 13, 18, 10, 4]",5,0.09473684210526301,-298,106,8,0.21111111111111103,404,1
518,"(1,3)",,False,41,"[18, 7, 1, 11, 3]",5,0.069159008632692,-300,106,9,0.253327763854079,406,1
519,"(1,3)",,False,41,"[18, 7, 1, 11, 3]",5,0.069159008632692,-300,106,9,0.253327763854079,406,1
520,"(16,1)",,False,41,"[16, 18, 3, 1, 11]",5,0.047229184071289,-302,106,10,0.310832637148426,408,1
521,"(16,1)",,False,41,"[16, 18, 3, 1, 11]",5,0.047229184071289,-302,106,10,0.310832637148426,408,1
522,"(1,9)",,False,41,"[1, 10, 0, 9, 13]",5,0.123155109997215,-304,106,10,0.283509700176366,410,1
523,"(1,9)",,False,41,"[1, 10, 0, 9, 13]",5,0.123155109997215,-304,106,10,0.283509700176366,410,1
524,"(4,10)",,True,43,"[15, 4, 13, 12, 10]",5,0.11974380395433001,-306,106,10,0.252807945790401,412,1
525,"(4,10)",,True,43,"[15, 4, 13, 12, 10]",5,0.11974380395433001,-306,106,10,0.252807945790401,412,1
526,"(2,5)",,False,43,"[19, 13, 2, 5, 10]",5,0.116819827346143,-308,106,10,0.251086048454469,414,1
527,"(2,5)",,False,43,"[19, 13, 2, 5, 10]",5,0.116819827346143,-308,106,10,0.251086048454469,414,1
528,"(16,0)",,False,41,"[16, 8, 5, 0, 3]",4,0.011556669451406001,-310,106,9,0.14582289055973202,416,1
529,"(16,0)",,False,41,"[16, 8, 5, 0, 3]",4,0.011556669451406001,-310,106,9,0.14582289055973202,416,1
530,"(16,1)",,False,43,"[9, 5, 16, 1, 14]",4,0.010477582846003001,-312,106,10,0.235282651072124,418,1
531,"(16,1)",,False,43,"[9, 5, 16, 1, 14]",4,0.010477582846003001,-312,106,10,0.235282651072124,418,1
532,"(13,15)",,False,45,"[13, 8, 7, 11, 15]",5,0.029831523252575,-314,106,10,0.26619326093010304,420,1
533,"(13,15)",,False,45,"[13, 8, 7, 11, 15]",5,0.029831523252575,-314,106,10,0.26619326093010304,420,1
534,"(1,13)",,False,45,"[1, 13, 14, 10, 12]",5,0.020572263993316003,-316,106,11,0.332957393483709,422,1
535,"(1,13)",,False,45,"[1, 13, 14, 10, 12]",5,0.020572263993316003,-316,106,11,0.332957393483709,422,1
536,"(7,3)",,False,45,"[15, 10, 2, 7, 3]",5,0.025422352176738,-318,106,11,0.31077230112317805,424,1
537,"(7,3)",,False,45,"[15, 10, 2, 7, 3]",5,0.025422352176738,-318,106,11,0.31077230112317805,424,1
538,"(4,14)",,False,45,"[4, 12, 14, 0, 3]",5,0.023879142300194,-320,106,11,0.319896964633806,426,1
539,"(4,14)",,False,45,"[4, 12, 14, 0, 3]",5,0.023879142300194,-320,106,11,0.319896964633806,426,1
540,"(3,7)",,False,47,"[3, 7, 9, 13, 4]",5,0.021303258145363,-322,106,11,0.30646059593428004,428,1
541,"(3,7)",,False,47,"[3, 7, 9, 13, 4]",5,0.021303258145363,-322,106,11,0.30646059593428004,428,1
542,"(7,8)",,False,47,"[9, 7, 16, 15, 8]",6,0.076608187134502,-324,106,11,0.303717627401837,430,1
543,"(7,8)",,False,47,"[9, 7, 16, 15, 8]",6,0.076608187134502,-324,106,11,0.303717627401837,430,1
544,"(3,15)",,False,47,"[3, 19, 7, 6, 15]",6,0.07179487179487101,-326,106,10,0.26610329241908104,432,1
545,"(3,15)",,False,47,"[3, 19, 7, 6, 15]",6,0.07179487179487101,-326,106,10,0.26610329241908104,432,1
546,"(15,19)",,False,49,"[13, 15, 10, 19, 7]",6,0.068469785575048,-328,106,10,0.238833194096351,434,1
547,"(15,19)",,False,49,"[13, 15, 10, 19, 7]",6,0.068469785575048,-328,106,10,0.238833194096351,434,1
548,"(1,5)",,True,49,"[19, 9, 1, 8, 5]",6,0.06705653021442401,-330,106,10,0.245060251639199,436,1
549,"(1,5)",,True,49,"[19, 9, 1, 8, 5]",6,0.06705653021442401,-330,106,10,0.245060251639199,436,1
550,14:18,assassinate,True,39,"[18, 2, 14, 15, 9]",5,0.06432748538011601,-332,106,8,0.16554580896686102,438,1
551,14:18,assassinate,True,39,"[18, 2, 14, 15, 9]",5,0.06432748538011601,-332,106,8,0.16554580896686102,438,1
552,17:2,assassinate,True,37,"[2, 17, 18, 7, 5]",4,0.019005847953216002,-334,106,8,0.15287524366471703,440,1
553,17:2,assassinate,True,37,"[2, 17, 18, 7, 5]",4,0.019005847953216002,-334,106,8,0.15287524366471703,440,1
554,"(9,14)",,False,37,"[11, 9, 14, 17, 13]",4,0.026218323586744002,-336,106,7,0.15852826510721202,442,1
555,"(9,14)",,False,37,"[11, 9, 14, 17, 13]",4,0.026218323586744002,-336,106,7,0.15852826510721202,442,1
556,"(1,13)",,False,39,"[10, 0, 1, 2, 13]",4,0.019548872180451003,-338,106,8,0.23582567529935902,444,1
557,"(1,13)",,False,39,"[10, 0, 1, 2, 13]",4,0.019548872180451003,-338,106,8,0.23582567529935902,444,1
558,"(17,12)",,False,41,"[3, 17, 12, 13, 6]",5,0.056780840991367,-340,106,8,0.22403230297967103,446,1
559,"(17,12)",,False,41,"[3, 17, 12, 13, 6]",5,0.056780840991367,-340,106,8,0.22403230297967103,446,1
560,"(10,5)",,False,39,"[10, 18, 5, 19, 16]",5,0.056920077972709,-342,106,8,0.21135477582846002,448,1
561,"(10,5)",,False,39,"[10, 18, 5, 19, 16]",5,0.056920077972709,-342,106,8,0.21135477582846002,448,1
562,3:6,assassinate,True,35,"[10, 7, 11, 3, 4]",4,0.036744639376218004,-344,106,8,0.210331384015594,450,1
563,3:6,assassinate,True,35,"[10, 7, 11, 3, 4]",4,0.036744639376218004,-344,106,8,0.210331384015594,450,1
564,"(1,3)",,False,37,"[18, 1, 17, 8, 3]",4,0.035575048732943,-346,106,9,0.286452241715399,452,1
565,"(1,3)",,False,37,"[18, 1, 17, 8, 3]",4,0.035575048732943,-346,106,9,0.286452241715399,452,1
566,"(6,8)",,False,37,"[11, 17, 6, 8, 18]",4,0.033834586466165,-348,106,9,0.25927318295739304,454,1
567,"(6,8)",,False,37,"[11, 17, 6, 8, 18]",4,0.033834586466165,-348,106,9,0.25927318295739304,454,1
568,"(17,1)",,True,39,"[3, 13, 17, 8, 1]",5,0.138262322472848,-350,106,10,0.305513784461152,456,1
569,"(17,1)",,True,39,"[3, 13, 17, 8, 1]",5,0.138262322472848,-350,106,10,0.305513784461152,456,1
570,"(1,19)",,False,41,"[1, 6, 19, 18, 13]",5,0.13475355054302401,-352,106,11,0.326538568643831,458,1
571,"(1,19)",,False,41,"[1, 6, 19, 18, 13]",5,0.13475355054302401,-352,106,11,0.326538568643831,458,1
572,14:2,assassinate,True,41,"[10, 4, 5, 14, 3]",4,0.02360066833751,-354,106,11,0.28090364800891104,460,1
573,14:2,assassinate,True,41,"[10, 4, 5, 14, 3]",4,0.02360066833751,-354,106,11,0.28090364800891104,460,1
574,"(18,1)",,False,43,"[5, 18, 1, 15, 13]",4,0.021628144435161003,-356,106,12,0.27774064791608605,462,1
575,"(18,1)",,False,43,"[5, 18, 1, 15, 13]",4,0.021628144435161003,-356,106,12,0.27774064791608605,462,1
576,"(17,12)",,True,43,"[17, 10, 12, 3, 4]",4,0.021628144435161003,-358,106,12,0.308442402302051,464,1
577,"(17,12)",,True,43,"[17, 10, 12, 3, 4]",4,0.021628144435161003,-358,106,12,0.308442402302051,464,1
578,"(18,11)",,True,45,"[18, 8, 2, 11, 19]",5,0.031481481481481,-360,106,12,0.306432748538011,466,1
579,"(18,11)",,True,45,"[18, 8, 2, 11, 19]",5,0.031481481481481,-360,106,12,0.306432748538011,466,1
580,"(9,15)",,False,48,"[9, 1, 15, 13, 3]",5,0.030964616929529003,-362,106,12,0.29583259495540204,468,1
581,"(9,15)",,False,48,"[9, 1, 15, 13, 3]",5,0.030964616929529003,-362,106,12,0.29583259495540204,468,1
582,"(18,2)",,False,50,"[13, 18, 17, 2, 3]",5,0.028200129954515003,-364,106,12,0.29103313840155903,470,1
583,"(18,2)",,False,50,"[13, 18, 17, 2, 3]",5,0.028200129954515003,-364,106,12,0.29103313840155903,470,1
584,"(2,1)",,False,52,"[9, 13, 2, 18, 1]",5,0.028070175438596003,-366,106,13,0.29863547758284603,472,1
585,"(2,1)",,False,52,"[9, 13, 2, 18, 1]",5,0.028070175438596003,-366,106,13,0.29863547758284603,472,1
586,7:8,assassinate,True,49,"[18, 17, 7, 13, 3]",4,0.011452241715399,-368,106,13,0.278167641325536,474,1
587,7:8,assassinate,True,49,"[18, 17, 7, 13, 3]",4,0.011452241715399,-368,106,13,0.278167641325536,474,1
588,"(2,18)",,True,49,"[9, 2, 18, 11, 15]",4,0.011556669451406001,-370,106,13,0.28489278752436603,476,1
589,"(2,18)",,True,49,"[9, 2, 18, 11, 15]",4,0.011556669451406001,-370,106,13,0.28489278752436603,476,1
590,"(3,14)",,False,51,"[3, 6, 14, 5, 11]",4,0.010776942355889,-372,106,13,0.36569200779727,478,1
591,"(3,14)",,False,51,"[3, 6, 14, 5, 11]",4,0.010776942355889,-372,106,13,0.36569200779727,478,1
592,"(19,11)",,False,51,"[8, 3, 19, 18, 11]",4,0.008771929824561,-374,106,13,0.368518518518518,480,1
593,"(19,11)",,False,51,"[8, 3, 19, 18, 11]",4,0.008771929824561,-374,106,13,0.368518518518518,480,1
594,"(15,5)",,False,51,"[0, 14, 15, 5, 17]",4,0.009221772379667,-376,106,13,0.366381766381766,482,1
595,"(15,5)",,False,51,"[0, 14, 15, 5, 17]",4,0.009221772379667,-376,106,13,0.366381766381766,482,1
596,"(12,2)",,True,49,"[1, 12, 14, 5, 2]",4,0.009221772379667,-378,106,12,0.37255460588793904,484,1
597,"(12,2)",,True,49,"[1, 12, 14, 5, 2]",4,0.009221772379667,-378,106,12,0.37255460588793904,484,1
598,"(0,19)",,True,49,"[0, 17, 19, 11, 14]",3,0.005847953216374001,-380,106,12,0.358479532163742,486,1
599,"(0,19)",,True,49,"[0, 17, 19, 11, 14]",3,0.005847953216374001,-380,106,12,0.358479532163742,486,1
600,"(2,12)",,False,47,"[17, 2, 9, 12, 18]",3,0.005847953216374001,-382,106,11,0.189018843404808,488,1
601,"(2,12)",,False,47,"[17, 2, 9, 12, 18]",3,0.005847953216374001,-382,106,11,0.189018843404808,488,1
602,"(3,5)",,False,47,"[6, 7, 12, 3, 5]",3,0.008771929824561,-384,106,10,0.22480063795853203,490,1
603,"(3,5)",,False,47,"[6, 7, 12, 3, 5]",3,0.008771929824561,-384,106,10,0.22480063795853203,490,1
604,"(3,15)",,False,49,"[19, 3, 5, 15, 4]",4,0.032028789923526,-386,106,10,0.16992802519118302,492,1
605,"(3,15)",,False,49,"[19, 3, 5, 15, 4]",4,0.032028789923526,-386,106,10,0.16992802519118302,492,1
606,"(7,1)",,False,51,"[19, 0, 7, 1, 9]",4,0.029416976785397002,-388,106,11,0.268988126882863,494,1
607,"(7,1)",,False,51,"[19, 0, 7, 1, 9]",4,0.029416976785397002,-388,106,11,0.268988126882863,494,1
608,"(1,16)",,False,52,"[10, 13, 1, 16, 12]",4,0.039376218323586,-390,106,12,0.27514619883040903,496,1
609,"(1,16)",,False,52,"[10, 13, 1, 16, 12]",4,0.039376218323586,-390,106,12,0.27514619883040903,496,1
610,"(6,0)",,False,52,"[2, 6, 18, 0, 19]",4,0.04717348927875201,-392,106,12,0.275633528265107,498,1
611,"(6,0)",,False,52,"[2, 6, 18, 0, 19]",4,0.04717348927875201,-392,106,12,0.275633528265107,498,1
612,"(13,0)",,False,50,"[18, 3, 5, 13, 0]",3,0.019883040935672003,-394,106,11,0.28504594820384205,500,1
613,"(13,0)",,False,50,"[18, 3, 5, 13, 0]",3,0.019883040935672003,-394,106,11,0.28504594820384205,500,1
614,"(9,12)",,False,48,"[9, 12, 14, 18, 19]",3,0.020467836257309,-396,106,10,0.28157894736842104,502,1
615,"(9,12)",,False,48,"[9, 12, 14, 18, 19]",3,0.020467836257309,-396,106,10,0.28157894736842104,502,1
616,"(15,18)",,False,46,"[15, 13, 1, 9, 18]",3,0.020467836257309,-398,106,9,0.18659401027822,504,1
617,"(15,18)",,False,46,"[15, 13, 1, 9, 18]",3,0.020467836257309,-398,106,9,0.18659401027822,504,1
618,"(8,0)",,False,46,"[8, 15, 7, 9, 0]",2,0.0,-400,106,9,0.152968279284068,506,1
619,"(8,0)",,False,46,"[8, 15, 7, 9, 0]",2,0.0,-400,106,9,0.152968279284068,506,1
620,"(3,1)",,False,48,"[3, 1, 8, 6, 9]",2,0.0,-402,106,10,0.16326717467068302,508,1
621,"(3,1)",,False,48,"[3, 1, 8, 6, 9]",2,0.0,-402,106,10,0.16326717467068302,508,1
622,"(2,3)",,True,50,"[2, 18, 11, 7, 3]",3,0.105263157894736,-404,106,10,0.17908125013388101,510,1
623,"(2,3)",,True,50,"[2, 18, 11, 7, 3]",3,0.105263157894736,-404,106,10,0.17908125013388101,510,1
624,16:12,assassinate,True,45,"[13, 8, 16, 7, 19]",3,0.09941520467836201,-406,106,10,0.17991738605773602,512,1
625,16:12,assassinate,True,45,"[13, 8, 16, 7, 19]",3,0.09941520467836201,-406,106,10,0.17991738605773602,512,1
626,"(1,17)",,False,47,"[1, 5, 4, 8, 17]",3,0.012865497076023,-408,106,11,0.226858813700918,514,1
627,"(1,17)",,False,47,"[1, 5, 4, 8, 17]",3,0.012865497076023,-408,106,11,0.226858813700918,514,1
628,"(18,4)",,True,45,"[0, 3, 18, 15, 4]",3,0.019688109161793,-410,106,10,0.21403508771929802,516,1
629,"(18,4)",,True,45,"[0, 3, 18, 15, 4]",3,0.019688109161793,-410,106,10,0.21403508771929802,516,1
630,"(10,13)",,False,45,"[10, 13, 19, 9, 17]",3,0.019688109161793,-412,106,10,0.209635199108883,518,1
631,"(10,13)",,False,45,"[10, 13, 19, 9, 17]",3,0.019688109161793,-412,106,10,0.209635199108883,518,1
632,"(0,3)",,False,43,"[6, 5, 7, 0, 3]",2,0.017056530214424,-414,106,9,0.19502923976608103,520,1
633,"(0,3)",,False,43,"[6, 5, 7, 0, 3]",2,0.017056530214424,-414,106,9,0.19502923976608103,520,1
634,"(18,19)",,False,43,"[18, 4, 6, 19, 16]",2,0.016764132553606002,-416,106,9,0.215594541910331,522,1
635,"(18,19)",,False,43,"[18, 4, 6, 19, 16]",2,0.016764132553606002,-416,106,9,0.215594541910331,522,1
636,"(11,14)",,False,44,"[10, 11, 14, 5, 15]",2,0.014814814814814002,-418,106,9,0.23849902534113002,524,1
637,"(11,14)",,False,44,"[10, 11, 14, 5, 15]",2,0.014814814814814002,-418,106,9,0.23849902534113002,524,1
638,"(8,12)",,False,44,"[8, 5, 4, 17, 12]",2,0.014619883040935,-420,106,9,0.172639933166248,526,1
639,"(8,12)",,False,44,"[8, 5, 4, 17, 12]",2,0.014619883040935,-420,106,9,0.172639933166248,526,1
640,"(6,11)",,False,44,"[6, 15, 5, 2, 11]",2,0.014132553606237,-422,106,9,0.17477025898078502,528,1
641,"(6,11)",,False,44,"[6, 15, 5, 2, 11]",2,0.014132553606237,-422,106,9,0.17477025898078502,528,1
642,"(14,18)",,False,46,"[14, 10, 11, 5, 18]",2,0.013840155945419002,-424,106,9,0.154803675856307,530,1
643,"(14,18)",,False,46,"[14, 10, 11, 5, 18]",2,0.013840155945419002,-424,106,9,0.154803675856307,530,1
644,"(16,1)",,False,48,"[12, 16, 4, 14, 1]",2,0.013840155945419002,-426,106,10,0.24785575048732902,532,1
645,"(16,1)",,False,48,"[12, 16, 4, 14, 1]",2,0.013840155945419002,-426,106,10,0.24785575048732902,532,1
646,"(15,4)",,False,48,"[13, 19, 15, 4, 5]",3,0.031732108047897,-428,106,10,0.25591757170704504,534,1
647,"(15,4)",,False,48,"[13, 19, 15, 4, 5]",3,0.031732108047897,-428,106,10,0.25591757170704504,534,1
648,"(14,7)",,False,50,"[19, 14, 6, 7, 11]",3,0.024129768866610002,-430,106,10,0.20040378724589203,536,1
649,"(14,7)",,False,50,"[19, 14, 6, 7, 11]",3,0.024129768866610002,-430,106,10,0.20040378724589203,536,1
650,12:18,assassinate,True,42,"[6, 17, 12, 9, 16]",3,0.024561403508771004,-432,106,9,0.208187134502923,538,1
651,12:18,assassinate,True,42,"[6, 17, 12, 9, 16]",3,0.024561403508771004,-432,106,9,0.208187134502923,538,1
652,"(0,15)",,False,42,"[0, 3, 15, 9, 11]",3,0.023391812865497002,-434,106,9,0.209525075314548,540,1
653,"(0,15)",,False,42,"[0, 3, 15, 9, 11]",3,0.023391812865497002,-434,106,9,0.209525075314548,540,1
654,"(18,12)",,False,44,"[3, 0, 15, 18, 12]",4,0.049999999999999004,-436,106,9,0.219005847953216,542,1
655,"(18,12)",,False,44,"[3, 0, 15, 18, 12]",4,0.049999999999999004,-436,106,9,0.219005847953216,542,1
656,"(1,6)",,False,44,"[18, 1, 16, 10, 6]",4,0.044834307992202005,-438,106,10,0.259189640768588,544,1
657,"(1,6)",,False,44,"[18, 1, 16, 10, 6]",4,0.044834307992202005,-438,106,10,0.259189640768588,544,1
658,"(4,19)",,False,42,"[3, 2, 4, 19, 5]",4,0.046198830409356004,-440,106,9,0.235282651072124,546,1
659,"(4,19)",,False,42,"[3, 2, 4, 19, 5]",4,0.046198830409356004,-440,106,9,0.235282651072124,546,1
660,"(16,1)",,False,44,"[7, 16, 19, 14, 1]",5,0.065302144249512,-442,106,10,0.253606237816764,548,1
661,"(16,1)",,False,44,"[7, 16, 19, 14, 1]",5,0.065302144249512,-442,106,10,0.253606237816764,548,1
662,"(18,9)",,False,44,"[19, 18, 2, 9, 17]",5,0.062475633528265004,-444,106,10,0.270467836257309,550,1
663,"(18,9)",,False,44,"[19, 18, 2, 9, 17]",5,0.062475633528265004,-444,106,10,0.270467836257309,550,1
664,"(7,13)",,False,44,"[7, 6, 13, 1, 16]",5,0.062475633528265004,-446,106,10,0.27452891487979203,552,1
665,"(7,13)",,False,44,"[7, 6, 13, 1, 16]",5,0.062475633528265004,-446,106,10,0.27452891487979203,552,1
666,"(6,1)",,False,44,"[6, 16, 1, 13, 19]",5,0.062475633528265004,-448,106,10,0.27452891487979203,554,1
667,"(6,1)",,False,44,"[6, 16, 1, 13, 19]",5,0.062475633528265004,-448,106,10,0.27452891487979203,554,1
668,"(1,14)",,True,46,"[1, 14, 7, 18, 12]",5,0.05225563909774401,-450,106,11,0.260563445651164,556,1
669,"(1,14)",,True,46,"[1, 14, 7, 18, 12]",5,0.05225563909774401,-450,106,11,0.260563445651164,556,1
670,"(19,5)",,False,46,"[19, 18, 3, 0, 5]",5,0.05341130604288401,-452,106,11,0.251364522417153,558,1
671,"(19,5)",,False,46,"[19, 18, 3, 0, 5]",5,0.05341130604288401,-452,106,11,0.251364522417153,558,1
672,8:8,assassinate,True,41,"[7, 17, 15, 8, 14]",4,0.054775828460038006,-454,106,10,0.221929824561403,560,1
673,8:8,assassinate,True,41,"[7, 17, 15, 8, 14]",4,0.054775828460038006,-454,106,10,0.221929824561403,560,1
674,"(16,15)",,False,41,"[3, 16, 11, 2, 15]",4,0.063840155945419,-456,106,9,0.181189083820662,562,1
675,"(16,15)",,False,41,"[3, 16, 11, 2, 15]",4,0.063840155945419,-456,106,9,0.181189083820662,562,1
676,"(14,18)",,True,41,"[14, 13, 18, 19, 10]",4,0.06676413255360601,-458,106,9,0.192170240415854,564,1
677,"(14,18)",,True,41,"[14, 13, 18, 19, 10]",4,0.06676413255360601,-458,106,9,0.192170240415854,564,1
678,6:16,assassinate,True,34,"[4, 2, 6, 9, 15]",4,0.046150097465886004,-460,106,8,0.230750487329434,566,1
679,6:16,assassinate,True,34,"[4, 2, 6, 9, 15]",4,0.046150097465886004,-460,106,8,0.230750487329434,566,1
680,"(16,14)",,False,36,"[16, 18, 2, 14, 10]",4,0.038603453077137,-462,106,8,0.224234196602617,568,1
681,"(16,14)",,False,36,"[16, 18, 2, 14, 10]",4,0.038603453077137,-462,106,8,0.224234196602617,568,1
682,"(6,1)",,False,36,"[13, 6, 8, 1, 10]",4,0.05526315789473601,-464,106,8,0.293372319688109,570,1
683,"(6,1)",,False,36,"[13, 6, 8, 1, 10]",4,0.05526315789473601,-464,106,8,0.293372319688109,570,1
684,"(10,9)",,False,36,"[0, 10, 3, 6, 9]",4,0.05526315789473601,-466,106,8,0.293372319688109,572,1
685,"(10,9)",,False,36,"[0, 10, 3, 6, 9]",4,0.05526315789473601,-466,106,8,0.293372319688109,572,1
686,"(10,4)",,False,36,"[10, 19, 5, 15, 4]",5,0.09561403508771901,-468,106,8,0.320565302144249,574,1
687,"(10,4)",,False,36,"[10, 19, 5, 15, 4]",5,0.09561403508771901,-468,106,8,0.320565302144249,574,1
688,16:8,assassinate,True,33,"[11, 5, 16, 14, 9]",5,0.086452241715399,-470,106,8,0.274463937621832,576,1
689,16:8,assassinate,True,33,"[11, 5, 16, 14, 9]",5,0.086452241715399,-470,106,8,0.274463937621832,576,1
690,"(8,1)",,True,33,"[10, 8, 1, 14, 13]",5,0.160577369349299,-472,106,8,0.330553234939199,578,1
691,"(8,1)",,True,33,"[10, 8, 1, 14, 13]",5,0.160577369349299,-472,106,8,0.330553234939199,578,1
692,"(1,4)",,False,35,"[0, 1, 4, 12, 9]",5,0.08937621832358601,-474,106,9,0.335380116959064,580,1
693,"(1,4)",,False,35,"[0, 1, 4, 12, 9]",5,0.08937621832358601,-474,106,9,0.335380116959064,580,1
694,"(6,16)",,False,37,"[5, 6, 2, 16, 15]",5,0.115302144249512,-476,106,9,0.35935672514619804,582,1
695,"(6,16)",,False,37,"[5, 6, 2, 16, 15]",5,0.115302144249512,-476,106,9,0.35935672514619804,582,1
696,"(10,19)",,False,37,"[10, 19, 1, 11, 7]",5,0.10942634363686901,-478,106,9,0.330604288499025,584,1
697,"(10,19)",,False,37,"[10, 19, 1, 11, 7]",5,0.10942634363686901,-478,106,9,0.330604288499025,584,1
698,"(6,1)",,False,37,"[6, 9, 10, 8, 1]",5,0.10942634363686901,-480,106,9,0.330604288499025,586,1
699,"(6,1)",,False,37,"[6, 9, 10, 8, 1]",5,0.10942634363686901,-480,106,9,0.330604288499025,586,1
700,"(0,14)",,False,37,"[0, 11, 15, 14, 18]",4,0.069883040935672,-482,106,9,0.31052631578947304,588,1
701,"(0,14)",,False,37,"[0, 11, 15, 14, 18]",4,0.069883040935672,-482,106,9,0.31052631578947304,588,1
702,"(4,12)",,False,39,"[0, 9, 4, 16, 12]",4,0.06432748538011601,-484,106,9,0.28079922027290405,590,1
703,"(4,12)",,False,39,"[0, 9, 4, 16, 12]",4,0.06432748538011601,-484,106,9,0.28079922027290405,590,1
704,"(18,12)",,False,39,"[3, 18, 12, 10, 8]",5,0.10477582846003801,-486,106,9,0.275633528265107,592,1
705,"(18,12)",,False,39,"[3, 18, 12, 10, 8]",5,0.10477582846003801,-486,106,9,0.275633528265107,592,1
706,"(12,19)",,False,39,"[13, 4, 5, 12, 19]",5,0.102631578947368,-488,106,9,0.274074074074074,594,1
707,"(12,19)",,False,39,"[13, 4, 5, 12, 19]",5,0.102631578947368,-488,106,9,0.274074074074074,594,1
708,"(10,11)",,False,37,"[10, 18, 11, 14, 12]",5,0.10945419103313801,-490,106,8,0.30204678362573,596,1
709,"(10,11)",,False,37,"[10, 18, 11, 14, 12]",5,0.10945419103313801,-490,106,8,0.30204678362573,596,1
710,"(19,2)",,False,39,"[19, 2, 14, 11, 6]",5,0.10984405458089601,-492,106,8,0.288188906609959,598,1
711,"(19,2)",,False,39,"[19, 2, 14, 11, 6]",5,0.10984405458089601,-492,106,8,0.288188906609959,598,1
712,"(1,11)",,False,39,"[10, 13, 1, 11, 3]",5,0.11452241715399601,-494,106,8,0.272789296473506,600,1
713,"(1,11)",,False,39,"[10, 13, 1, 11, 3]",5,0.11452241715399601,-494,106,8,0.272789296473506,600,1
714,"(17,19)",,False,41,"[5, 17, 19, 15, 9]",5,0.091228070175438,-496,106,8,0.21112123743702602,602,1
715,"(17,19)",,False,41,"[5, 17, 19, 15, 9]",5,0.091228070175438,-496,106,8,0.21112123743702602,602,1
716,"(12,4)",,True,41,"[14, 12, 5, 11, 4]",5,0.08927875243664701,-498,106,8,0.251545530492898,604,1
717,"(12,4)",,True,41,"[14, 12, 5, 11, 4]",5,0.08927875243664701,-498,106,8,0.251545530492898,604,1
718,"(16,1)",,True,41,"[16, 0, 1, 11, 19]",5,0.09717348927875201,-500,106,8,0.268212197159565,606,1
719,"(16,1)",,True,41,"[16, 0, 1, 11, 19]",5,0.09717348927875201,-500,106,8,0.268212197159565,606,1
720,"(9,0)",,False,41,"[9, 10, 8, 1, 0]",5,0.09717348927875201,-502,106,8,0.268212197159565,608,1
721,"(9,0)",,False,41,"[9, 10, 8, 1, 0]",5,0.09717348927875201,-502,106,8,0.268212197159565,608,1
722,"(7,10)",,False,41,"[7, 10, 3, 4, 15]",5,0.09463937621832301,-504,106,8,0.284266221108326,610,1
723,"(7,10)",,False,41,"[7, 10, 3, 4, 15]",5,0.09463937621832301,-504,106,8,0.284266221108326,610,1
724,"(0,6)",,False,41,"[4, 0, 15, 6, 3]",4,0.054408898062148006,-506,106,8,0.245984105143031,612,1
725,"(0,6)",,False,41,"[4, 0, 15, 6, 3]",4,0.054408898062148006,-506,106,8,0.245984105143031,612,1
726,"(17,3)",,False,41,"[17, 3, 11, 16, 13]",4,0.051345684472619,-508,106,7,0.13901529422685202,614,1
727,"(17,3)",,False,41,"[17, 3, 11, 16, 13]",4,0.051345684472619,-508,106,7,0.13901529422685202,614,1
728,"(1,10)",,False,43,"[15, 3, 12, 1, 10]",5,0.08475355054302401,-510,106,8,0.23213821591014502,616,1
729,"(1,10)",,False,43,"[15, 3, 12, 1, 10]",5,0.08475355054302401,-510,106,8,0.23213821591014502,616,1
730,"(4,6)",,False,45,"[8, 12, 18, 4, 6]",6,0.10037593984962401,-512,106,8,0.21672932330827002,618,1
731,"(4,6)",,False,45,"[8, 12, 18, 4, 6]",6,0.10037593984962401,-512,106,8,0.21672932330827002,618,1
732,"(5,1)",,False,45,"[16, 5, 1, 4, 0]",6,0.08057644110275601,-514,106,8,0.212023113338902,620,1
733,"(5,1)",,False,45,"[16, 5, 1, 4, 0]",6,0.08057644110275601,-514,106,8,0.212023113338902,620,1
734,"(14,16)",,False,47,"[14, 5, 12, 16, 2]",6,0.07826974844518701,-516,106,8,0.161937250533741,622,1
735,"(14,16)",,False,47,"[14, 5, 12, 16, 2]",6,0.07826974844518701,-516,106,8,0.161937250533741,622,1
736,"(19,9)",,False,47,"[18, 19, 9, 4, 10]",6,0.078095702218509,-518,106,8,0.160880209783718,624,1
737,"(19,9)",,False,47,"[18, 19, 9, 4, 10]",6,0.078095702218509,-518,106,8,0.160880209783718,624,1
738,"(16,11)",,False,47,"[16, 19, 3, 12, 11]",6,0.083343571346667,-520,106,7,0.125697003947777,626,1
739,"(16,11)",,False,47,"[16, 19, 3, 12, 11]",6,0.083343571346667,-520,106,7,0.125697003947777,626,1
740,"(7,17)",,False,49,"[12, 7, 2, 17, 8]",6,0.07856678733871701,-522,106,7,0.09619186856028901,628,1
741,"(7,17)",,False,49,"[12, 7, 2, 17, 8]",6,0.07856678733871701,-522,106,7,0.09619186856028901,628,1
742,"(1,10)",,True,51,"[13, 1, 6, 10, 15]",6,0.06695442309477301,-524,106,8,0.114348370927318,630,1
743,"(1,10)",,True,51,"[13, 1, 6, 10, 15]",6,0.06695442309477301,-524,106,8,0.114348370927318,630,1
744,"(12,1)",,False,51,"[12, 7, 0, 1, 16]",6,0.070992295553699,-524,107,8,0.130165692007797,631,1
745,"(12,1)",,False,51,"[12, 7, 0, 1, 16]",6,0.070992295553699,-524,107,8,0.130165692007797,631,1
746,"(19,17)",,False,49,"[19, 10, 14, 17, 2]",6,0.098294346978557,-526,107,8,0.13670286828181502,633,1
747,"(19,17)",,False,49,"[19, 10, 14, 17, 2]",6,0.098294346978557,-526,107,8,0.13670286828181502,633,1
748,"(4,17)",,False,49,"[12, 8, 4, 17, 11]",6,0.104344193817878,-528,107,8,0.13884711779448602,635,1
749,"(4,17)",,False,49,"[12, 8, 4, 17, 11]",6,0.104344193817878,-528,107,8,0.13884711779448602,635,1
750,"(19,8)",,False,49,"[19, 15, 8, 5, 11]",7,0.146231319038336,-528,108,8,0.16432748538011602,636,1
751,"(19,8)",,False,49,"[19, 15, 8, 5, 11]",7,0.146231319038336,-528,108,8,0.16432748538011602,636,1
752,6:6,assassinate,True,47,"[10, 14, 2, 6, 18]",6,0.077211547386985,-528,109,8,0.12478418267891901,637,1
753,6:6,assassinate,True,47,"[10, 14, 2, 6, 18]",6,0.077211547386985,-528,109,8,0.12478418267891901,637,1
754,"(19,8)",,False,47,"[10, 0, 12, 19, 8]",6,0.076459667687737,-530,109,7,0.09884433305485901,639,1
755,"(19,8)",,False,47,"[10, 0, 12, 19, 8]",6,0.076459667687737,-530,109,7,0.09884433305485901,639,1
756,"(2,1)",,False,49,"[8, 19, 14, 2, 1]",6,0.06765524923419601,-532,109,8,0.11487515084006301,641,1
757,"(2,1)",,False,49,"[8, 19, 14, 2, 1]",6,0.06765524923419601,-532,109,8,0.11487515084006301,641,1
758,"(18,2)",,False,51,"[9, 18, 8, 2, 16]",6,0.054274575327206004,-534,109,8,0.086698227049104,643,1
759,"(18,2)",,False,51,"[9, 18, 8, 2, 16]",6,0.054274575327206004,-534,109,8,0.086698227049104,643,1
760,"(6,1)",,False,53,"[9, 10, 6, 1, 13]",6,0.05906432748538001,-536,109,9,0.16142671493548602,645,1
761,"(6,1)",,False,53,"[9, 10, 6, 1, 13]",6,0.05906432748538001,-536,109,9,0.16142671493548602,645,1
762,"(8,19)",,True,53,"[8, 6, 2, 16, 19]",6,0.06065627030539301,-538,109,9,0.14191961384943802,647,1
763,"(8,19)",,True,53,"[8, 6, 2, 16, 19]",6,0.06065627030539301,-538,109,9,0.14191961384943802,647,1
764,"(9,1)",,False,54,"[9, 16, 12, 15, 1]",7,0.09010805633612601,-540,109,9,0.123526408614127,649,1
765,"(9,1)",,False,54,"[9, 16, 12, 15, 1]",7,0.09010805633612601,-540,109,9,0.123526408614127,649,1
766,17:12,assassinate,True,47,"[10, 4, 18, 0, 17]",6,0.079968439617562,-540,110,8,0.09850320245057001,650,1
767,17:12,assassinate,True,47,"[10, 4, 18, 0, 17]",6,0.079968439617562,-540,110,8,0.09850320245057001,650,1
768,"(9,13)",,False,47,"[2, 4, 16, 9, 13]",7,0.099127448250255,-540,111,8,0.11018750580154,651,1
769,"(9,13)",,False,47,"[2, 4, 16, 9, 13]",7,0.099127448250255,-540,111,8,0.11018750580154,651,1
770,"(1,17)",,True,47,"[1, 5, 13, 18, 17]",7,0.10544880720319301,-542,111,9,0.21690336953494802,653,1
771,"(1,17)",,True,47,"[1, 5, 13, 18, 17]",7,0.10544880720319301,-542,111,9,0.21690336953494802,653,1
772,"(6,11)",,True,47,"[6, 11, 2, 10, 15]",7,0.09695535134131601,-544,111,8,0.184878863826232,655,1
773,"(6,11)",,True,47,"[6, 11, 2, 10, 15]",7,0.09695535134131601,-544,111,8,0.184878863826232,655,1
774,13:8,assassinate,True,44,"[13, 5, 4, 2, 16]",6,0.05418175067297801,-546,111,8,0.17122899842198,657,1
775,13:8,assassinate,True,44,"[13, 5, 4, 2, 16]",6,0.05418175067297801,-546,111,8,0.17122899842198,657,1
776,"(11,2)",,False,44,"[12, 6, 11, 2, 17]",6,0.054669080107676,-548,111,8,0.172366100436275,659,1
777,"(11,2)",,False,44,"[12, 6, 11, 2, 17]",6,0.054669080107676,-548,111,8,0.172366100436275,659,1
778,"(12,13)",,False,46,"[9, 12, 16, 6, 13]",6,0.055467794064285,-550,111,8,0.190209952490654,661,1
779,"(12,13)",,False,46,"[9, 12, 16, 6, 13]",6,0.055467794064285,-550,111,8,0.190209952490654,661,1
780,"(14,2)",,True,46,"[8, 6, 11, 14, 2]",6,0.05406150055272801,-552,111,7,0.171364227065981,663,1
781,"(14,2)",,True,46,"[8, 6, 11, 14, 2]",6,0.05406150055272801,-552,111,7,0.171364227065981,663,1
782,"(12,7)",,False,46,"[10, 13, 12, 7, 6]",7,0.09987932794950301,-554,111,7,0.17100389863547702,665,1
783,"(12,7)",,False,46,"[10, 13, 12, 7, 6]",7,0.09987932794950301,-554,111,7,0.17100389863547702,665,1
784,"(12,18)",,False,46,"[12, 18, 3, 9, 8]",7,0.09377146570129001,-556,111,7,0.26999675113710203,667,1
785,"(12,18)",,False,46,"[12, 18, 3, 9, 8]",7,0.09377146570129001,-556,111,7,0.26999675113710203,667,1
786,"(0,2)",,False,44,"[14, 8, 0, 2, 15]",6,0.084122342894272,-558,111,6,0.258593242365172,669,1
787,"(0,2)",,False,44,"[14, 8, 0, 2, 15]",6,0.084122342894272,-558,111,6,0.258593242365172,669,1
788,15:16,assassinate,True,37,"[12, 11, 1, 15, 9]",6,0.094783254432377,-560,111,6,0.256520931959528,671,1
789,15:16,assassinate,True,37,"[12, 11, 1, 15, 9]",6,0.094783254432377,-560,111,6,0.256520931959528,671,1
790,"(7,16)",,False,39,"[6, 11, 17, 7, 16]",6,0.10274760976515301,-562,111,6,0.17132646430892,673,1
791,"(7,16)",,False,39,"[6, 11, 17, 7, 16]",6,0.10274760976515301,-562,111,6,0.17132646430892,673,1
792,"(8,15)",,False,39,"[2, 8, 5, 15, 13]",6,0.126496797549429,-562,112,5,0.14202172096908902,674,1
793,"(8,15)",,False,39,"[2, 8, 5, 15, 13]",6,0.126496797549429,-562,112,5,0.14202172096908902,674,1
794,"(17,3)",,False,41,"[17, 5, 4, 8, 3]",7,0.14195210247841802,-560,114,5,0.10825675299359501,674,1
795,"(17,3)",,False,41,"[17, 5, 4, 8, 3]",7,0.14195210247841802,-560,114,5,0.10825675299359501,674,1
796,"(1,6)",,True,41,"[11, 1, 6, 17, 9]",7,0.150724032302979,-560,115,6,0.164021164021164,675,1
797,"(1,6)",,True,41,"[11, 1, 6, 17, 9]",7,0.150724032302979,-560,115,6,0.164021164021164,675,1
798,"(1,3)",,False,43,"[5, 19, 6, 1, 3]",7,0.133969182214796,-560,116,7,0.17597233825304,676,1
799,"(1,3)",,False,43,"[5, 19, 6, 1, 3]",7,0.133969182214796,-560,116,7,0.17597233825304,676,1
