,actionDetail,actionType,bonusActivated,graphEdgeCount,nodeList,p1Degree,p1Score,p1WinAdvantage,p1WinCount,p2Degree,p2Score,p2WinCount,player
0,"(14,9)",,True,2,"[14, 9, 15, 11, 0]",0,-0.001,0,0,0,-0.001,0,1
1,"(14,9)",,True,2,"[14, 9, 15, 11, 0]",0,-0.001,0,0,0,-0.001,0,1
2,"(12,19)",,True,4,"[0, 12, 19, 4, 9]",0,-0.001,0,0,0,-0.001,0,1
3,"(12,19)",,True,4,"[0, 12, 19, 4, 9]",0,-0.001,0,0,0,-0.001,0,1
4,"(19,2)",,True,6,"[19, 0, 2, 12, 9]",0,-0.001,0,0,0,-0.001,0,1
5,"(19,2)",,True,6,"[19, 0, 2, 12, 9]",0,-0.001,0,0,0,-0.001,0,1
6,"(17,5)",,True,8,"[17, 5, 18, 7, 11]",0,-0.001,0,0,0,-0.001,0,1
7,"(17,5)",,True,8,"[17, 5, 18, 7, 11]",0,-0.001,0,0,0,-0.001,0,1
8,17:2,assassinate,True,9,"[1, 16, 17, 8, 15]",2,0.08187134502923901,2,2,0,-0.001,0,1
9,17:2,assassinate,True,9,"[1, 16, 17, 8, 15]",2,0.08187134502923901,2,2,0,-0.001,0,1
10,"(4,1)",,True,11,"[4, 14, 1, 8, 11]",3,0.105263157894736,4,4,2,0.035087719298245,0,1
11,"(4,1)",,True,11,"[4, 14, 1, 8, 11]",3,0.105263157894736,4,4,2,0.035087719298245,0,1
12,19:10,assassinate,True,8,"[3, 7, 8, 19, 15]",3,0.09356725146198801,6,6,2,0.05847953216374201,0,1
13,19:10,assassinate,True,8,"[3, 7, 8, 19, 15]",3,0.09356725146198801,6,6,2,0.05847953216374201,0,1
14,5:2,assassinate,True,8,"[3, 6, 11, 5, 7]",4,0.09941520467836201,8,8,2,0.05847953216374201,0,1
15,5:2,assassinate,True,8,"[3, 6, 11, 5, 7]",4,0.09941520467836201,8,8,2,0.05847953216374201,0,1
16,"(17,7)",,True,11,"[17, 7, 4, 11, 15]",4,0.228070175438596,10,10,2,0.140350877192982,0,1
17,"(17,7)",,True,11,"[17, 7, 4, 11, 15]",4,0.228070175438596,10,10,2,0.140350877192982,0,1
18,16:8,assassinate,True,9,"[18, 15, 14, 16, 13]",4,0.157894736842105,12,12,2,0.105263157894736,0,1
19,16:8,assassinate,True,9,"[18, 15, 14, 16, 13]",4,0.157894736842105,12,12,2,0.105263157894736,0,1
20,10:6,assassinate,True,8,"[2, 10, 15, 19, 3]",4,0.122807017543859,14,14,2,0.087719298245614,0,1
21,10:6,assassinate,True,8,"[2, 10, 15, 19, 3]",4,0.122807017543859,14,14,2,0.087719298245614,0,1
22,9:4,assassinate,True,8,"[3, 10, 9, 6, 11]",3,0.046783625730994004,16,16,2,0.011695906432748001,0,1
23,9:4,assassinate,True,8,"[3, 10, 9, 6, 11]",3,0.046783625730994004,16,16,2,0.011695906432748001,0,1
24,"(0,1)",,True,7,"[0, 8, 11, 1, 18]",2,0.05847953216374201,18,18,0,-0.001,0,1
25,"(0,1)",,True,7,"[0, 8, 11, 1, 18]",2,0.05847953216374201,18,18,0,-0.001,0,1
26,"(4,18)",,True,10,"[11, 4, 18, 13, 10]",2,0.023391812865497002,20,20,0,-0.001,0,1
27,"(4,18)",,True,10,"[11, 4, 18, 13, 10]",2,0.023391812865497002,20,20,0,-0.001,0,1
28,12:4,assassinate,True,10,"[14, 15, 19, 12, 4]",3,0.070175438596491,22,22,0,-0.001,0,1
29,12:4,assassinate,True,10,"[14, 15, 19, 12, 4]",3,0.070175438596491,22,22,0,-0.001,0,1
30,5:2,assassinate,True,11,"[11, 9, 4, 5, 13]",4,0.122807017543859,24,24,0,-0.001,0,1
31,5:2,assassinate,True,11,"[11, 9, 4, 5, 13]",4,0.122807017543859,24,24,0,-0.001,0,1
32,7:6,assassinate,True,8,"[7, 11, 5, 17, 4]",4,0.07602339181286501,26,26,0,-0.001,0,1
33,7:6,assassinate,True,8,"[7, 11, 5, 17, 4]",4,0.07602339181286501,26,26,0,-0.001,0,1
34,"(7,14)",,True,11,"[7, 14, 3, 16, 0]",6,0.23391812865497003,28,28,0,-0.001,0,1
35,"(7,14)",,True,11,"[7, 14, 3, 16, 0]",6,0.23391812865497003,28,28,0,-0.001,0,1
36,4:4,assassinate,True,11,"[4, 19, 3, 18, 15]",6,0.280701754385964,30,30,0,-0.001,0,1
37,4:4,assassinate,True,11,"[4, 19, 3, 18, 15]",6,0.280701754385964,30,30,0,-0.001,0,1
38,11:6,assassinate,True,10,"[7, 11, 15, 12, 2]",5,0.22222222222222202,32,32,0,-0.001,0,1
39,11:6,assassinate,True,10,"[7, 11, 15, 12, 2]",5,0.22222222222222202,32,32,0,-0.001,0,1
40,9:6,assassinate,True,9,"[9, 2, 12, 6, 5]",4,0.16959064327485301,34,34,0,-0.001,0,1
41,9:6,assassinate,True,9,"[9, 2, 12, 6, 5]",4,0.16959064327485301,34,34,0,-0.001,0,1
42,10:4,assassinate,True,7,"[7, 19, 3, 17, 10]",3,0.070175438596491,36,36,0,-0.001,0,1
43,10:4,assassinate,True,7,"[7, 19, 3, 17, 10]",3,0.070175438596491,36,36,0,-0.001,0,1
44,"(15,12)",,True,10,"[15, 12, 14, 5, 18]",3,0.11695906432748501,38,38,0,-0.001,0,1
45,"(15,12)",,True,10,"[15, 12, 14, 5, 18]",3,0.11695906432748501,38,38,0,-0.001,0,1
46,8:4,assassinate,True,10,"[3, 5, 1, 8, 15]",2,0.11695906432748501,40,40,0,-0.001,0,1
47,8:4,assassinate,True,10,"[3, 5, 1, 8, 15]",2,0.11695906432748501,40,40,0,-0.001,0,1
48,12:4,assassinate,True,10,"[14, 18, 12, 8, 5]",3,0.16959064327485301,42,42,0,-0.001,0,1
49,12:4,assassinate,True,10,"[14, 18, 12, 8, 5]",3,0.16959064327485301,42,42,0,-0.001,0,1
50,5:2,assassinate,True,11,"[8, 5, 11, 7, 10]",5,0.251461988304093,44,44,1,0.0,0,1
51,5:2,assassinate,True,11,"[8, 5, 11, 7, 10]",5,0.251461988304093,44,44,1,0.0,0,1
52,4:4,assassinate,True,10,"[12, 4, 14, 7, 5]",5,0.15204678362573001,46,46,1,0.0,0,1
53,4:4,assassinate,True,10,"[12, 4, 14, 7, 5]",5,0.15204678362573001,46,46,1,0.0,0,1
54,13:6,assassinate,True,9,"[18, 17, 19, 1, 13]",7,0.157894736842105,48,48,1,0.0,0,1
55,13:6,assassinate,True,9,"[18, 17, 19, 1, 13]",7,0.157894736842105,48,48,1,0.0,0,1
56,8:6,assassinate,True,8,"[10, 8, 2, 17, 13]",6,0.11695906432748501,50,50,1,0.0,0,1
57,8:6,assassinate,True,8,"[10, 8, 2, 17, 13]",6,0.11695906432748501,50,50,1,0.0,0,1
58,14:2,assassinate,True,9,"[14, 10, 9, 4, 15]",6,0.14619883040935602,52,52,1,0.0,0,1
59,14:2,assassinate,True,9,"[14, 10, 9, 4, 15]",6,0.14619883040935602,52,52,1,0.0,0,1
60,6:4,assassinate,True,8,"[12, 6, 13, 2, 3]",5,0.08187134502923901,54,54,1,0.0,0,1
61,6:4,assassinate,True,8,"[12, 6, 13, 2, 3]",5,0.08187134502923901,54,54,1,0.0,0,1
62,"(6,5)",,True,11,"[6, 5, 14, 13, 10]",7,0.157894736842105,56,56,1,0.0,0,1
63,"(6,5)",,True,11,"[6, 5, 14, 13, 10]",7,0.157894736842105,56,56,1,0.0,0,1
64,"(14,10)",,True,14,"[14, 10, 15, 13, 11]",9,0.309941520467836,58,58,1,0.0,0,1
65,"(14,10)",,True,14,"[14, 10, 15, 13, 11]",9,0.309941520467836,58,58,1,0.0,0,1
66,19:4,assassinate,True,14,"[16, 18, 19, 9, 12]",10,0.502923976608187,60,60,1,0.0,0,1
67,19:4,assassinate,True,14,"[16, 18, 19, 9, 12]",10,0.502923976608187,60,60,1,0.0,0,1
68,5:4,assassinate,True,12,"[12, 5, 15, 7, 17]",9,0.36257309941520405,62,62,1,0.0,0,1
69,5:4,assassinate,True,12,"[12, 5, 15, 7, 17]",9,0.36257309941520405,62,62,1,0.0,0,1
70,10:4,assassinate,True,11,"[10, 7, 1, 16, 6]",9,0.309941520467836,64,64,1,0.0,0,1
71,10:4,assassinate,True,11,"[10, 7, 1, 16, 6]",9,0.309941520467836,64,64,1,0.0,0,1
72,"(1,19)",,True,14,"[1, 13, 2, 19, 11]",9,0.415204678362573,66,66,2,0.05847953216374201,0,1
73,"(1,19)",,True,14,"[1, 13, 2, 19, 11]",9,0.415204678362573,66,66,2,0.05847953216374201,0,1
74,"(0,18)",,True,13,"[0, 18, 5, 19, 12]",8,0.350877192982456,68,68,1,0.0,0,1
75,"(0,18)",,True,13,"[0, 18, 5, 19, 12]",8,0.350877192982456,68,68,1,0.0,0,1
76,17:4,assassinate,True,13,"[0, 16, 11, 17, 6]",8,0.350877192982456,70,70,1,0.0,0,1
77,17:4,assassinate,True,13,"[0, 16, 11, 17, 6]",8,0.350877192982456,70,70,1,0.0,0,1
78,2:4,assassinate,True,13,"[5, 17, 2, 18, 14]",7,0.33333333333333304,72,72,1,0.0,0,1
79,2:4,assassinate,True,13,"[5, 17, 2, 18, 14]",7,0.33333333333333304,72,72,1,0.0,0,1
80,"(0,7)",,True,14,"[0, 13, 7, 2, 19]",8,0.345029239766081,74,74,1,0.0,0,1
81,"(0,7)",,True,14,"[0, 13, 7, 2, 19]",8,0.345029239766081,74,74,1,0.0,0,1
82,10:2,assassinate,True,13,"[10, 8, 19, 13, 17]",7,0.280701754385964,76,76,1,0.0,0,1
83,10:2,assassinate,True,13,"[10, 8, 19, 13, 17]",7,0.280701754385964,76,76,1,0.0,0,1
84,9:6,assassinate,True,12,"[9, 16, 7, 18, 19]",6,0.22222222222222202,78,78,1,0.0,0,1
85,9:6,assassinate,True,12,"[9, 16, 7, 18, 19]",6,0.22222222222222202,78,78,1,0.0,0,1
86,2:4,assassinate,True,12,"[6, 14, 2, 11, 8]",6,0.22222222222222202,80,80,1,0.0,0,1
87,2:4,assassinate,True,12,"[6, 14, 2, 11, 8]",6,0.22222222222222202,80,80,1,0.0,0,1
88,3:4,assassinate,True,11,"[8, 18, 3, 2, 11]",5,0.11111111111111101,82,82,1,0.0,0,1
89,3:4,assassinate,True,11,"[8, 18, 3, 2, 11]",5,0.11111111111111101,82,82,1,0.0,0,1
90,15:2,assassinate,True,12,"[9, 19, 11, 15, 0]",5,0.19883040935672502,84,84,1,0.0,0,1
91,15:2,assassinate,True,12,"[9, 19, 11, 15, 0]",5,0.19883040935672502,84,84,1,0.0,0,1
92,"(0,4)",,True,13,"[2, 3, 0, 4, 10]",4,0.14619883040935602,86,86,1,0.0,0,1
93,"(0,4)",,True,13,"[2, 3, 0, 4, 10]",4,0.14619883040935602,86,86,1,0.0,0,1
94,4:4,assassinate,True,12,"[11, 15, 9, 18, 4]",4,0.14619883040935602,88,88,1,0.0,0,1
95,4:4,assassinate,True,12,"[11, 15, 9, 18, 4]",4,0.14619883040935602,88,88,1,0.0,0,1
96,"(0,8)",,True,12,"[3, 0, 13, 8, 2]",3,0.07602339181286501,90,90,1,0.0,0,1
97,"(0,8)",,True,12,"[3, 0, 13, 8, 2]",3,0.07602339181286501,90,90,1,0.0,0,1
98,"(0,12)",,True,13,"[3, 0, 12, 9, 17]",2,0.040935672514619006,92,92,1,0.0,0,1
99,"(0,12)",,True,13,"[3, 0, 12, 9, 17]",2,0.040935672514619006,92,92,1,0.0,0,1
100,"(7,1)",,True,16,"[7, 19, 1, 0, 2]",4,0.39181286549707606,94,94,2,0.15204678362573001,0,1
101,"(7,1)",,True,16,"[7, 19, 1, 0, 2]",4,0.39181286549707606,94,94,2,0.15204678362573001,0,1
102,"(3,0)",,True,16,"[11, 8, 3, 6, 0]",3,0.350877192982456,96,96,2,0.134502923976608,0,1
103,"(3,0)",,True,16,"[11, 8, 3, 6, 0]",3,0.350877192982456,96,96,2,0.134502923976608,0,1
104,"(5,16)",,True,17,"[5, 16, 4, 6, 11]",3,0.134502923976608,98,98,1,0.0,0,1
105,"(5,16)",,True,17,"[5, 16, 4, 6, 11]",3,0.134502923976608,98,98,1,0.0,0,1
106,14:4,assassinate,True,17,"[14, 12, 10, 11, 18]",4,0.155945419103313,100,100,1,0.0,0,1
107,14:4,assassinate,True,17,"[14, 12, 10, 11, 18]",4,0.155945419103313,100,100,1,0.0,0,1
108,6:6,assassinate,True,16,"[15, 17, 6, 4, 3]",3,0.087719298245614,102,102,1,0.0,0,1
109,6:6,assassinate,True,16,"[15, 17, 6, 4, 3]",3,0.087719298245614,102,102,1,0.0,0,1
110,14:4,assassinate,True,16,"[14, 15, 4, 18, 16]",4,0.16959064327485301,104,104,1,0.0,0,1
111,14:4,assassinate,True,16,"[14, 15, 4, 18, 16]",4,0.16959064327485301,104,104,1,0.0,0,1
112,17:6,assassinate,True,15,"[14, 17, 8, 15, 18]",3,0.125730994152046,106,106,1,0.0,0,1
113,17:6,assassinate,True,15,"[14, 17, 8, 15, 18]",3,0.125730994152046,106,106,1,0.0,0,1
114,12:4,assassinate,True,15,"[14, 10, 19, 6, 12]",5,0.23391812865497003,108,108,1,0.0,0,1
115,12:4,assassinate,True,15,"[14, 10, 19, 6, 12]",5,0.23391812865497003,108,108,1,0.0,0,1
116,"(0,3)",,True,14,"[0, 16, 3, 17, 11]",4,0.09941520467836201,110,110,1,0.0,0,1
117,"(0,3)",,True,14,"[0, 16, 3, 17, 11]",4,0.09941520467836201,110,110,1,0.0,0,1
118,"(11,0)",,True,15,"[11, 15, 12, 0, 9]",5,0.36257309941520405,112,112,1,0.0,0,1
119,"(11,0)",,True,15,"[11, 15, 12, 0, 9]",5,0.36257309941520405,112,112,1,0.0,0,1
120,2:6,assassinate,True,14,"[16, 8, 19, 2, 11]",5,0.26315789473684204,114,114,1,0.0,0,1
121,2:6,assassinate,True,14,"[16, 8, 19, 2, 11]",5,0.26315789473684204,114,114,1,0.0,0,1
122,6:2,assassinate,True,15,"[17, 6, 18, 2, 10]",6,0.33918128654970703,116,116,1,0.0,0,1
123,6:2,assassinate,True,15,"[17, 6, 18, 2, 10]",6,0.33918128654970703,116,116,1,0.0,0,1
124,"(2,0)",,True,16,"[2, 9, 6, 1, 0]",7,0.421052631578947,118,118,1,0.0,0,1
125,"(2,0)",,True,16,"[2, 9, 6, 1, 0]",7,0.421052631578947,118,118,1,0.0,0,1
126,8:8,assassinate,True,14,"[8, 1, 15, 4, 18]",8,0.276803118908382,120,120,2,0.022417153996101002,0,1
127,8:8,assassinate,True,14,"[8, 1, 15, 4, 18]",8,0.276803118908382,120,120,2,0.022417153996101002,0,1
128,"(19,0)",,True,14,"[12, 19, 0, 8, 10]",7,0.218323586744639,122,122,2,0.019493177387914,0,1
129,"(19,0)",,True,14,"[12, 19, 0, 8, 10]",7,0.218323586744639,122,122,2,0.019493177387914,0,1
130,10:6,assassinate,True,13,"[14, 10, 11, 17, 19]",6,0.16569200779727,124,124,2,0.016569200779727,0,1
131,10:6,assassinate,True,13,"[14, 10, 11, 17, 19]",6,0.16569200779727,124,124,2,0.016569200779727,0,1
132,5:4,assassinate,True,13,"[1, 8, 11, 2, 5]",8,0.242690058479532,126,126,2,0.023391812865497002,0,1
133,5:4,assassinate,True,13,"[1, 8, 11, 2, 5]",8,0.242690058479532,126,126,2,0.023391812865497002,0,1
134,17:4,assassinate,True,13,"[10, 12, 17, 5, 13]",8,0.286549707602339,128,128,2,0.023391812865497002,0,1
135,17:4,assassinate,True,13,"[10, 12, 17, 5, 13]",8,0.286549707602339,128,128,2,0.023391812865497002,0,1
136,3:4,assassinate,True,13,"[12, 14, 3, 13, 8]",9,0.23391812865497003,130,130,2,0.0,0,1
137,3:4,assassinate,True,13,"[12, 14, 3, 13, 8]",9,0.23391812865497003,130,130,2,0.0,0,1
138,"(0,18)",,True,13,"[9, 11, 13, 0, 18]",8,0.18128654970760202,132,132,2,0.0,0,1
139,"(0,18)",,True,13,"[9, 11, 13, 0, 18]",8,0.18128654970760202,132,132,2,0.0,0,1
140,16:6,assassinate,True,12,"[18, 14, 8, 17, 16]",7,0.19298245614035,134,134,2,0.0,0,1
141,16:6,assassinate,True,12,"[18, 14, 8, 17, 16]",7,0.19298245614035,134,134,2,0.0,0,1
142,10:4,assassinate,True,12,"[17, 11, 10, 6, 16]",6,0.22222222222222202,136,136,2,0.0,0,1
143,10:4,assassinate,True,12,"[17, 11, 10, 6, 16]",6,0.22222222222222202,136,136,2,0.0,0,1
144,9:6,assassinate,True,11,"[4, 16, 9, 12, 15]",7,0.143274853801169,138,138,2,0.0,0,1
145,9:6,assassinate,True,11,"[4, 16, 9, 12, 15]",7,0.143274853801169,138,138,2,0.0,0,1
146,14:2,assassinate,True,12,"[14, 8, 19, 15, 10]",8,0.23684210526315702,140,140,2,0.0,0,1
147,14:2,assassinate,True,12,"[14, 8, 19, 15, 10]",8,0.23684210526315702,140,140,2,0.0,0,1
148,3:2,assassinate,True,13,"[3, 7, 10, 4, 15]",8,0.283625730994152,142,142,2,0.0,0,1
149,3:2,assassinate,True,13,"[3, 7, 10, 4, 15]",8,0.283625730994152,142,142,2,0.0,0,1
150,"(17,0)",,True,14,"[19, 16, 17, 12, 0]",9,0.347953216374269,144,144,2,0.0,0,1
151,"(17,0)",,True,14,"[19, 16, 17, 12, 0]",9,0.347953216374269,144,144,2,0.0,0,1
152,7:4,assassinate,True,14,"[5, 7, 14, 2, 8]",8,0.40643274853801103,146,146,1,0.0,0,1
153,7:4,assassinate,True,14,"[5, 7, 14, 2, 8]",8,0.40643274853801103,146,146,1,0.0,0,1
154,1:2,assassinate,True,15,"[1, 17, 11, 10, 19]",7,0.47076023391812805,148,148,0,-0.001,0,1
155,1:2,assassinate,True,15,"[1, 17, 11, 10, 19]",7,0.47076023391812805,148,148,0,-0.001,0,1
156,"(0,18)",,True,16,"[14, 0, 5, 18, 17]",6,0.383040935672514,150,150,0,-0.001,0,1
157,"(0,18)",,True,16,"[14, 0, 5, 18, 17]",6,0.383040935672514,150,150,0,-0.001,0,1
158,4:4,assassinate,True,16,"[16, 13, 4, 1, 12]",5,0.207602339181286,152,152,0,-0.001,0,1
159,4:4,assassinate,True,16,"[16, 13, 4, 1, 12]",5,0.207602339181286,152,152,0,-0.001,0,1
160,12:6,assassinate,True,15,"[12, 16, 2, 8, 19]",4,0.143274853801169,154,154,0,-0.001,0,1
161,12:6,assassinate,True,15,"[12, 16, 2, 8, 19]",4,0.143274853801169,154,154,0,-0.001,0,1
162,13:6,assassinate,True,14,"[13, 11, 4, 10, 5]",5,0.207602339181286,156,156,0,-0.001,0,1
163,13:6,assassinate,True,14,"[13, 11, 4, 10, 5]",5,0.207602339181286,156,156,0,-0.001,0,1
164,9:2,assassinate,True,15,"[14, 10, 9, 17, 11]",4,0.19590643274853803,158,158,0,-0.001,0,1
165,9:2,assassinate,True,15,"[14, 10, 9, 17, 11]",4,0.19590643274853803,158,158,0,-0.001,0,1
166,7:6,assassinate,True,14,"[1, 17, 5, 7, 11]",4,0.19590643274853803,160,160,0,-0.001,0,1
167,7:6,assassinate,True,14,"[1, 17, 5, 7, 11]",4,0.19590643274853803,160,160,0,-0.001,0,1
168,17:4,assassinate,True,12,"[17, 7, 3, 2, 15]",3,0.16666666666666602,162,162,0,-0.001,0,1
169,17:4,assassinate,True,12,"[17, 7, 3, 2, 15]",3,0.16666666666666602,162,162,0,-0.001,0,1
170,"(2,14)",,True,15,"[2, 15, 6, 17, 14]",3,0.06432748538011601,164,164,0,-0.001,0,1
171,"(2,14)",,True,15,"[2, 15, 6, 17, 14]",3,0.06432748538011601,164,164,0,-0.001,0,1
172,"(18,11)",,True,16,"[18, 8, 11, 4, 15]",3,0.079922027290448,166,166,0,-0.001,0,1
173,"(18,11)",,True,16,"[18, 8, 11, 4, 15]",3,0.079922027290448,166,166,0,-0.001,0,1
174,"(11,8)",,True,17,"[11, 15, 2, 4, 8]",3,0.048732943469785,168,168,0,-0.001,0,1
175,"(11,8)",,True,17,"[11, 15, 2, 4, 8]",3,0.048732943469785,168,168,0,-0.001,0,1
176,10:4,assassinate,True,15,"[18, 5, 4, 1, 10]",2,0.016569200779727,170,170,0,-0.001,0,1
177,10:4,assassinate,True,15,"[18, 5, 4, 1, 10]",2,0.016569200779727,170,170,0,-0.001,0,1
178,5:2,assassinate,True,16,"[9, 11, 10, 2, 5]",4,0.14619883040935602,172,172,0,-0.001,0,1
179,5:2,assassinate,True,16,"[9, 11, 10, 2, 5]",4,0.14619883040935602,172,172,0,-0.001,0,1
180,8:8,assassinate,True,14,"[7, 16, 6, 10, 8]",3,0.11111111111111101,174,174,0,-0.001,0,1
181,8:8,assassinate,True,14,"[7, 16, 6, 10, 8]",3,0.11111111111111101,174,174,0,-0.001,0,1
182,"(6,13)",,True,15,"[5, 8, 7, 6, 13]",3,0.11111111111111101,176,176,1,0.0,0,1
183,"(6,13)",,True,15,"[5, 8, 7, 6, 13]",3,0.11111111111111101,176,176,1,0.0,0,1
184,4:4,assassinate,True,14,"[4, 7, 12, 16, 14]",2,0.017543859649122,178,178,1,0.0,0,1
185,4:4,assassinate,True,14,"[4, 7, 12, 16, 14]",2,0.017543859649122,178,178,1,0.0,0,1
186,"(2,0)",,True,14,"[13, 3, 2, 10, 0]",1,0.0,179,179,1,0.0,0,1
187,"(2,0)",,True,14,"[13, 3, 2, 10, 0]",1,0.0,179,179,1,0.0,0,1
188,"(4,9)",,True,16,"[4, 9, 19, 2, 6]",1,0.0,179,179,1,0.0,0,1
189,"(4,9)",,True,16,"[4, 9, 19, 2, 6]",1,0.0,179,179,1,0.0,0,1
190,18:8,assassinate,True,13,"[2, 7, 18, 10, 8]",0,-0.001,178,179,1,0.0,1,1
191,18:8,assassinate,True,13,"[2, 7, 18, 10, 8]",0,-0.001,178,179,1,0.0,1,1
192,"(17,7)",,True,15,"[17, 7, 6, 13, 2]",0,-0.001,176,179,1,0.0,3,1
193,"(17,7)",,True,15,"[17, 7, 6, 13, 2]",0,-0.001,176,179,1,0.0,3,1
194,"(8,15)",,True,17,"[8, 15, 9, 18, 10]",0,-0.001,174,179,1,0.0,5,1
195,"(8,15)",,True,17,"[8, 15, 9, 18, 10]",0,-0.001,174,179,1,0.0,5,1
196,"(17,10)",,True,19,"[17, 10, 4, 7, 12]",0,-0.001,172,179,1,0.0,7,1
197,"(17,10)",,True,19,"[17, 10, 4, 7, 12]",0,-0.001,172,179,1,0.0,7,1
198,"(11,1)",,True,19,"[11, 4, 6, 7, 1]",0,-0.001,171,179,1,0.0,8,1
199,"(11,1)",,True,19,"[11, 4, 6, 7, 1]",0,-0.001,171,179,1,0.0,8,1
200,"(14,6)",,True,19,"[14, 6, 16, 19, 18]",0,-0.001,169,179,1,0.0,10,1
201,"(14,6)",,True,19,"[14, 6, 16, 19, 18]",0,-0.001,169,179,1,0.0,10,1
202,"(14,9)",,True,21,"[14, 9, 19, 3, 16]",0,-0.001,167,179,1,0.0,12,1
203,"(14,9)",,True,21,"[14, 9, 19, 3, 16]",0,-0.001,167,179,1,0.0,12,1
204,"(16,18)",,True,23,"[0, 16, 18, 9, 19]",0,-0.001,165,179,1,0.0,14,1
205,"(16,18)",,True,23,"[0, 16, 18, 9, 19]",0,-0.001,165,179,1,0.0,14,1
206,"(1,10)",,True,25,"[4, 1, 13, 10, 6]",0,-0.001,163,179,2,0.07456140350877101,16,1
207,"(1,10)",,True,25,"[4, 1, 13, 10, 6]",0,-0.001,163,179,2,0.07456140350877101,16,1
208,3:4,assassinate,True,25,"[3, 18, 1, 5, 2]",0,-0.001,161,179,2,0.09356725146198801,18,1
209,3:4,assassinate,True,25,"[3, 18, 1, 5, 2]",0,-0.001,161,179,2,0.09356725146198801,18,1
210,"(3,11)",,True,25,"[10, 3, 0, 19, 11]",0,-0.001,159,179,2,0.175438596491228,20,1
211,"(3,11)",,True,25,"[10, 3, 0, 19, 11]",0,-0.001,159,179,2,0.175438596491228,20,1
212,14:12,assassinate,True,21,"[4, 10, 14, 12, 5]",1,0.0,157,179,2,0.175438596491228,22,1
213,14:12,assassinate,True,21,"[4, 10, 14, 12, 5]",1,0.0,157,179,2,0.175438596491228,22,1
214,"(1,4)",,True,24,"[5, 1, 12, 6, 4]",1,0.0,155,179,3,0.07426900584795301,24,1
215,"(1,4)",,True,24,"[5, 1, 12, 6, 4]",1,0.0,155,179,3,0.07426900584795301,24,1
216,13:10,assassinate,True,21,"[6, 10, 12, 13, 1]",1,0.0,153,179,3,0.13157894736842102,26,1
217,13:10,assassinate,True,21,"[6, 10, 12, 13, 1]",1,0.0,153,179,3,0.13157894736842102,26,1
218,"(9,16)",,True,23,"[2, 9, 16, 15, 7]",1,0.0,151,179,3,0.32358674463937603,28,1
219,"(9,16)",,True,23,"[2, 9, 16, 15, 7]",1,0.0,151,179,3,0.32358674463937603,28,1
220,16:10,assassinate,True,20,"[1, 5, 17, 16, 7]",0,-0.001,149,179,3,0.130604288499025,30,1
221,16:10,assassinate,True,20,"[1, 5, 17, 16, 7]",0,-0.001,149,179,3,0.130604288499025,30,1
222,"(1,15)",,True,20,"[1, 8, 12, 15, 3]",0,-0.001,147,179,4,0.172027290448343,32,1
223,"(1,15)",,True,20,"[1, 8, 12, 15, 3]",0,-0.001,147,179,4,0.172027290448343,32,1
224,"(16,8)",,True,21,"[5, 16, 2, 8, 3]",0,-0.001,145,179,3,0.166374269005847,34,1
225,"(16,8)",,True,21,"[5, 16, 2, 8, 3]",0,-0.001,145,179,3,0.166374269005847,34,1
226,"(13,4)",,True,24,"[13, 7, 10, 4, 15]",2,0.09356725146198801,143,179,3,0.271637426900584,36,1
227,"(13,4)",,True,24,"[13, 7, 10, 4, 15]",2,0.09356725146198801,143,179,3,0.271637426900584,36,1
228,3:6,assassinate,True,23,"[19, 13, 3, 17, 15]",2,0.087719298245614,145,181,3,0.021539961013645,36,1
229,3:6,assassinate,True,23,"[19, 13, 3, 17, 15]",2,0.087719298245614,145,181,3,0.021539961013645,36,1
230,"(1,18)",,True,26,"[5, 6, 16, 1, 18]",2,0.09356725146198801,147,183,4,0.056432748538011,36,1
231,"(1,18)",,True,26,"[5, 6, 16, 1, 18]",2,0.09356725146198801,147,183,4,0.056432748538011,36,1
232,"(14,1)",,True,29,"[19, 0, 14, 10, 1]",2,0.027290448343079,147,184,5,0.206335282651072,37,1
233,"(14,1)",,True,29,"[19, 0, 14, 10, 1]",2,0.027290448343079,147,184,5,0.206335282651072,37,1
234,12:10,assassinate,True,24,"[10, 11, 12, 16, 8]",1,0.0,145,184,5,0.22329434697855702,39,1
235,12:10,assassinate,True,24,"[10, 11, 12, 16, 8]",1,0.0,145,184,5,0.22329434697855702,39,1
236,"(1,16)",,True,23,"[12, 1, 16, 17, 5]",1,0.0,143,184,4,0.25730994152046704,41,1
237,"(1,16)",,True,23,"[12, 1, 16, 17, 5]",1,0.0,143,184,4,0.25730994152046704,41,1
238,"(15,4)",,True,24,"[15, 5, 4, 16, 17]",1,0.0,141,184,4,0.162962962962962,43,1
239,"(15,4)",,True,24,"[15, 5, 4, 16, 17]",1,0.0,141,184,4,0.162962962962962,43,1
240,"(9,1)",,True,25,"[9, 4, 3, 5, 1]",1,0.0,139,184,5,0.19590643274853803,45,1
241,"(9,1)",,True,25,"[9, 4, 3, 5, 1]",1,0.0,139,184,5,0.19590643274853803,45,1
242,10:12,assassinate,True,21,"[19, 3, 11, 10, 13]",1,0.0,137,184,5,0.301656920077972,47,1
243,10:12,assassinate,True,21,"[19, 3, 11, 10, 13]",1,0.0,137,184,5,0.301656920077972,47,1
244,"(16,12)",,True,24,"[17, 16, 5, 12, 0]",1,0.0,135,184,5,0.17348927875243603,49,1
245,"(16,12)",,True,24,"[17, 16, 5, 12, 0]",1,0.0,135,184,5,0.17348927875243603,49,1
246,"(2,1)",,True,25,"[2, 0, 1, 13, 12]",1,0.0,133,184,5,0.21150097465886902,51,1
247,"(2,1)",,True,25,"[2, 0, 1, 13, 12]",1,0.0,133,184,5,0.21150097465886902,51,1
248,3:10,assassinate,True,22,"[0, 4, 5, 3, 12]",2,0.09356725146198801,131,184,5,0.304093567251461,53,1
249,3:10,assassinate,True,22,"[0, 4, 5, 3, 12]",2,0.09356725146198801,131,184,5,0.304093567251461,53,1
250,12:4,assassinate,True,18,"[0, 12, 2, 11, 4]",2,0.011695906432748001,129,184,3,0.105263157894736,55,1
251,12:4,assassinate,True,18,"[0, 12, 2, 11, 4]",2,0.011695906432748001,129,184,3,0.105263157894736,55,1
252,"(19,9)",,True,21,"[19, 3, 9, 7, 14]",2,0.09356725146198801,127,184,3,0.18128654970760202,57,1
253,"(19,9)",,True,21,"[19, 3, 9, 7, 14]",2,0.09356725146198801,127,184,3,0.18128654970760202,57,1
254,10:2,assassinate,True,22,"[15, 10, 3, 7, 2]",1,0.0,127,185,3,0.034113060428849006,58,1
255,10:2,assassinate,True,22,"[15, 10, 3, 7, 2]",1,0.0,127,185,3,0.034113060428849006,58,1
256,17:14,assassinate,True,17,"[2, 5, 17, 13, 10]",1,0.0,125,185,3,0.055555555555555004,60,1
257,17:14,assassinate,True,17,"[2, 5, 17, 13, 10]",1,0.0,125,185,3,0.055555555555555004,60,1
258,"(2,8)",,True,20,"[0, 2, 8, 19, 7]",3,0.10233918128654901,127,187,3,0.069200779727095,60,1
259,"(2,8)",,True,20,"[0, 2, 8, 19, 7]",3,0.10233918128654901,127,187,3,0.069200779727095,60,1
260,14:4,assassinate,True,18,"[19, 8, 13, 12, 14]",2,0.005847953216374001,127,188,3,0.044249512670565004,61,1
261,14:4,assassinate,True,18,"[19, 8, 13, 12, 14]",2,0.005847953216374001,127,188,3,0.044249512670565004,61,1
262,"(3,1)",,True,19,"[7, 3, 12, 2, 1]",2,0.087719298245614,127,189,3,0.10721247563352801,62,1
263,"(3,1)",,True,19,"[7, 3, 12, 2, 1]",2,0.087719298245614,127,189,3,0.10721247563352801,62,1
264,"(13,19)",,True,21,"[4, 13, 19, 14, 17]",2,0.005847953216374001,125,189,3,0.092592592592592,64,1
265,"(13,19)",,True,21,"[4, 13, 19, 14, 17]",2,0.005847953216374001,125,189,3,0.092592592592592,64,1
266,"(18,4)",,True,22,"[16, 13, 18, 4, 5]",2,0.035087719298245,123,189,3,0.16959064327485301,66,1
267,"(18,4)",,True,22,"[16, 13, 18, 4, 5]",2,0.035087719298245,123,189,3,0.16959064327485301,66,1
268,"(7,14)",,True,23,"[7, 5, 14, 15, 12]",2,0.040935672514619006,121,189,3,0.09356725146198801,68,1
269,"(7,14)",,True,23,"[7, 5, 14, 15, 12]",2,0.040935672514619006,121,189,3,0.09356725146198801,68,1
270,"(0,13)",,True,22,"[14, 0, 9, 13, 1]",1,0.0,119,189,3,0.09356725146198801,70,1
271,"(0,13)",,True,22,"[14, 0, 9, 13, 1]",1,0.0,119,189,3,0.09356725146198801,70,1
272,"(1,9)",,True,24,"[7, 4, 1, 0, 9]",1,0.0,117,189,4,0.19883040935672502,72,1
273,"(1,9)",,True,24,"[7, 4, 1, 0, 9]",1,0.0,117,189,4,0.19883040935672502,72,1
274,"(11,6)",,True,24,"[17, 11, 5, 14, 6]",1,0.0,115,189,4,0.137426900584795,74,1
275,"(11,6)",,True,24,"[17, 11, 5, 14, 6]",1,0.0,115,189,4,0.137426900584795,74,1
276,"(17,18)",,True,27,"[17, 12, 14, 18, 11]",1,0.0,113,189,4,0.10964912280701701,76,1
277,"(17,18)",,True,27,"[17, 12, 14, 18, 11]",1,0.0,113,189,4,0.10964912280701701,76,1
278,"(5,1)",,True,27,"[7, 5, 1, 19, 3]",1,0.0,111,189,5,0.18079922027290402,78,1
279,"(5,1)",,True,27,"[7, 5, 1, 19, 3]",1,0.0,111,189,5,0.18079922027290402,78,1
280,13:12,assassinate,True,23,"[7, 13, 19, 17, 10]",1,0.0,109,189,5,0.25477582846003805,80,1
281,13:12,assassinate,True,23,"[7, 13, 19, 17, 10]",1,0.0,109,189,5,0.25477582846003805,80,1
282,"(15,12)",,True,26,"[15, 14, 6, 12, 4]",1,0.0,107,189,5,0.259259259259259,82,1
283,"(15,12)",,True,26,"[15, 14, 6, 12, 4]",1,0.0,107,189,5,0.259259259259259,82,1
284,"(7,4)",,True,28,"[7, 5, 11, 0, 4]",1,0.0,105,189,5,0.25877192982456104,84,1
285,"(7,4)",,True,28,"[7, 5, 11, 0, 4]",1,0.0,105,189,5,0.25877192982456104,84,1
286,"(11,13)",,True,31,"[11, 9, 13, 10, 18]",1,0.0,103,189,5,0.17147034252297402,86,1
287,"(11,13)",,True,31,"[11, 9, 13, 10, 18]",1,0.0,103,189,5,0.17147034252297402,86,1
288,"(5,12)",,True,33,"[11, 13, 5, 12, 10]",1,0.0,101,189,5,0.18713450292397601,88,1
289,"(5,12)",,True,33,"[11, 13, 5, 12, 10]",1,0.0,101,189,5,0.18713450292397601,88,1
290,"(15,1)",,True,36,"[16, 15, 14, 1, 10]",1,0.0,99,189,6,0.194444444444444,90,1
291,"(15,1)",,True,36,"[16, 15, 14, 1, 10]",1,0.0,99,189,6,0.194444444444444,90,1
292,"(11,1)",,True,37,"[11, 3, 14, 1, 5]",1,0.0,97,189,6,0.19288499025341102,92,1
293,"(11,1)",,True,37,"[11, 3, 14, 1, 5]",1,0.0,97,189,6,0.19288499025341102,92,1
294,19:12,assassinate,True,33,"[15, 19, 3, 13, 4]",2,0.012865497076023,95,189,6,0.16754385964912202,94,1
295,19:12,assassinate,True,33,"[15, 19, 3, 13, 4]",2,0.012865497076023,95,189,6,0.16754385964912202,94,1
296,"(18,2)",,True,34,"[0, 6, 14, 18, 2]",2,0.016624895572263,93,189,6,0.173851294903926,96,1
297,"(18,2)",,True,34,"[0, 6, 14, 18, 2]",2,0.016624895572263,93,189,6,0.173851294903926,96,1
298,7:12,assassinate,True,30,"[2, 17, 7, 16, 6]",2,0.027972709551656,91,189,6,0.18674463937621802,98,1
299,7:12,assassinate,True,30,"[2, 17, 7, 16, 6]",2,0.027972709551656,91,189,6,0.18674463937621802,98,1
300,12:6,assassinate,True,25,"[9, 2, 8, 13, 12]",1,0.0,89,189,4,0.17641325536062302,100,1
301,12:6,assassinate,True,25,"[9, 2, 8, 13, 12]",1,0.0,89,189,4,0.17641325536062302,100,1
302,"(3,19)",,True,28,"[3, 17, 10, 14, 19]",1,0.0,87,189,4,0.175438596491228,102,1
303,"(3,19)",,True,28,"[3, 17, 10, 14, 19]",1,0.0,87,189,4,0.175438596491228,102,1
304,"(2,4)",,True,30,"[2, 3, 4, 10, 6]",1,0.0,85,189,4,0.175438596491228,104,1
305,"(2,4)",,True,30,"[2, 3, 4, 10, 6]",1,0.0,85,189,4,0.175438596491228,104,1
306,"(11,16)",,True,30,"[11, 16, 6, 10, 13]",1,0.0,83,189,4,0.175438596491228,106,1
307,"(11,16)",,True,30,"[11, 16, 6, 10, 13]",1,0.0,83,189,4,0.175438596491228,106,1
308,"(17,3)",,True,31,"[14, 10, 17, 6, 3]",1,0.0,81,189,4,0.08070175438596401,108,1
309,"(17,3)",,True,31,"[14, 10, 17, 6, 3]",1,0.0,81,189,4,0.08070175438596401,108,1
310,"(1,15)",,True,30,"[1, 16, 0, 15, 9]",1,0.0,79,189,5,0.16452241715399601,110,1
311,"(1,15)",,True,30,"[1, 16, 0, 15, 9]",1,0.0,79,189,5,0.16452241715399601,110,1
312,"(1,12)",,True,33,"[1, 5, 11, 17, 12]",1,0.0,77,189,6,0.20175438596491202,112,1
313,"(1,12)",,True,33,"[1, 5, 11, 17, 12]",1,0.0,77,189,6,0.20175438596491202,112,1
314,"(1,4)",,True,33,"[5, 1, 10, 4, 16]",1,0.0,75,189,7,0.284739626844889,114,1
315,"(1,4)",,True,33,"[5, 1, 10, 4, 16]",1,0.0,75,189,7,0.284739626844889,114,1
316,8:8,assassinate,True,28,"[8, 9, 0, 11, 13]",0,-0.001,73,189,7,0.32358674463937603,116,1
317,8:8,assassinate,True,28,"[8, 9, 0, 11, 13]",0,-0.001,73,189,7,0.32358674463937603,116,1
318,"(0,15)",,True,31,"[4, 13, 0, 15, 18]",1,0.0,71,189,7,0.309259259259259,118,1
319,"(0,15)",,True,31,"[4, 13, 0, 15, 18]",1,0.0,71,189,7,0.309259259259259,118,1
320,"(14,5)",,True,34,"[14, 0, 10, 15, 5]",1,0.0,69,189,7,0.30370370370370303,120,1
321,"(14,5)",,True,34,"[14, 0, 10, 15, 5]",1,0.0,69,189,7,0.30370370370370303,120,1
322,"(1,7)",,True,37,"[1, 9, 7, 6, 11]",1,0.0,67,189,8,0.37784866205918805,122,1
323,"(1,7)",,True,37,"[1, 9, 7, 6, 11]",1,0.0,67,189,8,0.37784866205918805,122,1
324,"(1,6)",,True,40,"[16, 2, 15, 1, 6]",3,0.11598440545808901,65,189,9,0.32365762892078603,124,1
325,"(1,6)",,True,40,"[16, 2, 15, 1, 6]",3,0.11598440545808901,65,189,9,0.32365762892078603,124,1
326,18:18,assassinate,True,33,"[7, 18, 2, 12, 19]",3,0.11111111111111101,63,189,8,0.297270955165692,126,1
327,18:18,assassinate,True,33,"[7, 18, 2, 12, 19]",3,0.11111111111111101,63,189,8,0.297270955165692,126,1
328,9:16,assassinate,True,25,"[16, 9, 4, 18, 13]",2,0.087719298245614,61,189,8,0.42670565302144203,128,1
329,9:16,assassinate,True,25,"[16, 9, 4, 18, 13]",2,0.087719298245614,61,189,8,0.42670565302144203,128,1
330,5:16,assassinate,True,19,"[1, 17, 13, 0, 5]",2,0.08187134502923901,59,189,7,0.44444444444444403,130,1
331,5:16,assassinate,True,19,"[1, 17, 13, 0, 5]",2,0.08187134502923901,59,189,7,0.44444444444444403,130,1
332,"(1,5)",,True,22,"[17, 1, 14, 10, 5]",4,0.19883040935672502,57,189,8,0.45906432748538,132,1
333,"(1,5)",,True,22,"[17, 1, 14, 10, 5]",4,0.19883040935672502,57,189,8,0.45906432748538,132,1
334,"(1,8)",,True,25,"[6, 10, 1, 17, 8]",4,0.127680311890838,55,189,9,0.40643274853801103,134,1
335,"(1,8)",,True,25,"[6, 10, 1, 17, 8]",4,0.127680311890838,55,189,9,0.40643274853801103,134,1
336,16:10,assassinate,True,18,"[16, 18, 9, 17, 8]",3,0.157894736842105,53,189,7,0.43859649122807004,136,1
337,16:10,assassinate,True,18,"[16, 18, 9, 17, 8]",3,0.157894736842105,53,189,7,0.43859649122807004,136,1
338,3:10,assassinate,True,13,"[9, 3, 13, 5, 11]",3,0.134502923976608,51,189,5,0.36842105263157804,138,1
339,3:10,assassinate,True,13,"[9, 3, 13, 5, 11]",3,0.134502923976608,51,189,5,0.36842105263157804,138,1
340,"(1,17)",,True,14,"[1, 17, 2, 7, 9]",3,0.134502923976608,49,189,6,0.35672514619883,140,1
341,"(1,17)",,True,14,"[1, 17, 2, 7, 9]",3,0.134502923976608,49,189,6,0.35672514619883,140,1
342,"(1,15)",,True,15,"[16, 10, 1, 12, 15]",3,0.079922027290448,47,189,6,0.34600389863547704,142,1
343,"(1,15)",,True,15,"[16, 10, 1, 12, 15]",3,0.079922027290448,47,189,6,0.34600389863547704,142,1
344,"(5,8)",,True,18,"[5, 16, 12, 18, 8]",5,0.17933723196881002,45,189,6,0.42300194931773805,144,1
345,"(5,8)",,True,18,"[5, 16, 12, 18, 8]",5,0.17933723196881002,45,189,6,0.42300194931773805,144,1
346,"(18,8)",,True,21,"[17, 16, 6, 18, 8]",5,0.155945419103313,43,189,6,0.395711500974658,146,1
347,"(18,8)",,True,21,"[17, 16, 6, 18, 8]",5,0.155945419103313,43,189,6,0.395711500974658,146,1
348,"(8,9)",,True,24,"[5, 8, 18, 12, 9]",5,0.16374269005847902,41,189,6,0.35867446393762104,148,1
349,"(8,9)",,True,24,"[5, 8, 18, 12, 9]",5,0.16374269005847902,41,189,6,0.35867446393762104,148,1
350,14:4,assassinate,True,22,"[10, 3, 5, 14, 11]",5,0.16959064327485301,39,189,5,0.27485380116959,150,1
351,14:4,assassinate,True,22,"[10, 3, 5, 14, 11]",5,0.16959064327485301,39,189,5,0.27485380116959,150,1
352,"(18,0)",,True,23,"[9, 18, 0, 13, 10]",4,0.148148148148148,37,189,5,0.230019493177387,152,1
353,"(18,0)",,True,23,"[9, 18, 0, 13, 10]",4,0.148148148148148,37,189,5,0.230019493177387,152,1
354,"(4,11)",,True,24,"[17, 4, 0, 6, 11]",4,0.19883040935672502,35,189,5,0.276803118908382,154,1
355,"(4,11)",,True,24,"[17, 4, 0, 6, 11]",4,0.19883040935672502,35,189,5,0.276803118908382,154,1
356,15:14,assassinate,True,19,"[1, 10, 2, 5, 15]",3,0.08187134502923901,35,190,5,0.29239766081871305,155,1
357,15:14,assassinate,True,19,"[1, 10, 2, 5, 15]",3,0.08187134502923901,35,190,5,0.29239766081871305,155,1
358,"(9,11)",,True,22,"[7, 9, 11, 0, 3]",3,0.08187134502923901,33,190,5,0.14912280701754302,157,1
359,"(9,11)",,True,22,"[7, 9, 11, 0, 3]",3,0.08187134502923901,33,190,5,0.14912280701754302,157,1
360,"(1,19)",,True,25,"[1, 6, 19, 7, 8]",5,0.127680311890838,33,191,6,0.17641325536062302,158,1
361,"(1,19)",,True,25,"[1, 6, 19, 7, 8]",5,0.127680311890838,33,191,6,0.17641325536062302,158,1
362,2:2,assassinate,True,24,"[10, 14, 4, 2, 13]",4,0.182261208576998,35,193,5,0.12300194931773802,158,1
363,2:2,assassinate,True,24,"[10, 14, 4, 2, 13]",4,0.182261208576998,35,193,5,0.12300194931773802,158,1
364,"(1,14)",,True,25,"[18, 11, 1, 9, 14]",4,0.264132553606237,37,195,6,0.19844054580896603,158,1
365,"(1,14)",,True,25,"[18, 11, 1, 9, 14]",4,0.264132553606237,37,195,6,0.19844054580896603,158,1
366,7:4,assassinate,True,25,"[13, 15, 19, 18, 7]",3,0.017543859649122,37,196,6,0.10896686159844,159,1
367,7:4,assassinate,True,25,"[13, 15, 19, 18, 7]",3,0.017543859649122,37,196,6,0.10896686159844,159,1
368,"(19,9)",,True,27,"[19, 3, 18, 10, 9]",3,0.010721247563352,35,196,6,0.10214424951267001,161,1
369,"(19,9)",,True,27,"[19, 3, 18, 10, 9]",3,0.010721247563352,35,196,6,0.10214424951267001,161,1
370,"(1,11)",,True,30,"[14, 1, 19, 11, 4]",3,0.018031189083820003,33,196,7,0.10233918128654901,163,1
371,"(1,11)",,True,30,"[14, 1, 19, 11, 4]",3,0.018031189083820003,33,196,7,0.10233918128654901,163,1
372,"(17,7)",,True,32,"[17, 7, 11, 12, 6]",3,0.018031189083820003,31,196,7,0.11569200779727001,165,1
373,"(17,7)",,True,32,"[17, 7, 11, 12, 6]",3,0.018031189083820003,31,196,7,0.11569200779727001,165,1
374,11:10,assassinate,True,27,"[3, 13, 11, 14, 10]",4,0.09990253411306001,31,197,5,0.100194931773879,166,1
375,11:10,assassinate,True,27,"[3, 13, 11, 14, 10]",4,0.09990253411306001,31,197,5,0.100194931773879,166,1
376,"(1,15)",,True,28,"[0, 1, 19, 15, 6]",4,0.129142300194931,31,198,5,0.171832358674463,167,1
377,"(1,15)",,True,28,"[0, 1, 19, 15, 6]",4,0.129142300194931,31,198,5,0.171832358674463,167,1
378,18:6,assassinate,True,27,"[18, 6, 11, 16, 10]",4,0.13645224171539902,29,198,5,0.180311890838206,169,1
379,18:6,assassinate,True,27,"[18, 6, 11, 16, 10]",4,0.13645224171539902,29,198,5,0.180311890838206,169,1
380,2:2,assassinate,True,28,"[2, 14, 16, 18, 15]",5,0.09961013645224101,29,199,5,0.14990253411306,170,1
381,2:2,assassinate,True,28,"[2, 14, 16, 18, 15]",5,0.09961013645224101,29,199,5,0.14990253411306,170,1
382,"(1,2)",,True,29,"[16, 1, 8, 5, 2]",6,0.19186856028961202,29,200,6,0.20412141464773,171,1
383,"(1,2)",,True,29,"[16, 1, 8, 5, 2]",6,0.19186856028961202,29,200,6,0.20412141464773,171,1
384,3:2,assassinate,True,28,"[7, 11, 3, 4, 16]",6,0.17488164856585903,29,201,6,0.20586187691450802,172,1
385,3:2,assassinate,True,28,"[7, 11, 3, 4, 16]",6,0.17488164856585903,29,201,6,0.20586187691450802,172,1
386,6:8,assassinate,True,26,"[6, 14, 17, 13, 4]",7,0.24135338345864601,31,203,6,0.214633806739069,172,1
387,6:8,assassinate,True,26,"[6, 14, 17, 13, 4]",7,0.24135338345864601,31,203,6,0.214633806739069,172,1
388,"(17,4)",,True,27,"[1, 15, 2, 17, 4]",7,0.254970760233918,33,205,6,0.193372319688109,172,1
389,"(17,4)",,True,27,"[1, 15, 2, 17, 4]",7,0.254970760233918,33,205,6,0.193372319688109,172,1
390,"(2,3)",,True,28,"[2, 3, 7, 12, 14]",7,0.281481481481481,35,207,6,0.24951267056530202,172,1
391,"(2,3)",,True,28,"[2, 3, 7, 12, 14]",7,0.281481481481481,35,207,6,0.24951267056530202,172,1
392,"(1,6)",,True,29,"[9, 1, 6, 18, 16]",7,0.286675020885547,35,208,7,0.30803397382344705,173,1
393,"(1,6)",,True,29,"[9, 1, 6, 18, 16]",7,0.286675020885547,35,208,7,0.30803397382344705,173,1
394,14:4,assassinate,True,29,"[15, 14, 13, 10, 6]",6,0.24772115473869802,37,210,7,0.192341966026176,173,1
395,14:4,assassinate,True,29,"[15, 14, 13, 10, 6]",6,0.24772115473869802,37,210,7,0.192341966026176,173,1
396,18:2,assassinate,True,28,"[16, 3, 18, 17, 19]",5,0.19413812308549103,39,212,7,0.148663324979114,173,1
397,18:2,assassinate,True,28,"[16, 3, 18, 17, 19]",5,0.19413812308549103,39,212,7,0.148663324979114,173,1
398,12:4,assassinate,True,25,"[14, 12, 4, 13, 6]",4,0.094152046783625,39,213,7,0.12738791423001902,174,1
399,12:4,assassinate,True,25,"[14, 12, 4, 13, 6]",4,0.094152046783625,39,213,7,0.12738791423001902,174,1
400,"(12,6)",,True,27,"[0, 12, 13, 10, 6]",4,0.12046783625730902,37,213,7,0.196198830409356,176,1
401,"(12,6)",,True,27,"[0, 12, 13, 10, 6]",4,0.12046783625730902,37,213,7,0.196198830409356,176,1
402,"(5,0)",,True,28,"[5, 0, 4, 9, 19]",3,0.041644515328725006,35,213,7,0.25105440368598203,178,1
403,"(5,0)",,True,28,"[5, 0, 4, 9, 19]",3,0.041644515328725006,35,213,7,0.25105440368598203,178,1
404,11:4,assassinate,True,28,"[19, 8, 17, 6, 11]",4,0.128699273436115,33,213,7,0.23414850256955502,180,1
405,11:4,assassinate,True,28,"[19, 8, 17, 6, 11]",4,0.128699273436115,33,213,7,0.23414850256955502,180,1
406,"(18,6)",,True,31,"[2, 18, 0, 17, 6]",4,0.16334396597554401,33,214,7,0.17726386673755,181,1
407,"(18,6)",,True,31,"[2, 18, 0, 17, 6]",4,0.16334396597554401,33,214,7,0.17726386673755,181,1
408,16:4,assassinate,True,31,"[16, 9, 7, 2, 5]",3,0.034656084656084,33,215,7,0.17126148705096,182,1
409,16:4,assassinate,True,31,"[16, 9, 7, 2, 5]",3,0.034656084656084,33,215,7,0.17126148705096,182,1
410,"(0,11)",,True,32,"[0, 18, 11, 2, 12]",4,0.061668059036480004,31,215,7,0.153077137287663,184,1
411,"(0,11)",,True,32,"[0, 18, 11, 2, 12]",4,0.061668059036480004,31,215,7,0.153077137287663,184,1
412,17:6,assassinate,True,27,"[4, 13, 17, 12, 6]",3,0.062573099415204,31,216,5,0.09473684210526301,185,1
413,17:6,assassinate,True,27,"[4, 13, 17, 12, 6]",3,0.062573099415204,31,216,5,0.09473684210526301,185,1
414,"(16,5)",,True,29,"[13, 16, 9, 5, 0]",3,0.018713450292397002,29,216,5,0.042105263157894,187,1
415,"(16,5)",,True,29,"[13, 16, 9, 5, 0]",3,0.018713450292397002,29,216,5,0.042105263157894,187,1
416,"(0,15)",,True,27,"[10, 0, 9, 4, 15]",2,0.0,27,216,4,0.04337231968810901,189,1
417,"(0,15)",,True,27,"[10, 0, 9, 4, 15]",2,0.0,27,216,4,0.04337231968810901,189,1
418,"(16,1)",,True,30,"[10, 16, 18, 1, 6]",2,0.0,25,216,5,0.092884990253411,191,1
419,"(16,1)",,True,30,"[10, 16, 18, 1, 6]",2,0.0,25,216,5,0.092884990253411,191,1
420,5:6,assassinate,True,25,"[5, 2, 0, 7, 4]",2,0.0,23,216,5,0.10185185185185101,193,1
421,5:6,assassinate,True,25,"[5, 2, 0, 7, 4]",2,0.0,23,216,5,0.10185185185185101,193,1
422,"(15,10)",,True,26,"[15, 10, 18, 13, 12]",3,0.060428849902534006,21,216,5,0.11842105263157801,195,1
423,"(15,10)",,True,26,"[15, 10, 18, 13, 12]",3,0.060428849902534006,21,216,5,0.11842105263157801,195,1
424,3:6,assassinate,True,25,"[17, 16, 3, 10, 13]",2,0.0,21,217,5,0.093957115009746,196,1
425,3:6,assassinate,True,25,"[17, 16, 3, 10, 13]",2,0.0,21,217,5,0.093957115009746,196,1
426,"(17,1)",,True,28,"[17, 5, 1, 14, 12]",2,0.0,19,217,6,0.11861598440545801,198,1
427,"(17,1)",,True,28,"[17, 5, 1, 14, 12]",2,0.0,19,217,6,0.11861598440545801,198,1
428,"(16,11)",,True,31,"[16, 11, 7, 6, 14]",2,0.0,17,217,6,0.125341130604288,200,1
429,"(16,11)",,True,31,"[16, 11, 7, 6, 14]",2,0.0,17,217,6,0.125341130604288,200,1
430,"(1,5)",,True,33,"[1, 6, 13, 5, 7]",2,0.0,15,217,7,0.215009746588693,202,1
431,"(1,5)",,True,33,"[1, 6, 13, 5, 7]",2,0.0,15,217,7,0.215009746588693,202,1
432,19:22,assassinate,True,24,"[6, 12, 16, 19, 13]",1,0.0,13,217,6,0.17348927875243603,204,1
433,19:22,assassinate,True,24,"[6, 12, 16, 19, 13]",1,0.0,13,217,6,0.17348927875243603,204,1
434,"(1,3)",,True,23,"[11, 9, 10, 1, 3]",1,0.0,11,217,5,0.19395711500974602,206,1
435,"(1,3)",,True,23,"[11, 9, 10, 1, 3]",1,0.0,11,217,5,0.19395711500974602,206,1
436,"(5,6)",,True,23,"[5, 4, 7, 9, 6]",1,0.0,9,217,5,0.194931773879142,208,1
437,"(5,6)",,True,23,"[5, 4, 7, 9, 6]",1,0.0,9,217,5,0.194931773879142,208,1
438,"(2,14)",,True,26,"[2, 14, 9, 7, 4]",1,0.0,7,217,5,0.11695906432748501,210,1
439,"(2,14)",,True,26,"[2, 14, 9, 7, 4]",1,0.0,7,217,5,0.11695906432748501,210,1
440,15:10,assassinate,True,22,"[10, 15, 12, 17, 11]",1,0.0,5,217,5,0.12670565302144202,212,1
441,15:10,assassinate,True,22,"[10, 15, 12, 17, 11]",1,0.0,5,217,5,0.12670565302144202,212,1
442,"(15,18)",,True,21,"[15, 18, 17, 16, 4]",1,0.0,3,217,3,0.09356725146198801,214,1
443,"(15,18)",,True,21,"[15, 18, 17, 16, 4]",1,0.0,3,217,3,0.09356725146198801,214,1
444,"(15,14)",,True,24,"[0, 12, 3, 15, 14]",3,0.155945419103313,5,219,3,0.09941520467836201,214,1
445,"(15,14)",,True,24,"[0, 12, 3, 15, 14]",3,0.155945419103313,5,219,3,0.09941520467836201,214,1
446,"(8,0)",,True,23,"[14, 8, 2, 0, 10]",2,0.09941520467836201,6,220,2,0.09941520467836201,214,1
447,"(8,0)",,True,23,"[14, 8, 2, 0, 10]",2,0.09941520467836201,6,220,2,0.09941520467836201,214,1
448,9:8,assassinate,True,20,"[8, 14, 11, 19, 9]",1,0.0,5,220,2,0.08187134502923901,215,1
449,9:8,assassinate,True,20,"[8, 14, 11, 19, 9]",1,0.0,5,220,2,0.08187134502923901,215,1
450,"(10,19)",,True,22,"[0, 10, 16, 17, 19]",1,0.0,3,220,2,0.087719298245614,217,1
451,"(10,19)",,True,22,"[0, 10, 16, 17, 19]",1,0.0,3,220,2,0.087719298245614,217,1
452,"(5,11)",,True,22,"[5, 11, 6, 13, 2]",1,0.0,1,220,2,0.087719298245614,219,1
453,"(5,11)",,True,22,"[5, 11, 6, 13, 2]",1,0.0,1,220,2,0.087719298245614,219,1
454,"(7,19)",,True,25,"[7, 19, 6, 12, 3]",3,0.15204678362573001,3,222,2,0.09941520467836201,219,1
455,"(7,19)",,True,25,"[7, 19, 6, 12, 3]",3,0.15204678362573001,3,222,2,0.09941520467836201,219,1
456,"(0,4)",,True,24,"[6, 14, 0, 3, 4]",2,0.08187134502923901,5,224,2,0.026315789473684,219,1
457,"(0,4)",,True,24,"[6, 14, 0, 3, 4]",2,0.08187134502923901,5,224,2,0.026315789473684,219,1
458,"(13,2)",,True,27,"[13, 14, 4, 0, 2]",2,0.048732943469785,7,226,2,0.013645224171539001,219,1
459,"(13,2)",,True,27,"[13, 14, 4, 0, 2]",2,0.048732943469785,7,226,2,0.013645224171539001,219,1
460,17:10,assassinate,True,24,"[7, 17, 19, 14, 4]",1,0.0,8,227,2,0.0,219,1
461,17:10,assassinate,True,24,"[7, 17, 19, 14, 4]",1,0.0,8,227,2,0.0,219,1
462,2:12,assassinate,True,18,"[3, 12, 10, 17, 2]",2,0.06432748538011601,10,229,2,0.0,219,1
463,2:12,assassinate,True,18,"[3, 12, 10, 17, 2]",2,0.06432748538011601,10,229,2,0.0,219,1
464,"(18,1)",,True,21,"[11, 18, 8, 16, 1]",2,0.087719298245614,10,230,3,0.09064327485380101,220,1
465,"(18,1)",,True,21,"[11, 18, 8, 16, 1]",2,0.087719298245614,10,230,3,0.09064327485380101,220,1
466,"(0,4)",,True,22,"[15, 0, 16, 4, 7]",1,0.0,10,231,3,0.043859649122807,221,1
467,"(0,4)",,True,22,"[15, 0, 16, 4, 7]",1,0.0,10,231,3,0.043859649122807,221,1
468,"(18,10)",,True,25,"[18, 17, 8, 10, 3]",1,0.0,8,231,3,0.051656920077972006,223,1
469,"(18,10)",,True,25,"[18, 17, 8, 10, 3]",1,0.0,8,231,3,0.051656920077972006,223,1
470,"(18,6)",,True,26,"[19, 2, 10, 18, 6]",1,0.0,6,231,3,0.053118908382066,225,1
471,"(18,6)",,True,26,"[19, 2, 10, 18, 6]",1,0.0,6,231,3,0.053118908382066,225,1
472,10:12,assassinate,True,22,"[11, 8, 10, 9, 5]",1,0.0,4,231,3,0.07309941520467801,227,1
473,10:12,assassinate,True,22,"[11, 8, 10, 9, 5]",1,0.0,4,231,3,0.07309941520467801,227,1
474,"(16,1)",,True,22,"[7, 16, 1, 12, 14]",1,0.0,3,231,3,0.087719298245614,228,1
475,"(16,1)",,True,22,"[7, 16, 1, 12, 14]",1,0.0,3,231,3,0.087719298245614,228,1
476,8:8,assassinate,True,20,"[8, 5, 18, 7, 0]",1,0.0,1,231,2,0.03625730994152,230,1
477,8:8,assassinate,True,20,"[8, 5, 18, 7, 0]",1,0.0,1,231,2,0.03625730994152,230,1
478,17:4,assassinate,True,19,"[18, 19, 17, 15, 12]",1,0.0,-1,231,2,0.07602339181286501,232,1
479,17:4,assassinate,True,19,"[18, 19, 17, 15, 12]",1,0.0,-1,231,2,0.07602339181286501,232,1
480,"(17,2)",,True,21,"[0, 17, 2, 19, 14]",1,0.0,-3,231,2,0.08187134502923901,234,1
481,"(17,2)",,True,21,"[0, 17, 2, 19, 14]",1,0.0,-3,231,2,0.08187134502923901,234,1
482,"(5,8)",,True,23,"[5, 8, 14, 18, 10]",1,0.0,-5,231,2,0.087719298245614,236,1
483,"(5,8)",,True,23,"[5, 8, 14, 18, 10]",1,0.0,-5,231,2,0.087719298245614,236,1
484,"(7,1)",,True,22,"[7, 12, 10, 1, 3]",1,0.0,-4,232,1,0.0,236,1
485,"(7,1)",,True,22,"[7, 12, 10, 1, 3]",1,0.0,-4,232,1,0.0,236,1
486,"(1,3)",,True,22,"[1, 19, 3, 0, 7]",1,0.0,-5,232,2,0.087719298245614,237,1
487,"(1,3)",,True,22,"[1, 19, 3, 0, 7]",1,0.0,-5,232,2,0.087719298245614,237,1
488,"(10,18)",,True,22,"[10, 18, 16, 11, 15]",1,0.0,-7,232,2,0.087719298245614,239,1
489,"(10,18)",,True,22,"[10, 18, 16, 11, 15]",1,0.0,-7,232,2,0.087719298245614,239,1
490,"(7,17)",,True,24,"[7, 8, 6, 18, 17]",1,0.0,-9,232,2,0.09356725146198801,241,1
491,"(7,17)",,True,24,"[7, 8, 6, 18, 17]",1,0.0,-9,232,2,0.09356725146198801,241,1
492,"(17,10)",,True,23,"[17, 12, 10, 4, 18]",1,0.0,-11,232,2,0.09356725146198801,243,1
493,"(17,10)",,True,23,"[17, 12, 10, 4, 18]",1,0.0,-11,232,2,0.09356725146198801,243,1
494,"(16,1)",,True,25,"[16, 11, 19, 1, 8]",1,0.0,-13,232,3,0.125730994152046,245,1
495,"(16,1)",,True,25,"[16, 11, 19, 1, 8]",1,0.0,-13,232,3,0.125730994152046,245,1
496,"(13,4)",,True,25,"[13, 19, 14, 16, 4]",1,0.0,-15,232,2,0.09941520467836201,247,1
497,"(13,4)",,True,25,"[13, 19, 14, 16, 4]",1,0.0,-15,232,2,0.09941520467836201,247,1
498,"(18,3)",,True,25,"[2, 18, 3, 5, 6]",1,0.0,-17,232,2,0.10233918128654901,249,1
499,"(18,3)",,True,25,"[2, 18, 3, 5, 6]",1,0.0,-17,232,2,0.10233918128654901,249,1
500,"(7,10)",,True,27,"[7, 10, 6, 17, 12]",1,0.0,-17,232,2,0.0,249,1
501,"(7,10)",,True,27,"[7, 10, 6, 17, 12]",1,0.0,-17,232,2,0.0,249,1
502,"(14,6)",,True,27,"[14, 6, 19, 16, 10]",1,0.0,-17,232,2,0.0,249,1
503,"(14,6)",,True,27,"[14, 6, 19, 16, 10]",1,0.0,-17,232,2,0.0,249,1
504,"(4,7)",,True,29,"[4, 7, 16, 2, 13]",1,0.0,-17,232,2,0.0,249,1
505,"(4,7)",,True,29,"[4, 7, 16, 2, 13]",1,0.0,-17,232,2,0.0,249,1
506,"(16,3)",,True,29,"[8, 16, 3, 6, 13]",1,0.0,-18,232,2,0.062573099415204,250,1
507,"(16,3)",,True,29,"[8, 16, 3, 6, 13]",1,0.0,-18,232,2,0.062573099415204,250,1
508,"(5,16)",,True,32,"[4, 5, 0, 16, 12]",3,0.059454191033138,-16,234,2,0.037037037037037,250,1
509,"(5,16)",,True,32,"[4, 5, 0, 16, 12]",3,0.059454191033138,-16,234,2,0.037037037037037,250,1
510,18:6,assassinate,True,31,"[0, 6, 17, 18, 10]",4,0.113937621832358,-14,236,2,0.09941520467836201,250,1
511,18:6,assassinate,True,31,"[0, 6, 17, 18, 10]",4,0.113937621832358,-14,236,2,0.09941520467836201,250,1
512,"(6,0)",,True,31,"[16, 15, 9, 6, 0]",3,0.11111111111111101,-12,238,2,0.09941520467836201,250,1
513,"(6,0)",,True,31,"[16, 15, 9, 6, 0]",3,0.11111111111111101,-12,238,2,0.09941520467836201,250,1
514,4:6,assassinate,True,28,"[4, 17, 11, 7, 9]",2,0.09356725146198801,-10,240,1,0.0,250,1
515,4:6,assassinate,True,28,"[4, 17, 11, 7, 9]",2,0.09356725146198801,-10,240,1,0.0,250,1
516,"(8,14)",,True,30,"[8, 18, 17, 4, 14]",2,0.0,-9,241,1,0.0,250,1
517,"(8,14)",,True,30,"[8, 18, 17, 4, 14]",2,0.0,-9,241,1,0.0,250,1
518,"(10,19)",,True,32,"[10, 19, 12, 0, 16]",2,0.0,-9,241,1,0.0,250,1
519,"(10,19)",,True,32,"[10, 19, 12, 0, 16]",2,0.0,-9,241,1,0.0,250,1
520,"(17,1)",,True,34,"[17, 1, 4, 11, 3]",2,0.0,-10,241,2,0.017543859649122,251,1
521,"(17,1)",,True,34,"[17, 1, 4, 11, 3]",2,0.0,-10,241,2,0.017543859649122,251,1
522,"(13,14)",,True,37,"[11, 6, 15, 13, 14]",4,0.076218323586744,-8,243,2,0.012280701754385,251,1
523,"(13,14)",,True,37,"[11, 6, 15, 13, 14]",4,0.076218323586744,-8,243,2,0.012280701754385,251,1
524,"(1,3)",,True,38,"[2, 1, 3, 10, 14]",4,0.07066276803118901,-8,244,3,0.073976608187134,252,1
525,"(1,3)",,True,38,"[2, 1, 3, 10, 14]",4,0.07066276803118901,-8,244,3,0.073976608187134,252,1
526,12:14,assassinate,True,31,"[19, 0, 10, 12, 3]",3,0.028181565023670002,-8,245,3,0.19610136452241703,253,1
527,12:14,assassinate,True,31,"[19, 0, 10, 12, 3]",3,0.028181565023670002,-8,245,3,0.19610136452241703,253,1
528,"(6,19)",,True,33,"[6, 2, 19, 15, 3]",3,0.039181286549707005,-10,245,3,0.207797270955165,255,1
529,"(6,19)",,True,33,"[6, 2, 19, 15, 3]",3,0.039181286549707005,-10,245,3,0.207797270955165,255,1
530,"(5,2)",,True,36,"[4, 0, 5, 2, 9]",5,0.10925925925925901,-12,245,3,0.20730994152046703,257,1
531,"(5,2)",,True,36,"[4, 0, 5, 2, 9]",5,0.10925925925925901,-12,245,3,0.20730994152046703,257,1
532,"(14,19)",,True,39,"[14, 19, 16, 2, 15]",5,0.09546783625730901,-10,247,3,0.0046296296296290005,257,1
533,"(14,19)",,True,39,"[14, 19, 16, 2, 15]",5,0.09546783625730901,-10,247,3,0.0046296296296290005,257,1
534,8:6,assassinate,True,36,"[7, 16, 19, 17, 8]",5,0.13192007797270902,-8,249,3,0.0046296296296290005,257,1
535,8:6,assassinate,True,36,"[7, 16, 19, 17, 8]",5,0.13192007797270902,-8,249,3,0.0046296296296290005,257,1
536,8:2,assassinate,True,37,"[14, 8, 15, 18, 13]",5,0.147173489278752,-6,251,3,0.0046296296296290005,257,1
537,8:2,assassinate,True,37,"[14, 8, 15, 18, 13]",5,0.147173489278752,-6,251,3,0.0046296296296290005,257,1
538,11:6,assassinate,True,35,"[16, 2, 6, 11, 3]",5,0.19273879142300102,-4,253,3,0.0046296296296290005,257,1
539,11:6,assassinate,True,35,"[16, 2, 6, 11, 3]",5,0.19273879142300102,-4,253,3,0.0046296296296290005,257,1
540,9:4,assassinate,True,34,"[9, 3, 16, 6, 1]",4,0.09917153996101301,-2,255,3,0.0046296296296290005,257,1
541,9:4,assassinate,True,34,"[9, 3, 16, 6, 1]",4,0.09917153996101301,-2,255,3,0.0046296296296290005,257,1
542,12:2,assassinate,True,31,"[13, 11, 7, 12, 16]",3,0.021693121693121,0,257,3,0.0047340573656360005,257,1
543,12:2,assassinate,True,31,"[13, 11, 7, 12, 16]",3,0.021693121693121,0,257,3,0.0047340573656360005,257,1
544,"(1,12)",,True,34,"[6, 14, 16, 1, 12]",5,0.181690336953494,2,259,4,0.09805764411027501,257,1
545,"(1,12)",,True,34,"[6, 14, 16, 1, 12]",5,0.181690336953494,2,259,4,0.09805764411027501,257,1
546,8:2,assassinate,True,35,"[3, 8, 14, 5, 11]",4,0.140866054023948,4,261,4,0.10474101921470301,257,1
547,8:2,assassinate,True,35,"[3, 8, 14, 5, 11]",4,0.140866054023948,4,261,4,0.10474101921470301,257,1
548,10:10,assassinate,True,30,"[1, 3, 10, 12, 13]",3,0.080116959064327,4,262,4,0.09181286549707601,258,1
549,10:10,assassinate,True,30,"[1, 3, 10, 12, 13]",3,0.080116959064327,4,262,4,0.09181286549707601,258,1
550,"(15,16)",,True,33,"[15, 19, 12, 16, 0]",5,0.18333333333333302,6,264,4,0.098830409356725,258,1
551,"(15,16)",,True,33,"[15, 19, 12, 16, 0]",5,0.18333333333333302,6,264,4,0.098830409356725,258,1
552,3:10,assassinate,True,27,"[16, 11, 1, 0, 3]",4,0.100389863547758,8,266,3,0.091130604288499,258,1
553,3:10,assassinate,True,27,"[16, 11, 1, 0, 3]",4,0.100389863547758,8,266,3,0.091130604288499,258,1
554,2:8,assassinate,True,25,"[12, 2, 13, 19, 17]",4,0.16861598440545802,10,268,3,0.092592592592592,258,1
555,2:8,assassinate,True,25,"[12, 2, 13, 19, 17]",4,0.16861598440545802,10,268,3,0.092592592592592,258,1
556,"(6,1)",,True,26,"[4, 6, 10, 1, 15]",5,0.210526315789473,12,270,3,0.046783625730994004,258,1
557,"(6,1)",,True,26,"[4, 6, 10, 1, 15]",5,0.210526315789473,12,270,3,0.046783625730994004,258,1
558,"(15,10)",,True,29,"[18, 15, 10, 17, 2]",5,0.170565302144249,14,272,3,0.047270955165692005,258,1
559,"(15,10)",,True,29,"[18, 15, 10, 17, 2]",5,0.170565302144249,14,272,3,0.047270955165692005,258,1
560,12:4,assassinate,True,29,"[3, 17, 12, 9, 10]",4,0.24551656920077902,16,274,2,0.027680311890838003,258,1
561,12:4,assassinate,True,29,"[3, 17, 12, 9, 10]",4,0.24551656920077902,16,274,2,0.027680311890838003,258,1
562,"(4,5)",,True,30,"[13, 19, 2, 4, 5]",4,0.175438596491228,18,276,2,0.018031189083820003,258,1
563,"(4,5)",,True,30,"[13, 19, 2, 4, 5]",4,0.175438596491228,18,276,2,0.018031189083820003,258,1
564,12:2,assassinate,True,31,"[12, 19, 5, 16, 18]",5,0.20087719298245602,20,278,2,0.018031189083820003,258,1
565,12:2,assassinate,True,31,"[12, 19, 5, 16, 18]",5,0.20087719298245602,20,278,2,0.018031189083820003,258,1
566,"(3,6)",,True,30,"[5, 15, 3, 2, 6]",5,0.153021442495126,22,280,2,0.024171539961013,258,1
567,"(3,6)",,True,30,"[5, 15, 3, 2, 6]",5,0.153021442495126,22,280,2,0.024171539961013,258,1
568,"(15,1)",,True,31,"[10, 15, 3, 1, 11]",5,0.142105263157894,24,282,3,0.051461988304093,258,1
569,"(15,1)",,True,31,"[10, 15, 3, 1, 11]",5,0.142105263157894,24,282,3,0.051461988304093,258,1
570,"(1,12)",,True,32,"[5, 6, 1, 0, 12]",5,0.202729044834307,26,284,4,0.154970760233918,258,1
571,"(1,12)",,True,32,"[5, 6, 1, 0, 12]",5,0.202729044834307,26,284,4,0.154970760233918,258,1
572,14:10,assassinate,True,27,"[18, 14, 2, 16, 0]",4,0.13352826510721202,26,285,4,0.202729044834307,259,1
573,14:10,assassinate,True,27,"[18, 14, 2, 16, 0]",4,0.13352826510721202,26,285,4,0.202729044834307,259,1
574,"(14,12)",,True,26,"[14, 6, 15, 12, 7]",4,0.261598440545808,26,286,4,0.296296296296296,260,1
575,"(14,12)",,True,26,"[14, 6, 15, 12, 7]",4,0.261598440545808,26,286,4,0.296296296296296,260,1
576,"(9,15)",,True,29,"[17, 13, 9, 10, 15]",6,0.298830409356725,28,288,4,0.269395711500974,260,1
577,"(9,15)",,True,29,"[17, 13, 9, 10, 15]",6,0.298830409356725,28,288,4,0.269395711500974,260,1
578,2:2,assassinate,True,30,"[5, 13, 2, 4, 0]",8,0.288693957115009,30,290,4,0.238888888888888,260,1
579,2:2,assassinate,True,30,"[5, 13, 2, 4, 0]",8,0.288693957115009,30,290,4,0.238888888888888,260,1
580,"(0,11)",,True,31,"[0, 3, 5, 11, 1]",7,0.18109161793372303,32,292,4,0.08820662768031101,260,1
581,"(0,11)",,True,31,"[0, 3, 5, 11, 1]",7,0.18109161793372303,32,292,4,0.08820662768031101,260,1
582,19:4,assassinate,True,29,"[2, 9, 14, 6, 19]",6,0.22085769980506803,34,294,4,0.08323586744639301,260,1
583,19:4,assassinate,True,29,"[2, 9, 14, 6, 19]",6,0.22085769980506803,34,294,4,0.08323586744639301,260,1
584,11:2,assassinate,True,30,"[5, 9, 11, 19, 17]",8,0.23575605680868802,36,296,4,0.057922584238373,260,1
585,11:2,assassinate,True,30,"[5, 9, 11, 19, 17]",8,0.23575605680868802,36,296,4,0.057922584238373,260,1
586,18:4,assassinate,True,30,"[5, 0, 14, 18, 11]",9,0.316764132553606,38,298,4,0.03391812865497,260,1
587,18:4,assassinate,True,30,"[5, 0, 14, 18, 11]",9,0.316764132553606,38,298,4,0.03391812865497,260,1
588,16:8,assassinate,True,28,"[16, 1, 4, 17, 7]",8,0.37417153996101304,40,300,4,0.042202729044834006,260,1
589,16:8,assassinate,True,28,"[16, 1, 4, 17, 7]",8,0.37417153996101304,40,300,4,0.042202729044834006,260,1
590,"(1,16)",,True,29,"[1, 18, 16, 17, 15]",8,0.38937621832358604,42,302,5,0.141617933723196,260,1
591,"(1,16)",,True,29,"[1, 18, 16, 17, 15]",8,0.38937621832358604,42,302,5,0.141617933723196,260,1
592,9:10,assassinate,True,26,"[9, 18, 5, 15, 13]",9,0.28401559454191,44,304,5,0.14239766081871302,260,1
593,9:10,assassinate,True,26,"[9, 18, 5, 15, 13]",9,0.28401559454191,44,304,5,0.14239766081871302,260,1
594,"(6,16)",,True,27,"[6, 11, 4, 16, 10]",9,0.36588693957115004,46,306,5,0.151754385964912,260,1
595,"(6,16)",,True,27,"[6, 11, 4, 16, 10]",9,0.36588693957115004,46,306,5,0.151754385964912,260,1
596,2:4,assassinate,True,27,"[3, 13, 19, 2, 15]",10,0.37173489278752403,48,308,5,0.151754385964912,260,1
597,2:4,assassinate,True,27,"[3, 13, 19, 2, 15]",10,0.37173489278752403,48,308,5,0.151754385964912,260,1
598,18:2,assassinate,True,24,"[14, 18, 5, 13, 19]",9,0.36111111111111105,50,310,5,0.13771929824561402,260,1
599,18:2,assassinate,True,24,"[14, 18, 5, 13, 19]",9,0.36111111111111105,50,310,5,0.13771929824561402,260,1
600,"(19,0)",,True,22,"[18, 19, 1, 0, 11]",8,0.288011695906432,52,312,5,0.128362573099415,260,1
601,"(19,0)",,True,22,"[18, 19, 1, 0, 11]",8,0.288011695906432,52,312,5,0.128362573099415,260,1
602,13:6,assassinate,True,21,"[13, 12, 15, 11, 1]",7,0.24122807017543801,54,314,5,0.097855750487329,260,1
603,13:6,assassinate,True,21,"[13, 12, 15, 11, 1]",7,0.24122807017543801,54,314,5,0.097855750487329,260,1
604,"(2,1)",,True,24,"[15, 2, 13, 1, 10]",7,0.41432748538011605,56,316,6,0.197270955165692,260,1
605,"(2,1)",,True,24,"[15, 2, 13, 1, 10]",7,0.41432748538011605,56,316,6,0.197270955165692,260,1
606,"(0,5)",,True,25,"[9, 0, 7, 10, 5]",6,0.22017543859649102,58,318,6,0.14307992202729,260,1
607,"(0,5)",,True,25,"[9, 0, 7, 10, 5]",6,0.22017543859649102,58,318,6,0.14307992202729,260,1
608,"(4,7)",,True,28,"[4, 19, 9, 7, 6]",6,0.249025341130604,60,320,6,0.217738791423001,260,1
609,"(4,7)",,True,28,"[4, 19, 9, 7, 6]",6,0.249025341130604,60,320,6,0.217738791423001,260,1
610,17:10,assassinate,True,23,"[2, 11, 17, 7, 6]",5,0.16754385964912202,62,322,5,0.15438596491228002,260,1
611,17:10,assassinate,True,23,"[2, 11, 17, 7, 6]",5,0.16754385964912202,62,322,5,0.15438596491228002,260,1
612,"(0,9)",,True,24,"[12, 0, 9, 5, 16]",6,0.19093567251461901,64,324,5,0.15146198830409302,260,1
613,"(0,9)",,True,24,"[12, 0, 9, 5, 16]",6,0.19093567251461901,64,324,5,0.15146198830409302,260,1
614,"(14,0)",,True,25,"[10, 4, 14, 0, 15]",7,0.6479114452798661,66,326,5,0.293622946254525,260,1
615,"(14,0)",,True,25,"[10, 4, 14, 0, 15]",7,0.6479114452798661,66,326,5,0.293622946254525,260,1
616,"(15,9)",,True,28,"[10, 17, 15, 9, 13]",7,0.53157894736842,68,328,5,0.220662768031189,260,1
617,"(15,9)",,True,28,"[10, 17, 15, 9, 13]",7,0.53157894736842,68,328,5,0.220662768031189,260,1
618,"(0,19)",,True,29,"[0, 8, 19, 17, 3]",8,0.38109161793372304,70,330,6,0.300194931773879,260,1
619,"(0,19)",,True,29,"[0, 8, 19, 17, 3]",8,0.38109161793372304,70,330,6,0.300194931773879,260,1
620,"(1,18)",,True,29,"[12, 1, 18, 5, 2]",8,0.291910331384015,70,331,7,0.36306042884990203,261,1
621,"(1,18)",,True,29,"[12, 1, 18, 5, 2]",8,0.291910331384015,70,331,7,0.36306042884990203,261,1
622,4:6,assassinate,True,26,"[16, 4, 9, 12, 18]",7,0.3635477582846,72,333,7,0.295808966861598,261,1
623,4:6,assassinate,True,26,"[16, 4, 9, 12, 18]",7,0.3635477582846,72,333,7,0.295808966861598,261,1
624,8:4,assassinate,True,24,"[6, 13, 15, 8, 18]",7,0.34892787524366403,74,335,6,0.21637426900584703,261,1
625,8:4,assassinate,True,24,"[6, 13, 15, 8, 18]",7,0.34892787524366403,74,335,6,0.21637426900584703,261,1
626,"(1,19)",,True,27,"[1, 19, 8, 15, 16]",7,0.47465886939571106,76,337,7,0.395711500974658,261,1
627,"(1,19)",,True,27,"[1, 19, 8, 15, 16]",7,0.47465886939571106,76,337,7,0.395711500974658,261,1
628,"(4,0)",,True,26,"[13, 10, 4, 0, 12]",7,0.24220272904483403,76,338,7,0.31384015594541903,262,1
629,"(4,0)",,True,26,"[13, 10, 4, 0, 12]",7,0.24220272904483403,76,338,7,0.31384015594541903,262,1
630,"(3,0)",,True,27,"[19, 13, 3, 0, 14]",8,0.47173489278752406,76,339,7,0.550194931773879,263,1
631,"(3,0)",,True,27,"[19, 13, 3, 0, 14]",8,0.47173489278752406,76,339,7,0.550194931773879,263,1
632,18:4,assassinate,True,27,"[3, 5, 13, 9, 18]",7,0.22231968810916103,76,340,7,0.29083820662768,264,1
633,18:4,assassinate,True,27,"[3, 5, 13, 9, 18]",7,0.22231968810916103,76,340,7,0.29083820662768,264,1
634,"(1,18)",,True,30,"[12, 19, 1, 0, 18]",7,0.23265107212475603,74,340,8,0.318713450292397,266,1
635,"(1,18)",,True,30,"[12, 19, 1, 0, 18]",7,0.23265107212475603,74,340,8,0.318713450292397,266,1
636,"(15,12)",,True,29,"[18, 1, 15, 12, 6]",7,0.5462962962962961,76,342,8,0.41179337231968804,266,1
637,"(15,12)",,True,29,"[18, 1, 15, 12, 6]",7,0.5462962962962961,76,342,8,0.41179337231968804,266,1
638,17:6,assassinate,True,27,"[17, 11, 9, 2, 3]",6,0.08966861598440501,76,343,8,0.22904483430799202,267,1
639,17:6,assassinate,True,27,"[17, 11, 9, 2, 3]",6,0.08966861598440501,76,343,8,0.22904483430799202,267,1
640,"(3,2)",,True,30,"[3, 7, 2, 6, 15]",8,0.35753272069061504,78,345,8,0.324101921470342,267,1
641,"(3,2)",,True,30,"[3, 7, 2, 6, 15]",8,0.35753272069061504,78,345,8,0.324101921470342,267,1
642,4:6,assassinate,True,29,"[2, 17, 15, 4, 3]",9,0.224074074074074,80,347,8,0.222807017543859,267,1
643,4:6,assassinate,True,29,"[2, 17, 15, 4, 3]",9,0.224074074074074,80,347,8,0.222807017543859,267,1
644,10:8,assassinate,True,25,"[18, 17, 13, 16, 10]",8,0.132553606237816,80,348,8,0.162768031189083,268,1
645,10:8,assassinate,True,25,"[18, 17, 13, 16, 10]",8,0.132553606237816,80,348,8,0.162768031189083,268,1
646,7:8,assassinate,True,21,"[11, 18, 7, 10, 9]",7,0.097465886939571,78,348,8,0.18713450292397601,270,1
647,7:8,assassinate,True,21,"[11, 18, 7, 10, 9]",7,0.097465886939571,78,348,8,0.18713450292397601,270,1
648,"(11,16)",,True,24,"[2, 11, 17, 16, 4]",7,0.212475633528265,76,348,8,0.366471734892787,272,1
649,"(11,16)",,True,24,"[2, 11, 17, 16, 4]",7,0.212475633528265,76,348,8,0.366471734892787,272,1
650,"(7,1)",,True,27,"[13, 7, 11, 17, 1]",7,0.160818713450292,75,348,9,0.37816764132553604,273,1
651,"(7,1)",,True,27,"[13, 7, 11, 17, 1]",7,0.160818713450292,75,348,9,0.37816764132553604,273,1
652,15:6,assassinate,True,26,"[15, 6, 5, 3, 12]",8,0.230019493177387,75,349,8,0.26120857699805,274,1
653,15:6,assassinate,True,26,"[15, 6, 5, 3, 12]",8,0.230019493177387,75,349,8,0.26120857699805,274,1
654,13:4,assassinate,True,26,"[13, 12, 10, 7, 18]",9,0.252923976608187,77,351,8,0.16179337231968802,274,1
655,13:4,assassinate,True,26,"[13, 12, 10, 7, 18]",9,0.252923976608187,77,351,8,0.16179337231968802,274,1
656,"(19,15)",,True,29,"[2, 19, 15, 7, 18]",9,0.27495126705653,79,353,8,0.19775828460038902,274,1
657,"(19,15)",,True,29,"[2, 19, 15, 7, 18]",9,0.27495126705653,79,353,8,0.19775828460038902,274,1
658,6:2,assassinate,True,26,"[7, 6, 4, 9, 19]",8,0.259649122807017,81,355,6,0.136549707602339,274,1
659,6:2,assassinate,True,26,"[7, 6, 4, 9, 19]",8,0.259649122807017,81,355,6,0.136549707602339,274,1
660,9:8,assassinate,True,24,"[7, 13, 10, 9, 4]",7,0.196393762183235,83,357,6,0.136939571150097,274,1
661,9:8,assassinate,True,24,"[7, 13, 10, 9, 4]",7,0.196393762183235,83,357,6,0.136939571150097,274,1
662,11:8,assassinate,True,22,"[6, 3, 12, 10, 11]",8,0.321637426900584,85,359,6,0.28947368421052605,274,1
663,11:8,assassinate,True,22,"[6, 3, 12, 10, 11]",8,0.321637426900584,85,359,6,0.28947368421052605,274,1
664,17:2,assassinate,True,23,"[8, 12, 5, 17, 15]",7,0.299220272904483,87,361,6,0.183235867446393,274,1
665,17:2,assassinate,True,23,"[8, 12, 5, 17, 15]",7,0.299220272904483,87,361,6,0.183235867446393,274,1
666,"(5,1)",,True,26,"[0, 16, 5, 14, 1]",8,0.24074074074074,89,363,7,0.210721247563352,274,1
667,"(5,1)",,True,26,"[0, 16, 5, 14, 1]",8,0.24074074074074,89,363,7,0.210721247563352,274,1
668,15:6,assassinate,True,25,"[13, 6, 3, 9, 15]",9,0.276803118908382,91,365,7,0.16569200779727,274,1
669,15:6,assassinate,True,25,"[13, 6, 3, 9, 15]",9,0.276803118908382,91,365,7,0.16569200779727,274,1
670,9:8,assassinate,True,23,"[15, 9, 16, 0, 1]",8,0.21929824561403502,93,367,7,0.160818713450292,274,1
671,9:8,assassinate,True,23,"[15, 9, 16, 0, 1]",8,0.21929824561403502,93,367,7,0.160818713450292,274,1
672,4:8,assassinate,True,21,"[4, 3, 7, 10, 2]",7,0.150097465886939,95,369,7,0.135477582846003,274,1
673,4:8,assassinate,True,21,"[4, 3, 7, 10, 2]",7,0.150097465886939,95,369,7,0.135477582846003,274,1
674,2:6,assassinate,True,18,"[6, 4, 11, 13, 2]",6,0.10331384015594501,97,371,6,0.088693957115009,274,1
675,2:6,assassinate,True,18,"[6, 4, 11, 13, 2]",6,0.10331384015594501,97,371,6,0.088693957115009,274,1
676,"(11,1)",,True,21,"[11, 10, 2, 1, 14]",6,0.28849902534113003,99,373,7,0.27972709551656905,274,1
677,"(11,1)",,True,21,"[11, 10, 2, 1, 14]",6,0.28849902534113003,99,373,7,0.27972709551656905,274,1
678,"(11,8)",,True,22,"[16, 17, 5, 11, 8]",6,0.18908382066276802,99,374,6,0.19200779727095502,275,1
679,"(11,8)",,True,22,"[16, 17, 5, 11, 8]",6,0.18908382066276802,99,374,6,0.19200779727095502,275,1
680,10:2,assassinate,True,23,"[9, 10, 4, 14, 3]",7,0.270955165692007,101,376,6,0.215399610136452,275,1
681,10:2,assassinate,True,23,"[9, 10, 4, 14, 3]",7,0.270955165692007,101,376,6,0.215399610136452,275,1
682,18:8,assassinate,True,19,"[18, 19, 7, 9, 6]",6,0.33918128654970703,103,378,4,0.19298245614035,275,1
683,18:8,assassinate,True,19,"[18, 19, 7, 9, 6]",6,0.33918128654970703,103,378,4,0.19298245614035,275,1
684,"(0,13)",,True,20,"[0, 13, 18, 17, 14]",5,0.35672514619883,105,380,4,0.237816764132553,275,1
685,"(0,13)",,True,20,"[0, 13, 18, 17, 14]",5,0.35672514619883,105,380,4,0.237816764132553,275,1
686,"(11,10)",,True,21,"[11, 10, 0, 13, 6]",5,0.24366471734892703,107,382,3,0.09356725146198801,275,1
687,"(11,10)",,True,21,"[11, 10, 0, 13, 6]",5,0.24366471734892703,107,382,3,0.09356725146198801,275,1
688,"(13,11)",,True,24,"[13, 19, 6, 11, 10]",5,0.272417153996101,109,384,3,0.056042884990253006,275,1
689,"(13,11)",,True,24,"[13, 19, 6, 11, 10]",5,0.272417153996101,109,384,3,0.056042884990253006,275,1
690,12:4,assassinate,True,24,"[18, 0, 9, 5, 12]",4,0.20175438596491202,111,386,3,0.016666666666666,275,1
691,12:4,assassinate,True,24,"[18, 0, 9, 5, 12]",4,0.20175438596491202,111,386,3,0.016666666666666,275,1
692,3:6,assassinate,True,23,"[2, 4, 6, 10, 3]",3,0.040935672514619006,113,388,3,0.004385964912280001,275,1
693,3:6,assassinate,True,23,"[2, 4, 6, 10, 3]",3,0.040935672514619006,113,388,3,0.004385964912280001,275,1
694,"(8,16)",,True,26,"[2, 8, 16, 12, 17]",3,0.032163742690058006,115,390,3,0.004385964912280001,275,1
695,"(8,16)",,True,26,"[2, 8, 16, 12, 17]",3,0.032163742690058006,115,390,3,0.004385964912280001,275,1
696,7:14,assassinate,True,20,"[12, 5, 7, 10, 8]",2,0.011695906432748001,115,391,2,0.046783625730994004,276,1
697,7:14,assassinate,True,20,"[12, 5, 7, 10, 8]",2,0.011695906432748001,115,391,2,0.046783625730994004,276,1
698,"(1,8)",,True,19,"[1, 13, 8, 12, 6]",2,0.05847953216374201,115,392,3,0.200779727095516,277,1
699,"(1,8)",,True,19,"[1, 13, 8, 12, 6]",2,0.05847953216374201,115,392,3,0.200779727095516,277,1
700,"(7,15)",,True,21,"[7, 0, 13, 15, 10]",2,0.05847953216374201,113,392,3,0.24951267056530202,279,1
701,"(7,15)",,True,21,"[7, 0, 13, 15, 10]",2,0.05847953216374201,113,392,3,0.24951267056530202,279,1
702,14:6,assassinate,True,18,"[0, 19, 15, 14, 13]",2,0.10818713450292301,115,394,2,0.08479532163742601,279,1
703,14:6,assassinate,True,18,"[0, 19, 15, 14, 13]",2,0.10818713450292301,115,394,2,0.08479532163742601,279,1
704,15:10,assassinate,True,15,"[15, 12, 17, 6, 19]",2,0.049707602339181006,116,395,2,0.049707602339181006,279,1
705,15:10,assassinate,True,15,"[15, 12, 17, 6, 19]",2,0.049707602339181006,116,395,2,0.049707602339181006,279,1
706,"(12,11)",,True,17,"[10, 13, 12, 14, 11]",2,0.019493177387914,115,395,2,0.031189083820662003,280,1
707,"(12,11)",,True,17,"[10, 13, 12, 14, 11]",2,0.019493177387914,115,395,2,0.031189083820662003,280,1
708,"(3,5)",,True,19,"[3, 9, 16, 5, 15]",2,0.019493177387914,113,395,2,0.054580896686159,282,1
709,"(3,5)",,True,19,"[3, 9, 16, 5, 15]",2,0.019493177387914,113,395,2,0.054580896686159,282,1
710,"(1,8)",,True,20,"[1, 5, 11, 8, 4]",2,0.0,113,396,3,0.08674463937621801,283,1
711,"(1,8)",,True,20,"[1, 5, 11, 8, 4]",2,0.0,113,396,3,0.08674463937621801,283,1
712,13:10,assassinate,True,17,"[16, 12, 13, 14, 17]",3,0.08187134502923901,113,397,3,0.12865497076023302,284,1
713,13:10,assassinate,True,17,"[16, 12, 13, 14, 17]",3,0.08187134502923901,113,397,3,0.12865497076023302,284,1
714,"(14,11)",,True,20,"[14, 13, 0, 11, 6]",5,0.24171539961013602,115,399,3,0.09454191033138401,284,1
715,"(14,11)",,True,20,"[14, 13, 0, 11, 6]",5,0.24171539961013602,115,399,3,0.09454191033138401,284,1
716,"(0,12)",,True,21,"[7, 0, 12, 19, 4]",4,0.26023391812865404,117,401,3,0.19298245614035,284,1
717,"(0,12)",,True,21,"[7, 0, 12, 19, 4]",4,0.26023391812865404,117,401,3,0.19298245614035,284,1
718,17:8,assassinate,True,19,"[19, 17, 4, 9, 14]",5,0.225146198830409,119,403,3,0.17251461988304,284,1
719,17:8,assassinate,True,19,"[19, 17, 4, 9, 14]",5,0.225146198830409,119,403,3,0.17251461988304,284,1
720,"(9,8)",,True,20,"[2, 9, 8, 5, 1]",5,0.242690058479532,121,405,3,0.23684210526315702,284,1
721,"(9,8)",,True,20,"[2, 9, 8, 5, 1]",5,0.242690058479532,121,405,3,0.23684210526315702,284,1
722,3:10,assassinate,True,17,"[5, 6, 3, 13, 15]",4,0.157894736842105,121,406,3,0.32748538011695905,285,1
723,3:10,assassinate,True,17,"[5, 6, 3, 13, 15]",4,0.157894736842105,121,406,3,0.32748538011695905,285,1
724,8:6,assassinate,True,16,"[15, 9, 8, 5, 17]",3,0.14619883040935602,121,407,2,0.19298245614035,286,1
725,8:6,assassinate,True,16,"[15, 9, 8, 5, 17]",3,0.14619883040935602,121,407,2,0.19298245614035,286,1
726,"(9,1)",,True,16,"[6, 11, 9, 1, 14]",3,0.14619883040935602,119,407,3,0.29824561403508704,288,1
727,"(9,1)",,True,16,"[6, 11, 9, 1, 14]",3,0.14619883040935602,119,407,3,0.29824561403508704,288,1
728,2:2,assassinate,True,17,"[4, 10, 9, 8, 2]",4,0.125730994152046,121,409,3,0.05847953216374201,288,1
729,2:2,assassinate,True,17,"[4, 10, 9, 8, 2]",4,0.125730994152046,121,409,3,0.05847953216374201,288,1
730,"(0,17)",,True,18,"[12, 14, 0, 17, 1]",3,0.07602339181286501,123,411,3,0.011695906432748001,288,1
731,"(0,17)",,True,18,"[12, 14, 0, 17, 1]",3,0.07602339181286501,123,411,3,0.011695906432748001,288,1
732,"(1,18)",,True,20,"[1, 18, 0, 4, 10]",3,0.042884990253411005,123,412,4,0.12183235867446301,289,1
733,"(1,18)",,True,20,"[1, 18, 0, 4, 10]",3,0.042884990253411005,123,412,4,0.12183235867446301,289,1
734,11:12,assassinate,True,16,"[0, 17, 11, 13, 10]",2,0.017543859649122,122,412,3,0.16666666666666602,290,1
735,11:12,assassinate,True,16,"[0, 17, 11, 13, 10]",2,0.017543859649122,122,412,3,0.16666666666666602,290,1
736,13:2,assassinate,True,17,"[11, 13, 6, 18, 5]",4,0.154970760233918,122,413,3,0.16959064327485301,291,1
737,13:2,assassinate,True,17,"[11, 13, 6, 18, 5]",4,0.154970760233918,122,413,3,0.16959064327485301,291,1
738,14:6,assassinate,True,15,"[7, 17, 11, 14, 16]",3,0.067251461988304,120,413,3,0.140350877192982,293,1
739,14:6,assassinate,True,15,"[7, 17, 11, 14, 16]",3,0.067251461988304,120,413,3,0.140350877192982,293,1
740,"(4,9)",,True,17,"[5, 19, 4, 2, 9]",3,0.07602339181286501,118,413,3,0.19298245614035,295,1
741,"(4,9)",,True,17,"[5, 19, 4, 2, 9]",3,0.07602339181286501,118,413,3,0.19298245614035,295,1
742,16:8,assassinate,True,13,"[16, 18, 8, 0, 2]",3,0.070175438596491,116,413,3,0.16959064327485301,297,1
743,16:8,assassinate,True,13,"[16, 18, 8, 0, 2]",3,0.070175438596491,116,413,3,0.16959064327485301,297,1
744,19:2,assassinate,True,14,"[19, 12, 3, 16, 5]",4,0.097465886939571,116,414,3,0.12670565302144202,298,1
745,19:2,assassinate,True,14,"[19, 12, 3, 16, 5]",4,0.097465886939571,116,414,3,0.12670565302144202,298,1
746,17:8,assassinate,True,12,"[9, 7, 3, 18, 17]",3,0.061403508771929,116,415,3,0.122807017543859,299,1
747,17:8,assassinate,True,12,"[9, 7, 3, 18, 17]",3,0.061403508771929,116,415,3,0.122807017543859,299,1
748,"(19,1)",,True,13,"[19, 11, 0, 6, 1]",4,0.157894736842105,118,417,3,0.11695906432748501,299,1
749,"(19,1)",,True,13,"[19, 11, 0, 6, 1]",4,0.157894736842105,118,417,3,0.11695906432748501,299,1
750,"(5,1)",,True,16,"[10, 2, 5, 7, 1]",4,0.319688109161793,120,419,4,0.245614035087719,299,1
751,"(5,1)",,True,16,"[10, 2, 5, 7, 1]",4,0.319688109161793,120,419,4,0.245614035087719,299,1
752,13:2,assassinate,True,17,"[5, 15, 7, 13, 2]",5,0.328460038986354,122,421,4,0.16179337231968802,299,1
753,13:2,assassinate,True,17,"[5, 15, 7, 13, 2]",5,0.328460038986354,122,421,4,0.16179337231968802,299,1
754,"(1,4)",,True,20,"[6, 14, 1, 4, 18]",5,0.28167641325536,124,423,5,0.18762183235867402,299,1
755,"(1,4)",,True,20,"[6, 14, 1, 4, 18]",5,0.28167641325536,124,423,5,0.18762183235867402,299,1
756,"(8,19)",,True,23,"[8, 13, 6, 19, 18]",5,0.19317738791423,126,425,5,0.15721247563352803,299,1
757,"(8,19)",,True,23,"[8, 13, 6, 19, 18]",5,0.19317738791423,126,425,5,0.15721247563352803,299,1
758,2:2,assassinate,True,22,"[4, 6, 16, 15, 2]",4,0.17348927875243603,128,427,4,0.10721247563352801,299,1
759,2:2,assassinate,True,22,"[4, 6, 16, 15, 2]",4,0.17348927875243603,128,427,4,0.10721247563352801,299,1
760,12:8,assassinate,True,20,"[4, 6, 12, 0, 3]",4,0.20467836257309902,130,429,4,0.10233918128654901,299,1
761,12:8,assassinate,True,20,"[4, 6, 12, 0, 3]",4,0.20467836257309902,130,429,4,0.10233918128654901,299,1
762,13:4,assassinate,True,20,"[12, 13, 14, 4, 10]",3,0.056725146198830005,132,431,4,0.029629629629629003,299,1
763,13:4,assassinate,True,20,"[12, 13, 14, 4, 10]",3,0.056725146198830005,132,431,4,0.029629629629629003,299,1
764,"(6,1)",,True,23,"[6, 7, 1, 18, 4]",5,0.081578947368421,134,433,5,0.037914230019493005,299,1
765,"(6,1)",,True,23,"[6, 7, 1, 18, 4]",5,0.081578947368421,134,433,5,0.037914230019493005,299,1
766,15:6,assassinate,True,19,"[0, 8, 10, 13, 15]",4,0.083820662768031,136,435,5,0.050682261208576,299,1
767,15:6,assassinate,True,19,"[0, 8, 10, 13, 15]",4,0.083820662768031,136,435,5,0.050682261208576,299,1
768,9:6,assassinate,True,14,"[9, 17, 15, 8, 16]",3,0.052631578947368,138,437,3,0.003898635477582,299,1
769,9:6,assassinate,True,14,"[9, 17, 15, 8, 16]",3,0.052631578947368,138,437,3,0.003898635477582,299,1
770,"(7,0)",,True,15,"[7, 10, 2, 0, 11]",2,0.017543859649122,140,439,3,0.003898635477582,299,1
771,"(7,0)",,True,15,"[7, 10, 2, 0, 11]",2,0.017543859649122,140,439,3,0.003898635477582,299,1
772,10:6,assassinate,True,12,"[7, 10, 17, 16, 14]",1,0.0,140,440,3,0.005847953216374001,300,1
773,10:6,assassinate,True,12,"[7, 10, 17, 16, 14]",1,0.0,140,440,3,0.005847953216374001,300,1
774,"(7,3)",,True,14,"[7, 3, 16, 11, 14]",1,0.0,138,440,3,0.001949317738791,302,1
775,"(7,3)",,True,14,"[7, 3, 16, 11, 14]",1,0.0,138,440,3,0.001949317738791,302,1
776,"(5,16)",,True,14,"[5, 16, 15, 3, 6]",1,0.0,138,440,2,0.0,302,1
777,"(5,16)",,True,14,"[5, 16, 15, 3, 6]",1,0.0,138,440,2,0.0,302,1
778,"(1,14)",,True,17,"[11, 1, 10, 12, 14]",3,0.09356725146198801,140,442,3,0.067251461988304,302,1
779,"(1,14)",,True,17,"[11, 1, 10, 12, 14]",3,0.09356725146198801,140,442,3,0.067251461988304,302,1
780,"(0,2)",,True,16,"[0, 16, 17, 2, 3]",2,0.07602339181286501,142,444,3,0.07309941520467801,302,1
781,"(0,2)",,True,16,"[0, 16, 17, 2, 3]",2,0.07602339181286501,142,444,3,0.07309941520467801,302,1
782,4:6,assassinate,True,15,"[11, 4, 13, 6, 8]",1,0.0,142,445,3,0.140350877192982,303,1
783,4:6,assassinate,True,15,"[11, 4, 13, 6, 8]",1,0.0,142,445,3,0.140350877192982,303,1
784,"(1,17)",,True,18,"[11, 3, 1, 17, 14]",1,0.0,140,445,4,0.18421052631578902,305,1
785,"(1,17)",,True,18,"[11, 3, 1, 17, 14]",1,0.0,140,445,4,0.18421052631578902,305,1
786,"(19,12)",,True,21,"[13, 16, 8, 19, 12]",3,0.09941520467836201,138,445,4,0.228070175438596,307,1
787,"(19,12)",,True,21,"[13, 16, 8, 19, 12]",3,0.09941520467836201,138,445,4,0.228070175438596,307,1
788,"(16,17)",,True,22,"[11, 19, 16, 9, 17]",5,0.22027290448343,136,445,4,0.258284600389863,309,1
789,"(16,17)",,True,22,"[11, 19, 16, 9, 17]",5,0.22027290448343,136,445,4,0.258284600389863,309,1
790,17:6,assassinate,True,19,"[17, 18, 14, 5, 11]",5,0.185185185185185,138,447,3,0.012670565302144,309,1
791,17:6,assassinate,True,19,"[17, 18, 14, 5, 11]",5,0.185185185185185,138,447,3,0.012670565302144,309,1
792,12:4,assassinate,True,17,"[8, 14, 12, 3, 11]",4,0.16374269005847902,140,449,2,0.0,309,1
793,12:4,assassinate,True,17,"[8, 14, 12, 3, 11]",4,0.16374269005847902,140,449,2,0.0,309,1
794,18:6,assassinate,True,12,"[18, 15, 1, 5, 0]",3,0.07602339181286501,142,451,1,0.0,309,1
795,18:6,assassinate,True,12,"[18, 15, 1, 5, 0]",3,0.07602339181286501,142,451,1,0.0,309,1
796,"(16,6)",,True,15,"[16, 10, 0, 6, 11]",5,0.307017543859649,144,453,1,0.0,309,1
797,"(16,6)",,True,15,"[16, 10, 0, 6, 11]",5,0.307017543859649,144,453,1,0.0,309,1
798,"(1,5)",,True,17,"[3, 1, 5, 16, 0]",5,0.318713450292397,146,455,2,0.023391812865497002,309,1
799,"(1,5)",,True,17,"[3, 1, 5, 16, 0]",5,0.318713450292397,146,455,2,0.023391812865497002,309,1
