,actionDetail,actionType,bonusActivated,graphEdgeCount,nodeList,p1Degree,p1Score,p1WinAdvantage,p1WinCount,p2Degree,p2Score,p2WinCount,player
0,"(17,16)",,False,2,"[17, 16, 19, 0, 10]",0,-0.001,0,0,0,-0.001,0,1
1,"(17,16)",,False,2,"[17, 16, 19, 0, 10]",0,-0.001,0,0,0,-0.001,0,1
2,"(5,4)",,False,4,"[5, 4, 14, 9, 16]",0,-0.001,0,0,0,-0.001,0,1
3,"(5,4)",,False,4,"[5, 4, 14, 9, 16]",0,-0.001,0,0,0,-0.001,0,1
4,"(11,15)",,True,4,"[11, 15, 19, 7, 0]",0,-0.001,0,0,0,-0.001,0,1
5,"(11,15)",,True,4,"[11, 15, 19, 7, 0]",0,-0.001,0,0,0,-0.001,0,1
6,"(5,9)",,False,6,"[5, 9, 6, 16, 19]",0,-0.001,0,0,0,-0.001,0,1
7,"(5,9)",,False,6,"[5, 9, 6, 16, 19]",0,-0.001,0,0,0,-0.001,0,1
8,"(15,2)",,False,8,"[15, 2, 3, 10, 6]",0,-0.001,0,0,0,-0.001,0,1
9,"(15,2)",,False,8,"[15, 2, 3, 10, 6]",0,-0.001,0,0,0,-0.001,0,1
10,"(11,9)",,False,10,"[11, 9, 13, 12, 0]",0,-0.001,0,0,0,-0.001,0,1
11,"(11,9)",,False,10,"[11, 9, 13, 12, 0]",0,-0.001,0,0,0,-0.001,0,1
12,"(11,1)",,True,12,"[11, 5, 10, 2, 1]",1,0.0,1,1,1,0.0,0,1
13,"(11,1)",,True,12,"[11, 5, 10, 2, 1]",1,0.0,1,1,1,0.0,0,1
14,"(10,6)",,False,14,"[10, 6, 2, 16, 7]",1,0.0,1,1,1,0.0,0,1
15,"(10,6)",,False,14,"[10, 6, 2, 16, 7]",1,0.0,1,1,1,0.0,0,1
16,"(18,14)",,False,16,"[18, 14, 15, 11, 7]",1,0.0,1,1,1,0.0,0,1
17,"(18,14)",,False,16,"[18, 14, 15, 11, 7]",1,0.0,1,1,1,0.0,0,1
18,7:2,assassinate,True,17,"[1, 18, 7, 12, 10]",2,0.07602339181286501,3,3,1,0.0,0,1
19,7:2,assassinate,True,17,"[1, 18, 7, 12, 10]",2,0.07602339181286501,3,3,1,0.0,0,1
20,"(19,1)",,False,20,"[5, 19, 6, 11, 1]",2,0.09941520467836201,4,4,2,0.09941520467836201,0,1
21,"(19,1)",,False,20,"[5, 19, 6, 11, 1]",2,0.09941520467836201,4,4,2,0.09941520467836201,0,1
22,17:2,assassinate,True,20,"[17, 2, 19, 14, 0]",2,0.09356725146198801,6,6,2,0.023391812865497002,0,1
23,17:2,assassinate,True,20,"[17, 2, 19, 14, 0]",2,0.09356725146198801,6,6,2,0.023391812865497002,0,1
24,16:8,assassinate,True,18,"[7, 4, 16, 11, 13]",2,0.070175438596491,8,8,2,0.010233918128654,0,1
25,16:8,assassinate,True,18,"[7, 4, 16, 11, 13]",2,0.070175438596491,8,8,2,0.010233918128654,0,1
26,12:6,assassinate,True,17,"[12, 13, 16, 17, 7]",2,0.06432748538011601,10,10,2,0.005360623781676,0,1
27,12:6,assassinate,True,17,"[12, 13, 16, 17, 7]",2,0.06432748538011601,10,10,2,0.005360623781676,0,1
28,"(19,9)",,False,17,"[10, 16, 19, 9, 18]",2,0.07602339181286501,12,12,2,0.035087719298245,0,1
29,"(19,9)",,False,17,"[10, 16, 19, 9, 18]",2,0.07602339181286501,12,12,2,0.035087719298245,0,1
30,10:6,assassinate,True,13,"[4, 13, 10, 16, 12]",2,0.06432748538011601,14,14,1,0.0,0,1
31,10:6,assassinate,True,13,"[4, 13, 10, 16, 12]",2,0.06432748538011601,14,14,1,0.0,0,1
32,"(11,3)",,False,15,"[12, 11, 15, 19, 3]",2,0.027290448343079,16,16,1,0.0,0,1
33,"(11,3)",,False,15,"[12, 11, 15, 19, 3]",2,0.027290448343079,16,16,1,0.0,0,1
34,"(5,7)",,False,18,"[6, 5, 7, 19, 4]",2,0.017543859649122,18,18,1,0.0,0,1
35,"(5,7)",,False,18,"[6, 5, 7, 19, 4]",2,0.017543859649122,18,18,1,0.0,0,1
36,"(3,2)",,True,20,"[10, 5, 3, 17, 2]",3,0.010233918128654,20,20,1,0.0,0,1
37,"(3,2)",,True,20,"[10, 5, 3, 17, 2]",3,0.010233918128654,20,20,1,0.0,0,1
38,"(1,15)",,True,22,"[18, 1, 7, 15, 17]",3,0.014619883040935,20,21,2,0.040448343079922004,1,1
39,"(1,15)",,True,22,"[18, 1, 7, 15, 17]",3,0.014619883040935,20,21,2,0.040448343079922004,1,1
40,"(1,12)",,False,21,"[3, 1, 12, 13, 14]",3,0.097465886939571,20,22,3,0.148635477582845,2,1
41,"(1,12)",,False,21,"[3, 1, 12, 13, 14]",3,0.097465886939571,20,22,3,0.148635477582845,2,1
42,11:6,assassinate,True,17,"[1, 4, 2, 11, 16]",3,0.16569200779727,20,23,3,0.22222222222222202,3,1
43,11:6,assassinate,True,17,"[1, 4, 2, 11, 16]",3,0.16569200779727,20,23,3,0.22222222222222202,3,1
44,"(0,9)",,True,17,"[15, 0, 8, 6, 9]",2,0.15204678362573001,22,25,3,0.122807017543859,3,1
45,"(0,9)",,True,17,"[15, 0, 8, 6, 9]",2,0.15204678362573001,22,25,3,0.122807017543859,3,1
46,"(12,13)",,False,20,"[9, 5, 12, 13, 8]",2,0.32748538011695905,24,27,3,0.228070175438596,3,1
47,"(12,13)",,False,20,"[9, 5, 12, 13, 8]",2,0.32748538011695905,24,27,3,0.228070175438596,3,1
48,"(5,6)",,False,23,"[8, 18, 5, 6, 10]",3,0.21364522417153903,26,29,3,0.088888888888888,3,1
49,"(5,6)",,False,23,"[8, 18, 5, 6, 10]",3,0.21364522417153903,26,29,3,0.088888888888888,3,1
50,"(3,19)",,False,24,"[3, 19, 4, 14, 5]",3,0.14619883040935602,28,31,2,0.038596491228070004,3,1
51,"(3,19)",,False,24,"[3, 19, 4, 14, 5]",3,0.14619883040935602,28,31,2,0.038596491228070004,3,1
52,"(12,5)",,True,27,"[0, 18, 12, 5, 4]",3,0.09688109161793301,30,33,2,0.005847953216374001,3,1
53,"(12,5)",,True,27,"[0, 18, 12, 5, 4]",3,0.09688109161793301,30,33,2,0.005847953216374001,3,1
54,"(16,2)",,False,27,"[18, 16, 11, 13, 2]",3,0.071150097465886,32,35,2,0.011695906432748001,3,1
55,"(16,2)",,False,27,"[18, 16, 11, 13, 2]",3,0.071150097465886,32,35,2,0.011695906432748001,3,1
56,"(1,3)",,False,27,"[17, 12, 7, 1, 3]",3,0.06752993595098801,32,36,3,0.098579782790309,4,1
57,"(1,3)",,False,27,"[17, 12, 7, 1, 3]",3,0.06752993595098801,32,36,3,0.098579782790309,4,1
58,"(7,12)",,False,30,"[9, 7, 17, 12, 15]",3,0.053118908382066,30,36,3,0.082846003898635,6,1
59,"(7,12)",,False,30,"[9, 7, 17, 12, 15]",3,0.053118908382066,30,36,3,0.082846003898635,6,1
60,"(15,11)",,False,32,"[17, 15, 16, 11, 7]",3,0.055653021442495,28,36,3,0.076608187134502,8,1
61,"(15,11)",,False,32,"[17, 15, 16, 11, 7]",3,0.055653021442495,28,36,3,0.076608187134502,8,1
62,"(15,6)",,False,32,"[12, 15, 16, 7, 6]",3,0.050255689729373006,26,36,3,0.08825093035619301,10,1
63,"(15,6)",,False,32,"[12, 15, 16, 7, 6]",3,0.050255689729373006,26,36,3,0.08825093035619301,10,1
64,"(6,0)",,False,33,"[6, 11, 8, 0, 12]",4,0.063840155945419,26,37,3,0.080084470435347,11,1
65,"(6,0)",,False,33,"[6, 11, 8, 0, 12]",4,0.063840155945419,26,37,3,0.080084470435347,11,1
66,"(2,15)",,False,32,"[14, 12, 2, 11, 15]",5,0.10808966861598401,26,38,3,0.12335004177109402,12,1
67,"(2,15)",,False,32,"[14, 12, 2, 11, 15]",5,0.10808966861598401,26,38,3,0.12335004177109402,12,1
68,10:4,assassinate,True,32,"[2, 3, 13, 12, 10]",6,0.169015974279132,28,40,3,0.069147616516037,12,1
69,10:4,assassinate,True,32,"[2, 3, 13, 12, 10]",6,0.169015974279132,28,40,3,0.069147616516037,12,1
70,"(16,5)",,False,34,"[16, 14, 2, 15, 5]",6,0.15311890838206602,30,42,3,0.051169590643274004,12,1
71,"(16,5)",,False,34,"[16, 14, 2, 15, 5]",6,0.15311890838206602,30,42,3,0.051169590643274004,12,1
72,"(15,16)",,False,33,"[13, 18, 15, 12, 16]",6,0.20769980506822602,32,44,1,0.0,12,1
73,"(15,16)",,False,33,"[13, 18, 15, 12, 16]",6,0.20769980506822602,32,44,1,0.0,12,1
74,"(14,17)",,False,34,"[19, 14, 13, 10, 17]",6,0.215058479532163,34,46,1,0.0,12,1
75,"(14,17)",,False,34,"[19, 14, 13, 10, 17]",6,0.215058479532163,34,46,1,0.0,12,1
76,"(6,14)",,False,36,"[9, 13, 6, 14, 15]",6,0.176666413508518,36,48,1,0.0,12,1
77,"(6,14)",,False,36,"[9, 13, 6, 14, 15]",6,0.176666413508518,36,48,1,0.0,12,1
78,"(12,1)",,False,36,"[12, 13, 1, 16, 2]",6,0.150188602820181,38,50,2,0.009259259259259,12,1
79,"(12,1)",,False,36,"[12, 13, 1, 16, 2]",6,0.150188602820181,38,50,2,0.009259259259259,12,1
80,"(0,3)",,False,34,"[5, 0, 18, 3, 14]",5,0.11094866796621101,40,52,2,0.017543859649122,12,1
81,"(0,3)",,False,34,"[5, 0, 18, 3, 14]",5,0.11094866796621101,40,52,2,0.017543859649122,12,1
82,"(2,16)",,False,34,"[12, 13, 2, 11, 16]",5,0.142680776014109,42,54,2,0.027777777777777003,12,1
83,"(2,16)",,False,34,"[12, 13, 2, 11, 16]",5,0.142680776014109,42,54,2,0.027777777777777003,12,1
84,6:10,assassinate,True,30,"[8, 4, 3, 5, 6]",5,0.12130325814536301,44,56,2,0.027777777777777003,12,1
85,6:10,assassinate,True,30,"[8, 4, 3, 5, 6]",5,0.12130325814536301,44,56,2,0.027777777777777003,12,1
86,"(19,5)",,False,32,"[15, 6, 7, 19, 5]",6,0.13118908382066202,46,58,2,0.024853801169590004,12,1
87,"(19,5)",,False,32,"[15, 6, 7, 19, 5]",6,0.13118908382066202,46,58,2,0.024853801169590004,12,1
88,"(6,1)",,True,35,"[6, 15, 1, 17, 3]",6,0.13233082706766902,48,60,3,0.121345029239766,12,1
89,"(6,1)",,True,35,"[6, 15, 1, 17, 3]",6,0.13233082706766902,48,60,3,0.121345029239766,12,1
90,18:4,assassinate,True,32,"[9, 12, 10, 5, 18]",5,0.096546922862712,48,61,3,0.11549707602339102,13,1
91,18:4,assassinate,True,32,"[9, 12, 10, 5, 18]",5,0.096546922862712,48,61,3,0.11549707602339102,13,1
92,"(17,10)",,False,34,"[17, 14, 15, 10, 6]",5,0.09722918407128901,50,63,3,0.057407407407407005,13,1
93,"(17,10)",,False,34,"[17, 14, 15, 10, 6]",5,0.09722918407128901,50,63,3,0.057407407407407005,13,1
94,7:8,assassinate,True,32,"[0, 6, 5, 11, 7]",6,0.10565302144249501,50,64,3,0.10721247563352801,14,1
95,7:8,assassinate,True,32,"[0, 6, 5, 11, 7]",6,0.10565302144249501,50,64,3,0.10721247563352801,14,1
96,"(1,15)",,False,34,"[1, 5, 8, 11, 15]",7,0.154288499025341,52,66,4,0.067251461988304,14,1
97,"(1,15)",,False,34,"[1, 5, 8, 11, 15]",7,0.154288499025341,52,66,4,0.067251461988304,14,1
98,"(3,18)",,False,36,"[3, 18, 4, 12, 6]",7,0.163157894736842,54,68,4,0.067738791423001,14,1
99,"(3,18)",,False,36,"[3, 18, 4, 12, 6]",7,0.163157894736842,54,68,4,0.067738791423001,14,1
100,"(14,18)",,False,35,"[14, 18, 16, 19, 3]",7,0.18471177944862102,56,70,4,0.11292119186856,14,1
101,"(14,18)",,False,35,"[14, 18, 16, 19, 3]",7,0.18471177944862102,56,70,4,0.11292119186856,14,1
102,"(15,2)",,False,37,"[15, 2, 4, 8, 18]",7,0.16816114359974002,58,72,4,0.11049382716049301,14,1
103,"(15,2)",,False,37,"[15, 2, 4, 8, 18]",7,0.16816114359974002,58,72,4,0.11049382716049301,14,1
104,"(7,15)",,False,39,"[7, 12, 5, 15, 10]",7,0.182196231319038,60,74,4,0.10074723846653601,14,1
105,"(7,15)",,False,39,"[7, 12, 5, 15, 10]",7,0.182196231319038,60,74,4,0.10074723846653601,14,1
106,"(8,17)",,False,37,"[12, 13, 3, 8, 17]",7,0.179272254710851,62,76,4,0.086127355425601,14,1
107,"(8,17)",,False,37,"[12, 13, 3, 8, 17]",7,0.179272254710851,62,76,4,0.086127355425601,14,1
108,11:10,assassinate,True,33,"[11, 12, 19, 3, 10]",7,0.19629629629629602,64,78,4,0.105263157894736,14,1
109,11:10,assassinate,True,33,"[11, 12, 19, 3, 10]",7,0.19629629629629602,64,78,4,0.105263157894736,14,1
110,"(0,2)",,False,31,"[14, 0, 2, 11, 10]",6,0.20245057087162302,66,80,4,0.12440824282929501,14,1
111,"(0,2)",,False,31,"[14, 0, 2, 11, 10]",6,0.20245057087162302,66,80,4,0.12440824282929501,14,1
112,17:10,assassinate,True,26,"[7, 15, 17, 19, 1]",5,0.167251461988304,66,81,4,0.17680311890838202,15,1
113,17:10,assassinate,True,26,"[7, 15, 17, 19, 1]",5,0.167251461988304,66,81,4,0.17680311890838202,15,1
114,"(6,18)",,False,26,"[8, 3, 14, 6, 18]",5,0.17446393762183202,66,82,4,0.20906432748538,16,1
115,"(6,18)",,False,26,"[8, 3, 14, 6, 18]",5,0.17446393762183202,66,82,4,0.20906432748538,16,1
116,"(19,16)",,False,29,"[3, 19, 8, 16, 7]",7,0.329922027290448,68,84,4,0.21978557504873203,16,1
117,"(19,16)",,False,29,"[3, 19, 8, 16, 7]",7,0.329922027290448,68,84,4,0.21978557504873203,16,1
118,"(11,1)",,False,31,"[11, 18, 12, 1, 8]",7,0.347953216374269,70,86,5,0.31237816764132503,16,1
119,"(11,1)",,False,31,"[11, 18, 12, 1, 8]",7,0.347953216374269,70,86,5,0.31237816764132503,16,1
120,"(0,6)",,False,31,"[15, 4, 14, 0, 6]",6,0.299415204678362,70,87,5,0.336452241715399,17,1
121,"(0,6)",,False,31,"[15, 4, 14, 0, 6]",6,0.299415204678362,70,87,5,0.336452241715399,17,1
122,"(5,1)",,False,33,"[5, 17, 13, 1, 10]",6,0.26247563352826503,70,88,6,0.289376218323586,18,1
123,"(5,1)",,False,33,"[5, 17, 13, 1, 10]",6,0.26247563352826503,70,88,6,0.289376218323586,18,1
124,"(16,2)",,False,32,"[8, 16, 2, 3, 12]",6,0.322319688109161,72,90,6,0.24074074074074,18,1
125,"(16,2)",,False,32,"[8, 16, 2, 3, 12]",6,0.322319688109161,72,90,6,0.24074074074074,18,1
126,"(12,9)",,False,33,"[8, 13, 12, 9, 19]",7,0.335672514619882,74,92,6,0.23732943469785503,18,1
127,"(12,9)",,False,33,"[8, 13, 12, 9, 19]",7,0.335672514619882,74,92,6,0.23732943469785503,18,1
128,"(17,14)",,False,34,"[17, 5, 14, 2, 3]",7,0.31374269005847905,76,94,6,0.20438596491228,18,1
129,"(17,14)",,False,34,"[17, 5, 14, 2, 3]",7,0.31374269005847905,76,94,6,0.20438596491228,18,1
130,"(15,17)",,False,37,"[14, 15, 18, 2, 17]",7,0.29074074074074,78,96,6,0.17243107769423502,18,1
131,"(15,17)",,False,37,"[14, 15, 18, 2, 17]",7,0.29074074074074,78,96,6,0.17243107769423502,18,1
132,"(14,0)",,False,38,"[14, 15, 4, 0, 2]",8,0.32233593242365105,80,98,6,0.137004548408057,18,1
133,"(14,0)",,False,38,"[14, 15, 4, 0, 2]",8,0.32233593242365105,80,98,6,0.137004548408057,18,1
134,"(12,17)",,False,40,"[12, 17, 14, 13, 5]",9,0.33086419753086405,82,100,6,0.125503573749187,18,1
135,"(12,17)",,False,40,"[12, 17, 14, 13, 5]",9,0.33086419753086405,82,100,6,0.125503573749187,18,1
136,"(0,9)",,False,38,"[3, 0, 17, 9, 8]",8,0.298489278752436,84,102,5,0.10638401559454101,18,1
137,"(0,9)",,False,38,"[3, 0, 17, 9, 8]",8,0.298489278752436,84,102,5,0.10638401559454101,18,1
138,"(8,1)",,False,39,"[17, 13, 8, 3, 1]",8,0.292550821498189,86,104,6,0.13771929824561402,18,1
139,"(8,1)",,False,39,"[17, 13, 8, 3, 1]",8,0.292550821498189,86,104,6,0.13771929824561402,18,1
140,"(0,16)",,False,39,"[17, 0, 16, 12, 3]",7,0.18826232247284802,88,106,6,0.12797270955165602,18,1
141,"(0,16)",,False,39,"[17, 0, 16, 12, 3]",7,0.18826232247284802,88,106,6,0.12797270955165602,18,1
142,"(0,18)",,False,39,"[13, 0, 18, 5, 9]",6,0.170036201615148,90,108,6,0.138707880813143,18,1
143,"(0,18)",,False,39,"[13, 0, 18, 5, 9]",6,0.170036201615148,90,108,6,0.138707880813143,18,1
144,"(17,0)",,False,37,"[7, 17, 12, 4, 0]",5,0.161612364243943,92,110,6,0.147312726260094,18,1
145,"(17,0)",,False,37,"[7, 17, 12, 4, 0]",5,0.161612364243943,92,110,6,0.147312726260094,18,1
146,"(0,19)",,False,37,"[6, 0, 19, 11, 17]",4,0.11365914786967402,92,111,6,0.17236145920356402,19,1
147,"(0,19)",,False,37,"[6, 0, 19, 11, 17]",4,0.11365914786967402,92,111,6,0.17236145920356402,19,1
148,"(1,9)",,False,39,"[1, 12, 14, 8, 9]",4,0.21307435254803603,92,112,7,0.22418546365914702,20,1
149,"(1,9)",,False,39,"[1, 12, 14, 8, 9]",4,0.21307435254803603,92,112,7,0.22418546365914702,20,1
150,"(2,14)",,False,39,"[2, 12, 3, 14, 17]",5,0.26541353383458605,94,114,7,0.16088833194096303,20,1
151,"(2,14)",,False,39,"[2, 12, 3, 14, 17]",5,0.26541353383458605,94,114,7,0.16088833194096303,20,1
152,"(0,19)",,False,36,"[15, 0, 2, 19, 4]",4,0.212684489000278,96,116,5,0.14880256196045602,20,1
153,"(0,19)",,False,36,"[15, 0, 2, 19, 4]",4,0.212684489000278,96,116,5,0.14880256196045602,20,1
154,"(17,16)",,True,39,"[17, 14, 7, 16, 4]",6,0.171779828358775,98,118,5,0.131097103026927,20,1
155,"(17,16)",,True,39,"[17, 14, 7, 16, 4]",6,0.171779828358775,98,118,5,0.131097103026927,20,1
156,"(1,18)",,False,40,"[1, 6, 12, 19, 18]",7,0.21016894087069501,100,120,6,0.15844704353476202,20,1
157,"(1,18)",,False,40,"[1, 6, 12, 19, 18]",7,0.21016894087069501,100,120,6,0.15844704353476202,20,1
158,"(8,6)",,False,43,"[8, 13, 6, 4, 12]",7,0.200640490114174,102,122,6,0.11999443052074601,20,1
159,"(8,6)",,False,43,"[8, 13, 6, 4, 12]",7,0.200640490114174,102,122,6,0.11999443052074601,20,1
160,"(10,12)",,False,44,"[10, 15, 12, 17, 9]",7,0.156356801093643,104,124,6,0.110598465861623,20,1
161,"(10,12)",,False,44,"[10, 15, 12, 17, 9]",7,0.156356801093643,104,124,6,0.110598465861623,20,1
162,10:6,assassinate,True,42,"[18, 1, 10, 8, 9]",6,0.100250626566416,106,126,6,0.099345586187691,20,1
163,10:6,assassinate,True,42,"[18, 1, 10, 8, 9]",6,0.100250626566416,106,126,6,0.099345586187691,20,1
164,8:10,assassinate,True,37,"[18, 0, 8, 4, 9]",6,0.134746588693957,108,128,5,0.083820662768031,20,1
165,8:10,assassinate,True,37,"[18, 0, 8, 4, 9]",6,0.134746588693957,108,128,5,0.083820662768031,20,1
166,"(10,18)",,False,38,"[10, 7, 5, 18, 0]",6,0.13489974937343302,110,130,5,0.07212475633528201,20,1
167,"(10,18)",,False,38,"[10, 7, 5, 18, 0]",6,0.13489974937343302,110,130,5,0.07212475633528201,20,1
168,"(17,10)",,False,39,"[13, 17, 0, 8, 10]",6,0.13588137009189602,112,132,5,0.067446393762183,20,1
169,"(17,10)",,False,39,"[13, 17, 0, 8, 10]",6,0.13588137009189602,112,132,5,0.067446393762183,20,1
170,"(7,1)",,False,39,"[7, 10, 6, 3, 1]",6,0.131836535783904,114,134,6,0.111723753829016,20,1
171,"(7,1)",,False,39,"[7, 10, 6, 3, 1]",6,0.131836535783904,114,134,6,0.111723753829016,20,1
172,"(14,3)",,False,41,"[19, 15, 14, 3, 5]",6,0.12936507936507902,116,136,6,0.11750208855472001,20,1
173,"(14,3)",,False,41,"[19, 15, 14, 3, 5]",6,0.12936507936507902,116,136,6,0.11750208855472001,20,1
174,"(16,1)",,False,41,"[16, 1, 5, 13, 3]",6,0.13106377053745402,116,137,7,0.162336396546922,21,1
175,"(16,1)",,False,41,"[16, 1, 5, 13, 3]",6,0.13106377053745402,116,137,7,0.162336396546922,21,1
176,"(1,8)",,False,42,"[1, 16, 8, 2, 9]",6,0.127295089575791,116,138,8,0.19363686995265902,22,1
177,"(1,8)",,False,42,"[1, 16, 8, 2, 9]",6,0.127295089575791,116,138,8,0.19363686995265902,22,1
178,"(0,2)",,False,39,"[0, 2, 12, 10, 14]",5,0.08628979857050001,114,138,8,0.23621553884711702,24,1
179,"(0,2)",,False,39,"[0, 2, 12, 10, 14]",5,0.08628979857050001,114,138,8,0.23621553884711702,24,1
180,11:8,assassinate,True,33,"[4, 8, 19, 11, 15]",4,0.10818713450292301,112,138,8,0.25701754385964903,26,1
181,11:8,assassinate,True,33,"[4, 8, 19, 11, 15]",4,0.10818713450292301,112,138,8,0.25701754385964903,26,1
182,"(1,2)",,False,35,"[13, 1, 2, 10, 19]",5,0.139473684210526,110,138,9,0.27933723196881,28,1
183,"(1,2)",,False,35,"[13, 1, 2, 10, 19]",5,0.139473684210526,110,138,9,0.27933723196881,28,1
184,"(15,0)",,False,33,"[2, 15, 17, 0, 11]",4,0.119952659426343,108,138,8,0.22663603453077102,30,1
185,"(15,0)",,False,33,"[2, 15, 17, 0, 11]",4,0.119952659426343,108,138,8,0.22663603453077102,30,1
186,"(1,4)",,False,35,"[17, 8, 1, 16, 4]",4,0.063840155945419,106,138,9,0.28489278752436603,32,1
187,"(1,4)",,False,35,"[17, 8, 1, 16, 4]",4,0.063840155945419,106,138,9,0.28489278752436603,32,1
188,15:8,assassinate,True,33,"[2, 15, 6, 9, 4]",4,0.081846710794079,104,138,9,0.272569243621875,34,1
189,15:8,assassinate,True,33,"[2, 15, 6, 9, 4]",4,0.081846710794079,104,138,9,0.272569243621875,34,1
190,"(10,0)",,False,33,"[8, 10, 0, 6, 18]",3,0.047591200222779004,102,138,9,0.27833472570314605,36,1
191,"(10,0)",,False,33,"[8, 10, 0, 6, 18]",3,0.047591200222779004,102,138,9,0.27833472570314605,36,1
192,"(1,15)",,False,35,"[9, 1, 15, 8, 17]",3,0.0317738791423,100,138,10,0.328460038986354,38,1
193,"(1,15)",,False,35,"[9, 1, 15, 8, 17]",3,0.0317738791423,100,138,10,0.328460038986354,38,1
194,"(7,11)",,False,38,"[13, 7, 11, 6, 12]",3,0.031166932482721003,98,138,10,0.31317245133034605,40,1
195,"(7,11)",,False,38,"[13, 7, 11, 6, 12]",3,0.031166932482721003,98,138,10,0.31317245133034605,40,1
196,"(10,1)",,False,41,"[18, 10, 1, 8, 13]",5,0.058535226956279,96,138,11,0.345245057087162,42,1
197,"(10,1)",,False,41,"[18, 10, 1, 8, 13]",5,0.058535226956279,96,138,11,0.345245057087162,42,1
198,"(2,7)",,False,41,"[2, 7, 13, 6, 3]",5,0.05964912280701701,94,138,11,0.358695349484823,44,1
199,"(2,7)",,False,41,"[2, 7, 13, 6, 3]",5,0.05964912280701701,94,138,11,0.358695349484823,44,1
200,"(1,11)",,False,43,"[1, 3, 2, 11, 12]",5,0.056975772765246006,92,138,12,0.35304232804232805,46,1
201,"(1,11)",,False,43,"[1, 3, 2, 11, 12]",5,0.056975772765246006,92,138,12,0.35304232804232805,46,1
202,"(0,1)",,False,45,"[0, 10, 15, 1, 9]",7,0.08777499303815,90,138,13,0.35567390698969603,48,1
203,"(0,1)",,False,45,"[0, 10, 15, 1, 9]",7,0.08777499303815,90,138,13,0.35567390698969603,48,1
204,"(1,16)",,False,47,"[6, 15, 11, 1, 16]",7,0.087280701754385,88,138,14,0.36763436368699504,50,1
205,"(1,16)",,False,47,"[6, 15, 11, 1, 16]",7,0.087280701754385,88,138,14,0.36763436368699504,50,1
206,"(17,1)",,True,46,"[17, 3, 12, 1, 8]",7,0.086890838206627,86,138,13,0.32019632414369203,52,1
207,"(17,1)",,True,46,"[17, 3, 12, 1, 8]",7,0.086890838206627,86,138,13,0.32019632414369203,52,1
208,"(10,14)",,False,46,"[13, 6, 10, 9, 14]",7,0.103575225943646,84,138,13,0.327744234323181,54,1
209,"(10,14)",,False,46,"[13, 6, 10, 9, 14]",7,0.103575225943646,84,138,13,0.327744234323181,54,1
210,"(14,0)",,False,43,"[14, 1, 13, 12, 0]",6,0.06629768866610901,82,138,11,0.26319270398217703,56,1
211,"(14,0)",,False,43,"[14, 1, 13, 12, 0]",6,0.06629768866610901,82,138,11,0.26319270398217703,56,1
212,"(3,0)",,False,40,"[10, 3, 2, 0, 9]",5,0.046994801819363004,80,138,9,0.20766499582289003,58,1
213,"(3,0)",,False,40,"[10, 3, 2, 0, 9]",5,0.046994801819363004,80,138,9,0.20766499582289003,58,1
214,"(2,14)",,False,43,"[10, 2, 14, 4, 19]",7,0.12903323122621302,78,138,9,0.14415900863269202,60,1
215,"(2,14)",,False,43,"[10, 2, 14, 4, 19]",7,0.12903323122621302,78,138,9,0.14415900863269202,60,1
216,"(11,12)",,False,43,"[18, 10, 11, 14, 12]",7,0.10376636034530701,80,140,8,0.103237259816207,60,1
217,"(11,12)",,False,43,"[18, 10, 11, 14, 12]",7,0.10376636034530701,80,140,8,0.103237259816207,60,1
218,"(16,9)",,False,46,"[14, 16, 9, 13, 7]",7,0.087798199201707,80,141,8,0.088285528636405,61,1
219,"(16,9)",,False,46,"[14, 16, 9, 13, 7]",7,0.087798199201707,80,141,8,0.088285528636405,61,1
220,"(8,0)",,False,45,"[6, 8, 0, 11, 17]",6,0.085185185185185,80,142,8,0.09479253689780001,62,1
221,"(8,0)",,False,45,"[6, 8, 0, 11, 17]",6,0.085185185185185,80,142,8,0.09479253689780001,62,1
222,"(1,16)",,False,44,"[8, 1, 16, 12, 6]",6,0.081286549707602,82,144,7,0.08077137287663601,62,1
223,"(1,16)",,False,44,"[8, 1, 16, 12, 6]",6,0.081286549707602,82,144,7,0.08077137287663601,62,1
224,"(10,1)",,False,43,"[10, 19, 1, 0, 7]",6,0.11642300194931701,84,146,7,0.099944305207463,62,1
225,"(10,1)",,False,43,"[10, 19, 1, 0, 7]",6,0.11642300194931701,84,146,7,0.099944305207463,62,1
226,"(1,6)",,True,46,"[1, 19, 18, 6, 0]",6,0.12291840712893301,84,147,8,0.12859927596769602,63,1
227,"(1,6)",,True,46,"[1, 19, 18, 6, 0]",6,0.12291840712893301,84,147,8,0.12859927596769602,63,1
228,"(17,7)",,False,46,"[17, 3, 18, 8, 7]",6,0.11598440545808901,84,148,8,0.12355889724310701,64,1
229,"(17,7)",,False,46,"[17, 3, 18, 8, 7]",6,0.11598440545808901,84,148,8,0.12355889724310701,64,1
230,"(10,3)",,True,46,"[6, 8, 10, 7, 3]",6,0.12543859649122802,86,150,8,0.12254246727930901,64,1
231,"(10,3)",,True,46,"[6, 8, 10, 7, 3]",6,0.12543859649122802,86,150,8,0.12254246727930901,64,1
232,16:6,assassinate,True,45,"[19, 16, 6, 5, 10]",7,0.10265499607604801,88,152,8,0.09937659806080801,64,1
233,16:6,assassinate,True,45,"[19, 16, 6, 5, 10]",7,0.10265499607604801,88,152,8,0.09937659806080801,64,1
234,14:10,assassinate,True,38,"[5, 14, 8, 17, 3]",6,0.09573470713821501,90,154,7,0.07798663324979101,64,1
235,14:10,assassinate,True,38,"[5, 14, 8, 17, 3]",6,0.09573470713821501,90,154,7,0.07798663324979101,64,1
236,"(0,12)",,False,36,"[0, 10, 12, 8, 18]",5,0.077485380116959,92,156,6,0.055555555555555004,64,1
237,"(0,12)",,False,36,"[0, 10, 12, 8, 18]",5,0.077485380116959,92,156,6,0.055555555555555004,64,1
238,"(18,5)",,False,36,"[18, 0, 5, 10, 12]",5,0.077485380116959,94,158,5,0.041423001949317,64,1
239,"(18,5)",,False,36,"[18, 0, 5, 10, 12]",5,0.077485380116959,94,158,5,0.041423001949317,64,1
240,13:8,assassinate,True,33,"[19, 2, 4, 13, 11]",4,0.036647173489278005,94,159,5,0.044346978557504003,65,1
241,13:8,assassinate,True,33,"[19, 2, 4, 13, 11]",4,0.036647173489278005,94,159,5,0.044346978557504003,65,1
242,"(16,2)",,False,35,"[13, 16, 5, 2, 14]",4,0.035185185185185,92,159,5,0.046296296296296,67,1
243,"(16,2)",,False,35,"[13, 16, 5, 2, 14]",4,0.035185185185185,92,159,5,0.046296296296296,67,1
244,"(13,5)",,False,38,"[16, 13, 18, 5, 17]",6,0.17495126705653002,94,161,5,0.07329434697855701,67,1
245,"(13,5)",,False,38,"[16, 13, 18, 5, 17]",6,0.17495126705653002,94,161,5,0.07329434697855701,67,1
246,"(5,11)",,False,39,"[5, 15, 11, 4, 10]",6,0.16569200779727,96,163,5,0.065448343079922,67,1
247,"(5,11)",,False,39,"[5, 15, 11, 4, 10]",6,0.16569200779727,96,163,5,0.065448343079922,67,1
248,"(4,13)",,False,41,"[10, 4, 18, 15, 13]",6,0.156502367028682,98,165,5,0.054799034623596005,67,1
249,"(4,13)",,False,41,"[10, 4, 18, 15, 13]",6,0.156502367028682,98,165,5,0.054799034623596005,67,1
250,19:10,assassinate,True,36,"[4, 19, 3, 9, 5]",5,0.16140350877192902,100,167,5,0.065497076023391,67,1
251,19:10,assassinate,True,36,"[4, 19, 3, 9, 5]",5,0.16140350877192902,100,167,5,0.065497076023391,67,1
252,"(5,14)",,False,38,"[5, 10, 18, 12, 14]",5,0.096769702032859,102,169,5,0.0395850737956,67,1
253,"(5,14)",,False,38,"[5, 10, 18, 12, 14]",5,0.096769702032859,102,169,5,0.0395850737956,67,1
254,"(16,9)",,False,40,"[7, 19, 18, 16, 9]",6,0.12227095516569202,104,171,5,0.038311055416318004,67,1
255,"(16,9)",,False,40,"[7, 19, 18, 16, 9]",6,0.12227095516569202,104,171,5,0.038311055416318004,67,1
256,"(1,15)",,False,41,"[1, 16, 5, 15, 11]",6,0.125194931773879,106,173,6,0.082658033973823,67,1
257,"(1,15)",,False,41,"[1, 16, 5, 15, 11]",6,0.125194931773879,106,173,6,0.082658033973823,67,1
258,"(2,8)",,False,42,"[10, 2, 5, 0, 8]",6,0.14947786131996602,108,175,6,0.084649122807017,67,1
259,"(2,8)",,False,42,"[10, 2, 5, 0, 8]",6,0.14947786131996602,108,175,6,0.084649122807017,67,1
260,"(0,6)",,False,42,"[0, 19, 7, 6, 2]",5,0.126357560568086,110,177,6,0.098997493734335,67,1
261,"(0,6)",,False,42,"[0, 19, 7, 6, 2]",5,0.126357560568086,110,177,6,0.098997493734335,67,1
262,"(10,14)",,False,44,"[6, 10, 5, 14, 18]",6,0.13393901420217202,112,179,6,0.090155945419103,67,1
263,"(10,14)",,False,44,"[6, 10, 5, 14, 18]",6,0.13393901420217202,112,179,6,0.090155945419103,67,1
264,"(0,13)",,False,42,"[6, 10, 12, 0, 13]",5,0.110839598997493,114,181,6,0.08625730994152,67,1
265,"(0,13)",,False,42,"[6, 10, 12, 0, 13]",5,0.110839598997493,114,181,6,0.08625730994152,67,1
266,"(1,19)",,False,42,"[7, 5, 11, 1, 19]",5,0.09951963241436901,114,182,6,0.12610693400167,68,1
267,"(1,19)",,False,42,"[7, 5, 11, 1, 19]",5,0.09951963241436901,114,182,6,0.12610693400167,68,1
268,"(4,1)",,False,44,"[18, 4, 8, 1, 3]",5,0.068207555926854,112,182,7,0.146649029982363,70,1
269,"(4,1)",,False,44,"[18, 4, 8, 1, 3]",5,0.068207555926854,112,182,7,0.146649029982363,70,1
270,11:8,assassinate,True,41,"[19, 14, 3, 11, 8]",4,0.043233082706766006,110,182,7,0.17013366750208803,72,1
271,11:8,assassinate,True,41,"[19, 14, 3, 11, 8]",4,0.043233082706766006,110,182,7,0.17013366750208803,72,1
272,"(19,11)",,False,43,"[19, 9, 0, 4, 11]",4,0.042648287385129005,108,182,7,0.155806182121971,74,1
273,"(19,11)",,False,43,"[19, 9, 0, 4, 11]",4,0.042648287385129005,108,182,7,0.155806182121971,74,1
274,14:6,assassinate,True,42,"[5, 13, 14, 11, 8]",3,0.009259259259259,106,182,7,0.109697855750487,76,1
275,14:6,assassinate,True,42,"[5, 13, 14, 11, 8]",3,0.009259259259259,106,182,7,0.109697855750487,76,1
276,"(4,0)",,False,43,"[3, 4, 2, 11, 0]",4,0.12809802283486402,106,183,7,0.168838763575605,77,1
277,"(4,0)",,False,43,"[3, 4, 2, 11, 0]",4,0.12809802283486402,106,183,7,0.168838763575605,77,1
278,"(9,6)",,False,44,"[9, 6, 3, 17, 18]",4,0.128571428571428,104,183,7,0.16989696463380602,79,1
279,"(9,6)",,False,44,"[9, 6, 3, 17, 18]",4,0.128571428571428,104,183,7,0.16989696463380602,79,1
280,"(1,14)",,False,43,"[9, 1, 14, 16, 12]",4,0.069409635199108,104,184,6,0.127875243664717,80,1
281,"(1,14)",,False,43,"[9, 1, 14, 16, 12]",4,0.069409635199108,104,184,6,0.127875243664717,80,1
282,"(13,15)",,False,42,"[5, 13, 9, 15, 3]",4,0.142495126705653,106,186,4,0.082553606237816,80,1
283,"(13,15)",,False,42,"[5, 13, 9, 15, 3]",4,0.142495126705653,106,186,4,0.082553606237816,80,1
284,"(6,8)",,False,43,"[10, 6, 8, 16, 19]",4,0.14541910331384,108,188,4,0.087719298245614,80,1
285,"(6,8)",,False,43,"[10, 6, 8, 16, 19]",4,0.14541910331384,108,188,4,0.087719298245614,80,1
286,"(3,0)",,False,43,"[3, 16, 13, 14, 0]",3,0.122807017543859,108,189,4,0.137231968810916,81,1
287,"(3,0)",,False,43,"[3, 16, 13, 14, 0]",3,0.122807017543859,108,189,4,0.137231968810916,81,1
288,"(19,14)",,False,45,"[19, 10, 14, 17, 3]",3,0.049039264828738,108,190,4,0.077875243664717,82,1
289,"(19,14)",,False,45,"[19, 10, 14, 17, 3]",3,0.049039264828738,108,190,4,0.077875243664717,82,1
290,"(8,19)",,False,48,"[8, 5, 2, 19, 17]",3,0.03170890188434,106,190,4,0.06091617933723101,84,1
291,"(8,19)",,False,48,"[8, 5, 2, 19, 17]",3,0.03170890188434,106,190,4,0.06091617933723101,84,1
292,"(1,3)",,False,51,"[1, 9, 0, 13, 3]",3,0.045417626557977,104,190,5,0.083791955283183,86,1
293,"(1,3)",,False,51,"[1, 9, 0, 13, 3]",3,0.045417626557977,104,190,5,0.083791955283183,86,1
294,"(14,7)",,False,53,"[14, 6, 9, 7, 15]",4,0.042810730530028006,104,191,5,0.055165692007797,87,1
295,"(14,7)",,False,53,"[14, 6, 9, 7, 15]",4,0.042810730530028006,104,191,5,0.055165692007797,87,1
296,"(10,0)",,False,53,"[10, 6, 15, 0, 8]",4,0.036999907175345,104,192,5,0.057567740901074006,88,1
297,"(10,0)",,False,53,"[10, 6, 15, 0, 8]",4,0.036999907175345,104,192,5,0.057567740901074006,88,1
298,"(1,4)",,False,56,"[1, 11, 4, 12, 2]",4,0.038754293140258,102,192,6,0.06819827346143101,90,1
299,"(1,4)",,False,56,"[1, 11, 4, 12, 2]",4,0.038754293140258,102,192,6,0.06819827346143101,90,1
300,14:8,assassinate,True,53,"[12, 4, 14, 19, 8]",4,0.019493177387914,100,192,6,0.056316717720226006,92,1
301,14:8,assassinate,True,53,"[12, 4, 14, 19, 8]",4,0.019493177387914,100,192,6,0.056316717720226006,92,1
302,18:12,assassinate,True,49,"[7, 10, 13, 9, 18]",3,0.011939571150097,98,192,6,0.060769980506822,94,1
303,18:12,assassinate,True,49,"[7, 10, 13, 9, 18]",3,0.011939571150097,98,192,6,0.060769980506822,94,1
304,"(5,17)",,False,51,"[5, 17, 14, 13, 9]",3,0.010964912280701001,96,192,6,0.052582846003898,96,1
305,"(5,17)",,False,51,"[5, 17, 14, 13, 9]",3,0.010964912280701001,96,192,6,0.052582846003898,96,1
306,"(8,15)",,False,51,"[4, 8, 12, 10, 15]",3,0.010818713450292,94,192,6,0.060832637148426,98,1
307,"(8,15)",,False,51,"[4, 8, 12, 10, 15]",3,0.010818713450292,94,192,6,0.060832637148426,98,1
308,"(6,18)",,False,53,"[6, 0, 3, 18, 2]",3,0.009790891369838,92,192,6,0.073781676413255,100,1
309,"(6,18)",,False,53,"[6, 0, 3, 18, 2]",3,0.009790891369838,92,192,6,0.073781676413255,100,1
310,"(1,11)",,False,53,"[9, 1, 12, 11, 7]",3,0.003942938153464,90,192,7,0.06929824561403501,102,1
311,"(1,11)",,False,53,"[9, 1, 12, 11, 7]",3,0.003942938153464,90,192,7,0.06929824561403501,102,1
312,"(13,15)",,False,54,"[5, 13, 6, 17, 15]",5,0.01174020910863,88,192,7,0.05594541910331301,104,1
313,"(13,15)",,False,54,"[5, 13, 6, 17, 15]",5,0.01174020910863,88,192,7,0.05594541910331301,104,1
314,"(17,1)",,False,55,"[13, 4, 15, 17, 1]",6,0.11846535530746001,90,194,7,0.083820662768031,104,1
315,"(17,1)",,False,55,"[13, 4, 15, 17, 1]",6,0.11846535530746001,90,194,7,0.083820662768031,104,1
316,"(3,14)",,False,58,"[17, 3, 14, 15, 13]",6,0.058636977058029005,90,195,7,0.062670565302144,105,1
317,"(3,14)",,False,58,"[17, 3, 14, 15, 13]",6,0.058636977058029005,90,195,7,0.062670565302144,105,1
318,"(1,14)",,False,59,"[1, 17, 9, 14, 6]",6,0.059454191033138,90,196,8,0.08674463937621801,106,1
319,"(1,14)",,False,59,"[1, 17, 9, 14, 6]",6,0.059454191033138,90,196,8,0.08674463937621801,106,1
320,"(18,15)",,False,60,"[10, 7, 3, 18, 15]",6,0.050704753336332,88,196,8,0.094152046783625,108,1
321,"(18,15)",,False,60,"[10, 7, 3, 18, 15]",6,0.050704753336332,88,196,8,0.094152046783625,108,1
322,"(16,1)",,False,62,"[19, 16, 2, 1, 6]",6,0.044884647516226006,86,196,9,0.10857699805068201,110,1
323,"(16,1)",,False,62,"[19, 16, 2, 1, 6]",6,0.044884647516226006,86,196,9,0.10857699805068201,110,1
324,"(6,18)",,False,62,"[6, 5, 10, 17, 18]",6,0.045827531792444004,84,196,8,0.08519446765060701,112,1
325,"(6,18)",,False,62,"[6, 5, 10, 17, 18]",6,0.045827531792444004,84,196,8,0.08519446765060701,112,1
326,"(0,14)",,False,62,"[12, 0, 9, 14, 18]",5,0.019247192054209,82,196,8,0.10285667873387101,114,1
327,"(0,14)",,False,62,"[12, 0, 9, 14, 18]",5,0.019247192054209,82,196,8,0.10285667873387101,114,1
328,"(12,2)",,False,64,"[12, 13, 2, 17, 18]",6,0.026696370556019002,80,196,8,0.09504316346421601,116,1
329,"(12,2)",,False,64,"[12, 13, 2, 17, 18]",6,0.026696370556019002,80,196,8,0.09504316346421601,116,1
330,"(3,5)",,False,62,"[3, 15, 10, 5, 2]",6,0.031140350877192004,78,196,8,0.09368560289612901,118,1
331,"(3,5)",,False,62,"[3, 15, 10, 5, 2]",6,0.031140350877192004,78,196,8,0.09368560289612901,118,1
332,"(18,4)",,False,64,"[18, 2, 12, 4, 19]",6,0.029657477025898004,76,196,8,0.082233361180729,120,1
333,"(18,4)",,False,64,"[18, 2, 12, 4, 19]",6,0.029657477025898004,76,196,8,0.082233361180729,120,1
334,"(17,14)",,False,62,"[19, 17, 2, 0, 14]",6,0.030307249605495003,74,196,7,0.06631393298059901,122,1
335,"(17,14)",,False,62,"[19, 17, 2, 0, 14]",6,0.030307249605495003,74,196,7,0.06631393298059901,122,1
336,8:14,assassinate,True,54,"[6, 17, 3, 8, 9]",5,0.021117608836907,72,196,5,0.058502738327299006,124,1
337,8:14,assassinate,True,54,"[6, 17, 3, 8, 9]",5,0.021117608836907,72,196,5,0.058502738327299006,124,1
338,10:12,assassinate,True,46,"[16, 13, 6, 5, 10]",5,0.022417153996101002,70,196,5,0.062540610786224,126,1
339,10:12,assassinate,True,46,"[16, 13, 6, 5, 10]",5,0.022417153996101002,70,196,5,0.062540610786224,126,1
340,"(17,1)",,False,47,"[17, 1, 9, 0, 15]",5,0.034925276153346,68,196,6,0.090594541910331,128,1
341,"(17,1)",,False,47,"[17, 1, 9, 0, 15]",5,0.034925276153346,68,196,6,0.090594541910331,128,1
342,"(4,16)",,False,45,"[3, 4, 17, 16, 18]",5,0.030701754385964,70,198,5,0.029191033138401,128,1
343,"(4,16)",,False,45,"[3, 4, 17, 16, 18]",5,0.030701754385964,70,198,5,0.029191033138401,128,1
344,5:14,assassinate,True,38,"[5, 18, 13, 8, 6]",5,0.046644388749651,70,199,5,0.050870231133389,129,1
345,5:14,assassinate,True,38,"[5, 18, 13, 8, 6]",5,0.046644388749651,70,199,5,0.050870231133389,129,1
346,12:16,assassinate,True,31,"[3, 9, 12, 11, 6]",4,0.011403508771929001,70,200,5,0.042007797270955,130,1
347,12:16,assassinate,True,31,"[3, 9, 12, 11, 6]",4,0.011403508771929001,70,200,5,0.042007797270955,130,1
348,"(18,13)",,False,30,"[5, 18, 11, 13, 19]",4,0.023001949317738003,70,201,4,0.031384015594541,131,1
349,"(18,13)",,False,30,"[5, 18, 11, 13, 19]",4,0.023001949317738003,70,201,4,0.031384015594541,131,1
350,"(16,18)",,False,33,"[13, 16, 5, 15, 18]",4,0.040935672514619006,72,203,4,0.032163742690058006,131,1
351,"(16,18)",,False,33,"[13, 16, 5, 15, 18]",4,0.040935672514619006,72,203,4,0.032163742690058006,131,1
352,"(17,8)",,False,35,"[17, 8, 18, 5, 15]",5,0.075048732943469,74,205,4,0.066276803118908,131,1
353,"(17,8)",,False,35,"[17, 8, 18, 5, 15]",5,0.075048732943469,74,205,4,0.066276803118908,131,1
354,"(10,2)",,True,34,"[10, 3, 17, 2, 18]",5,0.11842105263157801,76,207,4,0.08576998050682201,131,1
355,"(10,2)",,True,34,"[10, 3, 17, 2, 18]",5,0.11842105263157801,76,207,4,0.08576998050682201,131,1
356,"(10,9)",,True,36,"[13, 8, 10, 19, 9]",5,0.12085769980506801,78,209,4,0.079922027290448,131,1
357,"(10,9)",,True,36,"[13, 8, 10, 19, 9]",5,0.12085769980506801,78,209,4,0.079922027290448,131,1
358,"(18,14)",,True,38,"[18, 15, 19, 8, 14]",5,0.107699805068226,80,211,4,0.087719298245614,131,1
359,"(18,14)",,True,38,"[18, 15, 19, 8, 14]",5,0.107699805068226,80,211,4,0.087719298245614,131,1
360,"(14,1)",,False,40,"[14, 1, 4, 0, 2]",5,0.11228070175438501,80,212,5,0.14980506822612003,132,1
361,"(14,1)",,False,40,"[14, 1, 4, 0, 2]",5,0.11228070175438501,80,212,5,0.14980506822612003,132,1
362,"(3,11)",,False,38,"[6, 14, 3, 11, 17]",5,0.149610136452241,78,212,5,0.18274853801169502,134,1
363,"(3,11)",,False,38,"[6, 14, 3, 11, 17]",5,0.149610136452241,78,212,5,0.18274853801169502,134,1
364,"(19,5)",,False,41,"[19, 0, 13, 5, 17]",7,0.19766081871345,80,214,5,0.12953216374269,134,1
365,"(19,5)",,False,41,"[19, 0, 13, 5, 17]",7,0.19766081871345,80,214,5,0.12953216374269,134,1
366,"(0,4)",,False,39,"[0, 4, 19, 7, 5]",6,0.145029239766081,82,216,5,0.128557504873294,134,1
367,"(0,4)",,False,39,"[0, 4, 19, 7, 5]",6,0.145029239766081,82,216,5,0.128557504873294,134,1
368,2:6,assassinate,True,35,"[13, 2, 8, 17, 18]",6,0.14174788823911602,84,218,5,0.12945094217024,134,1
369,2:6,assassinate,True,35,"[13, 2, 8, 17, 18]",6,0.14174788823911602,84,218,5,0.12945094217024,134,1
370,"(12,0)",,False,35,"[2, 12, 0, 4, 5]",5,0.06474983755685501,84,219,5,0.126526965562053,135,1
371,"(12,0)",,False,35,"[2, 12, 0, 4, 5]",5,0.06474983755685501,84,219,5,0.126526965562053,135,1
372,"(4,16)",,False,35,"[15, 4, 18, 6, 16]",5,0.08641089255124301,82,219,5,0.145052867859885,137,1
373,"(4,16)",,False,35,"[15, 4, 18, 6, 16]",5,0.08641089255124301,82,219,5,0.145052867859885,137,1
374,2:2,assassinate,True,33,"[18, 17, 8, 9, 2]",5,0.06245706859741901,80,219,5,0.137417618119372,139,1
375,2:2,assassinate,True,33,"[18, 17, 8, 9, 2]",5,0.06245706859741901,80,219,5,0.137417618119372,139,1
376,"(0,11)",,False,32,"[13, 17, 0, 16, 11]",4,0.05687830687830601,78,219,4,0.10701754385964901,141,1
377,"(0,11)",,False,32,"[13, 17, 0, 16, 11]",4,0.05687830687830601,78,219,4,0.10701754385964901,141,1
378,"(14,2)",,False,34,"[15, 18, 14, 2, 4]",4,0.049679754942912005,76,219,4,0.114188248398774,143,1
379,"(14,2)",,False,34,"[15, 18, 14, 2, 4]",4,0.049679754942912005,76,219,4,0.114188248398774,143,1
380,6:12,assassinate,True,30,"[7, 13, 19, 6, 18]",3,0.0029239766081870003,74,219,4,0.067641325536062,145,1
381,6:12,assassinate,True,30,"[7, 13, 19, 6, 18]",3,0.0029239766081870003,74,219,4,0.067641325536062,145,1
382,"(12,8)",,False,30,"[10, 12, 14, 6, 8]",3,0.021832358674463002,72,219,3,0.040350877192982006,147,1
383,"(12,8)",,False,30,"[10, 12, 14, 6, 8]",3,0.021832358674463002,72,219,3,0.040350877192982006,147,1
384,"(4,1)",,False,30,"[19, 4, 17, 1, 12]",3,0.022417153996101002,70,219,4,0.094054580896686,149,1
385,"(4,1)",,False,30,"[19, 4, 17, 1, 12]",3,0.022417153996101002,70,219,4,0.094054580896686,149,1
386,"(13,2)",,False,33,"[8, 12, 13, 19, 2]",3,0.018421052631578002,68,219,4,0.08352826510721201,151,1
387,"(13,2)",,False,33,"[8, 12, 13, 19, 2]",3,0.018421052631578002,68,219,4,0.08352826510721201,151,1
388,"(7,6)",,False,32,"[9, 7, 6, 18, 5]",3,0.026510721247563002,70,221,2,0.021080478975215002,151,1
389,"(7,6)",,False,32,"[9, 7, 6, 18, 5]",3,0.026510721247563002,70,221,2,0.021080478975215002,151,1
390,"(5,14)",,False,33,"[11, 7, 6, 5, 14]",3,0.02943469785575,72,223,2,0.017738791423001003,151,1
391,"(5,14)",,False,33,"[11, 7, 6, 5, 14]",3,0.02943469785575,72,223,2,0.017738791423001003,151,1
392,"(1,2)",,False,35,"[7, 1, 5, 12, 2]",3,0.015302144249512002,72,224,3,0.034201243850366006,152,1
393,"(1,2)",,False,35,"[7, 1, 5, 12, 2]",3,0.015302144249512002,72,224,3,0.034201243850366006,152,1
394,"(11,3)",,False,36,"[18, 11, 3, 14, 2]",3,0.014814814814814002,70,224,3,0.034553977536433,154,1
395,"(11,3)",,False,36,"[18, 11, 3, 14, 2]",3,0.014814814814814002,70,224,3,0.034553977536433,154,1
396,"(4,2)",,False,38,"[4, 6, 2, 8, 0]",4,0.030130882762461002,72,226,3,0.026185834957764,154,1
397,"(4,2)",,False,38,"[4, 6, 2, 8, 0]",4,0.030130882762461002,72,226,3,0.026185834957764,154,1
398,"(6,7)",,False,39,"[19, 6, 18, 3, 7]",6,0.08738512949039201,74,228,3,0.024041585445094,154,1
399,"(6,7)",,False,39,"[19, 6, 18, 3, 7]",6,0.08738512949039201,74,228,3,0.024041585445094,154,1
400,"(5,16)",,False,42,"[5, 7, 16, 9, 10]",6,0.09649818991924201,76,230,3,0.025280794579040002,154,1
401,"(5,16)",,False,42,"[5, 7, 16, 9, 10]",6,0.09649818991924201,76,230,3,0.025280794579040002,154,1
402,"(17,1)",,False,44,"[13, 17, 18, 1, 9]",7,0.140726817042606,78,232,4,0.047642253782604005,154,1
403,"(17,1)",,False,44,"[13, 17, 18, 1, 9]",7,0.140726817042606,78,232,4,0.047642253782604005,154,1
404,"(3,6)",,False,44,"[8, 3, 13, 14, 6]",7,0.133430799220272,80,234,4,0.0463589529379,154,1
405,"(3,6)",,False,44,"[8, 3, 13, 14, 6]",7,0.133430799220272,80,234,4,0.0463589529379,154,1
406,"(14,0)",,True,44,"[15, 14, 0, 10, 5]",6,0.118931588229833,82,236,4,0.044808781212289005,154,1
407,"(14,0)",,True,44,"[15, 14, 0, 10, 5]",6,0.118931588229833,82,236,4,0.044808781212289005,154,1
408,"(17,10)",,False,46,"[17, 8, 14, 10, 12]",6,0.10684581824932701,84,238,4,0.036442959249976,154,1
409,"(17,10)",,False,46,"[17, 8, 14, 10, 12]",6,0.10684581824932701,84,238,4,0.036442959249976,154,1
410,"(1,10)",,False,48,"[17, 1, 16, 10, 7]",6,0.10594541910331301,86,240,5,0.049373433583959,154,1
411,"(1,10)",,False,48,"[17, 1, 16, 10, 7]",6,0.10594541910331301,86,240,5,0.049373433583959,154,1
412,"(1,6)",,True,50,"[8, 13, 4, 1, 6]",6,0.083319409635199,88,242,6,0.062754529421196,154,1
413,"(1,6)",,True,50,"[8, 13, 4, 1, 6]",6,0.083319409635199,88,242,6,0.062754529421196,154,1
414,"(15,10)",,False,53,"[5, 0, 15, 10, 12]",8,0.12400825295562101,90,244,6,0.051142798072622,154,1
415,"(15,10)",,False,53,"[5, 0, 15, 10, 12]",8,0.12400825295562101,90,244,6,0.051142798072622,154,1
416,7:10,assassinate,True,49,"[12, 7, 8, 14, 6]",8,0.112334708825936,92,246,6,0.042091550424883,154,1
417,7:10,assassinate,True,49,"[12, 7, 8, 14, 6]",8,0.112334708825936,92,246,6,0.042091550424883,154,1
418,"(5,11)",,False,52,"[9, 16, 13, 5, 11]",10,0.144572078344008,94,248,6,0.037394411955815006,154,1
419,"(5,11)",,False,52,"[9, 16, 13, 5, 11]",10,0.144572078344008,94,248,6,0.037394411955815006,154,1
420,"(3,2)",,False,52,"[10, 3, 7, 2, 19]",10,0.146377517868745,96,250,6,0.039489928525016,154,1
421,"(3,2)",,False,52,"[10, 3, 7, 2, 19]",10,0.146377517868745,96,250,6,0.039489928525016,154,1
422,"(6,15)",,False,54,"[10, 13, 6, 15, 12]",10,0.14592682974492702,98,252,6,0.035313429773263,154,1
423,"(6,15)",,False,54,"[10, 13, 6, 15, 12]",10,0.14592682974492702,98,252,6,0.035313429773263,154,1
424,"(5,4)",,False,55,"[19, 11, 5, 4, 3]",10,0.126480064684127,100,254,6,0.033364112034472,154,1
425,"(5,4)",,False,55,"[19, 11, 5, 4, 3]",10,0.126480064684127,100,254,6,0.033364112034472,154,1
426,"(1,3)",,False,55,"[1, 15, 17, 3, 14]",10,0.15384621684931202,102,256,7,0.058244467377594006,154,1
427,"(1,3)",,False,55,"[1, 15, 17, 3, 14]",10,0.15384621684931202,102,256,7,0.058244467377594006,154,1
428,11:8,assassinate,True,52,"[0, 19, 1, 11, 18]",9,0.11234726745562601,104,258,7,0.055940728231749004,154,1
429,11:8,assassinate,True,52,"[0, 19, 1, 11, 18]",9,0.11234726745562601,104,258,7,0.055940728231749004,154,1
430,"(3,17)",,False,55,"[3, 17, 6, 16, 19]",11,0.16167966211825802,106,260,7,0.034584145549057005,154,1
431,"(3,17)",,False,55,"[3, 17, 6, 16, 19]",11,0.16167966211825802,106,260,7,0.034584145549057005,154,1
432,"(12,2)",,False,54,"[7, 12, 5, 11, 2]",11,0.15794346978557502,108,262,6,0.024561403508771004,154,1
433,"(12,2)",,False,54,"[7, 12, 5, 11, 2]",11,0.15794346978557502,108,262,6,0.024561403508771004,154,1
434,"(7,0)",,False,54,"[3, 7, 0, 2, 11]",11,0.135933316196474,110,264,6,0.016651671914829,154,1
435,"(7,0)",,False,54,"[3, 7, 0, 2, 11]",11,0.135933316196474,110,264,6,0.016651671914829,154,1
436,"(12,1)",,False,56,"[12, 2, 5, 1, 17]",12,0.236903333833158,112,266,7,0.038140579368649,154,1
437,"(12,1)",,False,56,"[12, 2, 5, 1, 17]",12,0.236903333833158,112,266,7,0.038140579368649,154,1
438,"(8,15)",,False,56,"[9, 7, 8, 16, 15]",12,0.230795471584945,114,268,7,0.036841034209455004,154,1
439,"(8,15)",,False,56,"[9, 7, 8, 16, 15]",12,0.230795471584945,114,268,7,0.036841034209455004,154,1
440,"(7,5)",,False,55,"[17, 9, 7, 10, 5]",12,0.23558897243107702,116,270,6,0.015162907268170002,154,1
441,"(7,5)",,False,55,"[17, 9, 7, 10, 5]",12,0.23558897243107702,116,270,6,0.015162907268170002,154,1
442,"(11,15)",,False,55,"[8, 11, 14, 15, 9]",12,0.210730530028775,118,272,6,0.020662768031189,154,1
443,"(11,15)",,False,55,"[8, 11, 14, 15, 9]",12,0.210730530028775,118,272,6,0.020662768031189,154,1
444,"(2,0)",,False,53,"[2, 9, 13, 4, 0]",11,0.218880534670008,120,274,6,0.032602339181286,154,1
445,"(2,0)",,False,53,"[2, 9, 13, 4, 0]",11,0.218880534670008,120,274,6,0.032602339181286,154,1
446,"(5,8)",,False,53,"[5, 13, 7, 8, 9]",11,0.21494012809802202,122,276,6,0.036856028961292,154,1
447,"(5,8)",,False,53,"[5, 13, 7, 8, 9]",11,0.21494012809802202,122,276,6,0.036856028961292,154,1
448,"(8,14)",,False,52,"[8, 14, 2, 12, 7]",11,0.230478975215817,124,278,4,0.006042884990253,154,1
449,"(8,14)",,False,52,"[8, 14, 2, 12, 7]",11,0.230478975215817,124,278,4,0.006042884990253,154,1
450,1:8,assassinate,True,46,"[10, 8, 19, 1, 12]",10,0.23192471920542002,126,280,0,-0.001,154,1
451,1:8,assassinate,True,46,"[10, 8, 19, 1, 12]",10,0.23192471920542002,126,280,0,-0.001,154,1
452,"(17,6)",,False,48,"[3, 17, 16, 4, 6]",11,0.21905922212939702,128,282,0,-0.001,154,1
453,"(17,6)",,False,48,"[3, 17, 16, 4, 6]",11,0.21905922212939702,128,282,0,-0.001,154,1
454,"(4,14)",,False,50,"[4, 16, 17, 15, 14]",12,0.31028729230483604,130,284,1,0.0,154,1
455,"(4,14)",,False,50,"[4, 16, 17, 15, 14]",12,0.31028729230483604,130,284,1,0.0,154,1
456,"(16,19)",,False,51,"[16, 18, 19, 7, 13]",12,0.32657569850552304,132,286,1,0.0,154,1
457,"(16,19)",,False,51,"[16, 18, 19, 7, 13]",12,0.32657569850552304,132,286,1,0.0,154,1
458,11:2,assassinate,True,48,"[13, 7, 11, 9, 2]",11,0.23389724310776902,134,288,1,0.0,154,1
459,11:2,assassinate,True,48,"[13, 7, 11, 9, 2]",11,0.23389724310776902,134,288,1,0.0,154,1
460,"(10,17)",,False,48,"[10, 12, 2, 3, 17]",11,0.23389724310776902,136,290,1,0.0,154,1
461,"(10,17)",,False,48,"[10, 12, 2, 3, 17]",11,0.23389724310776902,136,290,1,0.0,154,1
462,"(6,5)",,False,47,"[6, 15, 10, 5, 17]",11,0.22842522974101903,138,292,1,0.0,154,1
463,"(6,5)",,False,47,"[6, 15, 10, 5, 17]",11,0.22842522974101903,138,292,1,0.0,154,1
464,"(12,1)",,False,46,"[12, 1, 11, 4, 7]",11,0.22137519725239002,140,294,2,0.005068226120857,154,1
465,"(12,1)",,False,46,"[12, 1, 11, 4, 7]",11,0.22137519725239002,140,294,2,0.005068226120857,154,1
466,4:6,assassinate,True,41,"[9, 4, 5, 8, 16]",10,0.182365636313004,142,296,2,0.005263157894736001,154,1
467,4:6,assassinate,True,41,"[9, 4, 5, 8, 16]",10,0.182365636313004,142,296,2,0.005263157894736001,154,1
468,14:8,assassinate,True,36,"[10, 11, 13, 14, 9]",9,0.160839598997493,144,298,2,0.004093567251461001,154,1
469,14:8,assassinate,True,36,"[10, 11, 13, 14, 9]",9,0.160839598997493,144,298,2,0.004093567251461001,154,1
470,"(12,10)",,False,37,"[12, 17, 10, 16, 13]",9,0.221505151768309,146,300,2,0.0029239766081870003,154,1
471,"(12,10)",,False,37,"[12, 17, 10, 16, 13]",9,0.221505151768309,146,300,2,0.0029239766081870003,154,1
472,"(3,16)",,False,39,"[3, 17, 9, 16, 11]",10,0.31287942077415704,148,302,2,0.005847953216374001,154,1
473,"(3,16)",,False,39,"[3, 17, 9, 16, 11]",10,0.31287942077415704,148,302,2,0.005847953216374001,154,1
474,"(17,14)",,False,39,"[18, 17, 7, 14, 0]",10,0.29200779727095505,150,304,2,0.005847953216374001,154,1
475,"(17,14)",,False,39,"[18, 17, 7, 14, 0]",10,0.29200779727095505,150,304,2,0.005847953216374001,154,1
476,"(18,4)",,False,42,"[12, 7, 18, 10, 4]",12,0.311403508771929,152,306,2,0.0034113060428840004,154,1
477,"(18,4)",,False,42,"[12, 7, 18, 10, 4]",12,0.311403508771929,152,306,2,0.0034113060428840004,154,1
478,"(5,2)",,False,44,"[12, 5, 16, 6, 2]",12,0.34899749373433503,154,308,2,0.0034113060428840004,154,1
479,"(5,2)",,False,44,"[12, 5, 16, 6, 2]",12,0.34899749373433503,154,308,2,0.0034113060428840004,154,1
480,1:4,assassinate,True,41,"[2, 12, 1, 9, 17]",11,0.270467836257309,156,310,0,-0.001,154,1
481,1:4,assassinate,True,41,"[2, 12, 1, 9, 17]",11,0.270467836257309,156,310,0,-0.001,154,1
482,"(5,4)",,False,40,"[16, 5, 10, 4, 7]",11,0.261500974658869,158,312,0,-0.001,154,1
483,"(5,4)",,False,40,"[16, 5, 10, 4, 7]",11,0.261500974658869,158,312,0,-0.001,154,1
484,"(5,10)",,False,40,"[2, 5, 7, 12, 10]",11,0.24590643274853802,160,314,0,-0.001,154,1
485,"(5,10)",,False,40,"[2, 5, 7, 12, 10]",11,0.24590643274853802,160,314,0,-0.001,154,1
486,11:2,assassinate,True,38,"[17, 2, 14, 3, 11]",11,0.23932052353104902,162,316,0,-0.001,154,1
487,11:2,assassinate,True,38,"[17, 2, 14, 3, 11]",11,0.23932052353104902,162,316,0,-0.001,154,1
488,"(3,4)",,False,39,"[19, 3, 4, 12, 10]",11,0.368226120857699,164,318,0,-0.001,154,1
489,"(3,4)",,False,39,"[19, 3, 4, 12, 10]",11,0.368226120857699,164,318,0,-0.001,154,1
490,"(16,15)",,False,41,"[4, 3, 7, 16, 15]",11,0.390350877192982,166,320,1,0.0,154,1
491,"(16,15)",,False,41,"[4, 3, 7, 16, 15]",11,0.390350877192982,166,320,1,0.0,154,1
492,"(5,6)",,False,40,"[14, 5, 3, 7, 6]",11,0.38531049846839305,168,322,1,0.0,154,1
493,"(5,6)",,False,40,"[14, 5, 3, 7, 6]",11,0.38531049846839305,168,322,1,0.0,154,1
494,"(5,18)",,False,42,"[7, 16, 5, 8, 18]",12,0.38508771929824503,170,324,1,0.0,154,1
495,"(5,18)",,False,42,"[7, 16, 5, 8, 18]",12,0.38508771929824503,170,324,1,0.0,154,1
496,"(6,0)",,False,42,"[6, 17, 13, 0, 9]",11,0.353313840155945,172,326,1,0.0,154,1
497,"(6,0)",,False,42,"[6, 17, 13, 0, 9]",11,0.353313840155945,172,326,1,0.0,154,1
498,"(6,3)",,False,42,"[14, 6, 9, 4, 3]",11,0.35311890838206605,174,328,1,0.0,154,1
499,"(6,3)",,False,42,"[14, 6, 9, 4, 3]",11,0.35311890838206605,174,328,1,0.0,154,1
500,"(10,0)",,False,43,"[13, 3, 6, 10, 0]",12,0.39405458089668605,176,330,1,0.0,154,1
501,"(10,0)",,False,43,"[13, 3, 6, 10, 0]",12,0.39405458089668605,176,330,1,0.0,154,1
502,"(0,17)",,False,43,"[7, 13, 0, 17, 2]",12,0.41425786688944505,178,332,1,0.0,154,1
503,"(0,17)",,False,43,"[7, 13, 0, 17, 2]",12,0.41425786688944505,178,332,1,0.0,154,1
504,"(3,14)",,False,44,"[19, 4, 3, 9, 14]",12,0.397076023391812,180,334,1,0.0,154,1
505,"(3,14)",,False,44,"[19, 4, 3, 9, 14]",12,0.397076023391812,180,334,1,0.0,154,1
506,"(14,0)",,False,43,"[12, 8, 14, 0, 17]",11,0.36306042884990203,182,336,1,0.0,154,1
507,"(14,0)",,False,43,"[12, 8, 14, 0, 17]",11,0.36306042884990203,182,336,1,0.0,154,1
508,"(17,4)",,False,44,"[17, 2, 18, 4, 7]",11,0.35682261208576904,184,338,1,0.0,154,1
509,"(17,4)",,False,44,"[17, 2, 18, 4, 7]",11,0.35682261208576904,184,338,1,0.0,154,1
510,"(11,0)",,False,41,"[11, 12, 0, 16, 14]",10,0.33375104427736,186,340,1,0.0,154,1
511,"(11,0)",,False,41,"[11, 12, 0, 16, 14]",10,0.33375104427736,186,340,1,0.0,154,1
512,"(5,9)",,False,41,"[7, 2, 5, 14, 9]",10,0.30945419103313804,188,342,1,0.0,154,1
513,"(5,9)",,False,41,"[7, 2, 5, 14, 9]",10,0.30945419103313804,188,342,1,0.0,154,1
514,"(7,2)",,False,40,"[14, 13, 17, 7, 2]",10,0.350515176830966,190,344,1,0.0,154,1
515,"(7,2)",,False,40,"[14, 13, 17, 7, 2]",10,0.350515176830966,190,344,1,0.0,154,1
516,"(5,15)",,False,39,"[5, 9, 1, 4, 15]",10,0.294667223614592,192,346,1,0.0,154,1
517,"(5,15)",,False,39,"[5, 9, 1, 4, 15]",10,0.294667223614592,192,346,1,0.0,154,1
518,"(18,5)",,False,42,"[7, 18, 10, 12, 5]",12,0.30363408521303203,194,348,1,0.0,154,1
519,"(18,5)",,False,42,"[7, 18, 10, 12, 5]",12,0.30363408521303203,194,348,1,0.0,154,1
520,3:12,assassinate,True,37,"[13, 5, 3, 6, 0]",11,0.268421052631578,196,350,1,0.0,154,1
521,3:12,assassinate,True,37,"[13, 5, 3, 6, 0]",11,0.268421052631578,196,350,1,0.0,154,1
522,"(6,17)",,False,38,"[16, 10, 6, 17, 19]",12,0.34454191033138404,198,352,1,0.0,154,1
523,"(6,17)",,False,38,"[16, 10, 6, 17, 19]",12,0.34454191033138404,198,352,1,0.0,154,1
524,"(19,5)",,False,39,"[19, 10, 8, 3, 5]",12,0.309941520467836,200,354,1,0.0,154,1
525,"(19,5)",,False,39,"[19, 10, 8, 3, 5]",12,0.309941520467836,200,354,1,0.0,154,1
526,"(12,11)",,False,37,"[12, 11, 15, 1, 7]",12,0.28849902534113003,202,356,1,0.0,154,1
527,"(12,11)",,False,37,"[12, 11, 15, 1, 7]",12,0.28849902534113003,202,356,1,0.0,154,1
528,"(5,17)",,False,36,"[12, 5, 7, 8, 17]",12,0.255360623781676,204,358,1,0.0,154,1
529,"(5,17)",,False,36,"[12, 5, 7, 8, 17]",12,0.255360623781676,204,358,1,0.0,154,1
530,"(17,0)",,False,36,"[3, 17, 7, 0, 9]",11,0.24463937621832302,206,360,1,0.0,154,1
531,"(17,0)",,False,36,"[3, 17, 7, 0, 9]",11,0.24463937621832302,206,360,1,0.0,154,1
532,"(17,14)",,False,35,"[17, 5, 14, 18, 2]",11,0.35867446393762104,208,362,1,0.0,154,1
533,"(17,14)",,False,35,"[17, 5, 14, 18, 2]",11,0.35867446393762104,208,362,1,0.0,154,1
534,"(5,12)",,False,38,"[9, 1, 5, 17, 12]",13,0.326315789473684,210,364,1,0.0,154,1
535,"(5,12)",,False,38,"[9, 1, 5, 17, 12]",13,0.326315789473684,210,364,1,0.0,154,1
536,"(1,14)",,False,37,"[8, 1, 10, 6, 14]",13,0.5124756335282651,212,366,2,0.105263157894736,154,1
537,"(1,14)",,False,37,"[8, 1, 10, 6, 14]",13,0.5124756335282651,212,366,2,0.105263157894736,154,1
538,"(17,1)",,False,38,"[14, 9, 8, 17, 1]",13,0.47290448343079905,214,368,3,0.10818713450292301,154,1
539,"(17,1)",,False,38,"[14, 9, 8, 17, 1]",13,0.47290448343079905,214,368,3,0.10818713450292301,154,1
540,"(4,3)",,False,39,"[11, 15, 4, 19, 3]",13,0.40350877192982404,216,370,3,0.10818713450292301,154,1
541,"(4,3)",,False,39,"[11, 15, 4, 19, 3]",13,0.40350877192982404,216,370,3,0.10818713450292301,154,1
542,"(4,2)",,False,40,"[4, 2, 14, 15, 8]",13,0.38401559454191003,218,372,3,0.10818713450292301,154,1
543,"(4,2)",,False,40,"[4, 2, 14, 15, 8]",13,0.38401559454191003,218,372,3,0.10818713450292301,154,1
544,"(5,3)",,False,42,"[5, 3, 18, 14, 19]",14,0.38908382066276803,220,374,3,0.10818713450292301,154,1
545,"(5,3)",,False,42,"[5, 3, 18, 14, 19]",14,0.38908382066276803,220,374,3,0.10818713450292301,154,1
546,"(1,12)",,False,44,"[1, 16, 12, 10, 14]",14,0.377903091060985,222,376,5,0.12183235867446301,154,1
547,"(1,12)",,False,44,"[1, 16, 12, 10, 14]",14,0.377903091060985,222,376,5,0.12183235867446301,154,1
548,"(17,0)",,False,45,"[13, 17, 4, 0, 1]",15,0.415914786967418,224,378,5,0.12183235867446301,154,1
549,"(17,0)",,False,45,"[13, 17, 4, 0, 1]",15,0.415914786967418,224,378,5,0.12183235867446301,154,1
550,"(17,10)",,False,45,"[5, 9, 17, 3, 10]",15,0.41436925647451905,226,380,5,0.12183235867446301,154,1
551,"(17,10)",,False,45,"[5, 9, 17, 3, 10]",15,0.41436925647451905,226,380,5,0.12183235867446301,154,1
552,"(0,15)",,False,42,"[8, 7, 0, 17, 15]",14,0.38394597605123904,228,382,5,0.12719298245614,154,1
553,"(0,15)",,False,42,"[8, 7, 0, 17, 15]",14,0.38394597605123904,228,382,5,0.12719298245614,154,1
554,"(18,1)",,False,43,"[10, 14, 18, 1, 9]",14,0.37297410192147,230,384,6,0.136939571150097,154,1
555,"(18,1)",,False,43,"[10, 14, 18, 1, 9]",14,0.37297410192147,230,384,6,0.136939571150097,154,1
556,"(4,11)",,False,42,"[4, 9, 7, 18, 11]",14,0.35565302144249505,232,386,4,0.121345029239766,154,1
557,"(4,11)",,False,42,"[4, 9, 7, 18, 11]",14,0.35565302144249505,232,386,4,0.121345029239766,154,1
558,"(16,0)",,False,40,"[16, 9, 10, 0, 18]",13,0.319103313840155,234,388,4,0.12475633528265101,154,1
559,"(16,0)",,False,40,"[16, 9, 10, 0, 18]",13,0.319103313840155,234,388,4,0.12475633528265101,154,1
560,"(12,8)",,False,39,"[10, 13, 12, 8, 7]",13,0.39376218323586704,236,390,4,0.12884990253411302,154,1
561,"(12,8)",,False,39,"[10, 13, 12, 8, 7]",13,0.39376218323586704,236,390,4,0.12884990253411302,154,1
562,"(7,2)",,False,38,"[6, 7, 17, 10, 2]",13,0.396491228070175,238,392,4,0.049707602339181006,154,1
563,"(7,2)",,False,38,"[6, 7, 17, 10, 2]",13,0.396491228070175,238,392,4,0.049707602339181006,154,1
564,"(0,2)",,False,37,"[9, 1, 17, 0, 2]",12,0.45263157894736805,240,394,4,0.055750487329434,154,1
565,"(0,2)",,False,37,"[9, 1, 17, 0, 2]",12,0.45263157894736805,240,394,4,0.055750487329434,154,1
566,"(5,14)",,False,36,"[5, 1, 14, 6, 13]",12,0.40871623503202403,242,396,2,0.0029239766081870003,154,1
567,"(5,14)",,False,36,"[5, 1, 14, 6, 13]",12,0.40871623503202403,242,396,2,0.0029239766081870003,154,1
568,"(1,14)",,False,36,"[1, 2, 6, 10, 14]",12,0.45808966861598405,244,398,3,0.011695906432748001,154,1
569,"(1,14)",,False,36,"[1, 2, 6, 10, 14]",12,0.45808966861598405,244,398,3,0.011695906432748001,154,1
570,"(12,17)",,False,36,"[2, 12, 8, 19, 17]",12,0.48246879825827105,246,400,3,0.014967975494291002,154,1
571,"(12,17)",,False,36,"[2, 12, 8, 19, 17]",12,0.48246879825827105,246,400,3,0.014967975494291002,154,1
572,"(18,0)",,False,35,"[18, 0, 14, 19, 17]",11,0.409635199108883,248,402,3,0.014967975494291002,154,1
573,"(18,0)",,False,35,"[18, 0, 14, 19, 17]",11,0.409635199108883,248,402,3,0.014967975494291002,154,1
574,"(18,17)",,False,35,"[18, 13, 17, 9, 10]",11,0.404112132182307,250,404,3,0.022765246449456003,154,1
575,"(18,17)",,False,35,"[18, 13, 17, 9, 10]",11,0.404112132182307,250,404,3,0.022765246449456003,154,1
576,"(13,16)",,False,34,"[13, 0, 17, 16, 14]",11,0.368504594820384,252,406,3,0.019548872180451003,154,1
577,"(13,16)",,False,34,"[13, 0, 17, 16, 14]",11,0.368504594820384,252,406,3,0.019548872180451003,154,1
578,"(17,7)",,False,37,"[0, 15, 17, 7, 16]",11,0.37045391255917504,254,408,3,0.019548872180451003,154,1
579,"(17,7)",,False,37,"[0, 15, 17, 7, 16]",11,0.37045391255917504,254,408,3,0.019548872180451003,154,1
580,9:2,assassinate,True,38,"[1, 7, 11, 9, 13]",10,0.276837928153717,256,410,4,0.021108326371484,154,1
581,9:2,assassinate,True,38,"[1, 7, 11, 9, 13]",10,0.276837928153717,256,410,4,0.021108326371484,154,1
582,"(15,8)",,False,40,"[18, 15, 14, 8, 12]",10,0.27215956558061805,258,412,4,0.024032302979671002,154,1
583,"(15,8)",,False,40,"[18, 15, 14, 8, 12]",10,0.27215956558061805,258,412,4,0.024032302979671002,154,1
584,"(1,14)",,True,39,"[1, 15, 14, 5, 16]",10,0.272988025619604,260,414,4,0.024617098301308003,154,1
585,"(1,14)",,True,39,"[1, 15, 14, 5, 16]",10,0.272988025619604,260,414,4,0.024617098301308003,154,1
586,"(3,5)",,False,40,"[12, 3, 5, 17, 2]",10,0.233138401559454,262,416,4,0.010526315789473,154,1
587,"(3,5)",,False,40,"[12, 3, 5, 17, 2]",10,0.233138401559454,262,416,4,0.010526315789473,154,1
588,"(0,19)",,False,38,"[0, 18, 19, 15, 8]",9,0.195265942634363,264,418,4,0.011111111111111,154,1
589,"(0,19)",,False,38,"[0, 18, 19, 15, 8]",9,0.195265942634363,264,418,4,0.011111111111111,154,1
590,"(3,0)",,False,36,"[7, 19, 3, 5, 0]",8,0.21164021164021102,266,420,4,0.011111111111111,154,1
591,"(3,0)",,False,36,"[7, 19, 3, 5, 0]",8,0.21164021164021102,266,420,4,0.011111111111111,154,1
592,"(9,1)",,True,37,"[9, 0, 1, 13, 14]",8,0.309356725146198,268,422,5,0.11062378167641301,154,1
593,"(9,1)",,True,37,"[9, 0, 1, 13, 14]",8,0.309356725146198,268,422,5,0.11062378167641301,154,1
594,"(12,18)",,False,37,"[3, 9, 2, 12, 18]",8,0.257602339181286,270,424,5,0.11062378167641301,154,1
595,"(12,18)",,False,37,"[3, 9, 2, 12, 18]",8,0.257602339181286,270,424,5,0.11062378167641301,154,1
596,"(5,8)",,False,39,"[17, 5, 8, 11, 2]",8,0.164264828738512,272,426,5,0.035331384015594006,154,1
597,"(5,8)",,False,39,"[17, 5, 8, 11, 2]",8,0.164264828738512,272,426,5,0.035331384015594006,154,1
598,"(9,15)",,False,38,"[16, 9, 8, 15, 17]",8,0.183723196881091,274,428,5,0.109161793372319,154,1
599,"(9,15)",,False,38,"[16, 9, 8, 15, 17]",8,0.183723196881091,274,428,5,0.109161793372319,154,1
600,"(0,11)",,False,38,"[15, 17, 0, 11, 10]",7,0.12651072124756302,276,430,5,0.109161793372319,154,1
601,"(0,11)",,False,38,"[15, 17, 0, 11, 10]",7,0.12651072124756302,276,430,5,0.109161793372319,154,1
602,"(11,5)",,False,38,"[10, 0, 7, 11, 5]",7,0.163157894736842,278,432,5,0.109161793372319,154,1
603,"(11,5)",,False,38,"[10, 0, 7, 11, 5]",7,0.163157894736842,278,432,5,0.109161793372319,154,1
604,13:4,assassinate,True,34,"[13, 17, 14, 19, 5]",6,0.145224171539961,280,434,5,0.10428849902534101,154,1
605,13:4,assassinate,True,34,"[13, 17, 14, 19, 5]",6,0.145224171539961,280,434,5,0.10428849902534101,154,1
606,4:6,assassinate,True,31,"[19, 4, 3, 9, 5]",5,0.12037037037037,282,436,4,0.004873294346978,154,1
607,4:6,assassinate,True,31,"[19, 4, 3, 9, 5]",5,0.12037037037037,282,436,4,0.004873294346978,154,1
608,"(10,17)",,False,32,"[3, 10, 17, 13, 5]",5,0.11695906432748501,284,438,3,0.0,154,1
609,"(10,17)",,False,32,"[3, 10, 17, 13, 5]",5,0.11695906432748501,284,438,3,0.0,154,1
610,"(0,12)",,False,32,"[2, 3, 0, 7, 12]",4,0.075146198830409,286,440,3,0.0,154,1
611,"(0,12)",,False,32,"[2, 3, 0, 7, 12]",4,0.075146198830409,286,440,3,0.0,154,1
612,"(7,13)",,False,31,"[3, 7, 6, 9, 13]",4,0.075048732943469,288,442,3,0.0,154,1
613,"(7,13)",,False,31,"[3, 7, 6, 9, 13]",4,0.075048732943469,288,442,3,0.0,154,1
614,2:6,assassinate,True,27,"[16, 2, 9, 3, 18]",4,0.069200779727095,290,444,3,0.0,154,1
615,2:6,assassinate,True,27,"[16, 2, 9, 3, 18]",4,0.069200779727095,290,444,3,0.0,154,1
616,6:10,assassinate,True,22,"[14, 16, 6, 12, 5]",3,0.052631578947368,292,446,2,0.0,154,1
617,6:10,assassinate,True,22,"[14, 16, 6, 12, 5]",3,0.052631578947368,292,446,2,0.0,154,1
618,"(8,5)",,False,23,"[8, 5, 13, 18, 14]",3,0.012670565302144,294,448,2,0.0,154,1
619,"(8,5)",,False,23,"[8, 5, 13, 18, 14]",3,0.012670565302144,294,448,2,0.0,154,1
620,"(1,12)",,False,26,"[1, 0, 18, 19, 12]",3,0.017543859649122,294,449,3,0.061403508771929,155,1
621,"(1,12)",,False,26,"[1, 0, 18, 19, 12]",3,0.017543859649122,294,449,3,0.061403508771929,155,1
622,"(15,14)",,False,29,"[16, 7, 15, 18, 14]",3,0.016569200779727,292,449,3,0.036874593892137,157,1
623,"(15,14)",,False,29,"[16, 7, 15, 18, 14]",3,0.016569200779727,292,449,3,0.036874593892137,157,1
624,"(10,13)",,False,30,"[7, 14, 10, 9, 13]",3,0.016569200779727,290,449,3,0.041423001949317,159,1
625,"(10,13)",,False,30,"[7, 14, 10, 9, 13]",3,0.016569200779727,290,449,3,0.041423001949317,159,1
626,"(5,19)",,False,31,"[2, 5, 17, 19, 3]",3,0.010233918128654,292,451,2,0.0,159,1
627,"(5,19)",,False,31,"[2, 5, 17, 19, 3]",3,0.010233918128654,292,451,2,0.0,159,1
628,"(5,14)",,False,31,"[5, 3, 14, 17, 6]",4,0.066972988025619,294,453,2,0.0,159,1
629,"(5,14)",,False,31,"[5, 3, 14, 17, 6]",4,0.066972988025619,294,453,2,0.0,159,1
630,16:8,assassinate,True,28,"[10, 11, 9, 7, 16]",3,0.010233918128654,296,455,2,0.0,159,1
631,16:8,assassinate,True,28,"[10, 11, 9, 7, 16]",3,0.010233918128654,296,455,2,0.0,159,1
632,"(8,7)",,False,28,"[8, 17, 7, 5, 13]",3,0.001949317738791,298,457,1,0.0,159,1
633,"(8,7)",,False,28,"[8, 17, 7, 5, 13]",3,0.001949317738791,298,457,1,0.0,159,1
634,"(5,15)",,False,28,"[5, 15, 2, 0, 6]",3,0.001949317738791,300,459,1,0.0,159,1
635,"(5,15)",,False,28,"[5, 15, 2, 0, 6]",3,0.001949317738791,300,459,1,0.0,159,1
636,"(9,13)",,False,30,"[9, 13, 14, 2, 8]",3,0.001949317738791,302,461,1,0.0,159,1
637,"(9,13)",,False,30,"[9, 13, 14, 2, 8]",3,0.001949317738791,302,461,1,0.0,159,1
638,10:8,assassinate,True,25,"[12, 2, 15, 11, 10]",2,0.0,303,462,1,0.0,159,1
639,10:8,assassinate,True,25,"[12, 2, 15, 11, 10]",2,0.0,303,462,1,0.0,159,1
640,"(5,14)",,False,27,"[5, 14, 7, 17, 10]",2,0.0,303,462,1,0.0,159,1
641,"(5,14)",,False,27,"[5, 14, 7, 17, 10]",2,0.0,303,462,1,0.0,159,1
642,"(7,3)",,True,27,"[7, 3, 19, 5, 16]",2,0.0,303,462,1,0.0,159,1
643,"(7,3)",,True,27,"[7, 3, 19, 5, 16]",2,0.0,303,462,1,0.0,159,1
644,"(7,19)",,False,27,"[7, 19, 14, 0, 5]",2,0.0,303,462,1,0.0,159,1
645,"(7,19)",,False,27,"[7, 19, 14, 0, 5]",2,0.0,303,462,1,0.0,159,1
646,"(6,14)",,False,29,"[6, 14, 15, 17, 8]",2,0.0,303,462,1,0.0,159,1
647,"(6,14)",,False,29,"[6, 14, 15, 17, 8]",2,0.0,303,462,1,0.0,159,1
648,"(7,10)",,False,29,"[7, 10, 11, 17, 16]",2,0.0,305,464,0,-0.001,159,1
649,"(7,10)",,False,29,"[7, 10, 11, 17, 16]",2,0.0,305,464,0,-0.001,159,1
650,"(13,7)",,False,29,"[13, 7, 14, 8, 2]",2,0.0,307,466,0,-0.001,159,1
651,"(13,7)",,False,29,"[13, 7, 14, 8, 2]",2,0.0,307,466,0,-0.001,159,1
652,"(10,18)",,True,31,"[10, 18, 16, 14, 2]",2,0.0,309,468,0,-0.001,159,1
653,"(10,18)",,True,31,"[10, 18, 16, 14, 2]",2,0.0,309,468,0,-0.001,159,1
654,"(7,11)",,True,33,"[7, 11, 5, 3, 9]",2,0.0,311,470,0,-0.001,159,1
655,"(7,11)",,True,33,"[7, 11, 5, 3, 9]",2,0.0,311,470,0,-0.001,159,1
656,"(15,16)",,False,33,"[15, 16, 18, 2, 10]",2,0.0,313,472,0,-0.001,159,1
657,"(15,16)",,False,33,"[15, 16, 18, 2, 10]",2,0.0,313,472,0,-0.001,159,1
658,"(7,8)",,False,31,"[7, 8, 16, 4, 14]",2,0.0,315,474,0,-0.001,159,1
659,"(7,8)",,False,31,"[7, 8, 16, 4, 14]",2,0.0,315,474,0,-0.001,159,1
660,"(5,14)",,False,32,"[2, 19, 5, 3, 14]",4,0.038986354775828,317,476,0,-0.001,159,1
661,"(5,14)",,False,32,"[2, 19, 5, 3, 14]",4,0.038986354775828,317,476,0,-0.001,159,1
662,13:2,assassinate,True,33,"[14, 13, 5, 19, 7]",4,0.038206627680311,319,478,0,-0.001,159,1
663,13:2,assassinate,True,33,"[14, 13, 5, 19, 7]",4,0.038206627680311,319,478,0,-0.001,159,1
664,9:10,assassinate,True,30,"[16, 11, 6, 9, 7]",5,0.202729044834307,321,480,0,-0.001,159,1
665,9:10,assassinate,True,30,"[16, 11, 6, 9, 7]",5,0.202729044834307,321,480,0,-0.001,159,1
666,"(2,0)",,False,30,"[8, 2, 0, 16, 1]",4,0.05847953216374201,323,482,0,-0.001,159,1
667,"(2,0)",,False,30,"[8, 2, 0, 16, 1]",4,0.05847953216374201,323,482,0,-0.001,159,1
668,"(0,9)",,True,30,"[19, 15, 0, 9, 11]",4,0.05847953216374201,325,484,0,-0.001,159,1
669,"(0,9)",,True,30,"[19, 15, 0, 9, 11]",4,0.05847953216374201,325,484,0,-0.001,159,1
670,13:2,assassinate,True,28,"[7, 0, 19, 13, 18]",4,0.057504873294346004,327,486,0,-0.001,159,1
671,13:2,assassinate,True,28,"[7, 0, 19, 13, 18]",4,0.057504873294346004,327,486,0,-0.001,159,1
672,"(15,7)",,False,31,"[6, 16, 15, 7, 2]",4,0.068713450292397,329,488,0,-0.001,159,1
673,"(15,7)",,False,31,"[6, 16, 15, 7, 2]",4,0.068713450292397,329,488,0,-0.001,159,1
674,"(6,15)",,False,33,"[3, 6, 11, 15, 8]",4,0.10636777128005101,331,490,0,-0.001,159,1
675,"(6,15)",,False,33,"[3, 6, 11, 15, 8]",4,0.10636777128005101,331,490,0,-0.001,159,1
676,"(18,4)",,False,35,"[14, 7, 18, 1, 4]",4,0.11471734892787501,333,492,0,-0.001,159,1
677,"(18,4)",,False,35,"[14, 7, 18, 1, 4]",4,0.11471734892787501,333,492,0,-0.001,159,1
678,"(10,0)",,False,32,"[3, 19, 17, 10, 0]",3,0.048976608187134,335,494,0,-0.001,159,1
679,"(10,0)",,False,32,"[3, 19, 17, 10, 0]",3,0.048976608187134,335,494,0,-0.001,159,1
680,"(15,2)",,False,34,"[15, 1, 3, 2, 12]",3,0.039327485380116003,337,496,0,-0.001,159,1
681,"(15,2)",,False,34,"[15, 1, 3, 2, 12]",3,0.039327485380116003,337,496,0,-0.001,159,1
682,"(5,4)",,False,36,"[1, 11, 5, 14, 4]",3,0.014619883040935,339,498,1,0.0,159,1
683,"(5,4)",,False,36,"[1, 11, 5, 14, 4]",3,0.014619883040935,339,498,1,0.0,159,1
684,"(8,18)",,False,36,"[8, 13, 17, 5, 18]",3,0.016104363472784003,341,500,1,0.0,159,1
685,"(8,18)",,False,36,"[8, 13, 17, 5, 18]",3,0.016104363472784003,341,500,1,0.0,159,1
686,"(1,17)",,False,38,"[9, 4, 1, 5, 17]",4,0.11989857121436001,343,502,2,0.019618490671122,159,1
687,"(1,17)",,False,38,"[9, 4, 1, 5, 17]",4,0.11989857121436001,343,502,2,0.019618490671122,159,1
688,"(13,10)",,False,36,"[17, 6, 13, 10, 14]",4,0.06885078858763001,345,504,2,0.020662768031189,159,1
689,"(13,10)",,False,36,"[17, 6, 13, 10, 14]",4,0.06885078858763001,345,504,2,0.020662768031189,159,1
690,"(10,4)",,False,38,"[10, 9, 11, 4, 6]",4,0.034038719565035,347,506,2,0.015683147262094,159,1
691,"(10,4)",,False,38,"[10, 9, 11, 4, 6]",4,0.034038719565035,347,506,2,0.015683147262094,159,1
692,"(1,2)",,False,40,"[18, 1, 17, 0, 2]",4,0.024282929546087,347,507,3,0.055666945140629004,160,1
693,"(1,2)",,False,40,"[18, 1, 17, 0, 2]",4,0.024282929546087,347,507,3,0.055666945140629004,160,1
694,"(6,7)",,False,39,"[6, 7, 3, 8, 9]",4,0.058089668615984004,347,508,3,0.062573099415204,161,1
695,"(6,7)",,False,39,"[6, 7, 3, 8, 9]",4,0.058089668615984004,347,508,3,0.062573099415204,161,1
696,"(12,19)",,False,39,"[11, 12, 19, 6, 13]",4,0.058089668615984004,347,509,3,0.062573099415204,162,1
697,"(12,19)",,False,39,"[11, 12, 19, 6, 13]",4,0.058089668615984004,347,509,3,0.062573099415204,162,1
698,"(16,15)",,False,42,"[19, 16, 15, 18, 0]",6,0.110136452241715,349,511,3,0.048538011695906005,162,1
699,"(16,15)",,False,42,"[19, 16, 15, 18, 0]",6,0.110136452241715,349,511,3,0.048538011695906005,162,1
700,"(3,18)",,False,44,"[15, 3, 16, 18, 13]",7,0.132692843219159,351,513,3,0.038067390698969,162,1
701,"(3,18)",,False,44,"[15, 3, 16, 18, 13]",7,0.132692843219159,351,513,3,0.038067390698969,162,1
702,"(14,15)",,False,43,"[11, 5, 14, 15, 16]",7,0.135672514619883,353,515,3,0.04307992202729,162,1
703,"(14,15)",,False,43,"[11, 5, 14, 15, 16]",7,0.135672514619883,353,515,3,0.04307992202729,162,1
704,"(9,1)",,False,43,"[15, 6, 9, 3, 1]",7,0.15215817321080402,355,517,4,0.074032302979671,162,1
705,"(9,1)",,False,43,"[15, 6, 9, 3, 1]",7,0.15215817321080402,355,517,4,0.074032302979671,162,1
706,"(10,0)",,False,42,"[17, 10, 18, 0, 3]",6,0.08130047340573601,357,519,4,0.060769980506822,162,1
707,"(10,0)",,False,42,"[17, 10, 18, 0, 3]",6,0.08130047340573601,357,519,4,0.060769980506822,162,1
708,"(1,10)",,True,44,"[0, 16, 1, 18, 10]",7,0.18851294903926402,359,521,5,0.166033138401559,162,1
709,"(1,10)",,True,44,"[0, 16, 1, 18, 10]",7,0.18851294903926402,359,521,5,0.166033138401559,162,1
710,13:2,assassinate,True,44,"[18, 16, 3, 13, 4]",6,0.08283208020050101,359,522,5,0.14088693957115,163,1
711,13:2,assassinate,True,44,"[18, 16, 3, 13, 4]",6,0.08283208020050101,359,522,5,0.14088693957115,163,1
712,"(8,0)",,False,42,"[8, 9, 14, 18, 0]",5,0.074255082149818,357,522,4,0.12481899192425501,165,1
713,"(8,0)",,False,42,"[8, 9, 14, 18, 0]",5,0.074255082149818,357,522,4,0.12481899192425501,165,1
714,"(10,5)",,False,41,"[10, 8, 1, 5, 4]",5,0.090824282929546,357,523,4,0.12481899192425501,166,1
715,"(10,5)",,False,41,"[10, 8, 1, 5, 4]",5,0.090824282929546,357,523,4,0.12481899192425501,166,1
716,"(10,0)",,False,42,"[7, 10, 19, 13, 0]",6,0.12229184071289301,357,524,4,0.123315232525758,167,1
717,"(10,0)",,False,42,"[7, 10, 19, 13, 0]",6,0.12229184071289301,357,524,4,0.123315232525758,167,1
718,"(5,0)",,False,40,"[19, 4, 2, 5, 0]",5,0.084892787524366,357,525,4,0.12558479532163702,168,1
719,"(5,0)",,False,40,"[19, 4, 2, 5, 0]",5,0.084892787524366,357,525,4,0.12558479532163702,168,1
720,"(6,0)",,False,40,"[18, 7, 15, 6, 0]",4,0.041910331384015,357,526,4,0.068330548593706,169,1
721,"(6,0)",,False,40,"[18, 7, 15, 6, 0]",4,0.041910331384015,357,526,4,0.068330548593706,169,1
722,"(5,10)",,False,40,"[5, 10, 7, 13, 19]",4,0.047758284600389,355,526,4,0.129256010396361,171,1
723,"(5,10)",,False,40,"[5, 10, 7, 13, 19]",4,0.047758284600389,355,526,4,0.129256010396361,171,1
724,"(6,8)",,False,40,"[3, 6, 8, 9, 12]",4,0.055555555555555004,353,526,4,0.087805161050775,173,1
725,"(6,8)",,False,40,"[3, 6, 8, 9, 12]",4,0.055555555555555004,353,526,4,0.087805161050775,173,1
726,"(19,13)",,False,43,"[5, 19, 13, 18, 0]",4,0.061403508771929,351,526,4,0.09988628979857,175,1
727,"(19,13)",,False,43,"[5, 19, 13, 18, 0]",4,0.061403508771929,351,526,4,0.09988628979857,175,1
728,4:12,assassinate,True,38,"[4, 16, 13, 15, 8]",3,0.036062378167641004,349,526,4,0.14628397917871602,177,1
729,4:12,assassinate,True,38,"[4, 16, 13, 15, 8]",3,0.036062378167641004,349,526,4,0.14628397917871602,177,1
730,"(6,3)",,False,41,"[10, 5, 19, 6, 3]",3,0.035477582846003004,347,526,4,0.11598440545808901,179,1
731,"(6,3)",,False,41,"[10, 5, 19, 6, 3]",3,0.035477582846003004,347,526,4,0.11598440545808901,179,1
732,"(17,1)",,True,41,"[8, 18, 17, 1, 5]",3,0.10501949317738701,345,526,5,0.15326510721247502,181,1
733,"(17,1)",,True,41,"[8, 18, 17, 1, 5]",3,0.10501949317738701,345,526,5,0.15326510721247502,181,1
734,"(6,2)",,False,42,"[6, 8, 2, 5, 7]",4,0.13464912280701702,345,527,5,0.151274018379281,182,1
735,"(6,2)",,False,42,"[6, 8, 2, 5, 7]",4,0.13464912280701702,345,527,5,0.151274018379281,182,1
736,5:14,assassinate,True,36,"[5, 0, 10, 7, 16]",4,0.131878306878306,343,527,5,0.152005012531328,184,1
737,5:14,assassinate,True,36,"[5, 0, 10, 7, 16]",4,0.131878306878306,343,527,5,0.152005012531328,184,1
738,"(12,1)",,False,36,"[10, 0, 12, 7, 1]",4,0.13104288499025302,341,527,6,0.165302144249512,186,1
739,"(12,1)",,False,36,"[10, 0, 12, 7, 1]",4,0.13104288499025302,341,527,6,0.165302144249512,186,1
740,"(9,5)",,False,39,"[9, 5, 6, 0, 18]",4,0.139571150097465,339,527,6,0.17788916736285101,188,1
741,"(9,5)",,False,39,"[9, 5, 6, 0, 18]",4,0.139571150097465,339,527,6,0.17788916736285101,188,1
742,"(15,14)",,False,39,"[15, 9, 19, 14, 3]",4,0.07898913951545501,337,527,5,0.14146477304372002,190,1
743,"(15,14)",,False,39,"[15, 9, 19, 14, 3]",4,0.07898913951545501,337,527,5,0.14146477304372002,190,1
744,"(10,19)",,False,42,"[10, 13, 18, 3, 19]",6,0.19171075837742502,339,529,5,0.10860948667966201,190,1
745,"(10,19)",,False,42,"[10, 13, 18, 3, 19]",6,0.19171075837742502,339,529,5,0.10860948667966201,190,1
746,"(4,11)",,False,45,"[19, 18, 16, 4, 11]",6,0.126655492006369,341,531,5,0.08550226576542301,190,1
747,"(4,11)",,False,45,"[19, 18, 16, 4, 11]",6,0.126655492006369,341,531,5,0.08550226576542301,190,1
748,"(9,19)",,False,45,"[11, 18, 9, 5, 19]",6,0.13090221993730702,343,533,5,0.083312447786132,190,1
749,"(9,19)",,False,45,"[11, 18, 9, 5, 19]",6,0.13090221993730702,343,533,5,0.083312447786132,190,1
750,"(14,9)",,False,47,"[10, 14, 7, 9, 2]",7,0.14620009620009602,345,535,5,0.07261778182830801,190,1
751,"(14,9)",,False,47,"[10, 14, 7, 9, 2]",7,0.14620009620009602,345,535,5,0.07261778182830801,190,1
752,3:14,assassinate,True,42,"[9, 3, 13, 12, 8]",6,0.116569200779727,347,537,5,0.056843497632971,190,1
753,3:14,assassinate,True,42,"[9, 3, 13, 12, 8]",6,0.116569200779727,347,537,5,0.056843497632971,190,1
754,"(17,0)",,False,40,"[18, 17, 2, 11, 0]",5,0.08479532163742601,349,539,5,0.083249791144527,190,1
755,"(17,0)",,False,40,"[18, 17, 2, 11, 0]",5,0.08479532163742601,349,539,5,0.083249791144527,190,1
756,"(1,3)",,False,40,"[5, 8, 1, 3, 2]",5,0.08713450292397601,349,540,5,0.144165970481759,191,1
757,"(1,3)",,False,40,"[5, 8, 1, 3, 2]",5,0.08713450292397601,349,540,5,0.144165970481759,191,1
758,"(10,6)",,False,43,"[17, 10, 5, 2, 6]",5,0.082748538011695,351,542,5,0.060846560846560004,191,1
759,"(10,6)",,False,43,"[17, 10, 5, 2, 6]",5,0.082748538011695,351,542,5,0.060846560846560004,191,1
760,14:8,assassinate,True,40,"[13, 7, 6, 14, 3]",5,0.090058479532163,353,544,5,0.055019493177387004,191,1
761,14:8,assassinate,True,40,"[13, 7, 6, 14, 3]",5,0.090058479532163,353,544,5,0.055019493177387004,191,1
762,"(4,0)",,False,40,"[4, 11, 0, 2, 14]",4,0.05409356725146101,355,546,5,0.050389863547758006,191,1
763,"(4,0)",,False,40,"[4, 11, 0, 2, 14]",4,0.05409356725146101,355,546,5,0.050389863547758006,191,1
764,"(12,3)",,False,40,"[12, 0, 4, 15, 3]",5,0.07826510721247501,355,547,5,0.08253968253968201,192,1
765,"(12,3)",,False,40,"[12, 0, 4, 15, 3]",5,0.07826510721247501,355,547,5,0.08253968253968201,192,1
766,"(0,16)",,False,40,"[1, 8, 0, 16, 7]",5,0.07826510721247501,355,548,5,0.08253968253968201,193,1
767,"(0,16)",,False,40,"[1, 8, 0, 16, 7]",5,0.07826510721247501,355,548,5,0.08253968253968201,193,1
768,19:10,assassinate,True,36,"[3, 10, 13, 11, 19]",4,0.05779727095516501,355,549,5,0.124171539961013,194,1
769,19:10,assassinate,True,36,"[3, 10, 13, 11, 19]",4,0.05779727095516501,355,549,5,0.124171539961013,194,1
770,"(17,0)",,True,37,"[9, 17, 8, 19, 0]",5,0.140155945419103,357,551,5,0.13336118072960101,194,1
771,"(17,0)",,True,37,"[9, 17, 8, 19, 0]",5,0.140155945419103,357,551,5,0.13336118072960101,194,1
772,"(17,12)",,False,40,"[17, 11, 6, 12, 16]",7,0.277680311890838,359,553,5,0.097465886939571,194,1
773,"(17,12)",,False,40,"[17, 11, 6, 12, 16]",7,0.277680311890838,359,553,5,0.097465886939571,194,1
774,"(12,19)",,False,43,"[12, 8, 9, 18, 19]",7,0.22197412723728502,361,555,5,0.075137338295233,194,1
775,"(12,19)",,False,43,"[12, 8, 9, 18, 19]",7,0.22197412723728502,361,555,5,0.075137338295233,194,1
776,"(3,7)",,False,43,"[16, 3, 11, 13, 7]",7,0.22197412723728502,363,557,5,0.075137338295233,194,1
777,"(3,7)",,False,43,"[16, 3, 11, 13, 7]",7,0.22197412723728502,363,557,5,0.075137338295233,194,1
778,"(4,5)",,False,44,"[3, 13, 18, 4, 5]",7,0.22311587048429102,365,559,5,0.06742867269183,194,1
779,"(4,5)",,False,44,"[3, 13, 18, 4, 5]",7,0.22311587048429102,365,559,5,0.06742867269183,194,1
780,"(1,5)",,False,45,"[2, 1, 11, 12, 5]",7,0.209454191033138,367,561,6,0.081765018607123,194,1
781,"(1,5)",,False,45,"[2, 1, 11, 12, 5]",7,0.209454191033138,367,561,6,0.081765018607123,194,1
782,19:6,assassinate,True,41,"[19, 5, 6, 17, 0]",6,0.22397660818713402,369,563,5,0.030409356725146,194,1
783,19:6,assassinate,True,41,"[19, 5, 6, 17, 0]",6,0.22397660818713402,369,563,5,0.030409356725146,194,1
784,"(3,1)",,True,42,"[19, 3, 1, 5, 8]",6,0.186448444343181,371,565,6,0.08872560188349601,194,1
785,"(3,1)",,True,42,"[19, 3, 1, 5, 8]",6,0.186448444343181,371,565,6,0.08872560188349601,194,1
786,"(2,0)",,False,40,"[16, 19, 2, 0, 12]",5,0.181008075744917,373,567,5,0.081662489557226,194,1
787,"(2,0)",,False,40,"[16, 19, 2, 0, 12]",5,0.181008075744917,373,567,5,0.081662489557226,194,1
788,"(19,12)",,False,42,"[19, 11, 8, 12, 18]",5,0.165413533834586,375,569,5,0.09173396454098201,194,1
789,"(19,12)",,False,42,"[19, 11, 8, 12, 18]",5,0.165413533834586,375,569,5,0.09173396454098201,194,1
790,"(5,9)",,False,43,"[12, 19, 5, 9, 15]",5,0.172027290448343,377,571,5,0.10935672514619801,194,1
791,"(5,9)",,False,43,"[12, 19, 5, 9, 15]",5,0.172027290448343,377,571,5,0.10935672514619801,194,1
792,"(17,1)",,False,45,"[5, 17, 1, 2, 15]",6,0.18109161793372303,379,573,6,0.127534113060428,194,1
793,"(17,1)",,False,45,"[5, 17, 1, 2, 15]",6,0.18109161793372303,379,573,6,0.127534113060428,194,1
794,"(1,4)",,False,48,"[1, 4, 9, 11, 2]",6,0.160930103035366,381,575,7,0.12082985240879901,194,1
795,"(1,4)",,False,48,"[1, 4, 9, 11, 2]",6,0.160930103035366,381,575,7,0.12082985240879901,194,1
796,18:14,assassinate,True,42,"[9, 12, 19, 0, 18]",5,0.129197994987468,383,577,7,0.111278195488721,194,1
797,18:14,assassinate,True,42,"[9, 12, 19, 0, 18]",5,0.129197994987468,383,577,7,0.111278195488721,194,1
798,"(3,0)",,False,39,"[3, 8, 2, 0, 7]",4,0.118908382066276,385,579,5,0.064717348927875,194,1
799,"(3,0)",,False,39,"[3, 8, 2, 0, 7]",4,0.118908382066276,385,579,5,0.064717348927875,194,1
