,actionDetail,actionType,bonusActivated,graphEdgeCount,nodeList,p1Degree,p1Score,p1WinAdvantage,p1WinCount,p2Degree,p2Score,p2WinCount,player
0,"(19,16)",,False,2,"[19, 16, 10, 15, 17]",0,-0.001,0,0,0,-0.001,0,1
1,"(19,16)",,False,2,"[19, 16, 10, 15, 17]",0,-0.001,0,0,0,-0.001,0,1
2,"(9,1)",,False,4,"[9, 1, 12, 2, 10]",1,0.0,1,1,1,0.0,0,1
3,"(9,1)",,False,4,"[9, 1, 12, 2, 10]",1,0.0,1,1,1,0.0,0,1
4,"(19,16)",,False,4,"[15, 4, 19, 5, 16]",2,0.011695906432748001,3,3,1,0.0,0,1
5,"(19,16)",,False,4,"[15, 4, 19, 5, 16]",2,0.011695906432748001,3,3,1,0.0,0,1
6,"(7,18)",,False,6,"[7, 18, 10, 13, 4]",3,0.029239766081871003,5,5,1,0.0,0,1
7,"(7,18)",,False,6,"[7, 18, 10, 13, 4]",3,0.029239766081871003,5,5,1,0.0,0,1
8,"(12,7)",,False,8,"[12, 19, 7, 0, 3]",3,0.06432748538011601,7,7,1,0.0,0,1
9,"(12,7)",,False,8,"[12, 19, 7, 0, 3]",3,0.06432748538011601,7,7,1,0.0,0,1
10,"(12,13)",,False,10,"[10, 15, 12, 13, 6]",3,0.11111111111111101,9,9,1,0.0,0,1
11,"(12,13)",,False,10,"[10, 15, 12, 13, 6]",3,0.11111111111111101,9,9,1,0.0,0,1
12,11:4,assassinate,True,9,"[8, 9, 16, 11, 3]",3,0.070175438596491,11,11,1,0.0,0,1
13,11:4,assassinate,True,9,"[8, 9, 16, 11, 3]",3,0.070175438596491,11,11,1,0.0,0,1
14,"(10,4)",,False,11,"[10, 4, 11, 18, 0]",3,0.08479532163742601,13,13,1,0.0,0,1
15,"(10,4)",,False,11,"[10, 4, 11, 18, 0]",3,0.08479532163742601,13,13,1,0.0,0,1
16,"(10,4)",,False,11,"[16, 5, 19, 10, 4]",3,0.13157894736842102,15,15,1,0.0,0,1
17,"(10,4)",,False,11,"[16, 5, 19, 10, 4]",3,0.13157894736842102,15,15,1,0.0,0,1
18,"(2,13)",,False,13,"[2, 6, 18, 19, 13]",4,0.15204678362573001,17,17,1,0.0,0,1
19,"(2,13)",,False,13,"[2, 6, 18, 19, 13]",4,0.15204678362573001,17,17,1,0.0,0,1
20,"(17,2)",,False,15,"[6, 5, 17, 4, 2]",5,0.14619883040935602,19,19,1,0.0,0,1
21,"(17,2)",,False,15,"[6, 5, 17, 4, 2]",5,0.14619883040935602,19,19,1,0.0,0,1
22,"(2,5)",,False,17,"[11, 16, 2, 5, 10]",5,0.125730994152046,21,21,1,0.0,0,1
23,"(2,5)",,False,17,"[11, 16, 2, 5, 10]",5,0.125730994152046,21,21,1,0.0,0,1
24,"(0,3)",,False,17,"[0, 3, 6, 10, 5]",4,0.070175438596491,23,23,1,0.0,0,1
25,"(0,3)",,False,17,"[0, 3, 6, 10, 5]",4,0.070175438596491,23,23,1,0.0,0,1
26,"(2,12)",,False,19,"[2, 7, 0, 14, 12]",4,0.055555555555555004,25,25,1,0.0,0,1
27,"(2,12)",,False,19,"[2, 7, 0, 14, 12]",4,0.055555555555555004,25,25,1,0.0,0,1
28,"(1,4)",,False,19,"[17, 1, 4, 14, 18]",4,0.054580896686159,27,27,2,0.037037037037037,0,1
29,"(1,4)",,False,19,"[17, 1, 4, 14, 18]",4,0.054580896686159,27,27,2,0.037037037037037,0,1
30,"(18,9)",,False,21,"[11, 7, 18, 9, 14]",4,0.052534113060428,27,28,2,0.062865497076023,1,1
31,"(18,9)",,False,21,"[11, 7, 18, 9, 14]",4,0.052534113060428,27,28,2,0.062865497076023,1,1
32,"(12,2)",,False,23,"[12, 16, 0, 2, 4]",4,0.021345029239766,27,29,2,0.025341130604288,2,1
33,"(12,2)",,False,23,"[12, 16, 0, 2, 4]",4,0.021345029239766,27,29,2,0.025341130604288,2,1
34,"(1,3)",,False,25,"[6, 1, 3, 14, 17]",4,0.041033138401559005,27,30,3,0.118908382066276,3,1
35,"(1,3)",,False,25,"[6, 1, 3, 14, 17]",4,0.041033138401559005,27,30,3,0.118908382066276,3,1
36,"(9,16)",,True,27,"[18, 11, 9, 16, 19]",4,0.06569200779727001,25,30,3,0.143762183235867,5,1
37,"(9,16)",,True,27,"[18, 11, 9, 16, 19]",4,0.06569200779727001,25,30,3,0.143762183235867,5,1
38,"(4,17)",,False,25,"[16, 15, 4, 17, 1]",4,0.036062378167641004,23,30,2,0.105263157894736,7,1
39,"(4,17)",,False,25,"[16, 15, 4, 17, 1]",4,0.036062378167641004,23,30,2,0.105263157894736,7,1
40,"(18,1)",,False,27,"[18, 10, 19, 4, 1]",4,0.036062378167641004,21,30,3,0.202729044834307,9,1
41,"(18,1)",,False,27,"[18, 10, 19, 4, 1]",4,0.036062378167641004,21,30,3,0.202729044834307,9,1
42,"(2,8)",,False,27,"[17, 2, 9, 8, 15]",4,0.016569200779727,19,30,3,0.202729044834307,11,1
43,"(2,8)",,False,27,"[17, 2, 9, 8, 15]",4,0.016569200779727,19,30,3,0.202729044834307,11,1
44,"(1,19)",,True,29,"[5, 2, 1, 14, 19]",4,0.016569200779727,17,30,4,0.23538011695906402,13,1
45,"(1,19)",,True,29,"[5, 2, 1, 14, 19]",4,0.016569200779727,17,30,4,0.23538011695906402,13,1
46,"(19,6)",,False,27,"[13, 14, 19, 7, 6]",4,0.11208576998050601,15,30,4,0.29239766081871305,15,1
47,"(19,6)",,False,27,"[13, 14, 19, 7, 6]",4,0.11208576998050601,15,30,4,0.29239766081871305,15,1
48,"(5,9)",,False,29,"[5, 9, 15, 16, 14]",4,0.051656920077972006,13,30,4,0.20857699805068203,17,1
49,"(5,9)",,False,29,"[5, 9, 15, 16, 14]",4,0.051656920077972006,13,30,4,0.20857699805068203,17,1
50,"(10,3)",,False,31,"[10, 3, 13, 14, 12]",4,0.055973266499582,11,30,4,0.16388192703982102,19,1
51,"(10,3)",,False,31,"[10, 3, 13, 14, 12]",4,0.055973266499582,11,30,4,0.16388192703982102,19,1
52,"(1,6)",,True,33,"[1, 3, 6, 17, 9]",4,0.048732943469785,9,30,5,0.13499025341130602,21,1
53,"(1,6)",,True,33,"[1, 3, 6, 17, 9]",4,0.048732943469785,9,30,5,0.13499025341130602,21,1
54,"(3,5)",,False,33,"[8, 9, 3, 5, 13]",4,0.049707602339181006,7,30,5,0.137621832358674,23,1
55,"(3,5)",,False,33,"[8, 9, 3, 5, 13]",4,0.049707602339181006,7,30,5,0.137621832358674,23,1
56,"(19,18)",,True,33,"[19, 0, 7, 9, 18]",5,0.11686159844054501,5,30,5,0.18596491228070103,25,1
57,"(19,18)",,True,33,"[19, 0, 7, 9, 18]",5,0.11686159844054501,5,30,5,0.18596491228070103,25,1
58,12:10,assassinate,True,27,"[5, 18, 6, 4, 12]",5,0.122807017543859,5,31,4,0.15399610136452202,26,1
59,12:10,assassinate,True,27,"[5, 18, 6, 4, 12]",5,0.122807017543859,5,31,4,0.15399610136452202,26,1
60,"(10,5)",,False,29,"[10, 5, 19, 7, 6]",5,0.11306042884990201,7,33,4,0.092592592592592,26,1
61,"(10,5)",,False,29,"[10, 5, 19, 7, 6]",5,0.11306042884990201,7,33,4,0.092592592592592,26,1
62,17:4,assassinate,True,26,"[14, 17, 0, 9, 12]",4,0.143274853801169,9,35,4,0.088693957115009,26,1
63,17:4,assassinate,True,26,"[14, 17, 0, 9, 12]",4,0.143274853801169,9,35,4,0.088693957115009,26,1
64,"(4,19)",,False,26,"[15, 3, 4, 19, 8]",4,0.145224171539961,11,37,4,0.11695906432748501,26,1
65,"(4,19)",,False,26,"[15, 3, 4, 19, 8]",4,0.145224171539961,11,37,4,0.11695906432748501,26,1
66,"(3,15)",,False,28,"[16, 10, 3, 15, 12]",4,0.130409356725146,13,39,4,0.122807017543859,26,1
67,"(3,15)",,False,28,"[16, 10, 3, 15, 12]",4,0.130409356725146,13,39,4,0.122807017543859,26,1
68,13:6,assassinate,True,26,"[10, 8, 13, 15, 7]",3,0.10818713450292301,13,40,4,0.12475633528265101,27,1
69,13:6,assassinate,True,26,"[10, 8, 13, 15, 7]",3,0.10818713450292301,13,40,4,0.12475633528265101,27,1
70,2:10,assassinate,True,20,"[15, 2, 1, 9, 13]",2,0.022417153996101002,13,41,4,0.16569200779727,28,1
71,2:10,assassinate,True,20,"[15, 2, 1, 9, 13]",2,0.022417153996101002,13,41,4,0.16569200779727,28,1
72,"(4,2)",,False,22,"[4, 0, 2, 13, 14]",2,0.022417153996101002,11,41,4,0.13645224171539902,30,1
73,"(4,2)",,False,22,"[4, 0, 2, 13, 14]",2,0.022417153996101002,11,41,4,0.13645224171539902,30,1
74,"(19,3)",,False,24,"[11, 19, 3, 5, 16]",3,0.105263157894736,11,42,4,0.129629629629629,31,1
75,"(19,3)",,False,24,"[11, 19, 3, 5, 16]",3,0.105263157894736,11,42,4,0.129629629629629,31,1
76,"(18,12)",,False,24,"[18, 12, 10, 11, 17]",3,0.096491228070175,11,43,4,0.12085769980506801,32,1
77,"(18,12)",,False,24,"[18, 12, 10, 11, 17]",3,0.096491228070175,11,43,4,0.12085769980506801,32,1
78,"(1,17)",,True,26,"[14, 8, 1, 19, 17]",3,0.09064327485380101,11,44,5,0.135477582846003,33,1
79,"(1,17)",,True,26,"[14, 8, 1, 19, 17]",3,0.09064327485380101,11,44,5,0.135477582846003,33,1
